1,72,0.965597,320,203,362,265,
2,72,0.925714,316,204,360,266,
3,72,0.953740,317,204,363,265,
4,72,0.933916,317,204,361,266,
5,72,0.947448,317,204,362,265,
6,72,0.912311,318,204,361,265,
7,72,0.947456,317,204,360,265,
8,72,0.948768,317,203,362,265,
9,72,0.913648,319,205,360,264,
10,72,0.931821,318,204,362,266,
11,72,0.947836,317,204,361,267,
12,72,0.939108,317,204,361,268,
13,72,0.950386,317,203,362,265,
14,72,0.963900,320,204,361,263,
15,72,0.935529,320,203,361,264,
16,72,0.967960,321,203,361,264,
17,72,0.968787,319,204,361,264,
18,72,0.958094,320,203,362,266,
19,72,0.938275,319,204,361,264,
20,72,0.971287,316,204,361,265,
21,72,0.964103,316,203,361,266,
22,72,0.950593,319,204,361,265,
23,72,0.898258,319,204,361,264,
24,72,0.928471,318,204,361,262,
25,72,0.962035,319,204,361,264,
26,72,0.931253,321,203,362,265,
27,72,0.936771,297,206,361,274,
28,72,0.951652,320,204,362,263,
29,72,0.923725,319,204,363,265,
30,72,0.927913,319,205,361,263,
31,72,0.966998,320,203,361,265,
32,72,0.962353,316,205,360,267,
33,72,0.937975,320,205,361,264,
34,72,0.955359,319,204,361,262,
35,72,0.962359,319,204,362,264,
36,72,0.954524,318,204,362,265,
37,72,0.954574,317,205,361,265,
38,72,0.941126,319,204,361,264,
39,72,0.948750,316,204,362,268,
40,72,0.940339,319,204,361,265,
41,72,0.942209,319,204,361,263,
42,72,0.899651,322,204,361,263,
43,72,0.941999,320,204,362,263,
44,72,0.947644,319,205,361,263,
45,72,0.884890,318,204,360,266,
46,72,0.916965,316,205,361,264,
47,72,0.922050,322,204,361,263,
48,72,0.900016,318,204,360,265,
49,72,0.885446,320,203,361,263,
50,72,0.929505,318,203,360,268,
51,72,0.919390,321,204,361,266,
52,72,0.926497,317,205,361,265,
53,72,0.902305,321,204,362,264,
54,72,0.899827,317,204,361,266,
55,72,0.860914,321,205,361,264,
56,72,0.920328,319,204,362,264,
57,72,0.786655,317,206,361,266,
58,72,0.771053,318,206,362,266,
59,72,0.664327,320,206,361,265,
60,72,0.766549,316,205,360,268,
65,72,0.610580,319,204,359,267,
67,72,0.617571,317,204,360,265,
81,72,0.600019,301,208,360,275,
84,72,0.836448,288,211,360,277,
88,72,0.613458,297,210,358,277,
95,72,0.543393,300,207,360,276,
99,72,0.731263,288,211,357,276,
104,72,0.663206,294,209,357,277,
105,72,0.681558,288,210,357,275,
106,72,0.562883,298,210,356,276,
107,72,0.604195,317,206,357,267,
108,72,0.863613,286,210,357,276,
109,72,0.880980,287,210,358,275,
110,72,0.777131,291,209,359,276,
112,72,0.654661,297,210,357,277,
113,72,0.563582,289,213,354,277,
115,72,0.659575,292,210,356,276,
116,72,0.511374,311,208,361,273,
118,72,0.797165,289,212,357,278,
120,72,0.627950,298,209,358,275,
121,72,0.767662,290,213,356,277,
122,72,0.687941,279,212,357,279,
125,72,0.590687,291,210,356,276,
126,72,0.710993,307,208,359,274,
131,72,0.517287,318,205,361,268,
132,72,0.545553,318,204,362,267,
133,72,0.585996,319,204,363,266,
134,72,0.541351,300,210,358,276,
139,72,0.570678,315,204,361,270,
140,72,0.546195,290,209,357,276,
146,73,0.793970,275,209,354,278,
147,33,0.502887,270,208,361,278,
148,72,0.580005,282,208,358,280,
149,73,0.655402,271,213,355,279,
512,72,0.645508,291,210,359,276,
513,72,0.568887,316,204,363,267,
514,72,0.675544,316,204,360,266,
515,72,0.934211,316,204,363,266,
516,72,0.847007,317,205,360,264,
517,72,0.826550,316,205,360,265,
518,72,0.832362,320,204,360,267,
519,72,0.901187,319,204,361,263,
520,72,0.942440,320,205,360,263,
521,72,0.950551,319,203,361,266,
522,72,0.908238,319,204,361,264,
523,72,0.925659,316,205,364,266,
524,72,0.907088,320,205,361,263,
525,72,0.965707,319,204,361,265,
526,72,0.965264,317,204,360,267,
527,72,0.962869,318,205,361,263,
528,72,0.970674,318,204,361,265,
529,72,0.948558,320,204,361,265,
530,72,0.948710,320,205,360,262,
531,72,0.973089,318,203,361,264,
532,72,0.931170,320,205,361,265,
533,72,0.967509,318,205,362,264,
534,72,0.967785,318,205,361,265,
535,72,0.949924,320,205,361,265,
536,72,0.952542,319,204,363,266,
537,72,0.962267,318,204,362,267,
538,72,0.974609,318,204,362,264,
539,72,0.953277,319,203,361,265,
540,72,0.959342,317,205,362,268,
541,72,0.924941,320,205,361,265,
542,72,0.964631,318,205,361,264,
543,72,0.956736,317,204,361,265,
544,72,0.959215,320,204,361,265,
545,72,0.961250,318,204,362,264,
546,72,0.981884,319,204,361,264,
547,72,0.975596,318,204,361,264,
548,72,0.936335,319,205,360,267,
549,72,0.947749,317,204,361,266,
550,72,0.963509,318,204,361,266,
551,72,0.937948,316,205,361,267,
552,72,0.955239,318,205,361,264,
553,72,0.970740,320,204,361,264,
554,72,0.952368,319,205,361,265,
555,72,0.960950,319,204,361,264,
556,72,0.961835,319,204,360,265,
557,72,0.951503,320,205,360,263,
