1,62,0.995805,508,273,638,422,
2,62,0.992545,510,275,639,418,
3,62,0.993799,508,279,637,420,
4,62,0.993831,514,277,635,420,
5,62,0.994118,508,275,636,420,
6,62,0.994778,507,274,634,420,
7,62,0.992543,509,275,637,420,
8,62,0.988798,504,274,638,422,
9,62,0.995243,507,277,639,420,
10,62,0.993161,506,274,637,422,
11,62,0.993674,506,275,636,422,
12,62,0.993562,512,275,635,420,
13,62,0.989828,508,276,637,415,
14,62,0.994416,509,276,635,418,
15,62,0.991301,504,273,636,422,
16,62,0.993513,511,276,637,419,
17,62,0.994324,508,275,636,423,
18,62,0.994726,506,273,637,422,
19,62,0.993178,508,275,636,421,
20,62,0.994597,509,275,634,422,
21,62,0.994958,506,274,636,422,
22,62,0.994231,510,276,635,421,
23,62,0.992302,508,273,636,421,
24,62,0.994140,507,275,637,420,
25,62,0.995927,507,275,637,422,
26,62,0.993185,510,276,639,420,
27,62,0.992649,507,277,637,420,
28,62,0.992605,512,273,638,421,
29,62,0.989640,509,275,638,421,
30,62,0.991908,507,274,636,422,
31,62,0.993661,507,276,638,420,
32,62,0.993996,509,271,638,420,
33,62,0.992558,511,276,636,422,
34,62,0.996765,508,276,639,420,
35,62,0.985023,509,275,638,422,
36,62,0.993625,510,276,637,421,
37,62,0.994106,510,278,638,418,
38,62,0.989197,508,275,640,421,
39,62,0.994380,508,275,636,423,
40,62,0.994177,506,276,639,423,
41,62,0.990063,508,276,639,422,
42,62,0.991522,511,275,636,420,
43,62,0.991789,508,277,638,421,
44,62,0.995624,510,277,637,421,
45,62,0.993880,509,274,637,421,
46,62,0.996029,508,275,637,419,
47,62,0.994896,506,278,640,421,
48,62,0.989324,506,275,637,422,
49,62,0.995539,507,276,637,420,
50,62,0.988083,508,272,639,422,
51,62,0.994786,510,273,635,420,
52,62,0.994402,508,276,638,420,
53,62,0.994495,505,274,638,422,
54,62,0.993493,503,278,637,421,
55,62,0.995192,507,275,638,420,
56,62,0.994517,508,276,636,423,
57,62,0.993596,505,273,635,422,
58,62,0.993669,510,277,637,420,
59,62,0.994349,510,277,636,423,
60,62,0.993101,507,276,637,422,
61,62,0.990164,507,273,639,420,
62,62,0.994901,509,273,638,420,
63,62,0.994456,508,276,637,422,
64,62,0.992380,511,276,637,420,
65,62,0.991554,509,274,636,421,
66,62,0.993153,509,275,635,421,
67,62,0.993569,508,275,637,421,
68,62,0.991827,510,274,635,423,
69,62,0.995235,506,279,638,421,
70,62,0.991423,511,273,638,422,
71,62,0.991951,507,276,637,419,
72,62,0.994838,513,274,635,422,
73,62,0.991698,506,273,637,421,
74,62,0.989329,508,273,639,421,
75,62,0.993768,510,279,636,421,
76,62,0.993572,508,277,637,420,
77,62,0.995752,510,275,635,422,
78,62,0.992128,509,277,637,421,
79,62,0.990990,505,273,638,420,
80,62,0.990945,505,275,637,420,
81,62,0.992711,507,278,638,420,
82,62,0.991647,507,275,637,421,
83,62,0.992558,509,275,637,423,
84,62,0.994616,508,278,636,419,
85,62,0.992496,508,275,636,422,
86,62,0.991931,507,274,638,420,
87,62,0.996187,506,276,637,423,
88,62,0.992664,504,274,636,421,
89,62,0.990056,506,273,640,423,
90,62,0.987521,507,275,637,419,
91,62,0.996031,510,277,638,420,
92,62,0.996132,512,274,635,421,
93,62,0.993371,508,277,636,421,
94,62,0.987934,510,276,637,420,
95,62,0.992267,506,272,635,423,
96,62,0.996159,510,274,635,422,
97,62,0.993514,508,275,635,422,
98,62,0.993059,511,275,637,423,
99,62,0.990557,508,276,637,422,
100,62,0.994045,507,275,636,422,
101,62,0.992904,511,277,637,422,
102,62,0.993891,508,278,636,419,
103,62,0.991411,508,274,639,422,
104,62,0.995652,510,274,635,420,
105,62,0.994671,507,276,637,419,
106,62,0.994969,510,276,636,421,
107,62,0.994641,508,275,637,421,
108,62,0.995844,509,275,635,422,
109,62,0.990830,507,275,635,420,
110,62,0.995892,506,278,638,421,
111,62,0.994122,505,273,638,420,
112,62,0.992583,508,276,639,421,
113,62,0.993038,509,275,637,422,
114,62,0.994147,505,274,638,421,
115,62,0.993647,507,279,638,419,
116,62,0.993955,509,274,638,422,
117,62,0.995988,511,276,636,421,
118,62,0.994850,510,276,636,421,
119,62,0.992146,505,273,638,421,
120,62,0.992478,509,275,634,421,
121,62,0.994880,511,278,636,421,
122,62,0.993534,509,278,636,422,
123,62,0.993198,507,276,636,422,
124,62,0.991882,505,275,639,419,
125,62,0.994934,508,279,637,422,
126,62,0.994624,505,274,636,423,
127,62,0.993783,508,275,637,422,
128,62,0.992618,503,271,638,423,
129,62,0.993917,509,274,639,420,
130,62,0.991223,507,274,636,423,
131,62,0.993888,511,278,637,421,
132,62,0.994049,512,274,635,420,
133,62,0.995886,511,277,638,420,
134,62,0.993832,509,277,638,419,
135,62,0.994710,506,274,637,420,
136,62,0.995267,509,276,636,420,
137,62,0.994054,509,276,636,422,
138,62,0.994141,509,275,637,421,
139,62,0.993117,507,277,635,418,
140,62,0.994899,506,276,639,421,
141,62,0.991265,508,275,637,420,
142,62,0.993453,511,278,637,421,
143,62,0.993578,509,279,636,422,
144,62,0.992230,507,275,639,422,
145,62,0.993561,514,275,636,421,
146,62,0.992028,507,274,640,421,
147,62,0.993264,512,274,636,420,
148,62,0.993182,507,275,636,422,
149,62,0.993489,508,275,637,422,
150,62,0.996081,504,275,638,421,
151,62,0.990316,509,275,635,423,
152,62,0.993371,512,278,636,423,
153,62,0.992680,508,276,636,418,
154,62,0.994601,512,275,636,419,
155,62,0.980684,508,274,637,422,
156,62,0.984954,505,275,637,420,
157,62,0.996443,513,274,635,420,
158,62,0.991398,510,279,636,423,
159,62,0.995714,510,276,638,420,
160,62,0.991270,510,278,637,420,
161,62,0.993712,510,275,637,420,
162,62,0.994249,509,275,635,423,
163,62,0.995226,508,276,636,422,
164,62,0.993580,511,274,639,423,
165,62,0.991343,509,274,639,421,
166,62,0.993572,510,274,637,421,
167,62,0.992182,507,276,637,421,
168,62,0.992568,509,273,636,420,
169,62,0.995613,507,275,637,422,
170,62,0.995282,511,275,637,422,
171,62,0.994769,509,274,635,422,
172,62,0.995571,509,276,635,422,
173,62,0.993880,508,274,636,423,
174,62,0.993943,506,275,637,421,
175,62,0.991212,513,275,636,420,
176,62,0.992961,511,275,636,422,
177,62,0.993546,506,275,637,423,
178,62,0.994047,510,278,637,422,
179,62,0.992612,510,277,636,423,
180,62,0.994870,509,277,636,421,
181,62,0.991482,507,278,638,419,
182,62,0.993062,506,274,638,420,
183,62,0.988788,508,275,640,423,
184,62,0.993580,511,276,636,423,
185,62,0.991461,509,276,635,422,
186,62,0.990381,509,274,635,423,
187,62,0.991584,509,277,639,421,
188,62,0.993713,509,278,639,421,
189,62,0.994570,507,274,638,421,
190,62,0.994916,508,273,634,421,
191,62,0.993739,512,274,636,422,
192,62,0.994699,507,274,636,419,
193,62,0.995489,509,274,636,421,
194,62,0.991631,509,278,638,422,
195,62,0.995146,513,276,636,422,
196,62,0.994386,506,275,638,421,
197,62,0.992295,513,275,636,421,
198,62,0.993285,508,276,639,419,
199,62,0.993978,511,276,636,419,
200,62,0.992988,509,274,637,422,
201,62,0.992581,507,275,640,418,
202,62,0.992126,507,276,638,424,
203,62,0.993480,509,274,637,421,
204,62,0.991189,507,273,638,418,
205,62,0.994880,506,274,637,422,
206,62,0.994440,505,274,637,423,
207,62,0.994945,508,273,638,422,
208,62,0.995773,509,277,636,422,
209,62,0.991788,503,275,639,417,
210,62,0.993480,506,276,637,419,
211,62,0.993313,512,277,637,422,
212,62,0.994292,506,276,638,422,
213,62,0.991276,506,274,637,419,
214,62,0.993955,506,275,636,421,
215,62,0.988427,507,273,634,419,
216,62,0.992872,505,273,638,422,
217,62,0.993938,510,274,636,419,
218,62,0.994697,507,277,636,420,
219,62,0.992207,509,279,638,421,
220,62,0.990371,506,278,639,422,
221,62,0.997167,509,275,636,421,
222,62,0.996538,510,273,636,420,
223,62,0.992997,504,274,635,422,
224,62,0.993561,508,275,638,422,
225,62,0.994289,511,274,636,421,
226,62,0.995261,509,276,637,418,
227,62,0.991575,509,278,638,421,
228,62,0.995333,515,277,634,421,
229,62,0.993317,512,276,635,423,
230,62,0.994662,506,277,636,421,
231,62,0.993361,510,275,637,423,
232,62,0.993600,507,276,636,422,
233,62,0.992364,513,277,638,420,
234,62,0.995752,504,276,636,420,
235,62,0.994509,509,275,639,422,
236,62,0.992704,509,274,636,422,
237,62,0.993932,509,274,637,422,
238,62,0.993117,508,276,639,422,
239,62,0.991211,506,276,640,421,
240,62,0.990218,507,269,639,423,
241,62,0.994474,509,278,639,421,
242,62,0.994037,506,276,638,421,
243,62,0.990396,509,274,635,421,
244,62,0.992861,506,273,638,421,
245,62,0.995039,510,275,636,422,
246,62,0.994434,508,278,637,422,
247,62,0.995159,509,275,635,422,
248,62,0.995360,506,276,636,420,
249,62,0.991621,506,274,640,422,
250,62,0.992938,506,273,637,422,
251,62,0.995341,509,274,635,421,
252,62,0.989923,509,278,638,421,
253,62,0.996503,506,276,638,420,
254,62,0.989363,503,273,637,424,
255,62,0.992976,508,279,636,422,
256,62,0.994424,506,275,637,420,
257,62,0.991224,506,274,635,418,
258,62,0.992050,507,272,640,421,
259,62,0.988146,509,273,638,421,
260,62,0.993956,509,276,637,420,
261,62,0.992232,512,276,639,421,
262,62,0.994909,510,278,637,422,
263,62,0.994963,507,275,637,421,
264,62,0.996110,508,276,640,421,
265,62,0.989971,505,276,637,421,
266,62,0.995742,509,274,640,421,
267,62,0.995392,503,278,638,420,
268,62,0.994611,506,275,638,422,
269,62,0.993150,508,274,636,421,
270,62,0.994096,509,276,639,422,
271,62,0.994153,510,275,637,422,
272,62,0.995251,508,275,635,423,
273,62,0.992388,510,274,637,420,
274,62,0.993495,507,276,636,422,
275,62,0.994988,510,276,637,420,
276,62,0.993281,509,273,638,422,
277,62,0.993140,509,273,637,422,
278,62,0.995798,505,274,638,421,
279,62,0.995325,513,274,635,423,
280,62,0.993709,510,275,638,422,
281,62,0.993284,513,275,636,421,
282,62,0.994693,507,276,638,421,
283,62,0.990936,505,276,638,419,
284,62,0.993582,511,275,636,424,
285,62,0.995615,505,275,637,421,
286,62,0.991950,510,275,638,424,
287,62,0.991228,501,275,640,421,
288,62,0.993857,507,277,638,421,
289,62,0.990945,509,276,637,421,
290,62,0.993061,507,275,639,420,
291,62,0.992504,508,273,638,421,
292,62,0.995345,506,277,637,420,
293,62,0.993944,506,273,637,420,
294,62,0.992063,509,278,636,419,
295,62,0.991893,508,275,635,422,
296,62,0.990778,504,273,636,423,
297,62,0.996072,511,279,637,422,
298,62,0.993283,513,276,636,420,
299,62,0.993695,507,275,637,421,
300,62,0.994603,509,278,639,421,
301,62,0.994778,510,276,636,420,
302,62,0.989490,507,275,637,421,
303,62,0.989674,505,272,637,421,
304,62,0.994379,512,274,636,420,
305,62,0.992880,509,276,640,419,
306,62,0.993762,508,275,638,421,
307,62,0.995375,512,274,636,421,
308,62,0.993283,506,276,635,421,
309,62,0.990298,512,275,635,421,
310,62,0.994531,505,274,638,419,
311,62,0.994630,513,274,635,421,
312,62,0.995637,507,275,639,421,
313,62,0.993837,510,278,637,421,
314,62,0.991904,507,275,638,422,
315,62,0.995967,509,278,637,421,
316,62,0.993537,505,278,637,421,
317,62,0.992063,507,276,636,422,
318,62,0.994297,510,278,636,422,
319,62,0.993156,506,275,635,422,
320,62,0.989239,506,274,638,420,
321,62,0.995857,509,276,637,423,
322,62,0.992532,507,275,636,422,
323,62,0.987594,508,277,638,421,
324,62,0.996740,507,274,636,420,
325,62,0.993659,511,274,639,420,
326,62,0.993460,510,276,636,421,
327,62,0.992949,510,276,636,421,
328,62,0.993082,510,276,636,421,
329,62,0.993551,507,279,636,419,
330,62,0.994845,511,276,634,423,
331,62,0.992746,506,274,638,421,
332,62,0.992589,506,276,636,418,
333,62,0.988567,506,271,640,420,
334,62,0.993482,510,274,636,422,
335,62,0.992991,507,275,636,422,
336,62,0.993775,510,274,636,421,
337,62,0.990211,508,277,635,422,
338,62,0.993123,508,274,638,422,
339,62,0.992766,507,277,637,419,
340,62,0.993909,506,277,639,421,
341,62,0.992115,512,275,639,422,
342,62,0.993597,509,275,637,422,
343,62,0.994076,509,274,636,420,
344,62,0.993936,511,277,639,421,
345,62,0.993474,506,273,637,420,
346,62,0.993455,509,276,637,420,
347,62,0.993876,511,275,637,419,
348,62,0.993379,506,275,638,422,
349,62,0.993345,508,273,636,419,
350,62,0.995267,508,277,637,421,
351,62,0.993630,506,276,636,420,
352,62,0.988021,508,274,635,421,
353,62,0.995737,511,274,638,422,
354,62,0.995915,512,276,635,421,
355,62,0.995247,507,277,637,422,
356,62,0.983430,511,273,640,419,
357,62,0.990337,509,275,638,422,
358,62,0.994557,510,276,635,421,
359,62,0.992154,507,273,638,421,
360,62,0.994123,509,277,637,419,
361,62,0.995954,506,276,637,419,
362,62,0.993551,507,276,635,422,
363,62,0.990944,507,276,637,423,
364,62,0.991905,508,276,639,421,
365,62,0.994722,506,276,637,417,
366,62,0.991822,507,274,638,422,
367,62,0.994573,508,276,634,419,
368,62,0.992381,510,277,635,419,
369,62,0.995222,507,277,637,423,
370,62,0.995039,510,278,636,421,
371,62,0.992854,507,276,637,421,
372,62,0.995036,509,275,637,422,
373,62,0.987823,506,277,638,421,
374,62,0.994521,508,274,636,421,
375,62,0.994064,506,274,636,421,
376,62,0.990855,505,275,638,421,
377,62,0.994977,510,278,635,422,
378,62,0.992279,508,274,639,421,
379,62,0.993415,508,276,638,421,
380,62,0.993809,507,278,636,418,
381,62,0.994247,508,275,637,423,
382,62,0.993669,508,276,638,418,
383,62,0.995136,507,279,638,421,
384,62,0.993923,508,276,637,420,
385,62,0.995279,506,275,637,421,
386,62,0.992639,507,274,636,421,
387,62,0.993609,510,275,636,421,
388,62,0.994672,510,277,635,421,
389,62,0.989986,508,274,637,424,
390,62,0.995180,508,275,637,422,
391,62,0.996556,507,275,638,421,
392,62,0.993321,509,276,638,419,
393,62,0.993662,509,273,636,421,
394,62,0.993526,507,276,635,422,
395,62,0.992619,506,275,637,421,
396,62,0.992411,511,275,638,418,
397,62,0.995429,507,276,636,422,
398,62,0.995724,504,275,639,421,
399,62,0.992708,509,271,638,419,
400,62,0.993033,510,277,638,422,
401,62,0.991907,507,275,638,423,
402,62,0.993408,508,274,636,422,
403,62,0.993558,508,274,636,423,
404,62,0.994101,508,277,640,420,
405,62,0.995756,507,277,638,420,
406,62,0.992663,514,274,636,420,
407,62,0.993006,512,275,635,421,
408,62,0.993990,510,276,635,421,
409,62,0.993089,513,274,636,422,
410,62,0.988455,507,273,638,420,
411,62,0.994126,509,275,638,416,
412,62,0.995002,510,277,637,419,
413,62,0.994086,506,276,636,418,
414,62,0.991889,508,275,635,422,
415,62,0.994515,507,278,636,422,
416,62,0.989856,509,277,637,422,
417,62,0.994461,509,273,637,423,
418,62,0.996265,508,274,636,422,
419,62,0.992699,507,274,637,422,
420,62,0.989352,508,274,637,421,
421,62,0.993542,507,271,637,421,
422,62,0.992785,510,275,635,419,
423,62,0.995472,507,273,638,421,
424,62,0.995141,512,273,637,422,
425,62,0.989905,507,279,638,422,
426,62,0.990105,508,274,640,422,
427,62,0.994478,512,276,636,420,
428,62,0.991058,510,274,638,421,
429,62,0.993591,508,276,636,418,
430,62,0.993980,509,274,637,422,
431,62,0.992678,507,275,637,419,
432,62,0.993258,509,274,638,420,
433,62,0.989920,505,275,634,417,
434,62,0.994434,509,275,635,422,
435,62,0.991534,508,276,635,418,
436,62,0.994785,509,275,636,420,
437,62,0.994573,507,276,639,420,
438,62,0.993835,506,274,637,421,
439,62,0.994233,510,278,637,418,
440,62,0.995167,509,276,637,420,
441,62,0.995050,510,275,636,422,
442,62,0.993344,506,276,637,420,
443,62,0.995386,511,273,634,422,
444,62,0.997221,508,274,637,421,
445,62,0.995305,511,276,637,418,
446,62,0.994229,511,275,635,422,
447,62,0.994505,505,274,638,422,
448,62,0.993179,511,273,635,421,
449,62,0.990485,509,275,637,421,
450,62,0.995626,509,276,634,422,
451,62,0.995052,508,276,638,422,
452,62,0.994456,511,277,635,421,
453,62,0.996202,509,273,637,420,
454,62,0.993638,510,278,639,421,
455,62,0.992630,506,274,636,422,
456,62,0.995985,507,275,637,423,
457,62,0.995621,509,273,636,420,
458,62,0.993262,509,276,637,421,
459,62,0.994721,506,275,637,422,
460,62,0.985802,508,275,639,421,
461,62,0.996392,509,276,635,422,
462,62,0.995048,509,275,638,422,
463,62,0.994881,508,274,636,421,
464,62,0.993584,508,276,638,423,
465,62,0.992227,510,278,639,421,
466,62,0.994317,511,277,637,421,
467,62,0.993484,512,274,635,420,
468,62,0.991025,508,275,637,421,
469,62,0.995766,507,275,635,418,
470,62,0.994317,506,277,638,421,
471,62,0.994846,510,279,636,423,
472,62,0.991876,510,273,636,421,
473,62,0.993923,508,276,637,420,
474,62,0.991355,514,275,637,422,
475,62,0.993555,506,273,635,425,
476,62,0.991597,508,279,636,420,
477,62,0.993231,506,274,637,422,
478,62,0.995520,507,273,640,421,
479,62,0.993061,509,277,638,422,
480,62,0.994474,508,275,638,420,
481,62,0.992055,512,275,635,422,
482,62,0.991767,510,275,637,421,
483,62,0.988866,512,276,638,422,
484,62,0.992832,512,274,633,422,
485,62,0.995145,514,274,637,419,
486,62,0.993086,508,277,635,421,
487,62,0.994135,510,276,637,422,
488,62,0.987557,511,274,636,422,
489,62,0.993791,508,273,637,421,
490,62,0.992323,507,273,639,419,
491,62,0.983754,503,276,638,419,
492,62,0.995140,506,275,637,423,
493,62,0.995303,506,276,638,420,
494,62,0.993332,508,277,637,421,
495,62,0.994852,506,277,640,422,
496,62,0.993703,509,275,636,421,
497,62,0.991248,510,274,638,423,
498,62,0.991777,507,276,640,420,
499,62,0.993926,509,276,636,421,
500,62,0.991738,508,275,636,422,
501,62,0.995407,507,276,637,421,
502,62,0.991491,508,277,637,421,
503,62,0.993475,510,274,638,419,
504,62,0.991681,508,275,637,420,
505,62,0.995538,509,277,634,419,
506,62,0.994132,509,277,638,422,
507,62,0.992794,511,274,637,422,
508,62,0.992633,505,276,636,421,
509,62,0.993144,507,277,636,420,
510,62,0.992322,508,275,638,419,
511,62,0.994253,507,273,635,421,
512,62,0.991245,506,274,636,422,
513,62,0.993216,510,275,636,420,
514,62,0.995144,509,275,638,420,
515,62,0.991590,509,275,637,423,
516,62,0.996411,513,276,634,422,
517,62,0.995535,511,275,635,419,
518,62,0.991731,509,275,637,419,
519,62,0.995360,513,273,637,419,
520,62,0.992692,509,275,637,424,
521,62,0.992770,508,276,636,420,
522,62,0.994129,512,274,638,420,
523,62,0.991946,508,276,636,421,
524,62,0.986256,510,276,639,422,
525,62,0.990791,505,276,640,422,
526,62,0.996322,507,278,636,418,
527,62,0.994115,510,276,635,422,
528,62,0.993020,508,279,639,422,
529,62,0.992476,508,276,637,421,
530,62,0.992617,511,275,637,422,
531,62,0.990104,509,275,636,422,
532,62,0.994315,510,275,635,422,
533,62,0.995209,508,277,636,421,
534,62,0.993911,510,277,635,418,
535,62,0.994495,510,275,636,423,
536,62,0.995097,508,275,636,422,
537,62,0.994031,512,274,638,420,
538,62,0.991997,506,279,640,420,
539,62,0.992938,512,274,635,421,
540,62,0.991730,509,275,636,423,
541,62,0.992463,506,276,640,420,
542,62,0.992876,506,276,637,420,
543,62,0.993876,509,277,636,422,
544,62,0.990844,507,274,638,422,
545,62,0.994040,510,276,637,422,
546,62,0.993374,509,274,636,421,
547,62,0.993224,511,277,636,421,
548,62,0.992248,508,275,637,420,
549,62,0.991174,506,272,637,421,
550,62,0.990470,508,276,638,422,
551,62,0.990577,511,274,637,420,
552,62,0.993794,507,275,637,420,
553,62,0.995208,506,275,639,421,
554,62,0.995403,510,277,636,419,
555,62,0.993378,510,275,636,423,
556,62,0.984982,505,276,638,420,
557,62,0.995868,507,274,637,421,
558,62,0.993911,504,273,639,420,
559,62,0.993695,508,275,637,421,
560,62,0.994127,513,274,635,422,
561,62,0.994682,508,277,638,421,
562,62,0.993579,512,276,638,424,
563,62,0.986696,509,274,638,421,
564,62,0.990087,509,277,637,422,
565,62,0.994619,508,274,636,422,
566,62,0.994452,509,275,636,420,
567,62,0.991244,509,276,640,421,
568,62,0.992495,508,277,638,420,
569,62,0.991431,504,276,635,423,
570,62,0.994732,510,278,636,419,
571,62,0.994770,506,274,636,420,
572,62,0.992264,508,276,640,420,
573,62,0.994121,511,277,637,421,
574,62,0.993663,508,273,636,421,
575,62,0.989674,513,276,636,420,
576,62,0.994674,512,276,634,421,
577,62,0.991781,509,276,636,422,
578,62,0.991607,510,275,638,422,
579,62,0.995075,506,278,639,420,
580,62,0.995624,509,277,634,419,
581,62,0.995700,508,274,636,420,
582,62,0.993063,508,274,637,418,
583,62,0.994920,508,277,637,417,
584,62,0.993376,510,276,635,420,
585,62,0.992437,509,276,639,422,
586,62,0.991255,511,277,637,423,
587,62,0.994506,509,277,637,420,
588,62,0.992914,516,277,637,422,
589,62,0.994048,512,275,634,422,
590,62,0.994777,511,273,636,422,
591,62,0.990336,510,277,637,419,
592,62,0.993449,505,276,636,418,
593,62,0.993581,509,276,637,422,
594,62,0.994991,510,275,638,420,
595,62,0.992785,508,274,637,422,
596,62,0.991038,506,275,637,422,
597,62,0.993589,510,274,637,422,
598,62,0.994321,509,275,635,420,
599,62,0.993756,505,276,637,420,
600,62,0.995238,508,277,636,418,
601,62,0.991850,510,274,634,419,
602,62,0.993029,512,277,639,421,
603,62,0.992709,507,273,640,421,
604,62,0.995703,507,278,635,418,
605,62,0.990373,509,273,638,423,
606,62,0.996300,506,277,636,418,
607,62,0.991845,506,273,639,420,
608,62,0.993974,509,274,636,422,
609,62,0.988199,508,276,639,421,
610,62,0.997261,513,275,635,421,
611,62,0.993783,513,275,635,423,
612,62,0.991269,510,271,638,420,
613,62,0.994363,509,273,638,420,
614,62,0.992886,511,275,635,420,
615,62,0.990731,511,277,636,422,
616,62,0.993975,508,274,635,420,
617,62,0.986903,510,274,638,420,
618,62,0.987953,511,274,638,422,
619,62,0.992801,507,273,637,421,
620,62,0.993507,506,274,637,421,
621,62,0.993461,508,274,636,421,
622,62,0.994908,504,276,639,421,
623,62,0.994793,509,276,638,425,
624,62,0.992874,510,274,636,421,
625,62,0.994652,508,277,635,422,
626,62,0.994966,511,276,636,422,
627,62,0.989682,507,274,636,420,
628,62,0.990991,509,274,638,424,
629,62,0.990792,509,275,640,420,
630,62,0.992343,510,278,636,423,
631,62,0.992530,509,277,637,422,
632,62,0.995672,506,275,637,423,
633,62,0.994280,511,276,638,420,
634,62,0.993189,506,274,636,420,
635,62,0.993741,509,277,636,420,
636,62,0.994689,507,275,636,422,
637,62,0.994535,506,274,639,422,
638,62,0.992324,509,276,638,423,
639,62,0.993998,509,275,636,422,
640,62,0.991299,506,277,638,422,
641,62,0.993144,510,277,638,423,
642,62,0.995138,509,280,638,422,
643,62,0.996353,512,278,634,419,
644,62,0.988681,507,274,638,422,
645,62,0.994064,509,275,637,422,
646,62,0.993639,510,276,639,421,
647,62,0.996252,508,276,635,417,
648,62,0.988563,507,274,635,420,
649,62,0.994384,503,274,637,421,
650,62,0.991140,512,275,638,421,
651,62,0.995408,508,278,638,421,
652,62,0.995923,505,277,637,418,
653,62,0.990884,508,272,637,423,
654,62,0.992225,506,278,635,416,
655,62,0.995235,509,275,637,418,
656,62,0.996130,514,276,635,421,
657,62,0.993255,505,275,638,422,
658,62,0.994452,505,275,637,422,
659,62,0.991203,505,273,639,420,
660,62,0.993538,507,273,637,422,
661,62,0.993686,508,274,637,421,
662,62,0.994253,507,275,637,419,
663,62,0.992559,510,276,636,422,
664,62,0.992336,508,276,636,421,
665,62,0.994074,506,278,636,421,
666,62,0.994632,513,275,637,420,
667,62,0.994954,505,277,636,417,
668,62,0.991140,509,275,638,422,
669,62,0.994473,511,277,635,420,
670,62,0.996462,509,278,636,423,
671,62,0.994532,510,273,637,424,
672,62,0.994525,510,275,638,418,
