1,1,0.999646,40,45,214,473,
2,1,0.999652,39,50,214,472,
3,1,0.999686,40,49,216,475,
4,1,0.999660,40,47,216,474,
5,1,0.999674,39,49,213,473,
6,1,0.999706,41,50,214,473,
7,1,0.999655,40,49,214,473,
8,1,0.999718,40,48,212,474,
9,1,0.999669,39,51,212,470,
10,1,0.999718,39,47,214,475,
11,1,0.999751,40,46,212,472,
12,1,0.999740,40,47,213,474,
13,1,0.999716,40,48,212,473,
14,1,0.999757,40,48,214,475,
15,1,0.999772,39,48,214,473,
16,1,0.999700,41,49,215,472,
17,1,0.999571,41,48,216,474,
18,1,0.999731,41,47,217,472,
19,1,0.999678,41,52,214,470,
20,1,0.999591,41,47,219,473,
21,1,0.999652,41,50,216,472,
22,1,0.999770,43,54,218,473,
23,1,0.999737,44,54,219,470,
24,1,0.999749,42,52,215,473,
25,1,0.999677,39,51,217,473,
26,1,0.999693,40,45,217,472,
27,1,0.999744,45,50,217,473,
28,1,0.999624,41,48,218,472,
29,1,0.999692,45,54,219,471,
30,1,0.999583,46,51,220,472,
31,1,0.999638,48,50,218,473,
32,1,0.999405,50,46,224,476,
33,1,0.999506,50,50,226,475,
34,1,0.999661,51,52,224,471,
35,1,0.999528,54,51,227,473,
36,1,0.999612,57,53,229,471,
37,1,0.999459,57,51,229,472,
38,1,0.999734,62,62,233,473,
39,1,0.999668,66,60,231,471,
40,1,0.999343,69,60,237,471,
41,1,0.999446,71,60,242,472,
42,1,0.999592,73,65,245,472,
43,1,0.999742,78,65,251,471,
44,1,0.999341,81,62,250,469,
45,1,0.999273,83,62,263,472,
46,1,0.999664,86,63,275,470,
47,1,0.999548,89,64,278,467,
48,1,0.999592,90,65,285,469,
49,1,0.999577,92,63,283,470,
50,1,0.999523,90,66,287,472,
51,1,0.999444,94,67,298,471,
52,1,0.999710,95,69,302,475,
53,1,0.999845,98,66,301,468,
54,1,0.999568,97,69,289,469,
55,1,0.999487,102,75,303,463,
56,1,0.999684,99,72,303,469,
57,1,0.999808,103,72,318,475,
58,1,0.999875,106,76,321,471,
59,1,0.999785,105,79,328,469,
60,1,0.999809,105,82,327,470,
61,1,0.999868,105,84,332,471,
62,1,0.999907,106,83,338,474,
63,1,0.999863,104,83,344,478,
64,1,0.999885,105,89,340,472,
65,1,0.999896,105,92,348,470,
66,1,0.999886,103,90,355,476,
67,1,0.999912,107,94,347,473,
68,1,0.999636,108,93,356,476,
69,1,0.999882,111,99,363,475,
70,1,0.999781,108,98,367,476,
71,1,0.999792,110,101,369,477,
72,1,0.999791,108,106,374,473,
73,1,0.999817,109,106,372,475,
74,1,0.999846,107,109,384,474,
75,1,0.999748,106,111,390,473,
76,1,0.999822,105,115,382,476,
77,1,0.999825,104,117,388,473,
78,1,0.999807,106,123,388,473,
79,1,0.999390,105,122,397,473,
80,1,0.999831,109,119,388,473,
81,1,0.999704,108,123,388,475,
82,1,0.999734,104,123,389,475,
83,1,0.999631,107,125,405,471,
84,1,0.999854,103,124,406,475,
85,1,0.999811,105,128,401,476,
86,1,0.999865,105,125,396,476,
87,1,0.999812,107,127,389,472,
88,1,0.999841,110,127,399,474,
89,1,0.999767,108,123,395,480,
90,1,0.999808,109,125,400,477,
91,1,0.999844,109,128,397,476,
92,1,0.999757,108,129,400,477,
93,1,0.999786,109,125,389,471,
94,1,0.999767,107,128,400,477,
95,1,0.999711,104,126,393,478,
96,1,0.999823,109,127,399,478,
97,1,0.999649,109,127,386,478,
98,1,0.999744,106,126,385,475,
99,1,0.999829,110,126,394,478,
100,1,0.999716,107,126,391,475,
101,1,0.999768,110,126,387,478,
102,1,0.999829,110,125,382,476,
103,1,0.999766,107,125,386,475,
104,1,0.999825,108,125,383,475,
105,1,0.999638,109,128,386,476,
106,1,0.999670,109,123,376,475,
107,1,0.999725,106,127,388,477,
108,1,0.999678,109,126,385,477,
109,1,0.999821,106,127,393,479,
110,1,0.999752,109,124,393,480,
111,1,0.999601,110,124,396,479,
112,1,0.999814,107,129,391,473,
113,1,0.999673,110,126,382,477,
114,1,0.999435,109,127,382,476,
115,1,0.999464,112,126,399,479,
116,1,0.999530,109,128,406,475,
117,1,0.999508,108,128,387,475,
118,1,0.999772,113,127,395,475,
119,1,0.999807,110,121,389,476,
120,1,0.999699,111,127,392,472,
121,1,0.999841,114,123,393,476,
122,1,0.999812,108,124,393,475,
123,1,0.999857,107,121,401,474,
124,1,0.999855,109,121,400,473,
125,1,0.999796,105,120,390,473,
126,1,0.999872,108,118,390,474,
127,1,0.999841,109,118,382,474,
128,1,0.999852,109,115,383,473,
129,1,0.999855,108,116,378,473,
130,1,0.999872,108,111,376,474,
131,1,0.999873,108,113,380,475,
132,1,0.999847,106,112,384,473,
133,1,0.999836,108,111,377,473,
134,1,0.999878,106,109,382,472,
135,1,0.999861,104,108,386,471,
136,1,0.999555,105,109,388,475,
137,1,0.999623,102,108,395,477,
138,1,0.999875,102,105,383,471,
139,1,0.999883,103,105,375,471,
140,1,0.999899,98,105,382,480,
141,1,0.999819,102,103,382,472,
142,1,0.999848,103,101,380,472,
143,1,0.999703,104,100,374,475,
144,1,0.999757,101,103,379,474,
145,1,0.999684,107,99,378,476,
146,1,0.999668,102,100,377,476,
147,1,0.999663,102,98,372,467,
148,1,0.999785,99,99,370,470,
149,1,0.999761,95,99,372,471,
150,1,0.999568,97,95,363,472,
151,1,0.999654,98,93,358,471,
152,1,0.999517,96,96,367,474,
153,1,0.999791,94,93,361,474,
154,1,0.999567,94,93,350,472,
155,1,0.999823,97,89,352,471,
156,1,0.999826,96,88,357,468,
157,1,0.999839,97,88,357,472,
158,1,0.999834,100,88,357,472,
159,1,0.999849,98,86,344,468,
160,1,0.999803,94,85,343,469,
161,1,0.999761,95,85,339,471,
162,1,0.999775,93,84,339,474,
163,1,0.999839,92,85,339,469,
164,1,0.999830,92,86,327,471,
165,1,0.999499,91,79,321,472,
166,1,0.999830,91,78,324,468,
167,1,0.999674,91,77,329,471,
168,1,0.999783,92,76,323,470,
169,1,0.999789,91,78,320,469,
170,1,0.999730,91,75,326,470,
171,1,0.999728,89,74,323,467,
172,1,0.999711,90,70,317,469,
173,1,0.999724,89,72,316,469,
174,1,0.999633,89,69,310,470,
175,1,0.999764,88,70,310,468,
176,1,0.999799,90,74,308,469,
177,1,0.999649,88,68,306,470,
178,1,0.999521,88,68,306,472,
179,1,0.999675,88,67,297,471,
180,1,0.999693,87,67,300,472,
181,1,0.999669,86,66,300,473,
182,1,0.999558,84,66,300,473,
183,1,0.998683,81,64,294,471,
184,1,0.999328,81,64,286,471,
185,1,0.999222,81,63,288,468,
186,1,0.999575,77,62,292,472,
187,1,0.999274,79,58,292,480,
188,1,0.999625,77,60,280,474,
189,1,0.998965,77,62,284,470,
190,1,0.999734,73,62,274,472,
191,1,0.999610,68,69,277,470,
192,1,0.999671,71,64,276,470,
193,1,0.999487,70,64,265,471,
194,1,0.999527,69,63,269,467,
195,1,0.999462,68,65,271,468,
196,1,0.999384,71,62,267,470,
197,1,0.999446,68,66,261,469,
198,1,0.999409,68,65,258,472,
199,1,0.999526,68,66,261,467,
200,1,0.999380,68,68,262,468,
201,1,0.999494,64,60,260,464,
202,1,0.999411,67,65,267,470,
203,1,0.999662,64,68,264,471,
204,1,0.999462,62,60,261,471,
205,1,0.999706,62,61,269,468,
206,1,0.999579,65,67,267,468,
207,1,0.999636,63,68,269,471,
208,1,0.999711,61,60,269,469,
209,1,0.999662,59,65,261,471,
210,1,0.999706,60,61,269,466,
211,1,0.999709,60,62,267,470,
212,1,0.999725,57,60,267,468,
213,1,0.999631,57,62,262,466,
214,1,0.999622,56,61,262,480,
215,1,0.999651,59,63,268,468,
216,1,0.999678,57,64,257,466,
217,1,0.999699,54,63,265,465,
218,1,0.999691,59,64,268,466,
219,1,0.999649,58,65,265,465,
220,1,0.999661,58,60,265,466,
221,1,0.999584,58,63,261,467,
222,1,0.999703,56,67,263,465,
223,1,0.999602,61,63,270,467,
224,1,0.999670,57,64,262,465,
225,1,0.999641,56,64,257,464,
226,1,0.999572,61,65,267,467,
227,1,0.999602,58,63,262,467,
228,1,0.999614,58,68,259,465,
229,1,0.999456,60,64,259,468,
230,1,0.999606,59,63,264,468,
231,1,0.999538,59,63,262,465,
232,1,0.999576,58,60,263,465,
233,1,0.999629,60,71,260,467,
234,1,0.999632,62,67,254,465,
235,1,0.999693,61,65,260,465,
236,1,0.999649,64,66,253,467,
237,1,0.999631,63,67,251,466,
238,1,0.999329,64,70,264,465,
239,1,0.999460,61,63,256,464,
240,1,0.999664,64,69,269,468,
241,1,0.999593,66,68,272,469,
242,1,0.999593,66,62,275,479,
243,1,0.999688,66,66,278,464,
244,1,0.999704,73,66,294,465,
245,1,0.999756,77,63,298,466,
246,1,0.999763,76,68,307,466,
247,1,0.999705,76,71,319,479,
248,1,0.999830,79,71,321,467,
249,1,0.999813,82,69,334,480,
250,1,0.999801,83,69,332,480,
251,1,0.999808,84,69,335,470,
252,1,0.999601,86,74,338,470,
253,1,0.999771,87,75,338,474,
254,1,0.999748,88,72,346,473,
255,1,0.999695,88,73,338,467,
256,1,0.999622,86,80,357,471,
257,1,0.999232,92,80,353,468,
258,1,0.999550,91,78,343,467,
259,1,0.999715,90,79,345,468,
260,1,0.999765,92,77,342,470,
261,1,0.999756,96,83,342,471,
262,1,0.999839,95,84,339,469,
263,1,0.999838,98,83,341,473,
264,1,0.999721,97,86,352,473,
265,1,0.999755,97,89,349,468,
266,1,0.999771,98,88,348,472,
267,1,0.999750,96,92,361,465,
268,1,0.999845,96,92,357,470,
269,1,0.999699,96,94,358,468,
270,1,0.999824,100,93,358,470,
271,1,0.999809,101,92,355,470,
272,1,0.999806,97,97,351,476,
273,1,0.999624,96,100,354,471,
274,1,0.999797,99,94,355,475,
275,1,0.999819,94,98,348,469,
276,1,0.999722,101,101,352,473,
277,1,0.999660,99,104,351,473,
278,1,0.999809,100,97,350,471,
279,1,0.999756,100,100,360,471,
280,1,0.999675,98,103,350,474,
281,1,0.999719,101,100,350,476,
282,1,0.999788,101,99,337,480,
283,1,0.999640,98,104,348,471,
284,1,0.999683,98,102,346,473,
285,1,0.999767,101,102,345,474,
286,1,0.999749,100,102,343,473,
287,1,0.999815,102,100,335,476,
288,1,0.999769,101,101,350,480,
289,1,0.999753,102,102,337,474,
290,1,0.999581,98,108,352,467,
291,1,0.999623,100,102,349,474,
292,1,0.999807,102,102,345,476,
293,1,0.999784,101,101,350,476,
294,1,0.999643,100,104,346,473,
295,1,0.999737,101,101,349,476,
296,1,0.999661,100,102,342,473,
297,1,0.999778,101,100,350,473,
298,1,0.999676,101,100,350,474,
299,1,0.999749,100,100,348,476,
300,1,0.999705,102,98,338,472,
301,1,0.999682,102,100,333,478,
302,1,0.999688,102,102,345,473,
303,1,0.999756,102,98,339,475,
304,1,0.999742,102,98,339,473,
305,1,0.999712,100,98,339,473,
306,1,0.999741,98,99,347,472,
307,1,0.999667,100,98,342,473,
308,1,0.999700,101,95,345,472,
309,1,0.999704,101,97,340,475,
310,1,0.999696,101,95,347,471,
311,1,0.999692,102,96,343,473,
312,1,0.999645,98,98,340,473,
313,1,0.999570,97,98,335,477,
314,1,0.999489,98,98,336,472,
315,1,0.999798,99,92,345,475,
316,1,0.999816,97,98,336,470,
317,1,0.999674,97,96,330,474,
318,1,0.999669,99,97,341,474,
319,1,0.999698,98,96,340,470,
320,1,0.999832,100,92,344,476,
321,1,0.999702,100,93,342,480,
322,1,0.999665,98,92,340,472,
323,1,0.999711,98,93,343,473,
324,1,0.999756,98,93,343,477,
325,1,0.999777,100,92,339,473,
326,1,0.999765,98,92,341,475,
327,1,0.999780,99,90,348,473,
328,1,0.999723,98,90,345,472,
329,1,0.999765,99,88,347,474,
330,1,0.999736,97,90,340,472,
331,1,0.999805,98,88,343,471,
332,1,0.999656,96,93,337,470,
333,1,0.999786,98,88,347,470,
334,1,0.999764,97,88,343,471,
335,1,0.999741,98,87,335,473,
336,1,0.999735,97,85,336,480,
337,1,0.999780,96,88,346,473,
338,1,0.999743,96,85,340,472,
339,1,0.999754,96,85,339,474,
340,1,0.999768,95,88,342,473,
341,1,0.999817,96,83,342,472,
342,1,0.999814,95,84,348,472,
343,1,0.999847,94,83,347,472,
344,1,0.999787,96,82,345,480,
345,1,0.999794,98,85,346,473,
346,1,0.999812,95,79,343,472,
347,1,0.999801,94,78,338,470,
348,1,0.999788,97,79,335,472,
349,1,0.999789,94,80,337,471,
350,1,0.999799,94,81,334,470,
351,1,0.999787,96,80,332,471,
352,1,0.999826,95,78,326,474,
353,1,0.999849,95,77,331,469,
354,1,0.999824,93,77,332,471,
355,1,0.999795,94,75,335,480,
356,1,0.999827,93,77,331,470,
357,1,0.999766,94,78,330,471,
358,1,0.999783,91,75,332,465,
359,1,0.999799,91,79,325,471,
360,1,0.999811,91,73,320,469,
361,1,0.999754,92,74,321,469,
362,1,0.999743,91,77,321,468,
363,1,0.999732,91,71,325,470,
364,1,0.999740,89,72,322,469,
365,1,0.999806,89,75,323,471,
366,1,0.999781,90,75,334,468,
367,1,0.999791,86,78,338,471,
368,1,0.999472,89,79,331,467,
369,1,0.999744,87,80,341,469,
370,1,0.999740,86,79,328,468,
371,1,0.999091,88,72,333,471,
372,1,0.999758,87,72,334,469,
373,1,0.999806,88,70,326,468,
374,1,0.999740,89,78,321,470,
375,1,0.999767,85,73,315,469,
376,1,0.999745,87,68,321,465,
377,1,0.999713,88,75,312,467,
378,1,0.999835,83,74,311,466,
379,1,0.999769,84,73,309,464,
380,1,0.999737,84,69,318,461,
381,1,0.999694,85,71,311,467,
382,1,0.999730,83,72,299,467,
383,1,0.999744,84,69,303,465,
384,1,0.999713,87,73,309,466,
385,1,0.999410,82,74,300,468,
386,1,0.999669,87,72,297,468,
387,1,0.999694,83,69,316,468,
388,1,0.999770,86,73,319,469,
389,1,0.999792,84,70,319,467,
390,1,0.999728,83,68,325,470,
391,1,0.999753,85,71,320,468,
392,1,0.999794,86,74,316,469,
393,1,0.999760,87,73,316,469,
394,1,0.999786,86,75,311,468,
395,1,0.999766,86,74,316,467,
396,1,0.999752,87,73,320,467,
397,1,0.999771,87,71,323,464,
398,1,0.999732,87,68,305,465,
399,1,0.999719,85,68,309,465,
400,1,0.999759,85,70,320,468,
401,1,0.999815,87,76,306,469,
402,1,0.999730,86,69,303,470,
403,1,0.999778,86,69,321,469,
404,1,0.999808,87,69,321,469,
405,1,0.999807,89,70,312,468,
406,1,0.999815,88,69,321,468,
407,1,0.999616,88,70,325,468,
408,1,0.999834,88,68,320,467,
409,1,0.999837,89,73,318,471,
410,1,0.999766,89,68,315,469,
411,1,0.999787,90,68,313,469,
412,1,0.999808,90,67,323,468,
413,1,0.999773,89,71,322,468,
414,1,0.999785,90,69,320,469,
415,1,0.999856,89,69,324,469,
416,1,0.999735,91,68,318,469,
417,1,0.999808,90,70,317,469,
418,1,0.999826,91,71,324,468,
419,1,0.999811,92,71,322,467,
420,1,0.999751,91,72,324,469,
421,1,0.999828,90,71,322,468,
422,1,0.999793,91,71,323,469,
423,1,0.999837,92,70,322,466,
424,1,0.999844,92,70,321,469,
425,1,0.999847,94,69,325,466,
426,1,0.999845,93,70,328,466,
427,1,0.999833,92,71,330,466,
428,1,0.999818,94,70,329,464,
429,1,0.999799,93,76,328,469,
430,1,0.999792,91,71,332,466,
431,1,0.999813,93,70,330,468,
432,1,0.999815,93,78,337,469,
433,1,0.999833,94,70,332,467,
434,1,0.999797,95,71,331,470,
435,1,0.999843,96,68,331,469,
436,1,0.999786,95,73,336,465,
437,1,0.999808,96,74,329,469,
438,1,0.999845,97,72,333,465,
439,1,0.999848,97,72,328,470,
440,1,0.999814,98,74,331,466,
441,1,0.999816,97,74,331,467,
442,1,0.999827,99,74,335,465,
443,1,0.999814,97,74,329,469,
444,1,0.999848,99,74,335,467,
445,1,0.999808,98,75,325,471,
446,1,0.999743,98,74,332,467,
447,1,0.999815,97,72,334,469,
448,1,0.999768,98,74,329,467,
449,1,0.999844,95,80,330,469,
450,1,0.999834,99,76,331,473,
451,1,0.999804,96,79,329,474,
452,1,0.999817,99,77,333,468,
453,1,0.999719,97,79,325,471,
454,1,0.999746,99,76,342,470,
455,1,0.999833,99,75,340,468,
456,1,0.999760,99,76,340,464,
457,1,0.999763,99,75,337,467,
458,1,0.999794,101,72,331,473,
459,1,0.999785,97,78,330,476,
460,1,0.999831,98,78,331,479,
461,1,0.999743,97,75,341,467,
462,1,0.999803,99,75,340,466,
463,1,0.999803,100,75,338,468,
464,1,0.999730,99,74,332,473,
465,1,0.999803,99,75,327,473,
466,1,0.999804,100,75,333,468,
467,1,0.999820,100,73,335,470,
468,1,0.999780,99,74,333,467,
469,1,0.999765,100,75,333,466,
470,1,0.999768,99,75,335,467,
471,1,0.999822,101,74,330,467,
472,1,0.999774,100,74,334,467,
473,1,0.999788,101,75,333,468,
474,1,0.999814,100,75,331,468,
475,1,0.999709,101,72,330,472,
476,1,0.999811,100,74,339,467,
477,1,0.999774,99,76,333,466,
478,1,0.999720,99,76,341,466,
479,1,0.999822,100,72,331,467,
480,1,0.999776,100,75,338,467,
481,1,0.999801,100,77,331,468,
482,1,0.999786,99,77,334,468,
483,1,0.999823,100,74,334,466,
484,1,0.999846,100,77,329,479,
485,1,0.999750,100,73,339,466,
486,1,0.999788,101,74,340,465,
487,1,0.999762,98,75,341,468,
488,1,0.999681,99,74,344,463,
489,1,0.999819,102,78,333,469,
490,1,0.999787,98,81,327,474,
491,1,0.999824,99,73,338,465,
492,1,0.999758,100,73,344,466,
493,1,0.999680,99,74,340,466,
494,1,0.999835,100,73,336,469,
495,1,0.999749,100,72,337,467,
496,1,0.999794,100,72,330,471,
497,1,0.999779,98,71,340,469,
498,1,0.999820,99,78,333,470,
499,1,0.999748,100,71,332,468,
500,1,0.999799,101,72,329,471,
501,1,0.999820,99,74,336,469,
502,1,0.999853,102,71,331,471,
503,1,0.999801,100,74,331,471,
504,1,0.999856,100,70,334,471,
505,1,0.999851,100,69,330,473,
506,1,0.999850,99,70,328,471,
507,1,0.999708,100,69,303,470,
508,1,0.999605,97,76,283,472,
509,1,0.999784,98,71,320,469,
510,1,0.999760,98,70,311,469,
511,1,0.999818,97,69,311,471,
512,1,0.999754,96,73,304,474,
513,1,0.999384,94,71,310,474,
514,1,0.999772,95,76,308,470,
515,1,0.999815,96,76,305,474,
516,1,0.999600,96,76,300,472,
517,1,0.999366,92,71,278,472,
518,1,0.999283,97,78,275,470,
519,1,0.999651,92,75,288,469,
520,1,0.999723,91,72,295,469,
521,1,0.999764,92,70,292,468,
522,1,0.999658,91,73,294,470,
523,1,0.999721,90,72,292,471,
524,1,0.999429,90,69,283,465,
525,1,0.999610,91,76,283,469,
526,1,0.999736,91,73,279,469,
527,1,0.999727,94,75,270,467,
528,1,0.999653,95,74,266,467,
529,1,0.999624,92,75,261,470,
530,1,0.999581,92,77,250,471,
531,1,0.999555,92,77,236,469,
532,1,0.999362,92,76,237,469,
533,1,0.999411,93,76,238,468,
534,1,0.999327,94,72,236,468,
535,1,0.999442,94,74,234,470,
536,1,0.998948,91,75,241,475,
537,1,0.999517,91,77,240,469,
538,1,0.999564,93,71,244,480,
539,1,0.999371,93,76,242,470,
540,1,0.999497,93,77,245,470,
541,1,0.998602,93,77,244,467,
542,1,0.999188,92,74,252,474,
543,1,0.999192,93,73,256,470,
544,1,0.999088,93,74,257,471,
545,1,0.999363,95,75,258,468,
546,1,0.999198,95,73,258,470,
547,1,0.999433,95,74,259,470,
548,1,0.999377,94,73,266,469,
549,1,0.999197,91,70,274,480,
550,1,0.999498,89,72,279,469,
551,1,0.999226,92,71,283,469,
552,1,0.999659,94,72,300,468,
553,1,0.999572,93,70,287,468,
554,1,0.999583,92,69,294,469,
555,1,0.999713,90,74,294,474,
556,1,0.999591,91,73,301,473,
557,1,0.999501,92,71,308,470,
558,1,0.999566,90,72,312,472,
559,1,0.999454,93,75,308,473,
560,1,0.999582,93,74,312,472,
561,1,0.999800,94,74,313,471,
562,1,0.999755,95,76,312,473,
563,1,0.999539,94,78,319,474,
564,1,0.999738,96,73,317,469,
565,1,0.999701,96,73,331,470,
566,1,0.999850,95,76,327,471,
567,1,0.999700,101,78,336,475,
568,1,0.999694,99,79,338,475,
569,1,0.999840,98,75,340,474,
570,1,0.999744,99,75,340,471,
571,1,0.999677,99,72,352,472,
572,1,0.999703,102,75,348,472,
573,1,0.999613,102,74,339,471,
574,1,0.999679,105,79,343,469,
575,1,0.999616,102,71,335,472,
576,1,0.999612,105,76,346,480,
577,1,0.999760,106,77,344,470,
578,1,0.999695,106,76,336,470,
579,1,0.999807,107,76,345,471,
580,1,0.999688,108,77,347,473,
581,1,0.999569,107,80,364,474,
582,1,0.999771,107,79,355,476,
583,1,0.999689,107,78,356,472,
584,1,0.999610,107,77,356,477,
585,1,0.999740,109,75,354,471,
586,1,0.999781,108,76,352,470,
587,1,0.999777,108,75,350,471,
588,1,0.999810,108,75,349,473,
589,1,0.999799,109,73,357,472,
590,1,0.999742,109,74,368,472,
591,1,0.999713,109,75,369,474,
592,1,0.999755,109,76,372,473,
593,1,0.999760,107,76,371,475,
594,1,0.999791,108,74,360,473,
595,1,0.999782,110,74,365,472,
596,1,0.999773,110,71,355,471,
597,1,0.999781,111,73,356,472,
598,1,0.999784,109,70,361,476,
599,1,0.999758,111,72,362,475,
600,1,0.999746,111,70,366,471,
601,1,0.999675,108,74,351,471,
602,1,0.999785,110,72,363,475,
603,1,0.999753,111,72,360,472,
604,1,0.999712,110,74,367,471,
605,1,0.999707,109,72,343,473,
606,1,0.999732,111,75,367,472,
607,1,0.999823,110,73,360,472,
608,1,0.999806,108,72,360,472,
609,1,0.999697,110,73,360,472,
610,1,0.999644,111,75,347,472,
611,1,0.999822,112,72,359,473,
612,1,0.999759,113,70,364,475,
613,1,0.999786,111,69,358,470,
614,1,0.999831,108,77,359,474,
615,1,0.999778,111,70,368,474,
616,1,0.999808,109,74,355,470,
617,1,0.999827,110,71,365,474,
618,1,0.999805,109,70,367,474,
619,1,0.999702,109,69,368,480,
620,1,0.999747,108,73,369,468,
621,1,0.999815,109,72,364,472,
622,1,0.999769,107,71,367,470,
623,1,0.999710,111,74,351,472,
624,1,0.999799,109,71,366,470,
625,1,0.999791,108,75,352,473,
626,1,0.999760,108,69,369,470,
627,1,0.999742,108,74,349,471,
628,1,0.999796,109,70,369,470,
629,1,0.999822,109,78,357,474,
630,1,0.999758,109,70,370,471,
631,1,0.999829,108,71,367,469,
632,1,0.999829,106,71,361,470,
633,1,0.999751,108,70,362,469,
634,1,0.999818,107,68,365,470,
635,1,0.999815,108,67,365,469,
636,1,0.999774,108,70,357,471,
637,1,0.999805,109,71,364,471,
638,1,0.999887,108,71,356,473,
639,1,0.999849,108,68,356,474,
640,1,0.999831,108,70,362,473,
641,1,0.999818,105,70,355,472,
642,1,0.999792,104,69,350,472,
643,1,0.999760,105,69,353,480,
644,1,0.999830,104,71,357,470,
645,1,0.999820,101,71,344,472,
646,1,0.999747,105,72,337,467,
647,1,0.999748,104,70,336,472,
648,1,0.999748,103,69,339,470,
649,1,0.999812,102,68,334,469,
650,1,0.999814,98,67,328,470,
651,1,0.999807,98,69,326,473,
652,1,0.999761,96,68,322,471,
653,1,0.999747,96,71,322,469,
654,1,0.999766,94,70,316,469,
655,1,0.999712,92,70,321,470,
656,1,0.999727,90,68,315,473,
657,1,0.999658,90,66,307,470,
658,1,0.999750,89,64,307,464,
659,1,0.999250,90,69,304,473,
660,1,0.999661,87,69,298,467,
661,1,0.999694,86,69,289,468,
662,1,0.999214,85,67,288,472,
663,1,0.998683,85,71,295,471,
664,1,0.998923,86,65,284,467,
665,1,0.999163,85,71,278,466,
666,1,0.999064,84,63,266,466,
667,1,0.999124,84,67,257,474,
668,1,0.999211,84,69,244,469,
669,1,0.999200,82,69,234,471,
670,1,0.999393,80,69,221,468,
671,1,0.999289,79,68,217,474,
672,1,0.999360,77,68,211,480,
