1,62,0.991723,42,233,167,373,
2,62,0.986156,40,229,164,373,
3,62,0.989359,43,234,168,371,
4,62,0.989546,44,229,163,372,
5,62,0.992208,42,228,164,372,
6,62,0.991163,46,232,164,374,
7,62,0.987841,44,230,165,373,
8,62,0.985768,47,230,164,371,
9,62,0.991577,42,229,163,372,
10,62,0.974096,45,231,168,370,
11,62,0.989752,44,230,163,372,
12,62,0.981848,45,230,165,373,
13,62,0.985316,43,230,163,373,
14,62,0.989623,40,229,164,371,
15,62,0.988593,42,232,164,373,
16,62,0.986493,41,231,164,371,
17,62,0.985053,41,230,164,372,
18,62,0.985175,42,230,164,372,
19,62,0.978337,45,229,164,371,
20,62,0.986557,44,230,165,372,
21,62,0.986397,43,234,169,372,
22,62,0.986116,47,233,166,372,
23,62,0.986958,44,229,166,372,
24,62,0.980275,44,231,167,371,
25,62,0.986507,48,228,164,373,
26,62,0.983268,46,230,164,376,
27,62,0.989624,44,229,168,369,
28,62,0.990321,42,231,164,375,
29,62,0.988624,41,229,163,372,
30,62,0.988070,42,229,164,371,
31,62,0.978770,45,230,165,375,
32,62,0.989741,46,230,165,371,
33,62,0.988957,47,232,166,373,
34,62,0.979144,46,229,165,374,
35,62,0.991548,40,230,164,370,
36,62,0.987232,43,233,166,368,
37,62,0.988138,44,230,165,371,
38,62,0.988455,44,230,165,374,
39,62,0.989787,46,233,166,368,
40,62,0.984738,42,230,163,370,
41,62,0.987739,42,229,164,368,
42,62,0.988919,42,229,163,373,
43,62,0.981444,45,233,166,367,
44,62,0.991710,42,230,165,375,
45,62,0.986094,42,229,163,372,
46,62,0.990802,42,229,164,372,
47,62,0.988280,40,229,164,374,
48,62,0.984447,45,229,165,370,
49,62,0.988201,42,229,166,371,
50,62,0.990940,44,230,165,372,
51,62,0.986148,46,231,167,371,
52,62,0.988499,49,234,166,371,
53,62,0.990166,43,233,166,371,
54,62,0.979965,44,233,166,372,
55,62,0.989916,40,230,164,372,
56,62,0.985876,44,231,167,375,
57,62,0.988268,44,229,164,374,
58,62,0.986759,44,228,163,371,
59,62,0.983770,42,232,168,372,
60,62,0.988183,42,229,164,373,
61,62,0.984607,48,233,168,374,
62,62,0.984901,45,229,164,371,
63,62,0.978197,50,234,168,372,
64,62,0.978580,50,229,163,372,
65,62,0.988406,42,230,164,370,
66,62,0.989423,41,230,164,373,
67,62,0.985767,44,229,164,371,
68,62,0.987386,40,230,165,373,
69,62,0.988880,40,230,166,373,
70,62,0.989351,44,233,166,371,
71,62,0.987796,41,232,161,373,
72,62,0.984076,41,230,163,371,
73,62,0.990635,42,233,168,373,
74,62,0.988520,43,230,163,374,
75,62,0.989179,41,230,166,371,
76,62,0.985096,45,233,169,372,
77,62,0.989657,40,229,164,373,
78,62,0.989320,41,231,166,374,
79,62,0.987585,48,233,166,372,
80,62,0.987766,40,229,165,371,
81,62,0.989181,43,229,163,373,
82,62,0.991163,43,229,162,372,
83,62,0.983908,40,229,165,372,
84,62,0.990511,42,231,163,371,
85,62,0.986914,44,234,166,370,
86,62,0.984006,42,229,163,372,
87,62,0.987767,41,229,163,373,
88,62,0.991929,40,228,164,374,
89,62,0.987005,42,229,163,372,
90,62,0.987614,41,229,165,372,
91,62,0.986850,44,230,163,373,
92,62,0.988092,43,230,163,372,
93,62,0.988799,42,229,163,374,
94,62,0.983994,42,230,165,372,
95,62,0.987154,47,229,166,369,
96,62,0.983737,43,229,166,371,
97,62,0.986701,44,229,163,373,
98,62,0.986368,45,234,167,371,
99,62,0.984518,44,229,165,370,
100,62,0.986935,43,229,163,372,
101,62,0.983713,42,230,163,373,
102,62,0.981946,41,232,165,375,
103,62,0.988590,42,229,163,372,
104,62,0.985963,47,233,166,371,
105,62,0.988284,44,234,166,369,
106,62,0.980281,42,230,164,371,
107,62,0.987756,46,231,165,372,
108,62,0.977928,40,230,167,368,
109,62,0.989854,40,232,163,371,
110,62,0.988422,42,230,164,370,
111,62,0.983192,49,232,166,375,
112,62,0.987279,44,234,167,373,
113,62,0.982142,43,230,167,373,
114,62,0.991749,43,230,164,373,
115,62,0.989863,41,229,163,375,
116,62,0.987984,46,231,164,376,
117,62,0.986046,48,231,166,372,
118,62,0.991032,46,230,165,375,
119,62,0.986654,46,229,166,373,
120,62,0.986127,41,229,166,372,
121,62,0.982811,42,231,163,373,
122,62,0.988255,46,230,166,377,
123,62,0.988442,47,230,166,371,
124,62,0.985010,43,229,165,371,
125,62,0.984750,43,229,165,375,
126,62,0.989068,44,230,166,374,
127,62,0.985856,42,230,165,371,
128,62,0.977958,46,230,166,370,
129,62,0.990185,45,234,166,367,
130,62,0.992055,41,229,164,371,
131,62,0.987504,47,232,167,372,
132,62,0.988436,41,232,166,369,
133,62,0.987392,46,232,166,371,
134,62,0.991457,41,230,164,372,
135,62,0.988262,44,231,165,372,
136,62,0.978120,37,231,163,375,
137,62,0.991761,43,231,168,374,
138,62,0.986940,46,229,165,375,
139,62,0.990720,42,229,164,371,
140,62,0.988513,41,231,161,374,
141,62,0.990859,45,227,166,374,
142,62,0.989260,42,231,167,366,
143,62,0.985637,42,230,165,375,
144,62,0.980457,45,230,166,368,
145,62,0.989608,47,232,166,367,
146,62,0.987237,44,229,164,371,
147,62,0.990244,40,229,164,371,
148,62,0.983333,44,230,163,371,
149,62,0.988701,40,229,164,372,
150,62,0.988233,41,230,165,372,
151,62,0.976029,45,231,163,373,
152,62,0.985504,39,231,163,374,
153,62,0.986326,42,230,163,371,
154,62,0.987634,45,229,165,374,
155,62,0.991051,42,229,164,369,
156,62,0.987865,43,229,164,373,
157,62,0.983432,46,228,166,372,
158,62,0.987930,42,230,165,370,
159,62,0.988902,41,229,165,372,
160,62,0.977655,43,230,165,370,
161,62,0.983152,46,231,165,372,
162,62,0.984848,40,229,165,372,
163,62,0.989055,42,231,163,373,
164,62,0.984365,43,234,167,375,
165,62,0.981660,41,229,167,374,
166,62,0.985423,42,229,165,371,
167,62,0.985760,41,228,168,373,
168,62,0.981827,45,232,168,368,
169,62,0.972230,40,228,167,374,
170,62,0.972327,42,230,168,368,
171,62,0.990056,41,228,166,374,
172,62,0.974465,47,229,168,370,
173,62,0.984376,46,228,168,378,
174,62,0.980337,45,228,170,376,
175,62,0.986734,42,229,169,372,
176,62,0.991814,40,227,165,372,
177,62,0.986942,42,230,166,373,
178,62,0.976604,40,229,167,373,
179,62,0.986781,40,228,167,372,
180,62,0.973341,41,230,167,373,
181,62,0.983370,44,229,169,375,
182,62,0.970664,50,233,168,369,
183,62,0.972796,41,231,165,377,
184,62,0.970557,47,232,168,372,
185,62,0.985552,43,228,167,376,
186,62,0.988562,41,228,167,373,
187,62,0.976475,39,229,166,374,
188,62,0.970755,43,231,166,374,
189,62,0.979129,39,230,165,374,
190,62,0.976636,42,229,166,373,
191,62,0.988137,42,228,169,377,
192,62,0.977752,42,228,166,376,
193,62,0.983140,38,230,167,375,
194,62,0.990078,41,227,166,374,
195,62,0.987145,47,229,166,374,
196,62,0.988020,40,229,167,374,
197,62,0.972676,46,232,168,366,
198,62,0.986802,39,229,165,373,
199,62,0.978651,47,230,167,371,
200,62,0.983931,40,230,166,372,
201,62,0.986318,41,229,167,372,
202,62,0.969163,46,229,168,374,
203,62,0.981504,37,231,166,372,
204,62,0.979648,39,229,164,374,
205,62,0.982595,38,230,166,373,
206,62,0.979456,47,229,167,375,
207,62,0.977791,47,232,168,372,
208,62,0.981691,46,228,168,372,
209,62,0.989517,43,228,165,374,
210,62,0.985838,36,229,165,376,
211,62,0.986236,41,228,165,372,
212,62,0.986034,40,228,165,374,
213,62,0.990989,42,227,168,377,
214,62,0.988601,41,229,170,375,
215,62,0.986739,45,228,166,378,
216,62,0.987917,41,229,164,375,
217,62,0.985095,46,229,168,375,
218,62,0.985816,44,231,166,371,
219,62,0.972106,45,228,166,376,
220,62,0.973390,42,230,169,373,
221,62,0.985034,46,228,167,372,
222,62,0.981208,38,228,168,372,
223,62,0.979980,43,229,165,372,
224,62,0.984025,46,232,170,369,
225,62,0.975308,45,230,166,371,
226,62,0.986703,42,232,166,377,
227,62,0.978641,41,228,166,375,
228,62,0.975794,44,228,169,374,
229,62,0.982423,45,231,167,375,
230,62,0.984065,44,228,166,372,
231,62,0.968280,42,228,164,372,
232,62,0.979544,40,229,165,372,
233,62,0.980343,44,228,166,373,
234,62,0.978452,47,229,168,373,
235,62,0.982464,48,233,168,370,
236,62,0.986189,43,228,166,373,
237,62,0.980445,45,228,167,375,
238,62,0.985173,43,230,168,373,
239,62,0.978177,41,229,166,373,
240,62,0.986867,42,230,167,374,
241,62,0.987687,43,230,165,372,
242,62,0.979143,40,228,167,372,
243,62,0.970254,39,230,167,377,
244,62,0.984113,46,228,168,373,
245,62,0.978336,42,229,165,373,
246,62,0.988265,41,227,166,373,
247,62,0.981907,42,230,167,373,
248,62,0.979732,40,229,167,374,
249,62,0.980236,44,230,166,376,
250,62,0.979731,40,230,166,373,
251,62,0.986268,46,229,168,375,
252,62,0.984573,44,233,170,373,
253,62,0.976601,40,229,166,373,
254,62,0.983119,43,228,167,375,
255,62,0.977718,46,229,165,373,
256,62,0.988462,43,235,168,371,
257,62,0.978021,44,231,165,374,
258,62,0.987208,41,229,165,372,
259,62,0.964226,43,230,165,370,
260,62,0.987732,47,231,168,376,
261,62,0.987924,42,230,165,373,
262,62,0.979716,45,228,165,376,
263,62,0.985229,39,228,166,371,
264,62,0.981443,42,228,166,374,
265,62,0.976332,45,229,166,373,
266,62,0.981602,46,232,168,374,
267,62,0.984846,41,230,166,370,
268,62,0.984019,46,230,166,371,
269,62,0.983089,42,229,169,373,
270,62,0.982078,44,233,169,369,
271,62,0.983255,42,233,166,377,
272,62,0.985154,42,230,166,372,
273,62,0.978559,46,232,169,374,
274,62,0.987032,43,230,165,373,
275,62,0.989810,41,228,167,372,
276,62,0.985006,44,229,166,372,
277,62,0.986935,43,232,169,370,
278,62,0.987144,40,228,167,373,
279,62,0.980937,39,229,167,374,
280,62,0.982115,41,227,170,376,
281,62,0.991385,38,228,166,373,
282,62,0.986889,41,229,167,372,
283,62,0.969000,42,228,167,372,
284,62,0.972117,41,229,167,373,
285,62,0.980765,46,229,168,373,
286,62,0.981903,45,233,170,370,
287,62,0.981226,43,230,166,371,
288,62,0.973285,44,232,166,376,
289,62,0.967454,44,231,168,371,
290,62,0.953790,44,232,167,376,
291,62,0.981378,47,232,168,369,
292,62,0.978043,44,228,167,376,
293,62,0.966785,40,229,167,374,
294,62,0.966984,52,229,165,371,
295,62,0.983771,47,233,165,377,
296,62,0.972954,38,231,164,372,
297,62,0.986562,42,228,165,374,
298,62,0.972092,37,232,165,371,
299,62,0.974759,41,230,163,378,
300,62,0.967399,43,230,165,375,
301,62,0.972443,43,231,163,375,
302,62,0.971169,39,229,164,374,
303,62,0.969998,45,234,165,368,
304,62,0.980222,44,229,166,377,
305,62,0.981131,42,230,163,372,
306,62,0.956177,45,233,166,367,
307,62,0.977535,44,235,166,367,
308,62,0.941874,46,235,166,370,
309,62,0.979693,40,229,166,371,
310,62,0.984291,42,232,166,372,
311,62,0.987538,38,229,164,372,
312,62,0.975048,41,231,163,372,
313,62,0.982097,39,229,166,374,
314,62,0.981745,47,232,165,373,
315,62,0.984353,39,231,163,371,
316,62,0.983837,39,228,165,376,
317,62,0.982906,40,231,166,371,
318,62,0.987982,43,230,164,374,
319,62,0.988583,41,229,165,371,
320,62,0.984070,44,233,168,370,
321,62,0.975121,43,229,171,374,
322,62,0.976472,39,230,165,376,
323,62,0.971224,45,232,166,374,
324,62,0.982119,46,232,169,372,
325,62,0.983821,41,228,165,374,
326,62,0.986919,46,231,166,373,
327,62,0.979720,44,229,169,368,
328,62,0.982907,39,228,164,370,
329,62,0.992097,43,228,169,371,
330,62,0.979647,44,230,163,374,
331,62,0.983677,40,230,165,372,
332,62,0.979988,46,234,168,372,
333,62,0.982910,44,233,169,369,
334,62,0.984153,45,228,166,372,
335,62,0.970480,45,229,167,377,
336,62,0.985150,45,229,164,374,
337,62,0.981408,37,231,167,376,
338,62,0.959434,46,231,169,370,
339,62,0.983190,44,232,169,371,
340,62,0.983083,49,231,168,373,
341,62,0.979193,45,233,170,373,
342,62,0.976369,43,229,169,372,
343,62,0.968997,46,229,168,373,
344,62,0.969874,46,228,169,374,
345,62,0.990724,48,231,168,371,
346,62,0.973641,45,228,167,373,
347,62,0.978654,44,232,170,370,
348,62,0.980018,45,233,168,371,
349,62,0.976214,47,231,167,371,
350,62,0.987608,42,232,168,370,
351,62,0.983661,46,232,170,369,
352,62,0.964332,45,232,171,366,
353,62,0.987782,42,227,165,375,
354,62,0.980878,37,230,168,374,
355,62,0.981773,40,230,167,372,
356,62,0.979932,48,232,169,370,
357,62,0.977199,42,228,166,376,
358,62,0.980853,44,228,167,376,
359,62,0.988850,41,229,167,369,
360,62,0.976307,50,231,170,371,
361,62,0.986789,46,231,169,372,
362,62,0.986955,41,229,170,377,
363,62,0.980896,39,231,169,375,
364,62,0.987471,47,231,169,371,
365,62,0.975556,47,233,169,367,
366,62,0.980120,45,234,170,370,
367,62,0.979602,40,229,167,371,
368,62,0.989144,41,232,164,374,
369,62,0.989198,42,230,167,372,
370,62,0.982364,45,230,167,374,
371,62,0.978973,44,233,168,371,
372,62,0.971841,40,231,166,371,
373,62,0.980470,44,228,171,375,
374,62,0.978519,44,230,167,370,
375,62,0.982461,39,230,165,371,
376,62,0.972530,42,233,170,367,
377,62,0.971690,41,232,166,372,
378,62,0.974340,48,232,165,371,
379,62,0.984219,44,228,167,372,
380,62,0.959649,42,230,166,371,
381,62,0.985592,41,231,165,374,
382,62,0.973505,42,230,167,371,
383,62,0.961843,46,234,172,372,
384,62,0.974338,42,234,169,372,
385,62,0.973871,43,233,169,368,
386,62,0.981597,40,229,165,370,
387,62,0.976434,44,230,166,371,
388,62,0.981391,40,230,166,371,
389,62,0.981020,41,230,165,371,
390,62,0.966680,45,229,165,373,
391,62,0.970598,43,231,163,372,
392,62,0.973889,44,232,166,368,
393,62,0.973049,41,230,166,374,
394,62,0.982698,46,231,164,370,
395,62,0.981767,45,233,166,371,
396,62,0.964545,48,233,167,372,
397,62,0.986149,40,228,167,371,
398,62,0.980736,44,229,163,373,
399,62,0.985894,41,233,168,368,
400,62,0.965239,42,229,164,379,
401,62,0.976127,45,232,163,370,
402,62,0.984954,41,230,165,372,
403,62,0.980086,48,231,164,369,
404,62,0.985471,40,229,165,369,
405,62,0.978481,42,230,167,366,
406,62,0.970083,49,234,166,369,
407,62,0.970665,48,231,167,368,
408,62,0.988715,46,232,167,369,
409,62,0.989169,44,231,162,375,
410,62,0.975994,45,232,166,367,
411,62,0.992126,40,228,163,375,
412,62,0.990693,43,230,166,374,
413,62,0.984599,43,234,166,370,
414,62,0.987716,47,229,166,370,
415,62,0.982210,41,229,165,371,
416,62,0.987737,44,231,167,372,
417,62,0.987837,40,229,164,374,
418,62,0.981961,45,229,165,375,
419,62,0.983930,46,232,164,377,
420,62,0.986449,43,229,166,373,
421,62,0.985196,46,230,162,375,
422,62,0.984743,39,229,165,371,
423,62,0.982392,42,229,164,374,
424,62,0.985229,42,231,165,371,
425,62,0.985815,42,229,164,372,
426,62,0.988995,42,229,164,370,
427,62,0.991365,43,233,168,373,
428,62,0.985659,41,232,164,372,
429,62,0.976492,48,229,165,373,
430,62,0.989610,41,229,166,374,
431,62,0.988319,45,229,168,372,
432,62,0.983913,46,232,167,371,
433,62,0.989054,44,229,167,374,
434,62,0.984123,44,232,165,371,
435,62,0.984539,46,229,166,372,
436,62,0.990663,41,228,164,375,
437,62,0.985901,46,230,165,370,
438,62,0.989045,41,233,165,369,
439,62,0.988109,45,229,166,371,
440,62,0.987594,46,235,167,367,
441,62,0.983418,46,230,165,371,
442,62,0.988654,45,234,165,374,
443,62,0.987940,46,232,167,369,
444,62,0.987585,43,232,165,368,
445,62,0.983300,44,230,166,373,
446,62,0.992204,44,235,166,370,
447,62,0.984820,42,233,168,370,
448,62,0.984862,40,230,166,370,
449,62,0.989552,45,233,168,369,
450,62,0.979714,46,230,166,372,
451,62,0.984180,47,231,167,371,
452,62,0.988587,46,232,167,369,
453,62,0.990097,41,231,165,371,
454,62,0.987503,43,230,167,369,
455,62,0.983578,42,231,166,371,
456,62,0.983947,40,230,166,372,
457,62,0.984532,44,232,167,367,
458,62,0.986882,42,230,166,369,
459,62,0.989508,43,233,168,369,
460,62,0.988696,45,229,166,373,
461,62,0.984202,42,230,166,372,
462,62,0.980291,49,228,165,373,
463,62,0.987602,41,228,167,374,
464,62,0.994051,42,230,163,372,
465,62,0.979656,46,230,166,371,
466,62,0.976700,50,233,164,370,
467,62,0.985220,45,229,164,369,
468,62,0.993042,42,229,165,372,
469,62,0.980477,50,229,165,371,
470,62,0.987990,46,230,167,371,
471,62,0.980954,46,235,168,367,
472,62,0.987193,42,229,166,372,
473,62,0.982641,44,231,168,372,
474,62,0.988140,42,230,163,370,
475,62,0.992102,45,232,163,375,
476,62,0.988226,40,228,165,369,
477,62,0.987162,43,232,165,372,
478,62,0.988480,41,229,164,372,
479,62,0.987492,43,232,167,372,
480,62,0.980720,44,232,165,374,
481,62,0.983297,42,234,168,366,
482,62,0.978484,42,232,166,374,
483,62,0.991612,44,234,163,374,
484,62,0.982060,43,230,166,369,
485,62,0.988726,41,231,166,371,
486,62,0.981534,47,228,165,373,
487,62,0.971920,44,229,169,374,
488,62,0.986121,42,229,166,374,
489,62,0.987499,42,232,164,373,
490,62,0.987141,50,229,163,372,
491,62,0.983697,42,233,165,372,
492,62,0.987684,44,232,164,376,
493,62,0.983907,41,229,166,371,
494,62,0.986900,45,229,165,369,
495,62,0.975949,49,234,166,370,
496,62,0.983863,42,231,164,370,
497,62,0.984955,39,230,164,372,
498,62,0.986124,45,230,166,370,
499,62,0.985981,43,233,165,371,
500,62,0.979856,51,235,167,370,
501,62,0.987718,41,230,165,369,
502,62,0.988902,40,233,165,371,
503,62,0.989866,42,232,165,373,
504,62,0.990260,43,231,165,372,
505,62,0.983012,46,230,164,373,
506,62,0.986382,45,233,166,369,
507,62,0.986065,45,233,167,369,
508,62,0.978209,45,233,167,372,
509,62,0.974832,50,235,169,366,
510,62,0.984926,42,229,169,373,
511,62,0.984846,44,230,166,371,
512,62,0.988105,41,230,166,370,
513,62,0.982463,44,234,169,370,
514,62,0.988154,41,228,164,371,
515,62,0.981023,43,228,167,370,
516,62,0.984008,41,230,166,369,
517,62,0.984604,48,229,166,371,
518,62,0.985281,44,233,166,369,
519,62,0.976833,50,233,167,371,
520,62,0.981579,41,230,165,368,
521,62,0.985000,43,229,166,372,
522,62,0.990690,43,229,165,372,
523,62,0.974874,42,230,166,371,
524,62,0.987720,47,230,165,369,
525,62,0.983581,43,229,164,372,
526,62,0.990550,42,230,166,370,
527,62,0.982194,47,231,166,369,
528,62,0.982988,41,230,166,370,
529,62,0.992435,42,232,167,370,
530,62,0.989327,41,230,165,370,
531,62,0.985389,41,231,167,369,
532,62,0.986277,44,230,166,370,
533,62,0.987042,43,231,165,372,
534,62,0.984304,43,229,167,372,
535,62,0.985451,42,228,165,373,
536,62,0.979452,47,235,169,371,
537,62,0.990200,40,228,164,370,
538,62,0.976568,46,234,167,369,
539,62,0.988192,44,233,167,373,
540,62,0.987044,43,227,165,372,
541,62,0.984665,44,235,168,370,
542,62,0.988178,41,229,166,372,
543,62,0.988957,41,229,167,370,
544,62,0.961646,42,231,167,366,
545,62,0.982970,43,232,165,374,
546,62,0.988295,43,229,163,372,
547,62,0.985598,47,230,166,373,
548,62,0.984654,41,229,166,370,
549,62,0.989606,43,229,164,371,
550,62,0.986498,46,229,166,370,
551,62,0.990545,41,229,165,370,
552,62,0.988827,39,230,165,369,
553,62,0.987022,40,232,166,373,
554,62,0.989036,41,229,166,372,
555,62,0.988572,38,229,165,373,
556,62,0.984743,48,229,166,371,
557,62,0.983977,45,228,166,370,
