205,78,0.802343,137,275,300,370,
206,78,0.873261,134,278,305,378,
207,78,0.816382,137,278,297,376,
208,78,0.819067,137,279,298,373,
209,78,0.929697,134,275,301,374,
210,78,0.959527,133,275,304,377,
211,78,0.796131,132,276,302,379,
212,78,0.916256,135,277,305,383,
213,78,0.787344,135,278,300,381,
214,78,0.512698,133,275,307,376,
215,78,0.678743,132,273,297,375,
216,78,0.795051,136,276,300,378,
219,78,0.669418,133,279,306,377,
220,78,0.571280,135,277,312,377,
221,78,0.829160,135,281,307,378,
222,78,0.614020,146,283,305,377,
224,78,0.605323,137,280,304,378,
226,78,0.860174,136,282,302,375,
260,73,0.773724,133,276,317,380,
286,78,0.632053,129,283,293,385,
287,78,0.848946,131,281,290,382,
288,78,0.920756,134,282,291,381,
289,78,0.918396,132,281,291,381,
290,78,0.975700,128,278,293,385,
291,78,0.982351,128,278,292,386,
292,78,0.986628,127,275,293,386,
293,78,0.984589,126,275,292,386,
294,78,0.978830,129,274,291,386,
295,78,0.977114,127,275,287,386,
296,78,0.966152,125,272,292,385,
297,78,0.974313,127,271,290,387,
298,78,0.959973,124,268,291,385,
299,78,0.975027,128,269,290,389,
300,78,0.981134,127,271,290,387,
301,78,0.956579,128,271,289,386,
302,78,0.968579,127,271,291,389,
303,78,0.964556,127,271,292,386,
304,78,0.982245,127,270,290,384,
305,78,0.973124,127,271,288,384,
306,78,0.973707,126,271,291,386,
307,78,0.974008,134,265,287,381,
308,78,0.949321,132,261,288,391,
309,78,0.943299,126,270,291,389,
310,78,0.969614,126,270,287,383,
311,78,0.937215,132,264,284,386,
312,78,0.977434,132,265,289,389,
313,78,0.984912,131,265,287,388,
314,78,0.947570,132,264,288,381,
315,78,0.959692,131,265,290,387,
316,78,0.960893,131,265,292,390,
317,78,0.961246,131,265,292,386,
318,78,0.947038,131,265,291,388,
319,78,0.969961,131,267,292,388,
320,78,0.965270,130,267,291,389,
321,78,0.958295,128,272,289,392,
322,78,0.979432,132,266,288,386,
323,78,0.978057,127,272,290,388,
324,78,0.972954,128,274,290,387,
325,78,0.961268,128,275,290,384,
326,78,0.971955,127,274,287,381,
327,78,0.973248,127,276,292,386,
328,78,0.956223,129,274,289,386,
329,78,0.958171,131,269,290,383,
330,78,0.960921,128,276,290,383,
331,78,0.959406,127,274,291,383,
332,78,0.962067,127,276,292,385,
333,78,0.968747,129,276,292,385,
334,78,0.966963,132,268,290,385,
335,78,0.971937,127,276,291,384,
336,78,0.969759,128,277,292,388,
337,78,0.958791,128,276,290,384,
338,78,0.968334,127,275,291,386,
339,78,0.967404,127,277,291,386,
340,78,0.962414,127,276,292,384,
341,78,0.976563,129,277,293,386,
342,78,0.971883,130,269,292,384,
343,78,0.973677,127,275,289,381,
344,78,0.963313,129,276,289,383,
345,78,0.965162,127,276,292,388,
346,78,0.970921,128,276,290,383,
347,78,0.973155,127,277,293,386,
348,78,0.965012,128,277,289,383,
349,78,0.969000,128,278,291,387,
350,78,0.956846,128,277,291,385,
351,78,0.974198,127,278,291,384,
352,78,0.978827,128,276,292,386,
353,78,0.974933,128,269,291,388,
354,78,0.978036,129,276,289,381,
355,78,0.969730,127,278,290,385,
356,78,0.968894,128,278,293,386,
357,78,0.936072,128,277,292,386,
358,78,0.945930,129,276,293,388,
359,78,0.958406,127,278,292,390,
360,78,0.982568,128,280,292,383,
361,78,0.989646,129,274,290,388,
362,78,0.973411,126,278,292,386,
363,78,0.965629,127,279,294,391,
364,78,0.969951,131,276,291,389,
365,78,0.958897,132,270,295,390,
366,78,0.936668,126,277,293,389,
367,78,0.960757,129,278,294,385,
368,78,0.961053,130,279,293,384,
369,78,0.958579,128,279,292,383,
370,78,0.954652,128,281,293,385,
371,78,0.924724,133,277,292,393,
372,78,0.944990,134,285,292,386,
373,78,0.937047,135,284,290,386,
374,78,0.909962,130,285,290,389,
375,78,0.916840,131,285,290,387,
376,78,0.947452,128,285,288,386,
377,78,0.957301,129,287,290,386,
378,78,0.920211,129,286,297,389,
379,78,0.874171,133,286,293,388,
380,78,0.968795,131,287,288,386,
381,78,0.930531,132,290,291,386,
382,78,0.975493,131,292,293,383,
383,78,0.812781,132,283,289,383,
384,78,0.778707,130,289,290,385,
385,78,0.909796,131,290,291,384,
386,78,0.909967,131,290,292,384,
387,78,0.566530,131,285,292,381,
388,78,0.723696,132,290,287,381,
389,78,0.889581,136,291,289,380,
390,78,0.818671,133,282,297,379,
399,78,0.679440,145,282,294,381,
402,78,0.920549,151,287,295,380,
403,78,0.896333,138,287,299,391,
404,78,0.910347,138,285,291,401,
405,78,0.783579,134,288,295,407,
408,78,0.703450,140,283,291,406,
409,78,0.941935,137,286,296,408,
410,78,0.889456,133,277,303,410,
411,78,0.974794,138,282,295,409,
412,78,0.986480,134,282,301,413,
413,78,0.980585,135,285,299,408,
414,78,0.983205,136,280,301,410,
415,78,0.989210,134,283,300,410,
416,78,0.993798,132,283,298,410,
417,78,0.995873,132,282,298,408,
418,78,0.996363,132,281,299,406,
419,78,0.994580,129,282,299,406,
420,78,0.994093,129,280,297,403,
421,78,0.989862,127,283,282,401,
422,78,0.993466,128,283,261,402,
423,78,0.995675,133,286,274,398,
424,78,0.992817,126,283,259,400,
425,78,0.995227,127,283,258,396,
426,78,0.993526,126,281,261,397,
427,78,0.987633,126,283,263,397,
428,78,0.989923,127,281,271,396,
429,78,0.992047,127,281,264,395,
430,78,0.975742,129,278,268,393,
431,78,0.989929,128,277,269,390,
432,78,0.987300,128,276,269,388,
433,78,0.997860,129,277,300,389,
434,78,0.996172,128,278,296,387,
435,78,0.996002,126,280,298,388,
436,78,0.994466,128,281,299,388,
437,78,0.995765,128,281,296,386,
438,78,0.995951,128,281,297,386,
439,78,0.994580,128,284,296,385,
440,78,0.996400,125,280,298,386,
441,78,0.994669,128,282,299,384,
442,78,0.997324,129,279,294,387,
443,78,0.994217,125,280,295,386,
444,78,0.996801,124,278,297,385,
445,78,0.995880,126,280,296,385,
446,78,0.998451,129,278,297,385,
447,78,0.997846,127,274,294,384,
448,78,0.996165,128,279,297,386,
449,78,0.993476,121,278,295,386,
450,78,0.997254,126,278,298,385,
451,78,0.996678,124,277,298,385,
452,78,0.995467,123,279,294,386,
453,78,0.996810,126,279,298,385,
454,78,0.996435,123,277,297,385,
455,78,0.996537,124,277,296,385,
456,78,0.995962,125,279,297,385,
457,78,0.997196,125,279,295,384,
458,78,0.997516,124,278,295,383,
459,78,0.995363,124,278,295,384,
460,78,0.996776,126,278,296,384,
461,78,0.996480,126,278,296,385,
462,78,0.996211,125,278,296,385,
463,78,0.996808,125,278,295,384,
464,78,0.997625,124,277,297,385,
465,78,0.997261,126,278,297,384,
466,78,0.998194,127,277,296,386,
467,78,0.996917,120,277,296,385,
468,78,0.996286,127,279,294,384,
469,78,0.993761,124,277,296,383,
470,78,0.996844,127,277,293,385,
471,78,0.995200,124,278,294,384,
472,78,0.997683,127,278,294,384,
473,78,0.996436,124,277,295,384,
474,78,0.998150,128,277,289,385,
475,78,0.994964,125,279,295,383,
476,78,0.993779,121,277,294,385,
477,78,0.995449,123,277,296,383,
478,78,0.995890,125,277,295,383,
479,78,0.993140,123,278,294,384,
480,78,0.996296,127,277,294,384,
481,78,0.995891,122,277,294,384,
482,78,0.995024,124,277,294,384,
483,78,0.996593,123,277,295,383,
484,78,0.995344,124,278,294,384,
485,78,0.996227,125,278,293,384,
486,78,0.995177,122,276,295,384,
487,78,0.994788,126,276,294,384,
488,78,0.994531,124,277,293,384,
489,78,0.991449,124,278,293,383,
490,78,0.994334,127,278,294,383,
491,78,0.995220,122,277,294,384,
492,78,0.990982,119,275,294,385,
493,78,0.995637,122,276,293,384,
494,78,0.997634,127,272,293,384,
495,78,0.994880,123,276,294,384,
496,78,0.995639,124,275,293,384,
497,78,0.995245,124,277,294,384,
498,78,0.997570,129,273,291,383,
499,78,0.993521,122,275,294,383,
500,78,0.998065,126,272,291,383,
501,78,0.998467,127,271,290,383,
502,78,0.996990,121,272,293,384,
503,78,0.998188,131,276,291,384,
504,78,0.994592,123,275,295,385,
505,78,0.997272,126,272,291,384,
506,78,0.995926,123,276,294,384,
507,78,0.998028,124,272,291,385,
508,78,0.994671,124,275,294,384,
509,78,0.995700,119,275,293,385,
510,78,0.997430,127,270,291,385,
511,78,0.998516,125,271,290,385,
512,78,0.997185,127,272,292,385,
513,78,0.996907,126,274,292,385,
514,78,0.997010,127,271,291,383,
515,78,0.998369,126,271,293,383,
516,78,0.998627,127,270,292,384,
517,78,0.997450,125,273,291,383,
518,78,0.998471,119,273,291,385,
519,78,0.998563,125,270,290,384,
520,78,0.998026,123,271,290,384,
521,78,0.997866,124,273,290,383,
522,78,0.998078,125,273,291,385,
523,78,0.997507,124,272,289,384,
524,78,0.998499,127,270,290,385,
525,78,0.998832,127,270,290,384,
526,78,0.997520,126,274,292,385,
527,78,0.998634,125,270,289,383,
528,78,0.997325,125,272,291,383,
529,78,0.998360,124,269,290,384,
530,78,0.998677,128,270,290,383,
531,78,0.998091,123,271,291,382,
532,78,0.997528,125,272,292,383,
533,78,0.998473,127,270,291,385,
534,78,0.998641,127,271,290,384,
535,78,0.998027,125,273,291,383,
536,78,0.998436,127,269,291,385,
537,78,0.997697,123,270,291,382,
538,78,0.998354,125,270,289,383,
539,78,0.998506,126,270,291,385,
540,78,0.997603,126,270,290,383,
541,78,0.998186,126,271,291,383,
542,78,0.998718,124,271,291,383,
543,78,0.997973,124,273,291,384,
544,78,0.998340,125,271,292,382,
545,78,0.995784,123,272,291,384,
546,78,0.995895,123,271,292,386,
547,78,0.996658,121,272,289,385,
548,78,0.998294,125,273,291,384,
549,78,0.997889,126,270,291,384,
550,78,0.998495,126,270,291,383,
551,78,0.996980,125,271,293,384,
552,78,0.997534,126,270,290,382,
553,78,0.997809,125,270,291,383,
554,78,0.996778,125,272,291,385,
555,78,0.998149,128,270,291,384,
556,78,0.996908,127,270,291,383,
557,78,0.997731,121,272,289,385,
