1,1,0.999575,173,59,316,358,
2,1,0.999540,174,59,316,359,
3,1,0.999568,175,60,316,359,
4,1,0.999553,175,59,315,356,
5,1,0.999548,176,60,317,356,
6,1,0.999517,176,59,317,361,
7,1,0.999505,178,59,317,357,
8,1,0.999543,177,59,318,355,
9,1,0.999479,178,60,318,354,
10,1,0.999519,177,58,318,354,
11,1,0.999378,177,59,319,356,
12,1,0.999550,177,60,318,354,
13,1,0.999476,178,59,319,354,
14,1,0.999492,178,59,319,356,
15,1,0.999524,179,59,320,357,
16,1,0.999577,178,59,321,355,
17,1,0.999467,181,58,323,353,
18,1,0.999539,181,58,326,352,
19,1,0.999508,185,58,327,352,
20,1,0.999539,185,56,330,350,
21,1,0.999576,185,56,331,350,
22,1,0.999627,185,57,334,351,
23,1,0.999686,189,55,337,350,
24,1,0.999688,190,56,341,351,
25,1,0.999591,193,55,344,348,
26,1,0.999690,195,54,346,347,
27,1,0.999639,196,52,347,348,
28,1,0.999655,202,52,352,350,
29,1,0.999731,205,52,356,349,
30,1,0.999739,207,51,357,346,
31,1,0.999716,208,49,358,345,
32,1,0.999757,208,50,363,344,
33,1,0.999754,212,50,365,346,
34,1,0.999738,214,49,370,347,
35,1,0.999737,217,51,372,347,
36,1,0.999720,217,50,371,347,
37,1,0.999725,218,51,373,347,
38,1,0.999701,218,52,372,351,
39,1,0.999766,219,52,374,354,
40,1,0.999782,219,52,376,363,
41,1,0.999808,220,52,377,376,
42,1,0.999763,220,54,380,376,
43,1,0.999692,220,53,377,368,
44,1,0.999628,221,53,380,370,
45,1,0.999777,219,55,380,373,
46,1,0.999739,220,52,382,372,
47,1,0.999652,221,54,382,367,
48,1,0.999603,221,52,377,371,
49,1,0.999510,220,54,380,365,
50,1,0.999445,219,55,382,364,
51,1,0.999301,219,58,385,364,
52,1,0.999301,220,53,389,366,
53,1,0.999452,220,53,387,367,
54,1,0.999424,220,54,391,369,
55,1,0.998993,221,52,391,366,
56,1,0.999172,222,53,392,365,
57,1,0.999668,221,55,394,362,
58,1,0.999571,221,54,393,363,
59,1,0.999464,222,52,392,367,
60,1,0.999225,222,53,389,367,
61,1,0.999452,221,51,392,378,
62,1,0.999558,223,52,391,379,
63,1,0.999630,223,52,390,380,
64,1,0.999646,223,53,391,376,
65,1,0.999592,223,52,392,376,
66,1,0.999617,223,54,392,358,
67,1,0.999638,222,53,390,356,
68,1,0.999592,222,53,389,355,
69,1,0.999632,222,53,390,360,
70,1,0.999526,222,52,388,361,
71,1,0.999089,221,51,387,361,
72,1,0.999480,221,53,388,359,
73,1,0.999257,220,55,388,361,
74,1,0.999220,220,49,388,368,
75,1,0.999131,219,57,387,367,
76,1,0.999113,221,50,386,366,
77,1,0.999367,220,52,390,369,
78,1,0.999107,220,54,390,364,
79,1,0.998712,221,58,388,366,
80,1,0.999259,221,51,390,372,
81,1,0.999449,221,52,390,370,
82,1,0.999496,221,52,389,370,
83,1,0.999492,221,52,388,366,
84,1,0.999401,221,52,388,367,
85,1,0.999570,221,52,389,364,
86,1,0.999530,222,52,389,364,
87,1,0.999587,222,52,387,364,
88,1,0.999548,222,52,387,362,
89,1,0.999569,222,52,388,362,
90,1,0.999498,222,52,389,364,
91,1,0.999586,222,52,388,361,
92,1,0.999636,221,53,389,363,
93,1,0.999461,221,52,388,367,
94,1,0.999523,223,53,387,364,
95,1,0.999578,221,52,388,364,
96,1,0.999521,221,52,388,364,
97,1,0.999507,221,52,386,366,
98,1,0.999530,221,52,388,367,
99,1,0.999580,221,53,388,362,
100,1,0.999460,221,52,388,363,
101,1,0.999347,221,52,390,365,
102,1,0.999369,221,51,388,365,
103,1,0.999486,221,52,390,366,
104,1,0.999466,220,52,389,366,
105,1,0.999495,220,52,389,366,
106,1,0.999557,220,52,389,369,
107,1,0.999601,221,51,390,368,
108,1,0.999300,221,51,389,368,
109,1,0.999584,220,52,391,365,
110,1,0.999657,221,52,390,363,
111,1,0.999659,221,53,390,365,
112,1,0.999617,221,53,392,369,
113,1,0.999571,220,54,392,365,
114,1,0.999628,220,55,394,363,
115,1,0.999618,220,55,391,364,
116,1,0.999559,221,53,390,368,
117,1,0.999462,222,53,392,368,
118,1,0.999443,220,53,392,367,
119,1,0.999586,221,55,392,366,
120,1,0.999362,222,52,391,365,
121,1,0.999553,222,54,390,365,
122,1,0.999577,220,55,394,362,
123,1,0.999613,220,56,396,366,
124,1,0.999752,220,57,393,366,
125,1,0.999690,220,55,396,363,
126,1,0.999724,221,57,397,362,
127,1,0.999726,221,57,398,361,
128,1,0.999385,222,55,395,364,
129,1,0.999606,220,58,389,357,
130,1,0.999420,220,56,390,364,
131,1,0.999754,221,57,392,366,
132,1,0.999829,220,59,397,360,
133,1,0.999757,222,58,397,367,
134,1,0.999608,220,58,390,369,
135,1,0.999514,220,58,392,361,
136,1,0.999544,223,60,390,368,
137,1,0.999533,223,60,389,365,
138,1,0.999573,225,59,390,362,
139,1,0.999612,226,58,391,371,
140,1,0.999457,224,58,387,372,
141,1,0.999668,225,58,386,372,
142,1,0.999621,225,60,386,367,
143,1,0.999597,227,59,386,375,
144,1,0.999602,227,57,379,378,
145,1,0.999724,229,57,375,374,
146,1,0.999765,229,55,372,376,
147,1,0.999562,230,57,373,376,
148,1,0.999678,231,57,372,373,
149,1,0.999594,229,59,373,366,
150,1,0.999635,230,58,374,363,
151,1,0.999631,230,59,374,357,
152,1,0.999663,229,58,374,356,
153,1,0.999668,229,59,374,363,
154,1,0.999752,227,58,373,362,
155,1,0.999705,227,60,374,358,
156,1,0.999661,226,59,374,362,
157,1,0.999409,225,60,373,365,
158,1,0.999583,224,58,373,364,
159,1,0.999766,223,57,374,360,
160,1,0.999591,221,57,372,360,
161,1,0.999705,221,55,373,352,
162,1,0.999616,219,54,371,349,
163,1,0.999679,218,55,371,351,
164,1,0.999618,217,56,370,348,
165,1,0.999646,217,56,366,347,
166,1,0.999657,215,54,367,348,
167,1,0.999676,216,53,365,350,
168,1,0.999684,216,53,364,351,
169,1,0.999720,212,50,363,349,
170,1,0.999764,211,50,361,349,
171,1,0.999721,209,50,360,347,
172,1,0.999743,208,50,360,347,
173,1,0.999670,207,50,359,350,
174,1,0.999690,206,48,359,350,
175,1,0.999643,205,48,360,355,
176,1,0.999628,204,50,360,353,
177,1,0.999565,203,49,360,354,
178,1,0.999637,203,48,359,355,
179,1,0.999588,203,50,357,355,
180,1,0.999504,205,49,358,353,
181,1,0.999488,205,50,357,353,
182,1,0.999601,206,48,355,352,
183,1,0.999496,207,50,353,353,
184,1,0.999633,207,50,353,357,
185,1,0.999434,209,51,350,349,
186,1,0.999260,208,49,350,347,
187,1,0.999478,208,51,350,344,
188,1,0.999337,209,51,349,347,
189,1,0.999125,210,53,349,351,
190,1,0.999402,210,53,348,349,
191,1,0.999217,210,55,348,353,
192,1,0.999214,211,54,350,354,
193,1,0.999351,210,55,351,359,
194,1,0.999355,210,57,351,360,
195,1,0.999404,210,57,351,358,
196,1,0.999423,209,56,351,359,
197,1,0.999267,209,57,352,365,
198,1,0.999353,209,58,352,366,
199,1,0.999387,208,59,351,364,
200,1,0.999452,208,59,351,363,
201,1,0.999515,208,58,350,360,
202,1,0.999452,208,58,350,359,
203,1,0.999477,208,57,348,361,
204,1,0.999324,208,57,347,361,
205,1,0.999241,208,58,348,357,
206,1,0.999374,208,59,348,358,
207,1,0.999362,207,57,345,356,
208,1,0.999329,207,56,345,358,
209,1,0.999260,207,57,346,359,
210,1,0.999200,208,59,345,361,
211,1,0.999330,208,57,346,364,
212,1,0.999389,207,57,345,360,
213,1,0.999222,207,58,345,357,
214,1,0.999341,206,59,345,353,
215,1,0.999426,205,57,345,349,
216,1,0.999485,206,57,345,350,
217,1,0.999458,205,56,345,349,
218,1,0.999460,205,58,344,348,
219,1,0.999374,203,57,344,347,
220,1,0.999202,203,56,344,345,
221,1,0.999158,204,54,347,358,
222,1,0.998915,203,56,345,345,
223,1,0.999460,202,52,344,353,
224,1,0.998992,202,52,343,353,
225,1,0.998742,201,52,343,348,
226,1,0.999235,202,52,340,357,
227,1,0.999118,198,53,341,352,
228,1,0.998569,196,51,339,342,
229,1,0.998839,193,51,337,339,
230,1,0.998008,192,50,335,333,
231,1,0.998842,189,51,334,327,
232,1,0.998702,188,50,332,327,
233,1,0.999017,184,52,330,332,
234,1,0.999062,179,53,329,328,
235,1,0.999305,168,54,327,330,
236,1,0.999241,162,55,324,333,
237,1,0.999474,161,56,321,338,
238,1,0.999661,154,56,319,335,
239,1,0.999464,150,56,318,338,
240,1,0.999547,145,56,318,346,
241,1,0.999633,140,57,315,351,
242,1,0.999650,139,60,314,352,
243,1,0.999788,132,61,311,356,
244,1,0.999723,130,63,309,360,
245,1,0.999709,125,64,308,362,
246,1,0.999731,124,64,309,355,
247,1,0.999749,124,64,308,356,
248,1,0.999710,120,65,307,360,
249,1,0.999583,123,66,308,359,
250,1,0.999520,121,67,308,358,
251,1,0.999629,119,69,308,359,
252,1,0.999475,120,70,309,362,
253,1,0.999578,118,68,311,362,
254,1,0.999507,118,72,308,357,
255,1,0.999773,115,70,310,361,
256,1,0.999585,116,68,309,361,
257,1,0.999721,117,68,309,361,
258,1,0.999773,115,69,310,363,
259,1,0.999705,117,68,309,362,
260,1,0.999570,117,72,308,358,
261,1,0.999563,117,70,309,357,
262,1,0.999517,116,72,308,359,
263,1,0.999564,114,69,307,361,
264,1,0.999721,111,69,306,362,
265,1,0.999701,113,70,310,363,
266,1,0.999542,109,67,305,352,
267,1,0.999660,108,68,308,360,
268,1,0.999720,108,67,307,356,
269,1,0.999679,108,68,310,351,
270,1,0.999670,110,66,308,351,
271,1,0.999482,111,66,309,353,
272,1,0.999266,119,63,308,360,
273,1,0.999509,124,67,310,356,
274,1,0.999419,128,66,314,353,
275,1,0.999776,131,65,313,351,
276,1,0.999480,136,63,317,351,
277,1,0.999514,144,62,323,347,
278,1,0.998881,155,62,321,351,
279,1,0.999486,167,61,323,350,
280,1,0.999465,174,59,325,350,
281,1,0.999543,178,60,328,350,
282,1,0.999389,181,59,333,349,
283,1,0.999425,183,59,335,348,
284,1,0.999338,185,58,335,350,
285,1,0.999423,188,58,336,351,
286,1,0.999455,185,58,337,354,
287,1,0.999502,191,60,340,351,
288,1,0.999207,194,60,343,348,
289,1,0.999317,197,61,345,349,
290,1,0.999131,200,60,345,350,
291,1,0.999341,203,61,344,349,
292,1,0.999164,204,61,345,351,
293,1,0.999378,207,60,346,353,
294,1,0.999304,208,61,346,356,
295,1,0.999278,210,60,347,356,
296,1,0.999304,210,61,347,364,
297,1,0.999287,211,61,346,365,
298,1,0.999345,212,61,345,371,
299,1,0.999387,212,61,345,369,
300,1,0.999475,214,62,347,375,
301,1,0.999331,214,61,346,374,
302,1,0.999348,215,63,347,372,
303,1,0.999410,215,63,347,375,
304,1,0.999412,216,63,347,377,
305,1,0.999394,217,64,347,376,
306,1,0.999406,217,64,347,379,
307,1,0.999391,217,65,348,375,
308,1,0.999306,218,65,347,372,
309,1,0.999339,218,66,347,373,
310,1,0.999344,218,65,348,374,
311,1,0.999239,218,65,350,377,
312,1,0.999321,219,67,350,377,
313,1,0.999308,219,66,350,378,
314,1,0.999376,219,66,351,377,
315,1,0.999344,219,65,351,378,
316,1,0.999395,219,66,350,374,
317,1,0.999174,218,67,352,369,
318,1,0.999334,219,67,351,364,
319,1,0.999230,218,68,350,362,
320,1,0.999312,219,68,352,369,
321,1,0.999502,219,69,350,361,
322,1,0.999507,219,67,349,357,
323,1,0.999469,219,67,350,357,
324,1,0.999536,219,65,351,355,
325,1,0.999285,220,63,351,360,
326,1,0.998996,221,62,351,367,
327,1,0.999183,220,61,353,366,
328,1,0.998919,220,60,353,362,
329,1,0.999086,220,59,353,349,
330,1,0.998699,220,58,354,364,
331,1,0.998987,220,57,355,364,
332,1,0.999125,221,55,356,360,
333,1,0.999153,221,54,356,359,
334,1,0.999112,222,53,357,351,
335,1,0.999270,222,54,358,351,
336,1,0.999431,224,55,359,344,
337,1,0.999133,224,54,360,344,
338,1,0.998997,225,53,363,343,
339,1,0.998720,227,53,366,345,
340,1,0.998941,229,53,368,346,
341,1,0.999162,232,55,373,344,
342,1,0.998677,235,55,379,347,
343,1,0.998413,236,56,386,350,
344,1,0.998908,240,57,388,352,
345,1,0.999005,239,55,391,349,
346,1,0.998829,242,55,391,349,
347,1,0.998604,242,55,393,359,
348,1,0.998658,240,60,398,353,
349,1,0.999202,241,59,400,356,
350,1,0.999002,245,63,408,348,
351,1,0.999084,241,62,403,352,
352,1,0.999123,241,64,404,353,
353,1,0.998956,242,70,409,353,
354,1,0.999379,244,69,414,351,
355,1,0.999356,244,71,416,349,
356,1,0.999518,241,71,418,347,
357,1,0.999138,244,71,420,348,
358,1,0.999386,243,72,419,351,
359,1,0.999374,243,74,426,350,
360,1,0.999056,241,75,425,350,
361,1,0.999451,242,76,425,352,
362,1,0.999325,244,79,425,357,
363,1,0.999169,244,78,421,356,
364,1,0.999303,245,80,424,356,
365,1,0.999330,246,80,423,353,
366,1,0.999139,245,81,426,354,
367,1,0.999305,248,82,422,353,
368,1,0.999457,244,82,424,353,
369,1,0.999537,244,83,424,351,
370,1,0.999113,247,84,426,352,
371,1,0.999147,246,85,423,350,
372,1,0.999558,249,84,425,353,
373,1,0.999194,245,84,426,354,
374,1,0.999080,246,84,426,353,
375,1,0.999326,246,82,424,354,
376,1,0.999281,247,84,422,356,
377,1,0.999424,247,82,423,356,
378,1,0.998952,249,81,422,351,
379,1,0.999394,247,84,420,347,
380,1,0.999000,252,81,423,349,
381,1,0.999174,250,78,420,351,
382,1,0.999366,248,76,423,348,
383,1,0.999513,248,75,424,350,
384,1,0.999501,245,75,420,351,
385,1,0.999247,245,71,415,350,
386,1,0.999281,243,69,410,350,
387,1,0.999433,244,69,410,347,
388,1,0.998909,250,67,404,349,
389,1,0.999172,245,66,398,351,
390,1,0.999314,248,65,391,350,
391,1,0.999235,248,62,389,349,
392,1,0.999294,248,62,387,351,
393,1,0.999210,247,60,385,353,
394,1,0.999091,245,59,384,353,
395,1,0.999290,246,60,383,353,
396,1,0.999197,245,59,381,356,
397,1,0.999430,243,57,381,355,
398,1,0.999532,240,56,382,352,
399,1,0.999630,237,56,378,348,
400,1,0.999553,239,56,376,350,
401,1,0.999579,237,56,374,349,
402,1,0.999465,237,53,370,346,
403,1,0.999385,235,54,369,346,
404,1,0.999499,231,55,368,349,
405,1,0.999468,230,56,367,349,
406,1,0.999582,227,56,362,343,
407,1,0.999597,222,57,362,346,
408,1,0.999506,220,55,358,348,
409,1,0.999240,219,57,357,349,
410,1,0.999321,211,56,355,351,
411,1,0.999368,210,55,351,352,
412,1,0.999567,208,56,351,350,
413,1,0.999607,204,56,350,348,
414,1,0.999506,197,57,347,348,
415,1,0.999684,197,56,344,347,
416,1,0.999551,195,53,342,350,
417,1,0.999549,191,53,340,351,
418,1,0.999547,187,55,340,349,
419,1,0.999598,186,53,339,349,
420,1,0.999591,185,54,338,349,
421,1,0.999661,185,53,333,352,
422,1,0.999684,186,53,334,351,
423,1,0.999610,188,53,334,352,
424,1,0.999645,186,53,334,351,
425,1,0.999561,184,55,333,350,
426,1,0.999587,185,55,333,351,
427,1,0.999559,185,53,333,350,
428,1,0.999460,186,53,333,350,
429,1,0.999465,186,53,334,350,
430,1,0.999408,186,53,333,350,
431,1,0.999511,187,54,334,351,
432,1,0.999488,186,54,334,350,
433,1,0.999475,188,53,334,351,
434,1,0.999508,187,53,334,351,
435,1,0.999589,188,55,334,351,
436,1,0.999506,186,54,333,351,
437,1,0.999560,189,53,334,351,
438,1,0.999496,189,54,335,351,
439,1,0.999552,188,54,333,351,
440,1,0.999562,188,54,334,352,
441,1,0.999536,190,54,334,352,
442,1,0.999621,186,54,335,351,
443,1,0.999648,187,53,336,351,
