1,294,30,315,76,292,111,281,161,267,220,360,99,368,179,355,244,290,206,301,293,331,348,324,209,321,324,330,348
2,293,32,315,77,291,111,282,160,269,217,360,100,368,178,355,245,289,208,321,331,335,347,323,212,321,326,355,246
3,294,30,315,76,291,111,281,161,266,223,359,99,368,178,355,244,290,206,321,329,334,348,324,210,321,325,355,245
4,294,31,315,76,291,111,280,161,266,223,359,99,368,175,355,244,290,206,321,330,337,348,324,210,321,324,355,246
5,294,30,314,76,291,111,282,160,268,219,359,99,368,179,355,244,289,206,321,327,333,348,325,209,322,326,354,244
6,293,31,314,77,291,111,282,161,268,221,360,99,368,179,355,245,289,211,320,332,334,347,326,215,322,327,354,246
7,294,31,315,76,291,111,281,161,268,219,359,99,368,173,355,244,290,207,322,333,331,348,324,210,321,325,327,348
8,294,31,314,76,291,111,282,161,269,218,359,99,368,178,354,245,289,209,320,330,335,347,324,213,322,326,354,248
9,294,30,314,76,291,111,280,162,266,222,359,99,368,177,355,244,290,208,320,328,337,348,325,212,321,326,355,245
10,295,30,314,76,291,111,282,160,269,218,359,99,368,178,355,243,289,206,300,292,331,348,323,209,321,325,330,348
11,293,31,314,77,291,112,282,161,269,219,359,99,368,177,355,244,289,210,321,333,333,347,324,214,322,326,354,245
12,294,30,314,76,291,112,282,160,269,219,359,99,368,177,355,244,289,207,320,328,334,348,324,210,321,326,354,247
13,293,30,314,76,291,111,282,160,270,217,359,99,367,174,354,245,289,210,321,332,331,347,324,214,322,327,354,248
14,293,31,314,77,291,111,282,160,270,216,359,99,367,175,355,244,288,207,318,330,329,346,324,209,322,326,327,346
15,293,31,314,77,291,112,283,161,269,218,359,100,367,180,354,245,288,209,321,334,330,346,324,212,322,327,328,346
16,293,31,314,76,292,111,283,160,268,221,359,99,366,183,353,246,288,208,322,332,330,347,323,211,323,326,328,347
17,294,29,314,75,292,111,282,161,269,217,359,99,367,187,353,245,289,205,322,334,331,348,325,209,322,327,329,348
18,293,31,314,76,292,111,283,160,268,220,359,99,367,183,353,246,288,207,298,284,330,347,324,210,321,326,328,347
19,292,31,314,76,292,111,283,161,267,223,359,99,367,182,353,246,289,207,299,285,329,347,324,210,321,327,329,347
20,292,31,314,76,292,111,282,161,267,222,358,98,367,180,353,246,288,206,296,283,329,347,324,210,320,325,328,347
21,293,31,313,76,292,111,281,162,265,226,358,98,367,188,353,246,289,207,297,283,329,347,324,210,322,326,328,347
22,292,31,314,77,292,111,281,161,264,227,358,99,366,183,353,246,288,207,320,333,330,346,325,210,322,326,329,346
23,294,31,314,77,292,110,281,162,265,225,358,99,367,178,353,244,290,205,303,275,327,344,325,208,315,276,327,344
24,292,32,313,77,292,112,281,163,264,226,358,99,367,180,352,244,292,201,304,271,325,343,325,204,317,274,325,343
25,292,31,313,77,293,111,282,162,266,223,358,98,366,180,353,246,289,207,301,281,327,345,324,210,314,281,328,345
26,290,31,313,76,293,111,281,161,266,224,358,98,366,181,353,246,288,206,299,280,325,338,322,209,315,277,328,347
27,291,31,314,77,294,111,283,157,274,211,357,98,368,172,352,246,289,206,300,278,329,338,321,209,316,277,327,346
28,290,31,314,76,295,110,285,155,277,193,357,98,367,174,353,244,290,207,302,279,328,337,321,209,316,274,326,346
29,290,33,314,78,295,110,285,156,279,202,357,97,367,171,353,243,291,208,299,287,327,338,322,210,315,280,328,347
30,288,34,313,78,295,111,286,158,277,200,356,98,367,170,351,246,290,207,303,281,329,345,321,210,314,282,326,345
31,283,37,313,79,297,109,289,160,286,208,355,97,367,166,352,244,290,206,301,283,328,340,322,209,314,279,330,349
32,283,40,313,80,298,109,291,158,286,208,355,97,367,169,351,246,290,206,299,284,328,340,323,208,313,282,329,349
33,281,41,312,80,298,109,292,159,289,209,354,97,366,155,350,246,292,207,302,280,325,332,325,210,314,276,328,348
34,279,41,311,80,298,109,292,160,290,209,354,97,365,157,350,246,292,207,305,277,325,332,325,211,315,275,327,348
35,278,43,311,81,299,109,290,159,290,208,353,97,363,209,350,247,293,206,305,277,326,334,325,210,315,275,326,348
36,275,45,310,81,298,108,290,155,286,203,352,97,362,210,349,248,291,206,303,277,327,339,324,210,315,276,326,348
37,274,44,309,80,299,107,290,153,284,199,352,96,361,210,348,248,291,204,300,279,333,346,323,209,312,282,325,346
38,274,45,309,81,299,108,289,154,285,198,351,96,361,210,348,249,292,205,300,278,326,338,325,211,314,278,327,347
39,274,45,309,81,299,107,295,152,284,197,350,96,361,212,347,251,293,204,323,328,331,349,325,211,323,326,330,349
40,271,48,308,82,300,104,295,151,284,194,348,95,361,210,347,249,295,202,308,277,325,338,327,210,314,276,327,348
41,270,49,307,83,299,108,295,151,285,196,348,95,361,209,349,249,294,202,305,275,328,336,326,209,314,274,326,347
42,267,50,306,82,298,107,294,155,285,198,347,94,361,166,348,247,294,203,306,277,330,340,325,210,314,277,328,348
43,266,50,304,82,299,110,295,155,285,195,345,94,362,166,347,248,294,205,299,283,327,348,324,211,307,285,326,348
44,264,52,303,83,296,108,296,154,284,196,345,94,363,161,347,249,295,205,311,279,329,341,325,211,316,279,329,350
45,264,52,303,84,297,108,296,155,284,197,343,93,362,166,348,246,296,205,313,278,331,350,325,211,316,278,328,350
46,264,53,302,85,297,112,294,157,284,197,342,93,361,159,348,243,297,207,312,280,332,351,325,211,316,281,328,351
47,262,53,301,85,295,112,293,157,283,198,341,93,360,158,348,246,297,208,312,279,332,338,326,212,316,280,329,352
48,260,53,300,85,295,111,292,156,282,197,340,92,360,161,348,245,298,212,312,280,330,341,328,214,315,284,329,351
49,261,53,300,86,294,112,291,158,281,198,340,92,359,159,348,245,298,210,311,279,329,342,329,213,315,282,329,352
50,258,56,299,86,292,112,291,157,278,198,339,91,360,159,348,244,295,210,306,285,331,345,325,214,322,323,331,355
51,258,56,298,86,292,112,291,158,278,198,338,91,360,159,348,245,297,212,307,288,332,348,326,214,322,326,331,356
52,256,57,297,87,292,115,291,158,279,196,338,91,360,161,349,244,296,212,305,293,334,347,325,215,323,328,329,357
53,255,58,297,87,292,115,290,162,274,204,337,92,360,161,349,244,296,213,319,323,334,347,325,216,323,330,344,244
54,254,60,296,88,291,117,290,164,270,210,336,92,361,161,350,245,296,213,310,307,300,359,326,215,323,331,348,251
55,253,60,295,89,291,117,289,165,267,214,336,92,360,158,352,245,295,213,323,328,300,359,324,214,322,332,349,250
56,254,61,296,89,290,117,289,163,274,203,336,92,360,156,352,243,295,212,326,333,300,360,325,213,323,332,349,246
57,253,63,296,90,290,117,289,161,275,201,335,91,360,158,352,244,296,212,306,302,300,360,325,214,324,330,348,246
58,252,64,295,90,290,117,288,163,271,208,334,91,361,160,353,244,297,212,321,327,302,364,325,215,324,333,353,249
59,252,63,294,90,288,119,288,163,271,206,333,91,361,162,353,244,295,213,325,332,301,361,327,215,322,333,350,247
60,251,64,293,90,289,118,288,163,271,208,334,91,361,160,355,242,296,212,325,326,304,364,325,213,323,333,349,241
61,251,64,294,90,289,119,287,166,269,210,333,91,361,161,355,242,296,213,324,327,305,363,326,215,323,333,349,244
62,250,67,293,92,288,123,285,170,268,213,332,91,362,161,355,242,295,214,325,326,327,358,329,215,323,331,348,242
63,251,63,292,92,286,124,285,167,271,206,332,92,361,161,355,242,295,213,325,328,302,361,328,214,322,333,348,241
64,249,66,292,92,286,123,285,170,268,213,332,92,361,161,355,242,296,216,326,329,301,359,330,217,323,333,349,243
65,248,68,292,93,286,123,285,171,268,212,331,91,362,163,355,243,295,216,325,331,301,359,328,218,324,334,349,244
66,248,68,292,93,286,123,284,171,268,212,331,92,362,163,355,241,295,215,308,312,300,359,328,217,324,332,349,244
67,247,67,291,92,286,122,284,170,268,211,330,92,362,162,355,241,295,215,320,329,300,358,330,217,325,333,349,244
68,248,68,291,94,285,123,284,173,268,211,330,92,362,161,356,238,296,213,321,330,300,360,327,215,325,333,348,238
69,247,69,291,94,284,125,284,174,268,212,330,92,362,160,355,239,296,213,325,329,300,360,328,214,324,333,348,239
70,248,66,290,94,283,126,283,172,271,209,330,91,361,159,355,240,297,212,323,329,305,364,329,213,324,333,350,241
71,247,68,290,95,283,126,284,172,270,208,330,92,360,157,355,240,295,214,303,312,299,361,327,216,325,333,348,240
72,247,69,290,95,283,126,283,173,270,209,329,92,361,159,355,241,296,214,319,327,300,362,331,215,325,333,348,241
73,248,66,290,95,283,125,283,171,271,208,329,92,361,160,355,239,296,214,308,310,302,364,330,215,324,332,350,242
74,246,67,290,95,283,125,283,173,269,210,329,92,361,161,356,240,296,214,304,307,299,364,331,215,325,332,338,356
75,245,69,289,94,283,125,283,174,268,212,328,92,359,160,356,238,295,215,305,306,300,360,330,217,325,332,353,241
76,244,69,288,94,283,125,283,174,267,213,328,92,360,160,355,237,296,214,308,311,300,359,326,215,325,331,348,237
77,244,69,289,94,283,125,283,174,267,213,327,92,360,160,356,236,295,214,306,307,299,359,327,216,325,331,348,237
78,245,68,289,94,284,125,283,175,265,215,327,92,360,162,356,236,295,213,305,309,299,359,326,214,325,330,349,237
79,245,69,289,95,283,125,283,175,268,212,326,91,360,162,355,236,296,213,326,327,300,358,329,216,325,332,349,239
80,244,69,289,95,283,126,283,177,267,213,326,92,359,161,355,237,295,214,306,311,299,358,328,217,325,332,348,237
81,244,69,289,95,283,126,283,177,266,214,326,91,359,161,354,237,295,212,326,328,299,358,329,214,326,332,348,236
82,244,69,288,95,283,126,283,178,265,216,326,92,358,157,354,237,295,213,304,309,298,359,329,213,325,331,347,237
83,244,68,288,94,283,126,284,177,265,217,326,92,360,161,355,237,294,213,305,307,298,359,328,215,325,330,336,351
84,243,70,288,95,283,126,284,176,265,216,326,92,358,155,354,237,295,214,305,307,299,360,327,216,325,329,348,239
85,244,70,288,95,283,126,285,177,265,217,326,92,358,158,355,236,294,213,304,306,298,359,327,214,324,331,350,237
86,244,69,288,95,283,126,285,177,264,217,326,92,359,159,355,236,294,213,303,306,298,358,327,215,325,331,336,348
87,244,69,288,95,283,126,285,177,265,216,326,92,358,159,355,237,294,213,305,307,298,359,328,215,325,329,351,240
88,243,71,288,95,283,125,285,180,262,219,326,92,357,154,354,238,294,212,305,306,296,359,328,213,324,328,351,240
89,243,70,287,95,283,127,284,177,265,216,326,91,359,159,355,238,296,214,325,326,301,357,329,215,325,331,353,242
90,243,71,288,95,283,126,285,175,265,216,326,91,359,161,355,238,295,213,325,326,300,357,329,215,324,331,354,242
91,243,71,287,96,283,126,284,177,264,216,326,91,358,158,355,236,296,213,306,308,300,313,330,215,326,330,352,242
92,243,70,287,95,283,126,285,174,266,213,326,91,359,160,355,237,296,213,310,310,299,357,328,215,326,330,353,242
93,243,70,287,95,283,126,284,175,266,213,325,91,359,160,355,236,295,212,306,306,299,358,327,213,326,331,348,236
94,243,72,287,95,283,125,284,175,266,213,325,91,358,159,355,235,294,213,306,306,299,358,325,214,325,329,348,236
95,243,73,287,95,284,125,284,175,265,214,325,91,359,160,355,236,294,213,305,306,299,358,325,214,325,330,348,236
96,243,71,288,95,284,125,284,177,262,217,326,92,359,162,355,235,295,215,307,304,299,356,329,216,325,329,353,240
97,243,70,288,95,284,125,284,175,263,216,326,92,360,161,356,235,296,213,306,306,298,356,329,214,325,330,352,241
98,243,70,288,95,284,125,285,172,267,211,326,92,360,163,355,236,296,214,307,307,298,356,329,215,326,328,354,240
99,243,71,288,95,283,125,285,172,268,209,327,92,360,164,355,235,296,213,324,323,328,356,328,214,325,329,353,240
100,243,70,288,95,284,124,285,173,266,212,325,92,358,162,355,237,296,214,321,327,300,357,329,215,325,331,353,241
101,242,70,288,95,284,124,285,171,268,210,327,92,359,161,354,236,296,212,323,322,300,357,328,214,325,330,352,241
102,243,71,288,95,283,124,285,169,269,208,326,92,359,160,354,236,295,214,326,326,301,356,327,215,323,330,348,241
103,243,71,288,95,284,123,286,171,267,211,325,92,358,160,354,236,295,213,318,319,300,357,326,214,325,329,347,235
104,243,69,287,94,283,123,285,170,267,211,325,92,358,163,354,237,295,215,323,325,300,357,326,215,324,330,348,236
105,244,68,288,95,283,124,286,169,271,207,326,92,359,162,354,236,294,214,325,327,299,356,328,215,323,330,351,240
106,242,69,287,95,283,124,286,170,271,208,326,92,359,162,353,236,294,214,326,327,328,356,328,215,323,330,329,356
107,243,69,288,95,283,122,287,171,272,207,326,93,357,156,352,237,295,209,326,327,327,354,326,210,324,329,347,239
108,243,69,288,95,283,123,287,170,270,209,326,92,358,159,353,235,295,212,324,326,299,356,328,212,323,330,352,240
109,243,69,288,94,285,122,287,171,268,212,326,93,358,163,353,236,295,211,325,326,327,353,327,213,322,329,326,353
110,243,69,287,94,284,122,287,169,270,210,326,93,358,162,353,234,295,213,324,324,328,353,327,213,323,329,351,238
111,243,70,288,94,284,122,285,172,266,215,327,93,359,164,353,235,294,212,325,325,299,355,326,212,323,329,352,239
112,243,68,287,94,284,121,286,171,266,213,327,93,358,162,353,237,294,212,326,325,298,354,326,211,323,329,348,239
113,243,67,287,93,284,121,287,173,263,215,327,94,358,161,353,237,293,213,323,325,298,353,326,213,323,328,346,238
114,243,68,287,93,284,122,289,172,266,212,326,93,358,162,353,236,293,213,324,326,330,352,327,213,323,328,347,237
115,244,68,288,94,283,124,289,177,258,218,327,94,358,164,353,236,292,213,324,326,330,353,325,213,322,327,347,237
116,243,67,286,93,283,124,291,175,263,213,327,93,358,164,353,237,292,212,324,326,332,351,327,213,323,326,347,237
117,244,67,287,93,283,124,289,180,256,217,327,93,358,163,353,238,291,212,324,326,329,351,327,212,322,327,347,237
118,244,67,288,93,283,125,287,180,250,218,328,93,358,164,352,238,291,213,324,324,299,354,324,212,322,328,347,239
119,244,67,288,93,283,124,285,177,249,218,329,93,359,164,353,237,291,211,323,323,299,355,325,211,323,327,347,234
120,245,66,288,92,283,122,284,177,253,215,328,93,359,165,353,238,291,213,322,326,299,356,325,214,323,329,348,238
121,245,65,288,92,284,120,283,181,249,215,329,94,360,165,353,238,292,211,319,320,299,356,326,211,323,327,349,240
122,246,65,289,91,285,120,280,185,248,213,329,93,360,167,354,235,291,214,307,305,298,356,323,214,322,328,350,235
123,246,66,289,91,287,122,277,189,237,217,329,93,360,163,354,235,292,213,306,301,298,357,324,211,322,329,291,75
124,247,65,289,92,286,122,275,187,235,216,330,94,361,166,353,237,293,211,322,323,297,356,330,211,323,330,350,241
125,247,64,289,91,286,121,278,176,247,209,330,94,361,166,353,237,293,211,325,326,297,355,326,210,323,330,351,242
126,247,64,289,92,285,122,277,173,251,205,329,94,361,165,353,239,294,210,325,326,296,355,327,210,323,330,350,241
127,247,64,288,92,284,123,276,171,254,203,329,93,361,163,353,236,295,211,323,323,331,351,329,211,323,327,290,76
128,248,63,289,92,283,123,275,171,253,203,329,93,361,165,354,236,296,211,324,324,327,352,329,212,323,328,294,77
129,248,64,289,93,282,125,274,171,252,203,330,93,362,165,355,238,295,210,325,323,298,354,327,209,323,328,352,241
130,248,64,289,93,281,126,273,176,249,204,331,93,363,166,356,234,296,211,324,324,298,356,329,211,324,330,354,235
131,249,64,289,93,281,125,272,176,248,204,332,93,363,167,358,235,296,210,304,308,296,356,329,211,325,328,354,236
132,248,63,289,93,280,126,271,178,244,206,332,93,363,166,359,235,296,210,303,309,275,352,328,211,324,328,290,77
133,248,63,289,92,280,126,269,177,243,206,332,92,363,166,358,234,295,209,303,309,295,354,329,208,324,328,355,235
134,247,64,289,92,280,125,269,177,243,207,332,93,364,168,359,237,293,211,305,308,297,355,328,211,325,327,362,248
135,247,63,289,92,279,126,266,181,232,213,332,92,364,166,360,234,296,210,302,309,278,352,331,210,325,328,285,77
136,246,64,288,92,278,125,265,180,218,219,332,92,364,165,361,233,296,208,303,304,290,351,332,207,325,326,331,351
137,245,64,288,92,278,125,265,177,231,211,332,92,363,164,361,231,295,210,304,307,294,353,328,209,325,326,337,343
138,246,64,287,93,278,125,265,176,224,215,332,93,363,163,361,233,294,210,303,307,283,352,333,209,325,328,330,352
139,245,64,287,93,276,126,263,176,223,214,333,92,364,164,362,231,294,210,304,310,272,352,332,208,326,328,330,352
140,245,64,286,92,276,127,263,176,227,210,333,93,364,163,362,232,295,208,305,309,298,355,332,207,326,327,337,345
141,245,65,287,92,276,125,261,176,224,211,334,93,363,163,362,232,294,210,304,309,294,355,331,210,325,327,337,345
142,244,64,285,93,275,127,260,178,209,218,333,93,364,162,362,232,296,208,305,307,297,355,332,207,325,325,337,345
143,244,65,286,93,275,126,257,178,205,218,333,92,364,163,363,230,295,209,305,305,297,356,333,209,325,323,336,346
144,245,64,286,92,274,126,254,179,203,218,333,92,364,163,362,231,296,210,304,305,296,355,334,209,325,324,335,345
145,244,65,285,93,273,126,251,181,202,219,332,92,364,165,362,231,293,212,304,308,296,357,331,212,325,327,336,348
146,244,64,285,93,273,126,253,178,203,218,333,92,364,165,363,228,294,212,303,305,296,356,330,211,325,326,335,346
147,244,65,284,93,273,126,255,173,203,218,332,92,365,164,362,230,294,210,303,305,296,357,331,209,325,326,335,348
148,244,64,286,93,272,126,252,175,202,216,332,92,363,165,362,229,293,211,302,303,296,354,329,208,325,325,335,345
149,243,64,285,93,272,126,253,173,205,215,332,92,364,165,362,229,294,211,304,305,297,356,330,211,325,325,334,347
150,243,65,285,93,271,125,254,171,203,216,331,92,365,169,363,231,292,212,304,303,296,356,329,210,325,324,333,346
151,244,64,285,93,272,125,252,173,200,216,331,92,364,167,362,231,293,211,304,305,296,355,331,210,325,323,334,345
152,244,64,285,94,271,125,251,175,199,216,331,92,364,164,363,231,293,209,304,305,296,354,330,208,325,322,334,344
153,243,64,285,94,272,125,249,177,199,216,331,92,362,162,361,229,294,210,304,305,296,353,329,208,325,322,335,344
154,243,65,284,94,272,125,250,179,200,215,330,92,362,165,362,228,294,210,303,308,274,352,330,208,325,325,331,352
155,243,64,284,93,272,125,256,177,202,214,331,93,363,167,361,231,292,209,305,309,296,354,329,207,326,326,336,345
156,243,66,284,94,272,125,251,182,201,214,331,93,363,167,361,232,293,211,304,310,273,352,328,208,325,326,285,77
157,243,67,284,93,274,124,257,182,204,213,330,92,362,163,360,233,293,210,304,309,275,351,331,207,325,325,330,351
158,243,66,286,93,274,124,263,177,207,213,330,92,362,166,359,233,294,210,303,310,274,351,331,208,325,327,331,351
159,244,65,285,93,275,125,266,182,211,213,330,93,363,168,359,234,293,210,303,307,293,352,329,208,325,326,286,77
160,244,63,286,92,276,124,268,183,218,213,330,93,363,172,360,234,293,212,303,309,296,356,326,211,325,328,336,346
161,244,63,285,92,276,126,272,184,223,213,330,93,362,168,359,234,292,210,302,306,295,356,329,208,325,328,355,234
162,244,65,286,93,276,126,274,186,226,213,330,93,362,169,357,235,292,208,302,306,295,351,330,205,325,326,354,236
163,245,65,287,93,278,125,276,188,233,213,331,94,362,167,357,235,290,208,299,306,291,352,331,204,325,327,355,237
164,245,63,286,91,280,123,281,186,237,213,330,94,361,167,356,235,293,209,304,308,293,356,332,205,324,326,355,236
165,245,65,287,92,280,124,282,189,243,214,329,93,361,164,356,234,295,205,304,301,334,351,332,203,324,323,331,351
166,244,65,287,91,280,124,284,189,248,215,330,94,361,169,356,233,295,203,323,330,333,349,329,201,323,325,355,235
167,247,63,288,92,281,124,290,178,255,214,329,94,361,165,355,234,293,207,304,289,329,345,326,206,324,326,329,345
168,245,64,288,91,282,121,290,179,258,217,330,94,360,167,355,233,297,199,320,326,330,347,329,199,321,322,330,347
169,247,64,289,92,284,122,302,165,264,217,330,94,360,163,355,233,296,199,303,277,326,343,327,202,317,277,326,343
170,248,63,289,92,283,123,290,179,264,219,330,94,360,165,354,236,296,202,302,287,325,343,328,203,321,320,325,343
171,248,64,289,92,284,123,290,180,265,221,330,94,360,165,354,235,295,201,313,302,319,343,328,203,320,316,354,238
172,247,65,289,92,283,123,288,180,265,223,330,94,360,166,353,236,295,201,294,254,335,200,328,202,304,288,353,238
173,248,63,289,92,284,126,291,184,266,225,331,94,360,164,352,237,294,206,321,327,327,344,327,208,322,322,348,238
174,248,64,289,93,284,125,290,185,264,228,330,94,360,159,347,239,296,207,311,278,326,344,328,208,316,278,326,344
175,247,64,288,92,285,124,312,166,291,194,329,95,361,158,346,234,295,207,304,278,327,342,326,210,319,279,326,342
176,247,64,289,92,283,124,309,163,290,190,330,95,361,136,350,202,301,206,309,284,320,341,343,204,322,323,323,341
177,247,64,287,92,284,124,308,164,288,192,329,95,356,159,342,213,299,211,304,289,325,342,341,207,322,292,323,342
178,247,65,289,92,285,122,308,167,292,200,329,96,350,190,320,238,302,203,303,291,332,348,343,200,323,321,331,348
179,246,65,287,93,284,124,296,176,275,217,328,97,342,192,311,234,300,202,305,312,299,371,335,201,325,328,309,235
180,246,65,287,93,285,125,294,171,289,204,328,96,352,143,308,223,300,198,307,310,300,372,331,199,324,328,285,238
181,247,64,287,93,285,127,291,180,281,226,328,98,353,158,326,204,301,214,305,305,301,364,337,212,324,326,337,364
182,247,64,286,94,284,127,297,174,272,230,327,98,348,159,316,203,299,217,303,308,260,236,336,215,324,326,332,348
183,247,63,285,93,284,126,300,169,290,202,325,99,330,163,312,206,305,209,304,307,258,231,337,208,324,325,332,343
184,247,63,286,94,286,126,300,179,259,224,326,100,318,180,258,227,304,209,304,308,302,363,340,209,325,325,337,363
185,246,62,284,94,285,127,303,175,256,219,320,101,316,173,254,220,305,208,307,301,303,365,338,210,324,318,338,365
186,245,64,284,94,288,122,297,175,242,220,316,103,308,174,242,219,305,205,305,306,299,370,339,206,325,326,314,370
187,244,65,283,94,288,120,293,175,263,230,314,103,303,173,234,217,304,210,304,299,302,365,335,212,324,315,337,365
188,245,64,284,94,288,115,291,166,264,203,310,105,302,166,266,206,306,204,304,302,301,364,336,207,325,322,336,364
189,243,66,284,95,290,109,290,163,259,199,305,106,299,165,226,213,309,199,304,302,301,363,336,202,324,321,338,363
190,241,68,282,96,291,109,291,164,265,228,302,109,293,165,217,212,309,201,305,305,301,367,335,204,324,321,338,367
191,241,68,281,97,295,107,292,165,266,228,298,110,259,189,213,209,308,207,306,304,301,368,333,208,325,324,315,368
192,239,68,280,96,295,108,293,161,269,226,297,110,284,160,213,207,309,209,306,304,300,359,332,213,324,320,212,207
193,239,68,280,97,295,107,291,166,268,226,296,110,278,161,244,195,309,207,306,306,296,359,334,211,324,321,339,323
194,238,68,279,98,293,108,290,161,269,225,294,111,276,162,242,192,307,210,306,305,297,357,335,214,324,322,332,342
195,239,69,279,98,293,108,287,164,266,227,293,111,271,165,207,205,307,210,307,305,298,358,336,213,323,320,206,205
196,237,70,278,99,294,107,285,162,268,226,291,112,270,164,204,206,307,210,307,303,299,357,338,214,323,320,203,207
197,236,70,277,98,294,105,297,189,268,226,291,113,262,170,204,205,307,209,308,304,299,358,337,213,324,321,204,204
198,236,69,277,98,293,105,296,192,267,226,290,113,263,169,202,206,307,210,308,305,299,358,336,213,323,318,201,205
199,235,69,277,98,294,105,296,188,267,226,289,113,263,169,200,206,308,210,307,303,298,358,338,212,323,322,199,205
200,235,70,276,99,293,106,284,161,267,225,287,113,266,166,200,206,308,210,308,301,298,358,337,211,323,319,199,205
201,235,68,275,99,293,106,285,163,268,225,286,114,265,167,197,206,308,213,310,298,298,357,337,215,323,318,246,234
202,235,69,275,99,292,107,281,159,270,226,285,114,264,167,195,206,308,212,309,301,297,358,337,214,323,319,250,239
203,234,68,274,98,292,106,277,157,247,177,284,114,263,167,233,190,309,211,313,288,297,359,336,211,322,314,186,211
204,236,69,276,99,292,107,296,187,269,226,285,114,261,165,190,205,307,210,309,298,302,308,333,212,320,321,325,349
205,236,67,275,98,292,107,298,187,269,225,284,114,260,164,225,192,307,212,314,289,335,357,334,215,328,294,182,209
206,235,67,274,99,292,107,298,185,272,223,283,116,254,169,184,206,310,210,308,299,318,306,333,215,321,320,327,357
207,235,68,274,99,293,108,299,182,274,222,283,116,248,172,183,205,310,210,306,300,294,358,333,212,321,318,181,205
208,234,68,274,99,293,107,302,178,274,222,282,117,232,181,181,205,310,209,307,297,297,358,335,211,320,304,328,358
209,235,67,273,99,293,108,281,153,272,224,282,121,227,184,179,205,310,209,312,292,334,357,336,210,326,296,300,357
210,236,66,273,99,293,108,280,152,274,225,281,121,225,185,178,205,310,207,310,292,298,357,334,208,322,294,299,357
211,235,66,273,99,294,108,298,177,273,225,281,120,227,182,176,205,311,210,314,285,336,357,334,210,328,290,331,357
212,236,66,272,99,294,108,302,181,274,225,279,122,231,178,176,204,313,208,310,291,335,357,333,210,319,299,330,357
213,235,65,272,99,295,108,279,149,274,225,279,123,229,178,176,204,313,209,311,291,335,357,334,210,324,296,332,357
214,235,66,272,99,296,108,303,182,274,225,278,122,226,180,174,204,312,209,310,293,298,357,334,210,324,297,299,357
215,235,66,272,100,295,108,280,150,274,225,278,122,227,179,175,204,317,208,311,293,333,357,332,209,321,299,330,357
216,235,67,272,100,294,108,299,177,274,224,278,122,236,174,175,204,310,210,309,297,298,358,334,212,323,305,327,358
217,235,66,272,99,295,109,301,177,274,224,280,120,238,174,177,205,311,209,307,298,332,358,334,211,319,310,326,358
218,236,63,273,97,295,109,303,183,272,225,283,121,243,175,180,206,308,211,312,287,300,363,331,211,326,292,298,363
219,235,68,274,99,295,107,299,175,273,221,281,117,249,175,186,206,307,209,309,293,332,366,333,208,326,295,303,366
220,235,66,275,97,299,105,288,158,274,221,280,117,258,170,235,191,307,209,310,293,301,367,332,209,320,302,298,367
221,235,67,274,97,299,107,292,165,272,222,281,117,253,184,198,208,305,209,308,294,301,364,333,210,316,306,300,372
222,234,67,274,97,298,106,295,161,271,222,283,117,257,191,205,209,303,209,310,293,300,373,333,210,318,301,298,373
223,0,0,0,0,0,0,0,0,0,0,0,0,0,0,0,0,0,0,0,0,0,0,0,0,0,0,0,0
224,236,66,275,96,300,105,285,174,267,212,286,117,272,191,220,212,305,212,310,302,300,375,330,214,319,316,300,375
225,236,64,275,95,299,107,287,175,272,215,290,116,282,181,269,218,309,212,313,291,299,369,330,213,317,313,298,369
226,237,63,275,95,299,108,295,177,271,217,289,117,288,187,236,214,310,211,311,298,299,371,330,212,319,320,329,371
227,236,65,275,95,295,109,297,172,303,218,294,113,297,188,243,215,313,211,311,298,295,362,327,212,319,318,334,362
228,236,64,275,94,296,109,310,172,307,217,295,113,306,186,252,217,313,210,314,293,299,371,327,211,320,319,332,371
229,236,65,276,94,296,107,312,170,308,217,295,113,312,185,261,218,313,209,314,289,332,366,324,210,317,305,301,366
230,236,64,277,92,298,107,311,163,312,207,298,111,317,181,267,220,320,205,314,290,299,363,325,207,320,317,334,363
231,237,63,277,92,296,107,301,178,273,217,299,110,325,181,276,224,317,207,316,283,319,324,324,210,318,317,334,362
232,236,65,277,93,297,109,310,175,268,211,300,110,332,178,287,223,329,208,309,314,299,375,327,211,322,325,352,375
233,0,0,0,0,0,0,0,0,0,0,0,0,0,0,0,0,0,0,0,0,0,0,0,0,0,0,0,0
234,238,65,280,91,294,106,300,177,263,209,304,110,343,170,307,229,307,204,315,282,312,329,325,202,317,292,315,330
235,239,63,279,92,289,111,300,178,262,206,305,112,349,171,316,231,304,205,310,281,329,334,324,204,319,285,324,334
236,238,65,279,92,288,110,297,178,261,205,306,110,350,169,325,230,303,207,310,281,323,333,323,206,318,283,324,333
237,241,61,281,91,288,108,300,170,259,205,307,109,353,169,333,231,299,212,312,304,330,342,325,214,320,321,319,342
238,240,63,281,91,289,109,298,172,259,203,309,109,354,169,339,230,302,205,310,277,324,341,327,206,315,278,328,341
239,241,61,281,91,289,113,297,171,259,201,310,109,357,173,340,237,301,210,310,300,330,346,329,212,321,319,338,239
240,241,62,281,91,288,113,293,172,257,201,312,108,357,169,347,237,303,206,311,279,329,346,328,204,312,280,330,346
241,243,58,281,90,285,114,294,167,257,201,313,107,362,172,351,235,296,210,307,289,328,343,327,209,318,316,328,343
242,242,59,281,90,286,114,295,168,254,200,314,106,361,170,354,233,294,212,309,303,298,349,322,215,320,322,352,235
243,242,61,281,91,286,114,308,163,257,199,315,106,361,168,354,232,295,211,315,315,323,347,324,215,321,322,353,233
244,244,58,282,90,287,114,310,163,256,198,315,106,362,170,355,231,295,213,309,304,298,350,325,216,320,323,290,75
245,244,59,282,90,285,116,309,163,295,208,316,106,361,169,356,232,296,210,313,307,331,340,326,213,321,321,291,75
246,244,59,283,90,285,117,298,167,251,197,317,105,362,171,356,231,295,211,318,315,332,340,325,213,320,323,291,75
247,244,58,282,90,285,120,291,173,250,196,318,105,361,170,357,232,294,212,317,315,327,349,325,216,321,322,356,233
248,244,60,283,90,286,117,303,164,251,195,318,105,360,169,356,229,294,211,311,307,294,350,323,213,321,321,292,75
249,245,59,284,90,287,115,313,161,294,206,319,105,359,167,357,228,294,210,317,315,294,350,322,213,320,323,293,75
250,245,59,284,90,286,115,310,160,294,205,319,105,359,168,357,229,294,209,311,311,294,350,322,212,321,323,293,75
251,245,59,283,90,285,118,295,166,247,194,319,105,360,168,357,229,294,210,308,306,294,351,322,213,320,324,293,76
252,246,58,283,91,281,121,282,175,243,193,321,105,361,168,357,229,294,211,311,308,298,354,322,214,321,323,354,230
253,245,59,282,90,282,120,288,172,246,192,321,104,360,166,356,228,293,212,310,307,297,352,322,215,321,322,354,230
254,245,59,283,90,282,121,289,169,254,189,321,105,360,166,357,229,293,210,315,312,299,356,322,214,321,323,356,232
255,245,58,283,90,283,121,284,172,241,193,321,105,360,166,357,230,293,211,307,312,294,356,321,215,321,324,357,232
256,244,60,283,91,282,120,283,170,239,193,323,105,360,165,358,228,293,210,309,308,298,356,322,212,321,323,357,231
257,245,59,283,90,283,120,282,172,240,192,322,105,360,165,357,229,292,210,307,310,294,356,320,213,321,323,357,233
258,244,59,283,91,282,120,278,173,238,192,322,104,360,164,357,228,293,210,305,311,294,358,319,211,321,323,357,232
259,244,60,283,91,280,121,278,170,241,190,323,104,359,163,358,227,292,209,308,306,294,357,321,211,321,322,357,229
260,244,60,283,91,281,121,277,170,232,193,322,105,360,163,359,230,293,209,307,310,294,357,321,211,321,322,357,234
261,244,61,283,91,282,118,274,173,230,192,322,104,359,165,358,230,293,209,311,309,299,356,321,210,321,324,355,233
262,243,63,283,91,283,117,274,171,229,192,323,104,359,163,358,229,293,210,310,310,294,355,322,213,321,325,357,231
263,243,62,283,91,281,120,274,172,229,192,323,104,359,165,358,230,292,209,314,313,299,355,321,211,322,324,356,231
264,243,61,282,92,280,119,273,172,228,191,322,104,361,166,358,229,292,212,313,310,299,352,322,214,321,323,355,230
265,243,61,281,92,279,121,272,172,226,190,321,104,360,165,358,229,292,210,319,317,297,350,322,211,321,323,354,233
266,242,62,281,92,279,121,271,172,225,189,321,105,360,166,358,232,292,210,312,310,296,350,322,211,322,323,354,234
267,242,64,282,93,279,120,269,172,223,190,321,105,359,163,358,225,292,209,317,316,294,349,321,210,321,322,357,226
268,241,65,282,92,279,117,268,172,222,189,321,104,359,163,358,227,292,209,316,315,294,349,321,210,321,322,357,231
269,240,64,281,92,279,116,268,172,221,189,321,104,359,164,358,227,292,210,309,307,294,350,320,210,321,323,357,228
270,241,64,280,93,278,121,267,172,219,190,320,104,359,163,358,229,292,209,308,307,295,349,321,209,321,321,359,235
271,240,64,280,93,278,121,266,172,217,190,320,104,359,163,358,226,292,210,320,319,294,348,321,213,321,323,357,229
272,240,64,280,93,279,119,265,171,216,190,320,104,359,164,359,228,292,210,314,315,296,347,324,212,321,323,359,233
273,239,66,280,94,277,122,264,173,216,189,320,104,359,163,359,230,292,211,317,316,298,349,323,212,322,323,355,233
274,238,65,279,93,277,119,264,172,214,189,320,104,360,164,358,227,292,211,315,313,331,342,323,212,321,324,356,228
275,238,66,279,93,277,121,263,173,212,189,320,104,360,163,359,228,292,211,314,312,297,350,323,211,322,323,354,229
276,237,67,279,94,277,119,262,172,212,189,320,104,358,162,358,227,292,212,321,318,328,351,323,213,321,324,355,228
277,236,67,278,94,276,118,262,170,211,190,319,105,358,162,358,228,292,212,316,314,330,342,324,213,321,323,355,229
278,237,65,277,94,275,121,260,170,211,191,318,104,359,162,358,227,292,209,315,316,299,355,322,210,321,324,356,231
279,236,66,277,94,275,117,262,167,210,190,319,105,358,162,359,227,292,212,311,311,297,352,323,214,322,324,354,229
280,235,66,276,95,273,122,259,170,209,191,317,105,358,162,358,228,292,209,313,311,299,356,323,209,322,323,355,231
281,235,66,276,95,272,121,259,169,208,190,318,104,358,163,359,228,293,210,309,311,296,352,323,211,322,325,358,229
282,235,66,275,95,271,123,257,169,208,191,317,105,357,162,358,228,291,210,310,312,297,357,322,211,323,324,354,229
283,234,67,274,96,270,125,256,168,208,191,317,105,357,161,359,228,291,211,308,312,297,358,321,211,323,324,354,228
284,233,68,275,96,270,120,256,168,208,191,316,105,357,162,359,226,292,210,306,312,294,356,322,210,322,323,358,229
285,233,69,275,97,270,121,256,166,206,191,316,105,356,161,359,226,291,210,306,312,294,356,322,209,322,323,358,228
286,232,68,273,97,268,125,254,166,205,192,315,105,358,162,359,230,291,211,305,313,295,357,322,210,323,323,354,230
287,232,68,272,97,267,126,254,167,206,191,315,106,357,162,359,228,290,212,305,314,298,319,322,212,323,324,355,228
288,230,70,272,97,267,124,252,169,206,192,315,105,356,160,358,225,291,210,306,313,293,356,323,209,322,324,357,226
289,230,72,273,99,266,123,251,169,204,192,314,105,357,162,359,226,290,210,313,314,299,357,322,210,322,323,356,227
290,229,71,271,99,266,123,251,168,205,193,313,106,356,160,358,226,290,212,310,313,299,358,322,211,323,323,356,227
291,228,73,270,99,266,122,250,168,205,193,313,106,355,161,359,225,291,211,309,311,298,357,323,210,322,323,355,226
292,227,73,270,99,265,121,249,168,204,193,312,106,355,161,359,225,290,211,311,313,298,357,323,211,322,323,355,226
293,227,74,271,99,264,121,248,169,202,193,311,106,355,160,360,227,290,211,309,312,297,356,322,210,323,322,354,226
294,227,74,270,100,264,122,247,169,201,194,310,107,356,161,359,226,290,212,305,313,294,357,324,211,322,323,358,226
295,226,75,268,101,264,124,246,169,202,194,310,107,354,159,360,228,291,214,310,314,297,358,323,214,323,324,355,228
296,226,75,267,101,264,125,245,170,201,194,308,107,354,159,360,227,290,213,312,314,297,358,323,213,322,323,356,227
297,225,76,267,102,264,129,244,170,200,195,308,107,353,158,359,224,290,214,304,312,295,358,324,214,323,323,359,227
298,224,76,265,102,262,129,242,171,200,194,307,107,353,159,359,224,291,214,306,312,296,358,324,214,323,323,356,225
299,224,77,265,104,261,133,240,173,200,194,307,107,352,158,360,224,291,216,308,314,296,357,324,215,324,324,358,224
300,223,76,265,104,260,133,240,173,200,195,306,107,353,159,359,226,290,215,309,314,297,358,323,214,323,324,355,227
301,221,78,264,105,260,132,240,173,199,195,305,107,352,158,359,223,291,214,304,311,296,359,324,214,323,323,354,222
302,221,78,263,104,260,131,245,166,215,189,305,108,353,158,358,220,291,215,305,312,293,358,324,213,323,323,357,221
303,220,78,262,105,258,135,241,171,206,193,303,108,353,158,359,220,291,212,305,313,295,360,324,209,323,323,357,220
304,220,81,262,106,259,132,242,169,209,193,303,109,352,159,359,221,291,216,307,313,301,365,323,213,322,323,357,223
305,219,82,261,106,259,132,242,169,210,192,302,108,352,159,359,223,290,216,308,308,301,365,322,212,323,323,333,365
306,219,82,261,107,258,132,242,168,208,194,302,109,352,159,359,221,290,216,316,315,300,365,323,212,322,322,335,365
307,217,84,260,108,258,132,243,166,212,192,301,109,351,158,360,222,290,217,310,314,299,366,323,215,322,323,335,366
308,217,86,260,109,257,132,242,166,213,192,301,109,352,159,359,223,291,214,307,315,298,368,324,211,322,323,355,223
309,215,85,258,109,256,134,241,166,215,191,300,109,352,159,360,222,290,215,304,316,298,368,324,213,323,324,355,222
310,215,86,259,110,255,134,238,171,203,200,300,110,351,158,360,220,291,215,304,316,296,368,324,213,323,324,359,219
311,215,86,259,110,255,132,240,169,206,199,299,110,352,158,360,221,291,212,306,316,296,369,324,208,323,323,356,221
312,215,87,259,111,254,133,237,174,202,202,298,110,350,157,360,223,291,212,307,316,299,373,323,208,324,323,356,222
313,214,85,258,110,256,134,239,171,202,203,297,110,350,157,360,220,291,214,305,317,300,375,326,209,324,324,358,220
314,214,86,256,112,254,136,238,173,202,204,297,111,350,156,361,221,292,216,305,318,301,374,325,212,323,324,357,221
315,213,88,256,113,254,135,236,174,201,205,295,111,349,156,362,221,292,215,307,315,298,375,325,211,324,324,357,221
316,213,90,257,113,254,137,233,178,201,206,295,111,350,157,361,217,291,213,305,315,298,373,325,208,325,324,360,215
317,213,89,256,113,255,137,234,176,200,207,294,111,349,157,360,214,292,216,305,315,299,372,325,211,325,323,360,214
318,212,89,256,113,254,136,237,174,202,206,294,110,350,158,361,217,291,211,307,312,298,369,325,205,324,323,358,217
319,212,91,256,113,254,135,237,174,202,207,294,110,349,157,361,215,292,212,305,315,298,371,325,207,324,322,359,216
320,212,91,257,113,255,136,238,174,201,207,295,111,349,157,360,215,292,214,304,312,299,373,325,209,325,323,333,373
321,212,91,258,113,255,134,239,173,202,206,296,110,351,158,361,215,292,214,305,314,299,370,326,209,325,323,360,216
322,212,92,257,113,255,136,236,178,202,206,296,111,352,157,361,211,291,216,305,313,298,368,326,212,324,323,360,212
323,212,91,257,113,256,135,237,176,202,205,296,112,351,158,361,219,291,211,311,314,300,373,325,205,324,324,367,227
324,213,90,258,113,257,135,238,174,203,205,296,112,350,157,362,221,291,215,307,313,299,372,325,210,323,324,370,227
325,214,89,259,113,256,135,238,174,203,205,296,112,351,158,361,221,292,212,305,316,300,374,324,208,323,324,358,221
326,215,88,258,113,257,138,236,177,202,205,298,112,352,158,361,221,292,215,305,316,298,375,325,212,324,324,358,222
327,216,87,259,112,257,137,239,174,202,205,298,112,352,159,361,224,291,214,305,315,297,376,325,210,324,325,360,225
328,215,86,258,111,256,137,240,173,203,204,299,112,352,159,360,220,292,213,304,314,301,374,324,210,324,324,359,221
329,217,85,261,110,259,134,242,171,204,204,301,112,353,161,359,222,290,211,306,318,299,374,323,206,323,324,356,224
330,217,86,260,110,258,135,242,171,206,204,303,112,353,160,360,226,290,213,305,315,300,374,323,210,323,324,355,226
331,218,83,262,108,257,134,241,172,207,204,305,112,354,161,359,228,292,212,304,315,300,374,324,208,324,325,354,228
332,218,83,262,108,259,135,241,172,206,205,306,111,355,161,359,222,292,213,305,317,294,369,325,208,323,325,357,223
333,219,84,263,108,258,131,244,169,218,196,307,112,356,162,360,229,290,214,306,314,299,367,324,212,322,323,356,229
334,220,83,265,108,259,130,245,168,220,194,307,112,356,162,360,225,291,213,305,314,299,367,323,212,322,324,356,225
335,220,80,263,107,257,134,244,169,218,196,309,110,357,163,360,227,293,212,304,318,298,371,326,208,323,324,358,231
336,222,82,266,106,259,128,245,169,208,204,310,111,358,163,360,228,293,211,305,313,298,366,326,207,323,323,357,228
337,221,82,267,107,260,130,244,168,209,204,309,111,360,166,361,230,292,217,305,314,299,364,325,214,324,324,357,230
338,222,81,267,106,259,130,245,168,210,203,311,111,360,163,360,227,293,215,306,314,303,365,325,212,323,323,357,227
339,223,81,268,106,261,128,246,167,211,202,311,111,361,164,361,229,292,216,305,315,300,364,325,213,323,324,357,229
340,223,81,268,106,260,127,248,165,212,201,312,112,361,164,362,229,292,214,306,315,300,364,325,211,323,324,358,229
341,223,83,268,106,262,129,246,169,207,204,313,112,361,166,361,225,292,213,306,314,298,366,326,211,323,323,360,225
342,224,79,268,105,261,129,247,167,220,194,312,111,360,163,361,225,293,215,304,313,299,364,327,211,323,323,360,226
343,226,79,270,105,261,126,250,165,223,192,314,112,362,165,362,229,292,213,304,315,295,320,326,211,323,324,361,230
344,225,80,270,105,261,127,250,166,221,194,314,111,362,164,363,229,293,215,305,314,293,360,326,214,323,325,360,230
345,225,80,269,105,263,127,250,166,216,197,314,111,362,165,361,227,292,214,304,313,297,361,327,211,323,325,362,231
346,225,81,271,105,262,124,250,167,214,197,314,111,362,165,361,224,292,212,304,313,298,319,327,209,324,325,360,223
347,227,79,271,104,262,126,249,171,207,201,314,111,361,164,361,228,292,213,305,311,297,359,327,210,323,325,360,232
348,226,78,269,103,261,126,250,172,206,201,315,111,363,167,362,228,292,212,308,311,298,359,326,210,323,324,361,231
349,227,81,271,104,262,126,251,172,204,202,315,111,362,164,363,231,291,214,313,315,299,358,325,213,323,325,362,233
350,228,77,271,103,263,125,251,171,204,201,315,110,362,165,362,229,292,214,306,313,299,318,326,212,324,324,361,233
351,228,77,271,103,264,125,253,172,204,200,315,110,362,167,362,232,292,215,312,314,298,357,325,213,323,325,361,234
352,228,77,272,104,263,125,254,173,204,200,314,111,362,165,361,229,293,214,304,314,298,319,327,212,323,324,360,233
353,229,75,271,102,264,126,254,174,205,199,314,110,362,166,361,231,292,212,309,312,297,357,326,210,323,324,361,234
354,228,75,270,102,264,124,255,174,208,196,315,110,362,167,361,233,293,214,308,313,298,357,327,213,323,325,357,234
355,228,76,270,102,264,127,255,175,210,195,315,109,361,165,361,231,294,212,309,312,298,358,327,210,322,325,360,232
356,227,75,268,101,265,128,255,176,209,195,314,109,360,164,362,229,293,213,307,314,297,359,326,211,323,325,360,232
357,228,73,269,102,265,127,255,176,209,194,313,109,360,164,360,226,295,213,303,314,296,355,327,210,323,325,360,231
358,227,73,269,101,264,128,256,177,209,194,313,109,360,167,361,228,293,213,304,314,295,357,325,212,323,325,360,233
359,228,72,268,101,264,128,256,177,210,193,313,109,359,165,361,231,294,214,310,317,297,357,325,212,322,325,360,233
360,228,74,269,101,265,127,255,177,206,193,311,109,358,164,360,225,294,211,306,315,294,355,326,209,321,325,359,227
361,228,74,269,101,264,127,255,177,206,193,311,109,358,164,359,225,293,212,305,313,294,356,325,210,322,326,358,227
362,226,73,268,101,263,126,255,177,204,194,310,109,358,166,360,229,293,213,309,317,295,357,325,212,322,325,359,233
363,225,75,267,102,263,128,254,176,203,195,309,108,357,164,359,228,292,213,310,313,295,358,324,210,322,325,358,231
364,225,74,266,101,262,125,255,175,202,194,308,108,355,162,359,228,294,213,314,318,297,357,325,210,322,325,356,229
365,225,75,267,102,263,126,254,174,206,194,308,107,355,162,358,225,290,212,308,319,304,323,324,210,322,326,356,225
366,224,75,266,101,263,125,253,173,204,194,306,107,355,162,358,223,292,212,312,318,298,358,324,209,321,326,356,223
367,223,75,265,103,262,125,252,174,204,193,304,108,353,159,359,226,293,214,305,315,295,363,323,210,322,323,358,230
368,224,73,265,102,260,126,250,174,202,193,303,108,353,158,358,222,292,215,303,317,293,363,324,211,322,324,357,221
369,221,76,263,103,262,128,248,175,202,194,303,108,352,159,357,222,292,215,310,316,297,360,324,213,323,325,354,222
370,222,76,263,104,260,131,244,177,198,194,302,107,352,160,357,223,291,215,311,313,300,365,323,211,322,325,333,365
371,219,78,261,105,259,132,245,174,200,195,300,107,350,158,358,222,292,218,309,317,299,367,323,216,322,326,355,222
372,220,79,262,106,258,130,245,173,199,193,299,107,350,159,358,221,292,216,308,315,299,366,324,213,321,323,357,222
373,217,80,260,106,257,133,243,173,199,193,298,107,348,158,357,221,291,216,308,315,300,366,322,213,320,322,356,222
374,215,80,258,106,257,131,243,171,201,193,295,106,347,158,356,224,291,215,306,317,299,372,322,211,322,324,352,224
375,215,81,258,106,256,133,238,174,196,193,295,107,346,158,357,221,291,216,305,319,300,373,322,212,323,326,356,222
376,214,82,257,107,255,132,240,172,197,192,294,107,345,158,356,221,289,216,308,319,298,373,322,212,322,326,355,223
377,213,83,256,107,253,131,240,171,198,192,292,107,344,157,355,218,289,215,311,321,298,373,322,211,323,327,354,218
378,211,83,254,107,252,132,238,171,196,193,291,107,343,157,354,218,289,215,307,318,298,373,321,211,323,326,353,220
379,211,81,253,108,251,134,237,171,195,193,291,108,343,159,354,222,290,216,305,313,299,379,321,211,323,327,344,379
380,210,81,251,108,250,138,232,175,193,193,289,107,341,156,353,218,290,217,306,315,298,374,321,212,322,324,335,374
381,209,83,251,109,248,136,233,174,191,193,288,107,342,159,353,220,290,217,305,318,299,373,320,213,323,324,351,220
382,207,84,249,109,247,139,226,179,189,193,287,107,340,156,352,214,289,219,307,317,300,375,321,216,323,325,331,375
383,208,83,249,111,247,138,226,178,189,193,287,108,340,156,353,221,290,219,308,318,300,381,319,215,323,326,346,381
384,206,85,247,110,246,140,224,179,188,192,286,108,340,156,353,217,288,221,305,316,298,376,320,217,325,327,352,218
385,206,85,247,111,245,141,223,178,188,192,285,108,340,156,352,216,288,220,307,318,299,376,320,216,324,327,351,217
386,205,85,246,111,244,141,224,176,187,192,285,109,339,156,352,217,289,219,305,316,300,378,320,214,324,326,350,217
387,205,84,246,111,243,139,224,177,186,193,285,109,339,155,353,218,287,218,309,317,300,380,320,214,324,327,343,380
388,204,84,246,111,243,139,221,178,186,192,284,109,338,154,353,221,287,217,310,318,300,379,320,212,323,327,340,379
389,203,83,245,112,243,141,221,178,184,192,284,109,338,154,352,217,288,220,310,317,300,380,319,217,323,327,343,380
390,203,84,244,112,242,142,219,179,185,193,284,109,337,153,352,220,287,218,308,318,299,379,319,214,323,326,344,379
391,203,85,245,112,242,140,221,177,183,192,284,108,338,155,352,219,287,218,315,320,303,380,319,216,323,327,341,380
392,203,84,245,112,242,140,220,177,185,193,284,109,337,153,352,219,287,219,310,318,299,379,318,216,323,326,341,379
393,204,85,245,112,242,139,223,176,184,193,283,109,338,154,351,220,287,219,310,317,300,380,318,217,324,326,342,380
394,202,84,244,111,242,139,223,176,185,193,283,109,338,154,351,218,287,221,307,318,299,380,319,219,323,327,347,380
395,203,83,244,111,242,140,222,178,184,194,283,109,338,156,350,217,287,220,308,319,301,381,318,218,322,325,343,381
396,204,83,245,111,242,140,223,177,184,194,282,109,338,156,351,219,286,220,304,319,300,377,318,216,323,327,350,218
397,203,85,245,111,243,139,224,177,183,194,282,109,338,156,351,223,287,220,308,319,298,377,318,216,323,327,349,377
398,204,84,245,111,244,139,224,177,184,195,283,110,337,156,351,220,287,222,304,318,298,379,318,219,322,326,349,219
399,204,84,245,111,244,141,222,179,184,196,283,109,337,156,351,220,287,218,307,319,301,376,318,213,323,326,349,376
400,204,84,246,110,245,139,225,177,183,197,284,109,338,157,351,220,287,217,311,319,299,375,319,212,323,326,335,375
401,204,83,246,110,246,137,226,178,184,198,283,109,339,158,351,222,287,219,305,319,298,377,319,215,323,327,256,94
402,205,83,246,110,245,138,228,178,184,198,284,108,338,157,351,222,287,219,307,319,300,376,318,215,322,326,348,376
403,206,85,248,110,247,139,229,178,185,199,284,108,338,158,351,223,288,219,311,320,299,376,318,215,322,328,346,222
404,207,82,247,109,247,137,231,178,187,199,285,110,337,157,351,225,287,216,310,320,298,373,318,212,322,327,349,226
405,207,81,247,108,247,134,232,178,188,199,285,110,339,159,351,225,288,216,307,317,298,373,318,213,322,325,349,224
406,207,83,249,108,249,132,234,177,190,200,285,109,339,159,351,226,287,216,309,319,298,372,319,213,322,326,335,372
407,208,82,249,109,249,135,234,177,191,200,285,109,338,157,351,224,287,217,312,318,296,371,318,213,321,327,335,371
408,207,84,250,108,250,132,236,177,191,200,286,109,339,158,350,224,287,214,308,316,298,372,319,210,322,326,335,372
409,208,83,250,109,250,132,236,177,192,201,286,110,340,160,351,223,287,215,308,318,297,372,319,211,322,327,350,221
410,210,84,252,108,252,132,236,178,192,201,285,109,340,160,351,224,289,217,306,321,297,372,320,213,321,327,349,223
411,210,81,251,108,251,134,236,178,194,201,286,109,339,158,350,221,289,218,305,320,298,372,320,216,322,326,348,221
412,211,82,252,107,251,131,237,177,195,201,287,108,340,159,350,224,289,219,304,321,298,372,320,217,322,327,348,224
413,211,81,252,107,252,131,238,177,194,201,287,108,341,161,351,224,290,217,307,316,298,372,319,216,322,325,348,372
414,212,80,253,107,252,133,238,178,196,201,287,107,341,160,350,224,290,222,306,321,298,371,320,219,322,327,349,225
415,210,80,252,106,252,130,240,177,195,200,288,108,342,159,352,224,290,221,306,319,296,371,320,219,322,327,350,223
416,212,80,254,106,253,131,240,178,197,200,289,108,341,158,352,222,289,219,309,318,297,369,319,217,322,327,350,222
417,211,82,254,106,254,129,241,178,196,200,290,108,342,158,352,221,288,219,305,316,297,369,319,217,321,325,348,221
418,212,82,254,106,254,130,242,178,197,199,289,107,341,159,351,221,290,222,304,321,299,371,319,218,322,327,349,222
419,212,81,255,106,255,131,243,178,199,199,290,105,342,159,352,225,289,219,314,322,298,372,319,218,321,328,347,225
420,212,81,255,105,255,130,244,179,200,199,291,106,343,160,351,225,289,222,305,318,298,372,319,219,322,326,349,226
421,212,80,255,105,255,130,245,179,201,198,291,105,343,160,351,225,288,224,305,321,300,372,319,221,322,326,349,226
422,212,81,255,104,256,127,247,178,201,198,291,107,344,160,351,224,288,220,307,320,298,369,319,217,321,326,347,224
423,215,79,257,103,256,126,247,177,201,197,291,107,343,160,351,225,288,220,310,319,300,368,318,217,321,325,349,224
424,215,78,257,103,257,125,245,174,202,197,292,106,343,158,350,224,288,218,306,319,301,367,319,214,320,325,348,225
425,216,77,258,102,258,124,245,172,202,196,293,106,344,159,350,224,288,216,306,316,301,367,319,214,320,323,348,225
426,218,74,259,102,258,125,245,172,201,196,295,107,344,161,351,225,287,217,311,314,299,366,318,216,320,323,346,226
427,217,76,259,102,258,127,243,171,202,196,296,106,345,162,351,226,287,216,309,315,298,366,318,216,320,324,346,226
428,218,75,259,102,259,128,244,169,202,196,297,106,345,161,351,226,287,216,313,317,301,366,318,215,319,324,347,227
429,218,77,260,103,259,128,242,168,202,196,298,107,346,162,351,226,288,217,311,320,297,371,318,215,321,327,348,226
430,219,75,260,102,259,128,240,167,202,195,298,107,346,160,352,227,286,214,308,317,296,369,318,211,320,326,353,232
431,220,75,261,102,258,131,239,168,203,194,299,107,347,162,352,227,286,215,309,317,297,368,318,215,320,326,349,229
432,219,75,260,102,258,131,235,169,203,195,299,107,348,162,352,227,288,216,316,320,325,367,319,214,318,325,347,227
433,222,72,261,102,257,132,234,168,204,194,301,107,348,161,352,230,287,214,310,310,297,366,320,212,319,324,333,366
434,221,72,261,102,255,134,233,169,203,194,302,107,348,161,353,227,287,218,312,316,300,366,319,216,319,323,333,366
435,222,72,262,102,256,132,232,169,205,194,303,107,349,162,353,229,287,214,316,319,301,366,319,212,320,324,333,366
436,223,73,263,102,257,130,235,165,206,194,303,107,349,162,353,228,288,215,312,319,299,366,320,213,319,323,333,366
437,224,70,263,101,256,133,232,169,206,195,305,107,350,161,353,230,289,216,306,318,299,364,320,213,320,324,350,232
438,224,70,262,102,254,135,233,169,211,193,306,107,351,162,353,229,288,217,307,315,300,365,319,214,320,323,349,229
439,224,71,264,101,257,130,236,165,211,195,307,107,351,162,354,230,287,214,306,315,297,361,319,212,321,324,353,231
440,224,71,264,101,257,133,234,167,213,195,307,107,353,161,355,228,289,213,309,318,293,359,320,212,321,325,351,229
441,225,72,264,103,257,135,233,170,212,195,307,108,352,162,354,227,291,214,309,315,298,363,321,212,321,324,354,231
442,224,75,264,102,258,133,234,168,213,196,307,107,352,162,354,226,292,213,317,320,297,359,323,213,321,325,353,227
443,224,75,266,102,259,131,237,167,213,196,307,107,354,163,356,228,290,212,313,314,298,359,322,209,321,325,355,229
444,225,73,266,101,259,127,240,164,212,197,308,107,354,162,356,227,291,213,312,312,298,358,322,212,320,325,355,228
445,225,75,266,101,259,128,239,165,211,197,308,107,354,162,355,226,292,210,318,320,298,359,323,207,320,325,354,227
446,225,74,266,101,260,128,239,165,211,197,309,107,355,162,356,227,292,212,313,317,297,358,324,212,321,325,354,228
447,225,74,267,101,260,125,239,163,213,196,310,107,356,163,357,226,291,214,313,316,296,357,323,213,322,325,353,227
448,225,75,267,102,260,128,240,164,212,197,310,108,355,162,357,225,292,211,316,318,302,363,323,210,322,327,355,227
449,226,75,267,101,260,128,240,165,211,199,310,107,355,162,357,225,291,213,312,315,301,366,324,212,322,325,355,226
450,226,74,266,102,259,132,239,167,211,197,311,107,356,162,358,229,291,216,311,318,299,365,324,215,322,326,354,229
451,226,74,267,102,259,132,240,167,210,198,311,108,356,162,358,231,291,217,305,316,297,366,324,217,322,324,354,231
452,226,74,267,102,261,130,242,165,210,197,310,107,357,162,359,228,290,216,311,317,302,366,323,216,322,325,355,228
453,226,74,267,103,261,133,242,165,211,196,309,108,357,162,359,228,292,214,308,315,303,365,324,214,323,325,333,365
454,227,75,267,103,261,133,242,166,211,195,309,108,356,163,359,228,292,216,307,320,300,367,325,215,323,327,356,228
455,225,75,267,104,261,133,243,165,210,194,310,108,357,163,360,228,292,217,310,313,301,365,324,216,322,325,335,365
456,226,75,268,102,264,126,246,162,210,194,309,108,357,163,360,226,291,214,307,311,298,364,324,212,323,326,355,227
457,226,76,267,102,263,129,243,166,211,193,309,108,357,163,361,226,292,216,310,315,298,360,325,216,323,326,357,225
458,226,75,267,102,263,129,245,165,210,194,310,108,356,162,359,230,292,217,314,319,298,358,325,215,322,327,355,230
459,226,74,268,102,263,131,247,165,210,193,310,108,355,160,359,228,291,216,304,314,300,321,324,214,323,326,355,229
460,227,75,268,102,264,130,247,165,210,193,310,107,355,161,359,230,291,216,305,320,298,321,325,214,322,327,359,233
461,227,75,269,102,264,127,249,164,210,193,309,108,356,163,358,227,292,214,306,316,307,321,324,212,322,326,358,232
462,227,75,269,102,264,126,250,165,211,192,309,108,356,163,359,231,292,214,306,318,306,323,324,212,322,327,357,232
463,227,75,269,102,264,126,252,165,212,191,309,108,356,163,359,231,293,212,305,316,293,356,325,210,322,325,357,233
464,226,75,268,102,264,127,253,165,211,190,309,108,355,162,358,230,293,215,302,315,301,321,323,213,323,326,354,231
465,226,73,268,101,264,125,253,166,211,189,309,107,355,162,359,228,292,218,304,317,294,359,324,218,323,327,358,227
466,225,77,268,102,263,125,255,165,210,190,307,107,355,162,359,228,292,218,305,319,302,324,324,219,323,327,354,228
467,226,75,267,102,263,126,254,167,209,190,307,107,355,162,359,229,292,218,312,322,297,358,324,217,323,328,355,229
468,227,74,268,103,262,128,253,169,209,191,308,107,356,163,360,226,292,215,305,316,293,357,323,214,322,327,358,225
469,224,77,267,103,263,127,254,170,207,193,307,107,354,161,360,226,293,215,302,313,293,356,324,213,323,326,356,226
470,225,77,267,103,262,127,254,170,206,193,306,107,355,162,360,226,292,218,307,318,301,322,324,217,323,328,355,227
471,224,78,266,104,261,129,254,171,209,193,306,107,355,162,360,225,291,216,310,313,298,358,324,214,323,327,356,226
472,222,77,265,104,262,129,253,172,206,194,305,107,354,161,360,225,291,218,307,319,300,324,324,218,322,327,357,224
473,222,78,265,105,259,130,253,172,204,195,304,107,354,159,361,225,292,219,303,316,301,322,325,218,324,327,359,223
474,222,81,265,106,260,127,252,171,205,195,304,107,353,160,360,224,292,216,309,313,297,359,326,214,324,327,357,223
475,219,83,264,106,260,128,251,171,203,196,302,107,353,161,360,223,292,219,304,315,290,359,326,217,324,327,358,222
476,219,82,263,106,259,130,249,171,204,194,301,107,352,160,359,219,293,217,305,313,299,365,325,215,323,325,337,365
477,217,83,261,107,258,131,247,173,203,195,300,107,352,157,359,221,292,216,306,317,301,366,324,212,323,326,358,222
478,216,84,260,108,259,131,245,173,204,195,299,107,350,157,360,222,291,215,309,310,302,366,327,211,323,325,333,366
479,214,85,259,107,256,131,245,172,203,196,298,107,350,156,360,221,292,214,307,314,301,366,325,210,324,325,358,221
480,213,85,258,108,256,131,244,172,204,195,296,107,349,156,359,220,291,216,309,309,303,366,325,211,323,324,333,366
481,212,86,257,109,255,132,243,172,205,196,295,108,347,155,359,222,290,218,307,313,300,367,325,212,324,326,354,222
482,211,88,256,110,254,134,241,175,203,196,294,108,347,157,360,223,290,217,304,313,300,374,323,213,325,327,357,221
483,211,87,255,111,253,134,241,174,205,197,293,109,347,158,360,225,291,220,302,316,301,372,324,217,324,325,359,221
484,210,88,254,112,253,136,239,175,207,198,290,110,345,157,359,223,291,219,304,317,301,373,324,217,324,325,358,221
485,211,88,253,112,251,138,237,178,206,199,291,109,343,155,357,216,289,217,305,315,300,374,323,211,325,327,357,215
486,209,88,253,112,251,138,236,179,204,201,290,109,342,155,357,215,289,218,306,316,300,375,324,212,325,328,356,216
487,210,88,252,113,250,138,235,179,203,203,288,109,342,156,357,217,289,218,313,321,302,376,324,214,325,328,356,216
488,208,89,251,112,250,138,235,179,204,202,288,109,342,156,356,218,289,220,306,317,299,379,323,217,325,327,355,219
489,208,89,251,113,250,139,234,180,201,205,287,109,341,156,355,212,289,217,305,313,297,377,323,210,326,328,354,213
490,207,89,250,113,250,138,235,178,202,204,287,110,341,155,354,213,290,220,307,316,302,381,322,218,325,327,354,213
491,205,91,249,114,248,139,232,180,199,205,287,109,342,156,355,218,289,222,306,317,301,383,322,219,325,326,351,220
492,206,90,250,113,248,139,231,180,199,205,286,109,342,156,354,214,289,221,304,316,304,384,324,215,325,325,352,215
493,206,90,249,113,248,139,232,179,199,206,287,109,343,159,356,223,289,220,304,316,302,388,323,217,324,324,352,223
494,205,90,248,113,248,139,232,178,197,205,287,109,341,155,354,215,288,219,304,315,303,382,321,215,324,326,341,382
495,205,91,249,113,248,139,229,181,196,206,287,109,341,156,354,216,288,222,305,316,303,384,322,219,325,326,353,216
496,205,89,249,113,248,139,231,179,196,205,286,109,342,157,354,219,288,219,304,315,301,382,320,214,325,326,341,382
497,205,90,249,113,247,139,229,179,196,205,287,108,343,159,354,218,288,221,305,315,298,383,322,218,325,326,352,219
498,205,89,249,113,247,138,230,178,195,205,286,109,342,158,354,218,289,219,306,315,301,381,322,215,325,327,351,219
499,206,90,250,114,247,138,230,177,195,204,286,109,342,158,355,222,289,220,304,315,302,381,322,216,325,327,354,220
500,206,87,250,112,248,138,230,178,194,204,288,109,342,158,355,221,289,220,310,316,303,380,323,217,325,327,354,221
501,205,86,249,112,247,137,229,179,193,204,288,108,342,157,355,221,288,219,304,315,299,382,320,215,325,326,341,382
502,205,89,249,113,248,137,230,178,194,204,287,110,343,160,355,221,289,223,311,318,304,380,322,221,325,327,342,380
503,206,87,249,112,248,137,231,178,195,204,287,109,342,156,354,220,288,219,305,314,299,381,321,216,324,326,344,381
504,206,88,250,113,248,138,232,177,195,205,288,109,344,162,355,222,289,223,307,318,304,380,322,220,325,327,355,220
505,206,87,250,111,249,136,234,177,196,205,289,108,343,158,353,218,287,219,304,315,300,382,321,215,325,326,350,219
506,207,89,251,112,249,137,233,178,196,205,289,108,344,161,354,222,289,217,305,315,303,381,321,212,324,325,345,381
507,207,89,252,111,249,134,235,178,197,205,289,108,343,158,353,219,287,217,305,317,300,382,322,212,324,327,343,382
508,208,84,251,109,251,136,236,177,197,205,290,109,345,161,354,219,289,222,307,317,304,380,321,218,324,327,344,380
509,208,87,251,111,251,138,235,179,197,205,290,109,344,160,355,222,289,222,313,319,303,379,322,220,324,327,342,379
510,209,84,252,109,252,137,236,179,197,205,290,107,343,159,354,218,288,221,305,318,301,376,321,217,324,326,353,218
511,210,85,253,110,252,135,239,177,199,205,290,108,344,159,354,219,290,218,305,316,301,379,323,214,324,327,352,219
512,210,85,253,108,252,133,241,176,199,203,291,107,343,156,354,221,288,218,304,316,297,374,322,212,324,326,350,221
513,212,82,254,109,253,135,241,177,200,205,292,108,344,159,354,219,290,218,305,320,304,379,323,215,324,327,352,219
514,210,87,254,109,254,134,242,177,202,204,291,107,344,160,354,220,289,217,311,319,301,380,321,213,324,328,344,380
515,211,86,254,108,254,134,243,177,202,203,292,108,346,160,354,220,290,221,306,318,298,379,322,218,323,327,353,220
516,211,84,254,107,254,133,243,178,201,203,292,106,345,159,354,223,290,216,305,316,298,374,321,211,323,326,351,222
517,212,85,255,108,255,133,243,179,201,203,292,105,345,160,354,222,289,217,304,317,302,374,321,213,324,327,352,222
518,212,85,256,107,255,133,244,179,201,202,293,106,345,159,355,224,290,217,306,318,300,373,322,213,324,327,353,222
519,212,83,256,107,254,132,244,179,201,202,293,105,345,159,355,225,290,215,305,318,300,373,322,211,324,327,353,223
520,212,83,256,106,256,132,246,179,203,201,294,105,346,160,356,225,290,219,306,319,299,372,322,217,324,327,351,225
521,213,84,257,107,256,132,247,180,203,201,295,106,347,160,354,221,290,220,305,318,299,368,323,217,323,326,352,222
522,215,83,257,107,256,134,248,181,202,199,296,106,347,160,354,220,289,217,305,315,297,369,322,215,324,327,353,220
523,214,83,259,106,257,131,250,180,205,199,295,105,348,161,354,221,291,219,307,316,303,366,323,216,321,324,352,221
524,216,84,260,107,257,131,252,181,206,197,296,105,348,161,355,223,290,221,304,318,300,367,322,219,323,325,353,223
525,216,81,258,105,256,133,253,180,207,199,297,104,347,158,354,219,289,217,304,315,299,370,323,215,325,326,353,220
526,216,82,259,105,257,132,255,181,207,198,297,104,348,159,354,220,291,218,305,316,299,372,323,215,324,325,352,220
527,217,80,260,105,257,133,255,181,207,198,299,104,348,159,354,220,291,218,305,318,297,368,323,215,323,325,351,222
528,217,82,260,106,258,131,256,181,208,197,300,105,349,162,354,221,290,220,306,318,300,367,323,217,323,325,352,221
529,219,80,262,105,257,132,256,181,207,197,301,104,348,159,355,221,291,217,304,318,295,369,323,215,323,326,350,223
530,221,76,263,103,260,130,258,181,212,193,302,103,349,159,355,225,291,216,305,317,299,364,322,212,323,325,351,225
531,223,76,266,101,261,127,259,180,214,191,306,102,351,158,355,223,290,214,305,315,298,360,323,213,323,326,354,226
532,246,58,283,91,268,125,261,180,229,234,332,97,362,157,361,218,290,211,311,311,297,373,325,211,322,324,334,373
533,246,58,283,91,268,125,261,181,228,234,332,97,362,157,359,214,290,211,312,311,298,373,324,211,322,324,333,373
534,247,56,284,91,269,124,261,179,228,232,332,97,364,163,360,225,290,211,310,313,297,371,324,211,321,325,334,371
535,247,56,283,91,269,125,261,181,226,232,332,97,363,163,359,225,290,210,315,316,297,371,323,210,322,325,335,371
536,246,56,282,91,268,126,260,182,223,231,332,97,362,161,359,227,289,209,306,311,297,369,322,208,322,323,359,231
537,247,56,282,91,268,126,260,180,222,230,331,97,361,160,359,225,289,210,306,313,298,371,323,210,321,324,357,231
538,247,56,283,91,268,124,261,178,221,227,331,97,362,160,357,227,289,210,312,316,298,372,323,209,321,324,356,234
539,248,57,283,91,268,124,260,177,219,226,331,97,361,159,357,223,288,210,310,312,297,372,322,210,321,324,333,372
540,247,57,283,91,268,123,259,177,217,224,330,97,361,159,359,214,289,209,306,311,298,371,322,209,321,323,333,371
541,246,56,283,90,269,123,260,177,215,220,331,97,361,161,358,225,288,209,303,314,297,372,322,209,321,324,357,232
542,246,54,283,90,269,122,260,175,214,215,331,98,362,164,358,226,288,209,307,310,298,368,321,209,320,324,357,228
543,247,56,283,90,269,122,258,175,211,211,331,98,361,162,358,227,289,209,308,311,298,369,322,209,321,323,354,227
544,246,55,283,90,269,123,257,174,208,206,330,98,361,160,357,223,289,212,311,312,298,367,322,212,321,322,355,226
545,247,54,283,90,269,122,255,173,205,202,330,97,361,161,357,225,288,211,305,312,299,367,323,211,322,324,354,229
546,248,53,284,90,269,121,253,170,202,196,331,98,359,162,357,223,288,211,307,310,300,366,321,211,320,322,333,366
547,250,53,285,89,270,121,251,168,198,189,331,98,360,164,358,224,288,212,304,312,299,368,320,212,321,324,357,229
548,249,52,284,89,270,120,248,165,193,185,331,98,359,162,358,227,287,212,309,311,298,366,321,212,321,323,353,229
549,250,51,284,89,269,121,245,163,189,180,331,98,360,164,357,228,288,211,314,308,300,365,321,212,321,323,336,365
550,251,51,285,89,269,120,243,161,187,176,330,98,359,160,357,229,288,210,305,309,296,358,321,210,322,322,353,231
551,251,51,284,89,268,121,237,160,180,172,331,99,359,163,357,229,288,210,304,308,294,358,321,209,322,324,357,231
552,252,50,284,89,268,120,235,157,177,171,330,99,359,165,356,227,287,211,319,315,300,357,320,212,321,324,330,357
553,252,49,284,88,267,120,226,156,172,171,331,99,358,162,356,226,288,211,303,309,294,359,321,211,321,324,354,225
554,253,50,285,88,267,116,227,155,170,170,330,99,359,165,356,227,288,211,309,309,300,363,321,210,321,322,354,230
555,253,50,286,89,266,117,223,154,169,170,330,99,359,163,357,225,288,211,308,308,300,364,321,210,321,324,354,225
556,255,49,286,89,265,117,217,154,166,170,331,99,359,164,356,225,288,210,306,310,299,363,321,210,322,322,355,226
557,254,49,286,88,265,114,226,149,166,170,330,98,359,163,356,226,289,210,305,307,301,364,321,210,322,323,354,227
558,255,49,287,89,265,113,229,146,166,171,331,98,359,165,356,224,288,211,308,307,301,364,321,210,322,322,334,364
559,255,50,287,89,265,112,221,150,163,172,331,98,359,165,356,225,288,211,306,306,301,364,321,211,322,322,334,364
560,255,49,286,89,263,114,215,152,162,173,330,98,360,167,356,229,288,211,308,302,301,365,322,211,321,322,335,365
561,255,48,286,89,264,114,221,149,163,173,331,98,359,163,356,228,288,210,314,311,299,366,322,209,321,322,345,366
562,255,49,286,89,264,113,213,153,162,174,330,98,359,163,357,227,288,211,305,303,301,365,323,211,322,322,337,365
563,255,49,287,88,265,111,227,147,163,174,331,98,359,162,356,228,288,211,309,309,299,366,323,209,322,321,333,366
564,255,48,286,89,263,114,219,151,163,175,331,98,360,164,358,227,289,210,307,308,299,366,323,209,322,320,334,366
565,255,50,287,89,264,112,216,153,164,175,331,98,359,164,357,226,288,211,308,310,300,366,323,211,322,321,333,366
566,254,51,286,90,263,114,217,153,165,175,331,98,359,162,357,226,288,211,308,307,299,366,323,210,322,320,335,366
567,254,50,286,89,263,114,212,156,165,176,330,98,359,162,358,226,288,211,305,308,299,366,323,211,322,322,332,366
568,255,50,286,90,262,116,224,154,168,177,330,97,360,166,356,227,288,211,307,304,301,365,323,211,321,322,336,365
569,254,52,287,90,265,114,227,153,169,177,330,98,359,164,357,226,288,210,305,305,299,365,322,211,322,321,336,365
570,254,51,287,90,265,114,228,153,170,178,330,98,359,164,357,226,288,211,305,305,301,365,322,212,322,321,336,365
571,253,52,288,90,267,112,233,152,172,178,330,98,358,163,355,227,288,211,308,304,300,365,321,212,321,321,336,365
572,254,52,287,90,266,115,227,156,172,178,330,98,359,163,355,227,288,211,310,305,300,365,322,211,320,322,336,365
573,254,52,287,90,267,115,232,156,173,178,330,98,358,162,356,227,288,211,307,306,300,365,322,211,321,322,335,365
574,253,53,287,90,268,114,233,155,175,179,330,98,358,162,356,225,288,211,306,308,300,364,321,210,322,323,354,226
575,254,52,288,90,268,114,235,156,177,179,330,98,358,161,356,226,288,211,306,307,300,365,322,211,321,322,336,365
576,254,51,286,90,267,117,232,161,178,179,329,98,358,160,357,226,288,211,304,311,298,363,321,212,322,323,353,226
577,255,52,287,90,268,116,234,160,179,179,330,98,359,163,355,226,287,210,309,307,300,364,321,210,321,323,334,364
578,254,51,286,89,269,115,235,159,181,179,329,99,358,163,356,229,288,211,301,310,295,361,321,212,321,324,352,230
579,254,52,287,89,269,116,237,159,183,179,330,99,358,164,356,228,288,210,304,309,298,362,321,211,321,324,355,229
580,254,52,288,89,271,114,240,158,184,179,330,98,358,165,356,230,288,210,310,307,300,361,320,210,321,323,333,361
581,255,50,287,90,269,117,238,161,185,178,330,98,359,164,356,226,288,210,306,309,298,364,320,210,321,323,353,227
582,256,52,288,91,270,117,239,160,186,179,331,99,358,163,356,229,289,210,305,306,295,359,320,210,321,323,353,231
583,257,52,288,91,270,117,242,161,188,178,331,99,359,164,355,227,289,211,307,305,297,358,321,212,321,323,354,232
584,257,52,289,91,271,116,244,160,190,178,331,99,357,160,356,225,289,210,309,309,297,358,321,211,320,325,354,230
585,257,52,290,91,273,115,245,159,191,178,331,99,358,161,356,227,289,210,309,307,298,358,322,210,320,324,354,231
586,257,52,290,90,273,115,249,157,192,178,331,99,358,163,356,228,289,211,308,310,294,358,322,212,320,323,355,232
587,258,51,290,90,272,116,249,158,194,178,332,100,358,162,356,230,290,210,306,311,293,359,321,210,320,325,355,234
588,258,52,290,90,273,116,251,158,197,178,332,99,357,159,356,227,290,210,309,312,295,359,322,211,320,324,354,230
589,258,52,290,91,273,116,252,158,198,178,332,100,358,164,356,232,290,209,313,313,297,359,321,209,319,325,354,235
590,257,52,290,89,275,115,251,158,201,177,331,99,357,162,357,228,290,212,310,313,298,360,322,213,319,324,355,229
591,258,52,291,90,278,114,257,156,209,175,331,99,357,162,357,229,290,211,309,308,298,358,321,212,317,323,355,232
592,258,52,292,89,280,113,257,156,210,174,331,100,357,164,357,228,289,211,309,308,298,358,321,211,318,323,355,230
593,258,53,293,89,281,111,258,155,211,174,331,100,358,164,356,232,291,210,311,309,297,359,321,211,318,325,355,236
594,258,53,293,90,282,111,259,156,212,174,331,100,357,165,357,227,290,210,309,304,297,358,321,210,318,321,355,228
595,257,53,293,89,282,110,260,155,214,173,330,100,357,164,357,227,290,211,309,304,296,357,321,213,317,322,355,228
596,257,54,293,89,283,110,260,155,214,173,331,100,356,165,356,230,290,210,310,309,296,357,321,211,317,322,355,233
597,258,55,293,89,283,109,261,155,215,173,331,100,357,165,355,234,289,209,305,298,292,356,320,210,316,320,355,235
598,257,53,293,89,284,109,262,154,216,173,331,100,356,164,355,233,290,210,306,302,292,356,321,211,316,320,350,235
599,258,54,294,89,285,108,262,154,216,173,331,101,357,167,355,233,289,210,307,300,292,356,320,212,317,319,350,234
600,258,54,294,89,285,109,264,154,217,172,331,101,357,166,355,233,291,209,308,308,292,357,321,211,316,322,352,234
601,258,53,294,89,285,109,264,153,218,172,330,101,356,166,354,233,291,208,309,305,293,357,319,210,316,320,349,235
602,258,54,293,89,285,109,265,153,219,171,330,102,357,169,353,232,291,209,308,306,292,357,320,211,317,319,348,235
603,258,54,294,90,286,109,266,152,220,171,330,101,356,169,353,231,291,208,311,309,294,358,320,212,317,318,349,235
604,258,53,294,89,285,109,267,151,220,171,330,101,355,165,353,232,290,208,309,306,293,357,319,211,316,321,347,235
605,258,53,294,89,286,108,267,152,221,171,330,101,356,166,352,234,291,209,311,311,315,315,319,212,316,322,347,238
606,257,54,293,89,286,110,267,153,222,170,330,101,356,167,352,234,290,207,309,303,291,357,319,211,316,320,347,235
607,258,54,293,89,287,110,267,154,222,170,329,101,357,170,352,235,290,208,308,302,322,322,319,211,316,319,347,237
608,258,53,294,89,288,109,267,154,220,170,330,101,357,169,352,235,291,208,309,307,311,314,320,212,316,320,347,237
609,257,54,294,88,288,109,267,153,223,169,330,101,357,169,352,234,290,207,306,298,290,356,319,209,315,318,347,235
610,258,53,294,88,289,109,267,153,224,168,329,102,356,169,352,233,291,209,305,298,289,355,319,212,314,318,346,234
611,258,54,294,88,289,108,268,152,225,167,329,102,356,167,352,233,290,208,308,301,290,354,319,212,315,316,347,234
612,258,54,294,88,289,108,268,151,225,167,329,102,356,167,353,233,290,209,307,300,290,353,320,213,315,318,350,234
613,258,53,294,88,289,109,268,152,225,167,328,103,356,168,353,231,291,208,310,307,291,355,320,211,315,318,347,234
614,257,53,294,88,289,108,269,152,225,167,328,102,355,168,352,233,289,209,307,301,290,356,318,212,315,319,360,242
615,257,53,294,88,289,109,270,152,226,167,328,102,356,169,352,233,290,210,308,303,290,356,319,213,315,319,346,234
616,257,54,294,88,288,108,270,152,226,167,328,103,356,167,351,234,290,208,307,301,318,319,319,210,314,318,348,236
617,257,53,294,88,289,109,271,151,227,166,328,102,356,169,352,232,290,209,306,299,290,356,319,213,315,319,347,234
618,257,53,293,88,289,110,270,152,226,166,328,102,356,167,352,231,289,209,308,301,290,355,319,213,314,317,346,234
619,257,54,294,88,288,109,270,153,226,167,328,102,356,169,352,234,290,208,306,296,322,322,319,212,314,314,349,237
620,257,55,294,89,289,108,271,151,229,165,328,102,356,169,352,233,289,208,306,298,289,352,319,212,314,315,351,236
621,257,54,294,89,289,109,270,153,228,165,328,102,355,167,353,228,290,206,306,297,290,351,320,210,314,313,351,230
622,256,55,294,89,289,109,271,151,230,165,328,102,355,167,351,232,290,205,302,288,331,351,319,209,313,313,326,351
623,257,55,295,89,290,107,272,152,230,165,328,103,356,168,353,231,290,207,305,294,290,352,318,211,313,312,352,235
624,258,54,295,88,291,106,271,151,230,165,327,102,356,169,352,229,290,208,305,298,291,353,320,213,314,314,348,237
625,257,54,294,89,290,107,271,151,231,165,327,103,356,170,352,231,290,208,305,293,290,352,318,212,313,311,326,352
626,257,55,294,88,290,107,272,152,230,166,327,103,356,170,352,231,290,208,304,297,291,354,319,212,314,316,347,235
627,257,54,294,88,290,107,273,150,231,166,327,104,356,169,351,228,290,207,304,293,332,356,319,210,313,312,347,234
628,257,55,294,89,290,107,273,151,233,165,327,103,356,169,352,228,291,208,306,297,291,352,319,212,314,311,348,231
629,257,54,294,89,290,107,274,150,233,166,327,103,355,167,352,226,291,208,305,294,290,352,318,212,313,309,325,352
630,257,55,294,89,290,106,274,150,233,166,326,103,356,170,352,228,291,208,305,297,291,352,319,211,314,312,348,231
631,257,53,294,88,290,106,273,150,231,166,326,103,356,168,352,229,291,208,305,298,291,354,320,213,314,314,347,233
632,257,54,293,88,289,107,273,149,232,166,326,104,355,167,352,223,291,208,305,296,291,356,318,210,313,308,348,232
633,257,54,294,88,290,105,274,150,231,166,326,103,355,168,352,229,291,208,305,300,291,354,319,213,314,314,347,233
634,258,53,294,88,290,107,273,149,232,166,326,104,356,170,350,227,291,208,306,299,291,356,319,211,315,313,348,237
635,257,55,294,89,289,106,274,149,233,165,326,103,355,166,352,223,291,208,305,299,291,357,319,212,315,314,349,223
636,257,55,294,89,289,108,274,149,232,166,326,104,355,168,352,227,290,207,305,297,291,356,318,211,314,311,352,239
637,257,55,294,89,289,107,274,149,233,165,327,104,354,166,353,228,291,207,306,302,291,357,319,211,315,313,348,234
638,257,55,294,89,290,108,274,149,234,166,326,103,354,164,354,220,291,207,305,297,292,358,319,210,314,313,326,358
639,257,54,293,89,289,106,275,149,234,166,326,103,354,165,352,228,291,207,306,296,291,357,319,211,314,310,347,233
640,257,55,293,89,289,107,275,150,233,166,326,103,354,164,353,221,291,207,305,296,291,357,320,210,314,312,327,357
641,256,55,293,89,288,108,274,150,233,166,327,103,355,166,352,228,291,206,307,298,290,357,319,209,314,315,348,230
642,256,55,293,88,288,108,275,151,234,167,327,103,355,168,352,229,290,206,306,299,290,357,319,210,314,314,348,231
643,256,54,293,88,288,108,275,152,234,168,327,103,355,166,352,227,290,205,305,294,331,357,319,209,314,312,328,357
644,256,56,293,89,288,108,276,152,234,168,328,103,355,166,352,229,291,206,308,306,307,315,320,210,314,320,348,234
645,256,56,293,89,288,109,276,153,235,168,328,103,355,167,352,228,291,206,307,304,307,314,319,211,314,317,350,235
646,256,56,293,89,289,108,278,153,235,169,327,103,354,165,352,227,291,206,307,304,292,357,319,211,315,317,347,234
647,255,58,293,90,288,109,276,154,234,168,327,102,353,164,352,227,290,204,304,290,332,358,317,208,313,314,330,358
648,255,57,293,89,288,108,275,154,234,169,327,103,355,169,352,230,291,206,307,303,317,321,319,210,314,320,349,232
649,255,56,293,89,288,109,275,155,235,169,327,103,354,165,353,226,291,207,306,296,331,358,319,210,313,316,329,358
650,255,57,293,90,288,108,278,155,235,169,326,103,354,165,352,225,291,208,305,296,291,358,318,211,314,311,329,358
651,256,57,293,90,288,109,275,155,235,168,327,103,355,167,352,227,291,206,306,296,331,358,319,210,314,317,329,358
652,256,56,293,90,288,108,276,155,235,169,326,103,355,166,352,227,291,208,307,302,291,358,320,212,315,315,348,233
653,255,56,292,89,288,110,278,154,235,168,327,103,355,166,352,226,291,206,306,296,290,358,318,210,314,314,328,358
654,254,57,292,89,288,109,279,155,235,169,327,103,355,167,352,229,291,207,307,302,318,322,319,211,314,318,348,230
655,255,57,293,89,289,108,280,155,235,169,326,103,354,165,353,225,291,206,307,304,292,357,319,210,315,320,348,228
656,255,57,293,89,289,108,285,154,235,168,327,103,354,166,352,226,291,207,306,299,290,356,319,210,314,317,349,229
657,256,57,293,89,289,109,286,154,235,169,326,103,355,166,351,226,291,207,308,303,292,356,320,211,315,316,347,233
658,255,57,293,89,289,108,286,154,236,168,327,103,354,164,352,226,291,207,306,295,290,356,319,210,314,318,349,229
659,255,57,293,89,289,108,287,155,235,169,326,103,355,166,353,227,291,207,307,299,317,320,319,211,315,318,349,231
660,255,57,293,90,289,109,286,155,235,169,325,103,354,166,352,225,291,207,307,300,319,321,319,210,315,320,348,232
661,254,58,293,90,289,109,281,155,235,170,325,103,353,164,353,223,291,206,306,297,318,321,320,210,316,321,351,225
662,253,58,292,90,289,109,277,156,235,170,325,103,354,165,353,227,291,204,305,288,333,357,319,207,314,317,331,357
663,254,58,292,90,289,110,279,155,235,170,325,103,353,164,353,224,291,205,309,302,321,321,320,208,316,319,350,227
664,254,58,292,90,289,110,281,155,235,170,325,103,353,164,352,227,290,205,306,295,318,320,319,208,315,321,348,231
665,254,58,292,90,289,110,283,155,234,169,325,104,354,166,353,227,292,206,303,289,331,356,319,208,315,318,331,356
666,254,58,292,90,289,110,283,156,234,169,324,104,354,167,352,229,292,207,309,304,314,314,320,210,315,321,348,231
667,255,57,292,90,290,110,284,155,234,169,325,103,353,164,353,218,291,207,309,303,311,314,320,210,316,319,352,220
668,254,58,292,90,289,108,283,155,234,169,325,104,354,167,352,228,292,206,309,306,308,313,320,209,315,318,347,231
669,254,58,292,90,289,108,284,155,235,169,325,104,354,167,351,229,292,205,307,299,319,319,319,208,315,318,347,230
670,255,56,292,89,289,109,286,155,235,168,326,104,356,170,351,229,291,206,307,301,318,320,319,209,314,319,347,232
671,255,55,292,89,288,110,284,156,235,168,327,103,356,170,351,231,290,207,304,292,321,322,317,210,314,317,347,233
672,255,56,292,89,289,110,284,156,235,169,327,104,355,168,352,227,291,204,306,295,313,314,319,208,314,316,330,356
673,256,55,293,89,289,109,285,154,237,168,326,102,355,168,351,230,291,205,305,294,321,320,318,208,314,315,347,231
674,255,54,292,88,289,108,286,154,237,168,328,103,355,169,351,227,291,206,305,292,322,323,318,209,315,318,330,355
675,256,52,292,87,288,111,287,155,238,169,329,102,354,166,352,226,291,204,304,288,322,324,317,206,315,320,331,357
676,258,51,293,87,288,112,283,156,236,169,330,102,357,168,352,226,291,204,309,304,313,314,316,207,316,321,349,228
677,260,49,294,86,288,111,286,156,235,169,331,102,356,167,353,229,291,204,305,292,322,324,317,208,316,319,350,232
678,261,48,294,86,288,110,282,156,236,167,331,102,357,166,353,227,291,205,305,292,322,324,317,208,316,320,351,230
679,262,49,295,86,288,109,289,156,236,169,332,103,358,170,353,231,290,205,310,307,295,356,317,209,316,321,349,234
680,263,47,296,85,288,110,284,156,235,169,332,102,357,168,353,230,291,205,309,303,321,323,318,209,316,320,354,239
681,264,47,296,85,287,108,279,157,234,169,333,102,357,168,353,230,291,204,305,295,292,356,318,207,316,317,355,239
682,266,45,296,85,286,109,283,156,236,167,334,101,357,167,354,230,291,205,305,296,291,351,320,209,317,318,352,233
683,266,44,296,84,287,112,284,157,235,168,335,102,359,168,353,231,290,207,306,298,291,354,319,210,316,318,349,234
684,266,43,297,83,286,108,275,156,234,168,335,102,357,165,354,229,291,207,308,301,292,354,319,210,316,320,349,234
685,267,43,297,84,287,110,280,156,236,167,336,101,358,166,354,230,291,207,309,305,293,353,319,211,316,321,349,236
686,269,41,298,83,286,110,280,156,236,167,337,101,358,167,355,232,291,206,313,310,293,351,320,209,317,319,350,236
687,269,43,298,84,286,111,279,157,233,168,337,101,360,170,354,233,291,208,312,309,295,355,320,210,317,321,351,235
688,271,41,299,83,286,109,284,156,236,168,338,101,359,166,354,233,291,205,309,305,294,357,319,208,318,321,351,236
689,272,39,299,82,286,110,276,158,234,167,338,101,360,168,355,232,291,207,312,309,295,354,320,209,317,321,351,235
690,273,41,300,83,287,110,276,157,234,168,339,100,361,168,354,232,290,205,309,302,322,321,320,208,318,322,353,234
691,274,39,301,82,287,109,277,157,234,168,340,101,361,166,355,232,291,207,312,305,294,355,322,209,317,321,354,234
692,274,39,301,82,288,110,272,157,235,169,340,100,361,165,354,233,291,205,311,304,297,357,321,208,318,321,352,235
693,276,39,302,82,287,109,276,158,235,169,341,100,361,166,355,231,290,206,308,301,325,322,321,210,318,321,353,234
694,278,36,302,81,286,109,273,157,236,170,341,100,360,161,355,233,289,205,306,292,324,324,321,208,317,323,352,235
695,278,36,303,81,287,108,282,159,239,170,342,100,360,162,355,232,291,206,308,302,322,323,322,210,318,324,353,235
696,279,36,303,80,287,109,281,160,240,170,343,100,361,163,355,231,291,205,307,300,325,323,322,207,318,323,353,236
697,279,36,304,81,289,109,280,161,241,171,343,100,362,164,356,229,291,205,307,299,322,325,322,208,317,323,354,236
698,280,36,304,80,288,110,280,163,242,172,344,101,362,169,356,232,290,205,306,305,295,359,322,209,319,323,353,234
699,280,35,305,79,289,108,284,162,243,173,345,100,362,163,356,229,291,205,310,304,323,324,323,208,318,324,354,232
700,281,36,306,79,290,108,288,162,246,175,346,101,363,168,356,232,292,206,310,306,293,360,323,210,318,325,355,236
701,281,36,306,79,290,109,283,163,246,179,346,101,362,163,356,231,291,206,307,311,295,360,323,208,319,324,355,234
