1,3,87,248,389,479,
2,3,87,248,389,479,
3,3,87,248,389,479,
4,3,87,248,389,479,
5,3,87,248,389,479,
6,3,87,248,389,479,
7,3,87,248,389,479,
8,3,87,248,389,479,
9,3,87,248,389,479,
10,3,87,248,389,479,
11,3,87,248,389,479,
12,3,87,248,389,479,
13,3,87,248,389,479,
14,3,87,248,389,479,
15,3,87,248,389,479,
16,3,87,248,389,479,
17,3,87,248,389,479,
18,3,87,248,389,479,
19,3,87,248,389,479,
20,3,87,248,389,479,
21,3,87,248,389,479,
22,3,87,248,389,479,
23,3,87,248,389,479,
24,3,87,248,389,479,
25,3,87,248,389,479,
26,3,87,248,389,479,
27,3,87,248,389,479,
28,3,87,248,389,479,
29,3,87,248,389,479,
30,3,87,248,389,479,
31,3,87,248,389,479,
32,3,87,248,389,479,
33,3,87,248,389,479,
34,3,87,248,389,479,
35,3,87,248,389,479,
36,3,87,248,389,479,
37,3,87,248,389,479,
38,3,87,248,389,479,
39,3,87,248,389,479,
40,3,87,248,389,479,
41,3,87,248,389,479,
42,3,87,248,389,479,
43,3,87,248,389,479,
44,3,87,248,389,479,
45,3,87,248,389,479,
46,3,87,248,389,479,
47,3,87,248,389,479,
48,3,87,248,389,479,
49,3,87,248,389,479,
50,3,87,248,389,479,
51,3,87,248,389,479,
52,3,87,248,389,479,
53,3,87,248,389,479,
54,3,87,248,389,479,
55,3,87,248,389,479,
56,3,87,248,389,479,
57,3,87,248,389,479,
58,3,87,248,389,479,
59,3,87,248,389,479,
60,3,87,248,389,479,
61,3,87,248,389,479,
62,3,87,248,389,479,
63,3,87,248,389,479,
64,3,87,248,389,479,
65,3,87,248,389,479,
66,3,87,248,389,479,
67,3,87,248,389,479,
68,3,87,248,389,479,
69,3,87,248,389,479,
70,3,87,248,389,479,
71,3,87,248,389,479,
72,3,87,248,389,479,
73,3,87,248,389,479,
74,3,87,248,389,479,
75,3,87,248,389,479,
76,3,87,248,389,479,
77,3,87,248,389,479,
78,3,87,248,389,479,
79,3,87,248,389,479,
80,3,87,248,389,479,
81,3,87,248,389,479,
82,3,87,248,389,479,
83,3,87,248,389,479,
84,3,87,248,389,479,
85,3,87,248,389,479,
86,3,87,248,389,479,
87,3,87,248,389,479,
88,3,87,248,389,479,
89,3,87,248,389,479,
90,3,87,248,389,479,
91,3,87,248,389,479,
92,3,87,248,389,479,
93,3,87,248,389,479,
94,3,87,248,389,479,
95,3,87,248,389,479,
96,3,87,248,389,479,
97,3,87,248,389,479,
98,3,87,248,389,479,
99,3,87,248,389,479,
100,3,87,248,389,479,
101,3,87,248,389,479,
102,3,87,248,389,479,
103,3,87,248,389,479,
104,3,87,248,389,479,
105,3,87,248,389,479,
106,3,87,248,389,479,
107,3,87,248,389,479,
108,3,87,248,389,479,
109,3,87,248,389,479,
110,3,87,248,389,479,
111,3,87,248,389,479,
112,3,87,248,389,479,
113,3,87,248,389,479,
114,3,87,248,389,479,
115,3,87,248,389,479,
116,3,87,248,389,479,
117,3,87,248,389,479,
118,3,87,248,389,479,
119,3,87,248,389,479,
120,3,87,248,389,479,
121,3,87,248,389,479,
122,3,87,248,389,479,
123,3,87,248,389,479,
124,3,87,248,389,479,
125,3,87,248,389,479,
126,3,87,248,389,479,
127,3,87,248,389,479,
128,3,87,248,389,479,
129,3,87,248,389,479,
130,3,87,248,389,479,
131,3,87,248,389,479,
132,3,87,248,389,479,
133,3,87,248,389,479,
134,3,87,248,389,479,
135,3,87,248,389,479,
136,3,87,248,389,479,
137,3,87,248,389,479,
138,3,87,248,389,479,
139,3,87,248,389,479,
140,3,87,248,389,479,
141,3,87,248,389,479,
142,3,87,248,389,479,
143,3,87,248,389,479,
144,3,87,248,389,479,
145,3,87,248,389,479,
146,3,87,248,389,479,
147,3,87,248,389,479,
148,3,87,248,389,479,
149,3,87,248,389,479,
150,3,87,248,389,479,
151,3,87,248,389,479,
152,3,87,248,389,479,
153,3,87,248,389,479,
154,3,87,248,389,479,
155,3,87,248,389,479,
156,3,87,248,389,479,
157,3,87,248,389,479,
158,3,87,248,389,479,
159,3,87,248,389,479,
160,3,87,248,389,479,
161,3,87,248,389,479,
162,3,87,248,389,479,
163,3,87,248,389,479,
164,3,87,248,389,479,
165,3,87,248,389,479,
166,3,87,248,389,479,
167,3,87,248,389,479,
168,3,87,248,389,479,
169,3,87,248,389,479,
170,3,87,248,389,479,
171,3,87,248,389,479,
172,3,87,248,389,479,
173,3,87,248,389,479,
174,3,87,248,389,479,
175,3,87,248,389,479,
176,3,87,248,389,479,
177,3,87,248,389,479,
178,3,87,248,389,479,
179,3,87,248,389,479,
180,3,87,248,389,479,
181,3,87,248,389,479,
182,3,87,248,389,479,
183,3,87,248,389,479,
184,3,87,248,389,479,
185,3,87,248,389,479,
186,3,87,248,389,479,
187,3,87,248,389,479,
188,3,87,248,389,479,
189,3,87,248,389,479,
190,3,87,248,389,479,
191,3,87,248,389,479,
192,3,87,248,389,479,
193,3,87,248,389,479,
194,3,87,248,389,479,
195,3,87,248,389,479,
196,3,87,248,389,479,
197,3,87,248,389,479,
198,3,87,248,389,479,
199,3,87,248,389,479,
200,3,87,248,389,479,
201,3,87,248,389,479,
202,3,87,248,389,479,
203,3,87,248,389,479,
204,3,87,248,389,479,
205,3,87,248,389,479,
206,3,87,248,389,479,
207,3,87,248,389,479,
208,3,87,248,389,479,
209,3,87,248,389,479,
210,3,87,248,389,479,
211,3,87,248,389,479,
212,3,87,248,389,479,
213,3,87,248,389,479,
214,3,87,248,389,479,
215,3,87,248,389,479,
216,3,87,248,389,479,
217,3,87,248,389,479,
218,3,87,248,389,479,
219,3,87,248,389,479,
220,3,87,248,389,479,
221,3,87,248,389,479,
222,3,87,248,389,479,
223,3,87,248,389,479,
224,3,87,248,389,479,
225,3,87,248,389,479,
226,3,87,248,389,479,
227,3,87,248,389,479,
228,3,87,248,389,479,
229,3,87,248,389,479,
230,3,87,248,389,479,
231,3,87,248,389,479,
232,3,87,248,389,479,
233,3,87,248,389,479,
234,3,87,248,389,479,
235,3,87,248,389,479,
236,3,87,248,389,479,
237,3,87,248,389,479,
238,3,87,248,389,479,
239,3,87,248,389,479,
240,3,87,248,389,479,
241,3,87,248,389,479,
242,3,87,248,389,479,
243,3,87,248,389,479,
244,3,87,248,389,479,
245,3,87,248,389,479,
246,3,87,248,389,479,
247,3,87,248,389,479,
248,3,87,248,389,479,
249,3,87,248,389,479,
250,3,87,248,389,479,
251,3,87,248,389,479,
252,3,87,248,389,479,
253,3,87,248,389,479,
254,3,87,248,389,479,
255,3,87,248,389,479,
256,3,87,248,389,479,
257,3,87,248,389,479,
258,3,87,248,389,479,
259,3,87,248,389,479,
260,3,87,248,389,479,
261,3,87,248,389,479,
262,3,87,248,389,479,
263,3,87,248,389,479,
264,3,87,248,389,479,
265,3,87,248,389,479,
266,3,87,248,389,479,
267,3,87,248,389,479,
268,3,87,248,389,479,
269,3,87,248,389,479,
270,3,87,248,389,479,
271,3,87,248,389,479,
272,3,87,248,389,479,
273,3,87,248,389,479,
274,3,87,248,389,479,
275,3,87,248,389,479,
276,3,87,248,389,479,
277,3,87,248,389,479,
278,3,87,248,389,479,
279,3,87,248,389,479,
280,3,87,248,389,479,
281,3,87,248,389,479,
282,3,87,248,389,479,
283,3,87,248,389,479,
284,3,87,248,389,479,
285,3,87,248,389,479,
286,3,87,248,389,479,
287,3,87,248,389,479,
288,3,87,248,389,479,
289,3,87,248,389,479,
290,3,87,248,389,479,
291,3,87,248,389,479,
292,3,87,248,389,479,
293,3,87,248,389,479,
294,3,87,248,389,479,
295,3,87,248,389,479,
296,3,87,248,389,479,
297,3,87,248,389,479,
298,3,87,248,389,479,
299,3,87,248,389,479,
300,3,87,248,389,479,
301,3,87,248,389,479,
302,3,87,248,389,479,
303,3,87,248,389,479,
304,3,87,248,389,479,
305,3,87,248,389,479,
306,3,87,248,389,479,
307,3,87,248,389,479,
308,3,87,248,389,479,
309,3,87,248,389,479,
310,3,87,248,389,479,
311,3,87,248,389,479,
312,3,87,248,389,479,
313,3,87,248,389,479,
314,3,87,248,389,479,
315,3,87,248,389,479,
316,3,87,248,389,479,
317,3,87,248,389,479,
318,3,87,248,389,479,
319,3,87,248,389,479,
320,3,87,248,389,479,
321,3,87,248,389,479,
322,3,87,248,389,479,
323,3,87,248,389,479,
324,3,87,248,389,479,
325,3,87,248,389,479,
326,3,87,248,389,479,
327,3,87,248,389,479,
328,3,87,248,389,479,
329,3,87,248,389,479,
330,3,87,248,389,479,
331,3,87,248,389,479,
332,3,87,248,389,479,
333,3,87,248,389,479,
334,3,87,248,389,479,
335,3,87,248,389,479,
336,3,87,248,389,479,
337,3,87,248,389,479,
338,3,87,248,389,479,
339,3,87,248,389,479,
340,3,87,248,389,479,
341,3,87,248,389,479,
342,3,87,248,389,479,
343,3,87,248,389,479,
344,3,87,248,389,479,
345,3,87,248,389,479,
346,3,87,248,389,479,
347,3,87,248,389,479,
348,3,87,248,389,479,
349,3,87,248,389,479,
350,3,87,248,389,479,
351,3,87,248,389,479,
352,3,87,248,389,479,
353,3,87,248,389,479,
354,3,87,248,389,479,
355,3,87,248,389,479,
356,3,87,248,389,479,
357,3,87,248,389,479,
358,3,87,248,389,479,
359,3,87,248,389,479,
360,3,87,248,389,479,
361,3,87,248,389,479,
362,3,87,248,389,479,
363,3,87,248,389,479,
364,3,87,248,389,479,
365,3,87,248,389,479,
366,3,87,248,389,479,
367,3,87,248,389,479,
368,3,87,248,389,479,
369,3,87,248,389,479,
370,3,87,248,389,479,
371,3,87,248,389,479,
372,3,87,248,389,479,
373,3,87,248,389,479,
374,3,87,248,389,479,
375,3,87,248,389,479,
376,3,87,248,389,479,
377,3,87,248,389,479,
378,3,87,248,389,479,
379,3,87,248,389,479,
380,3,87,248,389,479,
381,3,87,248,389,479,
382,3,87,248,389,479,
383,3,87,248,389,479,
384,3,87,248,389,479,
385,3,87,248,389,479,
386,3,87,248,389,479,
387,3,87,248,389,479,
388,3,87,248,389,479,
389,3,87,248,389,479,
390,3,87,248,389,479,
391,3,87,248,389,479,
392,3,87,248,389,479,
393,3,87,248,389,479,
394,3,87,248,389,479,
395,3,87,248,389,479,
396,3,87,248,389,479,
397,3,87,248,389,479,
398,3,87,248,389,479,
399,3,87,248,389,479,
400,3,87,248,389,479,
401,3,87,248,389,479,
402,3,87,248,389,479,
403,3,87,248,389,479,
404,3,87,248,389,479,
405,3,87,248,389,479,
406,3,87,248,389,479,
407,3,87,248,389,479,
408,3,87,248,389,479,
409,3,87,248,389,479,
410,3,87,248,389,479,
411,3,87,248,389,479,
412,3,87,248,389,479,
413,3,87,248,389,479,
414,3,87,248,389,479,
415,3,87,248,389,479,
416,3,87,248,389,479,
417,3,87,248,389,479,
418,3,87,248,389,479,
419,3,87,248,389,479,
420,3,87,248,389,479,
421,3,87,248,389,479,
422,3,87,248,389,479,
423,3,87,248,389,479,
424,3,87,248,389,479,
425,3,87,248,389,479,
426,3,87,248,389,479,
427,3,87,248,389,479,
428,3,87,248,389,479,
429,3,87,248,389,479,
430,3,87,248,389,479,
431,3,87,248,389,479,
432,3,87,248,389,479,
433,3,87,248,389,479,
434,3,87,248,389,479,
435,3,87,248,389,479,
436,3,87,248,389,479,
437,3,87,248,389,479,
438,3,87,248,389,479,
439,3,87,248,389,479,
440,3,87,248,389,479,
441,3,87,248,389,479,
442,3,87,248,389,479,
443,3,87,248,389,479,
444,3,87,248,389,479,
445,3,87,248,389,479,
446,3,87,248,389,479,
447,3,87,248,389,479,
448,3,87,248,389,479,
449,3,87,248,389,479,
450,3,87,248,389,479,
451,3,87,248,389,479,
452,3,87,248,389,479,
453,3,87,248,389,479,
454,3,87,248,389,479,
455,3,87,248,389,479,
456,3,87,248,389,479,
457,3,87,248,389,479,
458,3,87,248,389,479,
459,3,87,248,389,479,
460,3,87,248,389,479,
461,3,87,248,389,479,
462,3,87,248,389,479,
463,3,87,248,389,479,
464,3,87,248,389,479,
465,3,87,248,389,479,
466,3,87,248,389,479,
467,3,87,248,389,479,
468,3,87,248,389,479,
469,3,87,248,389,479,
470,3,87,248,389,479,
471,3,87,248,389,479,
472,3,87,248,389,479,
473,3,87,248,389,479,
474,3,87,248,389,479,
475,3,87,248,389,479,
476,3,87,248,389,479,
477,3,87,248,389,479,
478,3,87,248,389,479,
479,3,87,248,389,479,
480,3,87,248,389,479,
481,3,87,248,389,479,
482,3,87,248,389,479,
483,3,87,248,389,479,
484,3,87,248,389,479,
485,3,87,248,389,479,
486,3,87,248,389,479,
487,3,87,248,389,479,
488,3,87,248,389,479,
489,3,87,248,389,479,
490,3,87,248,389,479,
491,3,87,248,389,479,
492,3,87,248,389,479,
493,3,87,248,389,479,
494,3,87,248,389,479,
495,3,87,248,389,479,
496,3,87,248,389,479,
497,3,87,248,389,479,
498,3,87,248,389,479,
499,3,87,248,389,479,
500,3,87,248,389,479,
501,3,87,248,389,479,
502,3,87,248,389,479,
503,3,87,248,389,479,
504,3,87,248,389,479,
505,3,87,248,389,479,
506,3,87,248,389,479,
507,3,87,248,389,479,
508,3,87,248,389,479,
509,3,87,248,389,479,
510,3,87,248,389,479,
511,3,87,248,389,479,
512,3,87,248,389,479,
513,3,87,248,389,479,
514,3,87,248,389,479,
515,3,87,248,389,479,
516,3,87,248,389,479,
517,3,87,248,389,479,
518,3,87,248,389,479,
519,3,87,248,389,479,
520,3,87,248,389,479,
521,3,87,248,389,479,
522,3,87,248,389,479,
523,3,87,248,389,479,
524,3,87,248,389,479,
525,3,87,248,389,479,
526,3,87,248,389,479,
527,3,87,248,389,479,
528,3,87,248,389,479,
529,3,87,248,389,479,
530,3,87,248,389,479,
531,3,87,248,389,479,
532,3,87,248,389,479,
533,3,87,248,389,479,
534,3,87,248,389,479,
535,3,87,248,389,479,
536,3,87,248,389,479,
537,3,87,248,389,479,
538,3,87,248,389,479,
539,3,87,248,389,479,
540,3,87,248,389,479,
541,3,87,248,389,479,
542,3,87,248,389,479,
543,3,87,248,389,479,
544,3,87,248,389,479,
545,3,87,248,389,479,
546,3,87,248,389,479,
547,3,87,248,389,479,
548,3,87,248,389,479,
549,3,87,248,389,479,
550,3,87,248,389,479,
551,3,87,248,389,479,
552,3,87,248,389,479,
553,3,87,248,389,479,
554,3,87,248,389,479,
555,3,87,248,389,479,
556,3,87,248,389,479,
557,3,87,248,389,479,
558,3,87,248,389,479,
559,3,87,248,389,479,
560,3,87,248,389,479,
561,3,87,248,389,479,
562,3,87,248,389,479,
563,3,87,248,389,479,
564,3,87,248,389,479,
565,3,87,248,389,479,
566,3,87,248,389,479,
567,3,87,248,389,479,
568,3,87,248,389,479,
569,3,87,248,389,479,
570,3,87,248,389,479,
571,3,87,248,389,479,
572,3,87,248,389,479,
573,3,87,248,389,479,
574,3,87,248,389,479,
575,3,87,248,389,479,
576,3,87,248,389,479,
577,3,87,248,389,479,
578,3,87,248,389,479,
579,3,87,248,389,479,
580,3,87,248,389,479,
581,3,87,248,389,479,
582,3,87,248,389,479,
583,3,87,248,389,479,
584,3,87,248,389,479,
585,3,87,248,389,479,
586,3,87,248,389,479,
587,3,87,248,389,479,
588,3,87,248,389,479,
589,3,87,248,389,479,
590,3,87,248,389,479,
591,3,87,248,389,479,
592,3,87,248,389,479,
593,3,87,248,389,479,
594,3,87,248,389,479,
595,3,87,248,389,479,
596,3,87,248,389,479,
597,3,87,248,389,479,
598,3,87,248,389,479,
599,3,87,248,389,479,
600,3,87,248,389,479,
601,3,87,248,389,479,
602,3,87,248,389,479,
603,3,87,248,389,479,
604,3,87,248,389,479,
605,3,87,248,389,479,
606,3,87,248,389,479,
607,3,87,248,389,479,
608,3,87,248,389,479,
609,3,87,248,389,479,
610,3,87,248,389,479,
611,3,87,248,389,479,
612,3,87,248,389,479,
613,3,87,248,389,479,
614,3,87,248,389,479,
615,3,87,248,389,479,
616,3,87,248,389,479,
617,3,87,248,389,479,
618,3,87,248,389,479,
619,3,87,248,389,479,
620,3,87,248,389,479,
621,3,87,248,389,479,
622,3,87,248,389,479,
623,3,87,248,389,479,
624,3,87,248,389,479,
625,3,87,248,389,479,
626,3,87,248,389,479,
627,3,87,248,389,479,
628,3,87,248,389,479,
629,3,87,248,389,479,
630,3,87,248,389,479,
631,3,87,248,389,479,
632,3,87,248,389,479,
633,3,87,248,389,479,
634,3,87,248,389,479,
635,3,87,248,389,479,
636,3,87,248,389,479,
637,3,87,248,389,479,
638,3,87,248,389,479,
639,3,87,248,389,479,
640,3,87,248,389,479,
641,3,87,248,389,479,
642,3,87,248,389,479,
643,3,87,248,389,479,
644,3,87,248,389,479,
645,3,87,248,389,479,
646,3,87,248,389,479,
647,3,87,248,389,479,
648,3,87,248,389,479,
649,3,87,248,389,479,
650,3,87,248,389,479,
651,3,87,248,389,479,
652,3,87,248,389,479,
653,3,87,248,389,479,
654,3,87,248,389,479,
655,3,87,248,389,479,
656,3,87,248,389,479,
657,3,87,248,389,479,
658,3,87,248,389,479,
659,3,87,248,389,479,
660,3,87,248,389,479,
661,3,87,248,389,479,
662,3,87,248,389,479,
663,3,87,248,389,479,
664,3,87,248,389,479,
665,3,87,248,389,479,
666,3,87,248,389,479,
667,3,87,248,389,479,
668,3,87,248,389,479,
669,3,87,248,389,479,
670,3,87,248,389,479,
671,3,87,248,389,479,
672,3,87,248,389,479,
673,3,87,248,389,479,
674,3,87,248,389,479,
675,3,87,248,389,479,
676,3,87,248,389,479,
677,3,87,248,389,479,
678,3,87,248,389,479,
679,3,87,248,389,479,
680,3,87,248,389,479,
681,3,87,248,389,479,
682,3,87,248,389,479,
683,3,87,248,389,479,
684,3,87,248,389,479,
685,3,87,248,389,479,
686,3,87,248,389,479,
687,3,87,248,389,479,
688,3,87,248,389,479,
689,3,87,248,389,479,
690,3,87,248,389,479,
691,3,87,248,389,479,
692,3,87,248,389,479,
693,3,87,248,389,479,
694,3,87,248,389,479,
695,3,87,248,389,479,
696,3,87,248,389,479,
697,3,87,248,389,479,
698,3,87,248,389,479,
699,3,87,248,389,479,
700,3,87,248,389,479,
701,3,87,248,389,479,
702,3,87,248,389,479,
703,3,87,248,389,479,
704,3,87,248,389,479,
705,3,87,248,389,479,
706,3,87,248,389,479,
707,3,87,248,389,479,
708,3,87,248,389,479,
709,3,87,248,389,479,
710,3,87,248,389,479,
711,3,87,248,389,479,
712,3,87,248,389,479,
713,3,87,248,389,479,
714,3,87,248,389,479,
715,3,87,248,389,479,
716,3,87,248,389,479,
717,3,87,248,389,479,
718,3,87,248,389,479,
719,3,87,248,389,479,
720,3,87,248,389,479,
721,3,87,248,389,479,
722,3,87,248,389,479,
