1,1,0.999465,349,22,517,442,
2,1,0.999524,354,15,516,441,
3,1,0.999529,355,14,516,437,
4,1,0.999303,351,23,516,443,
5,1,0.999377,355,14,516,443,
6,1,0.999517,354,14,515,443,
7,1,0.999454,351,22,515,445,
8,1,0.999464,351,16,513,439,
9,1,0.999461,353,13,514,442,
10,1,0.999587,349,25,515,444,
11,1,0.999509,350,25,515,445,
12,1,0.999495,348,24,513,444,
13,1,0.999436,349,25,515,443,
14,1,0.999519,349,24,517,441,
15,1,0.999534,349,23,515,442,
16,1,0.999514,348,24,516,445,
17,1,0.999510,351,18,515,440,
18,1,0.999604,349,21,515,445,
19,1,0.999516,347,19,514,445,
20,1,0.999659,349,23,514,443,
21,1,0.999477,349,23,514,446,
22,1,0.999633,349,21,515,441,
23,1,0.999576,350,25,515,443,
24,1,0.999564,350,22,516,441,
25,1,0.999586,351,24,515,442,
26,1,0.999493,350,24,515,444,
27,1,0.999561,351,24,515,443,
28,1,0.999621,350,25,515,444,
29,1,0.999527,352,25,518,444,
30,1,0.999573,352,24,518,445,
31,1,0.999501,352,26,520,444,
32,1,0.999733,350,25,521,442,
33,1,0.999621,354,30,524,444,
34,1,0.999774,350,22,523,446,
35,1,0.999360,351,22,526,442,
36,1,0.999416,352,28,529,445,
37,1,0.999517,352,26,529,445,
38,1,0.999394,352,31,530,443,
39,1,0.999322,354,27,529,442,
40,1,0.999363,346,31,527,443,
41,1,0.999309,345,33,526,443,
42,1,0.999550,340,37,521,440,
43,1,0.999158,338,39,521,437,
44,1,0.999559,338,42,515,434,
45,1,0.999372,333,39,513,430,
46,1,0.999673,332,43,512,437,
47,1,0.999724,326,44,509,439,
48,1,0.999610,326,49,505,435,
49,1,0.999698,324,51,500,437,
50,1,0.999604,324,50,500,439,
51,1,0.999651,319,51,494,443,
52,1,0.999703,314,53,488,440,
53,1,0.999644,309,55,485,440,
54,1,0.999651,304,58,481,440,
55,1,0.999459,300,56,479,441,
56,1,0.999461,293,58,476,446,
57,1,0.999505,288,55,475,441,
58,1,0.999825,288,61,473,452,
59,1,0.999746,287,65,472,449,
60,1,0.999436,287,66,472,441,
61,1,0.999487,286,63,470,438,
62,1,0.999599,287,62,473,434,
63,1,0.999543,288,63,472,435,
64,1,0.999520,286,63,472,430,
65,1,0.999448,286,62,471,432,
66,1,0.999483,288,61,473,432,
67,1,0.999618,290,71,470,436,
68,1,0.999679,289,65,470,439,
69,1,0.999596,289,62,474,434,
70,1,0.999472,286,66,472,441,
71,1,0.999701,288,67,472,434,
72,1,0.999470,286,66,473,437,
73,1,0.999387,287,69,471,434,
74,1,0.999199,288,64,471,439,
75,1,0.999351,285,67,473,437,
76,1,0.999511,288,63,473,429,
77,1,0.999760,289,66,470,439,
78,1,0.999630,286,65,473,433,
79,1,0.999677,289,68,471,439,
80,1,0.999197,290,65,470,438,
81,1,0.999508,286,70,470,439,
82,1,0.999637,287,68,471,435,
83,1,0.999715,286,66,471,437,
84,1,0.999621,287,67,470,437,
85,1,0.999768,285,64,471,435,
86,1,0.999480,284,63,472,431,
87,1,0.999652,284,65,471,437,
88,1,0.999711,286,66,471,436,
89,1,0.999668,286,66,472,437,
90,1,0.999257,288,62,472,438,
91,1,0.999388,287,63,472,438,
92,1,0.999451,286,62,472,436,
93,1,0.999595,287,60,472,434,
94,1,0.999623,291,61,471,434,
95,1,0.999677,290,57,472,434,
96,1,0.999612,292,57,472,442,
97,1,0.999599,293,59,472,436,
98,1,0.999614,293,59,471,437,
99,1,0.999613,298,55,472,434,
100,1,0.999673,296,54,470,436,
101,1,0.999619,297,55,470,434,
102,1,0.999630,298,52,471,435,
103,1,0.999660,298,51,470,436,
104,1,0.999587,297,50,470,435,
105,1,0.999582,295,51,469,436,
106,1,0.999557,295,49,468,437,
107,1,0.999607,296,48,466,435,
108,1,0.999670,293,47,467,438,
109,1,0.999360,295,47,466,437,
110,1,0.999490,292,46,465,434,
111,1,0.999436,291,47,463,433,
112,1,0.999109,294,48,463,431,
113,1,0.999259,294,47,461,433,
114,1,0.999187,295,45,463,432,
115,1,0.999568,288,44,461,432,
116,1,0.999246,292,46,464,427,
117,1,0.999368,293,45,464,426,
118,1,0.999396,288,46,464,434,
119,1,0.999398,293,49,466,425,
120,1,0.999508,288,48,466,431,
121,1,0.999526,287,50,466,434,
122,1,0.999237,291,52,468,428,
123,1,0.999092,288,51,472,433,
124,1,0.998799,284,46,472,424,
125,1,0.999141,284,51,477,435,
126,1,0.999567,280,50,476,439,
127,1,0.999212,276,52,478,433,
128,1,0.999373,276,53,482,432,
129,1,0.999574,274,53,479,432,
130,1,0.999589,268,51,481,429,
131,1,0.999333,257,53,485,420,
132,1,0.999600,272,55,484,427,
133,1,0.999513,268,54,488,425,
134,1,0.999644,275,66,487,429,
135,1,0.999651,272,65,490,433,
136,1,0.999622,267,69,489,429,
137,1,0.999456,266,67,492,423,
138,1,0.999505,267,68,495,435,
139,1,0.999768,266,72,497,427,
140,1,0.999328,265,69,500,420,
141,1,0.999804,266,74,501,430,
142,1,0.999787,265,78,500,427,
143,1,0.999438,258,77,503,431,
144,1,0.999376,254,79,505,432,
145,1,0.999841,261,85,502,428,
146,1,0.998843,261,86,505,417,
147,1,0.999694,253,93,507,427,
148,1,0.999698,257,95,505,420,
149,1,0.999731,260,98,507,424,
150,1,0.999408,253,97,507,425,
151,1,0.999619,258,103,507,429,
152,1,0.999568,253,101,508,428,
153,1,0.999709,252,107,504,423,
154,1,0.999605,251,107,505,421,
155,1,0.999550,242,106,508,429,
156,1,0.989404,245,107,503,421,
157,1,0.999625,250,110,509,421,
158,1,0.999535,254,108,515,426,
159,1,0.999293,246,108,512,409,
160,1,0.998804,250,112,512,426,
161,1,0.998773,255,108,515,423,
162,1,0.998892,251,110,512,428,
163,1,0.999612,252,108,517,426,
164,1,0.999218,248,111,514,423,
165,1,0.999500,254,111,519,427,
166,1,0.999280,248,113,516,422,
167,1,0.999458,248,114,513,419,
168,1,0.999623,251,108,519,428,
169,1,0.999740,247,111,516,430,
170,1,0.999640,252,111,517,424,
171,1,0.999451,255,109,517,421,
172,1,0.999507,260,103,517,428,
173,1,0.999791,257,109,515,421,
174,1,0.999509,263,107,514,426,
175,1,0.999723,261,106,516,419,
176,1,0.999667,262,103,515,429,
177,1,0.999723,262,102,518,428,
178,1,0.999682,261,105,514,417,
179,1,0.999818,254,100,516,428,
180,1,0.999613,256,100,519,424,
181,1,0.999763,252,96,516,428,
182,1,0.999725,256,91,518,425,
183,1,0.999607,255,92,518,426,
184,1,0.999772,257,93,518,428,
185,1,0.999781,254,89,520,429,
186,1,0.999530,256,87,520,435,
187,1,0.999778,261,86,518,444,
188,1,0.999834,266,83,519,440,
189,1,0.999713,264,81,521,432,
190,1,0.999595,268,75,521,441,
191,1,0.999722,269,80,521,436,
192,1,0.999757,269,78,517,435,
193,1,0.999839,271,76,518,438,
194,1,0.999599,274,76,520,438,
195,1,0.999758,280,70,518,438,
196,1,0.999804,283,64,521,439,
197,1,0.999702,289,62,519,435,
198,1,0.999670,288,62,519,438,
199,1,0.999644,288,59,520,438,
200,1,0.999535,301,55,523,439,
201,1,0.999484,302,52,522,440,
202,1,0.999419,304,52,525,440,
203,1,0.999490,309,51,525,442,
204,1,0.999314,309,45,520,423,
205,1,0.999686,312,48,522,436,
206,1,0.998961,317,51,525,435,
207,1,0.999405,320,50,523,434,
208,1,0.999329,323,50,527,439,
209,1,0.999756,324,50,527,443,
210,1,0.999462,326,52,528,440,
211,1,0.999656,330,51,530,443,
212,1,0.999651,331,51,529,441,
213,1,0.999543,331,49,529,442,
214,1,0.999503,338,47,528,436,
215,1,0.999676,338,50,530,439,
216,1,0.999589,339,48,531,445,
217,1,0.999102,339,44,534,444,
218,1,0.999486,338,48,532,443,
219,1,0.999529,340,48,534,444,
220,1,0.999430,342,46,534,446,
221,1,0.999567,344,51,538,441,
222,1,0.999473,344,49,536,446,
223,1,0.999212,345,47,536,437,
224,1,0.999586,346,48,540,445,
225,1,0.999662,348,45,539,445,
226,1,0.999639,349,46,540,449,
227,1,0.999481,345,45,539,447,
228,1,0.999525,352,45,542,446,
229,1,0.999441,352,40,543,447,
230,1,0.999607,350,42,543,449,
231,1,0.999486,352,43,542,446,
232,1,0.999614,353,42,540,447,
233,1,0.999355,351,40,542,441,
234,1,0.999273,351,38,540,447,
235,1,0.999183,352,37,540,452,
236,1,0.999501,353,40,543,448,
237,1,0.999405,353,39,541,450,
238,1,0.999570,349,41,542,446,
239,1,0.999484,349,36,540,452,
240,1,0.999438,343,39,543,448,
241,1,0.999602,334,35,542,446,
242,1,0.999695,328,32,542,448,
243,1,0.999789,321,36,541,445,
244,1,0.999721,319,34,540,449,
245,1,0.999734,312,32,542,443,
246,1,0.999673,298,28,542,442,
247,1,0.999665,282,31,538,445,
248,1,0.999685,281,27,540,440,
249,1,0.999771,270,31,539,453,
250,1,0.999849,267,32,538,445,
251,1,0.999843,267,30,541,443,
252,1,0.999800,273,30,542,440,
253,1,0.999861,263,30,541,443,
254,1,0.999787,265,30,541,443,
255,1,0.999855,267,31,540,444,
256,1,0.999786,271,30,542,441,
257,1,0.999838,266,26,539,444,
258,1,0.999836,275,24,540,447,
259,1,0.999790,273,25,537,441,
260,1,0.999774,276,30,541,447,
261,1,0.999840,278,23,539,447,
262,1,0.999779,280,22,538,447,
263,1,0.999788,277,24,538,448,
264,1,0.999859,283,29,536,444,
265,1,0.999751,284,32,535,438,
266,1,0.999620,284,24,536,440,
267,1,0.999669,285,31,532,437,
268,1,0.999811,286,27,535,448,
269,1,0.999791,287,26,535,446,
270,1,0.999762,287,26,535,447,
271,1,0.999717,287,25,535,448,
272,1,0.999794,289,20,534,445,
273,1,0.999803,287,22,535,447,
274,1,0.999787,286,22,533,451,
275,1,0.999682,286,25,532,441,
276,1,0.999791,286,21,532,450,
277,1,0.999748,284,19,531,448,
278,1,0.999684,283,21,532,443,
279,1,0.999699,284,21,531,446,
280,1,0.999662,287,19,531,446,
281,1,0.999696,286,19,531,448,
282,1,0.999745,287,17,531,453,
283,1,0.999724,284,16,530,449,
284,1,0.999775,283,17,528,450,
285,1,0.999741,285,16,529,449,
286,1,0.999728,282,17,529,450,
287,1,0.999773,280,14,526,452,
288,1,0.999768,279,10,527,438,
289,1,0.999767,282,16,527,451,
290,1,0.999686,281,14,525,449,
291,1,0.999687,280,16,523,447,
292,1,0.999700,279,13,522,451,
293,1,0.999695,279,12,520,453,
294,1,0.999665,283,19,526,443,
295,1,0.999705,281,13,517,451,
296,1,0.999657,284,12,523,442,
297,1,0.999598,282,10,516,446,
298,1,0.999730,279,12,519,446,
299,1,0.999742,282,8,516,447,
300,1,0.999671,280,10,514,447,
301,1,0.999640,280,9,512,449,
302,1,0.999623,278,8,510,452,
303,1,0.999688,280,12,518,443,
304,1,0.999523,278,9,514,452,
305,1,0.999690,282,13,519,440,
306,1,0.999677,279,6,518,439,
307,1,0.999705,280,7,519,441,
308,1,0.999746,281,5,516,444,
309,1,0.999712,283,8,517,443,
310,1,0.999608,281,6,515,443,
311,1,0.999735,280,5,517,444,
312,1,0.999779,283,5,514,442,
313,1,0.999780,284,10,515,442,
314,1,0.999763,282,6,514,445,
315,1,0.999825,287,7,516,439,
316,1,0.999762,285,9,514,437,
317,1,0.999738,283,7,512,441,
318,1,0.999794,284,8,511,441,
319,1,0.999827,283,7,513,437,
320,1,0.999838,284,8,511,440,
321,1,0.999549,285,7,508,443,
322,1,0.999593,284,6,507,434,
323,1,0.999835,285,11,508,436,
324,1,0.999748,285,6,508,437,
325,1,0.999442,286,7,504,440,
326,1,0.999803,286,9,507,436,
327,1,0.999845,287,9,508,438,
328,1,0.999555,287,5,502,440,
329,1,0.999827,286,8,507,438,
330,1,0.999837,286,8,507,438,
331,1,0.999760,286,7,507,436,
332,1,0.999834,287,9,507,437,
333,1,0.999831,284,9,507,439,
334,1,0.999731,288,5,505,439,
335,1,0.999689,288,6,505,443,
336,1,0.999702,288,4,505,440,
337,1,0.999829,286,6,507,439,
338,1,0.999834,287,7,506,438,
339,1,0.999770,288,5,505,435,
340,1,0.999803,287,8,506,439,
341,1,0.999638,287,5,505,441,
342,1,0.999818,286,8,507,437,
343,1,0.999833,288,8,507,437,
344,1,0.999700,290,3,505,441,
345,1,0.999746,290,6,506,437,
346,1,0.999709,289,4,505,441,
