1,82,0.999307,3,24,97,406,
2,82,0.998869,3,17,94,402,
3,82,0.998671,1,28,94,400,
4,82,0.999267,3,23,95,407,
5,82,0.999328,4,12,90,408,
6,82,0.999300,3,22,96,406,
7,82,0.999281,4,15,91,411,
8,82,0.999300,3,23,95,401,
9,82,0.999262,3,22,96,405,
10,82,0.999260,1,27,96,400,
11,82,0.998010,2,17,95,404,
12,82,0.999367,4,21,94,403,
13,82,0.999304,4,16,91,402,
14,82,0.999195,2,26,93,403,
15,82,0.999476,3,11,94,404,
16,82,0.999278,3,16,91,410,
17,82,0.999413,3,21,93,407,
18,82,0.998189,3,16,94,404,
19,82,0.998512,5,23,94,408,
20,82,0.998124,1,17,96,403,
21,82,0.999260,1,9,94,399,
22,82,0.999231,4,18,93,403,
23,82,0.999350,3,20,93,404,
24,82,0.999277,3,19,96,408,
25,82,0.999441,4,21,94,407,
26,82,0.999132,3,24,96,403,
27,82,0.999322,2,25,94,404,
28,82,0.999113,3,15,91,409,
29,82,0.999373,3,22,94,406,
30,82,0.998806,2,24,93,406,
31,82,0.999145,1,27,94,404,
32,82,0.998578,3,14,93,405,
33,82,0.998611,3,19,94,409,
34,82,0.999400,3,17,93,405,
35,82,0.998197,2,18,95,406,
36,82,0.999337,2,19,95,411,
37,82,0.999172,4,15,91,411,
38,82,0.998959,1,9,94,401,
39,82,0.999286,3,12,92,409,
40,82,0.999366,1,27,95,401,
41,82,0.998593,3,12,93,406,
42,82,0.998990,3,13,93,406,
43,82,0.999267,4,16,92,410,
44,82,0.999223,3,16,90,409,
45,82,0.998892,3,10,93,408,
46,82,0.999349,3,22,94,407,
47,82,0.999305,3,21,95,407,
48,82,0.999051,4,14,90,411,
49,82,0.999258,2,18,96,398,
50,82,0.999002,3,14,92,409,
51,82,0.999007,3,25,94,406,
52,82,0.999217,3,14,93,410,
53,82,0.999304,3,13,90,409,
54,82,0.999355,3,11,92,408,
55,82,0.999072,1,25,94,405,
56,82,0.999356,3,13,92,410,
57,82,0.999230,1,17,93,412,
58,82,0.999085,1,26,94,405,
59,82,0.999142,2,22,95,408,
60,82,0.999313,3,13,91,408,
61,82,0.998865,1,25,95,405,
62,82,0.999328,4,21,94,407,
63,82,0.998570,4,18,94,404,
64,82,0.998493,2,22,94,405,
65,82,0.999448,3,19,95,408,
66,82,0.998992,3,16,93,406,
67,82,0.998500,3,15,93,406,
68,82,0.999170,4,15,91,408,
69,82,0.998230,4,14,94,404,
70,82,0.998910,3,16,93,400,
71,82,0.999226,1,11,94,399,
72,82,0.999161,4,15,91,410,
73,82,0.999033,3,16,93,408,
74,82,0.999140,3,15,92,410,
75,82,0.999570,3,23,95,406,
76,82,0.998719,3,18,93,408,
77,82,0.999352,1,13,95,398,
78,82,0.998907,2,16,93,407,
79,82,0.999190,3,14,92,410,
80,82,0.999006,0,11,95,407,
81,82,0.998833,2,20,92,407,
82,82,0.999101,4,14,92,409,
83,82,0.999042,4,23,94,406,
84,82,0.998524,3,18,93,406,
85,82,0.999360,3,24,94,404,
86,82,0.999231,3,22,94,405,
87,82,0.999308,3,13,92,410,
88,82,0.999383,3,18,91,412,
89,82,0.999450,3,22,94,408,
90,82,0.999026,0,22,94,404,
91,82,0.999195,4,15,91,405,
92,82,0.999331,2,22,95,405,
93,82,0.998776,3,18,94,408,
94,82,0.999261,2,14,93,408,
95,82,0.999255,3,13,92,412,
96,82,0.998686,4,21,93,406,
97,82,0.998545,2,16,94,407,
98,82,0.999423,3,16,90,410,
99,82,0.999333,3,14,92,411,
100,82,0.999307,3,17,93,409,
101,82,0.998786,3,19,93,410,
102,82,0.998771,3,18,93,408,
103,82,0.999217,2,14,94,412,
104,82,0.999122,3,16,95,398,
105,82,0.999463,3,20,95,407,
106,82,0.998761,1,19,95,407,
107,82,0.998705,2,18,93,407,
108,82,0.999400,2,22,93,408,
109,82,0.999455,3,21,93,417,
110,82,0.999381,2,21,95,408,
111,82,0.999338,3,15,92,410,
112,82,0.998774,2,18,93,408,
113,82,0.999140,3,19,96,407,
114,82,0.999366,3,20,93,408,
115,82,0.999434,3,18,94,410,
116,82,0.999000,2,16,93,409,
117,82,0.999203,3,19,95,408,
118,82,0.999432,2,18,95,412,
119,82,0.999388,2,19,94,408,
120,82,0.998596,3,15,93,409,
121,82,0.999337,3,21,96,409,
122,82,0.999447,2,22,95,410,
123,82,0.998681,2,19,92,407,
124,82,0.999340,2,16,93,409,
125,82,0.999441,3,23,93,408,
126,82,0.999128,3,14,92,409,
127,82,0.998681,3,15,95,408,
128,82,0.999188,3,19,91,410,
129,82,0.999263,3,23,94,409,
130,82,0.999105,4,15,90,410,
131,82,0.999017,4,17,91,416,
132,82,0.999153,4,15,90,410,
133,82,0.999405,2,20,95,405,
134,82,0.999287,1,18,94,400,
135,82,0.998458,2,14,95,407,
136,82,0.999234,3,13,93,408,
137,82,0.999141,4,18,90,410,
138,82,0.999098,3,19,92,408,
139,82,0.998438,3,18,94,409,
140,82,0.998273,3,15,94,407,
141,82,0.999454,4,23,94,403,
142,82,0.998787,3,19,94,406,
143,82,0.998970,1,26,94,403,
144,82,0.999069,3,14,93,411,
145,82,0.999462,3,22,95,406,
146,82,0.999260,2,11,91,411,
147,82,0.999253,3,19,94,410,
148,82,0.999298,3,13,91,411,
149,82,0.999298,3,21,95,404,
150,82,0.999343,3,14,91,410,
151,82,0.998799,1,27,95,405,
152,82,0.998311,2,18,95,406,
153,82,0.998285,3,20,95,405,
154,82,0.998413,3,18,92,407,
155,82,0.999328,3,18,96,408,
156,82,0.999369,5,19,92,402,
157,82,0.999183,3,16,91,410,
158,82,0.999382,3,18,93,411,
159,82,0.998313,4,13,93,409,
160,82,0.999075,2,13,93,410,
161,82,0.999486,1,20,93,409,
162,82,0.999164,2,24,96,406,
163,82,0.999407,3,21,95,406,
164,82,0.999410,3,13,93,409,
165,82,0.998912,3,16,94,402,
166,82,0.998722,3,16,93,407,
167,82,0.999366,2,21,94,409,
168,82,0.998151,4,20,94,406,
169,82,0.999361,2,22,95,406,
170,82,0.999328,4,17,91,412,
171,82,0.998871,4,13,93,397,
172,82,0.999089,3,13,94,406,
173,82,0.999196,4,14,91,411,
174,82,0.999232,3,16,91,415,
175,82,0.999301,4,15,93,413,
176,82,0.999234,0,30,96,403,
177,82,0.999298,3,14,95,412,
178,82,0.999322,2,20,96,411,
179,82,0.999394,3,13,92,408,
180,82,0.999392,2,22,95,407,
181,82,0.998732,4,14,93,400,
182,82,0.999064,3,14,92,407,
183,82,0.999243,3,12,90,411,
184,82,0.999290,3,14,90,410,
185,82,0.999297,2,24,96,406,
186,82,0.999062,3,16,92,410,
187,82,0.999293,3,13,91,410,
188,82,0.999374,1,28,95,404,
189,82,0.999261,3,24,96,405,
190,82,0.999395,3,21,96,408,
191,82,0.999469,3,25,94,407,
192,82,0.999424,3,16,92,412,
193,82,0.998581,4,15,93,408,
194,82,0.999185,3,12,95,406,
195,82,0.999275,2,15,95,400,
196,82,0.999159,1,21,95,405,
197,82,0.999142,2,13,92,409,
198,82,0.998861,4,17,93,405,
199,82,0.998965,3,14,92,410,
200,82,0.998762,2,16,92,407,
201,82,0.999298,0,28,96,403,
202,82,0.998655,2,18,93,407,
203,82,0.999486,1,26,94,404,
204,82,0.999013,3,13,93,412,
205,82,0.999448,2,23,94,407,
206,82,0.999169,1,26,96,401,
207,82,0.999289,3,16,93,411,
208,82,0.998631,2,16,95,405,
209,82,0.999185,3,16,92,410,
210,82,0.999258,3,16,92,408,
211,82,0.999138,3,12,91,412,
212,82,0.999407,3,12,92,406,
213,82,0.998822,3,18,94,403,
214,82,0.999398,1,28,93,406,
215,82,0.999430,3,11,90,410,
216,82,0.999258,3,16,91,412,
217,82,0.999506,2,21,94,406,
218,82,0.999379,3,20,95,408,
219,82,0.999277,2,13,94,412,
220,82,0.999263,2,15,93,409,
221,82,0.999454,0,26,95,405,
222,82,0.999246,3,18,93,410,
223,82,0.999186,3,16,93,407,
224,82,0.999508,3,22,95,408,
225,82,0.999333,3,15,92,411,
226,82,0.999338,3,16,91,410,
227,82,0.999502,3,15,92,415,
228,82,0.999399,3,20,94,407,
229,82,0.998740,4,16,95,395,
230,82,0.999527,2,24,94,407,
231,82,0.999173,2,15,94,415,
232,82,0.999365,3,23,96,409,
233,82,0.999298,3,15,93,406,
234,82,0.999476,2,24,93,408,
235,82,0.999439,3,17,91,417,
236,82,0.999293,3,17,93,409,
237,82,0.998532,3,15,93,404,
238,82,0.998575,2,16,94,406,
239,82,0.999153,3,20,93,409,
240,82,0.998894,2,13,91,419,
241,82,0.998802,3,18,95,398,
242,82,0.998765,2,14,93,401,
243,82,0.998760,2,19,94,406,
244,82,0.999117,1,18,95,408,
245,82,0.998702,2,19,96,407,
246,82,0.999245,3,15,91,412,
247,82,0.999408,1,24,95,408,
248,82,0.999381,2,17,93,411,
249,82,0.999525,3,19,93,410,
250,82,0.999421,2,22,95,408,
251,82,0.999345,1,27,96,401,
252,82,0.997961,1,18,96,408,
253,82,0.999381,2,22,94,408,
254,82,0.999377,3,15,92,409,
255,82,0.999145,0,27,97,405,
256,82,0.999433,2,13,91,412,
257,82,0.999443,2,20,97,409,
258,82,0.999438,3,18,91,412,
259,82,0.998359,3,23,94,406,
260,82,0.998262,3,17,94,408,
261,82,0.999436,3,19,94,409,
262,82,0.999398,3,24,96,407,
263,82,0.999306,3,15,91,411,
264,82,0.999187,4,20,94,409,
265,82,0.999355,3,16,91,414,
266,82,0.998831,3,16,93,404,
267,82,0.999222,3,18,97,411,
268,82,0.998867,3,19,94,408,
269,82,0.999147,3,17,97,408,
270,82,0.999284,3,15,91,412,
271,82,0.998481,2,15,94,406,
272,82,0.999308,3,21,93,409,
273,82,0.998741,3,15,93,398,
274,82,0.999297,3,15,92,410,
275,82,0.999334,2,14,91,411,
276,82,0.999026,2,19,95,399,
277,82,0.999293,2,17,90,415,
278,82,0.999204,3,15,92,413,
279,82,0.999369,3,15,93,415,
280,82,0.999241,2,12,91,413,
281,82,0.999178,3,19,94,398,
282,82,0.998435,4,17,95,401,
283,82,0.999309,3,14,92,411,
284,82,0.998751,3,14,95,406,
285,82,0.999344,3,22,96,405,
286,82,0.999367,3,21,94,409,
287,82,0.999444,3,15,92,411,
288,82,0.998314,3,17,93,408,
289,82,0.998796,3,16,93,408,
290,82,0.999396,2,20,95,410,
291,82,0.999304,3,14,91,413,
292,82,0.999335,2,14,92,410,
293,82,0.998202,3,17,95,408,
294,82,0.999064,3,18,95,410,
295,82,0.998535,2,13,94,399,
296,82,0.998833,4,15,94,405,
297,82,0.999171,3,22,96,408,
298,82,0.999158,2,14,93,407,
299,82,0.999497,2,22,94,411,
300,82,0.999255,3,12,93,412,
301,82,0.999290,2,19,95,409,
302,82,0.999406,1,27,94,405,
303,82,0.999209,3,19,91,410,
304,82,0.999174,3,23,95,402,
305,82,0.999286,3,14,91,413,
306,82,0.999483,4,18,93,406,
307,82,0.998527,3,16,94,408,
308,82,0.999440,3,18,94,410,
309,82,0.999101,2,19,93,405,
310,82,0.998556,0,26,95,409,
311,82,0.998431,2,16,94,408,
312,82,0.998989,2,14,91,413,
313,82,0.999277,3,20,95,410,
314,82,0.999509,3,22,95,408,
315,82,0.999222,3,14,93,407,
316,82,0.998955,2,12,92,412,
317,82,0.999462,4,18,96,408,
318,82,0.999393,2,14,92,410,
319,82,0.998902,3,17,95,399,
320,82,0.999227,3,13,92,412,
321,82,0.999414,3,20,94,408,
322,82,0.999256,3,16,93,411,
323,82,0.999056,4,20,97,409,
324,82,0.999135,3,20,95,409,
325,82,0.998684,2,15,95,407,
326,82,0.999282,2,23,96,403,
327,82,0.998909,4,16,96,410,
328,82,0.998754,2,17,93,409,
329,82,0.998606,3,18,93,407,
330,82,0.999224,2,10,93,409,
331,82,0.998811,1,21,93,408,
332,82,0.999466,3,15,91,412,
333,82,0.999091,2,12,89,418,
334,82,0.999008,3,21,95,403,
335,82,0.998708,2,17,93,409,
336,82,0.999565,2,23,95,406,
337,82,0.999457,2,22,96,409,
338,82,0.999002,3,23,95,408,
339,82,0.998873,3,13,93,408,
340,82,0.999227,3,13,92,413,
341,82,0.999534,0,25,94,406,
342,82,0.999463,3,23,94,404,
343,82,0.998357,2,17,93,407,
344,82,0.999427,3,22,95,406,
345,82,0.999246,3,15,91,407,
346,82,0.999395,2,23,95,408,
347,82,0.998847,2,16,92,409,
348,82,0.999148,3,20,97,410,
349,82,0.999395,1,23,94,408,
350,82,0.999031,3,15,92,410,
351,82,0.999235,3,20,95,408,
352,82,0.998458,3,14,93,407,
353,82,0.998902,3,17,91,406,
354,82,0.999086,1,24,95,402,
355,82,0.999353,2,21,94,409,
356,82,0.999031,3,18,94,411,
357,82,0.999316,1,15,94,400,
358,82,0.999394,3,21,96,408,
359,82,0.999089,3,15,92,411,
360,82,0.999062,4,15,91,409,
361,82,0.999317,3,18,97,408,
362,82,0.999142,1,28,94,403,
363,82,0.999192,3,14,91,409,
364,82,0.998570,3,19,93,408,
365,82,0.999295,3,13,92,411,
366,82,0.999216,3,15,92,410,
367,82,0.999269,3,13,92,408,
368,82,0.999101,4,13,92,408,
