1,1,0.990084,175,109,332,350,
2,1,0.991963,174,110,333,348,
3,1,0.990654,174,110,333,349,
4,1,0.990035,174,111,335,349,
5,1,0.988772,175,112,333,348,
6,1,0.990313,175,110,333,350,
7,1,0.989456,174,111,333,347,
8,1,0.991535,174,111,334,348,
9,1,0.988999,174,110,332,350,
10,1,0.991279,175,110,333,349,
11,1,0.989841,175,110,332,348,
12,1,0.990891,175,111,334,352,
13,1,0.988451,175,110,333,349,
14,1,0.987455,175,110,332,348,
15,1,0.987762,175,110,332,349,
16,1,0.990215,175,111,334,350,
17,1,0.991704,175,111,334,350,
18,1,0.990779,174,110,332,349,
19,1,0.990109,174,110,333,350,
20,1,0.990945,174,111,332,349,
21,1,0.987636,175,110,333,349,
22,1,0.988594,175,111,333,349,
23,1,0.989976,174,112,332,351,
24,1,0.990234,176,110,333,349,
25,1,0.990082,174,110,333,346,
26,1,0.988807,175,110,333,347,
27,1,0.991429,176,111,332,348,
28,1,0.989648,175,110,332,347,
29,1,0.990252,175,110,332,347,
30,1,0.992806,175,110,332,346,
31,1,0.990855,174,110,333,348,
32,1,0.992428,174,110,335,339,
33,1,0.990456,176,110,336,343,
34,1,0.990877,175,113,333,342,
35,1,0.988389,172,112,337,343,
36,1,0.992165,173,111,335,345,
37,1,0.987214,174,114,335,343,
38,1,0.991609,173,112,336,342,
39,1,0.987693,172,112,338,341,
40,1,0.987313,172,113,336,343,
41,1,0.989817,174,115,336,342,
42,1,0.989623,174,114,333,344,
43,1,0.992479,176,113,337,345,
44,1,0.987641,174,114,336,340,
45,1,0.992891,176,115,335,344,
46,1,0.991899,175,114,334,344,
47,1,0.987992,176,114,334,344,
48,1,0.989057,174,112,336,344,
49,1,0.990333,175,113,335,343,
50,1,0.985327,174,112,336,344,
51,1,0.987667,173,111,336,342,
52,1,0.986331,175,110,336,342,
53,1,0.987184,176,111,338,343,
54,1,0.987303,176,111,336,343,
55,1,0.985188,172,113,333,344,
56,1,0.990256,175,111,336,343,
57,1,0.986928,176,112,336,343,
58,1,0.982977,176,112,338,344,
59,1,0.985855,174,109,335,339,
60,1,0.986505,171,110,332,341,
61,1,0.986902,174,112,335,344,
62,1,0.986839,175,110,335,343,
63,1,0.988317,174,111,332,342,
64,1,0.988621,175,113,334,342,
65,1,0.990444,176,111,334,342,
66,1,0.992590,172,113,338,343,
67,1,0.987178,173,109,335,343,
68,1,0.988457,173,112,338,342,
69,1,0.990133,173,113,337,343,
70,1,0.989055,174,110,334,340,
71,1,0.992762,175,110,337,342,
72,1,0.985954,174,109,335,342,
73,1,0.990423,174,111,337,341,
74,1,0.984739,173,110,333,341,
75,1,0.989015,172,112,336,341,
76,1,0.988126,175,109,334,343,
77,1,0.986672,175,110,334,344,
78,1,0.990466,174,112,333,342,
79,1,0.991107,174,111,335,340,
80,1,0.987782,173,112,334,342,
81,1,0.987827,173,115,336,343,
82,1,0.992597,174,114,335,342,
83,1,0.990786,176,115,336,344,
84,1,0.993845,175,112,336,341,
85,1,0.991766,175,112,338,342,
86,1,0.984690,175,109,333,340,
87,1,0.989300,175,109,335,343,
88,1,0.986729,173,114,336,341,
89,1,0.976422,173,110,335,340,
90,1,0.982855,173,112,335,344,
91,1,0.987835,174,114,336,342,
92,1,0.981685,173,110,332,343,
93,1,0.992064,174,112,336,342,
94,1,0.991217,173,113,337,341,
95,1,0.988846,174,112,336,342,
96,1,0.987488,176,109,334,343,
97,1,0.987728,173,110,336,344,
98,1,0.987010,173,112,333,340,
99,1,0.986651,174,115,338,342,
100,1,0.988906,172,109,334,344,
101,1,0.983929,175,108,335,342,
102,1,0.992367,175,112,338,342,
103,1,0.990036,173,114,336,342,
104,1,0.985282,175,110,335,343,
105,1,0.984898,175,115,336,342,
106,1,0.987177,174,115,336,342,
107,1,0.990863,174,110,336,342,
108,1,0.987310,174,111,337,342,
109,1,0.991356,174,112,337,344,
110,1,0.987104,175,109,332,342,
111,1,0.982962,174,113,331,340,
112,1,0.992115,176,113,338,344,
113,1,0.990695,175,111,335,341,
114,1,0.989865,174,111,336,340,
115,1,0.990474,174,112,337,342,
116,1,0.992651,175,111,336,343,
117,1,0.992080,174,112,340,344,
118,1,0.990849,174,111,336,342,
119,1,0.990086,173,112,337,344,
120,1,0.989768,174,112,336,343,
121,1,0.992202,175,113,335,343,
122,1,0.989586,174,111,335,341,
123,1,0.990600,173,111,338,344,
124,1,0.984549,175,112,334,344,
125,1,0.991834,176,111,335,341,
126,1,0.994970,177,114,337,345,
127,1,0.990556,176,112,336,343,
128,1,0.991212,174,111,336,341,
129,1,0.991290,174,113,334,344,
130,1,0.988861,174,110,333,344,
131,1,0.991049,175,113,335,342,
132,1,0.985534,175,114,336,341,
133,1,0.988716,174,111,335,342,
134,1,0.990936,174,111,336,341,
135,1,0.989392,174,113,332,342,
136,1,0.984323,175,109,335,342,
137,1,0.987359,175,112,337,342,
138,1,0.986675,175,111,337,345,
139,1,0.985529,174,112,335,340,
140,1,0.990929,175,112,336,342,
141,1,0.987879,175,113,337,342,
142,1,0.985536,174,111,333,342,
143,1,0.989849,174,112,338,343,
144,1,0.985251,175,113,332,343,
145,1,0.987301,175,111,333,340,
146,1,0.986235,172,113,334,340,
147,1,0.981186,175,113,336,342,
148,1,0.990664,174,113,335,344,
149,1,0.987877,174,113,336,342,
150,1,0.992165,174,114,337,343,
151,1,0.987283,174,112,335,342,
152,1,0.987826,175,111,335,343,
153,1,0.987451,173,113,338,340,
154,1,0.987459,174,115,340,341,
155,1,0.992567,174,112,335,340,
156,1,0.993881,175,112,337,341,
157,1,0.988898,174,112,334,341,
158,1,0.990724,174,114,337,341,
159,1,0.992524,175,113,337,341,
160,1,0.988104,174,112,335,341,
161,1,0.988926,174,113,337,339,
162,1,0.991681,175,113,334,345,
163,1,0.991815,173,114,337,342,
164,1,0.989668,175,114,331,342,
165,1,0.988498,172,116,333,341,
166,1,0.983410,173,115,334,341,
167,1,0.992986,174,114,336,344,
168,1,0.992375,174,114,334,343,
169,1,0.990058,175,114,335,342,
170,1,0.987354,175,112,336,342,
171,1,0.993111,174,111,337,343,
172,1,0.989782,175,112,335,340,
173,1,0.992282,174,114,336,341,
174,1,0.990784,175,113,333,339,
175,1,0.988756,172,114,334,341,
176,1,0.993248,176,114,337,342,
177,1,0.990105,176,113,335,342,
178,1,0.992883,176,113,337,343,
179,1,0.994225,176,113,336,343,
180,1,0.992335,174,112,334,342,
181,1,0.993919,177,115,336,343,
182,1,0.992007,176,113,336,345,
183,1,0.989850,175,113,336,340,
184,1,0.991460,175,115,337,343,
185,1,0.992703,177,114,336,343,
186,1,0.991355,175,111,336,343,
187,1,0.993662,177,111,334,343,
188,1,0.992741,175,114,337,343,
189,1,0.990393,176,116,335,342,
190,1,0.986921,174,111,334,339,
191,1,0.992362,175,113,337,343,
192,1,0.987480,174,112,332,339,
193,1,0.990730,176,112,334,343,
194,1,0.984077,174,111,333,342,
195,1,0.986031,174,114,336,341,
196,1,0.987782,174,113,335,342,
197,1,0.992276,175,111,334,340,
198,1,0.992990,175,110,332,342,
199,1,0.987408,174,113,335,341,
200,1,0.990422,175,114,335,340,
201,1,0.991914,175,114,334,341,
202,1,0.993676,174,111,334,343,
203,1,0.993811,175,114,335,340,
204,1,0.995080,175,112,336,340,
205,1,0.994887,176,112,336,343,
206,1,0.993317,175,112,338,344,
207,1,0.994872,176,112,337,343,
208,1,0.994586,176,113,336,341,
209,1,0.993635,177,112,334,342,
210,1,0.993957,177,112,335,342,
211,1,0.994509,173,115,333,341,
212,1,0.993765,175,112,337,341,
213,1,0.994860,176,112,334,342,
214,1,0.995043,176,112,336,343,
215,1,0.991583,174,114,333,343,
216,1,0.993735,176,111,336,343,
217,1,0.992452,176,112,336,344,
218,1,0.994024,176,111,336,345,
219,1,0.995060,176,111,336,346,
220,1,0.989561,174,112,339,342,
221,1,0.989519,174,115,335,343,
222,1,0.991589,174,114,334,342,
223,1,0.992733,175,112,336,346,
224,1,0.991940,177,112,334,345,
225,1,0.992277,177,112,335,344,
226,1,0.992751,176,113,336,346,
227,1,0.993077,177,112,334,345,
228,1,0.991645,175,112,335,344,
229,1,0.993205,178,111,336,345,
230,1,0.985578,174,112,335,342,
231,1,0.991012,177,112,335,346,
232,1,0.992287,176,111,335,344,
233,1,0.993845,175,112,336,344,
234,1,0.993066,176,111,336,345,
235,1,0.994046,176,112,336,344,
236,1,0.992083,176,112,335,346,
237,1,0.991291,177,111,335,345,
238,1,0.989116,174,115,334,342,
239,1,0.992551,176,111,336,345,
240,1,0.994475,175,112,336,346,
241,1,0.987818,173,113,337,341,
242,1,0.990689,176,112,336,345,
243,1,0.992021,176,112,335,345,
244,1,0.992836,176,112,337,344,
245,1,0.993313,176,112,335,344,
246,1,0.993004,177,113,335,346,
247,1,0.991340,174,115,335,341,
248,1,0.989787,176,111,335,344,
249,1,0.993315,176,112,334,345,
250,1,0.990030,175,112,335,343,
251,1,0.993481,177,112,337,346,
252,1,0.992500,175,112,336,344,
253,1,0.993708,176,111,336,346,
254,1,0.992328,176,111,336,345,
255,1,0.995075,176,112,336,344,
256,1,0.991388,175,110,336,345,
257,1,0.987073,173,112,336,339,
258,1,0.991788,176,111,335,345,
259,1,0.990359,173,113,340,341,
260,1,0.993136,175,112,336,343,
261,1,0.992837,175,112,336,347,
262,1,0.991856,175,112,335,342,
263,1,0.992525,175,112,336,345,
264,1,0.991301,176,110,336,345,
265,1,0.992845,175,111,335,345,
266,1,0.993075,175,112,336,346,
267,1,0.991292,174,111,336,344,
268,1,0.993584,174,111,337,344,
269,1,0.993199,175,112,336,346,
270,1,0.995090,174,112,335,342,
271,1,0.994854,175,111,334,342,
272,1,0.990038,173,114,337,339,
273,1,0.994523,175,115,338,344,
274,1,0.991538,174,111,336,343,
275,1,0.992845,173,111,334,342,
276,1,0.992278,175,112,336,342,
277,1,0.993235,174,113,338,346,
278,1,0.993145,176,113,336,342,
279,1,0.991478,175,112,336,341,
280,1,0.988266,173,115,336,342,
281,1,0.993706,175,115,337,344,
282,1,0.988531,174,114,331,342,
283,1,0.992119,175,115,333,345,
284,1,0.991742,175,116,335,342,
285,1,0.992681,175,117,329,341,
286,1,0.991715,176,114,336,342,
287,1,0.984618,173,114,333,339,
288,1,0.986591,173,113,337,343,
289,1,0.985128,174,114,337,342,
290,1,0.989507,176,111,335,342,
291,1,0.989309,176,112,334,343,
292,1,0.995052,172,114,337,344,
293,1,0.990288,173,116,337,343,
294,1,0.990721,172,115,336,342,
295,1,0.984471,175,111,333,341,
296,1,0.982668,175,111,334,342,
297,1,0.981928,174,111,334,341,
298,1,0.986992,171,114,333,340,
299,1,0.988883,175,111,334,343,
300,1,0.987849,175,112,335,343,
301,1,0.982097,173,114,335,341,
302,1,0.991676,176,112,335,343,
303,1,0.991380,173,112,339,344,
304,1,0.991829,173,111,339,344,
305,1,0.989080,175,110,335,343,
306,1,0.988633,176,109,334,343,
307,1,0.991936,171,112,341,343,
308,1,0.990787,174,112,335,342,
309,1,0.990718,174,111,337,343,
310,1,0.992064,175,111,339,343,
311,1,0.990473,176,112,338,341,
312,1,0.992239,173,112,340,342,
313,1,0.992192,176,112,337,343,
314,1,0.993492,176,111,336,342,
315,1,0.990785,175,112,335,342,
316,1,0.989502,176,110,335,343,
317,1,0.989247,174,112,335,344,
318,1,0.992109,173,111,338,343,
319,1,0.993135,176,113,337,345,
320,1,0.991675,174,111,336,343,
321,1,0.988960,174,112,334,343,
322,1,0.991087,175,112,335,342,
323,1,0.991395,175,110,335,341,
324,1,0.992995,176,112,337,344,
325,1,0.992445,175,112,336,344,
326,1,0.990623,174,112,336,344,
327,1,0.993450,176,112,335,342,
328,1,0.991227,176,111,337,344,
329,1,0.990566,176,111,336,344,
330,1,0.992228,176,112,337,343,
331,1,0.990086,176,111,335,344,
332,1,0.994486,176,113,337,344,
333,1,0.992776,174,112,337,342,
334,1,0.994684,175,113,337,343,
335,1,0.990367,174,111,335,344,
336,1,0.989263,174,110,334,343,
337,1,0.988914,174,113,331,342,
338,1,0.991276,175,112,336,343,
339,1,0.989600,176,113,334,345,
340,1,0.989878,175,111,334,342,
341,1,0.993158,173,113,335,345,
342,1,0.988534,175,112,332,341,
343,1,0.989848,176,113,334,344,
344,1,0.990834,176,112,337,342,
345,1,0.987564,175,110,333,342,
346,1,0.992915,175,113,336,345,
347,1,0.987902,171,113,331,341,
348,1,0.994318,175,112,336,344,
349,1,0.991209,173,112,337,342,
350,1,0.992829,175,114,337,342,
351,1,0.990258,175,110,335,343,
352,1,0.990200,175,110,335,344,
353,1,0.990538,175,113,336,344,
354,1,0.989708,174,113,332,343,
355,1,0.987953,173,113,332,343,
356,1,0.989059,174,115,336,343,
357,1,0.992589,175,113,336,343,
358,1,0.992081,174,111,335,344,
359,1,0.989289,174,112,332,343,
360,1,0.988359,176,112,330,342,
361,1,0.993166,175,113,337,343,
362,1,0.990228,175,109,334,343,
363,1,0.991517,174,115,336,344,
364,1,0.990104,174,114,335,342,
365,1,0.988970,175,116,335,343,
366,1,0.991833,176,112,337,343,
367,1,0.990977,174,112,336,343,
368,1,0.991425,174,112,338,343,
369,1,0.987841,175,113,333,342,
370,1,0.987323,174,113,337,343,
371,1,0.984308,175,111,334,341,
372,1,0.985959,174,113,336,343,
373,1,0.988430,175,114,336,343,
374,1,0.988281,175,114,337,344,
375,1,0.989253,174,114,337,342,
376,1,0.988655,174,112,333,339,
377,1,0.984213,173,112,335,342,
378,1,0.988835,174,112,336,341,
379,1,0.984233,175,111,334,339,
380,1,0.988454,177,115,337,342,
381,1,0.988157,175,113,334,342,
382,1,0.989504,173,114,337,340,
383,1,0.985946,174,112,336,342,
384,1,0.988455,175,114,337,343,
385,1,0.987678,174,115,337,342,
386,1,0.990457,172,115,335,341,
387,1,0.986700,174,113,334,342,
388,1,0.989313,173,116,338,343,
389,1,0.989564,174,112,335,342,
390,1,0.991155,173,115,335,341,
391,1,0.990469,174,112,333,342,
392,1,0.990983,174,112,335,340,
393,1,0.990104,175,111,334,342,
394,1,0.988712,174,112,334,341,
395,1,0.989355,175,112,334,341,
396,1,0.993683,174,115,338,342,
397,1,0.990140,175,114,334,341,
398,1,0.991890,177,116,335,343,
399,1,0.990435,176,113,335,342,
400,1,0.990902,175,113,337,341,
401,1,0.992604,175,115,337,342,
402,1,0.992353,174,112,336,340,
403,1,0.989389,174,111,334,342,
404,1,0.990574,176,115,334,343,
405,1,0.991219,174,111,335,343,
406,1,0.989819,174,112,332,345,
407,1,0.991261,173,113,337,342,
408,1,0.992977,175,114,335,342,
409,1,0.993447,174,115,337,343,
410,1,0.990747,174,111,332,341,
411,1,0.989022,175,113,335,342,
412,1,0.992247,175,114,338,343,
413,1,0.991815,176,114,336,345,
414,1,0.991602,175,115,335,341,
415,1,0.993457,175,113,337,343,
416,1,0.992428,174,113,335,343,
417,1,0.991984,173,116,335,340,
418,1,0.991059,174,116,335,341,
419,1,0.993785,175,112,335,342,
420,1,0.992180,175,112,334,343,
421,1,0.989991,175,114,335,341,
422,1,0.992819,174,113,336,343,
423,1,0.992061,175,110,336,341,
424,1,0.993289,175,113,335,342,
425,1,0.996018,175,113,335,343,
426,1,0.992409,175,111,336,346,
427,1,0.994462,175,111,337,346,
428,1,0.994575,175,111,335,344,
429,1,0.993977,174,111,336,342,
430,1,0.993950,176,112,336,343,
431,1,0.994141,175,112,336,345,
432,1,0.994769,174,112,337,345,
433,1,0.994862,175,113,336,344,
434,1,0.994236,174,112,336,344,
435,1,0.993362,175,112,336,342,
436,1,0.993760,174,112,336,345,
437,1,0.993072,175,111,336,344,
438,1,0.991641,177,112,336,343,
439,1,0.994259,174,111,336,343,
440,1,0.990000,173,114,335,344,
441,1,0.993277,176,112,336,345,
442,1,0.991799,176,111,335,346,
443,1,0.989288,176,111,333,342,
444,1,0.991426,175,111,335,343,
445,1,0.994325,175,111,337,345,
446,1,0.988452,173,113,338,341,
447,1,0.992679,176,112,335,343,
448,1,0.992705,175,111,335,344,
449,1,0.993996,176,112,336,346,
450,1,0.993657,175,111,338,343,
451,1,0.992333,174,112,335,343,
452,1,0.995213,176,112,337,347,
453,1,0.994283,175,112,335,345,
454,1,0.993167,176,112,335,345,
455,1,0.993374,176,113,336,346,
456,1,0.992664,176,112,336,346,
457,1,0.994516,175,112,336,347,
458,1,0.993086,177,112,337,346,
459,1,0.991213,175,115,335,342,
460,1,0.992155,176,112,334,346,
461,1,0.994893,176,112,336,347,
462,1,0.993755,175,112,335,344,
463,1,0.993691,176,111,336,345,
464,1,0.992266,176,111,335,345,
465,1,0.993169,175,111,337,346,
466,1,0.992259,175,111,335,346,
467,1,0.992308,175,112,337,345,
468,1,0.992678,176,111,335,346,
469,1,0.992353,175,113,335,345,
470,1,0.993694,175,111,336,345,
471,1,0.992504,175,112,335,347,
472,1,0.994486,175,111,335,344,
473,1,0.992165,176,111,334,345,
474,1,0.992771,176,111,334,346,
475,1,0.993016,175,111,336,345,
476,1,0.993448,175,111,335,345,
477,1,0.992152,175,112,334,347,
478,1,0.991922,175,111,333,348,
479,1,0.992367,175,111,334,346,
480,1,0.991681,175,111,332,342,
481,1,0.993162,175,111,335,346,
482,1,0.991721,177,113,334,344,
483,1,0.989270,175,110,334,344,
484,1,0.987610,173,114,342,341,
485,1,0.989007,174,114,341,341,
486,1,0.986577,174,111,333,345,
487,1,0.990566,174,111,333,343,
488,1,0.983897,174,113,338,343,
489,1,0.987816,172,113,341,342,
490,1,0.990898,173,112,335,345,
491,1,0.991931,176,112,335,344,
492,1,0.990809,173,113,336,345,
493,1,0.993311,174,111,335,347,
494,1,0.991640,175,109,333,344,
495,1,0.993515,174,112,336,344,
496,1,0.992773,175,112,334,343,
497,1,0.989103,176,112,336,346,
498,1,0.991383,172,114,332,345,
499,1,0.988987,175,111,330,342,
500,1,0.991425,170,113,332,343,
501,1,0.992987,172,112,334,344,
502,1,0.993623,172,111,332,342,
503,1,0.993882,172,113,331,343,
504,1,0.990126,172,114,331,345,
505,1,0.991052,173,113,332,342,
506,1,0.982415,175,112,335,344,
507,1,0.987530,174,113,334,349,
508,1,0.983211,172,112,334,344,
509,1,0.989988,175,114,335,348,
510,1,0.991622,172,112,335,344,
511,1,0.990807,171,113,334,345,
512,1,0.990036,170,111,331,343,
513,1,0.992862,171,112,332,344,
514,1,0.992031,170,111,332,343,
515,1,0.988855,174,113,333,348,
516,1,0.986189,173,113,336,347,
517,1,0.989297,172,112,332,348,
518,1,0.988501,171,113,336,345,
519,1,0.992594,172,114,334,343,
520,1,0.990958,171,115,334,342,
521,1,0.984282,173,117,333,346,
522,1,0.987421,173,115,335,343,
523,1,0.989827,173,116,333,346,
524,1,0.993284,173,113,334,344,
525,1,0.987566,173,114,334,341,
526,1,0.981653,176,112,335,345,
527,1,0.985554,174,114,335,341,
528,1,0.986112,173,114,337,341,
529,1,0.982222,174,115,335,340,
530,1,0.981825,175,113,336,339,
531,1,0.981331,176,114,336,339,
532,1,0.981792,175,110,336,342,
533,1,0.979222,174,113,333,346,
534,1,0.962221,178,111,334,345,
535,1,0.968771,177,110,330,343,
536,1,0.974859,177,112,335,339,
537,1,0.976219,177,110,336,341,
538,1,0.979632,177,110,335,343,
539,1,0.985747,177,109,334,345,
540,1,0.979846,178,110,333,345,
541,1,0.979036,178,110,335,341,
542,1,0.974725,174,111,334,341,
543,1,0.969342,176,111,335,338,
544,1,0.964993,174,111,335,337,
545,1,0.974169,179,111,333,343,
546,1,0.983231,178,110,334,341,
547,1,0.987783,177,110,334,341,
548,1,0.979592,177,110,334,340,
549,1,0.976969,175,112,334,344,
550,1,0.990136,179,110,333,344,
551,1,0.989140,179,110,335,341,
552,1,0.966575,181,112,334,340,
553,1,0.984652,181,109,333,342,
554,1,0.991796,180,110,333,344,
555,1,0.988998,181,110,335,345,
556,1,0.985044,182,112,334,341,
557,1,0.987909,182,113,335,343,
558,1,0.990348,182,109,334,342,
559,1,0.990699,182,108,333,343,
560,1,0.992178,182,110,335,345,
561,1,0.988231,182,109,335,344,
562,1,0.987291,182,110,333,344,
563,1,0.988900,182,110,334,345,
564,1,0.986976,182,110,334,344,
565,1,0.993002,183,107,333,343,
566,1,0.991184,183,109,333,343,
567,1,0.987650,183,109,336,345,
568,1,0.989967,182,112,335,343,
569,1,0.986883,184,109,332,344,
570,1,0.989134,183,108,333,343,
571,1,0.991853,182,108,334,343,
572,1,0.988214,183,108,335,346,
573,1,0.982239,183,110,333,343,
574,1,0.983413,184,107,334,345,
575,1,0.990418,184,107,332,342,
576,1,0.988838,184,107,332,341,
577,1,0.988263,183,109,333,343,
578,1,0.987451,183,111,335,344,
579,1,0.991682,183,108,335,343,
580,1,0.992070,183,107,333,344,
581,1,0.985651,182,108,332,341,
582,1,0.989959,183,108,333,343,
583,1,0.987756,183,110,335,343,
584,1,0.987416,183,107,333,342,
585,1,0.993857,182,111,334,345,
586,1,0.991065,183,110,336,346,
587,1,0.991576,182,109,332,342,
588,1,0.985809,182,110,333,343,
589,1,0.991783,182,108,333,343,
590,1,0.991785,183,107,333,344,
591,1,0.987095,181,110,335,345,
592,1,0.985174,181,111,336,345,
593,1,0.991797,182,108,333,344,
594,1,0.992882,183,111,334,343,
595,1,0.991649,182,108,333,342,
596,1,0.985653,181,110,334,345,
597,1,0.987926,183,108,335,345,
598,1,0.993451,184,109,332,344,
599,1,0.982931,183,110,334,342,
600,1,0.980467,183,112,333,342,
601,1,0.987390,181,109,333,342,
602,1,0.982678,180,110,334,346,
603,1,0.990544,182,108,335,346,
604,1,0.983251,182,111,334,342,
605,1,0.983515,183,109,334,345,
606,1,0.985309,181,110,335,343,
607,1,0.991609,180,110,334,345,
608,1,0.987686,180,109,333,343,
609,1,0.989355,179,111,333,341,
610,1,0.990437,179,111,333,342,
611,1,0.989636,179,108,334,345,
612,1,0.988784,178,110,335,343,
613,1,0.989587,177,115,334,341,
614,1,0.992524,176,112,334,343,
615,1,0.984174,175,113,335,341,
616,1,0.985393,176,112,335,341,
617,1,0.973373,175,111,335,343,
618,1,0.983594,175,108,336,342,
619,1,0.982623,175,113,334,344,
620,1,0.988952,175,112,337,342,
621,1,0.983395,175,113,334,342,
622,1,0.982434,173,113,334,341,
623,1,0.976243,174,115,334,340,
624,1,0.979751,181,116,330,347,
625,1,0.983345,180,115,331,348,
626,1,0.982695,177,113,328,346,
627,1,0.977773,178,113,332,346,
628,1,0.986878,175,114,334,343,
629,1,0.990752,175,112,333,345,
630,1,0.992773,175,113,336,346,
631,1,0.987035,176,113,333,346,
632,1,0.989151,173,112,336,345,
633,1,0.990959,173,114,334,345,
634,1,0.992309,174,113,334,346,
635,1,0.994676,174,112,332,344,
636,1,0.995612,173,111,333,344,
637,1,0.994893,173,112,332,344,
638,1,0.991279,172,110,331,343,
639,1,0.990030,172,111,333,343,
640,1,0.989905,171,114,333,345,
641,1,0.993640,169,111,333,345,
642,1,0.991967,170,115,333,343,
643,1,0.995973,171,112,331,344,
644,1,0.994577,171,113,332,345,
645,1,0.995765,172,111,330,345,
646,1,0.996522,171,112,334,348,
647,1,0.995051,173,111,330,347,
648,1,0.996514,172,111,329,346,
649,1,0.996565,171,115,333,342,
650,1,0.995598,171,114,333,342,
651,1,0.997036,173,114,333,342,
652,1,0.995957,172,114,334,342,
653,1,0.996830,173,115,334,344,
654,1,0.997369,174,113,331,344,
655,1,0.996399,173,114,332,342,
656,1,0.997552,174,112,332,342,
657,1,0.996225,174,113,333,343,
658,1,0.997113,174,113,332,342,
659,1,0.995872,172,113,334,343,
660,1,0.997485,174,113,333,342,
661,1,0.996126,172,114,332,342,
662,1,0.997045,174,113,333,343,
663,1,0.996264,173,113,332,343,
664,1,0.996656,172,114,333,343,
665,1,0.997698,174,112,332,344,
666,1,0.996631,172,114,332,342,
667,1,0.997460,175,112,330,345,
668,1,0.995974,173,113,332,342,
669,1,0.996836,172,113,333,342,
670,1,0.996178,173,114,332,343,
671,1,0.996043,172,115,332,342,
672,1,0.995635,172,114,332,342,
673,1,0.997233,173,113,330,345,
674,1,0.995609,172,114,333,343,
675,1,0.996714,171,114,333,343,
676,1,0.995525,172,115,332,342,
677,1,0.996202,171,115,334,342,
678,1,0.994866,172,115,333,343,
679,1,0.996697,171,115,333,342,
680,1,0.996502,172,114,333,344,
681,1,0.996085,172,114,332,343,
682,1,0.996087,172,114,332,342,
683,1,0.996251,172,113,333,344,
684,1,0.996330,171,114,333,343,
685,1,0.995292,172,115,334,343,
686,1,0.996900,172,113,333,343,
687,1,0.995857,171,114,334,341,
688,1,0.995955,172,114,333,341,
689,1,0.997115,171,112,331,344,
690,1,0.996020,172,113,331,347,
691,1,0.994459,173,113,325,340,
692,1,0.995463,172,114,330,343,
693,1,0.995578,172,115,334,341,
694,1,0.996037,170,115,332,342,
695,1,0.996127,171,115,332,342,
696,1,0.996431,171,112,331,348,
697,1,0.996699,172,115,332,343,
698,1,0.996475,172,114,333,343,
699,1,0.996244,171,115,334,344,
700,1,0.995464,171,115,333,343,
701,1,0.996477,171,115,333,343,
702,1,0.996080,171,114,332,342,
703,1,0.996434,171,114,334,343,
704,1,0.995371,172,115,334,342,
705,1,0.996798,172,113,333,343,
706,1,0.996039,171,114,331,342,
707,1,0.996676,171,114,334,343,
708,1,0.996889,171,114,333,344,
709,1,0.997037,171,114,334,344,
710,1,0.996386,170,114,333,342,
711,1,0.995952,171,114,333,344,
712,1,0.995621,171,114,333,342,
713,1,0.996439,171,114,333,342,
714,1,0.996117,171,114,333,342,
715,1,0.997118,172,114,332,342,
716,1,0.996978,170,115,333,343,
717,1,0.995851,170,113,332,342,
718,1,0.994571,171,113,331,341,
719,1,0.996439,171,114,333,342,
720,1,0.996254,171,111,331,345,
721,1,0.995580,171,116,333,342,
722,1,0.995381,171,116,334,342,
723,1,0.994660,172,116,333,341,
724,1,0.996056,172,114,336,344,
725,1,0.993565,174,113,330,347,
726,1,0.991185,175,111,333,346,
727,1,0.987444,173,112,334,340,
728,1,0.988844,173,114,334,346,
729,1,0.991155,173,114,333,345,
730,1,0.992862,171,114,334,340,
731,1,0.990397,168,112,332,340,
732,1,0.988775,170,112,336,343,
733,1,0.990668,171,114,333,345,
734,1,0.987446,170,115,333,344,
735,1,0.985215,170,112,336,344,
736,1,0.986364,171,111,332,342,
737,1,0.992666,171,114,331,345,
738,1,0.985651,171,113,334,345,
739,1,0.993990,171,115,330,344,
740,1,0.975679,171,115,332,343,
741,1,0.986686,170,116,335,344,
742,1,0.987953,171,117,333,341,
743,1,0.983289,171,116,330,343,
744,1,0.982263,170,111,338,347,
745,1,0.981036,171,111,335,347,
746,1,0.986718,173,115,333,346,
747,1,0.983096,174,115,336,347,
748,1,0.986054,172,111,337,346,
749,1,0.986519,174,113,333,346,
750,1,0.987584,173,113,333,346,
751,1,0.988642,172,110,335,348,
752,1,0.989270,173,111,334,349,
753,1,0.990484,175,113,338,347,
754,1,0.987966,171,116,333,344,
755,1,0.988469,174,114,339,345,
756,1,0.988950,172,111,335,348,
757,1,0.989342,172,111,336,348,
758,1,0.986910,174,113,338,349,
759,1,0.988986,173,113,339,347,
760,1,0.982561,173,115,336,343,
761,1,0.991915,173,114,337,346,
762,1,0.988301,173,113,335,345,
763,1,0.986490,173,114,334,344,
764,1,0.989652,172,115,335,343,
765,1,0.987337,174,112,335,347,
766,1,0.988769,173,114,336,346,
767,1,0.987895,171,113,336,345,
768,1,0.991336,173,113,334,343,
769,1,0.989783,171,112,336,342,
770,1,0.988361,174,112,337,345,
771,1,0.989480,173,110,335,343,
772,1,0.990601,172,112,335,343,
773,1,0.988219,172,111,336,343,
774,1,0.991491,172,112,335,344,
775,1,0.991964,173,112,333,345,
776,1,0.990668,172,111,335,343,
777,1,0.990410,172,111,335,341,
778,1,0.988929,173,113,336,346,
779,1,0.990093,173,113,335,342,
780,1,0.988850,174,110,335,343,
781,1,0.990056,172,112,336,344,
782,1,0.988296,173,111,335,344,
783,1,0.990479,173,110,336,344,
784,1,0.989705,174,111,335,344,
785,1,0.991254,173,111,334,340,
786,1,0.991142,173,112,336,342,
787,1,0.989831,174,109,333,344,
788,1,0.991207,173,112,335,342,
789,1,0.990104,173,110,336,342,
790,1,0.988844,173,115,336,341,
791,1,0.988572,173,111,335,343,
792,1,0.989491,173,111,335,342,
793,1,0.989614,174,110,334,346,
794,1,0.989105,175,109,333,344,
795,1,0.989618,174,109,334,343,
796,1,0.987101,173,113,335,342,
797,1,0.991803,173,111,335,343,
798,1,0.989192,173,111,335,343,
799,1,0.990335,171,111,335,343,
800,1,0.988613,172,115,334,341,
801,1,0.989097,171,110,335,343,
802,1,0.987326,172,112,336,345,
803,1,0.987810,172,111,334,341,
804,1,0.990917,175,112,337,343,
805,1,0.989011,173,112,336,342,
806,1,0.987147,172,115,333,341,
807,1,0.992467,174,111,336,345,
808,1,0.989169,172,114,336,343,
809,1,0.990309,173,112,337,343,
810,1,0.987541,172,114,335,342,
811,1,0.986789,173,114,333,342,
812,1,0.987644,171,113,337,343,
813,1,0.983156,172,111,334,342,
814,1,0.983006,170,112,335,342,
815,1,0.982337,173,110,335,343,
816,1,0.990176,172,112,335,342,
817,1,0.989939,171,112,335,342,
818,1,0.989270,173,111,334,343,
819,1,0.986734,173,111,334,343,
820,1,0.989860,172,111,334,345,
821,1,0.989965,173,113,334,342,
822,1,0.990976,172,112,334,346,
823,1,0.992020,173,114,336,342,
824,1,0.987253,171,111,332,345,
825,1,0.993532,173,114,335,344,
826,1,0.989346,173,115,330,342,
827,1,0.991277,172,115,337,344,
828,1,0.994270,171,115,335,344,
829,1,0.988131,174,114,327,343,
830,1,0.991022,174,112,335,341,
831,1,0.991459,171,112,334,342,
832,1,0.989976,174,117,329,340,
833,1,0.987318,173,115,337,345,
834,1,0.993347,174,114,338,346,
835,1,0.991673,174,113,336,344,
836,1,0.992769,173,115,333,345,
837,1,0.988452,174,116,331,341,
838,1,0.992883,173,113,338,343,
839,1,0.988789,175,116,330,343,
840,1,0.991534,174,115,333,342,
841,1,0.993938,172,113,336,346,
842,1,0.993649,174,113,338,344,
843,1,0.990669,175,115,334,343,
844,1,0.993010,173,113,338,344,
845,1,0.990980,173,113,337,341,
846,1,0.991042,174,115,333,344,
847,1,0.992157,175,113,335,343,
848,1,0.994872,173,116,336,345,
849,1,0.989956,176,114,332,344,
850,1,0.993276,174,113,335,344,
851,1,0.990281,172,114,336,345,
852,1,0.993010,173,112,336,345,
853,1,0.992419,175,114,333,343,
854,1,0.993406,171,114,336,345,
855,1,0.991798,173,112,335,344,
856,1,0.992650,174,112,337,346,
857,1,0.992678,172,113,335,346,
858,1,0.991866,173,111,335,341,
859,1,0.992793,173,110,335,344,
860,1,0.991549,174,111,335,346,
861,1,0.992107,173,112,335,344,
862,1,0.989469,174,111,333,343,
863,1,0.991411,174,111,332,344,
864,1,0.992023,172,114,335,342,
865,1,0.991753,174,111,337,344,
866,1,0.992062,173,111,336,344,
867,1,0.992755,172,113,336,344,
868,1,0.992850,172,113,337,344,
869,1,0.988368,174,111,338,344,
870,1,0.991482,171,113,338,345,
871,1,0.989994,175,113,337,345,
872,1,0.991313,172,113,337,343,
873,1,0.990075,174,112,338,344,
874,1,0.990712,173,112,337,344,
875,1,0.993557,173,112,338,345,
876,1,0.992690,172,110,338,346,
877,1,0.990486,172,112,334,345,
878,1,0.989701,174,111,338,344,
879,1,0.990030,171,113,338,343,
880,1,0.992460,173,111,336,345,
881,1,0.990867,174,113,337,347,
882,1,0.989599,173,110,338,345,
883,1,0.989774,173,112,335,345,
884,1,0.992712,172,112,335,345,
885,1,0.991800,174,111,337,345,
886,1,0.992631,174,112,334,345,
887,1,0.991917,174,113,337,349,
888,1,0.990128,176,113,335,345,
889,1,0.987171,174,111,338,345,
890,1,0.991290,175,110,336,345,
891,1,0.988485,173,111,337,345,
892,1,0.992369,176,111,336,346,
893,1,0.992502,174,111,338,343,
894,1,0.989347,173,112,337,344,
895,1,0.991333,173,112,335,345,
896,1,0.994225,175,110,338,346,
897,1,0.991618,174,112,338,345,
898,1,0.991561,175,112,336,348,
899,1,0.995193,174,112,340,347,
900,1,0.992460,174,111,338,345,
901,1,0.994061,174,112,338,345,
902,1,0.991002,174,114,337,348,
903,1,0.991679,173,111,338,346,
904,1,0.989690,175,113,337,345,
905,1,0.989619,173,111,338,345,
906,1,0.992234,174,112,337,346,
907,1,0.990329,173,113,337,348,
908,1,0.992328,174,111,336,348,
909,1,0.991171,175,114,336,343,
910,1,0.990726,175,112,336,348,
911,1,0.993302,173,111,338,347,
912,1,0.987965,172,112,336,346,
913,1,0.991594,173,112,335,344,
914,1,0.991659,173,111,336,347,
915,1,0.987681,174,112,338,343,
916,1,0.991673,176,113,337,346,
917,1,0.990637,173,112,336,347,
918,1,0.990839,175,113,337,344,
919,1,0.990700,175,112,336,343,
920,1,0.985951,173,113,335,348,
921,1,0.990204,172,114,337,346,
922,1,0.991803,174,113,336,346,
923,1,0.989014,174,112,335,345,
924,1,0.992158,174,112,337,344,
925,1,0.987069,173,112,336,345,
926,1,0.990019,173,112,338,344,
927,1,0.988070,174,112,338,344,
928,1,0.991900,175,113,337,346,
929,1,0.989753,173,113,338,344,
930,1,0.991401,174,113,335,347,
931,1,0.991120,173,113,336,347,
932,1,0.991212,175,112,335,345,
933,1,0.991948,174,113,337,347,
934,1,0.989546,173,112,338,344,
935,1,0.991387,175,113,337,346,
936,1,0.989109,175,113,338,347,
937,1,0.992202,175,114,338,345,
938,1,0.989882,173,112,335,346,
939,1,0.985996,174,111,337,343,
940,1,0.991009,174,112,338,344,
941,1,0.989450,171,112,337,345,
942,1,0.990634,176,113,338,346,
943,1,0.992348,175,114,338,347,
944,1,0.988198,174,111,337,343,
945,1,0.987494,176,113,338,346,
946,1,0.992349,175,113,338,345,
947,1,0.992070,171,114,336,345,
948,1,0.989241,174,112,336,347,
949,1,0.990259,174,113,338,345,
950,1,0.991164,173,113,335,348,
951,1,0.988660,173,113,335,346,
952,1,0.991699,173,113,338,345,
953,1,0.990517,173,112,335,345,
954,1,0.988855,175,114,338,345,
955,1,0.992520,174,113,335,349,
956,1,0.992557,175,113,334,345,
957,1,0.993084,176,111,338,347,
958,1,0.990869,175,113,337,345,
959,1,0.991661,173,112,337,349,
960,1,0.990279,174,112,334,344,
961,1,0.989356,174,113,339,344,
962,1,0.991845,173,112,336,344,
963,1,0.991877,173,112,338,346,
964,1,0.987250,176,112,337,345,
965,1,0.992689,174,112,337,346,
966,1,0.991985,175,111,336,346,
967,1,0.988412,173,111,334,347,
968,1,0.990358,176,112,337,345,
969,1,0.992151,175,111,336,346,
970,1,0.988968,173,111,335,347,
971,1,0.989244,173,112,336,345,
972,1,0.989552,175,112,335,348,
973,1,0.991828,172,113,335,347,
974,1,0.988977,173,113,338,345,
975,1,0.992131,173,113,337,348,
976,1,0.991617,174,113,333,347,
977,1,0.990380,174,112,337,344,
978,1,0.989618,173,112,334,347,
979,1,0.991901,174,114,338,345,
980,1,0.987832,173,112,339,344,
981,1,0.990464,173,112,336,346,
982,1,0.991390,175,113,338,347,
983,1,0.990455,174,112,337,345,
984,1,0.991032,174,113,339,345,
985,1,0.991266,172,113,334,345,
986,1,0.991685,173,113,336,346,
987,1,0.992347,172,114,336,345,
988,1,0.991025,174,112,337,346,
989,1,0.990827,174,113,336,347,
990,1,0.991995,174,113,337,349,
991,1,0.992394,173,112,335,346,
992,1,0.991553,175,113,338,345,
993,1,0.990553,175,112,338,347,
994,1,0.990271,176,112,338,347,
995,1,0.991270,176,114,338,346,
996,1,0.993103,175,112,338,345,
997,1,0.990347,174,112,339,346,
998,1,0.991133,173,111,335,347,
999,1,0.992010,175,114,337,347,
1000,1,0.988227,175,111,338,347,
1001,1,0.988263,173,112,336,342,
1002,1,0.993034,175,114,337,345,
1003,1,0.993531,172,110,334,345,
1004,1,0.989755,175,112,338,347,
1005,1,0.992631,174,112,338,345,
1006,1,0.992391,173,114,338,343,
1007,1,0.992639,175,112,337,346,
1008,1,0.989025,174,112,336,345,
1009,1,0.992861,176,112,337,346,
1010,1,0.989622,174,111,334,342,
1011,1,0.987057,170,111,337,341,
1012,1,0.993488,175,113,338,344,
1013,1,0.991022,173,112,335,345,
1014,1,0.991610,173,111,337,344,
1015,1,0.992148,174,112,338,344,
1016,1,0.990855,173,114,337,343,
1017,1,0.990135,173,114,337,345,
1018,1,0.987175,170,110,339,341,
1019,1,0.990464,175,111,334,343,
