180,62,0.800085,189,151,345,389,
181,62,0.720681,181,151,345,390,
182,62,0.735049,186,143,347,384,
183,62,0.838265,184,145,343,386,
184,62,0.737944,179,146,342,383,
185,62,0.688572,183,147,347,390,
186,62,0.754583,183,147,346,386,
187,62,0.558875,193,147,354,404,
188,62,0.773511,188,149,348,390,
189,62,0.761074,186,147,349,387,
190,62,0.815639,188,149,346,387,
191,62,0.733083,190,149,347,388,
192,62,0.784677,191,147,348,389,
194,62,0.780406,185,151,347,390,
197,62,0.826420,189,149,347,386,
199,62,0.778375,185,144,352,389,
200,62,0.690989,189,150,348,388,
203,62,0.670264,182,146,356,386,
204,62,0.754037,184,145,356,386,
205,62,0.710616,182,144,353,388,
206,62,0.758173,183,145,356,386,
207,62,0.798974,190,150,349,388,
210,62,0.562673,193,148,354,402,
215,62,0.686932,183,144,356,389,
218,62,0.800836,189,149,347,387,
219,62,0.827745,186,146,355,385,
221,62,0.813478,190,154,349,389,
222,62,0.742481,183,144,356,386,
223,62,0.712363,181,145,347,385,
225,62,0.816477,182,148,347,383,
226,62,0.742925,181,143,349,387,
228,62,0.678398,179,146,358,386,
229,62,0.753694,185,147,356,386,
231,62,0.640449,181,146,357,388,
234,62,0.745355,189,149,350,387,
235,62,0.563001,190,164,347,388,
236,62,0.559305,191,146,358,403,
237,62,0.617915,183,147,356,387,
238,62,0.777389,187,150,348,386,
239,62,0.715240,187,148,349,388,
240,62,0.609515,180,148,357,388,
241,62,0.734729,182,144,357,387,
242,62,0.821187,183,149,351,386,
243,62,0.837290,184,149,345,385,
244,62,0.779126,184,147,345,385,
245,62,0.680767,181,145,355,388,
248,62,0.794349,187,144,353,388,
249,62,0.507034,192,150,353,404,
250,62,0.826583,186,146,343,390,
251,62,0.768178,188,145,352,385,
252,62,0.887780,179,142,344,385,
253,62,0.819751,184,142,352,387,
254,62,0.789315,190,144,344,386,
255,62,0.839144,177,139,340,370,
256,62,0.800829,182,138,355,385,
257,62,0.521242,196,144,357,389,
258,62,0.705447,184,144,342,389,
260,62,0.782657,184,146,345,387,
261,62,0.532799,196,141,365,364,
262,62,0.822744,175,144,338,377,
263,62,0.771873,191,146,346,388,
266,62,0.767596,184,152,345,388,
268,62,0.627881,179,142,352,386,
273,62,0.610827,180,146,355,387,
274,62,0.773703,190,146,357,388,
275,62,0.663972,188,145,353,386,
276,62,0.689870,183,146,357,387,
277,62,0.688241,171,153,345,385,
278,62,0.793548,183,147,354,390,
279,62,0.762866,184,153,346,387,
282,62,0.820075,180,148,355,389,
284,62,0.782641,180,156,353,390,
285,62,0.767674,182,148,354,387,
286,62,0.769223,186,154,350,386,
289,62,0.785756,184,143,358,388,
290,62,0.752428,178,151,347,387,
293,62,0.550695,183,144,361,386,
296,62,0.732080,180,141,358,390,
297,62,0.860256,183,151,350,387,
298,62,0.741822,180,150,352,386,
299,62,0.687481,182,142,360,391,
300,62,0.803238,185,142,362,387,
301,62,0.795317,184,143,355,388,
302,62,0.599059,175,150,354,389,
303,62,0.774518,183,148,346,386,
304,62,0.755772,189,157,346,389,
305,62,0.580871,188,147,362,400,
306,62,0.710287,179,151,349,386,
309,62,0.747530,183,142,357,390,
310,62,0.786750,178,141,356,388,
311,62,0.783972,183,153,350,388,
313,62,0.556797,180,143,359,380,
314,62,0.709262,184,141,355,389,
317,62,0.578547,181,142,358,386,
319,62,0.699962,180,142,359,391,
323,62,0.768887,182,141,360,389,
324,62,0.722899,188,154,351,388,
325,62,0.550010,180,142,361,386,
328,62,0.822593,185,142,356,389,
329,62,0.857290,180,153,348,384,
330,62,0.731029,180,144,360,390,
331,62,0.557600,196,141,365,393,
333,62,0.708695,183,141,355,388,
334,62,0.725492,184,144,358,391,
335,62,0.797157,185,152,349,388,
336,62,0.720057,185,146,353,393,
337,62,0.742604,184,148,347,388,
339,62,0.738133,183,155,348,388,
340,62,0.789599,183,154,348,388,
342,62,0.782696,181,141,355,390,
345,62,0.744374,180,144,353,388,
347,62,0.752916,187,144,355,388,
348,62,0.722685,187,143,352,388,
350,62,0.750973,184,141,354,389,
353,62,0.662056,182,142,355,387,
355,62,0.798110,188,136,342,390,
356,62,0.665291,184,137,350,390,
357,62,0.747396,185,141,350,387,
358,62,0.693909,182,142,356,387,
360,62,0.760156,187,144,345,388,
362,62,0.754901,184,150,346,390,
364,62,0.534032,191,148,353,401,
365,62,0.790266,185,145,352,388,
366,62,0.836321,189,149,344,384,
370,62,0.800675,181,146,346,386,
371,62,0.830482,184,143,347,387,
372,62,0.714089,183,141,352,387,
373,62,0.566180,198,142,357,392,
375,62,0.583084,194,151,355,403,
376,62,0.758521,183,146,357,386,
378,62,0.764665,181,145,356,388,
379,62,0.651584,194,146,357,404,
380,62,0.696820,182,142,353,387,
381,62,0.742285,175,145,344,383,
383,62,0.782601,186,144,355,388,
386,62,0.745852,194,149,349,387,
387,62,0.808900,189,148,348,389,
388,62,0.838123,185,143,355,387,
389,62,0.825519,186,149,349,389,
390,62,0.798981,191,144,347,389,
391,62,0.715637,189,145,350,386,
392,62,0.722843,183,143,357,386,
393,62,0.599195,192,147,354,401,
394,62,0.772810,183,143,355,388,
395,62,0.741067,183,145,357,387,
396,62,0.840000,185,145,351,388,
397,62,0.681167,183,143,359,388,
399,62,0.686707,181,151,354,388,
400,62,0.508509,192,151,354,402,
401,62,0.776833,181,148,360,386,
402,62,0.531469,180,142,353,377,
404,62,0.660272,181,145,349,387,
405,62,0.772481,185,144,354,386,
406,62,0.535411,191,152,354,401,
407,62,0.733226,185,147,350,386,
408,62,0.789545,186,148,355,387,
409,62,0.734639,180,148,359,386,
410,62,0.823248,189,149,349,388,
412,62,0.792659,182,146,346,383,
413,62,0.733686,184,146,356,388,
414,62,0.589360,186,165,346,389,
417,62,0.860221,191,149,347,387,
418,62,0.797375,184,150,346,387,
419,62,0.834736,181,152,348,385,
420,62,0.705744,184,145,358,389,
424,62,0.543992,192,151,361,402,
425,62,0.502678,192,149,358,402,
426,62,0.668957,192,151,359,401,
439,62,0.735346,183,150,359,386,
440,62,0.619791,185,148,359,387,
464,62,0.523510,192,150,359,387,
467,62,0.569903,195,151,358,384,
469,62,0.713285,199,156,360,399,
474,62,0.677035,194,151,349,380,
475,62,0.636068,200,159,359,401,
476,62,0.506120,188,150,357,379,
477,62,0.500182,196,154,358,387,
478,62,0.538372,188,149,356,379,
479,62,0.614426,196,154,349,383,
480,62,0.592770,202,157,360,402,
483,62,0.532804,200,158,358,401,
485,62,0.506220,197,153,349,384,
488,62,0.618319,194,157,347,382,
492,62,0.522127,195,159,349,385,
497,62,0.631806,194,155,346,379,
499,62,0.538134,200,158,357,402,
503,62,0.584811,201,157,360,401,
505,62,0.573262,195,153,349,380,
507,62,0.714788,192,152,349,382,
511,62,0.532459,189,154,351,380,
512,62,0.570751,199,152,357,399,
516,62,0.561386,195,154,348,383,
517,62,0.543365,199,154,366,399,
518,62,0.503474,192,149,357,382,
522,62,0.564279,202,156,361,402,
523,62,0.515020,200,156,363,401,
524,62,0.560505,191,154,352,386,
526,62,0.545588,195,149,346,378,
531,62,0.500575,197,159,358,399,
542,62,0.585513,192,158,360,402,
547,62,0.530905,195,155,359,404,
548,62,0.674574,179,142,360,366,
549,62,0.530960,195,151,360,403,
550,62,0.534388,182,143,359,387,
551,62,0.583559,191,149,358,404,
552,62,0.522435,190,146,365,391,
555,62,0.572413,183,162,349,388,
556,62,0.805019,182,152,350,389,
557,62,0.827115,190,153,349,386,
558,62,0.833524,182,150,347,387,
559,62,0.649597,191,164,351,392,
560,62,0.521687,195,150,357,401,
561,62,0.744220,190,152,349,389,
562,62,0.841573,189,150,348,385,
563,62,0.541457,191,152,354,402,
564,62,0.811000,185,149,348,387,
565,62,0.703456,190,152,354,402,
566,62,0.770455,195,151,350,390,
567,62,0.853757,192,148,346,386,
568,62,0.514225,190,149,359,402,
569,62,0.805296,188,153,350,388,
570,62,0.526465,192,150,355,401,
571,62,0.760799,173,142,344,360,
573,62,0.609735,184,144,353,388,
575,62,0.882798,186,150,350,385,
577,62,0.597270,191,146,356,404,
579,62,0.781906,183,143,353,383,
580,62,0.771602,190,154,348,389,
581,62,0.880833,182,151,346,382,
582,62,0.866952,187,153,349,391,
584,62,0.864148,185,149,350,384,
585,62,0.771107,189,151,351,388,
586,62,0.836530,187,147,348,386,
588,62,0.866909,188,152,346,386,
589,62,0.798349,185,148,349,390,
590,62,0.875108,186,149,348,384,
592,62,0.804971,184,145,346,381,
593,62,0.815044,187,150,350,387,
594,62,0.805721,183,149,353,388,
595,62,0.801592,179,153,346,388,
596,62,0.593232,182,142,356,385,
597,62,0.577614,188,161,349,389,
598,62,0.677804,179,156,350,394,
599,62,0.819707,183,147,350,389,
600,62,0.504964,188,145,360,402,
601,62,0.813986,191,152,348,385,
602,62,0.854612,188,152,347,386,
603,62,0.673799,189,161,349,390,
606,62,0.816365,188,153,346,387,
607,62,0.824375,191,148,345,389,
608,62,0.789999,194,147,344,389,
609,62,0.686760,188,160,343,391,
612,62,0.691551,176,146,341,372,
613,62,0.815144,183,145,353,387,
614,62,0.836107,188,146,343,386,
615,62,0.682677,183,142,355,387,
616,62,0.839177,188,147,345,386,
617,62,0.608735,200,142,358,397,
618,62,0.876832,188,151,344,385,
619,62,0.762135,191,148,343,390,
620,62,0.545968,189,150,357,403,
621,62,0.701508,185,141,356,390,
623,62,0.792169,184,142,359,388,
624,62,0.604300,190,151,356,401,
626,62,0.525876,193,157,355,402,
628,62,0.816466,182,152,348,387,
629,62,0.585986,185,144,353,384,
630,62,0.744151,186,153,346,391,
633,62,0.800445,189,156,342,388,
638,62,0.618216,182,144,354,390,
639,62,0.571350,188,154,353,400,
641,62,0.638654,183,170,347,389,
642,62,0.762385,186,157,343,388,
644,62,0.812891,182,156,349,389,
645,62,0.735521,188,158,347,392,
647,62,0.520704,191,155,359,401,
648,62,0.842835,185,153,346,385,
652,62,0.818329,186,156,344,386,
654,62,0.836280,181,158,348,386,
655,62,0.817839,186,154,348,386,
658,62,0.639339,179,144,357,390,
660,62,0.524015,189,164,349,390,
661,62,0.853658,182,154,344,386,
662,62,0.835960,180,156,349,389,
663,62,0.689433,183,146,360,388,
664,62,0.699995,181,144,355,388,
666,62,0.633992,190,165,349,389,
670,62,0.827092,182,156,347,389,
671,62,0.665548,190,166,349,392,
672,62,0.787699,187,154,345,388,
674,62,0.836168,184,150,347,386,
675,62,0.549911,189,151,357,401,
679,62,0.826229,185,155,344,389,
680,62,0.835443,183,150,346,389,
683,62,0.680419,173,145,343,369,
684,62,0.782480,186,150,345,388,
688,62,0.837757,184,154,348,388,
689,62,0.807110,185,152,343,386,
690,62,0.801035,183,157,346,389,
691,62,0.791473,188,156,346,389,
692,62,0.603368,183,170,348,390,
693,62,0.746571,184,143,354,389,
694,62,0.751661,182,150,346,388,
699,62,0.750010,184,145,355,390,
700,62,0.802446,182,156,346,388,
701,62,0.833583,186,158,346,388,
704,62,0.782133,186,157,347,388,
705,62,0.589420,180,142,354,384,
706,62,0.817327,177,148,339,382,
707,62,0.706117,174,141,339,369,
709,62,0.781323,189,150,344,387,
710,62,0.876139,174,145,339,383,
711,62,0.682027,182,151,348,389,
712,62,0.804082,190,149,345,386,
713,62,0.821126,186,147,346,386,
714,62,0.638918,184,140,352,389,
715,62,0.855438,184,148,339,385,
716,62,0.845981,189,147,343,387,
718,62,0.542906,191,138,355,391,
719,62,0.694083,180,144,355,386,
722,62,0.752059,173,141,341,364,
725,62,0.770619,191,149,344,390,
726,62,0.891608,181,143,345,377,
727,62,0.775923,189,150,344,387,
728,62,0.809777,182,150,345,385,
729,62,0.842197,184,147,344,384,
730,62,0.798631,182,146,350,387,
731,62,0.889479,182,144,345,386,
732,62,0.846411,181,152,348,386,
733,62,0.596221,188,151,357,400,
734,62,0.612827,193,160,354,393,
735,62,0.856757,183,148,347,383,
736,62,0.667007,188,159,349,388,
737,62,0.526923,191,150,355,400,
739,62,0.802811,188,150,347,388,
740,62,0.766781,185,146,354,382,
741,62,0.661034,178,150,343,383,
742,62,0.837000,180,144,342,383,
743,62,0.770888,186,147,361,385,
744,62,0.615254,188,152,355,401,
745,62,0.811203,184,155,348,388,
746,62,0.737770,185,145,357,389,
747,62,0.883649,184,146,346,384,
748,62,0.700937,179,149,356,386,
749,62,0.832127,182,154,341,383,
750,62,0.528093,190,164,350,392,
751,62,0.651977,187,160,348,391,
756,62,0.820971,179,142,345,371,
757,62,0.706673,184,145,357,385,
758,62,0.862561,182,148,342,382,
760,62,0.683697,186,146,357,387,
762,62,0.771558,174,144,351,374,
763,62,0.821669,177,141,344,376,
765,62,0.874986,185,149,346,385,
766,62,0.826135,183,148,353,383,
768,62,0.893673,185,147,346,383,
770,62,0.905023,174,154,346,380,
771,62,0.501546,190,151,355,402,
772,62,0.733310,181,144,348,377,
773,62,0.803231,183,148,355,387,
774,62,0.849172,187,151,346,389,
775,62,0.856345,181,151,345,383,
776,62,0.819871,190,146,347,385,
778,62,0.703304,180,144,340,388,
779,62,0.519206,191,150,353,401,
780,62,0.795634,188,149,345,386,
781,62,0.864434,181,148,341,384,
782,62,0.828037,182,151,340,388,
784,62,0.538887,191,156,350,403,
785,62,0.619215,200,138,358,395,
786,62,0.589091,190,153,351,399,
787,62,0.828198,186,148,347,385,
788,62,0.793628,185,144,356,387,
789,62,0.614225,191,151,357,403,
790,62,0.870105,177,146,347,378,
791,62,0.783234,189,141,351,388,
793,62,0.714153,201,139,361,396,
795,62,0.632786,183,142,355,382,
796,62,0.729045,189,145,346,387,
798,62,0.581305,189,151,356,401,
801,62,0.666379,186,143,351,384,
804,62,0.758332,174,144,349,376,
806,62,0.731935,180,146,354,388,
807,62,0.555562,190,157,354,404,
808,62,0.674913,184,163,345,388,
809,62,0.760249,173,151,338,375,
812,62,0.674803,184,145,352,391,
816,62,0.820886,187,153,344,387,
818,62,0.779280,184,157,344,388,
819,62,0.783467,189,158,344,390,
820,62,0.828930,180,150,347,386,
821,62,0.800444,184,158,348,386,
823,62,0.677654,180,149,353,391,
824,62,0.854808,183,154,347,386,
825,62,0.872390,181,152,347,388,
826,62,0.876307,191,155,348,389,
827,62,0.700299,175,141,344,358,
829,62,0.833362,182,155,346,387,
830,62,0.754650,183,144,356,390,
832,62,0.826834,187,155,348,390,
836,62,0.760300,187,156,349,389,
837,62,0.761507,182,144,353,383,
840,62,0.816249,183,153,348,389,
843,62,0.524783,193,170,350,397,
844,62,0.758092,174,156,352,390,
847,62,0.875103,179,145,343,382,
848,62,0.817726,186,148,348,388,
850,62,0.777821,187,151,347,390,
851,62,0.771215,185,151,353,390,
852,62,0.848741,184,155,348,388,
853,62,0.751329,179,154,349,388,
854,62,0.851557,189,149,351,387,
856,62,0.870399,181,151,346,386,
858,62,0.829839,176,152,348,385,
859,62,0.823167,188,154,347,389,
862,62,0.749158,179,161,347,390,
865,62,0.828583,187,156,350,391,
867,62,0.790962,177,153,351,389,
868,62,0.725784,168,141,340,360,
869,62,0.683301,182,144,356,390,
870,62,0.880338,187,154,347,390,
871,62,0.861146,179,152,350,385,
872,62,0.808026,186,154,344,386,
873,62,0.874020,187,151,344,386,
874,62,0.700389,179,145,342,365,
875,62,0.850355,182,144,345,384,
876,62,0.911432,174,137,336,370,
877,62,0.846426,184,153,345,389,
878,62,0.549932,189,156,352,400,
880,62,0.783440,175,143,342,368,
881,62,0.804702,184,147,341,383,
882,62,0.849615,185,148,345,388,
883,62,0.840943,183,146,346,386,
884,62,0.641068,184,157,346,390,
886,62,0.851202,179,146,344,384,
889,62,0.865762,185,143,346,384,
890,62,0.581639,191,149,352,401,
891,62,0.699932,179,142,347,378,
892,62,0.709453,185,146,353,399,
893,62,0.599825,188,150,354,402,
894,62,0.830644,185,148,345,386,
895,62,0.546078,194,150,357,402,
897,62,0.558698,191,147,358,403,
898,62,0.834493,187,150,345,389,
899,62,0.867082,187,147,347,387,
900,62,0.797202,187,150,349,386,
901,62,0.885247,193,150,347,386,
902,62,0.879039,181,146,344,380,
903,62,0.845937,185,148,347,388,
904,62,0.735527,181,144,353,391,
905,62,0.635643,180,143,355,381,
907,62,0.809914,192,151,346,386,
908,62,0.660209,182,156,345,388,
909,62,0.654294,185,152,355,396,
910,62,0.671379,194,149,359,402,
911,62,0.803334,189,152,348,389,
912,62,0.897640,182,150,345,382,
913,62,0.808536,181,159,350,389,
914,62,0.843333,186,151,348,387,
915,62,0.842804,185,148,345,385,
916,62,0.873999,181,146,348,388,
917,62,0.860908,177,145,348,383,
918,62,0.827843,185,152,347,389,
919,62,0.592625,187,152,356,400,
920,62,0.761124,182,150,346,385,
921,62,0.846807,186,148,349,387,
923,62,0.841158,187,154,342,387,
925,62,0.675051,189,149,356,400,
926,62,0.658363,189,145,357,401,
927,62,0.682402,190,164,347,388,
928,62,0.537106,196,178,356,393,
929,62,0.860969,182,149,347,382,
930,62,0.839371,191,150,348,386,
931,62,0.869680,184,151,347,385,
932,62,0.507289,192,150,357,400,
933,62,0.843184,178,146,349,375,
934,62,0.553367,189,149,357,399,
936,62,0.737687,187,162,346,393,
937,62,0.807273,187,150,351,387,
938,62,0.812265,181,148,350,386,
939,62,0.570942,191,166,348,392,
940,62,0.877376,185,151,347,387,
941,62,0.885452,172,141,343,370,
943,62,0.889842,184,153,345,384,
944,62,0.849344,184,149,348,386,
949,62,0.853302,187,150,348,387,
953,62,0.804554,186,152,346,386,
954,62,0.850358,186,148,344,390,
955,62,0.801999,186,150,347,388,
956,62,0.775311,188,143,354,387,
957,62,0.778846,187,142,355,390,
959,62,0.885303,186,149,345,385,
960,62,0.797951,192,148,345,390,
962,62,0.832199,179,143,344,384,
963,62,0.696226,188,149,346,387,
964,62,0.806012,180,145,341,383,
965,62,0.765090,186,150,347,387,
966,62,0.774673,187,145,348,387,
968,62,0.743745,183,145,352,391,
969,62,0.808060,186,151,345,389,
971,62,0.818748,187,149,340,385,
978,62,0.636391,181,146,352,391,
981,62,0.681795,179,151,353,388,
985,62,0.618111,179,145,357,385,
986,62,0.861846,184,151,342,387,
987,62,0.767572,180,153,347,388,
989,62,0.783020,184,156,348,387,
990,62,0.816906,180,152,345,386,
991,62,0.734656,174,143,350,376,
992,62,0.797182,172,141,340,362,
994,62,0.841940,177,148,350,387,
995,62,0.743820,181,145,359,388,
997,62,0.822442,180,150,350,388,
998,62,0.696869,180,155,348,390,
999,62,0.844533,177,150,345,384,
1000,62,0.813468,185,153,349,387,
1002,62,0.832228,186,151,350,387,
1003,62,0.596956,180,145,354,380,
1005,62,0.734375,178,147,355,387,
1007,62,0.895078,178,150,341,386,
1009,62,0.770725,175,143,344,364,
1013,62,0.774611,178,154,347,387,
1014,62,0.662400,180,158,347,391,
1015,62,0.742976,187,150,346,388,
1017,62,0.565417,183,147,355,388,
1018,62,0.782045,171,140,338,362,
1031,62,0.796133,170,140,338,364,
1033,62,0.747663,175,145,337,366,
1071,62,0.877843,176,142,345,373,
1074,62,0.861341,179,152,347,385,
1075,62,0.861488,185,150,353,385,
1076,62,0.892502,187,152,346,384,
1078,62,0.764614,186,151,352,390,
1079,62,0.874064,187,150,346,383,
1080,62,0.864644,188,154,350,384,
1081,62,0.694531,186,159,349,392,
1083,62,0.842004,182,147,346,384,
1084,62,0.794579,183,142,342,386,
1085,62,0.812150,188,150,348,387,
1087,62,0.527227,183,147,357,389,
1088,62,0.624583,181,145,361,380,
1092,62,0.826484,183,153,350,385,
1093,62,0.749259,185,149,358,387,
1094,62,0.701088,188,162,345,388,
