1,354,24,346,73,301,99,284,160,280,209,379,106,381,163,383,211,307,210,292,285,272,339,350,212,343,290,327,344
2,354,24,346,73,301,99,284,160,280,208,379,107,380,165,383,213,305,210,290,285,270,344,350,211,344,292,323,350
3,354,24,346,73,302,99,284,160,280,209,378,106,382,164,383,212,306,209,289,285,270,340,350,212,343,291,328,346
4,353,23,345,73,301,100,284,160,280,208,378,107,382,164,383,212,306,211,289,286,270,345,351,213,343,290,326,347
5,354,25,346,74,301,99,284,160,280,209,379,107,381,164,383,212,305,211,290,285,270,342,350,214,343,289,326,347
6,354,24,346,74,301,99,284,159,280,208,379,108,381,164,383,213,306,210,291,284,269,344,350,211,343,289,326,347
7,354,24,346,74,301,99,284,160,281,209,378,107,380,165,382,212,306,211,291,285,272,342,350,215,343,290,327,347
8,354,24,346,74,301,99,283,159,281,209,378,107,380,164,382,213,306,212,291,286,271,346,351,214,343,291,325,350
9,354,24,345,73,301,99,284,160,280,208,378,107,381,164,383,213,306,211,289,284,268,343,350,214,343,290,328,344
10,354,23,345,74,301,99,284,160,280,208,378,106,381,165,383,214,307,212,289,285,269,342,350,215,343,290,327,343
11,354,24,345,74,301,99,284,159,280,208,378,107,381,165,383,214,306,212,289,285,269,344,350,213,343,291,327,345
12,354,24,346,74,301,99,284,159,280,208,378,107,380,165,383,214,306,211,289,285,269,344,350,212,343,288,325,347
13,354,24,345,74,301,99,284,159,280,208,378,107,380,165,382,214,306,211,290,286,269,345,350,213,343,291,325,349
14,354,24,346,74,301,99,283,161,280,209,379,107,380,164,382,213,306,211,290,284,271,343,350,212,343,289,327,346
15,354,24,346,74,300,99,283,159,279,208,378,107,380,164,382,213,305,211,290,284,269,343,349,212,343,290,324,349
16,354,24,345,74,301,99,284,159,279,208,378,107,381,164,382,213,305,210,290,285,269,345,350,212,343,289,326,346
17,354,24,345,74,301,99,284,159,280,208,378,106,380,166,382,213,306,211,290,285,270,344,350,213,343,290,327,346
18,354,24,345,74,301,99,284,158,280,207,378,106,380,166,382,214,306,209,289,286,267,348,350,211,343,289,328,345
19,354,24,346,74,301,99,284,159,279,208,378,107,380,165,382,213,306,211,290,284,268,344,349,212,343,291,323,351
20,353,24,346,74,301,98,283,160,279,209,378,107,379,165,381,213,306,211,290,284,270,341,349,214,343,290,327,346
21,353,24,345,74,300,100,285,159,279,208,378,107,379,166,381,215,306,211,290,285,270,344,350,213,343,289,326,347
22,352,24,345,74,301,99,283,160,280,208,379,107,380,165,382,213,306,210,289,285,268,344,350,212,343,290,326,345
23,351,24,344,73,301,100,284,160,280,208,378,106,381,166,381,214,306,211,291,283,272,339,350,214,344,290,326,346
24,350,25,345,74,301,100,284,161,280,208,378,107,380,164,381,213,306,211,290,284,271,343,351,214,344,291,325,347
25,350,25,344,75,301,99,284,161,280,209,379,107,380,163,381,214,307,210,291,286,270,344,351,212,344,291,326,347
26,349,25,345,76,302,100,283,159,281,208,379,108,380,166,381,214,307,210,291,286,269,345,350,213,344,290,327,347
27,349,26,344,76,302,99,284,161,281,208,380,107,381,165,381,214,307,209,291,284,269,342,351,212,344,290,328,347
28,347,27,344,78,302,100,284,160,281,208,380,107,382,165,381,214,308,208,291,285,269,342,352,212,344,292,326,348
29,347,27,345,79,303,100,284,160,281,208,381,108,382,166,381,215,308,210,291,287,269,345,351,214,344,292,324,349
30,347,28,346,80,303,100,285,160,282,206,382,107,383,166,380,215,308,208,293,286,272,342,350,212,344,292,325,349
31,347,30,345,81,303,100,284,158,281,205,383,108,384,166,379,214,310,206,293,285,272,342,351,210,345,292,327,346
32,348,30,346,81,304,100,285,159,282,204,385,108,386,166,378,213,309,206,292,287,271,344,351,210,345,291,323,354
33,350,31,347,81,305,99,285,157,282,202,385,109,389,166,376,213,309,208,294,288,274,342,349,211,345,290,327,348
34,349,32,347,82,304,100,284,157,283,202,387,109,390,167,375,212,309,206,294,288,271,341,348,211,345,295,325,354
35,351,33,348,83,305,100,283,156,283,201,387,109,392,168,371,213,309,207,295,288,273,345,349,212,345,296,324,355
36,352,34,349,84,305,100,282,154,282,199,388,111,392,170,369,213,310,203,295,285,278,342,351,209,345,293,326,348
37,352,36,349,86,305,100,282,152,283,197,388,112,392,171,365,214,308,203,295,285,272,343,350,209,346,292,325,350
38,353,38,349,88,306,100,282,151,282,195,388,113,392,173,361,214,306,205,294,286,272,340,348,210,346,291,327,346
39,353,41,349,90,306,100,282,150,281,193,388,115,390,176,354,215,305,208,295,284,273,335,351,214,346,290,329,341
40,354,41,348,91,306,100,282,150,281,189,387,115,386,177,349,216,306,205,294,287,271,343,351,212,347,291,328,347
41,353,43,349,92,306,100,282,148,278,187,388,119,381,182,343,216,307,203,293,286,271,342,352,210,347,291,330,343
42,354,44,347,94,306,100,281,147,277,183,385,119,373,188,337,217,308,203,292,285,271,341,353,208,347,291,327,344
43,352,48,347,97,306,99,280,147,275,180,386,122,370,188,331,217,307,203,291,284,270,342,352,208,346,289,328,344
44,350,50,346,99,305,99,280,144,275,177,384,123,365,188,323,218,306,203,290,284,271,342,351,210,346,289,326,345
45,349,51,344,100,304,98,279,142,273,172,382,124,361,187,316,217,306,202,286,283,268,344,350,212,345,291,325,351
46,348,52,342,101,302,98,278,140,270,171,380,126,356,188,311,216,305,202,289,284,270,343,350,212,345,290,324,346
47,345,54,340,103,301,98,275,140,268,167,377,127,353,188,305,214,301,205,289,284,267,342,349,214,345,293,321,347
48,343,55,337,104,299,97,273,138,266,165,375,128,350,187,300,214,299,208,284,282,265,341,347,213,343,293,324,346
49,339,57,335,106,297,98,271,138,264,163,372,129,346,188,296,214,295,206,283,283,262,344,346,213,342,293,320,355
50,336,58,331,107,296,97,269,137,261,162,369,130,341,188,292,214,293,208,281,281,265,342,341,214,341,294,319,353
51,333,59,329,108,292,98,267,137,259,162,365,131,337,189,288,216,290,207,277,284,262,348,339,212,341,292,320,356
52,330,59,326,109,290,98,264,137,255,162,363,130,335,188,286,217,288,210,278,285,265,347,336,214,340,290,325,348
53,325,61,323,111,288,98,262,136,251,162,360,131,333,187,284,219,287,207,280,285,265,348,335,212,339,291,323,349
54,323,60,321,110,287,98,259,137,249,162,356,131,332,187,282,220,287,207,280,284,266,346,332,211,338,288,327,346
55,318,63,319,112,285,98,257,136,245,164,354,133,330,189,281,222,285,205,280,280,268,344,333,211,335,280,326,343
56,315,63,316,112,282,99,255,137,242,164,353,133,328,189,280,223,284,208,277,283,269,347,330,213,332,275,334,334
57,311,65,316,114,281,99,253,138,241,165,350,133,329,187,279,223,284,208,281,281,272,344,330,211,331,277,334,338
58,310,66,314,115,279,99,252,137,239,166,349,133,326,189,278,225,283,209,281,283,274,350,329,211,330,280,335,347
59,309,68,312,118,277,99,252,137,238,166,348,134,326,189,279,224,284,206,280,283,275,349,331,209,328,281,335,348
60,307,69,311,118,276,99,251,137,237,167,347,135,324,192,277,226,284,208,282,286,279,355,330,211,328,289,332,354
61,304,69,311,118,275,99,251,137,237,167,347,135,325,192,277,225,285,208,277,283,270,350,329,211,328,290,331,351
62,302,71,312,119,276,99,251,137,237,167,347,135,323,193,275,226,284,210,277,283,268,348,327,212,329,293,328,352
63,304,71,311,119,275,100,251,137,237,166,347,135,323,194,275,228,283,208,278,287,273,354,327,212,328,293,329,358
64,303,71,311,119,275,100,251,136,237,166,347,135,324,194,275,228,284,209,278,287,275,351,328,212,327,293,328,354
65,299,72,313,119,276,99,251,138,237,166,347,136,322,195,275,228,284,209,279,289,273,356,327,214,328,296,328,366
66,300,73,313,120,277,99,252,137,237,166,347,135,322,196,273,229,285,208,279,287,272,352,328,214,328,294,328,357
67,301,72,313,120,277,98,252,138,237,166,348,137,323,195,274,229,283,213,281,290,278,357,327,216,329,295,330,366
68,302,70,313,118,278,99,253,138,237,166,348,137,323,195,273,229,284,213,281,289,272,353,327,217,330,297,330,359
69,303,70,312,119,278,99,254,136,238,167,349,136,322,195,273,229,283,214,282,291,273,356,326,218,329,298,328,368
70,301,73,314,120,280,97,253,136,238,167,348,135,323,194,273,230,284,208,280,288,273,350,328,214,329,294,329,353
71,304,71,314,119,279,98,253,137,237,168,348,136,323,195,275,230,283,210,282,289,272,355,330,213,330,295,330,367
72,304,71,314,119,278,98,254,136,238,168,349,135,323,195,274,230,284,212,281,290,279,354,330,215,330,297,328,358
73,306,70,314,119,279,98,253,138,237,169,348,135,323,194,274,231,284,210,282,290,272,355,329,214,330,296,329,366
74,306,71,314,120,280,98,253,136,238,169,349,136,324,191,274,231,285,208,280,289,269,351,329,212,330,297,327,358
75,308,70,313,119,279,98,253,138,237,169,348,135,323,193,273,230,285,209,282,289,273,356,330,213,330,294,329,366
76,309,71,313,120,279,99,253,137,237,170,349,135,324,191,273,230,284,210,281,291,276,356,329,213,330,298,327,361
77,308,72,314,120,279,99,253,138,237,170,349,136,325,190,272,230,284,209,280,290,270,356,329,214,329,297,326,367
78,309,70,313,119,279,99,253,138,238,170,350,136,321,193,272,231,285,207,280,289,274,354,328,212,329,293,329,358
79,310,71,313,120,279,99,253,138,239,169,349,137,322,194,272,231,285,209,279,289,273,354,328,214,329,294,329,366
80,310,70,313,119,279,99,252,137,238,170,349,138,323,194,272,231,282,213,279,289,272,356,328,217,329,294,327,366
81,311,70,313,119,279,99,252,138,238,170,349,137,322,195,273,231,283,210,279,287,270,352,329,215,328,293,329,356
82,312,69,314,119,280,98,253,137,238,169,349,138,324,194,273,230,282,212,280,288,271,355,328,218,329,295,327,366
83,311,70,314,119,280,98,253,137,238,169,350,138,323,195,273,231,285,208,279,287,266,351,329,216,329,298,326,365
84,310,70,313,118,280,99,253,138,239,170,349,138,322,198,274,230,280,213,279,288,268,353,328,217,328,296,329,367
85,309,69,315,118,282,97,253,137,238,170,349,139,324,197,275,230,284,211,279,288,270,353,329,216,329,297,328,367
86,310,70,315,118,281,98,254,138,238,171,349,139,324,197,274,230,284,210,278,287,266,351,329,217,328,293,328,366
87,310,69,314,118,281,99,253,139,239,171,349,139,324,199,276,230,284,211,279,287,266,353,330,217,329,298,324,366
88,311,69,314,118,280,99,253,139,240,170,350,138,325,199,277,229,287,207,279,286,268,349,331,211,328,292,330,357
89,309,68,314,117,281,98,254,139,240,170,350,139,325,200,278,228,285,208,280,290,277,357,331,214,329,295,328,366
90,308,68,314,117,281,98,254,139,241,169,350,138,325,199,277,226,284,209,280,287,274,353,329,213,329,295,329,357
91,308,68,314,116,281,98,255,138,243,170,349,137,327,198,278,224,285,208,278,287,266,350,330,213,330,294,328,365
92,308,67,314,116,281,98,256,139,243,170,350,137,326,199,277,220,283,216,279,289,267,353,329,220,330,297,327,365
93,307,67,314,116,282,98,258,138,244,169,349,137,328,198,278,216,285,210,277,289,268,350,331,216,329,296,327,364
94,305,67,314,116,281,97,259,138,245,169,351,136,326,198,275,213,283,204,278,288,269,350,333,212,329,294,329,364
95,305,67,314,116,280,98,259,138,246,170,351,137,326,196,273,212,282,206,277,287,265,350,332,212,329,295,331,367
96,305,66,313,115,280,97,260,138,247,168,351,136,324,194,266,209,285,208,276,286,267,348,329,214,328,292,332,354
97,304,65,315,114,282,97,261,138,247,169,350,136,323,194,263,209,286,203,278,288,272,351,331,208,329,295,328,356
98,304,66,314,114,282,97,262,139,249,169,349,136,322,192,260,209,287,204,278,288,271,352,330,209,329,297,327,357
99,303,65,314,113,281,97,262,138,250,168,348,135,319,194,258,208,285,204,277,288,269,350,328,208,329,298,328,359
100,303,65,313,113,281,97,263,139,251,169,347,136,318,193,259,209,285,204,276,288,266,351,329,209,329,299,327,361
101,300,64,313,112,281,96,265,140,251,169,347,134,318,194,263,207,285,203,276,285,265,351,329,208,329,296,326,367
102,299,63,312,111,281,97,265,139,252,170,346,134,319,193,260,209,287,203,276,287,264,351,329,207,329,299,326,367
103,297,62,311,110,280,96,265,140,251,171,346,133,322,191,259,208,288,202,277,289,269,353,330,206,330,300,327,368
104,296,61,310,109,280,97,265,140,251,171,346,132,321,192,259,210,285,205,278,290,271,358,330,210,330,299,325,367
105,293,61,309,108,279,98,265,140,252,170,346,131,320,194,259,211,286,208,278,290,271,356,330,212,329,298,325,366
106,293,60,309,108,280,98,265,141,252,170,344,131,319,193,260,211,284,213,278,290,271,357,329,214,330,298,326,365
107,291,59,308,107,279,98,266,141,252,171,343,130,320,191,260,211,285,205,276,288,266,352,330,207,329,297,328,366
108,289,58,307,106,278,98,265,141,252,170,342,129,320,192,262,210,285,203,278,288,272,354,328,204,329,295,326,364
109,287,58,306,105,278,99,265,142,252,169,341,129,318,191,265,210,285,209,277,286,268,363,328,211,329,298,325,363
110,285,58,304,105,277,100,264,143,252,170,340,129,316,193,261,211,284,208,277,287,276,353,328,210,325,290,330,353
111,285,58,304,105,276,100,264,145,252,170,339,128,316,191,260,211,284,209,279,290,280,358,326,211,323,296,323,358
112,284,58,303,104,275,100,263,145,250,170,339,127,314,191,260,211,284,209,278,289,276,352,326,213,320,293,313,352
113,283,58,302,104,274,100,263,143,250,169,338,128,314,190,257,210,286,207,281,290,276,351,326,212,317,294,312,351
114,282,57,302,104,274,100,262,145,249,169,338,128,312,190,259,210,283,209,279,289,276,352,326,212,317,293,314,352
115,282,58,302,105,274,100,261,145,248,170,338,128,312,190,259,210,283,206,282,292,277,350,326,211,317,299,304,350
116,281,59,303,106,274,100,262,143,247,170,338,129,312,191,257,210,285,205,280,290,279,357,327,211,319,295,317,357
117,281,59,302,105,275,101,261,144,246,170,338,129,310,190,258,211,286,201,280,289,282,359,326,205,319,291,317,359
118,281,60,303,107,274,101,262,143,246,170,339,130,312,190,257,211,286,208,280,289,277,358,327,211,321,295,310,358
119,282,61,304,107,276,100,261,142,246,169,340,131,310,193,254,213,285,209,279,291,280,358,327,211,321,295,318,365
120,281,63,305,108,277,101,263,142,247,168,340,132,310,194,254,212,286,208,279,291,272,366,328,211,322,302,300,366
121,281,65,306,110,279,102,263,142,247,167,341,134,310,196,251,213,287,211,280,293,275,360,328,213,323,302,308,368
122,283,66,308,110,280,103,264,141,248,168,343,133,309,196,251,213,290,207,280,291,275,365,331,211,325,299,313,365
123,284,65,308,109,281,104,263,142,246,170,344,134,310,197,250,213,292,204,280,293,276,360,333,209,325,302,305,360
124,283,69,311,110,282,103,263,142,245,171,346,134,312,197,251,213,292,204,281,290,278,359,333,210,325,302,309,359
125,284,69,312,111,284,102,262,142,243,172,347,137,311,198,251,214,294,206,281,287,276,359,336,211,326,299,315,359
126,287,68,313,110,285,105,261,143,240,176,348,137,313,198,250,214,294,205,283,291,278,359,335,210,326,300,310,359
127,288,69,313,112,284,107,260,144,237,180,350,137,314,199,250,214,295,206,283,292,278,359,335,212,327,304,310,359
128,288,71,315,113,286,106,260,145,233,184,350,138,314,200,251,216,295,208,285,291,279,358,336,213,327,299,311,358
129,289,73,316,114,286,108,259,147,228,188,352,139,315,201,250,215,296,209,284,294,277,359,336,216,328,304,311,359
130,291,74,317,115,286,109,259,147,223,191,353,139,317,201,251,215,296,210,285,295,278,352,337,215,326,305,314,352
131,289,78,320,116,287,105,260,146,221,193,356,140,319,203,251,217,296,208,287,294,281,355,337,213,326,302,314,355
132,289,79,321,117,287,105,258,150,219,195,357,142,315,207,256,219,298,212,287,297,281,355,338,221,327,306,313,355
133,290,82,322,117,287,103,257,150,219,194,360,143,319,208,257,223,297,213,289,293,281,350,338,217,328,301,315,350
134,290,83,323,118,287,102,256,151,217,195,362,145,322,211,258,226,297,217,289,294,282,357,337,223,328,302,312,357
135,292,85,324,120,287,103,257,150,220,193,364,145,323,214,264,227,297,220,288,298,283,356,337,227,327,307,315,356
136,292,85,324,119,286,103,256,150,220,192,365,147,332,213,270,231,294,211,289,299,282,351,339,219,328,303,315,351
137,292,89,325,121,286,104,254,151,220,193,366,149,336,212,274,232,297,213,288,297,284,355,340,222,328,303,317,355
138,293,89,326,122,287,104,257,149,219,193,367,146,339,214,281,234,297,214,290,299,280,349,341,221,329,302,317,349
139,294,91,327,124,287,105,256,151,219,194,368,145,341,215,289,235,294,215,292,297,312,344,340,221,329,298,316,344
140,294,90,325,125,286,105,255,152,219,193,369,147,345,214,292,239,293,218,294,301,312,347,341,225,328,305,312,347
141,293,94,326,125,286,105,255,152,218,194,369,148,349,215,296,239,295,215,292,297,285,351,339,220,328,300,311,351
142,292,97,328,127,286,106,255,153,217,194,370,148,350,215,300,239,298,214,290,295,288,357,339,220,327,299,314,357
143,292,98,329,127,286,107,256,152,215,195,371,148,356,213,303,238,296,216,291,298,287,359,337,219,329,302,312,359
144,292,101,331,128,287,107,255,153,215,194,372,149,359,213,306,238,297,216,292,298,284,365,338,220,326,303,305,365
145,292,102,333,125,289,106,254,153,213,194,372,148,362,213,307,237,296,215,292,298,289,364,338,219,326,301,311,364
146,292,103,334,123,289,107,253,154,212,195,372,147,364,212,309,236,296,214,292,301,289,365,339,218,326,303,309,365
147,329,75,335,122,288,109,253,155,212,195,372,148,365,212,310,237,283,220,290,304,286,366,333,223,324,309,300,366
148,333,75,332,118,288,110,253,154,211,196,373,150,366,212,312,236,280,225,290,306,285,366,334,229,326,315,300,366
149,332,77,335,124,289,110,254,154,213,195,373,151,366,212,312,236,285,224,291,303,287,366,333,228,325,311,305,366
150,321,146,333,111,288,112,253,154,211,196,374,150,365,211,313,236,292,220,291,301,282,366,336,221,326,309,302,366
151,340,79,335,120,289,112,253,155,212,195,375,150,365,212,314,237,290,217,287,297,274,360,335,221,324,305,297,369
152,320,148,323,108,288,113,253,156,211,196,376,152,365,212,314,239,293,220,291,300,279,367,336,221,325,311,298,367
153,320,146,337,117,288,113,253,156,212,196,375,151,367,212,316,240,291,225,291,302,284,367,334,228,327,310,302,367
154,320,147,336,116,288,115,252,156,211,196,377,154,368,212,316,242,291,223,290,301,281,367,334,226,328,310,300,367
155,340,85,336,125,290,115,253,157,211,196,377,154,365,214,317,243,286,225,290,303,285,369,329,227,328,312,303,369
156,340,88,337,129,290,115,254,157,212,195,377,154,365,214,318,244,290,226,290,301,282,371,328,228,326,310,304,371
157,343,89,338,128,290,114,255,156,211,195,377,155,364,215,320,244,294,227,291,304,284,371,333,230,328,311,306,371
158,345,89,337,127,289,115,253,158,211,196,376,154,368,215,321,244,293,226,288,300,280,372,334,229,327,309,306,372
159,346,128,337,129,290,115,254,157,211,197,377,154,368,214,322,244,293,227,290,302,283,370,334,230,327,312,304,370
160,347,90,336,130,290,116,253,158,210,197,378,154,369,214,322,244,295,226,290,300,282,370,336,232,325,312,302,370
161,344,88,338,129,290,115,254,158,210,196,378,155,368,215,323,244,296,223,289,298,279,372,335,228,325,308,302,372
162,343,89,336,130,290,114,254,158,212,195,377,154,366,215,323,245,294,226,290,300,281,372,334,228,327,311,302,372
163,344,88,338,130,290,114,254,158,212,196,377,154,367,214,323,246,296,223,290,298,283,371,337,227,326,307,305,371
164,333,165,339,129,291,115,254,158,212,195,378,155,367,215,323,244,293,228,289,303,279,372,336,232,325,313,300,372
165,347,91,339,130,291,116,254,157,212,195,379,154,367,214,323,245,296,225,291,303,283,372,336,230,326,312,305,372
166,346,89,337,128,290,115,254,158,210,196,378,153,367,214,322,244,296,226,290,303,281,371,338,232,326,313,303,371
167,344,87,338,129,291,115,254,158,210,196,378,154,368,213,323,244,292,227,287,302,278,371,335,233,325,314,299,371
168,346,90,339,127,291,115,254,158,211,196,378,154,367,215,322,244,291,228,288,304,280,372,333,230,325,312,302,372
169,348,88,338,125,290,116,254,158,211,196,380,155,368,215,321,245,293,229,289,305,281,372,334,231,326,315,302,372
170,346,88,339,128,292,115,255,157,210,196,379,154,367,215,321,244,292,226,288,304,281,371,334,230,326,314,301,371
171,349,88,342,123,293,112,256,157,210,197,380,155,369,214,321,244,293,230,292,307,283,370,329,232,327,315,302,370
172,348,88,341,126,293,114,255,158,208,198,380,155,370,214,321,243,293,229,292,307,284,370,331,232,327,315,303,370
173,347,87,339,128,292,113,254,158,209,198,380,154,372,213,320,243,288,230,290,304,282,368,327,232,326,316,299,368
174,348,84,339,123,293,113,255,157,210,196,379,154,369,214,321,243,293,228,290,304,282,371,332,232,327,313,303,371
175,347,82,339,122,292,112,254,158,209,197,379,153,369,214,320,243,294,227,290,303,282,370,332,232,327,313,302,370
176,348,83,342,125,295,111,254,157,209,196,380,154,368,215,319,242,285,229,288,301,280,372,329,228,326,311,302,372
177,346,80,341,122,294,110,256,155,212,195,381,152,372,213,319,243,296,221,287,297,279,367,337,227,326,311,299,367
178,340,111,341,122,294,109,255,155,213,193,380,154,369,214,319,242,293,222,289,298,281,370,333,226,326,309,302,370
179,326,146,339,113,293,109,255,155,213,193,380,153,369,213,318,242,294,225,291,301,282,369,335,229,328,310,303,369
180,349,78,337,113,293,109,256,154,214,192,381,152,371,214,319,242,294,224,288,300,281,368,337,227,326,309,300,368
181,346,76,341,119,294,108,256,155,214,192,379,150,371,213,319,241,293,223,287,298,279,368,337,228,324,310,298,368
182,344,75,340,121,294,107,257,154,213,193,380,149,369,213,318,242,292,221,289,299,281,367,336,226,327,312,301,367
183,344,71,341,116,295,106,258,152,214,192,380,149,370,213,318,242,292,223,292,299,285,367,335,226,328,306,305,367
184,341,73,343,122,295,107,257,152,215,191,381,149,370,212,319,242,290,223,289,301,281,367,335,227,324,311,300,367
185,343,71,342,119,295,106,257,152,216,191,379,147,370,213,319,241,294,224,289,298,279,369,336,227,325,308,300,369
186,341,108,344,121,296,105,258,151,217,190,380,148,370,212,321,241,293,225,287,298,278,368,337,229,327,309,299,368
187,339,69,343,120,297,105,259,150,219,189,381,147,372,212,320,241,295,221,289,296,282,367,337,223,329,303,304,367
188,343,67,344,116,297,104,259,150,219,190,381,147,371,211,322,240,293,224,291,301,281,368,334,227,331,307,303,368
189,301,104,344,121,298,103,260,149,220,191,381,146,372,209,323,240,295,225,291,299,283,361,336,226,331,304,312,369
190,301,102,344,121,298,102,259,150,221,189,381,146,372,210,324,239,294,225,291,300,281,368,336,226,330,308,303,368
191,300,102,345,118,298,102,260,149,223,189,382,144,373,209,325,239,295,226,291,301,280,368,337,229,329,309,301,368
192,302,98,344,123,298,102,261,149,225,188,382,144,375,208,326,238,295,225,290,300,279,368,336,229,328,310,301,368
193,303,98,344,121,298,102,262,149,227,188,381,143,374,207,327,238,294,223,291,299,281,369,334,224,329,307,304,369
194,303,96,344,124,296,102,263,149,228,189,383,143,376,207,327,238,295,224,289,299,281,369,335,227,329,309,302,369
195,305,94,342,124,296,102,262,147,231,188,383,142,376,206,328,237,296,224,290,297,281,359,336,226,329,303,311,369
196,310,90,343,124,297,100,265,146,235,186,383,141,376,207,329,237,295,224,291,300,285,369,335,225,328,307,305,369
197,307,92,343,123,299,99,266,146,237,187,384,141,376,206,329,238,296,226,291,302,286,369,336,227,329,309,307,369
198,309,89,343,122,298,98,267,146,238,189,383,140,376,207,329,237,296,226,290,301,280,371,337,228,329,311,302,371
199,311,87,343,122,298,97,268,146,242,189,385,140,377,206,329,237,295,224,291,302,283,369,335,226,330,310,306,369
200,313,85,343,121,298,97,269,145,245,188,385,139,378,205,331,237,294,226,291,301,283,363,336,227,330,306,310,370
201,320,79,341,122,298,98,270,146,248,190,386,139,377,206,331,237,294,225,291,302,283,370,336,228,329,311,305,370
202,321,79,343,120,300,96,272,146,251,188,386,139,378,204,332,237,294,224,289,301,279,368,336,225,329,315,300,368
203,325,76,343,119,299,97,273,147,255,189,386,140,378,205,332,237,294,223,289,300,281,369,335,225,329,306,302,369
204,331,73,342,119,297,98,274,147,257,191,387,138,379,202,333,236,295,224,289,300,280,371,337,226,329,311,303,371
205,333,73,343,119,298,98,274,148,258,192,387,138,378,203,334,237,294,224,286,300,277,364,335,226,329,310,302,371
206,335,73,344,119,299,98,275,150,261,194,388,139,380,204,334,237,294,226,291,303,284,367,337,226,330,309,305,367
207,340,71,343,118,299,97,275,150,263,197,389,139,380,204,335,237,295,225,290,303,283,366,336,227,330,312,305,366
208,343,69,343,117,299,97,275,151,265,198,390,139,381,205,336,238,295,226,290,306,286,368,336,230,330,316,304,368
209,348,68,342,116,300,97,276,152,265,198,390,140,381,204,336,238,295,224,289,304,282,368,338,226,329,315,302,368
210,346,69,345,117,301,97,276,153,267,200,391,139,381,203,337,238,294,226,289,307,283,370,337,230,329,316,304,370
211,349,67,345,115,302,97,276,154,268,202,392,139,384,203,338,237,294,223,292,307,288,366,339,226,331,315,319,366
212,354,66,345,114,301,97,276,154,270,204,393,139,383,203,339,238,291,224,289,305,283,365,335,230,330,312,300,365
213,354,67,347,115,303,97,278,154,272,206,394,139,382,203,339,238,290,226,290,309,283,365,335,231,330,317,321,365
214,357,66,348,114,303,97,278,155,273,209,395,139,383,203,340,238,290,229,291,310,282,365,336,233,331,315,321,365
215,357,68,348,115,304,98,279,158,274,211,396,140,384,203,341,238,291,224,293,311,319,361,338,229,332,318,319,361
216,358,67,350,115,304,98,280,159,275,214,396,139,385,203,342,237,291,226,297,313,318,358,337,231,332,317,318,358
217,357,69,349,116,305,99,281,161,276,216,396,139,385,202,344,238,291,222,298,313,318,360,339,228,332,318,318,360
218,358,68,351,115,305,99,282,163,277,217,397,139,385,202,346,237,292,226,299,315,291,320,340,232,331,319,316,359
219,360,68,350,115,305,100,282,165,278,219,397,138,387,201,347,237,293,221,301,312,318,359,341,227,333,314,318,359
220,362,66,352,114,306,100,283,164,280,220,397,136,387,200,348,238,293,221,299,312,317,363,342,227,331,316,317,363
221,362,67,353,114,306,101,284,166,280,222,398,137,388,199,349,238,293,222,298,311,316,364,342,228,333,315,317,364
222,364,67,352,114,306,101,284,170,282,225,399,136,389,199,350,237,295,223,298,309,290,368,339,229,333,311,311,368
223,365,66,353,113,306,102,284,169,282,226,400,136,391,197,352,237,297,224,294,306,291,367,342,229,332,308,309,367
224,362,65,353,113,305,104,285,171,284,227,400,135,392,195,352,238,297,217,294,308,286,365,343,225,334,310,316,365
225,364,63,354,111,305,103,286,170,285,230,401,135,392,197,354,238,298,223,294,309,315,360,342,230,333,312,317,360
226,364,61,354,110,305,103,287,171,286,230,401,134,393,197,355,238,300,218,288,301,288,361,343,225,333,306,316,361
227,362,64,353,112,305,105,288,171,286,230,401,133,393,196,356,238,300,218,288,301,286,360,343,225,334,308,313,360
228,367,62,353,111,305,105,287,172,286,233,402,133,395,194,357,237,301,221,286,298,279,366,343,228,333,309,312,366
229,362,61,353,110,304,106,288,172,287,236,401,132,395,194,357,239,300,219,290,299,287,365,347,226,335,303,319,365
230,361,62,354,111,304,107,288,174,287,235,402,132,396,194,358,239,302,221,290,302,282,361,344,228,333,310,310,361
231,360,61,354,111,304,107,287,175,288,237,402,133,396,196,359,239,299,220,289,299,285,361,346,227,334,309,311,361
232,358,63,354,112,303,108,288,174,287,239,402,132,396,194,360,238,300,222,290,299,280,360,345,228,335,307,309,360
233,355,64,353,113,304,107,288,174,288,237,402,131,396,194,360,238,300,219,291,304,281,357,348,226,334,311,320,357
234,356,62,353,111,304,107,288,172,288,235,401,132,397,193,360,239,299,223,292,306,279,358,345,230,332,316,315,358
235,354,62,352,111,303,107,288,172,288,236,401,131,397,193,361,239,300,221,290,302,282,358,346,228,333,312,319,358
236,354,61,354,110,303,107,287,172,286,232,402,133,397,195,361,239,300,224,291,306,280,360,345,232,332,317,317,360
237,355,61,353,110,304,107,286,171,286,233,401,132,397,194,361,239,300,220,294,305,285,364,347,227,334,312,308,364
238,356,60,353,109,304,107,285,173,285,228,401,131,397,195,361,238,299,218,292,306,281,359,345,229,333,312,319,359
239,356,61,353,110,304,106,282,173,281,226,401,131,397,193,361,238,302,211,288,298,281,364,349,221,333,308,309,364
240,357,60,353,109,303,107,281,170,278,220,401,132,396,195,361,238,301,212,290,300,281,360,348,223,332,312,306,360
241,358,58,354,107,304,106,278,167,274,219,401,131,396,193,360,239,298,215,292,308,281,250,348,223,333,311,319,357
242,358,59,354,108,303,106,277,165,269,213,401,132,395,195,360,239,299,216,289,299,284,359,346,224,333,311,317,359
243,359,59,354,107,303,107,276,162,264,209,401,131,397,194,359,240,298,218,288,299,283,365,344,225,333,309,305,365
244,360,58,353,106,303,106,272,161,260,208,400,131,397,192,360,238,300,220,289,302,285,365,346,227,335,311,318,365
245,359,57,354,106,303,106,272,157,256,201,400,131,396,193,359,239,299,220,290,304,285,364,344,226,334,313,315,364
246,361,58,354,106,304,105,272,155,250,197,401,130,396,191,359,240,299,219,289,300,283,363,344,226,333,307,312,363
247,361,56,355,106,304,105,271,155,244,195,402,132,396,195,358,239,298,221,286,300,280,366,343,227,334,311,312,366
248,360,56,354,106,305,105,270,154,240,191,401,131,397,191,358,239,299,219,288,299,281,365,343,226,333,308,312,365
249,359,55,354,105,305,103,270,152,236,190,399,131,395,194,357,239,299,222,287,301,282,365,342,228,333,313,313,365
250,359,55,355,104,306,103,268,151,234,189,399,130,394,193,357,239,298,220,289,300,286,364,344,227,333,308,316,364
251,359,53,355,103,306,102,269,149,233,186,400,131,395,193,356,239,298,221,291,299,288,360,342,229,334,307,313,360
252,358,54,355,103,307,102,268,148,231,186,399,130,395,193,356,240,296,225,291,305,284,364,341,232,332,315,314,364
253,357,53,354,102,306,102,267,148,230,186,399,131,394,195,356,239,297,221,294,304,289,360,342,229,332,310,308,360
254,358,51,355,100,306,101,267,147,230,185,399,131,395,194,356,238,298,222,293,304,289,359,342,229,333,311,312,359
255,357,52,354,102,308,101,267,146,229,186,399,131,394,196,356,240,298,221,294,305,289,361,343,227,333,312,311,361
256,356,49,354,98,306,101,267,146,230,185,400,131,395,194,357,239,299,218,289,299,286,359,343,227,331,308,316,359
257,356,48,354,97,306,101,268,146,230,185,399,131,396,194,356,239,299,215,288,299,284,357,344,225,332,310,318,357
258,354,48,353,97,307,100,268,146,230,185,398,130,394,195,356,239,299,221,292,305,286,359,343,229,332,314,312,359
259,355,47,354,97,306,100,266,146,230,186,399,131,394,194,356,240,299,221,294,308,285,359,342,229,332,313,313,359
260,353,49,353,98,306,100,266,145,231,184,398,130,394,194,356,239,298,220,289,300,283,360,342,229,332,311,310,360
261,356,44,353,93,306,100,266,144,233,183,398,130,394,195,355,240,297,221,291,306,288,359,343,229,332,314,318,359
262,357,42,352,93,306,99,264,142,234,181,397,130,394,195,355,240,297,220,291,305,283,358,342,229,333,311,320,358
263,355,47,353,98,306,100,264,140,235,180,398,130,394,196,355,241,298,222,292,304,284,357,342,229,331,312,313,357
264,352,84,353,100,305,100,263,140,235,178,399,131,393,195,355,240,298,221,289,298,285,359,341,230,331,309,309,359
265,348,51,352,101,305,99,261,138,236,176,397,132,394,196,354,240,298,220,292,299,288,359,343,228,332,306,312,359
266,348,49,351,99,306,98,262,135,237,173,397,131,394,196,354,241,299,218,293,301,289,358,344,226,332,309,312,358
267,345,49,349,98,304,99,261,135,236,173,397,131,394,197,354,241,300,217,292,301,284,359,344,226,332,312,304,359
268,352,88,350,101,304,98,262,135,237,172,396,131,393,197,354,241,299,218,289,298,284,363,343,227,331,310,309,363
269,349,47,350,99,302,98,263,133,237,171,397,133,393,197,353,242,299,216,290,301,283,362,345,226,331,314,302,362
270,347,48,350,99,302,98,262,133,237,171,397,132,391,196,352,242,299,218,290,302,285,359,345,227,330,314,312,359
271,347,47,349,98,303,97,263,132,238,170,396,130,391,197,353,242,299,214,291,299,286,357,344,224,330,310,316,357
272,342,49,347,99,302,96,263,132,238,170,396,131,392,196,352,242,298,215,289,298,284,359,345,225,331,310,316,359
273,342,49,347,98,301,96,265,130,239,168,397,131,391,197,352,243,299,218,290,299,285,359,345,227,329,313,317,359
274,341,49,347,99,301,97,264,131,239,169,396,131,391,198,352,242,300,212,289,293,280,358,345,223,329,308,307,358
275,340,47,347,98,301,96,265,130,239,168,397,131,391,198,352,242,299,216,291,299,286,357,344,226,331,309,318,357
276,339,49,348,99,300,95,266,130,237,168,396,130,391,198,351,242,298,213,291,299,284,358,344,224,331,310,312,358
277,338,49,348,98,301,95,266,130,238,168,395,129,391,197,351,241,299,216,289,297,282,356,344,225,331,309,314,356
278,346,84,347,99,300,96,266,131,237,167,395,130,391,197,352,242,297,217,291,301,285,359,343,225,331,314,312,359
279,340,41,347,95,300,95,267,131,236,167,394,129,390,198,350,242,297,218,290,300,286,359,344,225,331,313,312,359
280,337,43,346,97,299,95,267,132,237,168,394,129,390,197,351,242,298,217,289,299,282,359,343,225,331,311,311,359
281,338,43,346,97,299,95,267,133,237,169,393,128,389,196,351,241,298,217,289,301,285,359,343,225,330,315,309,359
282,345,81,346,98,298,96,267,133,237,169,393,127,390,194,350,240,297,217,290,301,285,363,343,226,331,310,308,363
283,341,31,345,94,297,97,267,134,238,169,392,126,390,194,350,240,296,217,292,301,289,364,341,225,332,309,314,364
284,343,31,343,85,296,95,267,134,238,170,391,125,389,194,351,240,296,219,290,301,284,360,342,227,331,310,308,360
285,342,31,342,85,295,96,267,134,237,170,390,124,389,191,351,239,297,218,290,298,285,359,342,226,332,308,309,359
286,343,32,342,85,295,97,267,135,238,169,390,123,388,193,351,240,297,217,288,299,283,365,343,226,331,310,309,365
287,343,33,341,85,295,96,267,136,237,170,389,122,389,191,351,239,296,218,289,298,287,365,342,225,332,307,312,365
288,342,31,340,83,295,96,266,135,237,171,388,120,388,191,352,239,296,217,287,297,284,360,342,225,332,309,316,360
289,341,29,339,81,295,95,266,136,237,171,388,120,389,190,352,239,296,214,287,297,280,360,343,223,332,310,309,360
290,340,29,339,81,294,97,266,136,238,171,386,119,388,188,352,239,297,217,285,298,280,365,343,224,330,313,306,365
291,338,28,338,80,293,96,268,137,238,171,386,118,387,188,352,238,296,219,285,298,282,366,341,225,332,312,306,366
292,337,29,337,80,293,96,267,136,239,171,385,117,387,189,352,238,294,220,285,300,284,367,339,223,333,309,312,367
293,337,26,337,78,293,95,267,137,238,171,385,117,387,189,352,239,294,218,288,301,283,368,340,222,332,309,306,368
294,336,25,336,78,293,94,268,137,239,171,384,116,386,187,352,238,296,216,287,300,283,368,341,223,331,310,305,368
295,334,25,335,77,293,94,267,138,239,172,383,117,385,188,352,239,296,214,284,296,277,361,341,219,331,310,300,369
296,332,27,335,77,292,94,267,138,239,172,383,116,384,187,353,239,294,218,287,302,282,368,339,222,331,313,304,368
297,332,26,333,76,291,95,269,138,240,172,381,115,383,188,352,239,293,220,288,304,285,366,340,224,332,313,313,366
298,333,22,333,74,292,94,268,138,240,172,380,115,383,186,353,238,293,214,286,299,283,368,338,220,332,312,304,368
299,332,22,332,75,291,95,268,138,240,173,380,115,382,187,353,238,292,214,286,300,281,368,339,218,333,311,303,368
300,331,20,332,73,290,95,268,140,240,173,379,114,382,186,354,238,293,214,286,302,283,367,337,220,332,314,304,367
301,329,21,330,73,290,94,268,140,241,173,378,114,382,185,354,238,292,210,286,300,283,367,338,216,332,313,311,367
302,328,22,330,73,290,95,269,140,242,173,377,112,381,184,355,238,292,213,284,298,281,359,338,218,331,313,305,369
303,329,20,330,72,290,96,269,141,242,173,376,112,382,183,355,238,292,211,286,299,280,372,337,218,332,312,315,372
304,328,20,330,72,289,96,269,142,242,174,375,111,380,182,357,237,291,218,285,301,281,372,334,225,332,314,312,372
305,326,20,329,72,289,96,269,142,242,174,375,110,381,181,358,236,291,212,286,300,282,373,337,219,333,311,310,373
306,324,22,328,73,288,96,269,142,242,173,374,110,381,180,359,238,290,211,287,300,285,368,334,219,333,310,309,368
307,324,20,328,72,288,97,268,143,243,174,373,109,381,177,361,237,291,212,284,301,284,365,334,219,331,311,317,365
308,324,20,326,71,287,97,269,142,243,174,372,109,379,177,363,236,288,213,286,303,282,366,333,220,332,314,312,366
309,324,19,326,70,287,96,268,143,243,174,372,108,378,176,364,236,289,210,283,297,282,367,334,214,332,306,316,367
310,323,19,326,71,286,96,268,144,244,175,371,108,378,175,365,237,288,210,282,298,280,355,334,216,332,309,312,370
311,323,20,325,72,285,98,268,144,244,174,371,108,377,177,365,236,289,213,284,297,282,366,333,218,332,307,317,366
312,322,20,324,71,285,97,268,145,244,175,371,108,377,175,366,235,287,210,280,293,281,364,333,217,331,309,315,364
313,321,22,323,72,285,97,267,144,242,175,370,108,378,177,367,238,287,208,283,296,281,361,333,213,331,305,317,361
314,320,19,324,71,285,98,267,145,243,176,369,108,378,174,366,236,286,210,285,294,284,365,332,213,331,301,320,365
315,319,20,323,71,284,98,267,144,244,176,370,108,377,176,366,235,286,212,285,294,283,365,331,217,331,301,319,365
316,319,20,323,71,283,98,266,146,243,176,369,107,376,175,366,236,286,213,285,299,284,366,331,217,331,305,312,366
317,319,20,322,72,283,98,266,145,243,176,368,107,376,174,366,235,287,211,286,299,282,366,332,214,330,308,310,366
318,320,19,322,70,283,98,265,145,243,176,368,107,376,175,365,235,285,210,287,292,285,365,331,213,330,300,319,365
319,318,20,322,71,283,98,266,146,243,175,368,108,375,174,363,235,285,212,284,294,283,367,332,214,330,301,321,367
320,318,21,322,71,282,99,266,144,244,175,367,107,375,174,363,234,285,209,282,294,280,356,330,213,330,304,314,369
321,317,20,322,71,284,98,265,145,243,175,366,107,375,175,362,235,283,216,285,301,284,367,330,220,331,308,312,367
322,318,20,321,71,282,98,265,144,244,175,366,107,374,174,361,235,284,208,285,287,279,353,331,210,330,296,323,368
323,317,21,321,71,282,99,265,145,243,175,366,106,374,173,361,232,285,208,282,290,277,354,331,212,330,301,318,369
324,317,21,321,71,283,99,265,143,244,175,366,107,374,173,359,234,282,213,283,296,278,358,330,216,331,302,321,368
325,317,21,320,71,283,99,265,144,244,175,366,107,373,175,358,234,282,211,284,296,275,359,331,214,330,305,314,368
326,317,20,320,72,282,99,265,145,243,176,365,107,372,174,358,234,281,214,282,297,278,366,329,218,331,304,317,366
327,317,20,320,71,282,99,265,145,245,176,364,106,373,174,357,234,283,211,281,292,275,357,330,216,330,302,316,366
328,316,19,320,70,281,98,265,145,244,176,366,106,373,175,357,233,283,210,281,297,279,365,330,214,329,306,311,365
329,316,20,320,71,282,99,265,145,244,176,364,106,373,173,357,234,284,210,282,296,279,366,330,215,329,306,309,366
330,316,20,320,71,282,99,265,145,244,176,364,106,373,173,357,234,285,211,281,296,278,366,329,216,329,305,314,366
331,316,20,320,71,282,99,264,145,244,176,365,107,373,173,358,233,284,213,283,304,279,366,329,219,330,312,317,366
332,315,21,320,71,282,99,265,146,244,176,364,106,373,173,358,233,283,212,283,301,283,367,329,217,329,307,310,367
333,315,21,320,71,282,99,265,145,244,176,364,106,373,174,358,233,283,212,281,298,280,367,329,218,329,306,310,367
334,317,19,319,71,281,98,265,145,245,176,365,106,372,174,359,234,282,211,281,289,277,357,329,215,330,299,322,373
335,316,20,320,71,281,99,265,145,245,176,364,106,372,172,359,233,284,212,282,297,280,366,330,216,330,304,312,366
336,315,21,319,71,281,100,265,144,244,175,365,107,373,174,358,233,285,209,281,289,276,353,330,213,330,299,322,369
337,315,21,320,71,281,100,264,146,244,176,364,107,372,174,359,234,284,211,283,295,279,367,329,215,330,305,310,367
338,315,21,319,72,281,99,265,146,244,176,364,106,373,173,359,233,284,209,279,285,278,351,330,215,329,301,314,366
339,315,21,319,72,281,99,265,146,244,176,363,106,372,172,359,233,284,209,280,292,279,366,330,215,329,301,312,366
340,315,21,319,71,281,100,265,145,244,175,365,106,372,174,358,233,284,212,283,286,280,349,330,217,330,297,323,357
341,315,21,319,71,282,99,265,146,244,176,364,106,373,174,358,233,284,210,281,296,277,360,331,215,330,307,313,368
342,314,21,319,71,282,99,265,145,244,175,364,105,372,174,358,233,284,209,279,288,279,353,330,214,329,304,312,369
343,315,21,319,71,281,99,265,146,244,176,363,106,372,173,358,233,284,208,282,290,282,367,330,213,330,299,318,367
344,315,20,320,71,281,99,264,146,244,176,364,106,371,173,358,232,285,209,283,295,279,366,330,214,329,305,312,366
345,315,22,319,72,282,100,265,146,244,175,364,106,372,174,358,233,284,210,281,295,274,360,329,214,329,310,302,368
346,315,21,319,72,281,99,265,146,244,176,363,106,372,173,358,233,284,210,282,294,278,366,330,215,329,303,314,366
