1,2,0,0,0,0,0.0000,0.0000,0.0000,0.0000,0.0000,0.0000,
2,2,0,0,0,0,0.0000,0.0000,0.0000,0.0000,0.0000,0.0000,
3,2,0,0,0,0,0.0000,0.0000,0.0000,0.0000,0.0000,0.0000,
4,2,0,0,0,0,0.0000,0.0000,0.0000,0.0000,0.0000,0.0000,
5,2,0,0,0,0,0.0000,0.0000,0.0000,0.0000,0.0000,0.0000,
6,2,0,0,0,0,0.0000,0.0000,0.0000,0.0000,0.0000,0.0000,
7,2,0,0,0,0,0.0000,0.0000,0.0000,0.0000,0.0000,0.0000,
8,2,0,0,0,0,0.0000,0.0000,0.0000,0.0000,0.0000,0.0000,
9,2,0,0,0,0,0.0000,0.0000,0.0000,0.0000,0.0000,0.0000,
10,2,0,0,0,0,0.0000,0.0000,0.0000,0.0000,0.0000,0.0000,
11,2,0,0,0,0,0.0000,0.0000,0.0000,0.0000,0.0000,0.0000,
12,2,0,0,0,0,0.0000,0.0000,0.0000,0.0000,0.0000,0.0000,
13,2,0,0,0,0,0.0000,0.0000,0.0000,0.0000,0.0000,0.0000,
14,2,0,0,0,0,0.0000,0.0000,0.0000,0.0000,0.0000,0.0000,
15,2,0,0,0,0,0.0000,0.0000,0.0000,0.0000,0.0000,0.0000,
16,2,0,0,0,0,0.0000,0.0000,0.0000,0.0000,0.0000,0.0000,
17,2,0,0,0,0,0.0000,0.0000,0.0000,0.0000,0.0000,0.0000,
18,2,0,0,0,0,0.0000,0.0000,0.0000,0.0000,0.0000,0.0000,
19,2,0,0,0,0,0.0000,0.0000,0.0000,0.0000,0.0000,0.0000,
20,2,0,0,0,0,0.0000,0.0000,0.0000,0.0000,0.0000,0.0000,
21,2,0,0,0,0,0.0000,0.0000,0.0000,0.0000,0.0000,0.0000,
22,2,0,0,0,0,0.0000,0.0000,0.0000,0.0000,0.0000,0.0000,
23,2,0,0,0,0,0.0000,0.0000,0.0000,0.0000,0.0000,0.0000,
24,2,0,0,0,0,0.0000,0.0000,0.0000,0.0000,0.0000,0.0000,
25,2,0,0,0,0,0.0000,0.0000,0.0000,0.0000,0.0000,0.0000,
26,2,0,0,0,0,0.0000,0.0000,0.0000,0.0000,0.0000,0.0000,
27,2,0,0,0,0,0.0000,0.0000,0.0000,0.0000,0.0000,0.0000,
28,2,0,0,0,0,0.0000,0.0000,0.0000,0.0000,0.0000,0.0000,
29,2,0,0,0,0,0.0000,0.0000,0.0000,0.0000,0.0000,0.0000,
30,2,0,0,0,0,0.0000,0.0000,0.0000,0.0000,0.0000,0.0000,
31,2,0,0,0,0,0.0000,0.0000,0.0000,0.0000,0.0000,0.0000,
32,2,0,0,0,0,0.0000,0.0000,0.0000,0.0000,0.0000,0.0000,
33,2,0,0,0,0,0.0000,0.0000,0.0000,0.0000,0.0000,0.0000,
34,2,0,0,0,0,0.0000,0.0000,0.0000,0.0000,0.0000,0.0000,
35,2,0,0,0,0,0.0000,0.0000,0.0000,0.0000,0.0000,0.0000,
36,2,0,0,0,0,0.0000,0.0000,0.0000,0.0000,0.0000,0.0000,
37,2,0,0,0,0,0.0000,0.0000,0.0000,0.0000,0.0000,0.0000,
38,2,0,0,0,0,0.0000,0.0000,0.0000,0.0000,0.0000,0.0000,
39,2,0,0,0,0,0.0000,0.0000,0.0000,0.0000,0.0000,0.0000,
40,2,0,0,0,0,0.0000,0.0000,0.0000,0.0000,0.0000,0.0000,
41,2,0,0,0,0,0.0000,0.0000,0.0000,0.0000,0.0000,0.0000,
42,2,0,0,0,0,0.0000,0.0000,0.0000,0.0000,0.0000,0.0000,
43,2,0,0,0,0,0.0000,0.0000,0.0000,0.0000,0.0000,0.0000,
44,2,0,0,0,0,0.0000,0.0000,0.0000,0.0000,0.0000,0.0000,
45,2,0,0,0,0,0.0000,0.0000,0.0000,0.0000,0.0000,0.0000,
46,2,0,0,0,0,0.0000,0.0000,0.0000,0.0000,0.0000,0.0000,
47,2,0,0,0,0,0.0000,0.0000,0.0000,0.0000,0.0000,0.0000,
48,2,0,0,0,0,0.0000,0.0000,0.0000,0.0000,0.0000,0.0000,
49,2,0,0,0,0,0.0000,0.0000,0.0000,0.0000,0.0000,0.0000,
50,2,0,0,0,0,0.0000,0.0000,0.0000,0.0000,0.0000,0.0000,
51,2,0,0,0,0,0.0000,0.0000,0.0000,0.0000,0.0000,0.0000,
52,2,0,0,0,0,0.0000,0.0000,0.0000,0.0000,0.0000,0.0000,
53,2,0,0,0,0,0.0000,0.0000,0.0000,0.0000,0.0000,0.0000,
54,2,0,0,0,0,0.0000,0.0000,0.0000,0.0000,0.0000,0.0000,
55,2,0,0,0,0,0.0000,0.0000,0.0000,0.0000,0.0000,0.0000,
56,2,0,0,0,0,0.0000,0.0000,0.0000,0.0000,0.0000,0.0000,
57,2,0,0,0,0,0.0000,0.0000,0.0000,0.0000,0.0000,0.0000,
58,2,0,0,0,0,0.0000,0.0000,0.0000,0.0000,0.0000,0.0000,
59,2,0,0,0,0,0.0000,0.0000,0.0000,0.0000,0.0000,0.0000,
60,2,0,0,0,0,0.0000,0.0000,0.0000,0.0000,0.0000,0.0000,
61,2,0,0,0,0,0.0000,0.0000,0.0000,0.0000,0.0000,0.0000,
62,2,0,0,0,0,0.0000,0.0000,0.0000,0.0000,0.0000,0.0000,
63,2,0,0,0,0,0.0000,0.0000,0.0000,0.0000,0.0000,0.0000,
64,2,0,0,0,0,0.0000,0.0000,0.0000,0.0000,0.0000,0.0000,
65,2,0,0,0,0,0.0000,0.0000,0.0000,0.0000,0.0000,0.0000,
66,2,0,0,0,0,0.0000,0.0000,0.0000,0.0000,0.0000,0.0000,
67,2,0,0,0,0,0.0000,0.0000,0.0000,0.0000,0.0000,0.0000,
68,2,0,0,0,0,0.0000,0.0000,0.0000,0.0000,0.0000,0.0000,
69,2,0,0,0,0,0.0000,0.0000,0.0000,0.0000,0.0000,0.0000,
70,2,0,0,0,0,0.0000,0.0000,0.0000,0.0000,0.0000,0.0000,
71,2,0,0,0,0,0.0000,0.0000,0.0000,0.0000,0.0000,0.0000,
72,2,0,0,0,0,0.0000,0.0000,0.0000,0.0000,0.0000,0.0000,
73,2,0,0,0,0,0.0000,0.0000,0.0000,0.0000,0.0000,0.0000,
74,2,0,0,0,0,0.0000,0.0000,0.0000,0.0000,0.0000,0.0000,
75,2,0,0,0,0,0.0000,0.0000,0.0000,0.0000,0.0000,0.0000,
76,2,0,0,0,0,0.0000,0.0000,0.0000,0.0000,0.0000,0.0000,
77,2,0,0,0,0,0.0000,0.0000,0.0000,0.0000,0.0000,0.0000,
78,2,0,0,0,0,0.0000,0.0000,0.0000,0.0000,0.0000,0.0000,
79,2,0,0,0,0,0.0000,0.0000,0.0000,0.0000,0.0000,0.0000,
80,2,0,0,0,0,0.0000,0.0000,0.0000,0.0000,0.0000,0.0000,
81,2,0,0,0,0,0.0000,0.0000,0.0000,0.0000,0.0000,0.0000,
82,2,0,0,0,0,0.0000,0.0000,0.0000,0.0000,0.0000,0.0000,
83,2,0,0,0,0,0.0000,0.0000,0.0000,0.0000,0.0000,0.0000,
84,2,0,0,0,0,0.0000,0.0000,0.0000,0.0000,0.0000,0.0000,
85,2,0,0,0,0,0.0000,0.0000,0.0000,0.0000,0.0000,0.0000,
86,2,0,0,0,0,0.0000,0.0000,0.0000,0.0000,0.0000,0.0000,
87,2,0,0,0,0,0.0000,0.0000,0.0000,0.0000,0.0000,0.0000,
88,2,0,0,0,0,0.0000,0.0000,0.0000,0.0000,0.0000,0.0000,
89,2,0,0,0,0,0.0000,0.0000,0.0000,0.0000,0.0000,0.0000,
90,2,0,0,0,0,0.0000,0.0000,0.0000,0.0000,0.0000,0.0000,
91,2,0,0,0,0,0.0000,0.0000,0.0000,0.0000,0.0000,0.0000,
92,2,0,0,0,0,0.0000,0.0000,0.0000,0.0000,0.0000,0.0000,
93,2,0,0,0,0,0.0000,0.0000,0.0000,0.0000,0.0000,0.0000,
94,2,0,0,0,0,0.0000,0.0000,0.0000,0.0000,0.0000,0.0000,
95,2,0,0,0,0,0.0000,0.0000,0.0000,0.0000,0.0000,0.0000,
96,2,0,0,0,0,0.0000,0.0000,0.0000,0.0000,0.0000,0.0000,
97,2,0,0,0,0,0.0000,0.0000,0.0000,0.0000,0.0000,0.0000,
98,2,0,0,0,0,0.0000,0.0000,0.0000,0.0000,0.0000,0.0000,
99,2,0,0,0,0,0.0000,0.0000,0.0000,0.0000,0.0000,0.0000,
100,2,0,0,0,0,0.0000,0.0000,0.0000,0.0000,0.0000,0.0000,
101,2,0,0,0,0,0.0000,0.0000,0.0000,0.0000,0.0000,0.0000,
102,2,0,0,0,0,0.0000,0.0000,0.0000,0.0000,0.0000,0.0000,
103,2,0,0,0,0,0.0000,0.0000,0.0000,0.0000,0.0000,0.0000,
104,2,0,0,0,0,0.0000,0.0000,0.0000,0.0000,0.0000,0.0000,
105,2,0,0,0,0,0.0000,0.0000,0.0000,0.0000,0.0000,0.0000,
106,2,0,0,0,0,0.0000,0.0000,0.0000,0.0000,0.0000,0.0000,
107,2,0,0,0,0,0.0000,0.0000,0.0000,0.0000,0.0000,0.0000,
108,2,0,0,0,0,0.0000,0.0000,0.0000,0.0000,0.0000,0.0000,
109,2,0,0,0,0,0.0000,0.0000,0.0000,0.0000,0.0000,0.0000,
110,2,0,0,0,0,0.0000,0.0000,0.0000,0.0000,0.0000,0.0000,
111,2,0,0,0,0,0.0000,0.0000,0.0000,0.0000,0.0000,0.0000,
112,2,0,0,0,0,0.0000,0.0000,0.0000,0.0000,0.0000,0.0000,
113,2,0,0,0,0,0.0000,0.0000,0.0000,0.0000,0.0000,0.0000,
114,2,0,0,0,0,0.0000,0.0000,0.0000,0.0000,0.0000,0.0000,
115,2,0,0,0,0,0.0000,0.0000,0.0000,0.0000,0.0000,0.0000,
116,2,0,0,0,0,0.0000,0.0000,0.0000,0.0000,0.0000,0.0000,
117,2,0,0,0,0,0.0000,0.0000,0.0000,0.0000,0.0000,0.0000,
118,2,0,0,0,0,0.0000,0.0000,0.0000,0.0000,0.0000,0.0000,
119,2,0,0,0,0,0.0000,0.0000,0.0000,0.0000,0.0000,0.0000,
120,2,0,0,0,0,0.0000,0.0000,0.0000,0.0000,0.0000,0.0000,
121,2,0,0,0,0,0.0000,0.0000,0.0000,0.0000,0.0000,0.0000,
122,2,0,0,0,0,0.0000,0.0000,0.0000,0.0000,0.0000,0.0000,
123,2,0,0,0,0,0.0000,0.0000,0.0000,0.0000,0.0000,0.0000,
124,2,0,0,0,0,0.0000,0.0000,0.0000,0.0000,0.0000,0.0000,
125,2,0,0,0,0,0.0000,0.0000,0.0000,0.0000,0.0000,0.0000,
126,2,0,0,0,0,0.0000,0.0000,0.0000,0.0000,0.0000,0.0000,
127,2,0,0,0,0,0.0000,0.0000,0.0000,0.0000,0.0000,0.0000,
128,2,0,0,0,0,0.0000,0.0000,0.0000,0.0000,0.0000,0.0000,
129,2,0,0,0,0,0.0000,0.0000,0.0000,0.0000,0.0000,0.0000,
130,2,0,0,0,0,0.0000,0.0000,0.0000,0.0000,0.0000,0.0000,
131,2,0,0,0,0,0.0000,0.0000,0.0000,0.0000,0.0000,0.0000,
132,2,0,0,0,0,0.0000,0.0000,0.0000,0.0000,0.0000,0.0000,
133,2,0,0,0,0,0.0000,0.0000,0.0000,0.0000,0.0000,0.0000,
134,2,0,0,0,0,0.0000,0.0000,0.0000,0.0000,0.0000,0.0000,
135,2,0,0,0,0,0.0000,0.0000,0.0000,0.0000,0.0000,0.0000,
136,2,0,0,0,0,0.0000,0.0000,0.0000,0.0000,0.0000,0.0000,
137,2,0,0,0,0,0.0000,0.0000,0.0000,0.0000,0.0000,0.0000,
138,2,0,0,0,0,0.0000,0.0000,0.0000,0.0000,0.0000,0.0000,
139,2,0,0,0,0,0.0000,0.0000,0.0000,0.0000,0.0000,0.0000,
140,2,0,0,0,0,0.0000,0.0000,0.0000,0.0000,0.0000,0.0000,
141,2,0,0,0,0,0.0000,0.0000,0.0000,0.0000,0.0000,0.0000,
142,2,0,0,0,0,0.0000,0.0000,0.0000,0.0000,0.0000,0.0000,
143,2,0,0,0,0,0.0000,0.0000,0.0000,0.0000,0.0000,0.0000,
144,2,0,0,0,0,0.0000,0.0000,0.0000,0.0000,0.0000,0.0000,
145,2,0,0,0,0,0.0000,0.0000,0.0000,0.0000,0.0000,0.0000,
146,2,0,0,0,0,0.0000,0.0000,0.0000,0.0000,0.0000,0.0000,
147,2,0,0,0,0,0.0000,0.0000,0.0000,0.0000,0.0000,0.0000,
148,2,0,0,0,0,0.0000,0.0000,0.0000,0.0000,0.0000,0.0000,
149,2,0,0,0,0,0.0000,0.0000,0.0000,0.0000,0.0000,0.0000,
150,2,0,0,0,0,0.0000,0.0000,0.0000,0.0000,0.0000,0.0000,
151,2,408,259,439,288,0.0000,0.0000,0.0000,0.0000,0.0000,0.0000,
152,2,408,259,439,288,0.0000,0.0000,0.0000,0.0000,0.0000,0.0000,
153,2,408,259,439,288,0.0000,0.0000,0.0000,0.0000,0.0000,0.0000,
154,2,408,259,439,288,0.0000,0.0000,0.0000,0.0000,0.0000,0.0000,
155,2,408,259,439,288,0.0000,0.0000,0.0000,0.0000,0.0000,0.0000,
156,2,408,259,439,288,0.0000,0.0000,0.0000,0.0000,0.0000,0.0000,
157,2,408,259,439,288,0.0000,0.0000,0.0000,0.0000,0.0000,0.0000,
158,2,408,259,439,288,0.0000,0.0000,0.0000,0.0000,0.0000,0.0000,
159,2,408,259,439,288,0.0000,0.0000,0.0000,0.0000,0.0000,0.0000,
160,2,408,259,439,288,0.0000,0.0000,0.0000,0.0000,0.0000,0.0000,
161,2,408,259,439,288,0.0000,0.0000,0.0000,0.0000,0.0000,0.0000,
162,2,408,259,439,288,0.0000,0.0000,0.0000,0.0000,0.0000,0.0000,
163,2,408,259,439,288,0.0000,0.0000,0.0000,0.0000,0.0000,0.0000,
164,2,408,259,439,288,0.0000,0.0000,0.0000,0.0000,0.0000,0.0000,
165,2,408,259,439,288,0.0000,0.0000,0.0000,0.0000,0.0000,0.0000,
166,2,408,259,439,288,0.0000,0.0000,0.0000,0.0000,0.0000,0.0000,
167,2,408,259,439,288,0.0000,0.0000,0.0000,0.0000,0.0000,0.0000,
168,2,408,259,439,288,0.0000,0.0000,0.0000,0.0000,0.0000,0.0000,
169,2,408,259,439,288,0.0000,0.0000,0.0000,0.0000,0.0000,0.0000,
170,2,408,259,439,288,0.0000,0.0000,0.0000,0.0000,0.0000,0.0000,
171,2,408,259,439,288,0.0000,0.0000,0.0000,0.0000,0.0000,0.0000,
172,2,408,259,439,288,0.0000,0.0000,0.0000,0.0000,0.0000,0.0000,
173,2,408,259,439,288,0.0000,0.0000,0.0000,0.0000,0.0000,0.0000,
174,2,408,259,439,288,0.0000,0.0000,0.0000,0.0000,0.0000,0.0000,
175,2,408,259,439,288,0.0000,0.0000,0.0000,0.0000,0.0000,0.0000,
176,2,408,259,439,288,0.0000,0.0000,0.0000,0.0000,0.0000,0.0000,
177,2,408,259,439,288,0.0000,0.0000,0.0000,0.0000,0.0000,0.0000,
178,2,408,259,439,288,0.0000,0.0000,0.0000,0.0000,0.0000,0.0000,
179,2,408,259,439,288,0.0000,0.0000,0.0000,0.0000,0.0000,0.0000,
180,2,408,259,439,288,0.0000,0.0000,0.0000,0.0000,0.0000,0.0000,
181,2,408,259,439,288,0.0000,0.0000,0.0000,0.0000,0.0000,0.0000,
182,2,408,259,439,288,0.0000,0.0000,0.0000,0.0000,0.0000,0.0000,
183,2,408,259,439,288,0.0000,0.0000,0.0000,0.0000,0.0000,0.0000,
184,2,408,259,439,288,0.0000,0.0000,0.0000,0.0000,0.0000,0.0000,
185,2,408,259,439,288,0.0000,0.0000,0.0000,0.0000,0.0000,0.0000,
186,2,408,259,439,288,0.0000,0.0000,0.0000,0.0000,0.0000,0.0000,
187,2,408,259,439,288,0.0000,0.0000,0.0000,0.0000,0.0000,0.0000,
188,2,408,259,439,288,0.0000,0.0000,0.0000,0.0000,0.0000,0.0000,
189,2,408,259,439,288,0.0000,0.0000,0.0000,0.0000,0.0000,0.0000,
190,2,408,259,439,288,0.0000,0.0000,0.0000,0.0000,0.0000,0.0000,
191,2,408,259,439,288,0.0000,0.0000,0.0000,0.0000,0.0000,0.0000,
192,2,408,259,439,288,0.0000,0.0000,0.0000,0.0000,0.0000,0.0000,
193,2,408,259,439,288,0.0000,0.0000,0.0000,0.0000,0.0000,0.0000,
194,2,408,259,439,288,0.0000,0.0000,0.0000,0.0000,0.0000,0.0000,
195,2,408,259,439,288,0.0000,0.0000,0.0000,0.0000,0.0000,0.0000,
196,2,408,259,439,288,0.0000,0.0000,0.0000,0.0000,0.0000,0.0000,
197,2,408,259,439,288,0.0000,0.0000,0.0000,0.0000,0.0000,0.0000,
198,2,408,259,439,288,0.0000,0.0000,0.0000,0.0000,0.0000,0.0000,
199,2,408,259,439,288,0.0000,0.0000,0.0000,0.0000,0.0000,0.0000,
200,2,408,259,439,288,0.0000,0.0000,0.0000,0.0000,0.0000,0.0000,
201,2,0,0,0,0,0.0000,0.0000,0.0000,0.0000,0.0000,0.0000,
202,2,0,0,0,0,0.0000,0.0000,0.0000,0.0000,0.0000,0.0000,
203,2,0,0,0,0,0.0000,0.0000,0.0000,0.0000,0.0000,0.0000,
204,2,0,0,0,0,0.0000,0.0000,0.0000,0.0000,0.0000,0.0000,
205,2,0,0,0,0,0.0000,0.0000,0.0000,0.0000,0.0000,0.0000,
206,2,0,0,0,0,0.0000,0.0000,0.0000,0.0000,0.0000,0.0000,
207,2,0,0,0,0,0.0000,0.0000,0.0000,0.0000,0.0000,0.0000,
208,2,0,0,0,0,0.0000,0.0000,0.0000,0.0000,0.0000,0.0000,
209,2,0,0,0,0,0.0000,0.0000,0.0000,0.0000,0.0000,0.0000,
210,2,0,0,0,0,0.0000,0.0000,0.0000,0.0000,0.0000,0.0000,
211,2,0,0,0,0,0.0000,0.0000,0.0000,0.0000,0.0000,0.0000,
212,2,0,0,0,0,0.0000,0.0000,0.0000,0.0000,0.0000,0.0000,
213,2,0,0,0,0,0.0000,0.0000,0.0000,0.0000,0.0000,0.0000,
214,2,0,0,0,0,0.0000,0.0000,0.0000,0.0000,0.0000,0.0000,
215,2,0,0,0,0,0.0000,0.0000,0.0000,0.0000,0.0000,0.0000,
216,2,0,0,0,0,0.0000,0.0000,0.0000,0.0000,0.0000,0.0000,
217,2,0,0,0,0,0.0000,0.0000,0.0000,0.0000,0.0000,0.0000,
218,2,0,0,0,0,0.0000,0.0000,0.0000,0.0000,0.0000,0.0000,
219,2,0,0,0,0,0.0000,0.0000,0.0000,0.0000,0.0000,0.0000,
220,2,0,0,0,0,0.0000,0.0000,0.0000,0.0000,0.0000,0.0000,
221,2,0,0,0,0,0.0000,0.0000,0.0000,0.0000,0.0000,0.0000,
222,2,0,0,0,0,0.0000,0.0000,0.0000,0.0000,0.0000,0.0000,
223,2,0,0,0,0,0.0000,0.0000,0.0000,0.0000,0.0000,0.0000,
224,2,0,0,0,0,0.0000,0.0000,0.0000,0.0000,0.0000,0.0000,
225,2,0,0,0,0,0.0000,0.0000,0.0000,0.0000,0.0000,0.0000,
226,2,0,0,0,0,0.0000,0.0000,0.0000,0.0000,0.0000,0.0000,
227,2,0,0,0,0,0.0000,0.0000,0.0000,0.0000,0.0000,0.0000,
228,2,0,0,0,0,0.0000,0.0000,0.0000,0.0000,0.0000,0.0000,
229,2,0,0,0,0,0.0000,0.0000,0.0000,0.0000,0.0000,0.0000,
230,2,0,0,0,0,0.0000,0.0000,0.0000,0.0000,0.0000,0.0000,
231,2,0,0,0,0,0.0000,0.0000,0.0000,0.0000,0.0000,0.0000,
232,2,0,0,0,0,0.0000,0.0000,0.0000,0.0000,0.0000,0.0000,
233,2,0,0,0,0,0.0000,0.0000,0.0000,0.0000,0.0000,0.0000,
234,2,0,0,0,0,0.0000,0.0000,0.0000,0.0000,0.0000,0.0000,
235,2,0,0,0,0,0.0000,0.0000,0.0000,0.0000,0.0000,0.0000,
236,2,0,0,0,0,0.0000,0.0000,0.0000,0.0000,0.0000,0.0000,
237,2,0,0,0,0,0.0000,0.0000,0.0000,0.0000,0.0000,0.0000,
238,2,0,0,0,0,0.0000,0.0000,0.0000,0.0000,0.0000,0.0000,
239,2,0,0,0,0,0.0000,0.0000,0.0000,0.0000,0.0000,0.0000,
240,2,0,0,0,0,0.0000,0.0000,0.0000,0.0000,0.0000,0.0000,
241,2,0,0,0,0,0.0000,0.0000,0.0000,0.0000,0.0000,0.0000,
242,2,0,0,0,0,0.0000,0.0000,0.0000,0.0000,0.0000,0.0000,
243,2,0,0,0,0,0.0000,0.0000,0.0000,0.0000,0.0000,0.0000,
244,2,0,0,0,0,0.0000,0.0000,0.0000,0.0000,0.0000,0.0000,
245,2,0,0,0,0,0.0000,0.0000,0.0000,0.0000,0.0000,0.0000,
246,2,0,0,0,0,0.0000,0.0000,0.0000,0.0000,0.0000,0.0000,
247,2,0,0,0,0,0.0000,0.0000,0.0000,0.0000,0.0000,0.0000,
248,2,0,0,0,0,0.0000,0.0000,0.0000,0.0000,0.0000,0.0000,
249,2,0,0,0,0,0.0000,0.0000,0.0000,0.0000,0.0000,0.0000,
250,2,0,0,0,0,0.0000,0.0000,0.0000,0.0000,0.0000,0.0000,
251,2,432,304,474,347,0.0000,0.0000,0.0000,0.0000,0.0000,0.0000,
252,2,432,304,474,347,0.0000,0.0000,0.0000,0.0000,0.0000,0.0000,
253,2,432,304,474,347,0.0000,0.0000,0.0000,0.0000,0.0000,0.0000,
254,2,432,304,474,347,0.0000,0.0000,0.0000,0.0000,0.0000,0.0000,
255,2,432,304,474,347,0.0000,0.0000,0.0000,0.0000,0.0000,0.0000,
256,2,432,304,474,347,0.0000,0.0000,0.0000,0.0000,0.0000,0.0000,
257,2,432,304,474,347,0.0000,0.0000,0.0000,0.0000,0.0000,0.0000,
258,2,432,304,474,347,0.0000,0.0000,0.0000,0.0000,0.0000,0.0000,
259,2,432,304,474,347,0.0000,0.0000,0.0000,0.0000,0.0000,0.0000,
260,2,432,304,474,347,0.0000,0.0000,0.0000,0.0000,0.0000,0.0000,
261,2,432,304,474,347,0.0000,0.0000,0.0000,0.0000,0.0000,0.0000,
262,2,432,304,474,347,0.0000,0.0000,0.0000,0.0000,0.0000,0.0000,
263,2,432,304,474,347,0.0000,0.0000,0.0000,0.0000,0.0000,0.0000,
264,2,432,304,474,347,0.0000,0.0000,0.0000,0.0000,0.0000,0.0000,
265,2,432,304,474,347,0.0000,0.0000,0.0000,0.0000,0.0000,0.0000,
266,2,432,304,474,347,0.0000,0.0000,0.0000,0.0000,0.0000,0.0000,
267,2,432,304,474,347,0.0000,0.0000,0.0000,0.0000,0.0000,0.0000,
268,2,432,304,474,347,0.0000,0.0000,0.0000,0.0000,0.0000,0.0000,
269,2,432,304,474,347,0.0000,0.0000,0.0000,0.0000,0.0000,0.0000,
270,2,432,304,474,347,0.0000,0.0000,0.0000,0.0000,0.0000,0.0000,
271,2,432,304,474,347,0.0000,0.0000,0.0000,0.0000,0.0000,0.0000,
272,2,432,304,474,347,0.0000,0.0000,0.0000,0.0000,0.0000,0.0000,
273,2,432,304,474,347,0.0000,0.0000,0.0000,0.0000,0.0000,0.0000,
274,2,432,304,474,347,0.0000,0.0000,0.0000,0.0000,0.0000,0.0000,
275,2,432,304,474,347,0.0000,0.0000,0.0000,0.0000,0.0000,0.0000,
276,2,432,304,474,347,0.0000,0.0000,0.0000,0.0000,0.0000,0.0000,
277,2,432,304,474,347,0.0000,0.0000,0.0000,0.0000,0.0000,0.0000,
278,2,432,304,474,347,0.0000,0.0000,0.0000,0.0000,0.0000,0.0000,
279,2,432,304,474,347,0.0000,0.0000,0.0000,0.0000,0.0000,0.0000,
280,2,432,304,474,347,0.0000,0.0000,0.0000,0.0000,0.0000,0.0000,
281,2,432,304,474,347,0.0000,0.0000,0.0000,0.0000,0.0000,0.0000,
282,2,432,304,474,347,0.0000,0.0000,0.0000,0.0000,0.0000,0.0000,
283,2,432,304,474,347,0.0000,0.0000,0.0000,0.0000,0.0000,0.0000,
284,2,432,304,474,347,0.0000,0.0000,0.0000,0.0000,0.0000,0.0000,
285,2,432,304,474,347,0.0000,0.0000,0.0000,0.0000,0.0000,0.0000,
286,2,432,304,474,347,0.0000,0.0000,0.0000,0.0000,0.0000,0.0000,
287,2,432,304,474,347,0.0000,0.0000,0.0000,0.0000,0.0000,0.0000,
288,2,432,304,474,347,0.0000,0.0000,0.0000,0.0000,0.0000,0.0000,
289,2,432,304,474,347,0.0000,0.0000,0.0000,0.0000,0.0000,0.0000,
290,2,432,304,474,347,0.0000,0.0000,0.0000,0.0000,0.0000,0.0000,
291,2,432,304,474,347,0.0000,0.0000,0.0000,0.0000,0.0000,0.0000,
292,2,432,304,474,347,0.0000,0.0000,0.0000,0.0000,0.0000,0.0000,
293,2,432,304,474,347,0.0000,0.0000,0.0000,0.0000,0.0000,0.0000,
294,2,432,304,474,347,0.0000,0.0000,0.0000,0.0000,0.0000,0.0000,
295,2,432,304,474,347,0.0000,0.0000,0.0000,0.0000,0.0000,0.0000,
296,2,432,304,474,347,0.0000,0.0000,0.0000,0.0000,0.0000,0.0000,
297,2,432,304,474,347,0.0000,0.0000,0.0000,0.0000,0.0000,0.0000,
298,2,432,304,474,347,0.0000,0.0000,0.0000,0.0000,0.0000,0.0000,
299,2,432,304,474,347,0.0000,0.0000,0.0000,0.0000,0.0000,0.0000,
300,2,432,304,474,347,0.0000,0.0000,0.0000,0.0000,0.0000,0.0000,
301,2,432,304,474,347,0.0000,0.0000,0.0000,0.0000,0.0000,0.0000,
302,2,432,304,474,347,0.0000,0.0000,0.0000,0.0000,0.0000,0.0000,
303,2,432,304,474,347,0.0000,0.0000,0.0000,0.0000,0.0000,0.0000,
304,2,432,304,474,347,0.0000,0.0000,0.0000,0.0000,0.0000,0.0000,
305,2,432,304,474,347,0.0000,0.0000,0.0000,0.0000,0.0000,0.0000,
306,2,432,304,474,347,0.0000,0.0000,0.0000,0.0000,0.0000,0.0000,
307,2,432,304,474,347,0.0000,0.0000,0.0000,0.0000,0.0000,0.0000,
308,2,432,304,474,347,0.0000,0.0000,0.0000,0.0000,0.0000,0.0000,
309,2,432,304,474,347,0.0000,0.0000,0.0000,0.0000,0.0000,0.0000,
310,2,432,304,474,347,0.0000,0.0000,0.0000,0.0000,0.0000,0.0000,
311,2,432,304,474,347,0.0000,0.0000,0.0000,0.0000,0.0000,0.0000,
312,2,432,304,474,347,0.0000,0.0000,0.0000,0.0000,0.0000,0.0000,
313,2,432,304,474,347,0.0000,0.0000,0.0000,0.0000,0.0000,0.0000,
314,2,432,304,474,347,0.0000,0.0000,0.0000,0.0000,0.0000,0.0000,
315,2,432,304,474,347,0.0000,0.0000,0.0000,0.0000,0.0000,0.0000,
316,2,432,304,474,347,0.0000,0.0000,0.0000,0.0000,0.0000,0.0000,
317,2,432,304,474,347,0.0000,0.0000,0.0000,0.0000,0.0000,0.0000,
318,2,432,304,474,347,0.0000,0.0000,0.0000,0.0000,0.0000,0.0000,
319,2,432,304,474,347,0.0000,0.0000,0.0000,0.0000,0.0000,0.0000,
320,2,432,304,474,347,0.0000,0.0000,0.0000,0.0000,0.0000,0.0000,
321,2,432,304,474,347,0.0000,0.0000,0.0000,0.0000,0.0000,0.0000,
322,2,432,304,474,347,0.0000,0.0000,0.0000,0.0000,0.0000,0.0000,
323,2,432,304,474,347,0.0000,0.0000,0.0000,0.0000,0.0000,0.0000,
324,2,432,304,474,347,0.0000,0.0000,0.0000,0.0000,0.0000,0.0000,
325,2,432,304,474,347,0.0000,0.0000,0.0000,0.0000,0.0000,0.0000,
326,2,432,304,474,347,0.0000,0.0000,0.0000,0.0000,0.0000,0.0000,
327,2,432,304,474,347,0.0000,0.0000,0.0000,0.0000,0.0000,0.0000,
328,2,432,304,474,347,0.0000,0.0000,0.0000,0.0000,0.0000,0.0000,
329,2,432,304,474,347,0.0000,0.0000,0.0000,0.0000,0.0000,0.0000,
330,2,432,304,474,347,0.0000,0.0000,0.0000,0.0000,0.0000,0.0000,
331,2,432,304,474,347,0.0000,0.0000,0.0000,0.0000,0.0000,0.0000,
332,2,432,304,474,347,0.0000,0.0000,0.0000,0.0000,0.0000,0.0000,
333,2,432,304,474,347,0.0000,0.0000,0.0000,0.0000,0.0000,0.0000,
334,2,432,304,474,347,0.0000,0.0000,0.0000,0.0000,0.0000,0.0000,
335,2,432,304,474,347,0.0000,0.0000,0.0000,0.0000,0.0000,0.0000,
336,2,432,304,474,347,0.0000,0.0000,0.0000,0.0000,0.0000,0.0000,
337,2,432,304,474,347,0.0000,0.0000,0.0000,0.0000,0.0000,0.0000,
338,2,432,304,474,347,0.0000,0.0000,0.0000,0.0000,0.0000,0.0000,
339,2,432,304,474,347,0.0000,0.0000,0.0000,0.0000,0.0000,0.0000,
340,2,432,304,474,347,0.0000,0.0000,0.0000,0.0000,0.0000,0.0000,
341,2,432,304,474,347,0.0000,0.0000,0.0000,0.0000,0.0000,0.0000,
342,2,432,304,474,347,0.0000,0.0000,0.0000,0.0000,0.0000,0.0000,
343,2,432,304,474,347,0.0000,0.0000,0.0000,0.0000,0.0000,0.0000,
344,2,432,304,474,347,0.0000,0.0000,0.0000,0.0000,0.0000,0.0000,
345,2,432,304,474,347,0.0000,0.0000,0.0000,0.0000,0.0000,0.0000,
346,2,432,304,474,347,0.0000,0.0000,0.0000,0.0000,0.0000,0.0000,
347,2,432,304,474,347,0.0000,0.0000,0.0000,0.0000,0.0000,0.0000,
348,2,432,304,474,347,0.0000,0.0000,0.0000,0.0000,0.0000,0.0000,
349,2,432,304,474,347,0.0000,0.0000,0.0000,0.0000,0.0000,0.0000,
350,2,432,304,474,347,0.0000,0.0000,0.0000,0.0000,0.0000,0.0000,
351,2,432,304,474,347,0.0000,0.0000,0.0000,0.0000,0.0000,0.0000,
352,2,432,304,474,347,0.0000,0.0000,0.0000,0.0000,0.0000,0.0000,
353,2,432,304,474,347,0.0000,0.0000,0.0000,0.0000,0.0000,0.0000,
354,2,432,304,474,347,0.0000,0.0000,0.0000,0.0000,0.0000,0.0000,
355,2,432,304,474,347,0.0000,0.0000,0.0000,0.0000,0.0000,0.0000,
356,2,432,304,474,347,0.0000,0.0000,0.0000,0.0000,0.0000,0.0000,
357,2,432,304,474,347,0.0000,0.0000,0.0000,0.0000,0.0000,0.0000,
358,2,432,304,474,347,0.0000,0.0000,0.0000,0.0000,0.0000,0.0000,
359,2,432,304,474,347,0.0000,0.0000,0.0000,0.0000,0.0000,0.0000,
360,2,432,304,474,347,0.0000,0.0000,0.0000,0.0000,0.0000,0.0000,
361,2,432,304,474,347,0.0000,0.0000,0.0000,0.0000,0.0000,0.0000,
362,2,432,304,474,347,0.0000,0.0000,0.0000,0.0000,0.0000,0.0000,
363,2,432,304,474,347,0.0000,0.0000,0.0000,0.0000,0.0000,0.0000,
364,2,432,304,474,347,0.0000,0.0000,0.0000,0.0000,0.0000,0.0000,
365,2,432,304,474,347,0.0000,0.0000,0.0000,0.0000,0.0000,0.0000,
366,2,432,304,474,347,0.0000,0.0000,0.0000,0.0000,0.0000,0.0000,
367,2,432,304,474,347,0.0000,0.0000,0.0000,0.0000,0.0000,0.0000,
368,2,432,304,474,347,0.0000,0.0000,0.0000,0.0000,0.0000,0.0000,
369,2,432,304,474,347,0.0000,0.0000,0.0000,0.0000,0.0000,0.0000,
370,2,432,304,474,347,0.0000,0.0000,0.0000,0.0000,0.0000,0.0000,
371,2,432,304,474,347,0.0000,0.0000,0.0000,0.0000,0.0000,0.0000,
372,2,432,304,474,347,0.0000,0.0000,0.0000,0.0000,0.0000,0.0000,
373,2,432,304,474,347,0.0000,0.0000,0.0000,0.0000,0.0000,0.0000,
374,2,432,304,474,347,0.0000,0.0000,0.0000,0.0000,0.0000,0.0000,
375,2,432,304,474,347,0.0000,0.0000,0.0000,0.0000,0.0000,0.0000,
376,2,432,304,474,347,0.0000,0.0000,0.0000,0.0000,0.0000,0.0000,
377,2,432,304,474,347,0.0000,0.0000,0.0000,0.0000,0.0000,0.0000,
378,2,432,304,474,347,0.0000,0.0000,0.0000,0.0000,0.0000,0.0000,
379,2,432,304,474,347,0.0000,0.0000,0.0000,0.0000,0.0000,0.0000,
380,2,432,304,474,347,0.0000,0.0000,0.0000,0.0000,0.0000,0.0000,
381,2,432,304,474,347,0.0000,0.0000,0.0000,0.0000,0.0000,0.0000,
382,2,432,304,474,347,0.0000,0.0000,0.0000,0.0000,0.0000,0.0000,
383,2,432,304,474,347,0.0000,0.0000,0.0000,0.0000,0.0000,0.0000,
384,2,432,304,474,347,0.0000,0.0000,0.0000,0.0000,0.0000,0.0000,
385,2,432,304,474,347,0.0000,0.0000,0.0000,0.0000,0.0000,0.0000,
386,2,432,304,474,347,0.0000,0.0000,0.0000,0.0000,0.0000,0.0000,
387,2,432,304,474,347,0.0000,0.0000,0.0000,0.0000,0.0000,0.0000,
388,2,432,304,474,347,0.0000,0.0000,0.0000,0.0000,0.0000,0.0000,
389,2,432,304,474,347,0.0000,0.0000,0.0000,0.0000,0.0000,0.0000,
390,2,432,304,474,347,0.0000,0.0000,0.0000,0.0000,0.0000,0.0000,
391,2,432,304,474,347,0.0000,0.0000,0.0000,0.0000,0.0000,0.0000,
392,2,432,304,474,347,0.0000,0.0000,0.0000,0.0000,0.0000,0.0000,
393,2,432,304,474,347,0.0000,0.0000,0.0000,0.0000,0.0000,0.0000,
394,2,432,304,474,347,0.0000,0.0000,0.0000,0.0000,0.0000,0.0000,
395,2,432,304,474,347,0.0000,0.0000,0.0000,0.0000,0.0000,0.0000,
396,2,432,304,474,347,0.0000,0.0000,0.0000,0.0000,0.0000,0.0000,
397,2,432,304,474,347,0.0000,0.0000,0.0000,0.0000,0.0000,0.0000,
398,2,432,304,474,347,0.0000,0.0000,0.0000,0.0000,0.0000,0.0000,
399,2,432,304,474,347,0.0000,0.0000,0.0000,0.0000,0.0000,0.0000,
400,2,432,304,474,347,0.0000,0.0000,0.0000,0.0000,0.0000,0.0000,
401,2,432,304,474,347,0.0000,0.0000,0.0000,0.0000,0.0000,0.0000,
402,2,432,304,474,347,0.0000,0.0000,0.0000,0.0000,0.0000,0.0000,
403,2,432,304,474,347,0.0000,0.0000,0.0000,0.0000,0.0000,0.0000,
404,2,432,304,474,347,0.0000,0.0000,0.0000,0.0000,0.0000,0.0000,
