1,2,0,0,0,0,0.0000,0.0000,0.0000,0.0000,0.0000,0.0000,
2,2,0,0,0,0,0.0000,0.0000,0.0000,0.0000,0.0000,0.0000,
3,2,0,0,0,0,0.0000,0.0000,0.0000,0.0000,0.0000,0.0000,
4,2,0,0,0,0,0.0000,0.0000,0.0000,0.0000,0.0000,0.0000,
5,2,0,0,0,0,0.0000,0.0000,0.0000,0.0000,0.0000,0.0000,
6,2,0,0,0,0,0.0000,0.0000,0.0000,0.0000,0.0000,0.0000,
7,2,0,0,0,0,0.0000,0.0000,0.0000,0.0000,0.0000,0.0000,
8,2,0,0,0,0,0.0000,0.0000,0.0000,0.0000,0.0000,0.0000,
9,2,0,0,0,0,0.0000,0.0000,0.0000,0.0000,0.0000,0.0000,
10,2,0,0,0,0,0.0000,0.0000,0.0000,0.0000,0.0000,0.0000,
11,2,0,0,0,0,0.0000,0.0000,0.0000,0.0000,0.0000,0.0000,
12,2,0,0,0,0,0.0000,0.0000,0.0000,0.0000,0.0000,0.0000,
13,2,0,0,0,0,0.0000,0.0000,0.0000,0.0000,0.0000,0.0000,
14,2,0,0,0,0,0.0000,0.0000,0.0000,0.0000,0.0000,0.0000,
15,2,0,0,0,0,0.0000,0.0000,0.0000,0.0000,0.0000,0.0000,
16,2,0,0,0,0,0.0000,0.0000,0.0000,0.0000,0.0000,0.0000,
17,2,0,0,0,0,0.0000,0.0000,0.0000,0.0000,0.0000,0.0000,
18,2,0,0,0,0,0.0000,0.0000,0.0000,0.0000,0.0000,0.0000,
19,2,0,0,0,0,0.0000,0.0000,0.0000,0.0000,0.0000,0.0000,
20,2,0,0,0,0,0.0000,0.0000,0.0000,0.0000,0.0000,0.0000,
21,2,0,0,0,0,0.0000,0.0000,0.0000,0.0000,0.0000,0.0000,
22,2,0,0,0,0,0.0000,0.0000,0.0000,0.0000,0.0000,0.0000,
23,2,0,0,0,0,0.0000,0.0000,0.0000,0.0000,0.0000,0.0000,
24,2,0,0,0,0,0.0000,0.0000,0.0000,0.0000,0.0000,0.0000,
25,2,0,0,0,0,0.0000,0.0000,0.0000,0.0000,0.0000,0.0000,
26,2,0,0,0,0,0.0000,0.0000,0.0000,0.0000,0.0000,0.0000,
27,2,0,0,0,0,0.0000,0.0000,0.0000,0.0000,0.0000,0.0000,
28,2,0,0,0,0,0.0000,0.0000,0.0000,0.0000,0.0000,0.0000,
29,2,0,0,0,0,0.0000,0.0000,0.0000,0.0000,0.0000,0.0000,
30,2,0,0,0,0,0.0000,0.0000,0.0000,0.0000,0.0000,0.0000,
31,2,0,0,0,0,0.0000,0.0000,0.0000,0.0000,0.0000,0.0000,
32,2,0,0,0,0,0.0000,0.0000,0.0000,0.0000,0.0000,0.0000,
33,2,0,0,0,0,0.0000,0.0000,0.0000,0.0000,0.0000,0.0000,
34,2,0,0,0,0,0.0000,0.0000,0.0000,0.0000,0.0000,0.0000,
35,2,0,0,0,0,0.0000,0.0000,0.0000,0.0000,0.0000,0.0000,
36,2,0,0,0,0,0.0000,0.0000,0.0000,0.0000,0.0000,0.0000,
37,2,0,0,0,0,0.0000,0.0000,0.0000,0.0000,0.0000,0.0000,
38,2,0,0,0,0,0.0000,0.0000,0.0000,0.0000,0.0000,0.0000,
39,2,0,0,0,0,0.0000,0.0000,0.0000,0.0000,0.0000,0.0000,
40,2,0,0,0,0,0.0000,0.0000,0.0000,0.0000,0.0000,0.0000,
41,2,0,0,0,0,0.0000,0.0000,0.0000,0.0000,0.0000,0.0000,
42,2,0,0,0,0,0.0000,0.0000,0.0000,0.0000,0.0000,0.0000,
43,2,0,0,0,0,0.0000,0.0000,0.0000,0.0000,0.0000,0.0000,
44,2,0,0,0,0,0.0000,0.0000,0.0000,0.0000,0.0000,0.0000,
45,2,0,0,0,0,0.0000,0.0000,0.0000,0.0000,0.0000,0.0000,
46,2,0,0,0,0,0.0000,0.0000,0.0000,0.0000,0.0000,0.0000,
47,2,0,0,0,0,0.0000,0.0000,0.0000,0.0000,0.0000,0.0000,
48,2,0,0,0,0,0.0000,0.0000,0.0000,0.0000,0.0000,0.0000,
49,2,0,0,0,0,0.0000,0.0000,0.0000,0.0000,0.0000,0.0000,
50,2,0,0,0,0,0.0000,0.0000,0.0000,0.0000,0.0000,0.0000,
51,2,0,0,0,0,0.0000,0.0000,0.0000,0.0000,0.0000,0.0000,
52,2,0,0,0,0,0.0000,0.0000,0.0000,0.0000,0.0000,0.0000,
53,2,0,0,0,0,0.0000,0.0000,0.0000,0.0000,0.0000,0.0000,
54,2,0,0,0,0,0.0000,0.0000,0.0000,0.0000,0.0000,0.0000,
55,2,0,0,0,0,0.0000,0.0000,0.0000,0.0000,0.0000,0.0000,
56,2,0,0,0,0,0.0000,0.0000,0.0000,0.0000,0.0000,0.0000,
57,2,0,0,0,0,0.0000,0.0000,0.0000,0.0000,0.0000,0.0000,
58,2,0,0,0,0,0.0000,0.0000,0.0000,0.0000,0.0000,0.0000,
59,2,0,0,0,0,0.0000,0.0000,0.0000,0.0000,0.0000,0.0000,
60,2,0,0,0,0,0.0000,0.0000,0.0000,0.0000,0.0000,0.0000,
61,2,0,0,0,0,0.0000,0.0000,0.0000,0.0000,0.0000,0.0000,
62,2,0,0,0,0,0.0000,0.0000,0.0000,0.0000,0.0000,0.0000,
63,2,0,0,0,0,0.0000,0.0000,0.0000,0.0000,0.0000,0.0000,
64,2,0,0,0,0,0.0000,0.0000,0.0000,0.0000,0.0000,0.0000,
65,2,0,0,0,0,0.0000,0.0000,0.0000,0.0000,0.0000,0.0000,
66,2,0,0,0,0,0.0000,0.0000,0.0000,0.0000,0.0000,0.0000,
67,2,0,0,0,0,0.0000,0.0000,0.0000,0.0000,0.0000,0.0000,
68,2,0,0,0,0,0.0000,0.0000,0.0000,0.0000,0.0000,0.0000,
69,2,0,0,0,0,0.0000,0.0000,0.0000,0.0000,0.0000,0.0000,
70,2,0,0,0,0,0.0000,0.0000,0.0000,0.0000,0.0000,0.0000,
71,2,0,0,0,0,0.0000,0.0000,0.0000,0.0000,0.0000,0.0000,
72,2,0,0,0,0,0.0000,0.0000,0.0000,0.0000,0.0000,0.0000,
73,2,0,0,0,0,0.0000,0.0000,0.0000,0.0000,0.0000,0.0000,
74,2,0,0,0,0,0.0000,0.0000,0.0000,0.0000,0.0000,0.0000,
75,2,0,0,0,0,0.0000,0.0000,0.0000,0.0000,0.0000,0.0000,
76,2,0,0,0,0,0.0000,0.0000,0.0000,0.0000,0.0000,0.0000,
77,2,0,0,0,0,0.0000,0.0000,0.0000,0.0000,0.0000,0.0000,
78,2,0,0,0,0,0.0000,0.0000,0.0000,0.0000,0.0000,0.0000,
79,2,0,0,0,0,0.0000,0.0000,0.0000,0.0000,0.0000,0.0000,
80,2,0,0,0,0,0.0000,0.0000,0.0000,0.0000,0.0000,0.0000,
81,2,0,0,0,0,0.0000,0.0000,0.0000,0.0000,0.0000,0.0000,
82,2,0,0,0,0,0.0000,0.0000,0.0000,0.0000,0.0000,0.0000,
83,2,0,0,0,0,0.0000,0.0000,0.0000,0.0000,0.0000,0.0000,
84,2,0,0,0,0,0.0000,0.0000,0.0000,0.0000,0.0000,0.0000,
85,2,0,0,0,0,0.0000,0.0000,0.0000,0.0000,0.0000,0.0000,
86,2,0,0,0,0,0.0000,0.0000,0.0000,0.0000,0.0000,0.0000,
87,2,0,0,0,0,0.0000,0.0000,0.0000,0.0000,0.0000,0.0000,
88,2,0,0,0,0,0.0000,0.0000,0.0000,0.0000,0.0000,0.0000,
89,2,0,0,0,0,0.0000,0.0000,0.0000,0.0000,0.0000,0.0000,
90,2,0,0,0,0,0.0000,0.0000,0.0000,0.0000,0.0000,0.0000,
91,2,0,0,0,0,0.0000,0.0000,0.0000,0.0000,0.0000,0.0000,
92,2,0,0,0,0,0.0000,0.0000,0.0000,0.0000,0.0000,0.0000,
93,2,0,0,0,0,0.0000,0.0000,0.0000,0.0000,0.0000,0.0000,
94,2,0,0,0,0,0.0000,0.0000,0.0000,0.0000,0.0000,0.0000,
95,2,0,0,0,0,0.0000,0.0000,0.0000,0.0000,0.0000,0.0000,
96,2,0,0,0,0,0.0000,0.0000,0.0000,0.0000,0.0000,0.0000,
97,2,0,0,0,0,0.0000,0.0000,0.0000,0.0000,0.0000,0.0000,
98,2,0,0,0,0,0.0000,0.0000,0.0000,0.0000,0.0000,0.0000,
99,2,0,0,0,0,0.0000,0.0000,0.0000,0.0000,0.0000,0.0000,
100,2,0,0,0,0,0.0000,0.0000,0.0000,0.0000,0.0000,0.0000,
101,2,0,0,0,0,0.0000,0.0000,0.0000,0.0000,0.0000,0.0000,
102,2,0,0,0,0,0.0000,0.0000,0.0000,0.0000,0.0000,0.0000,
103,2,0,0,0,0,0.0000,0.0000,0.0000,0.0000,0.0000,0.0000,
104,2,0,0,0,0,0.0000,0.0000,0.0000,0.0000,0.0000,0.0000,
105,2,0,0,0,0,0.0000,0.0000,0.0000,0.0000,0.0000,0.0000,
106,2,0,0,0,0,0.0000,0.0000,0.0000,0.0000,0.0000,0.0000,
107,2,0,0,0,0,0.0000,0.0000,0.0000,0.0000,0.0000,0.0000,
108,2,0,0,0,0,0.0000,0.0000,0.0000,0.0000,0.0000,0.0000,
109,2,0,0,0,0,0.0000,0.0000,0.0000,0.0000,0.0000,0.0000,
110,2,0,0,0,0,0.0000,0.0000,0.0000,0.0000,0.0000,0.0000,
111,2,0,0,0,0,0.0000,0.0000,0.0000,0.0000,0.0000,0.0000,
112,2,0,0,0,0,0.0000,0.0000,0.0000,0.0000,0.0000,0.0000,
113,2,0,0,0,0,0.0000,0.0000,0.0000,0.0000,0.0000,0.0000,
114,2,0,0,0,0,0.0000,0.0000,0.0000,0.0000,0.0000,0.0000,
115,2,0,0,0,0,0.0000,0.0000,0.0000,0.0000,0.0000,0.0000,
116,2,0,0,0,0,0.0000,0.0000,0.0000,0.0000,0.0000,0.0000,
117,2,0,0,0,0,0.0000,0.0000,0.0000,0.0000,0.0000,0.0000,
118,2,0,0,0,0,0.0000,0.0000,0.0000,0.0000,0.0000,0.0000,
119,2,0,0,0,0,0.0000,0.0000,0.0000,0.0000,0.0000,0.0000,
120,2,0,0,0,0,0.0000,0.0000,0.0000,0.0000,0.0000,0.0000,
121,2,0,0,0,0,0.0000,0.0000,0.0000,0.0000,0.0000,0.0000,
122,2,0,0,0,0,0.0000,0.0000,0.0000,0.0000,0.0000,0.0000,
123,2,0,0,0,0,0.0000,0.0000,0.0000,0.0000,0.0000,0.0000,
124,2,0,0,0,0,0.0000,0.0000,0.0000,0.0000,0.0000,0.0000,
125,2,0,0,0,0,0.0000,0.0000,0.0000,0.0000,0.0000,0.0000,
126,2,0,0,0,0,0.0000,0.0000,0.0000,0.0000,0.0000,0.0000,
127,2,0,0,0,0,0.0000,0.0000,0.0000,0.0000,0.0000,0.0000,
128,2,0,0,0,0,0.0000,0.0000,0.0000,0.0000,0.0000,0.0000,
129,2,0,0,0,0,0.0000,0.0000,0.0000,0.0000,0.0000,0.0000,
130,2,0,0,0,0,0.0000,0.0000,0.0000,0.0000,0.0000,0.0000,
131,2,0,0,0,0,0.0000,0.0000,0.0000,0.0000,0.0000,0.0000,
132,2,0,0,0,0,0.0000,0.0000,0.0000,0.0000,0.0000,0.0000,
133,2,0,0,0,0,0.0000,0.0000,0.0000,0.0000,0.0000,0.0000,
134,2,0,0,0,0,0.0000,0.0000,0.0000,0.0000,0.0000,0.0000,
135,2,0,0,0,0,0.0000,0.0000,0.0000,0.0000,0.0000,0.0000,
136,2,0,0,0,0,0.0000,0.0000,0.0000,0.0000,0.0000,0.0000,
137,2,0,0,0,0,0.0000,0.0000,0.0000,0.0000,0.0000,0.0000,
138,2,0,0,0,0,0.0000,0.0000,0.0000,0.0000,0.0000,0.0000,
139,2,0,0,0,0,0.0000,0.0000,0.0000,0.0000,0.0000,0.0000,
140,2,0,0,0,0,0.0000,0.0000,0.0000,0.0000,0.0000,0.0000,
141,2,0,0,0,0,0.0000,0.0000,0.0000,0.0000,0.0000,0.0000,
142,2,0,0,0,0,0.0000,0.0000,0.0000,0.0000,0.0000,0.0000,
143,2,0,0,0,0,0.0000,0.0000,0.0000,0.0000,0.0000,0.0000,
144,2,0,0,0,0,0.0000,0.0000,0.0000,0.0000,0.0000,0.0000,
145,2,0,0,0,0,0.0000,0.0000,0.0000,0.0000,0.0000,0.0000,
146,2,0,0,0,0,0.0000,0.0000,0.0000,0.0000,0.0000,0.0000,
147,2,0,0,0,0,0.0000,0.0000,0.0000,0.0000,0.0000,0.0000,
148,2,0,0,0,0,0.0000,0.0000,0.0000,0.0000,0.0000,0.0000,
149,2,0,0,0,0,0.0000,0.0000,0.0000,0.0000,0.0000,0.0000,
150,2,0,0,0,0,0.0000,0.0000,0.0000,0.0000,0.0000,0.0000,
151,2,311,251,355,280,0.0000,0.0000,0.0000,0.0000,0.0000,0.0000,
152,2,311,251,355,280,0.0000,0.0000,0.0000,0.0000,0.0000,0.0000,
153,2,311,251,355,280,0.0000,0.0000,0.0000,0.0000,0.0000,0.0000,
154,2,311,251,355,280,0.0000,0.0000,0.0000,0.0000,0.0000,0.0000,
155,2,311,251,355,280,0.0000,0.0000,0.0000,0.0000,0.0000,0.0000,
156,2,311,251,355,280,0.0000,0.0000,0.0000,0.0000,0.0000,0.0000,
157,2,311,251,355,280,0.0000,0.0000,0.0000,0.0000,0.0000,0.0000,
158,2,311,251,355,280,0.0000,0.0000,0.0000,0.0000,0.0000,0.0000,
159,2,311,251,355,280,0.0000,0.0000,0.0000,0.0000,0.0000,0.0000,
160,2,311,251,355,280,0.0000,0.0000,0.0000,0.0000,0.0000,0.0000,
161,2,311,251,355,280,0.0000,0.0000,0.0000,0.0000,0.0000,0.0000,
162,2,311,251,355,280,0.0000,0.0000,0.0000,0.0000,0.0000,0.0000,
163,2,311,251,355,280,0.0000,0.0000,0.0000,0.0000,0.0000,0.0000,
164,2,311,251,355,280,0.0000,0.0000,0.0000,0.0000,0.0000,0.0000,
165,2,311,251,355,280,0.0000,0.0000,0.0000,0.0000,0.0000,0.0000,
166,2,311,251,355,280,0.0000,0.0000,0.0000,0.0000,0.0000,0.0000,
167,2,311,251,355,280,0.0000,0.0000,0.0000,0.0000,0.0000,0.0000,
168,2,311,251,355,280,0.0000,0.0000,0.0000,0.0000,0.0000,0.0000,
169,2,311,251,355,280,0.0000,0.0000,0.0000,0.0000,0.0000,0.0000,
170,2,311,251,355,280,0.0000,0.0000,0.0000,0.0000,0.0000,0.0000,
171,2,311,251,355,280,0.0000,0.0000,0.0000,0.0000,0.0000,0.0000,
172,2,311,251,355,280,0.0000,0.0000,0.0000,0.0000,0.0000,0.0000,
173,2,311,251,355,280,0.0000,0.0000,0.0000,0.0000,0.0000,0.0000,
174,2,311,251,355,280,0.0000,0.0000,0.0000,0.0000,0.0000,0.0000,
175,2,311,251,355,280,0.0000,0.0000,0.0000,0.0000,0.0000,0.0000,
176,2,311,251,355,280,0.0000,0.0000,0.0000,0.0000,0.0000,0.0000,
177,2,311,251,355,280,0.0000,0.0000,0.0000,0.0000,0.0000,0.0000,
178,2,311,251,355,280,0.0000,0.0000,0.0000,0.0000,0.0000,0.0000,
179,2,311,251,355,280,0.0000,0.0000,0.0000,0.0000,0.0000,0.0000,
180,2,311,251,355,280,0.0000,0.0000,0.0000,0.0000,0.0000,0.0000,
181,2,311,251,355,280,0.0000,0.0000,0.0000,0.0000,0.0000,0.0000,
182,2,311,251,355,280,0.0000,0.0000,0.0000,0.0000,0.0000,0.0000,
183,2,311,251,355,280,0.0000,0.0000,0.0000,0.0000,0.0000,0.0000,
184,2,311,251,355,280,0.0000,0.0000,0.0000,0.0000,0.0000,0.0000,
185,2,311,251,355,280,0.0000,0.0000,0.0000,0.0000,0.0000,0.0000,
186,2,311,251,355,280,0.0000,0.0000,0.0000,0.0000,0.0000,0.0000,
187,2,311,251,355,280,0.0000,0.0000,0.0000,0.0000,0.0000,0.0000,
188,2,311,251,355,280,0.0000,0.0000,0.0000,0.0000,0.0000,0.0000,
189,2,311,251,355,280,0.0000,0.0000,0.0000,0.0000,0.0000,0.0000,
190,2,311,251,355,280,0.0000,0.0000,0.0000,0.0000,0.0000,0.0000,
191,2,311,251,355,280,0.0000,0.0000,0.0000,0.0000,0.0000,0.0000,
192,2,311,251,355,280,0.0000,0.0000,0.0000,0.0000,0.0000,0.0000,
193,2,311,251,355,280,0.0000,0.0000,0.0000,0.0000,0.0000,0.0000,
194,2,311,251,355,280,0.0000,0.0000,0.0000,0.0000,0.0000,0.0000,
195,2,311,251,355,280,0.0000,0.0000,0.0000,0.0000,0.0000,0.0000,
196,2,311,251,355,280,0.0000,0.0000,0.0000,0.0000,0.0000,0.0000,
197,2,311,251,355,280,0.0000,0.0000,0.0000,0.0000,0.0000,0.0000,
198,2,311,251,355,280,0.0000,0.0000,0.0000,0.0000,0.0000,0.0000,
199,2,311,251,355,280,0.0000,0.0000,0.0000,0.0000,0.0000,0.0000,
200,2,311,251,355,280,0.0000,0.0000,0.0000,0.0000,0.0000,0.0000,
201,2,308,251,350,276,1.0000,0.0000,-0.0000,1.0000,10.0000,10.0000,
202,2,308,251,350,276,0.9978,-0.0098,0.0006,1.0149,10.0549,9.7366,
203,2,308,251,350,276,1.0214,0.0816,-0.0009,1.0172,8.3788,9.8081,
204,2,306,251,354,277,1.1502,0.0074,-0.0348,1.0562,6.9833,9.8983,
205,2,306,251,354,277,0.9882,-0.0470,0.0047,0.9876,10.9790,10.0778,
206,2,306,251,354,277,1.0119,-0.0350,0.0181,1.0252,10.2930,9.1374,
207,2,306,251,354,277,0.9767,-0.0171,0.0225,0.9541,10.6782,10.2353,
208,2,306,251,354,277,0.9780,0.0133,0.0047,1.0089,10.3910,9.8208,
209,2,306,251,354,277,0.9818,0.0013,0.0001,1.0034,10.3512,9.9141,
210,2,308,252,353,278,0.9389,0.0525,0.0175,0.9968,10.6986,9.6950,
211,2,308,252,353,278,1.0139,-0.0545,-0.0089,1.0046,10.3079,10.1304,
212,2,308,252,353,278,0.9871,-0.0146,0.0010,0.9815,10.3155,10.1780,
213,2,308,252,353,278,0.9833,0.0435,-0.0010,0.9658,9.6011,10.2108,
214,2,309,251,352,280,0.9624,0.0318,-0.0339,1.1046,10.1915,9.3369,
215,2,309,251,352,280,0.9922,-0.0076,-0.0111,1.0330,10.3166,9.7942,
216,2,309,251,352,280,0.9917,0.0260,-0.0020,1.0002,9.6853,10.0065,
217,2,309,251,352,280,1.0122,0.0255,0.0145,0.9911,9.2840,9.7307,
218,2,309,251,352,280,0.9805,0.0134,-0.0013,1.0283,10.1978,9.6219,
219,2,309,251,352,280,0.9700,0.0280,0.0165,0.9999,10.1546,9.6359,
220,2,309,251,352,280,0.9829,-0.0181,0.0101,1.0114,10.5806,9.6982,
221,2,309,251,352,280,0.9817,0.0300,-0.0033,0.9967,9.9370,10.0336,
222,2,309,251,352,280,0.9873,0.0027,0.0082,0.9856,10.2104,10.0610,
223,2,309,251,352,280,0.9957,0.0022,0.0059,0.9875,10.0399,10.0913,
224,2,309,251,352,280,0.9953,0.0131,0.0067,0.9959,9.9959,9.9423,
225,2,309,251,352,280,1.0185,0.0417,0.0075,0.9813,8.8838,9.9168,
226,2,309,251,352,280,0.9797,-0.0144,0.0029,0.9624,10.7227,10.4951,
227,2,309,251,354,281,1.0302,-0.0794,-0.0134,1.0037,10.9007,10.2307,
228,2,309,251,354,281,1.0207,-0.0039,0.0293,0.9950,9.6672,9.5072,
229,2,309,251,354,281,0.9747,0.0359,-0.0088,1.0026,10.3634,10.1930,
230,2,309,251,354,281,0.9963,0.0204,-0.0059,1.0253,10.1981,9.8845,
231,2,309,251,354,281,0.9986,-0.0049,-0.0017,0.9809,10.1476,10.2488,
232,2,309,251,354,281,0.9995,0.0130,-0.0021,1.0021,9.7679,10.0180,
233,2,309,251,354,281,1.0020,-0.0128,0.0006,1.0103,10.2316,9.8584,
234,2,309,251,354,281,0.9905,-0.0021,-0.0063,0.9931,10.2978,10.2453,
235,2,309,251,354,281,0.9989,0.0198,0.0351,1.0373,9.7084,8.2519,
236,2,309,251,354,281,0.9840,0.0363,0.0054,1.0002,9.9162,9.7596,
237,2,309,251,354,281,0.9910,0.0086,-0.0072,1.0250,10.1632,9.6669,
238,2,309,251,354,281,1.0370,-0.0406,0.0011,0.9912,9.8909,9.8584,
239,2,311,252,353,280,0.9516,0.0165,-0.0104,0.9445,10.7446,10.7875,
240,2,311,252,353,280,1.0423,0.0128,0.0323,1.0229,8.7369,8.6361,
241,2,311,252,353,280,1.0374,-0.0313,0.0256,0.9764,9.4819,9.1855,
242,2,311,252,353,280,0.9919,-0.0196,-0.0708,1.0224,10.6195,10.7897,
243,2,313,253,352,280,0.9429,-0.0166,-0.0088,0.9662,11.4977,10.3120,
244,2,311,251,354,283,1.0991,-0.0762,0.0797,1.1892,8.9727,5.4078,
245,2,311,251,354,283,1.0158,-0.0268,0.0071,0.9765,9.9531,9.7500,
246,2,313,251,354,284,0.9542,-0.0111,-0.0407,1.0124,11.4582,10.5913,
247,2,313,251,354,284,1.0102,0.1230,-0.0109,0.9690,8.4540,10.4345,
248,2,313,251,354,284,1.0196,0.0056,-0.0139,1.0404,9.9229,9.5820,
249,2,313,251,354,284,0.9968,0.0396,0.0008,0.9902,9.8247,9.9762,
250,2,313,251,354,284,0.9784,0.0733,-0.0001,0.9801,9.3755,9.9829,
251,2,309,245,349,277,1.0000,-0.0000,-0.0000,1.0000,10.0000,10.0000,
252,2,312,246,349,277,0.1536,0.5477,-0.0768,0.9988,21.5216,11.4995,
253,2,312,246,349,277,0.9975,-0.0827,0.0013,0.9796,11.6695,10.2132,
254,2,314,246,350,278,0.9696,0.0452,-0.0203,1.0103,10.6218,10.0939,
255,2,314,246,350,278,1.0029,-0.0368,0.0078,1.0023,10.9554,9.6981,
256,2,314,246,350,278,1.0216,0.0065,-0.0287,1.0160,9.9599,10.3434,
257,2,316,247,352,278,0.9996,-0.0547,-0.0326,0.9812,11.9434,10.9837,
258,2,317,247,353,280,1.0141,0.0098,0.0038,1.0582,10.0666,9.2069,
259,2,314,244,357,284,1.1902,-0.0604,0.0260,1.2137,7.9863,5.7635,
260,2,314,244,357,284,0.9989,0.0060,-0.0282,1.0160,10.6606,10.5388,
261,2,315,244,359,286,1.0272,0.0293,-0.0162,1.0596,10.0760,9.7179,
262,2,319,245,359,287,0.9176,-0.0082,-0.0094,0.9965,13.3323,10.6693,
263,2,315,246,354,278,1.0109,-0.7875,0.0034,1.2186,21.8922,7.0636,
264,2,318,248,355,277,0.9369,-0.0421,-0.1153,0.8860,13.3388,14.1696,
265,2,320,250,355,277,0.9467,0.1545,-0.0496,0.9400,9.6066,11.9916,
266,2,317,249,358,277,0.0000,0.0000,0.0000,0.0000,0.0000,0.0000,
267,2,318,247,358,281,0.0000,0.0000,0.0000,0.0000,0.0000,0.0000,
268,2,319,248,362,282,1.0750,-0.0905,0.0198,0.9909,11.9783,10.4212,
269,2,322,246,365,287,0.9997,0.0957,-0.1127,1.2124,10.6724,9.5770,
270,2,324,247,367,288,0.9905,0.0166,-0.0202,1.0020,11.5949,10.6946,
271,2,327,248,369,288,0.9835,0.0878,-0.0173,0.9903,10.4130,10.7555,
272,2,323,247,361,280,1.1563,-0.4914,-0.0879,1.1618,17.4330,8.7655,
273,2,326,248,363,280,0.9873,-0.0139,0.0049,0.9808,12.3228,10.1096,
274,2,328,247,365,281,0.9943,0.2009,-0.0358,1.0365,8.0579,9.6247,
275,2,324,246,365,281,0.0000,0.0000,0.0000,0.0000,0.0000,0.0000,
276,2,327,245,367,281,0.9791,0.0995,-0.0047,1.0163,10.2523,8.9734,
277,2,328,244,370,280,1.0459,-0.0993,0.0078,1.0017,12.0913,8.3721,
278,2,330,243,372,279,0.9995,0.0052,-0.0113,0.9893,11.2890,8.7740,
279,2,332,242,373,278,0.9849,-0.0041,-0.0203,1.0062,11.5255,8.5533,
280,2,333,240,375,277,1.0104,-0.0657,-0.0004,1.0415,12.0860,7.4374,
281,2,335,237,377,278,0.9982,-0.0389,-0.0040,1.0832,12.2550,6.9984,
282,2,338,235,380,277,0.9970,0.1516,-0.0145,1.0215,8.9516,7.9338,
283,2,339,233,382,276,1.0081,0.0251,0.0148,1.0136,10.4204,7.2691,
284,2,340,231,383,273,0.9847,-0.0328,0.0164,0.9741,11.5309,7.6348,
285,2,332,222,377,256,1.0113,0.0500,-0.0223,1.0453,9.7776,7.7899,
286,2,333,222,378,254,0.9808,0.0031,0.0015,0.9461,10.8696,8.9704,
287,2,333,222,378,254,0.9948,-0.0271,-0.0173,1.0013,11.3734,8.3974,
288,2,333,221,380,251,1.0301,-0.0393,0.0061,0.9535,10.5423,8.2924,
289,2,335,219,380,251,0.9679,0.0242,-0.0403,1.0713,10.9044,8.0371,
290,2,336,217,380,249,0.9856,0.0135,-0.0139,0.9818,10.2432,8.2069,
291,2,337,215,381,247,1.0012,0.0479,-0.0079,1.0001,9.3237,7.8127,
292,2,333,210,377,247,0.6401,-1.7631,-0.1723,0.0879,52.3297,29.5040,
293,2,333,209,378,245,1.0070,0.0071,-0.0058,0.9809,9.6146,8.4982,
294,2,335,207,377,244,0.9354,-0.1201,-0.0172,1.0337,14.0362,7.8551,
295,2,336,203,377,245,0.9783,0.0173,0.0023,1.1352,9.9651,5.4591,
296,2,336,203,377,242,1.0071,-0.0660,0.0220,0.9409,10.8236,8.7614,
297,2,338,202,376,241,0.9310,-0.0842,-0.0102,1.0235,13.3148,8.2688,
298,2,337,200,376,241,1.0330,0.0705,0.0397,1.0580,7.1366,6.4014,
299,2,337,200,376,241,0.9763,0.0412,-0.0336,1.0248,9.2359,8.8423,
300,2,337,200,376,241,0.9957,0.0339,0.0198,1.0405,8.7912,7.9649,
301,2,334,197,379,230,1.0000,-0.0000,-0.0000,1.0000,10.0006,10.0000,
302,2,334,197,379,230,0.9770,-0.0182,-0.0042,1.0251,10.5846,9.0099,
303,2,341,198,378,229,0.8236,-0.5744,0.0530,0.9439,26.6707,9.2289,
304,2,333,198,374,228,0.0000,0.0000,0.0000,0.0000,0.0000,0.0000,
305,2,335,197,379,226,1.0022,-0.0562,0.1218,0.7108,10.1494,10.4644,
306,2,337,198,379,226,0.9573,-0.0813,0.0087,0.9907,12.6490,9.9219,
307,2,337,198,379,226,1.0147,-0.0044,0.0029,1.0113,9.6588,9.8667,
308,2,338,200,379,226,0.9806,0.1386,-0.0009,0.9456,8.0952,11.1488,
309,2,340,190,377,236,0.9080,0.4929,-0.2163,1.7677,4.8604,3.8101,
310,2,341,193,377,236,0.9785,-0.0181,0.0263,0.9359,10.7251,11.6565,
311,2,340,195,378,236,1.0618,-0.0460,0.0367,0.9647,9.7135,10.3251,
312,2,340,200,379,231,1.1176,0.3783,0.2289,1.5684,-1.2076,-7.2665,
313,2,340,200,379,231,1.0016,-0.0030,0.0064,0.9753,9.8474,10.5443,
314,2,340,202,380,231,1.0095,0.0139,0.0343,0.9330,9.6975,10.6695,
315,2,337,201,376,231,0.0000,0.0000,0.0000,0.0000,0.0000,0.0000,
316,2,336,206,379,232,0.0000,0.0000,0.0000,0.0000,0.0000,0.0000,
317,2,334,203,383,236,1.1222,0.5610,0.1321,1.2331,0.2266,3.9112,
318,2,336,203,382,237,0.9315,0.0236,-0.0445,1.0308,11.3699,10.9175,
319,2,336,203,382,237,0.9683,-0.0116,0.0360,0.9967,11.1186,9.2183,
320,2,338,203,381,238,0.9460,-0.0116,0.0025,1.0097,11.3210,9.7930,
321,2,337,204,383,238,1.0626,-0.0310,0.0230,0.9901,8.8656,9.6296,
322,2,337,204,383,238,0.9850,-0.0573,-0.0093,0.9689,11.2036,10.7886,
323,2,338,207,383,235,0.9909,-0.0022,-0.0890,0.8328,10.0393,14.7129,
324,2,338,207,383,235,0.9735,-0.0033,0.0301,1.0162,10.2799,9.2035,
325,2,338,207,384,237,1.0271,-0.0024,-0.0117,1.0614,9.4374,9.5380,
326,2,338,207,384,237,1.0194,0.0362,0.0077,1.0196,9.0796,9.6853,
327,2,338,207,384,237,1.0012,-0.0080,-0.0091,0.9706,9.9447,10.4199,
328,2,338,207,384,237,0.9783,0.0172,0.0101,0.9707,10.1151,10.0694,
329,2,338,207,384,237,0.9735,0.0606,-0.0151,1.0155,9.6670,10.2132,
330,2,341,208,383,237,0.9190,0.1623,0.0102,0.9907,10.0869,9.9075,
331,2,339,200,377,229,0.0000,0.0000,0.0000,0.0000,0.0000,0.0000,
332,2,339,200,377,229,1.0114,0.0067,0.0110,1.0168,9.6686,9.5018,
333,2,339,200,377,229,0.9969,-0.0007,-0.0034,1.0055,10.0171,9.9434,
334,2,339,200,377,229,1.0428,-0.0358,0.0012,0.9982,9.5744,9.9597,
335,2,341,201,377,229,0.9566,-0.0140,-0.0279,0.9754,11.3459,11.1441,
336,2,333,200,377,234,0.0000,0.0000,0.0000,0.0000,0.0000,0.0000,
337,2,333,200,377,234,1.0065,0.0050,-0.0128,0.9725,9.7299,10.8737,
338,2,333,200,377,234,1.0064,0.0026,-0.0102,0.9867,9.8599,10.5276,
339,2,333,200,377,234,1.0271,0.0269,0.0045,0.9950,8.7917,9.9487,
340,2,333,200,377,234,0.9979,0.0096,0.0132,1.0228,9.8086,9.1294,
341,2,333,200,377,234,1.0193,0.0123,0.0054,0.9955,9.3026,10.0087,
342,2,333,200,377,234,1.0349,0.0599,0.0073,1.0024,7.9639,9.8008,
343,2,331,199,378,235,1.0653,0.1336,0.0239,1.0463,5.4703,8.3384,
344,2,330,201,379,234,1.0390,0.0699,-0.0288,0.9163,7.6274,12.4601,
345,2,330,201,379,234,0.9869,-0.0222,0.0145,0.9898,10.7437,9.6768,
346,2,330,201,379,234,1.0092,0.0079,0.0016,0.9977,9.5773,10.0110,
347,2,330,203,380,233,1.0111,0.0176,-0.0391,0.9082,9.3018,12.9485,
348,2,330,203,380,233,1.0508,0.1273,0.0303,0.9520,6.3988,9.3217,
349,2,330,203,380,233,0.9910,-0.0001,-0.0015,1.0336,10.2627,9.4812,
350,2,330,203,380,233,1.0193,0.0073,0.0053,0.9864,9.2633,10.0542,
351,2,335,204,378,231,0.0000,0.0000,0.0000,0.0000,0.0000,0.0000,
352,2,335,204,378,231,0.0000,0.0000,0.0000,0.0000,0.0000,0.0000,
353,2,335,204,378,231,0.0000,0.0000,0.0000,0.0000,0.0000,0.0000,
354,2,335,204,378,231,0.0000,0.0000,0.0000,0.0000,0.0000,0.0000,
355,2,335,204,378,231,0.0000,0.0000,0.0000,0.0000,0.0000,0.0000,
356,2,335,204,378,231,0.0000,0.0000,0.0000,0.0000,0.0000,0.0000,
357,2,335,204,378,231,0.0000,0.0000,0.0000,0.0000,0.0000,0.0000,
358,2,335,204,378,231,0.0000,0.0000,0.0000,0.0000,0.0000,0.0000,
359,2,335,204,378,231,0.0000,0.0000,0.0000,0.0000,0.0000,0.0000,
360,2,335,204,378,231,0.0000,0.0000,0.0000,0.0000,0.0000,0.0000,
361,2,335,204,378,231,0.0000,0.0000,0.0000,0.0000,0.0000,0.0000,
362,2,335,204,378,231,0.0000,0.0000,0.0000,0.0000,0.0000,0.0000,
363,2,335,204,378,231,0.0000,0.0000,0.0000,0.0000,0.0000,0.0000,
364,2,335,204,378,231,0.0000,0.0000,0.0000,0.0000,0.0000,0.0000,
365,2,335,204,378,231,0.0000,0.0000,0.0000,0.0000,0.0000,0.0000,
366,2,335,204,378,231,0.0000,0.0000,0.0000,0.0000,0.0000,0.0000,
367,2,335,204,378,231,0.0000,0.0000,0.0000,0.0000,0.0000,0.0000,
368,2,335,204,378,231,0.0000,0.0000,0.0000,0.0000,0.0000,0.0000,
369,2,335,204,378,231,0.0000,0.0000,0.0000,0.0000,0.0000,0.0000,
370,2,335,204,378,231,0.0000,0.0000,0.0000,0.0000,0.0000,0.0000,
371,2,335,204,378,231,0.0000,0.0000,0.0000,0.0000,0.0000,0.0000,
372,2,335,204,378,231,0.0000,0.0000,0.0000,0.0000,0.0000,0.0000,
373,2,335,204,378,231,0.0000,0.0000,0.0000,0.0000,0.0000,0.0000,
374,2,335,204,378,231,0.0000,0.0000,0.0000,0.0000,0.0000,0.0000,
375,2,335,204,378,231,0.0000,0.0000,0.0000,0.0000,0.0000,0.0000,
376,2,335,204,378,231,0.0000,0.0000,0.0000,0.0000,0.0000,0.0000,
377,2,335,204,378,231,0.0000,0.0000,0.0000,0.0000,0.0000,0.0000,
378,2,335,204,378,231,0.0000,0.0000,0.0000,0.0000,0.0000,0.0000,
379,2,335,204,378,231,0.0000,0.0000,0.0000,0.0000,0.0000,0.0000,
380,2,335,204,378,231,0.0000,0.0000,0.0000,0.0000,0.0000,0.0000,
381,2,335,204,378,231,0.0000,0.0000,0.0000,0.0000,0.0000,0.0000,
382,2,335,204,378,231,0.0000,0.0000,0.0000,0.0000,0.0000,0.0000,
383,2,335,204,378,231,0.0000,0.0000,0.0000,0.0000,0.0000,0.0000,
384,2,335,204,378,231,0.0000,0.0000,0.0000,0.0000,0.0000,0.0000,
385,2,335,204,378,231,0.0000,0.0000,0.0000,0.0000,0.0000,0.0000,
386,2,335,204,378,231,0.0000,0.0000,0.0000,0.0000,0.0000,0.0000,
387,2,335,204,378,231,0.0000,0.0000,0.0000,0.0000,0.0000,0.0000,
388,2,335,204,378,231,0.0000,0.0000,0.0000,0.0000,0.0000,0.0000,
389,2,335,204,378,231,0.0000,0.0000,0.0000,0.0000,0.0000,0.0000,
390,2,335,204,378,231,0.0000,0.0000,0.0000,0.0000,0.0000,0.0000,
391,2,335,204,378,231,0.0000,0.0000,0.0000,0.0000,0.0000,0.0000,
392,2,335,204,378,231,0.0000,0.0000,0.0000,0.0000,0.0000,0.0000,
393,2,335,204,378,231,0.0000,0.0000,0.0000,0.0000,0.0000,0.0000,
394,2,335,204,378,231,0.0000,0.0000,0.0000,0.0000,0.0000,0.0000,
395,2,335,204,378,231,0.0000,0.0000,0.0000,0.0000,0.0000,0.0000,
396,2,335,204,378,231,0.0000,0.0000,0.0000,0.0000,0.0000,0.0000,
397,2,335,204,378,231,0.0000,0.0000,0.0000,0.0000,0.0000,0.0000,
398,2,335,204,378,231,0.0000,0.0000,0.0000,0.0000,0.0000,0.0000,
399,2,335,204,378,231,0.0000,0.0000,0.0000,0.0000,0.0000,0.0000,
400,2,335,204,378,231,0.0000,0.0000,0.0000,0.0000,0.0000,0.0000,
401,2,335,204,378,231,0.0000,0.0000,0.0000,0.0000,0.0000,0.0000,
402,2,335,204,378,231,0.0000,0.0000,0.0000,0.0000,0.0000,0.0000,
403,2,335,204,378,231,0.0000,0.0000,0.0000,0.0000,0.0000,0.0000,
404,2,335,204,378,231,0.0000,0.0000,0.0000,0.0000,0.0000,0.0000,
405,2,335,204,378,231,0.0000,0.0000,0.0000,0.0000,0.0000,0.0000,
406,2,335,204,378,231,0.0000,0.0000,0.0000,0.0000,0.0000,0.0000,
407,2,335,204,378,231,0.0000,0.0000,0.0000,0.0000,0.0000,0.0000,
408,2,335,204,378,231,0.0000,0.0000,0.0000,0.0000,0.0000,0.0000,
409,2,335,204,378,231,0.0000,0.0000,0.0000,0.0000,0.0000,0.0000,
410,2,335,204,378,231,0.0000,0.0000,0.0000,0.0000,0.0000,0.0000,
411,2,335,204,378,231,0.0000,0.0000,0.0000,0.0000,0.0000,0.0000,
412,2,335,204,378,231,0.0000,0.0000,0.0000,0.0000,0.0000,0.0000,
413,2,335,204,378,231,0.0000,0.0000,0.0000,0.0000,0.0000,0.0000,
414,2,335,204,378,231,0.0000,0.0000,0.0000,0.0000,0.0000,0.0000,
415,2,335,204,378,231,0.0000,0.0000,0.0000,0.0000,0.0000,0.0000,
416,2,335,204,378,231,0.0000,0.0000,0.0000,0.0000,0.0000,0.0000,
417,2,335,204,378,231,0.0000,0.0000,0.0000,0.0000,0.0000,0.0000,
418,2,335,204,378,231,0.0000,0.0000,0.0000,0.0000,0.0000,0.0000,
419,2,335,204,378,231,0.0000,0.0000,0.0000,0.0000,0.0000,0.0000,
420,2,335,204,378,231,0.0000,0.0000,0.0000,0.0000,0.0000,0.0000,
421,2,335,204,378,231,0.0000,0.0000,0.0000,0.0000,0.0000,0.0000,
422,2,335,204,378,231,0.0000,0.0000,0.0000,0.0000,0.0000,0.0000,
423,2,335,204,378,231,0.0000,0.0000,0.0000,0.0000,0.0000,0.0000,
424,2,335,204,378,231,0.0000,0.0000,0.0000,0.0000,0.0000,0.0000,
425,2,335,204,378,231,0.0000,0.0000,0.0000,0.0000,0.0000,0.0000,
426,2,335,204,378,231,0.0000,0.0000,0.0000,0.0000,0.0000,0.0000,
427,2,335,204,378,231,0.0000,0.0000,0.0000,0.0000,0.0000,0.0000,
428,2,335,204,378,231,0.0000,0.0000,0.0000,0.0000,0.0000,0.0000,
429,2,335,204,378,231,0.0000,0.0000,0.0000,0.0000,0.0000,0.0000,
430,2,335,204,378,231,0.0000,0.0000,0.0000,0.0000,0.0000,0.0000,
431,2,335,204,378,231,0.0000,0.0000,0.0000,0.0000,0.0000,0.0000,
432,2,335,204,378,231,0.0000,0.0000,0.0000,0.0000,0.0000,0.0000,
433,2,335,204,378,231,0.0000,0.0000,0.0000,0.0000,0.0000,0.0000,
434,2,335,204,378,231,0.0000,0.0000,0.0000,0.0000,0.0000,0.0000,
435,2,335,204,378,231,0.0000,0.0000,0.0000,0.0000,0.0000,0.0000,
436,2,335,204,378,231,0.0000,0.0000,0.0000,0.0000,0.0000,0.0000,
437,2,335,204,378,231,0.0000,0.0000,0.0000,0.0000,0.0000,0.0000,
438,2,335,204,378,231,0.0000,0.0000,0.0000,0.0000,0.0000,0.0000,
439,2,335,204,378,231,0.0000,0.0000,0.0000,0.0000,0.0000,0.0000,
440,2,335,204,378,231,0.0000,0.0000,0.0000,0.0000,0.0000,0.0000,
441,2,335,204,378,231,0.0000,0.0000,0.0000,0.0000,0.0000,0.0000,
442,2,335,204,378,231,0.0000,0.0000,0.0000,0.0000,0.0000,0.0000,
443,2,335,204,378,231,0.0000,0.0000,0.0000,0.0000,0.0000,0.0000,
444,2,335,204,378,231,0.0000,0.0000,0.0000,0.0000,0.0000,0.0000,
445,2,335,204,378,231,0.0000,0.0000,0.0000,0.0000,0.0000,0.0000,
446,2,335,204,378,231,0.0000,0.0000,0.0000,0.0000,0.0000,0.0000,
447,2,335,204,378,231,0.0000,0.0000,0.0000,0.0000,0.0000,0.0000,
448,2,335,204,378,231,0.0000,0.0000,0.0000,0.0000,0.0000,0.0000,
449,2,335,204,378,231,0.0000,0.0000,0.0000,0.0000,0.0000,0.0000,
450,2,335,204,378,231,0.0000,0.0000,0.0000,0.0000,0.0000,0.0000,
451,2,335,204,378,231,0.0000,0.0000,0.0000,0.0000,0.0000,0.0000,
452,2,335,204,378,231,0.0000,0.0000,0.0000,0.0000,0.0000,0.0000,
453,2,335,204,378,231,0.0000,0.0000,0.0000,0.0000,0.0000,0.0000,
454,2,335,204,378,231,0.0000,0.0000,0.0000,0.0000,0.0000,0.0000,
455,2,335,204,378,231,0.0000,0.0000,0.0000,0.0000,0.0000,0.0000,
456,2,335,204,378,231,0.0000,0.0000,0.0000,0.0000,0.0000,0.0000,
457,2,335,204,378,231,0.0000,0.0000,0.0000,0.0000,0.0000,0.0000,
458,2,335,204,378,231,0.0000,0.0000,0.0000,0.0000,0.0000,0.0000,
459,2,335,204,378,231,0.0000,0.0000,0.0000,0.0000,0.0000,0.0000,
460,2,335,204,378,231,0.0000,0.0000,0.0000,0.0000,0.0000,0.0000,
461,2,335,204,378,231,0.0000,0.0000,0.0000,0.0000,0.0000,0.0000,
462,2,335,204,378,231,0.0000,0.0000,0.0000,0.0000,0.0000,0.0000,
463,2,335,204,378,231,0.0000,0.0000,0.0000,0.0000,0.0000,0.0000,
464,2,335,204,378,231,0.0000,0.0000,0.0000,0.0000,0.0000,0.0000,
465,2,335,204,378,231,0.0000,0.0000,0.0000,0.0000,0.0000,0.0000,
466,2,335,204,378,231,0.0000,0.0000,0.0000,0.0000,0.0000,0.0000,
467,2,335,204,378,231,0.0000,0.0000,0.0000,0.0000,0.0000,0.0000,
468,2,335,204,378,231,0.0000,0.0000,0.0000,0.0000,0.0000,0.0000,
469,2,335,204,378,231,0.0000,0.0000,0.0000,0.0000,0.0000,0.0000,
470,2,335,204,378,231,0.0000,0.0000,0.0000,0.0000,0.0000,0.0000,
471,2,335,204,378,231,0.0000,0.0000,0.0000,0.0000,0.0000,0.0000,
472,2,335,204,378,231,0.0000,0.0000,0.0000,0.0000,0.0000,0.0000,
473,2,335,204,378,231,0.0000,0.0000,0.0000,0.0000,0.0000,0.0000,
474,2,335,204,378,231,0.0000,0.0000,0.0000,0.0000,0.0000,0.0000,
475,2,335,204,378,231,0.0000,0.0000,0.0000,0.0000,0.0000,0.0000,
476,2,335,204,378,231,0.0000,0.0000,0.0000,0.0000,0.0000,0.0000,
477,2,335,204,378,231,0.0000,0.0000,0.0000,0.0000,0.0000,0.0000,
478,2,335,204,378,231,0.0000,0.0000,0.0000,0.0000,0.0000,0.0000,
479,2,335,204,378,231,0.0000,0.0000,0.0000,0.0000,0.0000,0.0000,
480,2,335,204,378,231,0.0000,0.0000,0.0000,0.0000,0.0000,0.0000,
481,2,335,204,378,231,0.0000,0.0000,0.0000,0.0000,0.0000,0.0000,
