1,2,0,0,0,0,0.0000,0.0000,0.0000,0.0000,0.0000,0.0000,
2,2,0,0,0,0,0.0000,0.0000,0.0000,0.0000,0.0000,0.0000,
3,2,0,0,0,0,0.0000,0.0000,0.0000,0.0000,0.0000,0.0000,
4,2,0,0,0,0,0.0000,0.0000,0.0000,0.0000,0.0000,0.0000,
5,2,0,0,0,0,0.0000,0.0000,0.0000,0.0000,0.0000,0.0000,
6,2,0,0,0,0,0.0000,0.0000,0.0000,0.0000,0.0000,0.0000,
7,2,0,0,0,0,0.0000,0.0000,0.0000,0.0000,0.0000,0.0000,
8,2,0,0,0,0,0.0000,0.0000,0.0000,0.0000,0.0000,0.0000,
9,2,0,0,0,0,0.0000,0.0000,0.0000,0.0000,0.0000,0.0000,
10,2,0,0,0,0,0.0000,0.0000,0.0000,0.0000,0.0000,0.0000,
11,2,0,0,0,0,0.0000,0.0000,0.0000,0.0000,0.0000,0.0000,
12,2,0,0,0,0,0.0000,0.0000,0.0000,0.0000,0.0000,0.0000,
13,2,0,0,0,0,0.0000,0.0000,0.0000,0.0000,0.0000,0.0000,
14,2,0,0,0,0,0.0000,0.0000,0.0000,0.0000,0.0000,0.0000,
15,2,0,0,0,0,0.0000,0.0000,0.0000,0.0000,0.0000,0.0000,
16,2,0,0,0,0,0.0000,0.0000,0.0000,0.0000,0.0000,0.0000,
17,2,0,0,0,0,0.0000,0.0000,0.0000,0.0000,0.0000,0.0000,
18,2,0,0,0,0,0.0000,0.0000,0.0000,0.0000,0.0000,0.0000,
19,2,0,0,0,0,0.0000,0.0000,0.0000,0.0000,0.0000,0.0000,
20,2,0,0,0,0,0.0000,0.0000,0.0000,0.0000,0.0000,0.0000,
21,2,0,0,0,0,0.0000,0.0000,0.0000,0.0000,0.0000,0.0000,
22,2,0,0,0,0,0.0000,0.0000,0.0000,0.0000,0.0000,0.0000,
23,2,0,0,0,0,0.0000,0.0000,0.0000,0.0000,0.0000,0.0000,
24,2,0,0,0,0,0.0000,0.0000,0.0000,0.0000,0.0000,0.0000,
25,2,0,0,0,0,0.0000,0.0000,0.0000,0.0000,0.0000,0.0000,
26,2,0,0,0,0,0.0000,0.0000,0.0000,0.0000,0.0000,0.0000,
27,2,0,0,0,0,0.0000,0.0000,0.0000,0.0000,0.0000,0.0000,
28,2,0,0,0,0,0.0000,0.0000,0.0000,0.0000,0.0000,0.0000,
29,2,0,0,0,0,0.0000,0.0000,0.0000,0.0000,0.0000,0.0000,
30,2,0,0,0,0,0.0000,0.0000,0.0000,0.0000,0.0000,0.0000,
31,2,0,0,0,0,0.0000,0.0000,0.0000,0.0000,0.0000,0.0000,
32,2,0,0,0,0,0.0000,0.0000,0.0000,0.0000,0.0000,0.0000,
33,2,0,0,0,0,0.0000,0.0000,0.0000,0.0000,0.0000,0.0000,
34,2,0,0,0,0,0.0000,0.0000,0.0000,0.0000,0.0000,0.0000,
35,2,0,0,0,0,0.0000,0.0000,0.0000,0.0000,0.0000,0.0000,
36,2,0,0,0,0,0.0000,0.0000,0.0000,0.0000,0.0000,0.0000,
37,2,0,0,0,0,0.0000,0.0000,0.0000,0.0000,0.0000,0.0000,
38,2,0,0,0,0,0.0000,0.0000,0.0000,0.0000,0.0000,0.0000,
39,2,0,0,0,0,0.0000,0.0000,0.0000,0.0000,0.0000,0.0000,
40,2,0,0,0,0,0.0000,0.0000,0.0000,0.0000,0.0000,0.0000,
41,2,0,0,0,0,0.0000,0.0000,0.0000,0.0000,0.0000,0.0000,
42,2,0,0,0,0,0.0000,0.0000,0.0000,0.0000,0.0000,0.0000,
43,2,0,0,0,0,0.0000,0.0000,0.0000,0.0000,0.0000,0.0000,
44,2,0,0,0,0,0.0000,0.0000,0.0000,0.0000,0.0000,0.0000,
45,2,0,0,0,0,0.0000,0.0000,0.0000,0.0000,0.0000,0.0000,
46,2,0,0,0,0,0.0000,0.0000,0.0000,0.0000,0.0000,0.0000,
47,2,0,0,0,0,0.0000,0.0000,0.0000,0.0000,0.0000,0.0000,
48,2,0,0,0,0,0.0000,0.0000,0.0000,0.0000,0.0000,0.0000,
49,2,0,0,0,0,0.0000,0.0000,0.0000,0.0000,0.0000,0.0000,
50,2,0,0,0,0,0.0000,0.0000,0.0000,0.0000,0.0000,0.0000,
51,2,0,0,0,0,0.0000,0.0000,0.0000,0.0000,0.0000,0.0000,
52,2,0,0,0,0,0.0000,0.0000,0.0000,0.0000,0.0000,0.0000,
53,2,0,0,0,0,0.0000,0.0000,0.0000,0.0000,0.0000,0.0000,
54,2,0,0,0,0,0.0000,0.0000,0.0000,0.0000,0.0000,0.0000,
55,2,0,0,0,0,0.0000,0.0000,0.0000,0.0000,0.0000,0.0000,
56,2,0,0,0,0,0.0000,0.0000,0.0000,0.0000,0.0000,0.0000,
57,2,0,0,0,0,0.0000,0.0000,0.0000,0.0000,0.0000,0.0000,
58,2,0,0,0,0,0.0000,0.0000,0.0000,0.0000,0.0000,0.0000,
59,2,0,0,0,0,0.0000,0.0000,0.0000,0.0000,0.0000,0.0000,
60,2,0,0,0,0,0.0000,0.0000,0.0000,0.0000,0.0000,0.0000,
61,2,0,0,0,0,0.0000,0.0000,0.0000,0.0000,0.0000,0.0000,
62,2,0,0,0,0,0.0000,0.0000,0.0000,0.0000,0.0000,0.0000,
63,2,0,0,0,0,0.0000,0.0000,0.0000,0.0000,0.0000,0.0000,
64,2,0,0,0,0,0.0000,0.0000,0.0000,0.0000,0.0000,0.0000,
65,2,0,0,0,0,0.0000,0.0000,0.0000,0.0000,0.0000,0.0000,
66,2,0,0,0,0,0.0000,0.0000,0.0000,0.0000,0.0000,0.0000,
67,2,0,0,0,0,0.0000,0.0000,0.0000,0.0000,0.0000,0.0000,
68,2,0,0,0,0,0.0000,0.0000,0.0000,0.0000,0.0000,0.0000,
69,2,0,0,0,0,0.0000,0.0000,0.0000,0.0000,0.0000,0.0000,
70,2,0,0,0,0,0.0000,0.0000,0.0000,0.0000,0.0000,0.0000,
71,2,0,0,0,0,0.0000,0.0000,0.0000,0.0000,0.0000,0.0000,
72,2,0,0,0,0,0.0000,0.0000,0.0000,0.0000,0.0000,0.0000,
73,2,0,0,0,0,0.0000,0.0000,0.0000,0.0000,0.0000,0.0000,
74,2,0,0,0,0,0.0000,0.0000,0.0000,0.0000,0.0000,0.0000,
75,2,0,0,0,0,0.0000,0.0000,0.0000,0.0000,0.0000,0.0000,
76,2,0,0,0,0,0.0000,0.0000,0.0000,0.0000,0.0000,0.0000,
77,2,0,0,0,0,0.0000,0.0000,0.0000,0.0000,0.0000,0.0000,
78,2,0,0,0,0,0.0000,0.0000,0.0000,0.0000,0.0000,0.0000,
79,2,0,0,0,0,0.0000,0.0000,0.0000,0.0000,0.0000,0.0000,
80,2,0,0,0,0,0.0000,0.0000,0.0000,0.0000,0.0000,0.0000,
81,2,0,0,0,0,0.0000,0.0000,0.0000,0.0000,0.0000,0.0000,
82,2,0,0,0,0,0.0000,0.0000,0.0000,0.0000,0.0000,0.0000,
83,2,0,0,0,0,0.0000,0.0000,0.0000,0.0000,0.0000,0.0000,
84,2,0,0,0,0,0.0000,0.0000,0.0000,0.0000,0.0000,0.0000,
85,2,0,0,0,0,0.0000,0.0000,0.0000,0.0000,0.0000,0.0000,
86,2,0,0,0,0,0.0000,0.0000,0.0000,0.0000,0.0000,0.0000,
87,2,0,0,0,0,0.0000,0.0000,0.0000,0.0000,0.0000,0.0000,
88,2,0,0,0,0,0.0000,0.0000,0.0000,0.0000,0.0000,0.0000,
89,2,0,0,0,0,0.0000,0.0000,0.0000,0.0000,0.0000,0.0000,
90,2,0,0,0,0,0.0000,0.0000,0.0000,0.0000,0.0000,0.0000,
91,2,0,0,0,0,0.0000,0.0000,0.0000,0.0000,0.0000,0.0000,
92,2,0,0,0,0,0.0000,0.0000,0.0000,0.0000,0.0000,0.0000,
93,2,0,0,0,0,0.0000,0.0000,0.0000,0.0000,0.0000,0.0000,
94,2,0,0,0,0,0.0000,0.0000,0.0000,0.0000,0.0000,0.0000,
95,2,0,0,0,0,0.0000,0.0000,0.0000,0.0000,0.0000,0.0000,
96,2,0,0,0,0,0.0000,0.0000,0.0000,0.0000,0.0000,0.0000,
97,2,0,0,0,0,0.0000,0.0000,0.0000,0.0000,0.0000,0.0000,
98,2,0,0,0,0,0.0000,0.0000,0.0000,0.0000,0.0000,0.0000,
99,2,0,0,0,0,0.0000,0.0000,0.0000,0.0000,0.0000,0.0000,
100,2,0,0,0,0,0.0000,0.0000,0.0000,0.0000,0.0000,0.0000,
101,2,0,0,0,0,0.0000,0.0000,0.0000,0.0000,0.0000,0.0000,
102,2,0,0,0,0,0.0000,0.0000,0.0000,0.0000,0.0000,0.0000,
103,2,0,0,0,0,0.0000,0.0000,0.0000,0.0000,0.0000,0.0000,
104,2,0,0,0,0,0.0000,0.0000,0.0000,0.0000,0.0000,0.0000,
105,2,0,0,0,0,0.0000,0.0000,0.0000,0.0000,0.0000,0.0000,
106,2,0,0,0,0,0.0000,0.0000,0.0000,0.0000,0.0000,0.0000,
107,2,0,0,0,0,0.0000,0.0000,0.0000,0.0000,0.0000,0.0000,
108,2,0,0,0,0,0.0000,0.0000,0.0000,0.0000,0.0000,0.0000,
109,2,0,0,0,0,0.0000,0.0000,0.0000,0.0000,0.0000,0.0000,
110,2,0,0,0,0,0.0000,0.0000,0.0000,0.0000,0.0000,0.0000,
111,2,0,0,0,0,0.0000,0.0000,0.0000,0.0000,0.0000,0.0000,
112,2,0,0,0,0,0.0000,0.0000,0.0000,0.0000,0.0000,0.0000,
113,2,0,0,0,0,0.0000,0.0000,0.0000,0.0000,0.0000,0.0000,
114,2,0,0,0,0,0.0000,0.0000,0.0000,0.0000,0.0000,0.0000,
115,2,0,0,0,0,0.0000,0.0000,0.0000,0.0000,0.0000,0.0000,
116,2,0,0,0,0,0.0000,0.0000,0.0000,0.0000,0.0000,0.0000,
117,2,0,0,0,0,0.0000,0.0000,0.0000,0.0000,0.0000,0.0000,
118,2,0,0,0,0,0.0000,0.0000,0.0000,0.0000,0.0000,0.0000,
119,2,0,0,0,0,0.0000,0.0000,0.0000,0.0000,0.0000,0.0000,
120,2,0,0,0,0,0.0000,0.0000,0.0000,0.0000,0.0000,0.0000,
121,2,0,0,0,0,0.0000,0.0000,0.0000,0.0000,0.0000,0.0000,
122,2,0,0,0,0,0.0000,0.0000,0.0000,0.0000,0.0000,0.0000,
123,2,0,0,0,0,0.0000,0.0000,0.0000,0.0000,0.0000,0.0000,
124,2,0,0,0,0,0.0000,0.0000,0.0000,0.0000,0.0000,0.0000,
125,2,0,0,0,0,0.0000,0.0000,0.0000,0.0000,0.0000,0.0000,
126,2,0,0,0,0,0.0000,0.0000,0.0000,0.0000,0.0000,0.0000,
127,2,0,0,0,0,0.0000,0.0000,0.0000,0.0000,0.0000,0.0000,
128,2,0,0,0,0,0.0000,0.0000,0.0000,0.0000,0.0000,0.0000,
129,2,0,0,0,0,0.0000,0.0000,0.0000,0.0000,0.0000,0.0000,
130,2,0,0,0,0,0.0000,0.0000,0.0000,0.0000,0.0000,0.0000,
131,2,0,0,0,0,0.0000,0.0000,0.0000,0.0000,0.0000,0.0000,
132,2,0,0,0,0,0.0000,0.0000,0.0000,0.0000,0.0000,0.0000,
133,2,0,0,0,0,0.0000,0.0000,0.0000,0.0000,0.0000,0.0000,
134,2,0,0,0,0,0.0000,0.0000,0.0000,0.0000,0.0000,0.0000,
135,2,0,0,0,0,0.0000,0.0000,0.0000,0.0000,0.0000,0.0000,
136,2,0,0,0,0,0.0000,0.0000,0.0000,0.0000,0.0000,0.0000,
137,2,0,0,0,0,0.0000,0.0000,0.0000,0.0000,0.0000,0.0000,
138,2,0,0,0,0,0.0000,0.0000,0.0000,0.0000,0.0000,0.0000,
139,2,0,0,0,0,0.0000,0.0000,0.0000,0.0000,0.0000,0.0000,
140,2,0,0,0,0,0.0000,0.0000,0.0000,0.0000,0.0000,0.0000,
141,2,0,0,0,0,0.0000,0.0000,0.0000,0.0000,0.0000,0.0000,
142,2,0,0,0,0,0.0000,0.0000,0.0000,0.0000,0.0000,0.0000,
143,2,0,0,0,0,0.0000,0.0000,0.0000,0.0000,0.0000,0.0000,
144,2,0,0,0,0,0.0000,0.0000,0.0000,0.0000,0.0000,0.0000,
145,2,0,0,0,0,0.0000,0.0000,0.0000,0.0000,0.0000,0.0000,
146,2,0,0,0,0,0.0000,0.0000,0.0000,0.0000,0.0000,0.0000,
147,2,0,0,0,0,0.0000,0.0000,0.0000,0.0000,0.0000,0.0000,
148,2,0,0,0,0,0.0000,0.0000,0.0000,0.0000,0.0000,0.0000,
149,2,0,0,0,0,0.0000,0.0000,0.0000,0.0000,0.0000,0.0000,
150,2,0,0,0,0,0.0000,0.0000,0.0000,0.0000,0.0000,0.0000,
151,2,277,244,340,287,0.0000,0.0000,0.0000,0.0000,0.0000,0.0000,
152,2,277,244,340,287,0.0000,0.0000,0.0000,0.0000,0.0000,0.0000,
153,2,277,244,340,287,0.0000,0.0000,0.0000,0.0000,0.0000,0.0000,
154,2,277,244,340,287,0.0000,0.0000,0.0000,0.0000,0.0000,0.0000,
155,2,277,244,340,287,0.0000,0.0000,0.0000,0.0000,0.0000,0.0000,
156,2,277,244,340,287,0.0000,0.0000,0.0000,0.0000,0.0000,0.0000,
157,2,277,244,340,287,0.0000,0.0000,0.0000,0.0000,0.0000,0.0000,
158,2,277,244,340,287,0.0000,0.0000,0.0000,0.0000,0.0000,0.0000,
159,2,277,244,340,287,0.0000,0.0000,0.0000,0.0000,0.0000,0.0000,
160,2,277,244,340,287,0.0000,0.0000,0.0000,0.0000,0.0000,0.0000,
161,2,277,244,340,287,0.0000,0.0000,0.0000,0.0000,0.0000,0.0000,
162,2,277,244,340,287,0.0000,0.0000,0.0000,0.0000,0.0000,0.0000,
163,2,277,244,340,287,0.0000,0.0000,0.0000,0.0000,0.0000,0.0000,
164,2,277,244,340,287,0.0000,0.0000,0.0000,0.0000,0.0000,0.0000,
165,2,277,244,340,287,0.0000,0.0000,0.0000,0.0000,0.0000,0.0000,
166,2,277,244,340,287,0.0000,0.0000,0.0000,0.0000,0.0000,0.0000,
167,2,277,244,340,287,0.0000,0.0000,0.0000,0.0000,0.0000,0.0000,
168,2,277,244,340,287,0.0000,0.0000,0.0000,0.0000,0.0000,0.0000,
169,2,277,244,340,287,0.0000,0.0000,0.0000,0.0000,0.0000,0.0000,
170,2,277,244,340,287,0.0000,0.0000,0.0000,0.0000,0.0000,0.0000,
171,2,277,244,340,287,0.0000,0.0000,0.0000,0.0000,0.0000,0.0000,
172,2,277,244,340,287,0.0000,0.0000,0.0000,0.0000,0.0000,0.0000,
173,2,277,244,340,287,0.0000,0.0000,0.0000,0.0000,0.0000,0.0000,
174,2,277,244,340,287,0.0000,0.0000,0.0000,0.0000,0.0000,0.0000,
175,2,277,244,340,287,0.0000,0.0000,0.0000,0.0000,0.0000,0.0000,
176,2,277,244,340,287,0.0000,0.0000,0.0000,0.0000,0.0000,0.0000,
177,2,277,244,340,287,0.0000,0.0000,0.0000,0.0000,0.0000,0.0000,
178,2,277,244,340,287,0.0000,0.0000,0.0000,0.0000,0.0000,0.0000,
179,2,277,244,340,287,0.0000,0.0000,0.0000,0.0000,0.0000,0.0000,
180,2,277,244,340,287,0.0000,0.0000,0.0000,0.0000,0.0000,0.0000,
181,2,277,244,340,287,0.0000,0.0000,0.0000,0.0000,0.0000,0.0000,
182,2,277,244,340,287,0.0000,0.0000,0.0000,0.0000,0.0000,0.0000,
183,2,277,244,340,287,0.0000,0.0000,0.0000,0.0000,0.0000,0.0000,
184,2,277,244,340,287,0.0000,0.0000,0.0000,0.0000,0.0000,0.0000,
185,2,277,244,340,287,0.0000,0.0000,0.0000,0.0000,0.0000,0.0000,
186,2,277,244,340,287,0.0000,0.0000,0.0000,0.0000,0.0000,0.0000,
187,2,277,244,340,287,0.0000,0.0000,0.0000,0.0000,0.0000,0.0000,
188,2,277,244,340,287,0.0000,0.0000,0.0000,0.0000,0.0000,0.0000,
189,2,277,244,340,287,0.0000,0.0000,0.0000,0.0000,0.0000,0.0000,
190,2,277,244,340,287,0.0000,0.0000,0.0000,0.0000,0.0000,0.0000,
191,2,277,244,340,287,0.0000,0.0000,0.0000,0.0000,0.0000,0.0000,
192,2,277,244,340,287,0.0000,0.0000,0.0000,0.0000,0.0000,0.0000,
193,2,277,244,340,287,0.0000,0.0000,0.0000,0.0000,0.0000,0.0000,
194,2,277,244,340,287,0.0000,0.0000,0.0000,0.0000,0.0000,0.0000,
195,2,277,244,340,287,0.0000,0.0000,0.0000,0.0000,0.0000,0.0000,
196,2,277,244,340,287,0.0000,0.0000,0.0000,0.0000,0.0000,0.0000,
197,2,277,244,340,287,0.0000,0.0000,0.0000,0.0000,0.0000,0.0000,
198,2,277,244,340,287,0.0000,0.0000,0.0000,0.0000,0.0000,0.0000,
199,2,277,244,340,287,0.0000,0.0000,0.0000,0.0000,0.0000,0.0000,
200,2,277,244,340,287,0.0000,0.0000,0.0000,0.0000,0.0000,0.0000,
201,2,273,245,338,289,1.0000,-0.0000,-0.0001,0.9999,10.0003,10.0055,
202,2,273,245,338,289,0.9981,0.0023,-0.0057,0.9848,9.9682,10.6065,
203,2,273,245,338,289,1.0076,0.0125,0.0070,1.0040,9.3373,9.6814,
204,2,273,245,338,289,1.0076,-0.0008,0.0005,0.9994,9.7836,9.9750,
205,2,273,245,338,289,0.9968,0.0048,0.0077,1.0041,9.9639,9.5786,
206,2,273,245,338,289,0.9871,0.0059,0.0021,0.9958,10.2998,10.0451,
207,2,275,247,337,289,0.9502,0.0357,0.0284,0.9614,10.4888,10.3958,
208,2,275,247,337,289,1.0150,-0.0315,-0.0080,0.9752,10.4019,10.8270,
209,2,275,247,337,289,0.9873,-0.0230,0.0028,0.9951,11.0210,10.1321,
210,2,275,247,337,289,1.0080,-0.0193,0.0040,0.9838,10.4001,10.3327,
211,2,275,247,337,289,0.9903,0.0191,0.0072,1.0109,9.9528,9.3275,
212,2,275,247,337,289,0.9874,-0.0119,0.0061,1.0067,10.7808,9.6647,
213,2,275,247,337,289,0.9961,-0.0126,-0.0022,0.9924,10.4825,10.2871,
214,2,275,247,337,289,1.0143,0.0280,-0.0134,1.0148,9.0852,10.1677,
215,2,275,247,337,289,0.9984,-0.0012,-0.0097,0.9865,10.4647,10.8053,
216,2,275,247,337,289,1.0078,0.0000,0.0010,0.9958,10.0650,10.0755,
217,2,275,247,337,289,0.9828,-0.0455,-0.0033,1.0202,11.9371,9.5574,
218,2,275,247,337,289,0.9980,0.0013,0.0036,0.9943,10.5116,9.9726,
219,2,274,249,340,288,1.0592,0.0302,-0.0818,0.9271,7.8556,14.3203,
220,2,274,249,340,288,1.0123,-0.0078,-0.0037,1.0048,10.1759,10.0128,
221,2,274,249,340,288,0.9879,-0.0046,-0.0384,1.0005,10.9677,11.4790,
222,2,275,250,342,289,1.0167,0.0016,0.0010,0.9989,10.0493,10.1993,
223,2,278,249,341,291,0.9422,-0.0568,0.0354,1.0572,13.9675,7.7561,
224,2,278,249,341,291,0.9920,-0.0131,-0.0150,0.9926,11.1972,11.0376,
225,2,279,250,343,291,1.0213,0.0269,-0.0166,0.9660,9.4704,11.4858,
226,2,281,250,341,293,0.9344,-0.1629,0.0247,1.0498,15.2985,8.8086,
227,2,280,251,344,294,1.0608,0.0748,-0.0243,0.9846,7.2836,11.4826,
228,2,279,252,347,294,1.0513,0.0369,-0.0063,0.9816,8.0309,10.9269,
229,2,278,253,349,294,1.0459,0.0556,-0.0194,0.9726,7.6309,11.5231,
230,2,282,252,346,298,0.9065,-0.0638,0.1369,1.1226,14.6903,3.2296,
231,2,282,252,346,298,0.9949,-0.0105,-0.0060,0.9974,10.5999,10.7239,
232,2,282,252,346,298,1.0050,-0.0118,-0.0095,0.9959,10.2845,10.8096,
233,2,282,252,346,298,1.0073,0.0154,-0.0037,0.9969,9.6812,10.4156,
234,2,282,253,348,299,1.0242,0.0191,-0.0134,0.9935,9.1277,10.9515,
235,2,282,254,350,300,1.0227,-0.0053,0.0082,1.0063,9.8433,9.9568,
236,2,282,254,350,300,1.0148,0.0044,-0.0040,0.9937,9.7964,10.3776,
237,2,282,254,350,300,1.0033,-0.0085,-0.0100,0.9999,10.4997,10.6606,
238,2,291,254,343,301,0.7607,-0.1246,0.0127,1.0126,21.6359,9.3643,
239,2,294,253,342,303,0.9358,-0.0333,0.0257,1.0452,12.8311,8.2753,
240,2,294,252,344,305,1.0372,0.0178,0.0282,1.0545,9.2616,7.5477,
241,2,295,253,346,304,1.0265,0.0167,-0.0370,0.9607,9.6425,11.7396,
242,2,298,252,346,305,0.9331,-0.0736,0.0490,1.0487,14.4178,7.0221,
243,2,300,248,353,306,1.1013,-0.2400,-0.0046,1.0820,17.8662,6.0781,
244,2,302,249,356,302,1.0109,-0.0473,-0.1571,0.9045,13.3919,15.0070,
245,2,286,241,351,291,0.0000,0.0000,0.0000,0.0000,0.0000,0.0000,
246,2,289,238,355,290,0.0000,0.0000,0.0000,0.0000,0.0000,0.0000,
247,2,286,234,355,290,0.0000,0.0000,0.0000,0.0000,0.0000,0.0000,
248,2,293,235,357,283,0.0000,0.0000,0.0000,0.0000,0.0000,0.0000,
249,2,289,229,357,280,0.0000,0.0000,0.0000,0.0000,0.0000,0.0000,
250,2,289,224,360,275,0.0000,0.0000,0.0000,0.0000,0.0000,0.0000,
251,2,289,219,360,269,0.9999,0.0001,-0.0000,0.9997,10.0055,10.0127,
252,2,290,215,361,263,1.0033,-0.0478,-0.0065,0.9657,11.8280,5.8909,
253,2,292,211,361,257,0.9784,-0.0395,-0.0365,0.9624,12.4804,7.1083,
254,2,293,206,361,254,0.9830,-0.0029,0.0363,1.0533,10.9327,2.7323,
255,2,296,202,359,250,0.9258,-0.0432,-0.0162,1.0003,13.9119,5.9398,
256,2,296,200,359,245,0.9988,-0.0315,-0.0596,0.9411,10.5699,9.4472,
257,2,296,197,360,242,1.0119,-0.0104,-0.0348,0.9875,9.5640,7.9885,
258,2,296,195,360,240,1.0039,-0.0018,0.0076,0.9913,9.5491,7.1638,
259,2,297,193,359,238,0.9603,-0.0204,0.0336,1.0035,11.1750,6.7328,
260,2,297,191,358,238,0.9789,-0.0353,0.0378,1.0611,10.6910,5.9538,
261,2,297,191,356,238,0.9538,-0.0536,0.0369,1.0074,11.2289,7.8853,
262,2,297,191,356,238,0.9730,0.0129,0.0179,1.0318,9.5851,8.0848,
263,2,297,191,356,238,1.0053,0.0513,0.0253,0.9967,7.8790,8.7491,
264,2,297,191,356,238,0.9999,-0.0282,0.0120,0.9920,9.6186,9.2877,
265,2,297,191,356,238,0.9866,0.0178,0.0099,1.0060,8.9972,9.5324,
266,2,297,191,356,238,0.9861,0.0394,0.0278,0.9936,8.6144,9.4718,
267,2,297,191,356,238,1.0309,0.0140,0.0218,1.0123,8.2729,9.2338,
268,2,297,191,356,238,1.0055,0.0156,0.0241,1.0215,9.0120,9.1164,
269,2,298,191,355,240,0.9679,-0.0081,0.0693,1.0470,10.5547,7.5433,
270,2,298,191,355,240,1.0213,0.0374,0.0139,1.0096,8.2944,9.7795,
271,2,299,192,352,241,0.9262,0.0135,0.0097,1.0031,10.2677,10.1055,
272,2,301,193,349,242,0.8998,-0.0097,-0.0056,1.0031,11.7753,10.3541,
273,2,301,193,349,242,0.9953,0.0179,-0.0145,0.9946,9.6038,10.5842,
274,2,301,193,349,242,1.0005,-0.0025,-0.0180,1.0022,9.9581,10.4724,
275,2,300,194,354,243,1.1229,0.0798,-0.0129,1.0118,6.1359,10.4095,
276,2,300,195,356,244,1.0366,0.0497,0.0028,0.9974,8.1455,10.3325,
277,2,300,195,356,244,1.0050,0.0141,-0.0169,0.9705,9.4335,11.3715,
278,2,300,195,356,244,0.9903,0.0123,-0.0062,0.9810,9.6248,10.9745,
279,2,300,195,356,244,1.0209,0.0151,-0.0189,0.9990,8.9829,10.7724,
280,2,300,195,358,245,1.0266,0.0511,-0.0238,1.0057,8.3176,10.5950,
281,2,289,191,351,234,0.3591,-0.4591,-0.4392,0.7485,27.4851,20.5049,
282,2,290,193,350,235,0.9727,0.0475,0.0301,0.9878,9.0105,10.2224,
283,2,290,193,350,235,1.0098,0.0383,-0.0126,1.0121,8.3765,10.4453,
284,2,290,193,350,235,0.9860,-0.0002,0.0048,1.0003,9.8345,10.2285,
285,2,290,193,350,235,0.9951,0.0036,0.0049,0.9808,9.4212,10.7689,
286,2,290,193,350,235,0.9985,0.0261,-0.0001,0.9897,8.9052,10.3023,
287,2,290,193,350,235,0.9773,0.0083,-0.0147,0.9977,9.6991,10.2750,
288,2,290,193,350,235,1.0303,-0.0249,0.0088,0.9577,9.1168,10.7157,
289,2,290,193,350,235,0.9630,0.0284,-0.0007,1.0181,9.6950,9.4018,
290,2,290,193,350,235,0.9996,0.0111,-0.0464,0.9936,9.4610,11.1863,
291,2,290,193,350,235,1.0099,0.0157,-0.0022,0.9988,9.2753,10.0349,
292,2,290,193,350,235,1.0188,-0.0126,0.0048,0.9993,9.7115,9.8163,
293,2,290,193,350,235,0.9998,0.0202,-0.0030,1.0016,9.5420,10.0885,
294,2,290,193,350,235,0.9785,-0.0131,0.0416,1.0100,10.6331,8.9612,
295,2,290,193,352,235,1.0397,0.0182,-0.0564,0.9927,8.8196,11.2499,
296,2,290,193,352,235,0.9808,0.0003,0.0116,1.0013,10.4115,9.6690,
297,2,290,193,352,235,0.9825,-0.0121,0.0105,1.0154,10.6454,9.4247,
298,2,290,193,352,235,0.9999,-0.0074,0.0249,1.0054,10.1436,9.2580,
299,2,290,193,352,235,1.0051,-0.0216,0.0157,1.0064,10.3546,9.4376,
300,2,290,193,352,235,1.0062,0.0094,-0.0136,1.0022,9.6881,10.3627,
301,2,286,190,352,235,0.0000,0.0000,0.0000,0.0000,0.0000,0.0000,
302,2,286,190,352,235,0.0000,0.0000,0.0000,0.0000,0.0000,0.0000,
303,2,286,190,352,235,0.0000,0.0000,0.0000,0.0000,0.0000,0.0000,
304,2,286,190,352,235,0.0000,0.0000,0.0000,0.0000,0.0000,0.0000,
305,2,286,190,352,235,0.0000,0.0000,0.0000,0.0000,0.0000,0.0000,
306,2,286,190,352,235,0.0000,0.0000,0.0000,0.0000,0.0000,0.0000,
307,2,286,190,352,235,0.0000,0.0000,0.0000,0.0000,0.0000,0.0000,
308,2,286,190,352,235,0.0000,0.0000,0.0000,0.0000,0.0000,0.0000,
309,2,286,190,352,235,0.0000,0.0000,0.0000,0.0000,0.0000,0.0000,
310,2,286,190,352,235,0.0000,0.0000,0.0000,0.0000,0.0000,0.0000,
311,2,286,190,352,235,0.0000,0.0000,0.0000,0.0000,0.0000,0.0000,
312,2,286,190,352,235,0.0000,0.0000,0.0000,0.0000,0.0000,0.0000,
313,2,286,190,352,235,0.0000,0.0000,0.0000,0.0000,0.0000,0.0000,
314,2,286,190,352,235,0.0000,0.0000,0.0000,0.0000,0.0000,0.0000,
315,2,286,190,352,235,0.0000,0.0000,0.0000,0.0000,0.0000,0.0000,
316,2,286,190,352,235,0.0000,0.0000,0.0000,0.0000,0.0000,0.0000,
317,2,286,190,352,235,0.0000,0.0000,0.0000,0.0000,0.0000,0.0000,
318,2,286,190,352,235,0.0000,0.0000,0.0000,0.0000,0.0000,0.0000,
319,2,286,190,352,235,0.0000,0.0000,0.0000,0.0000,0.0000,0.0000,
320,2,286,190,352,235,0.0000,0.0000,0.0000,0.0000,0.0000,0.0000,
321,2,286,190,352,235,0.0000,0.0000,0.0000,0.0000,0.0000,0.0000,
322,2,286,190,352,235,0.0000,0.0000,0.0000,0.0000,0.0000,0.0000,
323,2,286,190,352,235,0.0000,0.0000,0.0000,0.0000,0.0000,0.0000,
324,2,286,190,352,235,0.0000,0.0000,0.0000,0.0000,0.0000,0.0000,
325,2,286,190,352,235,0.0000,0.0000,0.0000,0.0000,0.0000,0.0000,
326,2,286,190,352,235,0.0000,0.0000,0.0000,0.0000,0.0000,0.0000,
327,2,286,190,352,235,0.0000,0.0000,0.0000,0.0000,0.0000,0.0000,
328,2,286,190,352,235,0.0000,0.0000,0.0000,0.0000,0.0000,0.0000,
329,2,286,190,352,235,0.0000,0.0000,0.0000,0.0000,0.0000,0.0000,
330,2,286,190,352,235,0.0000,0.0000,0.0000,0.0000,0.0000,0.0000,
331,2,286,190,352,235,0.0000,0.0000,0.0000,0.0000,0.0000,0.0000,
332,2,286,190,352,235,0.0000,0.0000,0.0000,0.0000,0.0000,0.0000,
333,2,286,190,352,235,0.0000,0.0000,0.0000,0.0000,0.0000,0.0000,
334,2,286,190,352,235,0.0000,0.0000,0.0000,0.0000,0.0000,0.0000,
335,2,286,190,352,235,0.0000,0.0000,0.0000,0.0000,0.0000,0.0000,
336,2,286,190,352,235,0.0000,0.0000,0.0000,0.0000,0.0000,0.0000,
337,2,286,190,352,235,0.0000,0.0000,0.0000,0.0000,0.0000,0.0000,
338,2,286,190,352,235,0.0000,0.0000,0.0000,0.0000,0.0000,0.0000,
339,2,286,190,352,235,0.0000,0.0000,0.0000,0.0000,0.0000,0.0000,
340,2,286,190,352,235,0.0000,0.0000,0.0000,0.0000,0.0000,0.0000,
341,2,286,190,352,235,0.0000,0.0000,0.0000,0.0000,0.0000,0.0000,
342,2,286,190,352,235,0.0000,0.0000,0.0000,0.0000,0.0000,0.0000,
343,2,286,190,352,235,0.0000,0.0000,0.0000,0.0000,0.0000,0.0000,
344,2,286,190,352,235,0.0000,0.0000,0.0000,0.0000,0.0000,0.0000,
345,2,286,190,352,235,0.0000,0.0000,0.0000,0.0000,0.0000,0.0000,
346,2,286,190,352,235,0.0000,0.0000,0.0000,0.0000,0.0000,0.0000,
347,2,286,190,352,235,0.0000,0.0000,0.0000,0.0000,0.0000,0.0000,
348,2,286,190,352,235,0.0000,0.0000,0.0000,0.0000,0.0000,0.0000,
349,2,286,190,352,235,0.0000,0.0000,0.0000,0.0000,0.0000,0.0000,
350,2,286,190,352,235,0.0000,0.0000,0.0000,0.0000,0.0000,0.0000,
351,2,286,190,352,235,0.0000,0.0000,0.0000,0.0000,0.0000,0.0000,
352,2,286,190,352,235,0.0000,0.0000,0.0000,0.0000,0.0000,0.0000,
353,2,286,190,352,235,0.0000,0.0000,0.0000,0.0000,0.0000,0.0000,
354,2,286,190,352,235,0.0000,0.0000,0.0000,0.0000,0.0000,0.0000,
355,2,286,190,352,235,0.0000,0.0000,0.0000,0.0000,0.0000,0.0000,
356,2,286,190,352,235,0.0000,0.0000,0.0000,0.0000,0.0000,0.0000,
357,2,286,190,352,235,0.0000,0.0000,0.0000,0.0000,0.0000,0.0000,
358,2,286,190,352,235,0.0000,0.0000,0.0000,0.0000,0.0000,0.0000,
359,2,286,190,352,235,0.0000,0.0000,0.0000,0.0000,0.0000,0.0000,
360,2,286,190,352,235,0.0000,0.0000,0.0000,0.0000,0.0000,0.0000,
361,2,286,190,352,235,0.0000,0.0000,0.0000,0.0000,0.0000,0.0000,
362,2,286,190,352,235,0.0000,0.0000,0.0000,0.0000,0.0000,0.0000,
363,2,286,190,352,235,0.0000,0.0000,0.0000,0.0000,0.0000,0.0000,
364,2,286,190,352,235,0.0000,0.0000,0.0000,0.0000,0.0000,0.0000,
365,2,286,190,352,235,0.0000,0.0000,0.0000,0.0000,0.0000,0.0000,
366,2,286,190,352,235,0.0000,0.0000,0.0000,0.0000,0.0000,0.0000,
367,2,286,190,352,235,0.0000,0.0000,0.0000,0.0000,0.0000,0.0000,
368,2,286,190,352,235,0.0000,0.0000,0.0000,0.0000,0.0000,0.0000,
369,2,286,190,352,235,0.0000,0.0000,0.0000,0.0000,0.0000,0.0000,
370,2,286,190,352,235,0.0000,0.0000,0.0000,0.0000,0.0000,0.0000,
371,2,286,190,352,235,0.0000,0.0000,0.0000,0.0000,0.0000,0.0000,
372,2,286,190,352,235,0.0000,0.0000,0.0000,0.0000,0.0000,0.0000,
373,2,286,190,352,235,0.0000,0.0000,0.0000,0.0000,0.0000,0.0000,
374,2,286,190,352,235,0.0000,0.0000,0.0000,0.0000,0.0000,0.0000,
375,2,286,190,352,235,0.0000,0.0000,0.0000,0.0000,0.0000,0.0000,
376,2,286,190,352,235,0.0000,0.0000,0.0000,0.0000,0.0000,0.0000,
377,2,286,190,352,235,0.0000,0.0000,0.0000,0.0000,0.0000,0.0000,
378,2,286,190,352,235,0.0000,0.0000,0.0000,0.0000,0.0000,0.0000,
379,2,286,190,352,235,0.0000,0.0000,0.0000,0.0000,0.0000,0.0000,
380,2,286,190,352,235,0.0000,0.0000,0.0000,0.0000,0.0000,0.0000,
381,2,286,190,352,235,0.0000,0.0000,0.0000,0.0000,0.0000,0.0000,
382,2,286,190,352,235,0.0000,0.0000,0.0000,0.0000,0.0000,0.0000,
383,2,286,190,352,235,0.0000,0.0000,0.0000,0.0000,0.0000,0.0000,
384,2,286,190,352,235,0.0000,0.0000,0.0000,0.0000,0.0000,0.0000,
385,2,286,190,352,235,0.0000,0.0000,0.0000,0.0000,0.0000,0.0000,
386,2,286,190,352,235,0.0000,0.0000,0.0000,0.0000,0.0000,0.0000,
387,2,286,190,352,235,0.0000,0.0000,0.0000,0.0000,0.0000,0.0000,
388,2,286,190,352,235,0.0000,0.0000,0.0000,0.0000,0.0000,0.0000,
389,2,286,190,352,235,0.0000,0.0000,0.0000,0.0000,0.0000,0.0000,
390,2,286,190,352,235,0.0000,0.0000,0.0000,0.0000,0.0000,0.0000,
391,2,286,190,352,235,0.0000,0.0000,0.0000,0.0000,0.0000,0.0000,
392,2,286,190,352,235,0.0000,0.0000,0.0000,0.0000,0.0000,0.0000,
393,2,286,190,352,235,0.0000,0.0000,0.0000,0.0000,0.0000,0.0000,
394,2,286,190,352,235,0.0000,0.0000,0.0000,0.0000,0.0000,0.0000,
395,2,286,190,352,235,0.0000,0.0000,0.0000,0.0000,0.0000,0.0000,
396,2,286,190,352,235,0.0000,0.0000,0.0000,0.0000,0.0000,0.0000,
397,2,286,190,352,235,0.0000,0.0000,0.0000,0.0000,0.0000,0.0000,
398,2,286,190,352,235,0.0000,0.0000,0.0000,0.0000,0.0000,0.0000,
399,2,286,190,352,235,0.0000,0.0000,0.0000,0.0000,0.0000,0.0000,
400,2,286,190,352,235,0.0000,0.0000,0.0000,0.0000,0.0000,0.0000,
401,2,286,190,352,235,0.0000,0.0000,0.0000,0.0000,0.0000,0.0000,
402,2,286,190,352,235,0.0000,0.0000,0.0000,0.0000,0.0000,0.0000,
403,2,286,190,352,235,0.0000,0.0000,0.0000,0.0000,0.0000,0.0000,
404,2,286,190,352,235,0.0000,0.0000,0.0000,0.0000,0.0000,0.0000,
405,2,286,190,352,235,0.0000,0.0000,0.0000,0.0000,0.0000,0.0000,
406,2,286,190,352,235,0.0000,0.0000,0.0000,0.0000,0.0000,0.0000,
407,2,286,190,352,235,0.0000,0.0000,0.0000,0.0000,0.0000,0.0000,
408,2,286,190,352,235,0.0000,0.0000,0.0000,0.0000,0.0000,0.0000,
409,2,286,190,352,235,0.0000,0.0000,0.0000,0.0000,0.0000,0.0000,
410,2,286,190,352,235,0.0000,0.0000,0.0000,0.0000,0.0000,0.0000,
411,2,286,190,352,235,0.0000,0.0000,0.0000,0.0000,0.0000,0.0000,
412,2,286,190,352,235,0.0000,0.0000,0.0000,0.0000,0.0000,0.0000,
413,2,286,190,352,235,0.0000,0.0000,0.0000,0.0000,0.0000,0.0000,
414,2,286,190,352,235,0.0000,0.0000,0.0000,0.0000,0.0000,0.0000,
415,2,286,190,352,235,0.0000,0.0000,0.0000,0.0000,0.0000,0.0000,
416,2,286,190,352,235,0.0000,0.0000,0.0000,0.0000,0.0000,0.0000,
417,2,286,190,352,235,0.0000,0.0000,0.0000,0.0000,0.0000,0.0000,
418,2,286,190,352,235,0.0000,0.0000,0.0000,0.0000,0.0000,0.0000,
419,2,286,190,352,235,0.0000,0.0000,0.0000,0.0000,0.0000,0.0000,
420,2,286,190,352,235,0.0000,0.0000,0.0000,0.0000,0.0000,0.0000,
421,2,286,190,352,235,0.0000,0.0000,0.0000,0.0000,0.0000,0.0000,
422,2,286,190,352,235,0.0000,0.0000,0.0000,0.0000,0.0000,0.0000,
423,2,286,190,352,235,0.0000,0.0000,0.0000,0.0000,0.0000,0.0000,
424,2,286,190,352,235,0.0000,0.0000,0.0000,0.0000,0.0000,0.0000,
425,2,286,190,352,235,0.0000,0.0000,0.0000,0.0000,0.0000,0.0000,
426,2,286,190,352,235,0.0000,0.0000,0.0000,0.0000,0.0000,0.0000,
427,2,286,190,352,235,0.0000,0.0000,0.0000,0.0000,0.0000,0.0000,
428,2,286,190,352,235,0.0000,0.0000,0.0000,0.0000,0.0000,0.0000,
429,2,286,190,352,235,0.0000,0.0000,0.0000,0.0000,0.0000,0.0000,
430,2,286,190,352,235,0.0000,0.0000,0.0000,0.0000,0.0000,0.0000,
431,2,286,190,352,235,0.0000,0.0000,0.0000,0.0000,0.0000,0.0000,
432,2,286,190,352,235,0.0000,0.0000,0.0000,0.0000,0.0000,0.0000,
433,2,286,190,352,235,0.0000,0.0000,0.0000,0.0000,0.0000,0.0000,
434,2,286,190,352,235,0.0000,0.0000,0.0000,0.0000,0.0000,0.0000,
435,2,286,190,352,235,0.0000,0.0000,0.0000,0.0000,0.0000,0.0000,
436,2,286,190,352,235,0.0000,0.0000,0.0000,0.0000,0.0000,0.0000,
437,2,286,190,352,235,0.0000,0.0000,0.0000,0.0000,0.0000,0.0000,
438,2,286,190,352,235,0.0000,0.0000,0.0000,0.0000,0.0000,0.0000,
439,2,286,190,352,235,0.0000,0.0000,0.0000,0.0000,0.0000,0.0000,
440,2,286,190,352,235,0.0000,0.0000,0.0000,0.0000,0.0000,0.0000,
441,2,286,190,352,235,0.0000,0.0000,0.0000,0.0000,0.0000,0.0000,
442,2,286,190,352,235,0.0000,0.0000,0.0000,0.0000,0.0000,0.0000,
443,2,286,190,352,235,0.0000,0.0000,0.0000,0.0000,0.0000,0.0000,
444,2,286,190,352,235,0.0000,0.0000,0.0000,0.0000,0.0000,0.0000,
445,2,286,190,352,235,0.0000,0.0000,0.0000,0.0000,0.0000,0.0000,
446,2,286,190,352,235,0.0000,0.0000,0.0000,0.0000,0.0000,0.0000,
447,2,286,190,352,235,0.0000,0.0000,0.0000,0.0000,0.0000,0.0000,
448,2,286,190,352,235,0.0000,0.0000,0.0000,0.0000,0.0000,0.0000,
449,2,286,190,352,235,0.0000,0.0000,0.0000,0.0000,0.0000,0.0000,
450,2,286,190,352,235,0.0000,0.0000,0.0000,0.0000,0.0000,0.0000,
451,2,286,190,352,235,0.0000,0.0000,0.0000,0.0000,0.0000,0.0000,
452,2,286,190,352,235,0.0000,0.0000,0.0000,0.0000,0.0000,0.0000,
