1,232,52,220,100,183,126,177,189,181,244,246,128,249,183,255,229,201,235,199,314,194,364,238,234,220,312,203,364
2,232,52,220,100,182,126,176,188,180,244,245,129,250,183,255,228,202,235,199,314,196,363,238,235,220,312,203,364
3,233,52,220,100,182,127,177,189,181,243,246,129,249,186,255,232,202,232,199,314,197,366,237,232,220,312,199,362
4,233,52,220,100,182,126,179,187,181,243,245,128,250,184,254,229,202,233,200,314,196,363,237,233,221,311,205,363
5,233,53,219,101,182,126,177,187,180,243,245,128,249,182,255,228,201,234,200,314,195,363,237,234,219,310,204,364
6,233,53,220,101,182,126,179,186,181,243,245,128,248,183,255,228,202,235,200,315,195,363,237,234,220,313,203,364
7,234,53,220,100,182,126,177,187,180,243,245,128,249,183,255,228,202,233,199,316,195,363,237,233,220,313,203,364
8,233,53,220,100,183,126,177,187,181,242,245,128,250,182,254,228,201,232,200,314,194,363,237,231,220,312,202,364
9,234,52,220,100,182,126,178,187,182,241,246,128,249,182,254,228,201,236,200,314,195,363,237,235,219,311,203,364
10,234,52,221,100,182,126,175,189,182,243,246,127,249,181,254,228,201,236,199,313,194,363,237,235,220,311,204,364
11,234,53,221,100,182,127,180,187,182,242,245,128,248,180,254,227,203,233,199,313,194,363,237,232,220,312,202,365
12,234,52,220,100,183,126,177,187,182,243,244,128,248,180,254,227,201,231,200,314,196,364,237,231,219,310,203,365
13,234,53,220,100,183,127,179,187,183,244,244,128,247,181,253,226,202,231,200,312,197,363,236,230,219,309,202,365
14,234,53,220,101,183,126,177,188,182,241,244,128,245,182,253,227,202,234,200,312,195,363,236,232,220,310,203,364
15,235,53,220,101,183,126,178,186,183,239,244,128,246,181,253,227,202,231,201,315,196,364,235,230,220,311,203,364
16,235,53,220,100,183,126,180,186,184,242,243,129,245,181,252,226,201,233,200,312,194,362,235,231,220,309,206,363
17,235,53,221,100,184,126,177,188,183,243,244,127,245,179,252,225,203,230,200,313,201,365,236,228,220,312,200,363
18,236,53,221,100,184,125,179,187,183,243,244,127,246,179,252,227,202,231,200,312,202,364,235,230,220,310,202,364
19,235,53,221,100,184,126,180,186,185,242,243,128,245,182,252,228,202,230,201,313,197,364,235,228,219,309,204,364
20,235,53,221,100,184,125,175,188,184,243,243,129,243,182,251,226,201,236,201,313,198,364,235,234,220,310,203,364
21,236,54,221,100,185,124,179,187,184,243,243,129,243,181,250,224,203,231,201,313,201,364,235,230,221,310,201,362
22,236,53,221,100,185,125,176,185,185,237,243,128,243,181,250,227,203,229,201,312,198,365,235,228,221,309,209,363
23,237,54,222,100,186,125,178,188,184,243,242,128,238,180,249,222,203,234,201,311,200,363,234,232,222,308,212,363
24,238,53,222,100,186,125,176,187,185,243,241,127,240,181,249,223,202,230,202,311,207,364,235,228,222,308,212,363
25,238,53,222,101,186,126,175,188,185,242,240,127,242,181,249,222,201,233,203,313,200,370,234,230,222,308,205,364
26,240,54,222,101,187,127,177,189,187,243,239,127,240,181,248,222,202,231,203,312,198,367,233,229,221,307,210,362
27,240,54,222,100,189,127,179,189,188,243,238,128,238,181,248,224,203,231,204,311,208,364,231,229,222,307,212,363
28,242,55,222,100,190,127,181,187,188,243,237,127,236,180,246,222,202,231,204,311,198,365,231,230,221,307,210,363
29,243,53,224,99,191,129,182,191,190,243,236,127,236,181,246,223,202,230,204,309,207,364,231,229,222,304,210,363
30,245,53,224,99,193,127,187,187,191,241,233,126,232,179,245,221,203,228,204,310,199,369,231,227,223,301,211,360
31,245,55,225,100,194,127,192,186,194,239,233,127,229,178,243,220,203,231,206,309,208,364,231,229,222,302,208,362
32,247,55,226,100,197,126,187,180,194,239,231,127,222,180,241,223,204,231,207,308,204,364,229,231,223,303,209,360
33,248,55,227,100,199,126,190,185,196,242,231,129,219,181,238,220,206,235,207,306,206,364,230,234,223,300,207,358
34,249,56,227,101,199,128,199,188,199,242,232,130,219,183,238,225,207,233,208,310,209,369,229,232,224,302,205,357
35,248,58,226,104,205,128,205,182,200,242,228,127,218,181,231,226,204,235,207,310,212,370,228,233,224,300,204,358
36,249,58,228,103,210,123,205,179,204,240,228,127,218,178,228,224,203,234,209,307,206,364,227,233,225,300,204,358
37,250,57,230,104,213,123,212,177,207,241,231,127,217,178,222,228,210,232,212,306,202,354,223,230,223,302,202,354
38,0,0,0,0,0,0,0,0,0,0,0,0,0,0,0,0,0,0,0,0,0,0,0,0,0,0,0,0
39,0,0,0,0,0,0,0,0,0,0,0,0,0,0,0,0,0,0,0,0,0,0,0,0,0,0,0,0
40,254,59,231,104,217,123,208,173,219,246,228,126,215,178,220,231,216,231,219,307,209,342,214,227,214,301,211,342
41,256,59,231,104,216,123,210,168,224,247,227,126,218,178,223,236,218,231,222,305,201,339,210,227,216,298,200,339
42,258,60,233,104,220,123,205,167,228,248,226,125,213,175,222,227,219,229,224,306,211,341,210,224,217,297,199,341
43,0,0,0,0,0,0,0,0,0,0,0,0,0,0,0,0,0,0,0,0,0,0,0,0,0,0,0,0
44,0,0,0,0,0,0,0,0,0,0,0,0,0,0,0,0,0,0,0,0,0,0,0,0,0,0,0,0
45,262,62,237,105,223,125,216,174,247,243,226,126,217,175,224,221,218,225,239,309,202,364,205,220,215,302,198,367
46,264,62,238,105,224,124,209,169,252,240,227,126,216,176,230,223,223,225,240,308,212,368,203,218,214,301,200,367
47,266,62,240,105,228,126,233,190,259,240,227,126,219,178,227,224,220,226,245,310,217,363,206,219,213,303,202,363
48,267,62,241,106,234,129,240,192,266,242,225,126,219,176,227,221,224,227,247,308,247,366,207,220,215,301,203,363
49,267,64,243,106,234,129,244,189,272,241,229,127,222,180,228,220,227,231,249,308,249,365,206,223,215,303,204,364
50,269,64,245,107,242,130,249,186,279,240,226,128,221,178,224,214,228,232,250,306,251,364,206,225,217,300,205,364
51,271,62,247,107,246,131,254,184,286,241,228,126,223,176,228,215,231,232,253,308,265,359,208,226,217,300,203,363
52,273,62,251,107,251,132,263,190,291,237,230,130,231,179,236,214,236,235,255,309,260,366,211,228,217,301,203,364
53,275,62,253,108,256,134,268,189,298,235,228,129,229,176,240,208,235,232,257,311,270,359,213,227,217,304,203,364
54,278,64,255,109,258,134,277,189,305,234,229,127,233,176,245,206,241,233,257,308,264,365,213,228,217,303,204,363
55,281,63,258,108,264,135,284,190,312,232,228,126,226,171,247,200,243,231,258,305,264,365,215,225,218,301,203,363
56,285,64,262,107,269,136,289,186,317,230,228,129,229,172,249,207,245,231,260,305,264,364,216,225,219,301,203,364
57,289,64,265,107,274,135,297,187,324,228,229,128,232,171,258,172,248,232,263,307,265,373,218,226,219,301,203,373
58,294,64,269,107,279,137,303,187,330,228,231,125,234,169,255,209,252,233,264,306,267,366,220,227,219,302,202,366
59,296,64,273,107,287,135,308,184,336,225,235,124,235,164,262,172,256,232,266,309,272,362,222,225,219,302,205,362
60,300,63,277,107,292,138,316,187,341,225,238,124,236,166,267,200,257,231,268,311,269,366,224,223,219,303,201,366
61,304,64,282,109,298,140,322,188,346,221,239,127,230,174,264,182,259,229,268,314,271,367,227,221,219,305,200,367
62,306,66,285,110,303,141,326,187,349,220,245,126,229,178,264,192,262,229,269,314,268,375,228,221,219,305,203,375
63,312,67,291,111,307,143,331,188,354,221,248,126,232,174,262,167,262,228,269,315,268,375,229,220,220,306,203,375
64,317,66,296,111,310,143,335,189,356,219,255,125,238,171,270,173,263,230,269,317,268,378,229,220,220,305,205,369
65,321,68,298,113,312,144,337,188,359,218,256,125,237,169,269,165,265,226,270,315,268,373,231,218,223,303,204,373
66,323,69,300,114,318,145,339,188,362,218,258,126,239,169,270,160,268,228,270,316,267,374,231,217,222,307,204,374
67,326,71,304,116,321,148,344,190,362,218,262,126,244,168,273,161,269,232,271,317,267,375,231,219,223,304,205,375
68,330,73,306,116,323,147,346,191,363,217,264,125,244,169,270,166,271,230,271,317,269,381,233,216,224,303,206,366
69,333,74,308,117,325,148,346,190,366,217,265,125,247,170,276,167,273,228,271,319,269,375,236,213,223,307,206,375
70,335,76,311,119,328,150,347,191,367,218,269,125,246,168,250,207,273,230,272,318,269,381,236,215,224,305,208,364
71,338,76,313,120,328,151,347,191,368,218,271,126,250,168,294,162,274,230,272,319,268,381,237,216,223,308,208,367
72,340,78,314,120,327,153,350,194,367,218,271,126,248,170,253,208,276,230,273,321,273,383,238,214,223,309,209,364
73,341,79,314,121,329,152,350,193,368,217,273,126,253,168,294,163,277,229,273,321,272,380,238,216,223,311,209,366
74,343,81,316,123,329,153,348,189,368,215,277,125,253,167,284,168,278,229,274,321,272,382,240,214,223,310,209,363
75,344,81,319,123,333,153,348,189,367,214,277,125,270,161,297,159,279,229,274,323,274,383,241,215,222,314,208,363
76,345,81,319,123,332,154,348,189,367,214,279,127,254,167,297,165,281,233,274,321,271,367,242,215,224,311,212,364
77,346,82,320,124,335,154,350,190,367,213,281,125,271,160,301,160,282,230,274,323,275,383,242,213,223,315,209,365
78,346,81,321,124,336,153,350,190,366,212,282,127,262,165,259,205,282,229,274,324,276,383,242,213,222,317,213,383
79,346,82,321,124,335,154,349,190,367,213,283,127,269,166,304,165,284,231,274,324,277,384,243,215,223,318,209,364
80,346,82,321,125,336,154,351,192,367,215,281,130,263,168,258,204,285,229,274,323,276,386,246,212,225,315,212,363
81,347,84,321,126,336,153,351,190,368,215,283,127,273,165,298,128,285,231,274,324,276,383,244,214,224,315,217,383
82,347,84,321,126,337,154,351,191,367,214,283,127,256,168,257,205,285,229,274,323,275,383,244,215,224,316,209,365
83,346,82,320,125,335,155,351,194,367,216,281,130,252,176,258,207,285,229,274,321,273,383,245,214,225,313,219,383
84,347,83,321,125,336,154,351,192,367,217,282,130,251,173,288,176,286,230,273,322,274,383,246,215,225,314,219,383
85,347,84,320,125,337,154,351,192,367,218,280,130,250,178,284,173,285,229,273,324,275,383,246,214,225,316,216,383
86,347,84,319,126,335,154,351,194,367,218,281,129,255,174,285,178,286,231,273,323,274,383,246,215,225,314,211,363
87,346,85,319,127,337,152,350,193,366,218,283,130,277,168,305,166,286,231,274,325,277,388,246,216,226,314,213,363
88,347,84,319,127,337,154,351,194,365,216,281,129,249,181,256,212,287,229,273,324,276,387,247,214,225,314,212,362
89,346,85,318,127,337,154,350,193,366,218,278,131,253,174,288,176,286,231,274,324,273,382,246,215,226,315,212,364
90,347,86,319,127,337,155,351,194,367,219,280,131,249,177,273,170,286,229,273,322,273,383,246,214,226,313,212,363
91,345,85,319,127,337,155,350,192,365,216,280,131,248,182,246,152,286,233,273,323,274,384,247,216,226,313,213,363
92,347,86,319,128,337,156,352,193,368,219,280,132,252,176,259,211,286,230,273,323,276,386,246,214,226,314,213,363
93,346,86,319,127,337,154,352,193,367,218,279,133,248,179,287,180,286,229,273,324,275,384,247,214,225,315,211,365
94,345,85,318,127,337,155,350,192,366,218,279,133,250,177,281,179,286,230,273,324,275,384,247,214,224,316,217,384
95,346,86,319,128,337,155,350,191,366,218,280,132,249,180,245,151,286,232,273,324,273,384,246,216,225,314,211,364
96,346,86,318,127,337,155,352,194,367,220,277,132,249,181,276,179,286,230,273,324,276,384,247,214,224,317,217,384
97,347,87,318,128,336,153,352,195,367,219,280,130,273,170,302,174,286,232,273,324,276,388,246,216,225,314,212,363
98,346,86,319,127,336,154,351,195,367,220,282,130,268,170,295,174,285,229,272,324,273,383,245,213,224,315,210,365
99,347,86,319,128,338,155,352,193,369,220,281,130,274,166,303,170,285,228,272,323,276,387,246,214,224,315,212,364
100,346,86,319,127,337,154,353,194,368,220,280,132,272,168,303,170,285,231,273,324,273,384,246,214,224,315,212,364
101,346,87,318,128,336,154,350,192,368,219,282,130,276,169,306,169,286,232,273,323,275,386,245,215,224,316,213,364
102,347,85,319,126,335,155,351,194,367,218,279,131,264,171,263,209,285,231,273,322,276,388,245,215,224,314,212,362
103,347,85,319,126,336,153,352,192,368,218,281,130,268,171,305,169,285,232,273,324,276,385,245,215,224,316,209,365
104,347,84,319,126,336,155,353,195,367,218,280,131,251,177,260,212,285,232,273,323,277,388,245,215,225,313,212,362
105,346,83,320,125,335,157,351,193,367,217,280,130,249,178,273,170,285,232,274,321,277,388,245,215,225,313,212,363
106,347,83,320,125,336,152,351,194,366,217,281,129,272,167,307,165,285,231,273,322,277,389,245,214,224,315,211,363
107,346,82,319,124,336,152,353,195,365,216,280,129,275,166,297,130,284,232,273,324,277,388,244,215,224,316,212,364
108,346,82,321,125,336,155,351,193,365,215,282,129,251,173,256,206,284,230,273,322,274,385,244,214,225,311,211,361
109,345,82,320,124,337,155,350,193,364,215,279,130,249,175,256,208,283,229,273,324,273,383,244,214,224,314,211,364
110,342,81,320,124,337,153,350,194,363,216,281,131,276,174,261,206,283,230,273,322,272,382,243,214,225,312,212,363
111,341,78,320,123,336,152,351,195,361,215,283,133,276,173,298,130,283,231,272,322,272,381,243,216,224,313,210,364
112,341,78,319,122,335,152,348,194,359,218,280,128,278,166,297,126,283,231,273,323,273,382,245,214,224,314,208,364
113,338,76,319,122,337,154,350,199,358,219,279,128,248,180,246,152,282,229,273,322,273,383,244,213,224,312,211,383
114,340,76,318,121,334,153,348,198,356,218,278,127,270,163,295,125,282,232,273,322,273,381,243,213,225,311,211,363
115,339,75,318,120,335,152,347,199,356,220,278,129,252,174,255,205,281,231,273,323,271,376,242,214,223,316,210,376
116,337,74,318,120,334,153,348,202,353,220,277,132,247,180,243,151,281,231,273,322,271,382,243,213,224,310,211,364
117,336,74,316,119,334,151,346,201,353,222,276,133,247,179,244,151,281,229,273,323,272,383,244,214,224,311,208,364
118,335,72,316,118,335,150,345,200,354,224,277,128,248,174,245,150,281,231,273,324,271,376,242,214,223,315,208,376
119,334,71,317,117,335,150,344,199,353,224,277,130,245,180,244,151,281,231,272,322,271,380,243,214,224,310,208,366
120,332,70,315,116,334,149,341,197,349,221,274,128,248,174,252,208,280,234,274,320,269,381,242,217,225,307,207,364
121,332,69,314,116,333,148,341,198,348,220,274,127,249,174,251,208,278,235,274,317,269,373,241,220,226,305,207,364
122,329,68,312,116,331,148,340,200,347,220,273,127,243,171,240,149,279,236,273,321,269,383,240,219,225,305,205,365
123,328,68,310,115,331,148,337,198,345,221,272,124,246,165,284,122,278,231,273,319,269,376,241,216,224,306,204,376
124,326,68,308,115,327,146,334,198,342,221,271,125,245,167,278,173,277,233,272,320,269,379,239,217,225,304,205,366
125,324,67,306,114,323,147,332,197,338,219,268,125,247,168,276,173,276,237,272,321,268,380,236,224,224,306,204,365
126,324,65,305,112,324,145,329,195,336,220,265,123,240,166,268,164,275,232,272,321,268,380,237,218,223,306,204,364
127,321,64,303,111,323,143,327,196,335,223,264,124,240,167,239,206,273,233,271,319,267,376,237,219,223,305,202,376
128,320,65,301,111,317,146,323,196,332,224,263,123,240,170,264,164,272,236,270,318,268,368,235,221,222,306,204,364
129,317,63,299,109,317,145,320,195,330,225,259,124,236,171,271,179,271,236,269,322,267,375,234,222,222,304,202,366
130,314,65,295,111,316,144,317,195,326,225,253,126,233,170,243,213,270,236,269,317,267,376,233,223,222,303,201,376
131,311,63,292,109,312,144,313,196,321,223,252,126,233,171,241,213,268,238,268,317,267,376,231,225,222,302,202,366
132,307,64,289,110,306,143,308,193,319,224,250,125,235,169,262,167,265,237,267,317,267,376,230,223,221,303,202,376
133,305,63,286,109,303,144,305,194,315,224,249,126,234,170,240,213,264,234,266,319,265,381,227,222,220,302,203,364
134,302,62,283,109,245,124,300,195,312,224,301,141,242,174,309,219,262,240,266,314,270,361,226,227,220,300,201,365
135,300,63,280,109,295,141,295,195,308,223,243,126,239,171,262,191,258,239,264,318,276,357,224,227,217,304,200,361
136,296,61,276,107,291,141,290,195,303,221,239,126,235,169,256,189,257,242,263,317,270,358,221,230,217,302,202,365
137,295,62,273,108,285,143,286,192,298,220,238,125,236,175,267,192,253,240,261,313,264,383,218,229,217,300,202,365
138,291,64,269,109,280,140,281,187,294,219,235,123,232,164,263,180,251,238,259,310,274,356,217,228,215,301,200,364
139,288,63,266,108,275,142,276,192,293,221,231,126,229,177,262,190,248,240,258,311,268,358,215,230,213,303,200,363
140,283,63,262,109,275,140,274,194,291,221,228,124,227,176,259,188,245,240,258,312,269,355,212,229,213,300,201,364
141,279,61,259,108,270,140,271,197,287,221,226,124,225,177,256,192,243,238,258,314,268,357,209,229,212,302,201,364
142,278,63,257,108,267,140,267,197,284,220,223,124,212,178,249,186,241,237,256,311,263,366,208,228,211,302,201,365
143,275,63,254,109,264,140,265,197,282,221,222,125,222,178,278,181,238,239,256,313,268,355,206,230,210,304,199,363
144,273,64,251,109,261,139,260,195,280,220,217,128,218,179,276,180,238,239,254,309,264,361,205,230,209,305,202,364
145,270,63,248,108,258,139,257,190,276,219,216,127,225,176,276,180,238,239,254,310,268,355,204,229,208,305,201,363
146,268,63,247,108,256,138,253,190,274,220,215,127,225,176,275,180,235,240,255,311,266,356,203,232,209,303,201,364
147,266,63,246,109,253,138,246,188,270,216,217,127,232,177,277,181,235,238,254,311,268,359,202,229,208,303,200,363
148,265,62,244,108,251,137,243,186,268,217,215,124,229,175,275,180,235,240,254,311,261,365,203,233,207,307,201,365
149,263,63,242,108,250,138,244,184,266,217,210,127,225,174,272,181,234,238,254,310,259,367,202,231,209,304,202,365
150,262,63,240,108,249,137,239,180,265,216,209,128,221,174,273,181,234,237,254,310,259,364,202,230,209,300,202,364
151,262,61,242,107,250,137,243,186,264,217,213,127,223,174,273,180,234,236,253,309,255,364,202,230,209,302,200,365
152,262,63,241,108,249,137,241,185,264,216,210,126,225,178,274,181,232,238,252,308,254,364,201,231,209,302,202,364
153,262,62,240,107,249,136,238,181,261,215,210,125,224,174,269,182,232,236,251,310,257,383,202,230,207,304,202,365
154,261,62,239,107,247,135,237,180,261,215,208,125,219,172,266,181,232,235,250,308,253,366,202,228,208,302,202,365
155,261,61,239,106,247,134,233,180,257,215,209,125,220,174,266,181,233,236,250,309,253,366,203,229,208,305,202,365
156,262,61,240,106,247,135,232,183,259,216,211,126,216,176,255,182,232,236,250,310,255,366,202,230,207,305,202,365
157,262,63,242,108,246,135,228,183,259,217,218,128,221,174,260,182,232,235,251,311,256,366,203,229,208,305,202,365
158,262,61,242,106,248,136,244,186,259,217,211,127,220,174,265,181,234,238,252,310,252,363,203,231,208,307,202,365
159,263,61,243,107,249,136,246,185,260,216,215,127,220,173,260,183,235,237,252,309,252,364,204,230,207,306,201,366
160,265,61,244,106,250,136,250,186,264,219,214,126,217,174,244,193,235,236,251,308,257,361,204,229,208,304,200,364
161,266,60,244,106,252,135,253,186,267,219,215,125,220,177,246,202,237,235,251,308,254,365,205,228,209,302,201,365
162,268,61,246,106,254,135,258,186,271,218,214,125,206,165,223,197,237,236,252,307,252,364,205,228,209,304,202,365
163,271,61,248,106,256,136,263,190,277,220,216,123,218,177,249,193,238,235,252,309,255,381,207,229,209,304,202,366
164,272,62,249,107,259,135,266,187,282,220,216,128,216,177,235,200,237,238,253,310,258,376,207,230,209,306,201,376
165,274,63,251,107,261,136,272,188,285,218,219,125,202,172,223,205,239,238,254,310,257,381,207,228,209,305,201,367
166,276,63,253,106,263,136,278,188,292,218,220,124,216,172,230,205,242,239,254,311,257,380,208,229,208,306,201,368
167,279,63,255,107,266,135,283,183,295,215,223,125,223,168,249,191,243,237,256,311,260,378,209,228,209,307,201,378
168,282,63,259,107,270,136,288,186,302,218,223,125,210,175,245,196,246,238,255,312,258,380,210,228,209,306,201,367
169,284,63,261,108,272,137,293,185,306,219,226,124,227,170,256,203,247,237,256,313,261,383,211,228,210,307,200,364
170,287,63,265,107,279,138,298,183,310,216,227,126,214,174,258,189,249,235,257,310,259,381,213,227,211,305,201,368
171,288,63,267,108,280,140,303,181,313,214,228,125,234,159,259,167,248,236,257,312,257,375,213,227,211,306,201,375
172,293,65,270,109,285,138,307,182,317,215,229,127,231,167,261,199,249,236,258,311,258,374,214,227,212,304,201,374
173,296,67,271,110,286,137,309,179,321,208,232,124,232,164,263,165,251,233,258,309,258,380,214,225,212,306,201,366
174,299,67,274,109,288,138,312,179,323,208,234,124,234,162,263,160,254,231,259,311,256,382,217,222,213,302,201,365
175,300,67,277,111,293,141,321,188,326,209,238,122,232,162,261,162,255,229,259,311,258,382,217,219,212,302,201,366
176,303,69,279,113,292,141,321,184,328,211,239,124,226,162,257,170,256,228,260,312,255,382,216,218,213,304,201,365
177,303,70,281,115,299,147,324,186,330,198,240,125,225,169,257,162,258,229,260,312,259,385,221,217,212,303,200,363
178,305,70,283,115,299,147,328,190,332,203,242,125,223,172,255,168,258,230,260,312,260,367,220,219,212,303,198,364
179,306,74,283,119,302,149,329,189,334,200,244,124,223,174,255,170,258,229,261,312,259,367,222,218,212,304,200,364
180,308,75,284,119,303,150,330,189,334,199,244,126,221,174,254,173,259,227,261,315,259,384,223,216,212,303,200,365
181,308,76,285,120,304,150,331,191,334,199,245,126,224,173,254,171,259,226,262,316,260,383,223,216,212,304,199,365
182,312,76,289,120,308,152,331,194,334,200,246,127,223,173,252,172,261,226,262,317,268,362,224,216,211,305,199,362
183,314,78,289,121,308,153,331,193,334,201,248,125,223,173,253,171,262,225,262,316,270,358,226,216,211,306,200,365
184,316,79,292,121,309,153,332,193,334,202,250,125,223,174,252,168,265,226,263,319,272,359,227,216,213,301,199,364
185,317,80,292,122,310,153,331,192,333,201,252,127,223,173,250,167,264,225,263,320,263,387,228,215,212,301,199,365
186,319,81,293,123,309,153,331,192,333,204,252,127,224,174,252,170,264,226,263,317,262,385,228,217,213,303,200,364
187,320,81,294,123,313,155,331,193,333,202,254,126,225,173,249,169,266,226,264,322,263,390,230,215,211,307,200,363
188,322,82,294,123,311,152,330,192,332,201,254,128,226,173,252,171,267,227,264,322,262,388,231,216,212,305,201,366
189,321,82,295,123,314,153,332,194,332,205,254,128,227,172,250,170,268,227,264,320,264,365,232,216,214,304,202,365
190,322,83,296,123,313,153,331,195,332,199,255,128,228,172,253,169,267,225,265,321,260,389,233,216,213,305,202,364
191,323,83,297,123,314,154,332,195,332,203,257,126,227,172,249,167,266,224,265,324,263,383,232,216,211,310,201,365
192,324,83,297,123,314,154,333,194,333,203,257,127,227,173,249,169,269,225,265,319,263,384,234,215,212,311,201,365
193,324,83,298,123,314,154,331,191,332,197,257,128,228,172,252,169,270,228,265,323,264,389,233,217,213,307,202,362
194,325,83,298,123,315,153,332,192,333,202,257,128,229,171,251,168,269,226,265,321,264,388,234,216,213,306,201,365
195,325,82,299,123,317,155,332,194,333,201,259,127,228,170,240,163,270,227,266,323,261,384,234,217,215,302,203,365
196,325,83,299,124,317,155,331,192,332,201,259,127,230,171,254,170,268,226,265,324,265,383,233,218,214,307,202,365
197,325,83,299,124,318,155,332,194,332,204,259,127,229,168,249,169,270,225,266,325,268,389,234,215,214,306,202,362
198,326,83,299,124,316,155,331,193,332,205,259,127,229,170,250,168,271,226,265,325,267,389,234,217,214,306,202,363
199,326,83,299,124,318,155,331,192,331,203,259,127,228,169,246,168,270,227,265,323,267,387,234,216,214,307,202,363
200,327,83,299,124,317,155,331,193,331,203,259,127,230,171,251,169,270,224,265,323,266,383,234,215,215,307,202,366
201,326,83,299,124,318,155,331,196,331,204,258,127,230,170,251,168,270,225,266,325,267,384,234,217,215,307,202,364
202,326,82,300,123,318,155,331,195,330,206,259,127,230,171,252,169,271,227,265,322,264,383,235,217,215,307,202,365
203,326,83,300,124,318,154,331,195,330,205,259,127,230,168,249,169,270,226,266,323,264,382,235,217,215,306,203,366
204,326,83,300,123,317,154,331,194,330,205,260,127,230,170,249,169,272,227,266,324,265,381,235,216,215,307,203,381
205,325,81,300,124,319,157,332,196,331,203,259,126,230,170,250,167,270,226,266,324,263,384,234,216,215,306,203,365
206,326,81,300,123,318,155,331,194,331,204,258,126,230,170,250,168,270,224,266,324,265,383,234,215,215,305,202,364
207,326,81,300,123,319,156,331,195,331,206,258,127,228,169,246,167,271,228,266,325,266,386,234,218,215,306,203,363
208,325,81,300,123,317,154,332,195,331,205,259,127,229,171,251,168,270,224,266,322,262,384,235,215,216,304,203,365
209,325,81,299,122,317,155,331,193,332,203,259,126,229,170,250,169,269,224,265,324,265,383,234,215,214,307,202,363
210,325,81,299,122,319,155,332,194,333,204,257,126,229,172,250,165,269,224,266,324,264,383,234,216,215,306,202,365
211,324,80,299,121,318,154,333,195,332,208,257,127,228,171,247,168,269,226,266,322,264,387,234,216,214,306,202,364
212,324,79,299,121,318,154,333,195,333,206,257,127,229,173,250,166,269,227,266,325,262,384,232,219,215,304,201,364
213,323,77,298,120,317,154,334,196,334,205,257,127,228,172,250,166,270,227,265,318,261,382,233,217,214,307,203,366
214,324,78,298,120,317,154,334,196,335,205,256,126,228,172,250,167,270,227,264,318,264,384,233,217,214,306,202,365
215,322,77,297,119,317,152,335,196,336,205,256,125,227,173,250,166,269,224,264,323,263,383,232,216,214,308,202,365
216,322,76,297,118,316,153,335,196,336,206,255,126,228,172,248,165,270,229,264,322,264,383,232,218,215,305,202,366
217,321,75,297,118,316,153,334,194,336,208,254,125,227,172,249,167,270,227,264,320,261,382,233,216,214,307,202,366
218,320,74,296,117,316,152,333,192,337,207,254,125,227,172,250,169,269,228,264,322,262,382,230,217,213,307,202,365
219,318,74,296,118,315,151,332,191,337,209,254,126,227,171,249,167,269,228,264,321,262,385,231,217,213,307,202,363
220,318,74,295,117,316,150,331,190,338,210,253,126,226,173,249,170,268,228,264,322,262,383,230,217,213,307,201,364
221,317,71,295,116,317,149,331,193,338,212,253,125,226,173,247,170,268,228,264,322,259,382,231,218,214,304,202,364
222,317,71,294,116,316,149,329,191,338,212,252,126,227,173,247,168,266,228,263,316,262,383,229,218,214,303,201,364
223,314,70,293,115,315,148,329,193,338,214,251,126,226,172,247,170,267,229,263,319,269,358,230,218,215,300,203,364
224,314,70,293,115,315,149,329,194,338,216,250,126,226,172,246,168,266,229,263,318,267,364,229,218,215,303,202,363
225,313,69,292,115,315,148,327,194,337,219,250,125,226,173,246,167,265,228,263,317,270,357,230,218,215,301,201,364
226,313,69,291,114,313,147,325,195,338,222,250,126,226,173,246,168,265,230,262,321,261,384,230,218,215,302,202,364
227,312,68,291,113,311,145,323,195,337,222,249,125,225,173,245,166,265,231,263,319,260,384,229,221,216,299,202,364
228,311,69,290,114,309,144,323,195,338,224,249,125,226,173,248,166,264,230,262,318,260,383,228,218,215,302,202,363
229,311,67,290,113,309,144,321,194,337,225,249,125,226,171,251,167,266,232,263,317,265,365,228,219,214,304,202,364
230,313,68,289,112,306,144,320,195,337,227,247,125,227,172,250,166,265,231,262,313,262,366,228,219,216,300,202,362
231,313,68,290,111,305,143,317,196,337,228,248,124,226,171,248,163,264,231,262,314,257,382,227,220,216,300,203,364
232,313,68,289,111,305,144,318,198,337,230,246,124,227,170,251,163,264,230,261,315,258,382,228,218,217,299,202,365
233,314,68,288,110,303,142,316,197,336,230,246,123,224,171,249,166,262,231,262,314,257,381,227,220,215,302,203,364
234,314,69,289,111,303,144,315,198,336,232,245,124,228,169,259,172,263,231,262,313,259,378,226,221,216,299,203,369
235,314,69,288,111,303,144,314,197,335,232,245,126,226,171,250,166,262,234,261,316,259,376,226,223,217,299,202,365
236,313,69,288,111,301,143,313,199,333,233,245,124,232,169,264,181,262,234,261,314,260,377,225,221,219,296,202,370
237,313,69,287,111,301,143,313,200,334,235,245,124,226,168,254,172,262,234,261,314,257,380,225,223,217,298,203,364
238,314,69,286,111,300,143,312,199,333,236,244,125,228,171,255,169,261,235,261,315,258,375,226,222,217,298,202,365
239,314,70,287,110,298,142,312,199,334,238,243,126,230,168,262,178,261,235,261,313,259,377,225,225,217,299,203,365
240,314,71,285,111,300,143,310,201,332,237,243,125,228,170,252,161,261,236,261,314,258,376,225,224,217,299,203,366
241,316,70,287,111,244,124,232,169,332,239,301,143,310,198,332,238,261,235,261,313,258,376,224,224,216,300,201,369
242,314,71,286,111,297,144,309,200,331,239,245,124,237,169,270,209,260,236,260,313,257,379,224,225,217,297,203,364
243,314,70,287,111,298,146,309,202,331,239,244,124,241,166,271,205,259,236,260,311,259,376,225,225,218,297,201,376
244,314,70,287,110,296,143,308,201,331,240,243,125,238,168,269,218,259,237,260,312,258,375,224,227,218,296,201,375
245,316,70,287,110,245,124,232,171,245,203,300,143,308,200,331,241,260,236,260,311,257,376,225,223,217,299,202,367
246,316,71,286,111,245,122,233,170,244,204,299,143,307,199,328,239,261,234,260,311,259,377,225,223,219,297,203,367
247,315,72,286,112,244,124,233,166,329,242,298,144,306,199,331,243,259,234,260,313,256,381,225,222,217,299,202,364
248,317,73,287,112,295,143,307,202,328,240,244,126,240,170,265,198,258,236,260,312,257,379,224,223,217,297,202,363
249,317,71,286,111,297,145,307,203,329,242,298,141,238,169,266,218,259,236,259,311,258,376,225,223,218,299,203,367
250,317,71,287,110,296,142,307,204,330,243,245,125,242,170,266,205,258,236,260,311,257,376,225,222,217,298,203,366
251,317,71,287,110,294,143,306,200,327,239,247,125,244,171,258,208,258,237,259,314,258,375,225,225,218,297,202,365
252,317,71,287,111,293,142,306,200,328,241,247,126,245,174,264,209,258,235,260,313,259,376,225,222,217,299,202,376
253,318,72,287,111,246,124,238,171,322,238,297,143,305,197,328,240,259,237,259,315,258,375,225,224,217,299,201,375
254,318,72,287,110,246,124,237,168,328,243,296,141,305,196,328,241,259,238,259,315,258,375,225,224,217,299,202,368
255,318,72,288,112,246,124,306,202,328,242,297,142,305,198,328,241,258,238,260,313,258,379,225,225,218,298,201,365
256,317,72,288,111,295,143,307,201,328,242,247,125,245,170,264,206,258,238,259,313,258,374,224,227,219,297,202,374
257,318,72,288,112,295,143,307,202,328,241,248,124,305,198,327,239,259,239,260,312,259,379,225,226,218,297,203,365
258,318,73,288,112,296,143,309,203,329,243,245,126,239,168,263,194,258,237,260,310,257,380,225,225,217,297,202,363
259,317,72,287,112,295,143,307,201,328,241,247,123,244,166,261,208,258,238,260,312,256,379,225,225,220,296,203,363
260,318,71,289,111,297,143,307,200,327,240,247,125,247,169,256,207,259,238,261,312,259,377,226,224,219,299,203,367
261,317,71,288,110,296,143,307,200,327,240,247,125,244,169,261,218,259,237,261,314,259,375,226,225,219,297,201,375
262,318,70,290,110,296,142,308,201,329,242,248,125,246,169,264,203,260,239,261,315,259,376,226,227,219,300,202,376
263,317,71,288,111,296,142,308,200,329,242,250,125,246,168,262,206,260,237,262,315,260,375,227,224,219,299,201,375
264,318,71,289,111,298,144,308,202,328,240,248,125,246,169,264,206,261,240,262,313,260,378,226,226,220,300,203,365
265,319,68,290,109,296,142,309,202,329,243,250,125,245,168,266,196,261,239,263,315,261,380,227,226,220,302,201,365
266,318,70,289,110,249,122,232,158,228,161,300,143,307,197,329,241,262,240,263,314,260,374,228,226,221,301,201,374
267,317,69,289,110,299,144,308,201,328,241,249,125,244,168,247,210,262,237,263,316,262,375,228,223,223,300,202,375
268,317,70,288,110,299,142,308,202,327,241,249,123,244,164,265,192,262,241,263,321,265,378,229,226,223,303,202,368
269,317,69,289,109,296,142,305,199,324,241,249,124,246,163,266,175,262,238,263,320,263,376,228,224,221,306,203,376
270,316,69,287,109,296,141,302,196,321,239,248,124,245,167,269,178,261,240,262,323,267,377,229,227,220,307,205,377
271,314,68,287,109,295,140,300,197,319,239,248,125,244,170,255,206,260,238,263,318,265,376,228,225,220,308,207,376
272,314,68,285,109,292,139,297,197,316,242,248,125,245,172,263,200,260,239,262,315,263,383,226,224,221,306,208,361
273,312,68,284,108,291,141,293,197,313,243,247,125,244,174,261,205,259,240,261,313,258,366,228,226,221,302,207,363
274,310,67,282,108,290,142,291,198,310,245,246,125,243,175,248,218,258,239,261,315,262,367,227,225,221,303,207,364
275,309,69,280,109,286,142,286,196,306,247,245,124,242,174,253,216,255,241,260,313,257,366,224,228,222,303,207,363
276,309,68,279,109,283,142,284,199,301,247,244,126,241,176,257,216,257,243,260,311,266,360,226,230,221,303,206,362
277,308,68,279,108,279,141,279,202,296,247,246,123,240,178,257,218,254,240,260,315,261,368,226,228,219,306,206,368
278,307,68,277,109,278,138,277,186,293,243,245,126,239,167,289,176,253,238,258,314,262,368,226,227,219,306,206,368
279,307,68,278,108,279,139,276,188,290,194,246,125,242,174,284,181,253,235,257,311,259,366,224,226,219,306,206,366
280,305,69,275,109,277,138,275,181,284,183,243,126,242,169,286,182,251,235,258,313,258,374,225,227,219,306,205,374
281,303,67,275,108,279,139,281,181,293,185,244,125,238,172,282,179,246,231,257,312,259,366,223,226,217,306,207,366
282,303,66,275,107,278,138,273,181,296,182,244,126,244,172,286,180,244,231,257,314,259,368,223,225,217,309,206,368
283,304,69,274,108,275,138,265,188,268,243,246,128,242,177,290,182,242,232,257,311,256,374,224,225,217,307,206,374
284,302,67,274,107,275,137,262,193,269,250,246,123,249,171,289,182,246,230,257,314,259,372,226,222,218,308,207,372
285,0,0,0,0,0,0,0,0,0,0,0,0,0,0,0,0,0,0,0,0,0,0,0,0,0,0,0,0
286,0,0,0,0,0,0,0,0,0,0,0,0,0,0,0,0,0,0,0,0,0,0,0,0,0,0,0,0
287,0,0,0,0,0,0,0,0,0,0,0,0,0,0,0,0,0,0,0,0,0,0,0,0,0,0,0,0
288,0,0,0,0,0,0,0,0,0,0,0,0,0,0,0,0,0,0,0,0,0,0,0,0,0,0,0,0
289,298,66,271,108,266,134,257,175,260,254,253,127,262,172,300,181,250,232,256,316,258,380,228,224,218,307,209,364
290,300,68,271,108,261,129,248,167,258,211,254,125,268,167,300,180,253,226,256,313,256,365,229,222,217,307,207,365
291,299,67,270,108,265,130,258,166,259,208,253,124,265,167,300,179,256,231,256,314,259,375,230,222,217,308,208,375
292,301,66,272,107,262,129,251,166,253,218,259,126,273,166,314,180,255,229,256,311,256,366,229,223,217,307,208,366
293,299,66,271,108,265,130,254,168,265,209,255,124,273,167,312,180,255,229,255,313,262,360,230,222,216,308,209,360
294,299,65,271,108,267,132,246,167,259,213,253,126,245,168,309,179,256,227,255,311,260,361,230,222,216,308,210,361
295,299,67,272,108,264,130,253,171,260,214,257,125,274,165,316,180,251,228,255,312,257,364,230,223,216,307,211,364
296,299,66,272,107,260,128,241,167,260,210,257,124,273,163,309,179,253,224,255,309,260,359,231,220,216,307,210,359
297,300,66,271,107,263,129,246,169,256,211,256,124,278,165,318,180,255,227,255,311,256,366,229,220,216,307,207,366
298,300,66,273,107,262,129,239,167,261,198,257,125,280,164,316,179,253,227,255,308,256,364,230,221,217,305,209,364
299,301,67,273,107,260,129,240,166,261,210,256,125,283,163,319,180,257,229,255,310,260,358,230,221,216,307,206,358
300,301,66,273,107,264,129,242,169,318,175,257,125,243,168,318,178,259,228,254,311,264,360,231,221,216,306,210,360
301,301,66,274,107,261,128,243,171,259,208,261,124,281,158,319,178,255,229,255,310,260,358,231,222,216,307,205,358
302,301,65,274,107,262,128,243,167,253,199,261,125,283,157,318,177,256,233,255,312,256,364,229,224,215,307,208,364
303,300,65,275,106,264,128,239,164,253,192,262,124,285,156,320,177,255,231,255,311,257,364,229,221,215,307,208,364
304,302,65,275,106,263,127,243,164,261,202,263,124,286,156,319,176,253,233,255,315,257,363,231,222,216,306,209,363
305,302,66,274,107,261,127,241,168,257,210,265,125,286,155,319,176,238,224,254,314,254,371,259,228,214,310,208,371
306,303,66,274,107,263,127,240,169,253,206,262,124,286,155,319,176,255,231,254,314,257,363,229,221,215,307,210,363
307,304,69,274,108,263,128,242,165,253,202,261,124,289,156,320,176,255,233,254,312,258,357,230,222,215,307,199,357
308,304,67,275,107,264,126,242,154,254,195,263,124,288,156,318,175,255,233,254,313,246,351,230,222,215,307,202,351
309,303,67,275,108,261,126,239,167,251,203,263,124,288,155,317,174,255,230,254,312,257,359,229,221,214,309,208,359
310,304,68,276,108,263,127,239,170,259,208,264,124,289,156,319,175,240,225,253,313,255,358,258,229,214,305,207,358
311,304,68,275,108,265,128,292,157,321,177,260,123,290,153,318,174,254,233,253,313,257,355,229,223,214,307,199,355
312,304,68,275,108,263,127,247,172,257,209,264,125,290,155,319,176,252,231,254,312,257,357,230,223,214,306,198,357
313,0,0,0,0,0,0,0,0,0,0,0,0,0,0,0,0,0,0,0,0,0,0,0,0,0,0,0,0
314,306,67,276,107,262,126,244,162,298,106,263,125,290,156,320,176,253,233,253,311,248,343,230,223,215,305,200,343
315,0,0,0,0,0,0,0,0,0,0,0,0,0,0,0,0,0,0,0,0,0,0,0,0,0,0,0,0
316,0,0,0,0,0,0,0,0,0,0,0,0,0,0,0,0,0,0,0,0,0,0,0,0,0,0,0,0
317,305,68,276,108,264,128,288,156,250,249,263,125,289,156,319,177,252,236,252,312,258,355,230,224,213,308,200,355
318,304,70,275,109,262,126,238,166,210,196,263,124,287,155,319,177,231,226,214,304,209,364,257,234,252,308,252,363
319,304,67,276,107,264,127,237,164,232,170,263,124,288,155,319,177,253,233,253,311,253,340,227,223,215,302,200,340
320,0,0,0,0,0,0,0,0,0,0,0,0,0,0,0,0,0,0,0,0,0,0,0,0,0,0,0,0
321,305,69,275,109,262,126,237,163,252,191,264,125,284,153,318,175,253,232,252,312,250,352,228,222,213,308,200,352
322,305,69,275,109,262,127,238,163,253,184,263,126,287,155,318,175,252,234,252,310,257,352,229,224,212,308,199,352
323,305,69,276,109,263,128,246,169,249,246,263,126,287,155,319,175,251,234,252,311,252,344,255,233,213,305,199,344
324,304,68,275,108,263,127,289,156,317,178,262,125,289,155,318,177,252,234,253,311,251,349,227,223,213,307,200,349
325,303,67,275,108,262,127,237,168,263,201,264,125,288,155,318,177,241,229,252,310,254,348,255,232,213,308,201,348
326,304,66,276,108,264,128,249,180,248,248,263,125,289,157,319,177,248,233,252,310,254,346,254,230,212,306,198,346
327,304,70,275,110,265,127,289,157,318,177,260,124,289,156,313,173,232,228,211,308,205,363,254,233,252,309,256,360
328,303,68,274,109,262,127,239,167,246,248,263,126,287,155,317,177,248,232,252,312,258,355,231,223,211,309,202,355
329,303,68,275,109,263,127,236,165,234,175,264,126,288,156,316,176,246,232,252,309,243,344,251,231,213,307,197,344
330,0,0,0,0,0,0,0,0,0,0,0,0,0,0,0,0,0,0,0,0,0,0,0,0,0,0,0,0
331,301,69,274,109,260,127,237,164,232,205,264,127,287,155,317,177,228,226,212,305,206,363,254,232,252,309,253,363
332,301,68,274,109,260,127,237,166,250,184,263,126,289,157,318,179,249,231,253,311,249,343,229,222,212,306,202,343
333,302,69,275,109,261,127,239,170,247,248,264,126,288,157,317,177,242,231,252,308,254,363,250,230,212,308,205,364
334,300,70,272,109,261,127,290,158,318,179,258,125,237,167,317,177,231,229,211,309,205,363,252,235,251,308,253,362
335,299,69,272,109,259,126,235,167,254,190,262,125,287,155,317,178,246,233,253,312,252,352,251,231,212,310,201,352
336,300,68,272,108,262,128,289,158,317,177,258,125,291,156,316,175,229,229,213,305,207,365,252,236,253,309,252,364
337,297,66,272,107,259,129,238,165,291,104,259,127,287,156,318,178,251,233,252,308,208,341,225,223,213,305,199,341
338,298,67,271,108,258,125,238,171,242,244,261,125,285,155,314,174,228,228,212,306,208,364,253,235,252,307,251,364
339,295,66,270,107,257,126,232,167,263,202,261,126,286,157,317,177,247,235,252,312,207,341,246,233,213,304,199,341
340,0,0,0,0,0,0,0,0,0,0,0,0,0,0,0,0,0,0,0,0,0,0,0,0,0,0,0,0
341,0,0,0,0,0,0,0,0,0,0,0,0,0,0,0,0,0,0,0,0,0,0,0,0,0,0,0,0
342,290,65,265,108,255,128,231,173,257,210,257,125,276,156,309,175,246,235,252,313,255,364,227,227,211,311,207,364
343,288,65,263,108,252,126,239,173,237,238,254,125,272,156,308,174,233,231,253,310,254,360,251,236,212,308,206,363
344,0,0,0,0,0,0,0,0,0,0,0,0,0,0,0,0,0,0,0,0,0,0,0,0,0,0,0,0
345,0,0,0,0,0,0,0,0,0,0,0,0,0,0,0,0,0,0,0,0,0,0,0,0,0,0,0,0
346,282,63,259,108,247,127,235,178,228,234,251,125,266,157,298,179,227,232,211,306,208,364,251,237,251,309,251,363
347,281,63,257,107,246,127,233,173,235,216,249,125,264,161,297,180,227,230,211,307,205,362,249,234,251,309,258,355
348,279,63,255,107,243,126,229,173,244,214,247,125,262,163,297,186,242,233,250,308,250,363,221,228,210,308,207,365
349,277,63,253,107,242,127,231,174,238,249,245,126,258,167,290,188,236,233,250,307,251,363,221,227,211,307,206,364
350,274,63,251,107,240,127,228,174,235,249,244,127,255,172,290,194,222,230,209,307,208,365,244,235,251,308,250,364
351,0,0,0,0,0,0,0,0,0,0,0,0,0,0,0,0,0,0,0,0,0,0,0,0,0,0,0,0
352,272,62,248,107,236,128,231,173,242,218,239,127,247,176,280,201,235,236,250,310,253,349,228,233,208,309,202,349
353,0,0,0,0,0,0,0,0,0,0,0,0,0,0,0,0,0,0,0,0,0,0,0,0,0,0,0,0
354,269,63,245,107,234,128,232,179,268,207,237,129,241,181,273,208,226,234,250,312,250,354,235,233,206,310,196,354
355,0,0,0,0,0,0,0,0,0,0,0,0,0,0,0,0,0,0,0,0,0,0,0,0,0,0,0,0
356,267,60,244,106,231,126,222,179,259,210,237,127,231,181,263,212,230,238,249,313,202,341,222,234,209,304,200,341
357,0,0,0,0,0,0,0,0,0,0,0,0,0,0,0,0,0,0,0,0,0,0,0,0,0,0,0,0
358,0,0,0,0,0,0,0,0,0,0,0,0,0,0,0,0,0,0,0,0,0,0,0,0,0,0,0,0
359,264,60,241,105,225,126,215,185,213,241,238,129,229,183,253,216,226,236,248,309,242,365,220,234,206,313,206,364
360,263,59,240,104,223,125,216,184,217,236,236,130,227,182,249,216,223,231,247,308,204,342,218,228,209,307,207,332
361,261,60,240,104,224,126,216,183,220,232,236,130,228,182,246,215,222,231,245,309,219,364,217,229,209,308,204,365
362,260,56,240,104,224,129,211,188,205,246,237,130,225,183,246,219,224,233,243,311,219,366,222,231,209,309,203,366
363,259,57,240,103,223,127,208,189,205,247,238,132,224,183,245,219,224,234,241,310,213,366,221,231,208,310,203,365
364,258,58,239,104,217,129,207,187,205,245,242,131,229,179,243,218,225,233,240,312,216,364,220,232,209,309,203,366
365,258,58,238,104,216,128,208,189,203,248,239,131,225,182,244,219,224,233,237,312,213,364,223,231,210,308,203,365
366,256,58,237,104,214,129,204,190,202,248,241,131,226,183,244,220,222,232,233,313,207,365,226,230,209,307,207,364
367,255,57,237,104,211,129,198,188,201,247,242,132,224,185,244,221,223,233,229,315,208,367,225,232,208,308,199,364
368,255,57,235,104,208,130,199,186,199,248,241,134,224,186,242,219,221,237,225,314,202,366,226,234,209,308,196,363
369,254,58,235,103,208,128,197,179,198,246,241,131,225,184,244,222,217,236,221,315,190,372,230,235,220,311,198,364
370,253,57,235,103,208,127,197,184,195,247,241,132,224,186,247,223,215,237,218,317,204,360,235,237,220,312,192,362
371,251,57,234,103,208,125,196,182,193,247,243,132,232,183,247,221,213,239,214,315,208,361,235,240,213,311,190,362
372,251,57,233,104,205,126,194,184,192,248,242,130,234,180,247,219,212,240,211,315,199,360,235,241,210,311,188,361
373,250,57,233,104,205,126,194,184,188,247,244,131,236,180,248,220,211,240,209,318,208,347,235,241,220,311,198,360
374,248,57,232,104,203,125,194,181,186,247,245,131,240,180,249,221,209,238,206,320,191,355,235,239,217,317,191,360
375,247,57,231,104,201,127,191,186,185,247,246,131,242,182,252,224,208,236,203,320,188,236,236,237,217,321,219,322
376,246,56,230,103,200,127,188,186,183,246,246,132,243,182,253,223,207,236,200,318,188,355,236,237,215,315,216,355
377,245,56,230,102,199,126,187,186,182,247,246,131,242,183,252,225,204,234,196,319,185,359,235,235,215,313,211,360
378,244,54,228,102,196,126,187,187,181,245,246,132,243,183,253,225,205,234,195,319,183,360,235,236,214,313,213,353
379,243,55,227,102,195,126,184,189,179,246,247,131,244,182,252,224,203,236,193,319,183,356,235,237,214,312,184,358
380,242,54,227,102,192,127,181,187,178,246,247,131,245,183,253,226,203,236,192,318,179,359,235,237,213,312,181,359
381,240,55,226,101,191,125,181,187,176,247,246,130,244,183,253,226,201,234,189,318,178,360,235,235,213,313,211,360
382,240,54,226,101,190,125,180,188,176,248,245,131,244,185,253,227,201,236,188,317,177,361,234,237,212,314,210,360
383,238,54,225,100,189,125,179,189,173,249,245,131,244,184,252,228,199,239,187,319,176,361,234,239,212,314,210,360
384,237,54,224,101,187,125,177,189,172,249,245,131,244,183,252,228,199,238,186,319,174,361,233,238,211,315,209,360
385,236,54,222,100,186,125,178,187,172,249,243,130,244,183,251,228,199,234,186,320,175,362,233,235,212,315,208,358
386,235,53,221,100,184,126,175,191,172,248,244,130,240,185,251,229,196,237,185,321,174,362,232,237,212,316,178,362
387,234,53,220,100,184,125,175,188,171,249,243,130,243,184,250,229,196,237,186,318,173,363,230,238,212,314,209,358
388,232,54,219,101,184,125,174,190,170,249,243,130,243,185,250,230,195,238,185,320,173,361,231,239,211,316,178,362
389,232,53,217,100,181,126,173,190,169,248,241,130,243,183,249,229,194,241,184,318,174,361,231,241,210,315,210,361
390,231,53,217,100,180,125,173,189,169,250,241,130,242,185,249,230,193,237,183,321,171,362,230,237,211,316,210,358
391,229,53,216,100,179,125,170,187,168,249,241,129,241,183,249,230,193,234,183,321,171,362,230,233,210,316,211,360
392,228,53,215,100,177,128,170,191,168,250,241,129,242,184,248,230,193,235,183,321,171,362,230,234,210,316,210,361
393,227,52,215,100,177,127,168,193,167,250,240,130,243,185,249,229,191,234,182,322,172,362,229,232,210,316,209,360
394,226,52,213,100,176,126,170,192,166,251,239,129,243,182,248,229,192,234,181,323,174,360,228,231,210,317,207,362
395,226,53,213,100,175,127,166,193,166,252,238,129,245,182,248,230,190,236,181,321,169,361,228,235,209,316,209,361
396,224,53,211,101,174,127,167,194,164,253,238,130,244,186,248,234,189,234,181,322,173,359,227,234,210,318,174,361
397,224,53,211,100,173,127,166,194,164,253,237,130,245,185,246,235,189,236,181,321,168,362,228,234,210,319,208,360
398,224,52,210,100,173,126,165,193,164,252,237,129,242,187,245,236,189,233,180,324,171,361,228,232,210,317,209,362
399,223,54,209,102,171,127,165,195,162,253,236,128,244,184,245,235,188,233,179,323,170,361,227,230,209,320,174,363
400,221,54,210,101,171,127,165,194,163,253,236,129,244,187,243,236,188,234,180,322,168,361,226,234,210,319,211,361
401,221,53,210,101,171,126,164,196,161,253,237,130,241,188,242,235,186,238,180,321,168,362,225,237,210,318,172,362
402,221,54,209,102,170,126,163,193,161,253,235,129,241,188,243,237,186,234,179,320,167,360,225,232,210,317,211,360
403,221,54,209,101,171,125,163,193,160,253,237,131,243,188,243,236,186,235,179,322,167,363,225,233,209,318,208,361
404,220,54,208,102,170,127,162,196,161,253,234,131,242,188,242,236,185,236,178,321,168,361,225,232,209,321,211,359
