1,394,234,382,207,385,191,350,190,334,197,383,214,373,216,407,226,338,197,305,199,292,192,336,199,311,201,286,190
2,128,44,121,94,77,122,74,194,77,250,158,124,168,182,173,233,105,226,106,321,101,362,151,223,137,319,141,322
3,389,232,379,204,365,187,349,191,335,198,384,215,353,210,405,226,338,197,310,198,293,190,335,200,315,199,289,190
4,129,44,121,94,77,122,74,195,76,250,157,124,169,183,173,234,105,228,107,320,102,361,151,226,138,319,104,362
5,129,45,121,94,77,122,74,194,77,250,157,123,168,183,173,234,105,224,105,323,100,362,150,221,137,320,102,363
6,391,234,379,208,387,191,352,189,343,199,379,216,356,208,368,226,335,200,301,201,266,253,335,201,295,206,263,257
7,129,44,121,94,77,122,75,193,77,250,158,124,168,185,173,234,105,226,106,323,101,362,150,221,137,318,131,363
8,389,230,374,201,365,183,348,188,338,198,378,211,349,209,366,227,335,200,303,196,269,254,335,206,296,206,266,258
9,400,231,378,203,388,192,383,231,410,227,385,202,349,199,367,224,335,201,298,196,266,254,333,199,293,202,262,257
10,130,44,122,93,77,122,74,192,78,250,156,124,168,182,172,231,106,226,108,320,105,360,152,223,138,316,105,362
11,130,44,122,94,78,121,74,193,79,251,157,123,167,180,172,231,105,227,108,321,104,361,151,224,138,319,140,322
12,130,44,122,93,78,121,74,191,79,250,156,124,166,181,172,230,106,225,109,318,105,361,150,221,138,317,105,363
13,132,45,123,93,78,120,73,189,80,248,156,123,165,181,171,229,107,226,109,319,106,362,151,223,138,318,105,364
14,132,44,123,93,78,120,75,192,80,249,156,123,165,181,171,229,106,229,109,319,105,363,149,225,139,318,105,364
15,135,44,123,93,78,120,74,191,81,248,155,124,165,180,170,227,106,227,110,321,106,362,150,225,139,321,106,362
16,136,44,123,93,78,120,75,190,81,248,155,123,164,181,170,227,107,226,110,321,109,362,149,222,139,317,136,362
17,138,45,125,93,79,121,75,193,81,250,154,123,164,179,170,227,108,227,110,321,105,362,149,222,140,318,136,362
18,139,44,124,93,80,120,76,193,83,249,153,123,163,177,170,227,108,230,110,319,104,362,149,226,140,316,137,362
19,140,44,125,92,81,121,75,193,83,249,152,123,163,178,169,227,107,227,111,321,109,363,147,221,141,317,138,364
20,393,233,379,207,374,215,349,191,336,197,383,215,356,209,407,226,336,197,306,200,291,193,335,200,311,204,288,193
21,141,45,125,92,84,122,76,193,86,251,151,122,159,178,166,225,108,234,113,318,107,362,147,229,143,318,139,364
22,143,46,126,93,86,121,80,192,89,251,150,122,156,179,164,224,108,235,113,321,107,362,146,229,145,316,139,364
23,145,47,128,94,90,120,80,191,90,249,150,122,155,175,163,221,109,232,114,317,107,360,146,225,146,314,140,364
24,145,44,129,92,91,120,81,190,92,248,150,123,152,176,162,222,109,232,112,321,103,363,143,227,144,312,135,363
25,148,47,130,95,93,122,86,189,92,248,149,125,146,174,159,221,108,233,114,322,105,362,142,228,145,311,136,363
26,150,50,131,95,93,121,95,190,98,247,148,126,143,178,158,222,112,234,114,321,109,362,145,228,143,311,135,363
27,392,234,379,207,371,218,350,190,336,197,384,216,354,211,351,202,339,197,310,198,292,190,335,200,315,199,290,192
28,394,230,376,204,385,189,348,188,337,197,378,214,352,207,370,227,336,200,303,196,295,191,335,205,300,202,264,256
29,156,56,132,97,99,122,103,188,108,243,146,124,138,177,154,221,113,231,116,317,121,366,143,228,138,310,136,363
30,388,228,377,199,364,183,346,188,336,197,380,209,383,226,369,225,336,198,305,199,291,191,335,200,312,200,286,192
31,156,54,135,99,104,126,108,193,118,248,143,123,141,176,154,226,110,227,118,316,127,301,142,224,137,308,137,364
32,159,54,137,99,110,121,116,178,141,220,140,121,142,169,154,225,113,220,121,314,131,299,143,220,139,307,137,365
33,163,53,139,98,112,119,111,170,127,241,142,121,137,168,146,217,111,222,124,315,117,365,141,220,141,303,118,358
34,163,56,138,99,116,118,111,163,136,214,141,119,133,168,145,212,114,220,126,308,136,373,140,218,144,299,132,373
35,166,55,140,98,119,118,118,165,136,235,139,118,129,169,146,216,125,224,129,304,125,349,141,224,144,298,116,349
36,169,56,142,98,122,118,122,165,148,241,139,118,134,168,148,241,128,222,133,301,125,351,123,219,137,297,119,351
37,170,57,142,98,122,119,124,167,149,213,139,119,132,167,147,210,130,226,135,306,123,340,123,223,133,300,122,340
38,172,58,144,99,125,119,128,164,160,236,141,120,137,169,145,221,125,226,137,307,124,341,125,223,134,301,123,341
39,0,0,0,0,0,0,0,0,0,0,0,0,0,0,0,0,0,0,0,0,0,0,0,0,0,0,0,0
40,175,60,147,101,129,120,133,180,172,236,140,121,133,174,142,225,130,229,145,307,128,378,123,227,133,298,121,365
41,178,59,148,100,130,120,132,170,178,235,143,120,139,173,144,224,135,230,149,304,132,376,125,227,133,298,120,366
42,179,59,150,100,130,121,136,178,181,231,146,121,138,179,145,229,136,232,154,303,134,363,124,228,134,297,120,362
43,392,234,381,209,387,190,384,227,342,197,380,216,353,215,368,227,342,198,312,198,294,190,338,200,318,198,293,191
44,182,61,153,101,133,122,155,190,192,229,148,122,141,175,141,217,138,229,161,303,149,363,126,223,134,299,118,363
45,185,61,156,102,139,122,156,184,196,227,147,122,137,175,142,215,139,229,165,303,154,363,124,224,134,299,119,366
46,391,229,376,202,365,184,347,188,338,198,377,213,351,208,369,228,337,201,304,197,294,192,336,207,310,200,264,255
47,190,61,160,101,145,123,161,184,204,224,147,121,137,178,192,218,146,228,170,304,170,374,127,222,133,301,125,374
48,192,61,163,102,148,125,163,182,207,223,149,123,149,183,197,219,150,232,174,304,180,375,130,226,134,301,124,375
49,392,235,379,205,375,213,348,190,335,198,383,212,355,209,350,203,337,197,300,204,266,256,334,199,313,199,264,258
50,196,61,170,104,165,131,181,189,217,222,150,123,145,181,159,214,154,230,179,305,185,366,131,222,136,298,125,363
51,200,61,173,104,170,131,187,190,223,223,150,123,147,179,157,210,157,230,181,301,187,364,130,221,136,299,125,364
52,204,62,177,105,177,133,192,186,227,224,149,122,150,171,172,198,160,226,184,302,188,363,131,218,138,297,124,364
53,207,62,180,105,182,133,199,187,232,222,152,123,149,173,171,203,163,230,185,306,189,375,132,223,138,298,126,375
54,211,62,184,105,186,133,204,186,235,221,154,120,154,173,173,205,167,230,187,305,191,375,135,224,138,300,126,367
55,214,64,188,106,191,134,212,186,241,221,156,120,156,172,169,206,171,232,189,306,192,372,137,224,139,299,126,364
56,219,65,191,106,197,134,217,186,245,220,155,119,159,166,175,198,174,232,191,307,191,364,139,225,138,303,125,364
57,223,64,196,106,203,135,221,183,248,219,160,121,164,167,182,205,176,228,191,308,193,359,141,222,140,299,123,359
58,229,66,200,106,210,136,226,182,252,217,163,117,167,159,185,197,178,229,193,309,192,358,143,221,142,299,125,358
59,231,66,203,108,214,136,233,186,257,216,167,118,172,160,186,198,182,229,193,306,192,363,145,220,143,298,125,363
60,234,68,207,109,218,137,239,186,260,216,171,119,175,161,191,196,183,231,193,306,192,363,145,222,143,299,127,363
61,239,69,212,109,225,140,242,186,264,216,175,116,182,157,207,166,185,227,194,304,190,366,147,218,143,299,128,366
62,244,69,218,110,230,144,248,189,266,214,180,117,184,162,196,202,187,225,196,307,191,366,150,215,144,297,127,366
63,248,70,222,112,232,146,249,187,268,213,184,117,184,160,216,157,188,227,196,310,191,367,152,215,144,298,129,367
64,251,70,223,112,235,146,253,188,269,213,181,119,178,161,205,173,189,226,196,305,192,365,150,214,146,296,130,363
65,253,73,225,113,238,146,256,189,272,213,185,118,185,158,214,160,190,226,196,306,192,372,153,213,145,298,130,372
66,257,75,228,115,241,147,257,188,272,212,186,120,185,159,208,169,192,226,196,308,192,369,155,213,146,296,131,369
67,259,77,230,117,242,150,263,197,273,211,192,118,189,155,227,153,192,226,197,309,191,369,156,212,146,298,131,369
68,262,77,232,117,244,151,259,190,274,211,193,119,199,153,236,146,193,227,197,311,192,371,155,213,144,302,131,371
69,266,78,235,118,247,150,261,191,276,213,193,119,197,154,234,145,194,230,197,316,192,368,156,214,142,308,130,368
70,267,81,235,119,246,151,262,193,275,210,194,120,196,153,232,144,194,226,197,316,191,372,157,211,145,300,132,372
71,269,81,238,119,249,152,261,191,277,213,196,119,195,157,236,147,196,225,198,315,193,374,158,211,146,301,132,374
72,271,82,238,119,246,151,263,193,277,213,197,120,196,155,231,147,196,226,198,315,193,372,159,210,146,300,132,372
73,271,82,240,120,251,152,263,193,278,214,199,120,201,154,237,149,196,225,198,313,192,374,158,210,147,299,134,365
74,273,82,241,120,252,153,265,195,276,212,199,121,200,160,239,151,197,225,198,316,192,374,160,212,145,305,133,374
75,273,81,241,119,251,154,263,193,277,212,201,121,199,156,214,166,197,225,198,317,192,375,159,212,146,302,133,375
76,273,81,242,120,252,154,265,197,279,216,203,120,198,158,239,153,198,224,198,316,193,375,161,212,146,303,133,375
77,273,82,242,121,253,153,265,197,279,215,204,120,202,158,241,153,199,225,198,318,193,375,161,210,145,306,134,375
78,272,82,242,122,253,154,265,196,277,214,205,121,163,162,169,144,199,224,199,319,192,376,161,212,146,306,135,376
79,273,84,243,123,254,153,266,197,278,215,207,121,204,160,231,167,198,225,198,316,192,375,161,213,147,304,134,375
80,275,85,243,124,254,154,268,200,281,217,208,120,204,154,241,153,198,225,198,317,192,375,162,212,147,306,134,375
81,275,85,244,124,254,155,269,201,281,219,206,122,202,160,242,152,199,224,198,314,192,376,162,212,148,303,136,376
82,275,85,244,125,255,156,271,203,283,221,206,124,201,161,242,152,199,223,198,315,192,376,163,211,148,303,135,376
83,275,86,244,125,256,155,270,200,283,221,207,123,198,161,216,171,198,222,197,314,192,377,163,210,148,304,135,370
84,276,87,244,126,255,156,270,200,282,219,209,124,200,161,221,172,198,223,198,316,192,375,162,212,148,304,135,375
85,278,89,246,126,256,157,272,200,282,219,209,124,194,161,221,172,199,224,198,316,192,375,161,212,147,304,135,375
86,277,89,245,126,256,156,272,199,284,219,210,124,200,161,224,172,198,222,198,316,192,375,162,212,147,306,134,375
87,279,91,246,127,255,158,273,201,286,219,209,125,199,162,228,174,198,224,199,318,192,376,162,212,146,306,137,376
88,279,91,246,128,258,158,277,207,287,221,210,125,198,162,223,175,198,223,197,315,192,375,162,212,148,301,135,375
89,278,92,246,129,256,159,277,206,289,221,211,125,206,162,245,161,197,224,197,316,191,375,161,213,146,304,135,375
90,280,94,245,129,254,158,279,207,290,222,211,124,207,158,248,157,197,222,197,315,192,375,163,211,147,303,135,375
91,281,94,247,130,255,161,280,208,290,222,212,126,210,161,249,161,197,221,197,317,191,376,162,211,146,302,136,376
92,282,96,246,130,255,162,280,208,291,223,212,126,211,158,257,162,198,225,197,314,191,379,161,212,146,304,135,371
93,282,98,246,131,254,160,278,206,290,222,212,127,204,166,245,162,197,223,197,313,191,371,162,211,146,302,135,365
94,283,98,247,131,253,159,279,208,290,222,212,128,208,168,256,164,198,222,197,317,191,380,162,210,145,305,135,368
95,283,99,248,132,256,162,280,210,291,223,213,127,206,167,246,164,197,221,197,314,191,376,162,210,147,300,136,368
96,284,100,248,132,256,161,280,210,290,224,212,127,204,162,248,167,198,224,197,316,192,379,162,211,146,303,135,371
97,285,101,248,134,255,161,279,209,290,222,214,129,205,166,258,163,197,223,196,316,192,375,161,211,146,305,135,375
98,285,101,248,133,255,162,279,208,290,221,215,128,211,165,254,160,199,223,198,315,191,375,162,211,146,306,135,375
99,286,102,248,133,254,160,278,206,289,222,215,128,208,166,255,163,197,222,198,313,191,369,162,210,147,302,135,366
100,286,103,248,133,253,160,279,208,289,221,214,128,212,167,256,166,197,224,197,316,190,380,162,210,147,302,135,366
101,285,102,248,134,256,161,280,208,290,221,215,128,209,167,254,159,198,222,198,316,190,375,163,210,146,305,135,375
102,286,102,248,134,251,160,280,207,291,222,216,128,210,166,259,167,197,221,199,317,190,376,161,209,147,304,135,366
103,286,102,248,133,253,160,280,206,290,220,216,129,200,165,256,167,196,223,198,314,191,375,161,211,147,302,134,375
104,286,102,249,133,251,160,280,205,290,220,215,128,214,166,259,168,197,224,199,311,192,369,162,212,148,300,135,366
105,286,101,248,133,253,161,282,207,290,219,214,128,209,161,256,164,197,225,198,315,191,368,162,210,147,301,135,366
106,286,99,249,132,258,162,281,206,291,221,214,127,207,162,251,162,198,225,198,314,191,379,162,210,147,303,135,372
107,284,98,248,131,253,159,281,205,290,218,213,127,206,159,252,157,197,226,198,315,190,380,161,212,149,300,136,364
108,284,97,247,131,253,159,282,206,290,221,213,126,215,155,255,159,197,225,198,315,191,376,161,212,149,301,136,366
109,283,96,247,129,252,157,280,204,289,220,212,126,205,161,256,162,197,226,198,311,191,376,162,213,149,300,135,368
110,282,94,247,129,256,158,277,202,287,217,213,126,204,158,247,152,198,226,198,313,190,378,161,212,149,300,135,365
111,281,93,246,128,256,155,275,202,285,216,211,126,199,159,247,154,197,226,199,315,190,367,161,213,149,299,134,364
112,280,91,245,126,254,154,275,204,286,220,210,124,191,160,242,150,196,226,198,315,191,375,160,212,149,301,133,375
113,277,90,244,127,255,157,272,202,283,219,210,124,204,158,245,154,196,225,198,314,191,375,161,212,149,302,133,375
114,275,89,243,126,254,155,269,199,280,217,208,124,186,161,212,172,197,224,199,315,192,374,161,211,148,302,134,374
115,275,87,243,125,252,156,268,202,279,218,206,124,167,161,201,170,197,227,198,312,192,374,160,213,148,300,133,374
116,274,86,241,123,249,153,266,201,276,215,204,124,167,163,169,144,196,223,198,312,192,374,159,211,149,298,134,374
117,271,84,240,123,250,153,262,197,273,215,205,122,197,162,239,154,197,226,198,314,192,370,160,211,150,298,134,370
118,270,83,239,121,247,152,261,200,272,215,203,123,201,159,247,153,195,227,197,312,192,370,160,212,151,298,134,370
119,269,82,239,121,247,154,260,205,271,215,203,122,165,161,173,148,196,229,197,315,192,372,158,213,150,300,134,372
120,268,80,237,119,244,151,258,203,269,213,202,122,200,162,249,152,195,229,197,317,194,367,159,213,150,301,133,367
121,267,78,237,117,243,152,257,202,266,213,199,122,199,161,248,151,195,228,197,315,192,367,158,214,151,299,133,367
122,264,77,234,117,243,151,254,201,264,214,198,121,197,157,245,148,195,228,197,309,191,365,158,213,152,296,134,365
123,260,75,233,116,245,148,252,195,262,212,196,120,169,160,199,165,194,229,198,310,192,366,159,214,154,293,134,366
124,258,74,231,115,242,150,252,199,261,214,195,119,196,151,236,145,195,230,197,309,191,366,158,215,153,297,135,366
125,256,73,229,115,240,148,250,198,260,214,194,118,185,152,207,165,194,230,198,312,193,366,156,216,154,297,135,366
126,254,71,228,113,240,148,249,201,259,214,192,118,188,149,230,149,194,230,198,312,193,368,157,214,156,293,134,368
127,251,69,227,112,242,147,247,198,259,214,190,118,186,152,210,159,193,232,197,310,192,367,156,218,155,298,133,367
128,249,67,225,111,239,146,246,199,257,214,189,117,184,150,208,158,192,233,198,310,192,373,154,220,155,298,135,364
129,247,66,222,109,236,143,242,195,253,213,185,119,166,165,199,179,193,231,197,308,192,370,155,218,156,296,134,370
130,244,66,220,110,232,144,241,197,253,214,184,118,177,156,204,173,191,233,196,307,192,372,154,221,156,297,136,372
131,241,67,218,110,228,145,237,195,252,214,181,120,176,161,197,184,189,231,196,307,193,373,153,220,155,298,136,373
132,239,67,214,110,225,142,233,193,250,215,179,121,180,163,199,188,188,233,195,310,192,368,152,221,154,299,135,368
133,234,66,210,109,225,142,232,197,248,215,174,118,171,157,197,167,188,234,194,308,192,372,150,224,152,302,136,372
134,231,65,206,108,221,140,228,197,249,217,172,118,169,163,197,168,186,236,193,307,194,367,148,227,151,300,134,367
135,228,64,203,108,218,140,225,196,245,216,169,118,167,162,192,175,184,235,192,308,192,374,146,226,149,301,133,374
136,227,65,200,107,212,139,219,193,244,218,165,118,167,164,187,192,182,234,191,309,193,373,146,225,148,300,134,373
137,224,64,197,107,207,137,216,197,241,218,162,118,167,164,198,185,179,235,190,311,196,359,142,226,147,299,132,359
138,220,64,194,107,204,137,213,195,237,218,159,117,162,169,192,186,177,234,189,311,193,358,140,225,145,299,135,358
139,217,65,189,107,195,135,206,190,234,218,157,119,161,170,195,186,174,235,188,309,192,358,138,226,144,299,130,358
140,216,65,188,106,197,135,202,189,231,219,153,118,159,171,194,180,171,234,187,308,144,341,136,226,143,299,134,341
141,212,64,185,106,192,135,197,188,227,220,151,119,164,172,207,180,170,236,188,313,192,385,134,228,140,309,133,360
142,210,64,183,106,190,136,197,194,227,222,148,120,165,174,211,180,170,237,187,312,190,364,132,229,141,301,133,362
143,207,63,180,105,187,136,195,195,225,222,145,118,156,175,202,180,167,239,186,312,191,366,131,233,139,304,133,363
144,204,62,179,105,184,135,191,196,221,222,144,118,158,175,206,181,165,238,185,313,194,360,130,230,139,302,134,364
145,203,63,176,104,180,133,187,195,218,222,142,118,156,172,204,181,163,237,183,310,188,362,130,228,138,303,135,361
146,200,61,175,103,182,136,184,195,217,224,140,118,154,175,204,181,163,238,183,310,193,359,128,230,138,302,133,363
147,199,61,173,103,178,135,181,193,213,224,139,116,158,171,204,181,160,236,182,310,191,359,127,231,139,304,130,364
148,391,228,379,204,374,216,350,189,342,198,377,213,353,209,353,200,339,196,309,198,295,190,339,198,313,202,265,261
149,393,227,375,203,374,210,350,190,411,226,376,212,352,210,369,226,338,197,310,200,296,192,336,199,303,210,263,262
150,196,61,168,103,172,134,175,198,207,225,136,116,152,173,200,180,157,237,178,308,189,356,124,229,138,303,131,356
151,391,229,373,202,365,187,349,190,341,198,375,212,354,214,368,224,339,197,312,198,293,190,338,200,318,198,293,193
152,394,233,380,206,375,215,376,225,329,199,379,212,359,213,349,204,339,198,312,199,293,190,337,199,319,198,291,191
153,191,61,164,103,168,133,159,182,202,226,133,115,151,175,197,180,156,239,178,309,184,367,123,233,138,304,134,365
154,390,229,372,202,366,186,346,187,342,194,377,212,383,222,408,226,334,196,309,195,290,188,336,203,316,196,293,192
155,398,231,381,208,375,215,343,196,336,199,381,214,376,221,408,225,337,197,307,199,292,190,336,199,314,201,295,193
156,189,60,162,102,163,133,159,188,195,224,134,118,137,174,187,180,154,236,178,312,183,380,122,231,138,305,135,372
157,189,60,162,102,162,130,154,180,197,226,135,116,152,176,193,180,154,236,178,311,180,382,122,229,137,304,134,367
158,0,0,0,0,0,0,0,0,0,0,0,0,0,0,0,0,0,0,0,0,0,0,0,0,0,0,0,0
159,0,0,0,0,0,0,0,0,0,0,0,0,0,0,0,0,0,0,0,0,0,0,0,0,0,0,0,0
160,188,60,161,101,162,129,157,185,188,222,134,119,146,173,188,180,155,236,173,308,166,352,121,229,138,301,128,352
161,188,60,160,102,160,130,149,183,190,224,134,118,148,178,189,182,154,234,175,316,172,371,121,229,138,304,132,371
162,390,231,378,202,364,186,345,192,336,197,380,214,356,214,369,226,339,196,311,199,292,189,338,199,318,198,294,193
163,187,59,161,101,163,130,156,187,187,222,132,118,144,174,186,181,154,235,172,316,156,358,123,229,138,304,129,358
164,187,59,161,101,164,129,159,188,187,222,134,117,144,172,183,181,154,236,172,317,165,366,122,231,138,303,131,366
165,187,58,161,100,165,130,157,182,185,221,130,117,144,173,182,181,154,235,169,310,134,351,123,229,137,302,127,351
166,188,59,162,101,166,130,162,187,182,220,131,117,144,173,181,181,154,236,169,313,161,350,123,229,137,304,123,350
167,189,58,162,100,167,130,158,186,185,220,131,117,142,176,177,183,154,236,170,317,136,358,122,229,137,304,128,358
168,189,59,163,100,169,131,165,190,185,219,129,116,138,177,175,186,154,236,170,315,144,357,122,231,137,302,132,357
169,191,58,163,100,169,132,165,188,185,221,129,116,134,173,172,185,157,237,170,318,167,377,124,230,137,304,132,377
170,190,58,164,101,171,132,169,189,187,222,131,117,141,172,182,182,157,237,170,319,172,370,122,229,137,304,131,370
171,192,60,165,101,172,131,171,189,187,220,130,117,137,174,168,193,157,236,170,322,161,367,123,230,137,304,128,367
172,193,59,166,101,174,132,172,190,187,221,129,117,135,174,166,197,158,237,169,319,176,370,122,230,136,304,132,370
173,194,60,167,101,175,131,174,189,187,217,130,117,138,175,168,199,157,237,170,319,159,367,122,230,136,307,128,367
174,194,58,167,100,176,132,176,186,188,217,129,117,133,172,156,196,156,238,170,320,155,363,122,231,136,306,128,363
175,196,59,168,100,177,131,176,188,187,216,129,119,128,163,156,183,161,237,170,319,156,364,124,230,136,307,125,364
176,196,59,168,101,179,130,163,165,188,212,130,119,134,162,181,211,160,236,169,316,153,359,125,230,135,306,130,359
177,196,58,169,100,180,131,183,186,197,214,131,118,137,173,136,214,159,238,168,316,135,361,124,230,135,308,127,361
178,197,59,170,101,181,133,186,188,199,212,129,119,139,172,172,201,159,238,169,317,180,367,122,231,134,309,130,367
179,197,59,171,101,183,132,191,192,203,212,131,118,140,172,168,190,162,239,170,318,164,365,123,231,135,307,127,365
180,199,59,172,101,185,131,195,191,206,211,130,119,140,168,165,189,163,236,170,317,165,365,125,228,134,307,129,365
181,199,59,172,102,186,133,195,188,211,209,130,118,137,170,165,190,161,236,170,319,169,369,123,229,134,307,129,369
182,199,59,173,102,187,132,200,189,213,209,130,117,134,160,159,173,162,239,169,318,170,373,122,232,133,309,128,373
183,198,59,173,102,189,132,202,188,215,209,129,119,135,160,160,185,161,240,172,324,174,373,121,232,133,308,129,373
184,199,59,173,102,188,132,205,189,218,207,129,119,141,163,167,183,162,238,171,321,173,372,123,229,133,311,126,372
185,199,58,174,102,191,132,208,187,219,207,130,118,134,159,167,174,162,239,170,319,174,372,122,229,132,309,127,372
186,199,59,173,102,190,134,211,189,220,205,129,120,117,179,161,186,160,238,171,321,168,369,122,230,132,309,129,369
187,200,59,174,102,191,131,213,188,223,203,131,118,139,159,170,166,161,237,170,321,176,367,122,230,131,309,125,367
188,200,60,173,103,192,132,215,187,223,200,130,119,117,174,117,220,161,238,171,320,163,367,121,233,132,309,130,367
189,200,60,174,103,192,132,218,187,224,203,129,120,134,160,170,157,160,237,171,323,176,367,121,230,131,310,127,367
190,198,59,174,103,193,132,217,183,226,199,128,121,131,168,167,167,162,237,172,324,168,367,122,231,132,312,127,367
191,198,60,174,104,193,132,216,179,226,197,130,118,134,159,171,155,162,236,172,325,170,368,121,229,132,312,129,368
192,197,59,174,103,194,132,217,179,226,197,128,120,120,171,132,213,161,231,171,321,170,369,122,223,132,309,129,369
193,197,58,174,104,195,135,219,179,228,196,129,118,119,173,132,213,163,233,172,324,175,372,123,225,132,311,127,372
194,198,59,175,103,195,134,219,179,227,197,129,118,116,176,113,217,164,233,171,321,174,373,124,226,131,309,129,373
195,197,60,173,105,195,133,219,177,227,196,128,119,115,179,118,218,163,233,172,321,174,373,125,225,131,310,129,373
196,197,61,173,106,196,132,219,177,228,196,129,117,116,174,116,217,165,232,172,321,173,373,124,225,131,312,127,373
197,195,61,172,106,195,133,220,177,227,195,130,117,118,170,159,157,165,232,172,322,173,374,124,226,132,312,129,374
198,197,60,173,105,197,134,220,178,227,194,127,119,114,178,113,216,166,231,173,321,175,373,127,222,133,312,129,373
199,196,62,173,107,196,134,219,178,227,195,131,116,116,176,117,217,166,231,172,322,173,374,125,223,132,313,129,374
200,194,61,173,107,198,137,220,179,227,196,131,117,119,163,155,157,167,230,173,325,175,375,124,222,131,313,127,375
201,195,60,173,106,198,135,220,179,226,195,130,117,121,156,154,154,168,230,173,322,176,373,126,222,132,312,126,373
202,195,62,174,107,198,136,219,179,225,194,131,117,112,180,112,214,168,230,173,321,177,373,129,222,132,310,129,373
203,195,62,173,108,199,136,219,179,225,195,130,119,118,168,120,215,167,229,172,321,176,373,125,223,132,312,128,373
204,196,62,175,107,198,136,220,179,226,195,133,116,119,157,158,159,166,227,172,321,174,373,126,222,132,312,127,373
205,195,62,174,107,199,137,219,179,225,195,129,119,114,177,118,216,167,228,173,321,178,373,126,221,130,316,128,373
206,195,62,174,107,199,137,219,179,225,194,130,118,121,159,154,158,169,231,173,324,176,372,126,222,131,314,128,372
207,193,63,173,108,200,137,219,179,226,196,129,120,124,164,161,160,168,229,172,324,179,371,126,222,130,315,126,371
208,194,62,173,107,198,135,217,176,227,197,128,120,116,178,123,219,169,230,173,324,175,368,126,222,130,317,126,368
209,193,64,173,109,199,136,218,178,227,196,129,120,115,180,123,223,169,232,172,321,173,371,125,224,131,311,128,371
210,195,63,173,108,198,138,219,178,227,196,129,119,117,174,124,222,170,228,171,323,175,372,128,222,130,316,127,372
211,194,64,173,108,198,137,218,178,227,196,130,120,114,182,121,219,169,228,171,324,181,372,127,220,129,315,128,372
212,195,63,173,107,199,138,218,178,228,197,127,122,115,179,134,215,169,231,171,323,181,371,125,225,129,313,129,371
213,194,62,174,108,200,138,218,179,227,196,130,119,117,168,155,159,169,232,171,325,177,372,125,224,130,314,127,372
214,194,65,173,109,200,138,219,179,227,196,129,120,117,175,134,213,168,230,170,324,177,373,127,223,130,313,129,373
215,195,63,173,108,199,137,219,179,227,197,130,120,115,176,120,221,168,230,170,321,177,373,125,222,130,310,129,373
216,194,61,173,107,199,138,219,179,227,197,130,120,117,171,134,210,166,229,171,323,172,373,126,222,130,313,126,373
217,194,61,174,107,199,138,219,179,228,198,130,121,117,174,135,210,166,229,170,323,177,373,126,221,130,312,129,373
218,194,63,173,107,198,137,220,180,229,197,128,121,119,173,156,165,166,230,170,321,174,371,123,223,130,314,125,371
219,194,61,174,107,199,137,220,179,229,197,130,121,117,171,131,213,167,229,170,322,173,373,126,220,131,312,125,373
220,195,60,175,106,199,136,221,180,229,197,133,117,117,168,134,211,167,232,170,323,177,373,126,222,130,312,129,373
221,194,63,173,108,198,136,220,179,231,198,131,120,117,173,131,213,166,230,170,321,170,372,126,223,131,311,127,372
222,194,60,174,106,199,137,220,178,232,197,130,121,121,159,158,157,166,229,170,322,173,372,125,221,131,309,126,372
223,195,60,174,106,199,135,219,178,233,197,131,120,118,167,134,211,166,230,170,323,173,373,127,221,131,311,127,373
224,194,61,174,106,198,136,219,178,235,200,133,119,119,170,132,215,165,233,171,323,174,372,125,224,131,311,129,372
225,193,62,174,108,198,135,219,178,234,199,131,121,116,178,125,223,163,230,169,321,172,372,125,222,131,309,126,372
226,194,60,175,106,198,135,219,178,234,199,132,121,117,179,121,224,164,231,170,322,171,372,125,224,131,309,127,372
227,194,59,175,106,198,137,219,179,235,200,131,121,117,175,132,214,163,232,169,323,172,372,124,223,131,310,127,372
228,193,59,174,106,196,135,218,178,233,199,133,120,121,167,160,162,164,235,169,323,173,374,124,226,132,309,129,374
229,194,58,175,105,197,135,218,179,236,201,132,121,118,173,133,213,162,232,168,321,171,372,125,224,130,307,128,372
230,192,57,175,104,196,135,217,177,236,201,131,122,125,164,135,214,164,234,168,321,171,372,125,225,131,310,125,372
231,193,59,175,106,196,132,216,179,236,201,132,122,128,163,170,156,162,235,167,318,171,373,124,225,131,309,126,373
232,194,59,173,106,197,133,216,179,236,201,132,122,119,177,135,218,164,235,167,317,171,374,125,228,131,307,129,374
233,192,57,175,104,199,134,218,182,236,202,132,122,115,176,115,210,163,235,168,321,170,374,125,227,131,308,129,374
234,194,58,174,105,197,134,216,180,235,201,133,122,129,160,161,152,165,236,168,316,171,373,125,227,132,306,129,373
235,193,57,174,103,197,132,217,183,237,202,130,122,118,168,134,215,164,233,168,318,170,372,126,224,132,309,128,372
236,193,58,173,105,196,131,216,182,237,202,132,120,125,154,158,143,163,237,168,317,170,373,124,227,132,307,127,373
237,193,57,174,104,196,131,216,184,236,202,133,118,124,151,153,145,165,236,169,320,171,373,125,226,131,308,128,373
238,192,56,173,103,196,131,217,186,236,202,130,121,124,156,157,142,164,238,168,317,170,373,126,228,132,306,128,373
239,193,56,173,103,196,132,214,186,236,202,129,124,126,168,237,202,165,239,169,318,172,373,127,231,132,307,130,373
240,191,56,172,102,194,132,215,186,236,201,130,123,133,165,170,153,165,236,168,315,172,372,126,227,133,305,127,372
241,189,55,172,102,194,132,212,185,235,200,131,121,133,162,168,156,165,235,169,316,173,372,126,226,133,307,128,372
242,189,56,171,102,194,130,211,185,234,199,128,123,115,182,136,219,165,237,170,320,172,374,126,229,133,309,129,374
243,190,54,170,101,193,130,210,185,237,198,131,119,132,161,166,159,166,236,169,317,171,373,127,229,134,306,129,373
244,188,55,170,100,192,129,209,184,234,195,130,120,120,164,153,171,166,238,170,319,170,372,128,229,133,309,127,372
245,188,53,169,99,189,128,210,185,234,194,129,121,135,163,167,165,167,237,169,314,173,372,127,230,134,307,130,372
246,186,53,169,99,190,128,210,183,235,192,127,123,140,171,168,175,165,240,170,318,170,371,128,234,134,307,128,371
247,186,53,169,100,189,129,211,182,236,190,128,122,132,165,170,153,166,236,168,315,171,369,127,230,135,306,130,369
248,186,52,167,98,188,127,211,181,238,187,126,122,133,165,165,167,167,233,170,319,176,371,128,227,134,306,130,371
249,184,50,166,97,186,125,213,180,239,185,127,121,117,175,135,216,167,235,170,319,170,371,129,230,135,307,128,371
250,185,53,166,99,186,126,215,179,237,181,127,121,115,187,137,221,166,238,170,317,170,370,128,234,135,305,128,370
251,184,53,165,99,183,125,217,177,238,177,128,121,143,162,170,153,165,235,170,317,172,369,128,230,134,308,131,369
252,184,52,164,98,182,124,218,176,240,174,126,121,141,166,168,155,166,234,170,314,169,366,129,228,135,305,129,366
253,181,51,164,98,181,124,223,174,241,170,128,121,146,166,172,150,168,235,170,314,167,365,129,229,135,305,131,365
254,180,51,162,98,180,123,223,171,241,167,127,120,143,166,165,149,168,235,169,313,167,365,129,231,135,306,131,365
255,179,50,161,97,179,122,224,168,241,165,125,122,135,163,168,144,168,235,169,315,160,364,129,230,135,306,130,364
256,178,50,161,97,180,122,224,165,242,162,127,119,134,164,172,143,168,235,169,317,150,358,129,231,135,306,130,358
257,179,51,159,98,178,121,226,162,243,159,122,123,138,160,169,141,168,236,170,316,159,356,130,230,135,307,128,356
258,177,51,159,98,179,121,223,157,242,157,123,122,131,161,170,140,168,237,169,319,139,358,129,233,135,307,130,358
259,177,51,158,97,178,120,224,156,240,156,120,125,123,159,160,137,168,235,170,317,139,359,129,230,135,308,129,359
260,176,50,158,98,179,120,224,153,243,153,122,123,138,159,162,124,167,235,170,317,139,356,129,232,135,306,128,356
261,174,50,158,97,182,121,225,153,239,153,120,124,130,159,162,134,169,235,169,315,137,357,129,231,135,305,131,357
262,173,50,156,98,180,120,222,150,240,152,119,124,128,158,161,123,169,234,170,315,138,356,129,231,136,304,126,356
263,175,50,158,97,180,120,217,147,239,150,121,121,137,120,240,149,168,235,171,316,142,357,128,232,135,307,129,357
264,172,49,157,97,181,120,222,148,241,149,119,124,109,145,158,126,170,236,169,314,146,357,129,233,136,302,130,357
265,172,50,156,97,180,119,219,148,240,150,118,125,132,125,155,120,167,235,171,319,139,360,129,230,135,306,128,360
266,172,49,156,97,179,119,216,146,237,148,118,123,133,121,157,119,168,233,171,315,135,357,129,230,135,305,125,357
267,172,50,156,97,179,119,219,146,238,148,117,126,217,143,237,150,170,236,171,318,141,357,129,233,135,307,128,357
268,170,49,155,97,179,119,215,144,239,149,118,124,96,141,238,152,169,235,171,317,164,314,128,232,135,305,128,357
269,169,49,155,97,180,119,216,144,240,151,118,124,104,144,240,150,169,235,171,311,159,355,127,231,135,305,128,355
270,166,47,153,96,180,119,215,143,236,150,116,126,134,125,152,120,168,237,171,315,164,309,128,232,135,305,124,352
271,164,48,155,97,182,120,222,146,237,150,118,124,120,155,239,148,170,233,171,314,158,355,128,230,134,306,126,355
272,164,48,153,97,182,118,216,144,235,147,117,124,116,153,144,119,170,234,169,312,161,356,127,231,135,304,128,356
273,167,49,155,98,182,119,216,143,235,149,117,124,118,156,238,152,168,234,169,311,160,356,127,230,135,303,127,356
274,165,47,153,96,182,118,222,145,236,151,115,125,122,164,158,143,168,236,171,316,166,308,128,232,134,307,125,352
275,164,49,154,97,181,120,217,143,235,152,117,121,100,144,236,151,168,237,171,316,141,357,129,233,134,306,128,357
276,163,48,154,97,116,126,222,147,234,153,184,119,221,142,236,154,168,237,169,310,163,352,128,233,134,303,127,352
277,164,47,154,96,182,120,219,143,234,153,116,124,133,167,239,154,168,235,169,310,164,350,128,231,135,303,125,350
278,164,47,153,96,180,118,215,141,235,154,116,124,114,151,236,153,168,236,170,311,163,349,126,230,134,305,127,349
279,161,47,153,97,182,120,216,140,234,154,116,122,215,139,231,151,169,236,170,312,163,350,128,232,134,304,127,350
280,163,47,154,96,182,121,214,141,233,153,115,125,214,138,233,153,169,234,169,309,166,350,128,231,134,304,124,350
281,163,49,154,98,181,119,214,140,232,154,117,122,115,159,148,118,168,235,169,309,166,349,127,230,134,304,125,349
282,163,48,154,97,182,118,213,140,233,154,117,122,124,159,158,142,168,235,170,309,164,349,127,229,134,302,126,349
283,163,48,154,97,179,120,212,140,234,155,117,125,210,137,233,153,166,235,170,315,165,300,127,232,133,306,126,348
284,162,47,154,96,181,119,212,141,234,156,113,126,129,164,159,150,168,236,170,318,164,314,127,233,133,306,127,350
285,161,47,153,96,179,118,213,143,233,157,114,126,128,165,159,157,167,237,170,310,166,346,126,232,133,304,126,346
286,162,47,154,96,180,119,212,142,231,155,116,125,116,148,146,117,167,235,170,313,163,306,127,231,133,304,127,349
287,161,46,154,96,181,120,216,145,232,156,113,127,128,166,161,145,168,240,170,313,167,347,127,235,133,306,125,347
288,161,47,153,97,181,119,217,145,230,155,113,128,126,165,160,145,168,234,170,312,164,305,126,230,133,304,125,347
289,160,47,152,97,182,120,213,144,229,155,113,127,127,159,158,144,168,238,170,318,131,349,127,233,133,307,125,349
290,162,47,154,96,183,121,213,144,229,156,113,125,209,140,227,154,168,239,169,314,163,308,127,235,133,302,125,351
291,162,46,154,96,116,123,106,126,110,127,184,118,209,142,229,155,168,241,169,317,164,351,126,238,133,308,124,351
292,162,47,154,97,119,119,111,128,114,124,183,120,212,143,229,154,166,238,169,315,164,347,126,233,133,305,124,347
293,162,48,153,97,116,122,110,137,114,122,183,119,209,142,230,156,169,239,168,314,130,352,125,232,133,307,124,352
294,162,47,153,96,115,123,216,147,226,151,182,119,208,141,229,155,168,241,169,316,162,351,126,235,133,307,122,351
295,163,49,154,98,117,122,110,131,115,124,182,120,208,139,228,154,166,237,169,317,131,348,127,233,133,307,123,348
296,163,49,153,98,182,119,211,143,229,155,115,124,131,161,159,139,165,236,168,311,129,349,126,230,133,305,123,349
297,163,49,154,98,180,121,215,144,229,156,182,119,211,140,229,154,165,236,169,314,164,349,126,229,133,304,125,349
298,161,46,153,96,183,120,216,145,232,157,113,127,125,161,158,142,166,238,169,314,163,310,125,231,133,304,124,353
299,163,49,154,98,182,121,212,143,230,154,115,122,211,141,229,153,165,236,169,315,162,313,127,232,133,307,124,356
300,164,48,153,96,180,120,211,144,230,154,115,124,131,165,151,119,166,236,167,309,172,352,126,231,134,302,128,352
301,163,48,153,97,116,121,214,145,228,154,181,119,206,141,230,153,162,236,168,309,135,350,125,232,133,302,127,350
302,163,47,153,96,177,119,213,145,230,153,114,126,136,160,160,139,164,240,169,313,162,306,126,233,133,305,124,349
303,165,49,153,98,181,119,213,146,229,152,115,126,129,163,158,142,162,236,168,308,161,305,126,230,134,303,127,348
304,165,48,153,97,178,118,213,147,228,151,116,124,126,161,158,143,164,239,169,314,164,306,125,234,133,305,128,349
305,166,49,153,97,178,119,220,149,228,149,115,124,126,160,158,139,164,235,168,310,161,307,125,229,133,303,128,350
306,166,49,153,97,177,120,222,152,226,152,117,124,128,162,162,137,164,235,169,312,161,352,125,230,133,304,126,352
307,167,49,153,97,175,119,222,153,200,138,117,126,130,163,168,137,163,236,169,318,162,315,126,233,133,307,126,358
308,168,49,154,96,175,120,220,155,207,137,118,125,132,162,166,138,163,237,170,318,162,315,125,232,133,306,128,359
309,168,50,152,98,174,119,217,157,218,156,118,125,130,164,158,137,162,237,170,319,163,315,124,233,133,307,128,358
310,168,51,151,99,173,119,217,159,213,155,116,125,128,163,160,143,163,237,170,316,157,360,124,232,134,306,130,360
311,168,51,152,99,172,120,214,161,220,163,118,124,127,160,158,150,163,236,171,318,141,359,124,233,134,306,129,359
312,170,51,153,98,172,121,214,164,218,165,120,122,132,161,160,148,160,235,171,315,159,358,124,232,134,304,128,358
313,171,51,153,98,171,121,212,165,212,168,120,121,132,160,160,151,162,234,173,314,166,364,124,230,134,306,129,364
314,171,51,155,98,169,121,209,165,206,172,123,122,141,161,179,170,161,236,175,317,136,359,125,231,134,306,129,359
315,174,51,155,97,168,121,204,166,206,172,126,119,139,160,178,167,161,236,176,314,164,358,125,231,135,302,129,358
316,173,52,156,98,167,122,203,168,204,174,129,119,141,160,184,169,160,235,176,315,167,360,124,230,134,304,129,360
317,174,53,156,100,168,123,200,170,202,172,128,119,139,160,174,162,160,235,178,308,184,359,124,229,134,304,130,359
318,176,53,158,99,169,124,199,172,206,174,129,118,140,160,177,169,161,234,178,312,185,360,123,230,134,304,130,360
319,178,52,159,98,167,123,197,172,209,178,131,117,138,161,169,167,161,235,179,309,178,365,124,230,134,302,132,365
320,179,53,160,99,169,125,196,173,211,179,131,120,138,163,164,164,162,235,179,311,180,365,125,232,135,304,132,365
321,180,53,161,100,170,125,195,173,212,180,137,121,141,167,173,168,162,235,180,311,185,360,125,229,135,304,128,360
322,182,54,162,100,172,126,197,176,213,180,134,118,142,165,174,167,162,232,180,309,184,359,126,228,135,302,126,359
323,183,55,163,101,172,126,194,173,212,181,138,119,145,166,179,167,164,235,182,310,185,360,126,230,135,304,131,360
324,185,55,165,101,172,127,197,175,217,183,144,119,163,169,203,177,162,228,183,312,188,363,127,224,135,304,129,363
325,186,55,167,100,174,127,199,176,218,182,143,121,152,169,196,173,165,234,182,309,187,364,129,229,137,302,133,364
326,189,55,168,100,175,128,202,178,220,183,141,118,154,165,197,172,166,234,183,308,185,365,130,227,137,302,132,365
327,190,55,169,101,179,128,205,179,225,184,138,118,157,163,198,171,168,234,185,313,186,361,130,227,138,302,130,361
328,192,56,172,102,183,129,207,179,227,184,141,123,153,167,198,172,170,232,186,311,188,362,133,224,138,303,129,362
329,194,55,175,101,184,130,210,179,230,185,144,120,161,166,202,173,173,239,186,310,187,365,135,231,139,301,131,365
330,196,56,176,102,185,130,212,178,233,185,147,121,160,167,203,172,174,237,188,310,190,364,137,229,140,302,131,364
331,197,57,179,102,190,132,220,183,237,186,147,120,166,168,208,172,176,238,188,309,186,365,138,228,141,304,133,365
332,202,56,182,102,195,132,228,186,241,184,149,120,169,164,213,169,177,233,188,309,189,360,139,227,142,302,132,360
333,204,56,185,101,198,131,232,187,243,185,150,119,167,161,216,169,179,235,190,312,189,364,142,227,143,305,132,364
334,206,56,186,103,200,132,235,187,246,185,152,119,166,157,199,157,182,234,190,312,189,362,144,223,145,301,130,362
335,210,55,188,101,201,130,236,185,247,185,156,117,169,156,199,159,185,231,191,310,188,369,145,223,147,297,133,369
336,212,55,191,101,205,133,241,186,249,185,156,118,164,157,197,154,186,234,192,309,188,368,147,226,147,300,132,368
337,214,56,194,101,204,135,236,177,249,186,161,117,174,152,202,147,188,232,192,309,188,365,149,223,147,302,134,365
338,216,56,194,102,209,130,236,173,249,185,160,118,164,159,191,156,189,230,192,311,191,363,151,221,147,303,134,363
339,219,55,198,101,212,131,239,174,252,185,162,118,166,157,194,155,190,231,193,309,191,361,153,222,148,300,129,361
340,221,56,199,101,215,131,239,171,254,185,163,118,163,158,194,157,190,230,193,311,190,364,153,219,149,302,134,364
341,223,57,202,102,214,130,242,172,257,184,167,115,171,152,199,152,193,228,193,311,189,364,154,217,148,304,135,364
342,225,58,203,102,217,129,243,170,256,184,168,115,176,156,204,152,194,228,193,311,189,364,156,218,151,300,135,364
343,226,56,205,102,220,130,245,170,256,180,170,116,174,155,201,154,195,226,194,308,187,366,157,216,150,302,134,366
344,226,57,207,103,223,133,246,169,257,180,172,114,173,152,200,153,196,228,194,308,187,366,157,216,151,300,135,366
345,228,58,209,103,224,133,248,170,258,179,174,115,181,155,208,153,197,229,195,310,188,365,159,216,152,299,135,365
346,229,59,210,104,229,134,254,174,259,179,174,119,180,158,209,154,198,226,195,310,191,360,159,214,151,301,135,360
347,232,57,211,102,228,135,256,175,259,177,175,116,179,158,208,152,197,227,195,310,191,358,161,213,153,299,139,358
348,233,58,213,103,230,134,256,174,259,176,176,117,184,156,211,153,197,228,195,310,192,359,160,215,153,299,138,359
349,235,57,213,102,229,135,255,172,259,175,177,117,182,160,210,153,198,226,195,313,191,359,162,213,153,300,136,359
350,236,59,215,104,231,134,260,177,258,173,178,117,181,160,214,150,198,227,195,312,191,359,161,215,153,300,139,359
351,237,60,215,104,233,135,259,175,260,175,177,118,169,165,208,157,199,227,195,312,190,359,162,215,152,303,138,359
352,238,59,215,103,229,135,258,171,262,176,179,118,182,158,216,150,199,226,196,311,192,362,164,213,152,302,135,362
353,239,61,217,105,233,135,258,172,262,176,178,117,179,158,213,151,200,230,195,311,189,364,163,216,152,303,136,364
354,239,61,217,105,233,135,260,175,262,176,178,118,175,159,214,149,200,226,195,313,190,364,162,214,153,303,135,364
355,240,61,217,105,234,134,259,173,261,176,178,117,184,155,213,150,200,226,195,313,190,363,163,212,154,300,135,363
356,242,61,217,104,230,135,256,169,263,175,179,118,191,151,222,138,201,228,195,311,191,362,163,214,154,300,135,362
357,242,61,218,104,234,133,258,171,263,179,179,117,182,156,212,151,200,227,195,313,191,359,163,215,153,303,138,359
358,243,62,218,104,231,135,263,177,260,172,179,117,190,154,227,137,199,227,195,314,190,360,162,214,154,301,138,360
359,243,62,217,105,231,133,259,172,262,174,179,117,192,151,222,141,200,228,195,312,194,358,162,214,154,301,136,358
360,245,62,218,104,231,133,255,166,262,174,180,117,188,155,219,144,200,228,195,312,192,359,162,214,153,304,137,359
361,244,62,218,104,232,134,261,173,260,169,179,117,189,155,220,147,200,228,196,312,189,359,161,216,154,301,137,359
362,244,62,219,105,232,133,259,172,260,169,181,117,191,155,250,164,201,227,196,311,190,359,163,214,155,300,137,359
363,245,63,218,105,232,134,259,171,262,172,179,117,188,157,219,151,200,226,196,313,196,358,163,213,154,301,140,358
364,244,63,218,105,232,133,258,169,262,173,180,116,191,152,219,152,201,229,196,314,195,357,162,217,154,303,136,357
365,245,62,219,105,233,134,261,173,260,168,180,117,193,153,223,145,200,227,196,313,193,359,162,214,153,302,137,359
366,243,62,218,105,234,137,261,172,262,173,178,117,189,155,221,148,200,230,196,313,197,357,162,216,153,305,134,357
367,243,63,217,106,233,135,259,170,262,173,178,117,188,156,218,151,200,227,196,313,191,364,163,213,153,304,135,364
368,243,62,218,105,232,135,263,174,260,170,179,117,189,153,216,153,201,230,196,312,191,361,162,216,153,301,133,361
369,243,62,217,104,230,133,259,172,260,173,178,118,187,156,222,143,201,229,195,315,194,359,162,214,153,303,137,359
370,241,63,216,105,233,134,257,169,261,173,177,118,177,158,209,156,199,227,195,313,195,356,162,213,154,299,137,356
371,239,61,216,105,234,133,256,168,260,173,177,118,191,157,215,156,199,231,195,315,195,357,161,217,154,299,137,357
372,239,62,215,104,230,133,255,168,259,173,177,118,189,154,218,152,198,227,195,313,193,351,161,214,154,300,134,351
373,237,60,214,104,231,134,254,168,257,169,177,119,191,154,222,152,198,226,195,315,195,356,162,212,154,298,135,356
374,236,60,213,104,226,133,253,169,255,168,176,117,184,157,215,153,198,227,196,314,194,356,161,214,154,298,133,356
375,235,59,211,103,225,133,253,170,253,168,174,118,190,156,225,161,197,229,196,313,195,352,160,216,154,299,133,352
376,233,60,210,104,224,133,250,167,254,170,174,118,188,152,228,157,197,228,196,310,197,354,160,218,151,302,129,354
377,230,59,209,102,225,132,250,168,252,170,171,118,183,156,221,161,196,229,195,315,195,351,160,219,152,302,129,351
378,229,58,207,102,221,130,249,169,251,173,169,119,183,159,236,169,196,229,195,310,194,358,160,219,151,302,130,358
379,227,58,204,101,220,129,247,169,249,169,168,117,166,158,199,156,193,230,195,312,192,358,156,219,151,301,131,358
380,226,57,203,101,218,129,244,166,249,175,167,118,169,161,200,164,193,230,194,314,194,364,158,219,151,303,133,364
381,225,57,201,101,216,130,241,166,251,177,165,117,173,159,200,161,193,230,194,308,191,357,156,218,151,300,135,357
382,223,57,200,101,213,130,237,166,250,179,163,118,173,159,198,159,190,232,193,308,191,358,155,222,150,302,134,358
383,220,56,197,101,209,129,233,166,248,182,163,119,167,160,193,157,190,231,191,309,191,363,155,222,150,302,132,363
384,216,58,194,102,209,130,229,165,246,182,160,119,171,158,204,157,186,232,191,308,184,365,152,222,150,300,132,365
385,213,56,193,101,205,130,226,167,243,185,157,118,164,159,190,158,185,233,189,308,186,365,152,224,149,300,131,365
386,209,56,189,102,200,130,221,168,239,187,159,119,166,161,189,157,183,232,188,308,187,366,149,223,147,303,132,366
387,206,54,187,100,198,130,215,166,235,189,157,119,165,161,209,166,180,235,187,307,185,366,146,225,146,305,133,366
388,203,55,184,102,194,130,214,174,234,195,157,117,167,162,215,170,179,228,185,307,184,365,148,218,147,301,131,365
389,200,54,181,101,188,129,208,174,231,201,158,121,162,165,219,174,175,230,184,307,185,366,145,221,147,302,132,366
390,196,53,179,101,185,128,202,175,227,205,161,123,170,168,221,173,172,231,184,307,182,374,143,222,147,302,135,367
391,193,55,176,101,180,128,193,173,220,209,157,125,172,169,223,175,168,233,184,311,183,380,138,222,147,304,135,367
392,190,54,173,102,172,127,187,170,218,216,160,124,186,168,224,174,164,232,180,309,180,368,138,222,147,303,133,365
393,190,54,170,100,160,126,182,173,212,220,162,125,180,169,221,176,160,234,178,309,182,367,138,224,145,305,134,365
394,187,54,167,100,156,125,175,173,206,223,158,123,179,169,221,176,159,235,178,312,184,366,138,227,146,302,135,362
395,184,53,166,99,154,124,169,180,200,227,159,124,175,168,219,176,155,237,176,311,182,366,136,229,145,303,135,363
396,183,53,163,99,150,123,160,175,192,226,159,126,173,167,220,177,153,233,175,314,181,364,135,227,145,302,132,362
397,180,53,162,99,145,122,161,186,186,227,160,125,174,163,217,175,150,232,172,311,181,364,131,223,145,299,134,362
398,178,52,161,98,144,121,156,179,184,235,159,123,174,163,217,175,148,227,171,307,179,363,133,224,144,299,132,362
399,178,51,159,98,140,123,155,189,177,237,158,124,174,163,215,175,146,225,171,313,180,369,137,220,143,302,134,361
400,176,51,158,97,141,120,147,179,173,245,159,121,177,160,220,176,141,219,168,308,164,360,149,216,145,300,132,360
401,173,50,157,97,138,122,143,170,161,244,162,123,179,161,215,175,141,221,167,309,161,358,152,221,145,302,130,358
402,173,50,156,97,139,120,143,174,161,206,159,122,179,161,215,175,143,223,165,311,160,363,149,220,144,303,130,363
403,172,50,155,97,134,121,144,196,153,244,160,123,183,162,222,176,139,226,163,308,156,363,150,224,143,304,129,363
404,171,50,155,97,132,119,134,164,154,210,160,123,180,161,219,175,145,227,161,306,155,364,143,224,146,299,129,364
405,170,49,153,96,127,121,127,163,154,206,161,123,179,159,214,175,145,226,158,305,135,365,147,224,144,299,130,365
406,169,49,153,96,127,120,133,164,162,210,161,122,178,158,213,175,142,228,156,305,137,366,156,226,144,300,134,366
407,168,49,151,96,126,120,138,168,162,206,160,123,179,159,213,175,142,229,156,307,134,366,159,228,143,300,130,366
408,396,234,381,207,388,191,350,190,342,197,383,215,373,217,407,226,336,196,295,204,266,252,334,200,293,212,263,257
409,392,229,378,200,366,184,348,189,410,226,382,208,349,199,369,227,336,198,296,200,263,253,335,200,294,208,262,256
410,163,47,150,95,122,119,116,184,118,244,162,123,181,159,216,175,135,232,147,310,134,373,160,231,146,307,134,363
411,392,235,380,204,365,184,347,189,340,198,382,213,376,220,368,227,337,198,311,198,293,189,336,202,314,200,287,187
412,394,234,381,210,383,187,350,189,338,197,384,219,382,223,409,226,335,197,299,201,291,188,335,202,294,209,261,258
413,395,236,382,209,374,216,350,188,340,198,384,214,375,217,407,226,337,198,300,200,262,254,336,201,295,209,262,256
414,395,235,379,208,374,184,352,188,343,195,381,215,358,208,407,227,333,198,292,199,265,255,334,206,291,207,263,257
415,158,46,144,94,114,119,110,173,117,225,164,122,179,159,211,178,127,227,134,314,122,362,159,223,149,307,129,357
416,397,234,379,203,367,183,345,189,334,199,383,211,381,223,406,227,335,198,297,205,267,257,338,209,296,214,263,260
417,395,236,383,208,380,187,350,187,342,197,386,215,384,226,408,227,336,197,296,202,265,254,339,208,296,213,265,258
418,395,235,378,208,375,215,349,191,332,199,380,213,355,216,368,227,334,198,298,216,264,260,333,199,300,221,261,263
419,393,236,376,208,371,185,349,184,339,197,378,216,352,213,406,226,334,197,293,207,291,187,334,202,297,216,262,261
420,391,232,375,208,368,184,349,185,342,196,380,218,385,227,409,226,336,199,305,199,290,186,338,209,309,208,294,191
421,395,235,381,206,371,184,345,189,341,199,384,212,377,218,407,227,336,198,303,201,264,255,338,207,299,213,263,257
422,391,236,381,207,373,212,352,189,343,197,382,212,358,211,352,204,335,196,298,202,291,187,335,200,294,213,261,260
423,392,233,374,205,369,184,346,188,340,196,379,214,373,219,408,227,333,197,299,199,264,256,335,207,293,209,261,258
424,397,232,378,203,370,183,348,186,343,197,381,212,377,221,406,227,336,197,301,198,266,254,337,209,296,212,262,257
425,396,236,383,208,387,191,352,189,343,197,384,213,369,216,368,225,337,199,303,198,292,190,334,200,313,200,288,189
426,395,236,382,208,375,215,351,190,342,198,382,213,368,215,352,205,337,198,301,204,263,255,336,198,300,213,263,260
427,139,44,128,93,85,121,80,187,83,249,157,124,163,175,179,216,109,227,114,324,107,361,153,221,142,320,107,362
428,392,236,381,208,384,189,351,192,317,195,384,214,376,216,408,226,336,197,299,206,265,257,339,200,295,215,263,261
429,395,235,378,205,372,188,352,187,344,196,380,211,357,208,353,205,336,197,301,197,266,257,334,198,293,205,263,261
430,397,236,382,211,375,218,350,192,335,200,383,216,376,218,352,202,338,197,301,205,264,255,338,199,299,214,263,257
431,390,234,380,207,389,192,386,229,409,226,383,212,354,210,368,227,338,198,311,198,293,188,336,200,317,198,287,186
432,394,236,382,208,376,214,352,190,344,198,384,213,368,215,358,205,338,198,300,202,263,254,337,198,297,210,261,256
433,394,236,380,209,374,212,352,191,342,196,383,216,360,210,408,227,334,197,301,200,290,188,334,200,294,211,261,258
434,395,235,381,210,384,188,350,193,341,198,386,220,360,213,408,226,335,198,308,200,291,192,334,200,296,213,262,259
435,393,231,378,205,373,184,349,188,342,197,385,216,386,226,408,227,335,198,294,202,263,254,338,208,294,210,262,257
436,394,236,382,207,387,190,352,188,343,197,382,211,371,215,356,207,336,197,297,204,264,255,334,199,295,213,262,258
437,397,236,381,207,372,187,350,190,341,199,383,212,372,216,408,227,338,197,297,207,265,256,338,200,298,213,263,259
438,394,236,379,210,373,216,349,190,340,197,382,217,356,209,408,227,335,197,308,198,291,190,336,202,316,199,260,256
439,392,232,380,202,371,183,349,187,342,195,383,211,384,227,408,227,334,196,295,199,266,255,335,207,294,211,264,258
440,397,235,378,208,373,211,351,188,342,197,382,214,373,218,406,227,334,199,298,199,263,255,335,207,293,207,261,257
441,393,236,381,210,374,216,352,189,340,196,384,216,359,210,408,226,335,197,301,200,292,188,334,200,295,211,262,259
442,389,233,380,203,372,185,348,188,340,198,385,211,383,224,407,226,336,197,300,200,291,191,335,201,294,209,261,256
443,394,233,374,201,368,183,347,189,343,199,381,209,370,213,352,210,335,197,298,202,265,255,336,206,296,211,263,257
444,391,230,378,202,369,182,349,186,342,198,383,212,383,224,407,227,335,197,295,202,264,254,335,206,296,213,263,257
445,393,235,382,209,389,191,383,227,410,227,382,215,355,212,369,228,339,199,310,199,292,190,338,200,318,199,287,188
446,394,237,381,210,374,215,352,192,342,197,383,214,358,210,353,203,336,197,296,209,264,257,338,199,295,214,263,259
447,398,235,384,209,390,192,354,186,411,227,384,217,374,220,370,228,337,197,296,200,262,254,335,200,296,208,263,255
448,390,232,379,204,373,183,352,185,342,192,383,215,387,227,409,226,333,197,299,198,264,256,334,209,294,210,262,259
449,394,235,382,207,388,193,352,188,344,198,384,211,352,191,358,202,338,198,302,198,262,254,335,199,298,208,262,256
450,397,236,384,208,385,190,352,190,410,226,385,212,373,217,405,226,338,197,299,197,263,252,336,199,294,206,262,255
451,395,237,382,210,374,215,355,190,342,195,381,215,364,211,352,203,333,197,295,201,290,186,333,199,292,208,260,258
452,393,231,379,203,386,191,382,228,335,198,381,209,354,207,369,225,339,198,309,198,293,191,335,198,314,200,286,190
