1,3,218,230,453,464,
2,3,218,230,453,464,
3,3,218,230,453,464,
4,3,218,230,453,464,
5,3,218,230,453,464,
6,3,218,230,453,464,
7,3,218,230,453,464,
8,3,218,230,453,464,
9,3,218,230,453,464,
10,3,218,230,453,464,
11,3,218,230,453,464,
12,3,218,230,453,464,
13,3,218,230,453,464,
14,3,218,230,453,464,
15,3,218,230,453,464,
16,3,218,230,453,464,
17,3,218,230,453,464,
18,3,218,230,453,464,
19,3,218,230,453,464,
20,3,218,230,453,464,
21,3,218,230,453,464,
22,3,218,230,453,464,
23,3,218,230,453,464,
24,3,218,230,453,464,
25,3,218,230,453,464,
26,3,218,230,453,464,
27,3,218,230,453,464,
28,3,218,230,453,464,
29,3,218,230,453,464,
30,3,218,230,453,464,
31,3,218,230,453,464,
32,3,218,230,453,464,
33,3,218,230,453,464,
34,3,218,230,453,464,
35,3,218,230,453,464,
36,3,218,230,453,464,
37,3,218,230,453,464,
38,3,218,230,453,464,
39,3,218,230,453,464,
40,3,218,230,453,464,
41,3,218,230,453,464,
42,3,218,230,453,464,
43,3,218,230,453,464,
44,3,218,230,453,464,
45,3,218,230,453,464,
46,3,218,230,453,464,
47,3,218,230,453,464,
48,3,218,230,453,464,
49,3,218,230,453,464,
50,3,218,230,453,464,
51,3,218,230,453,464,
52,3,218,230,453,464,
53,3,218,230,453,464,
54,3,218,230,453,464,
55,3,218,230,453,464,
56,3,218,230,453,464,
57,3,218,230,453,464,
58,3,218,230,453,464,
59,3,218,230,453,464,
60,3,218,230,453,464,
61,3,218,230,453,464,
62,3,218,230,453,464,
63,3,218,230,453,464,
64,3,218,230,453,464,
65,3,218,230,453,464,
66,3,218,230,453,464,
67,3,218,230,453,464,
68,3,218,230,453,464,
69,3,218,230,453,464,
70,3,218,230,453,464,
71,3,218,230,453,464,
72,3,218,230,453,464,
73,3,218,230,453,464,
74,3,218,230,453,464,
75,3,218,230,453,464,
76,3,218,230,453,464,
77,3,218,230,453,464,
78,3,218,230,453,464,
79,3,218,230,453,464,
80,3,218,230,453,464,
81,3,218,230,453,464,
82,3,218,230,453,464,
83,3,218,230,453,464,
84,3,218,230,453,464,
85,3,218,230,453,464,
86,3,218,230,453,464,
87,3,218,230,453,464,
88,3,218,230,453,464,
89,3,218,230,453,464,
90,3,218,230,453,464,
91,3,218,230,453,464,
92,3,218,230,453,464,
93,3,218,230,453,464,
94,3,218,230,453,464,
95,3,218,230,453,464,
96,3,218,230,453,464,
97,3,218,230,453,464,
98,3,218,230,453,464,
99,3,218,230,453,464,
100,3,218,230,453,464,
101,3,218,230,453,464,
102,3,218,230,453,464,
103,3,218,230,453,464,
104,3,218,230,453,464,
105,3,218,230,453,464,
106,3,218,230,453,464,
107,3,218,230,453,464,
108,3,218,230,453,464,
109,3,218,230,453,464,
110,3,218,230,453,464,
111,3,218,230,453,464,
112,3,218,230,453,464,
113,3,218,230,453,464,
114,3,218,230,453,464,
115,3,218,230,453,464,
116,3,218,230,453,464,
117,3,218,230,453,464,
118,3,218,230,453,464,
119,3,218,230,453,464,
120,3,218,230,453,464,
121,3,218,230,453,464,
122,3,218,230,453,464,
123,3,218,230,453,464,
124,3,218,230,453,464,
125,3,218,230,453,464,
126,3,218,230,453,464,
127,3,218,230,453,464,
128,3,218,230,453,464,
129,3,218,230,453,464,
130,3,218,230,453,464,
131,3,218,230,453,464,
132,3,218,230,453,464,
133,3,218,230,453,464,
134,3,218,230,453,464,
135,3,218,230,453,464,
136,3,218,230,453,464,
137,3,218,230,453,464,
138,3,218,230,453,464,
139,3,218,230,453,464,
140,3,218,230,453,464,
141,3,218,230,453,464,
142,3,218,230,453,464,
143,3,218,230,453,464,
144,3,218,230,453,464,
145,3,218,230,453,464,
146,3,218,230,453,464,
147,3,218,230,453,464,
148,3,218,230,453,464,
149,3,218,230,453,464,
150,3,218,230,453,464,
151,3,218,230,453,464,
152,3,218,230,453,464,
153,3,218,230,453,464,
154,3,218,230,453,464,
155,3,218,230,453,464,
156,3,218,230,453,464,
157,3,218,230,453,464,
158,3,218,230,453,464,
159,3,218,230,453,464,
160,3,218,230,453,464,
161,3,218,230,453,464,
162,3,218,230,453,464,
163,3,218,230,453,464,
164,3,218,230,453,464,
165,3,218,230,453,464,
166,3,218,230,453,464,
167,3,218,230,453,464,
168,3,218,230,453,464,
169,3,218,230,453,464,
170,3,218,230,453,464,
171,3,218,230,453,464,
172,3,218,230,453,464,
173,3,218,230,453,464,
174,3,218,230,453,464,
175,3,218,230,453,464,
176,3,218,230,453,464,
177,3,218,230,453,464,
178,3,218,230,453,464,
179,3,218,230,453,464,
180,3,218,230,453,464,
181,3,218,230,453,464,
182,3,218,230,453,464,
183,3,218,230,453,464,
184,3,218,230,453,464,
185,3,218,230,453,464,
186,3,218,230,453,464,
187,3,218,230,453,464,
188,3,218,230,453,464,
189,3,218,230,453,464,
190,3,218,230,453,464,
191,3,218,230,453,464,
192,3,218,230,453,464,
193,3,218,230,453,464,
194,3,218,230,453,464,
195,3,218,230,453,464,
196,3,218,230,453,464,
197,3,218,230,453,464,
198,3,218,230,453,464,
199,3,218,230,453,464,
200,3,218,230,453,464,
201,3,218,230,453,464,
202,3,218,230,453,464,
203,3,218,230,453,464,
204,3,218,230,453,464,
205,3,218,230,453,464,
206,3,218,230,453,464,
207,3,218,230,453,464,
208,3,218,230,453,464,
209,3,218,230,453,464,
210,3,218,230,453,464,
211,3,218,230,453,464,
212,3,218,230,453,464,
213,3,218,230,453,464,
214,3,218,230,453,464,
215,3,218,230,453,464,
216,3,218,230,453,464,
217,3,218,230,453,464,
218,3,218,230,453,464,
219,3,218,230,453,464,
220,3,218,230,453,464,
221,3,218,230,453,464,
222,3,218,230,453,464,
223,3,218,230,453,464,
224,3,218,230,453,464,
225,3,218,230,453,464,
226,3,218,230,453,464,
227,3,218,230,453,464,
228,3,218,230,453,464,
229,3,218,230,453,464,
230,3,218,230,453,464,
231,3,218,230,453,464,
232,3,218,230,453,464,
233,3,218,230,453,464,
234,3,218,230,453,464,
235,3,218,230,453,464,
236,3,218,230,453,464,
237,3,218,230,453,464,
238,3,218,230,453,464,
239,3,218,230,453,464,
240,3,218,230,453,464,
241,3,218,230,453,464,
242,3,218,230,453,464,
243,3,218,230,453,464,
244,3,218,230,453,464,
245,3,218,230,453,464,
246,3,218,230,453,464,
247,3,218,230,453,464,
248,3,218,230,453,464,
249,3,218,230,453,464,
250,3,218,230,453,464,
251,3,218,230,453,464,
252,3,218,230,453,464,
253,3,218,230,453,464,
254,3,218,230,453,464,
255,3,218,230,453,464,
256,3,218,230,453,464,
257,3,218,230,453,464,
258,3,218,230,453,464,
259,3,218,230,453,464,
260,3,218,230,453,464,
261,3,218,230,453,464,
262,3,218,230,453,464,
263,3,218,230,453,464,
264,3,218,230,453,464,
265,3,218,230,453,464,
266,3,218,230,453,464,
267,3,218,230,453,464,
268,3,218,230,453,464,
269,3,218,230,453,464,
270,3,218,230,453,464,
271,3,218,230,453,464,
272,3,218,230,453,464,
273,3,218,230,453,464,
274,3,218,230,453,464,
275,3,218,230,453,464,
276,3,218,230,453,464,
277,3,218,230,453,464,
278,3,218,230,453,464,
279,3,218,230,453,464,
280,3,218,230,453,464,
281,3,218,230,453,464,
282,3,218,230,453,464,
283,3,218,230,453,464,
284,3,218,230,453,464,
285,3,218,230,453,464,
286,3,218,230,453,464,
287,3,218,230,453,464,
288,3,218,230,453,464,
289,3,218,230,453,464,
290,3,218,230,453,464,
291,3,218,230,453,464,
292,3,218,230,453,464,
293,3,218,230,453,464,
294,3,218,230,453,464,
295,3,218,230,453,464,
296,3,218,230,453,464,
297,3,218,230,453,464,
298,3,218,230,453,464,
299,3,218,230,453,464,
300,3,218,230,453,464,
301,3,218,230,453,464,
302,3,218,230,453,464,
303,3,218,230,453,464,
304,3,218,230,453,464,
305,3,218,230,453,464,
306,3,218,230,453,464,
307,3,218,230,453,464,
308,3,218,230,453,464,
309,3,218,230,453,464,
310,3,218,230,453,464,
311,3,218,230,453,464,
312,3,218,230,453,464,
313,3,218,230,453,464,
314,3,218,230,453,464,
315,3,218,230,453,464,
316,3,218,230,453,464,
317,3,218,230,453,464,
318,3,218,230,453,464,
319,3,218,230,453,464,
320,3,218,230,453,464,
321,3,218,230,453,464,
322,3,218,230,453,464,
323,3,218,230,453,464,
324,3,218,230,453,464,
325,3,218,230,453,464,
326,3,218,230,453,464,
327,3,218,230,453,464,
328,3,218,230,453,464,
329,3,218,230,453,464,
330,3,218,230,453,464,
331,3,218,230,453,464,
332,3,218,230,453,464,
333,3,218,230,453,464,
334,3,218,230,453,464,
335,3,218,230,453,464,
336,3,218,230,453,464,
337,3,218,230,453,464,
338,3,218,230,453,464,
339,3,218,230,453,464,
340,3,218,230,453,464,
341,3,218,230,453,464,
342,3,218,230,453,464,
343,3,218,230,453,464,
344,3,218,230,453,464,
345,3,218,230,453,464,
346,3,218,230,453,464,
347,3,218,230,453,464,
348,3,218,230,453,464,
349,3,218,230,453,464,
350,3,218,230,453,464,
351,3,218,230,453,464,
352,3,218,230,453,464,
353,3,218,230,453,464,
354,3,218,230,453,464,
355,3,218,230,453,464,
356,3,218,230,453,464,
357,3,218,230,453,464,
358,3,218,230,453,464,
359,3,218,230,453,464,
360,3,218,230,453,464,
361,3,218,230,453,464,
362,3,218,230,453,464,
363,3,218,230,453,464,
364,3,218,230,453,464,
365,3,218,230,453,464,
366,3,218,230,453,464,
367,3,218,230,453,464,
368,3,218,230,453,464,
369,3,218,230,453,464,
370,3,218,230,453,464,
371,3,218,230,453,464,
372,3,218,230,453,464,
373,3,218,230,453,464,
374,3,218,230,453,464,
375,3,218,230,453,464,
376,3,218,230,453,464,
377,3,218,230,453,464,
378,3,218,230,453,464,
379,3,218,230,453,464,
380,3,218,230,453,464,
381,3,218,230,453,464,
382,3,218,230,453,464,
383,3,218,230,453,464,
384,3,218,230,453,464,
385,3,218,230,453,464,
386,3,218,230,453,464,
387,3,218,230,453,464,
388,3,218,230,453,464,
389,3,218,230,453,464,
390,3,218,230,453,464,
391,3,218,230,453,464,
392,3,218,230,453,464,
393,3,218,230,453,464,
394,3,218,230,453,464,
395,3,218,230,453,464,
396,3,218,230,453,464,
397,3,218,230,453,464,
398,3,218,230,453,464,
399,3,218,230,453,464,
400,3,218,230,453,464,
401,3,218,230,453,464,
402,3,218,230,453,464,
403,3,218,230,453,464,
404,3,218,230,453,464,
405,3,218,230,453,464,
406,3,218,230,453,464,
407,3,218,230,453,464,
408,3,218,230,453,464,
409,3,218,230,453,464,
410,3,218,230,453,464,
411,3,218,230,453,464,
412,3,218,230,453,464,
413,3,218,230,453,464,
414,3,218,230,453,464,
415,3,218,230,453,464,
416,3,218,230,453,464,
417,3,218,230,453,464,
418,3,218,230,453,464,
419,3,218,230,453,464,
420,3,218,230,453,464,
421,3,218,230,453,464,
422,3,218,230,453,464,
423,3,218,230,453,464,
424,3,218,230,453,464,
425,3,218,230,453,464,
426,3,218,230,453,464,
427,3,218,230,453,464,
428,3,218,230,453,464,
429,3,218,230,453,464,
430,3,218,230,453,464,
431,3,218,230,453,464,
432,3,218,230,453,464,
433,3,218,230,453,464,
434,3,218,230,453,464,
435,3,218,230,453,464,
436,3,218,230,453,464,
437,3,218,230,453,464,
438,3,218,230,453,464,
439,3,218,230,453,464,
440,3,218,230,453,464,
441,3,218,230,453,464,
442,3,218,230,453,464,
443,3,218,230,453,464,
444,3,218,230,453,464,
445,3,218,230,453,464,
446,3,218,230,453,464,
447,3,218,230,453,464,
448,3,218,230,453,464,
449,3,218,230,453,464,
450,3,218,230,453,464,
451,3,218,230,453,464,
452,3,218,230,453,464,
453,3,218,230,453,464,
454,3,218,230,453,464,
455,3,218,230,453,464,
456,3,218,230,453,464,
457,3,218,230,453,464,
458,3,218,230,453,464,
459,3,218,230,453,464,
460,3,218,230,453,464,
461,3,218,230,453,464,
462,3,218,230,453,464,
463,3,218,230,453,464,
464,3,218,230,453,464,
465,3,218,230,453,464,
466,3,218,230,453,464,
467,3,218,230,453,464,
468,3,218,230,453,464,
469,3,218,230,453,464,
470,3,218,230,453,464,
471,3,218,230,453,464,
472,3,218,230,453,464,
473,3,218,230,453,464,
474,3,218,230,453,464,
475,3,218,230,453,464,
476,3,218,230,453,464,
477,3,218,230,453,464,
478,3,218,230,453,464,
479,3,218,230,453,464,
480,3,218,230,453,464,
481,3,218,230,453,464,
