1,0,0,0,0,0,0,0,0,0,0,0,0,0,0,0,0,0,0,0,0,0,0,0,0,0,0,0,0
2,0,0,0,0,0,0,0,0,0,0,0,0,0,0,0,0,0,0,0,0,0,0,0,0,0,0,0,0
3,0,0,0,0,0,0,0,0,0,0,0,0,0,0,0,0,0,0,0,0,0,0,0,0,0,0,0,0
4,0,0,0,0,0,0,0,0,0,0,0,0,0,0,0,0,0,0,0,0,0,0,0,0,0,0,0,0
5,0,0,0,0,0,0,0,0,0,0,0,0,0,0,0,0,0,0,0,0,0,0,0,0,0,0,0,0
6,0,0,0,0,0,0,0,0,0,0,0,0,0,0,0,0,0,0,0,0,0,0,0,0,0,0,0,0
7,0,0,0,0,0,0,0,0,0,0,0,0,0,0,0,0,0,0,0,0,0,0,0,0,0,0,0,0
8,0,0,0,0,0,0,0,0,0,0,0,0,0,0,0,0,0,0,0,0,0,0,0,0,0,0,0,0
9,0,0,0,0,0,0,0,0,0,0,0,0,0,0,0,0,0,0,0,0,0,0,0,0,0,0,0,0
10,0,0,0,0,0,0,0,0,0,0,0,0,0,0,0,0,0,0,0,0,0,0,0,0,0,0,0,0
11,0,0,0,0,0,0,0,0,0,0,0,0,0,0,0,0,0,0,0,0,0,0,0,0,0,0,0,0
12,0,0,0,0,0,0,0,0,0,0,0,0,0,0,0,0,0,0,0,0,0,0,0,0,0,0,0,0
13,0,0,0,0,0,0,0,0,0,0,0,0,0,0,0,0,0,0,0,0,0,0,0,0,0,0,0,0
14,0,0,0,0,0,0,0,0,0,0,0,0,0,0,0,0,0,0,0,0,0,0,0,0,0,0,0,0
15,0,0,0,0,0,0,0,0,0,0,0,0,0,0,0,0,0,0,0,0,0,0,0,0,0,0,0,0
16,0,0,0,0,0,0,0,0,0,0,0,0,0,0,0,0,0,0,0,0,0,0,0,0,0,0,0,0
17,0,0,0,0,0,0,0,0,0,0,0,0,0,0,0,0,0,0,0,0,0,0,0,0,0,0,0,0
18,0,0,0,0,0,0,0,0,0,0,0,0,0,0,0,0,0,0,0,0,0,0,0,0,0,0,0,0
19,0,0,0,0,0,0,0,0,0,0,0,0,0,0,0,0,0,0,0,0,0,0,0,0,0,0,0,0
20,0,0,0,0,0,0,0,0,0,0,0,0,0,0,0,0,0,0,0,0,0,0,0,0,0,0,0,0
21,0,0,0,0,0,0,0,0,0,0,0,0,0,0,0,0,0,0,0,0,0,0,0,0,0,0,0,0
22,0,0,0,0,0,0,0,0,0,0,0,0,0,0,0,0,0,0,0,0,0,0,0,0,0,0,0,0
23,0,0,0,0,0,0,0,0,0,0,0,0,0,0,0,0,0,0,0,0,0,0,0,0,0,0,0,0
24,0,0,0,0,0,0,0,0,0,0,0,0,0,0,0,0,0,0,0,0,0,0,0,0,0,0,0,0
25,0,0,0,0,0,0,0,0,0,0,0,0,0,0,0,0,0,0,0,0,0,0,0,0,0,0,0,0
26,0,0,0,0,0,0,0,0,0,0,0,0,0,0,0,0,0,0,0,0,0,0,0,0,0,0,0,0
27,0,0,0,0,0,0,0,0,0,0,0,0,0,0,0,0,0,0,0,0,0,0,0,0,0,0,0,0
28,0,0,0,0,0,0,0,0,0,0,0,0,0,0,0,0,0,0,0,0,0,0,0,0,0,0,0,0
29,0,0,0,0,0,0,0,0,0,0,0,0,0,0,0,0,0,0,0,0,0,0,0,0,0,0,0,0
30,0,0,0,0,0,0,0,0,0,0,0,0,0,0,0,0,0,0,0,0,0,0,0,0,0,0,0,0
31,0,0,0,0,0,0,0,0,0,0,0,0,0,0,0,0,0,0,0,0,0,0,0,0,0,0,0,0
32,0,0,0,0,0,0,0,0,0,0,0,0,0,0,0,0,0,0,0,0,0,0,0,0,0,0,0,0
33,0,0,0,0,0,0,0,0,0,0,0,0,0,0,0,0,0,0,0,0,0,0,0,0,0,0,0,0
34,0,0,0,0,0,0,0,0,0,0,0,0,0,0,0,0,0,0,0,0,0,0,0,0,0,0,0,0
35,0,0,0,0,0,0,0,0,0,0,0,0,0,0,0,0,0,0,0,0,0,0,0,0,0,0,0,0
36,0,0,0,0,0,0,0,0,0,0,0,0,0,0,0,0,0,0,0,0,0,0,0,0,0,0,0,0
37,0,0,0,0,0,0,0,0,0,0,0,0,0,0,0,0,0,0,0,0,0,0,0,0,0,0,0,0
38,0,0,0,0,0,0,0,0,0,0,0,0,0,0,0,0,0,0,0,0,0,0,0,0,0,0,0,0
39,0,0,0,0,0,0,0,0,0,0,0,0,0,0,0,0,0,0,0,0,0,0,0,0,0,0,0,0
40,0,0,0,0,0,0,0,0,0,0,0,0,0,0,0,0,0,0,0,0,0,0,0,0,0,0,0,0
41,0,0,0,0,0,0,0,0,0,0,0,0,0,0,0,0,0,0,0,0,0,0,0,0,0,0,0,0
42,0,0,0,0,0,0,0,0,0,0,0,0,0,0,0,0,0,0,0,0,0,0,0,0,0,0,0,0
43,0,0,0,0,0,0,0,0,0,0,0,0,0,0,0,0,0,0,0,0,0,0,0,0,0,0,0,0
44,0,0,0,0,0,0,0,0,0,0,0,0,0,0,0,0,0,0,0,0,0,0,0,0,0,0,0,0
45,0,0,0,0,0,0,0,0,0,0,0,0,0,0,0,0,0,0,0,0,0,0,0,0,0,0,0,0
46,0,0,0,0,0,0,0,0,0,0,0,0,0,0,0,0,0,0,0,0,0,0,0,0,0,0,0,0
47,0,0,0,0,0,0,0,0,0,0,0,0,0,0,0,0,0,0,0,0,0,0,0,0,0,0,0,0
48,0,0,0,0,0,0,0,0,0,0,0,0,0,0,0,0,0,0,0,0,0,0,0,0,0,0,0,0
49,0,0,0,0,0,0,0,0,0,0,0,0,0,0,0,0,0,0,0,0,0,0,0,0,0,0,0,0
50,360,53,380,96,362,124,345,198,324,247,420,129,413,222,390,293,339,253,320,342,308,355,388,273,366,360,350,356
51,0,0,0,0,0,0,0,0,0,0,0,0,0,0,0,0,0,0,0,0,0,0,0,0,0,0,0,0
52,353,54,373,97,356,125,340,195,319,244,410,127,407,213,384,288,332,248,316,340,311,355,380,268,372,355,382,287
53,349,55,369,97,355,125,336,194,315,242,404,126,400,214,380,289,331,244,320,339,315,358,379,261,373,354,366,282
54,344,56,364,98,351,125,334,198,310,242,401,126,395,215,374,289,328,246,319,341,317,352,378,265,369,357,375,287
55,0,0,0,0,0,0,0,0,0,0,0,0,0,0,0,0,0,0,0,0,0,0,0,0,0,0,0,0
56,0,0,0,0,0,0,0,0,0,0,0,0,0,0,0,0,0,0,0,0,0,0,0,0,0,0,0,0
57,332,57,354,98,345,123,328,194,300,236,385,124,382,214,370,267,332,252,370,333,307,229,373,262,368,333,357,82
58,327,59,349,99,343,124,327,195,296,235,381,123,377,213,366,269,329,254,317,300,306,230,371,262,367,325,356,82
59,324,59,347,100,339,124,323,193,292,234,378,123,373,210,361,264,328,255,358,333,304,229,369,259,359,333,356,283
60,323,60,344,101,336,126,320,191,289,232,374,124,369,210,351,270,325,257,349,334,300,229,363,263,352,334,356,309
61,320,61,340,103,332,128,317,191,285,230,369,123,365,209,348,269,321,258,345,333,298,229,357,265,349,333,340,284
62,317,63,338,104,330,128,315,191,282,229,364,124,362,203,357,262,319,258,345,333,295,229,351,263,347,333,347,309
63,313,61,336,104,329,128,314,190,279,228,362,126,357,198,349,263,316,254,339,334,289,222,349,260,343,334,347,313
64,311,61,332,104,323,129,311,190,275,228,358,123,354,194,350,260,314,255,337,334,283,221,348,259,339,334,354,277
65,307,62,329,105,321,130,310,189,271,228,356,123,351,190,344,257,314,250,332,334,282,222,350,253,334,326,344,307
66,304,62,325,105,315,132,310,189,268,228,354,122,349,185,346,254,311,249,329,334,276,221,351,249,331,334,267,226
67,301,62,322,104,314,132,309,188,266,228,348,120,346,181,326,251,312,247,326,325,281,225,348,246,329,322,327,336
68,297,60,318,103,310,132,305,189,263,228,347,120,344,181,323,246,309,242,322,324,312,339,347,243,326,322,318,339
69,295,60,317,102,312,131,306,189,261,229,342,120,341,182,323,249,311,245,322,322,275,227,347,244,325,320,324,335
70,291,64,315,103,311,130,307,185,260,229,340,117,340,179,317,242,329,241,321,324,303,335,338,244,322,320,321,335
71,290,60,312,101,310,130,301,189,257,230,336,117,337,178,316,250,326,239,321,324,271,230,347,236,326,308,318,268
72,287,61,309,104,303,134,296,194,255,231,335,116,335,177,314,244,323,238,319,329,268,230,342,236,326,311,317,341
73,0,0,0,0,0,0,0,0,0,0,0,0,0,0,0,0,0,0,0,0,0,0,0,0,0,0,0,0
74,281,69,306,106,303,133,296,198,253,233,328,115,332,176,306,252,319,245,316,330,267,238,344,241,315,324,301,315
75,277,65,303,105,304,131,298,195,253,234,326,115,331,177,301,254,315,248,314,330,300,252,342,247,313,323,298,315
76,277,67,303,107,302,133,296,199,252,234,322,115,324,201,297,258,325,242,310,329,265,234,345,245,312,327,297,282
77,0,0,0,0,0,0,0,0,0,0,0,0,0,0,0,0,0,0,0,0,0,0,0,0,0,0,0,0
78,0,0,0,0,0,0,0,0,0,0,0,0,0,0,0,0,0,0,0,0,0,0,0,0,0,0,0,0
79,272,66,296,107,298,131,289,204,250,235,314,116,317,202,284,255,310,241,292,314,272,371,338,245,309,324,284,388
80,269,69,294,108,296,126,286,206,250,236,312,117,315,198,280,253,319,241,296,312,298,324,339,245,308,322,283,378
81,269,66,292,108,296,129,287,204,250,236,307,120,309,198,274,253,328,244,302,314,293,352,338,248,311,322,306,343
82,272,62,294,106,305,122,288,197,254,236,305,122,306,197,269,248,333,248,309,318,303,351,336,253,308,324,297,342
83,267,73,293,112,301,125,290,196,258,239,303,122,301,196,262,246,337,247,315,318,303,347,337,252,309,325,293,340
84,266,73,295,111,310,124,319,192,317,241,301,121,297,199,256,241,351,248,321,324,306,348,333,253,306,325,280,381
85,271,68,296,109,312,125,321,191,311,227,298,122,294,196,252,238,349,250,318,323,305,354,331,255,308,327,278,378
86,273,65,296,107,308,125,311,188,246,235,298,123,291,193,248,236,331,247,310,323,309,333,332,253,313,332,282,382
87,276,63,298,107,317,131,313,189,245,233,295,124,285,194,243,232,335,248,308,326,308,361,335,255,311,333,280,381
88,275,69,297,112,312,131,300,189,248,228,295,122,282,192,240,229,331,249,311,330,304,358,335,255,313,334,270,376
89,276,61,295,107,311,130,285,205,249,236,291,125,274,192,227,218,315,251,305,329,305,341,339,255,318,336,268,382
90,279,68,295,114,307,128,282,210,247,236,290,124,270,191,225,211,313,249,306,313,279,372,342,252,324,326,284,381
91,273,71,293,115,308,133,283,210,249,238,289,123,266,191,223,207,330,244,309,310,309,361,340,250,322,324,291,381
92,279,72,296,116,311,137,284,211,249,237,290,122,264,189,220,202,332,250,316,329,295,356,335,256,317,332,298,358
93,272,69,291,114,305,131,286,207,250,237,288,124,262,188,220,198,339,249,316,319,310,360,339,255,321,327,289,372
94,266,71,290,114,303,127,287,207,248,237,288,124,262,188,220,195,331,252,311,336,295,351,337,256,317,337,304,361
95,266,76,290,117,305,135,288,205,249,237,287,124,260,187,219,193,335,248,318,331,306,362,335,255,321,332,304,359
96,264,77,289,117,303,133,284,209,247,236,286,124,260,186,220,192,333,249,314,328,295,351,336,254,319,332,313,363
97,265,77,286,118,299,134,284,209,248,236,284,126,258,186,219,192,337,250,319,327,312,359,341,255,322,331,283,381
98,270,73,289,116,301,132,285,208,249,236,284,124,259,185,219,192,333,250,314,327,313,359,339,255,322,333,263,370
99,267,72,286,116,298,130,283,210,249,236,283,126,258,186,219,191,338,248,315,327,312,360,339,254,320,332,282,381
100,271,71,288,117,300,133,283,211,248,237,285,125,257,187,219,191,326,251,309,318,276,372,339,255,324,327,291,382
101,266,74,285,117,297,131,284,209,249,238,283,126,257,187,218,191,323,252,310,332,311,362,339,257,317,335,312,362
102,265,73,283,117,292,129,283,210,248,238,282,128,256,187,219,191,338,248,319,328,312,360,340,255,320,332,281,381
103,274,75,289,121,301,135,283,210,249,238,282,127,257,187,219,191,320,254,310,327,313,333,339,257,319,333,279,382
104,265,76,284,120,296,134,284,208,249,237,282,127,258,187,219,191,338,249,315,320,277,365,339,255,321,328,285,382
105,272,77,289,121,303,134,282,210,247,239,282,126,259,186,220,192,335,249,315,342,299,361,337,256,319,337,301,362
106,264,81,287,122,300,135,285,208,248,237,282,127,258,187,219,191,333,252,314,332,312,362,337,257,319,335,312,363
107,264,77,285,120,298,135,285,208,249,237,282,127,256,189,219,191,338,248,320,334,300,352,337,255,320,334,313,362
108,266,77,287,121,301,137,285,208,249,237,282,127,257,188,219,191,334,251,319,330,312,361,337,256,320,333,300,357
109,264,81,285,121,299,137,285,207,249,237,282,128,258,189,220,191,334,249,314,320,313,360,339,255,323,330,287,383
110,262,76,285,118,299,133,285,207,247,237,282,126,258,188,219,192,334,253,319,337,312,363,336,258,319,337,313,364
111,263,75,287,118,302,134,283,209,248,238,282,126,258,189,219,191,332,252,316,334,313,362,337,256,322,337,277,381
112,264,74,285,118,300,134,282,209,247,237,281,127,258,189,219,191,323,254,312,326,313,336,338,257,320,333,286,382
113,261,77,286,119,300,132,282,208,244,237,282,126,259,189,219,191,332,253,316,330,312,359,335,258,320,332,280,381
114,260,84,287,122,301,136,281,208,244,237,282,126,259,189,219,191,336,250,315,328,312,359,338,256,319,333,281,381
115,275,77,290,121,303,139,280,209,244,237,283,126,258,190,220,192,334,252,321,335,304,359,336,258,321,335,303,356
116,267,73,288,118,301,134,279,210,244,236,283,126,260,190,220,191,336,254,317,342,304,362,337,259,317,339,305,363
117,262,80,287,120,301,132,279,210,245,238,285,127,259,191,220,191,333,250,314,326,313,359,339,256,321,333,271,370
118,265,77,289,119,302,131,281,210,245,239,286,126,260,193,221,192,339,253,322,335,312,361,338,259,321,335,303,360
119,265,79,291,121,309,137,279,211,245,238,285,126,261,194,222,192,340,250,320,339,306,362,338,257,320,337,305,362
120,265,75,290,118,306,136,280,210,244,240,285,125,260,195,222,193,342,247,321,341,309,363,337,255,321,335,306,362
121,273,71,291,117,302,132,279,212,243,240,287,125,262,195,222,193,335,246,318,335,311,361,339,252,320,330,311,357
122,269,77,291,119,305,133,280,211,244,241,288,125,262,198,222,193,331,249,313,320,276,367,340,253,322,331,280,380
123,274,70,292,116,302,129,279,212,244,240,290,125,262,199,222,194,328,251,308,330,283,362,340,256,319,335,311,363
124,273,79,293,119,306,133,278,214,245,240,288,125,264,199,222,195,340,251,315,336,294,360,339,258,316,336,308,364
125,275,71,293,116,306,133,279,214,244,239,291,125,264,200,223,196,333,247,309,322,292,361,342,252,319,333,309,363
126,280,70,293,116,301,127,282,211,246,240,292,124,266,199,223,195,337,249,315,337,306,360,339,255,316,335,304,358
127,270,73,292,115,303,129,281,210,245,239,292,124,267,199,222,196,343,248,315,341,305,363,337,255,316,338,302,363
128,267,72,290,114,299,126,280,211,247,240,292,125,269,200,223,197,330,249,317,336,309,363,341,255,316,335,298,358
129,267,71,290,114,300,126,284,208,248,241,292,125,269,201,222,198,344,247,319,324,308,361,339,253,320,331,304,361
130,264,78,290,116,299,127,279,207,248,240,293,124,273,201,222,199,331,241,312,313,308,355,345,248,319,325,286,382
131,259,78,286,116,296,128,287,192,247,239,293,127,273,201,221,199,325,248,308,322,272,369,344,254,319,330,281,383
132,278,73,296,116,305,128,276,202,247,238,294,126,276,200,221,202,325,244,316,328,308,361,341,250,317,332,302,358
133,260,76,288,115,299,126,278,206,247,238,294,126,275,201,221,202,335,243,314,318,278,367,341,249,320,328,288,382
134,262,73,286,114,295,127,279,201,248,238,294,127,279,200,221,204,330,247,313,325,306,361,339,253,317,330,291,366
135,0,0,0,0,0,0,0,0,0,0,0,0,0,0,0,0,0,0,0,0,0,0,0,0,0,0,0,0
136,256,85,285,118,296,127,281,198,249,238,295,126,278,202,219,207,356,244,319,327,303,359,339,248,316,327,284,371
137,0,0,0,0,0,0,0,0,0,0,0,0,0,0,0,0,0,0,0,0,0,0,0,0,0,0,0,0
138,0,0,0,0,0,0,0,0,0,0,0,0,0,0,0,0,0,0,0,0,0,0,0,0,0,0,0,0
139,257,74,285,113,297,126,288,192,253,236,294,127,276,203,213,208,347,251,318,335,310,363,335,257,313,337,295,358
140,257,74,286,112,298,126,285,195,254,236,295,127,281,199,212,210,354,242,321,329,305,358,335,249,315,329,290,364
141,255,76,284,113,298,127,284,199,254,235,294,128,281,198,220,211,349,244,319,328,305,354,336,251,315,327,290,361
142,0,0,0,0,0,0,0,0,0,0,0,0,0,0,0,0,0,0,0,0,0,0,0,0,0,0,0,0
143,0,0,0,0,0,0,0,0,0,0,0,0,0,0,0,0,0,0,0,0,0,0,0,0,0,0,0,0
144,257,74,284,113,296,127,287,198,254,233,293,129,277,195,213,212,354,244,320,328,310,355,335,250,311,328,286,363
145,254,83,286,117,303,128,298,203,254,234,294,128,270,198,207,208,340,247,314,326,309,357,338,254,317,329,277,375
146,261,68,288,110,304,129,298,202,253,233,294,128,271,196,213,209,335,245,314,318,311,356,336,252,318,327,278,375
147,256,75,285,113,300,127,295,202,253,233,294,129,269,196,210,207,335,244,318,331,310,357,338,251,319,329,279,375
148,255,77,283,114,297,128,293,203,254,232,294,129,270,193,224,213,327,246,309,328,273,364,340,252,321,333,259,368
149,262,74,292,116,304,130,292,201,254,232,295,127,268,195,220,216,343,247,311,333,300,359,337,256,315,338,317,343
150,254,80,285,115,301,129,294,201,253,233,293,128,267,194,211,207,355,247,327,324,305,361,336,254,318,333,301,356
151,282,74,298,119,312,145,291,202,252,232,294,126,267,193,205,207,353,241,331,315,307,360,339,250,317,317,293,380
152,258,79,289,116,303,131,291,200,253,232,295,126,266,194,201,208,352,242,318,335,305,358,341,251,320,331,304,356
153,258,78,286,115,300,129,291,201,252,232,293,128,266,194,201,205,341,244,310,319,311,357,341,251,318,328,281,381
154,258,75,287,114,302,132,289,203,252,232,295,127,264,195,202,204,342,245,313,308,309,351,343,251,323,320,287,380
155,257,76,285,114,301,130,291,202,252,232,294,127,265,194,208,205,353,244,329,314,310,358,337,249,323,321,295,380
156,257,78,287,115,298,128,289,205,252,233,294,128,264,194,204,204,335,246,319,335,310,360,338,253,319,332,302,356
157,271,69,294,114,311,138,292,204,252,232,295,127,263,196,200,205,339,244,318,313,311,349,345,249,321,323,289,381
158,258,77,286,114,300,130,289,203,251,232,295,128,266,193,208,206,336,243,315,310,310,349,341,250,323,322,288,380
159,258,73,286,113,301,129,288,202,251,231,295,128,267,193,208,208,334,238,311,305,306,356,343,244,325,318,289,380
160,257,78,286,114,300,130,286,200,251,231,296,128,267,193,203,207,342,238,329,314,308,358,344,246,322,320,294,380
161,257,74,285,113,298,128,287,202,251,231,295,128,265,194,202,205,315,244,309,309,287,380,347,247,323,322,282,380
162,256,80,286,115,300,128,285,201,250,231,296,128,266,194,212,211,335,241,316,310,308,350,344,248,321,322,290,380
163,259,78,289,115,303,130,286,201,251,231,296,127,266,193,209,208,336,248,318,319,311,355,344,254,321,327,282,381
164,257,74,285,113,300,128,289,201,251,231,295,129,267,192,215,211,345,240,330,315,306,357,343,247,319,316,286,380
165,257,75,285,113,297,128,286,202,250,231,296,128,266,193,207,207,339,241,313,310,308,359,346,247,325,322,285,380
166,258,75,286,113,304,131,289,201,251,231,295,128,266,193,206,207,346,243,326,317,311,349,343,250,319,321,288,380
167,259,75,288,114,303,129,289,202,250,231,296,129,265,194,208,203,344,245,327,320,309,357,340,252,319,324,288,371
168,257,74,284,113,298,128,284,201,251,232,295,128,264,195,208,206,335,240,313,311,306,349,343,248,320,322,283,380
169,260,79,291,116,305,131,287,201,251,231,296,126,268,192,215,209,336,244,315,315,310,356,342,250,321,325,281,381
170,269,69,294,114,310,131,291,199,253,231,296,128,267,192,213,208,346,246,323,328,304,357,340,253,317,330,289,365
171,259,74,291,114,306,129,292,199,252,230,297,127,266,195,201,204,352,247,316,339,308,363,338,255,314,338,297,359
172,256,74,288,110,316,143,300,199,253,232,297,126,268,195,195,204,352,246,324,321,307,354,337,252,313,323,280,373
173,256,73,284,113,302,129,296,199,254,231,295,129,270,194,199,203,354,242,317,333,307,357,338,251,314,331,272,373
174,254,79,286,113,316,139,303,198,256,230,295,128,271,194,202,203,351,247,315,336,303,361,334,255,312,337,199,204
175,255,76,285,113,311,134,305,196,258,232,294,129,273,194,203,202,350,246,315,335,305,361,333,255,313,336,198,203
176,256,76,284,112,302,128,307,192,263,230,294,130,275,190,204,203,335,247,312,336,304,361,334,255,312,336,202,204
177,0,0,0,0,0,0,0,0,0,0,0,0,0,0,0,0,0,0,0,0,0,0,0,0,0,0,0,0
178,258,74,286,112,312,135,312,191,271,232,292,130,265,204,205,203,350,246,316,326,308,359,334,255,309,333,306,358
179,258,72,284,112,310,136,311,193,275,235,289,132,262,202,204,203,326,247,301,325,288,350,334,252,311,334,307,357
180,261,72,288,113,312,138,312,196,279,235,288,131,259,203,203,205,349,245,303,325,303,331,332,254,311,334,309,354
181,276,69,296,114,321,139,316,195,285,235,285,132,257,205,202,207,351,246,305,324,310,354,333,255,308,333,309,355
182,279,73,298,116,327,139,319,195,289,236,285,132,254,204,201,208,356,246,321,325,307,354,331,254,306,330,295,351
183,281,74,297,117,323,141,313,193,291,236,283,132,251,203,200,209,350,243,309,313,304,352,335,251,313,324,294,357
184,274,71,293,116,319,139,313,193,294,240,283,133,250,200,199,211,354,245,319,330,308,352,329,253,304,329,304,350
185,279,74,294,119,322,143,317,197,299,245,282,132,248,197,196,212,356,245,319,331,308,352,329,252,301,329,291,350
186,277,75,292,119,315,138,319,187,316,237,280,133,242,197,194,214,356,244,319,331,305,357,326,252,304,330,279,376
187,276,80,294,122,322,140,308,189,314,240,277,134,238,195,192,214,355,244,326,317,308,348,325,249,304,323,282,381
188,267,72,288,118,315,138,308,188,317,239,275,136,238,191,193,216,356,244,321,325,310,348,326,250,302,325,288,351
189,270,77,291,120,321,138,318,184,320,232,275,135,240,187,190,216,356,245,330,307,313,356,324,248,306,307,296,356
190,266,76,289,119,321,140,322,185,320,235,273,136,238,188,189,217,355,244,328,310,309,355,326,250,303,312,287,361
191,264,76,288,120,324,140,312,185,319,237,271,136,235,188,187,217,356,245,330,306,310,354,325,249,302,310,290,356
192,273,83,291,125,323,141,337,186,295,201,269,138,234,187,185,217,354,243,330,306,309,354,325,249,301,316,286,362
193,264,80,287,122,323,140,311,183,298,213,268,137,234,187,185,216,355,243,328,310,305,356,324,249,303,315,287,365
194,265,80,286,123,320,140,307,183,297,218,268,138,232,187,182,217,353,241,330,303,310,356,323,247,303,307,291,358
195,262,80,282,123,308,135,303,181,299,218,265,138,231,187,182,217,354,242,330,300,312,354,323,247,302,305,293,355
196,264,80,285,124,316,138,306,182,277,177,266,139,230,187,181,218,353,239,330,300,311,353,322,244,302,303,293,356
197,266,81,285,124,319,141,316,185,289,204,265,139,229,187,181,218,352,242,328,305,310,356,320,246,301,309,290,358
198,258,80,283,123,318,140,308,184,301,224,264,139,230,185,181,217,352,237,329,300,310,352,320,243,299,306,287,354
199,261,82,284,124,314,139,303,182,309,232,264,138,229,186,180,219,350,239,329,299,308,352,319,244,299,303,285,353
200,261,80,282,124,314,140,304,183,298,222,262,140,228,186,180,218,350,240,326,302,311,355,319,245,298,307,284,356
201,263,80,284,124,316,141,308,183,291,210,264,138,228,186,180,219,351,240,327,301,307,354,318,244,297,307,284,355
202,259,80,281,124,312,139,306,182,294,213,263,139,228,186,180,218,350,239,321,311,294,361,317,244,294,317,277,361
203,260,81,282,124,317,142,304,183,302,227,261,139,227,186,180,218,350,240,319,318,291,364,318,246,293,318,276,362
204,260,80,280,124,309,138,302,181,300,224,261,139,227,187,180,219,350,237,323,304,305,356,318,241,295,308,279,359
205,254,80,277,123,303,134,298,179,295,217,262,139,226,185,181,218,349,240,325,303,306,354,317,242,295,305,281,355
206,256,82,280,124,315,141,301,184,275,183,262,138,228,185,180,218,351,240,323,304,306,357,317,247,294,310,280,357
207,257,80,279,124,309,139,305,182,294,214,261,139,227,185,180,218,348,239,323,303,310,352,316,244,292,312,286,355
208,259,78,280,123,313,139,304,182,297,220,261,139,227,185,180,218,349,239,324,303,307,353,316,243,292,311,280,356
209,254,80,277,123,311,139,301,182,306,232,261,138,227,185,180,217,347,239,326,298,307,352,315,244,294,306,281,353
210,256,80,277,123,306,138,311,182,291,208,261,139,227,185,181,216,346,237,322,303,307,355,317,242,293,305,279,355
211,258,77,279,122,315,141,299,183,273,185,261,138,225,185,180,217,349,241,326,298,308,352,314,245,295,300,282,350
212,255,79,278,122,308,138,307,184,308,232,261,138,226,184,180,216,349,237,325,297,305,352,316,242,295,301,280,352
213,254,75,276,120,306,136,332,178,292,212,261,137,225,184,180,215,346,239,324,300,306,353,315,243,295,302,280,353
214,257,76,277,121,309,138,308,183,282,193,259,138,225,183,181,214,348,239,324,298,307,351,315,244,292,310,283,354
215,257,80,279,124,309,139,316,184,289,209,259,137,225,184,180,214,348,236,324,301,305,353,316,243,292,314,282,362
216,257,80,280,123,313,140,303,180,282,192,259,138,225,183,181,213,346,235,324,300,308,355,315,242,294,305,281,356
217,259,74,276,120,305,136,304,180,291,211,261,137,224,183,179,214,345,238,320,308,304,355,315,243,293,310,280,357
218,260,75,278,121,308,137,329,179,292,205,260,137,225,183,180,213,348,237,323,303,306,353,315,243,291,315,281,364
219,260,73,276,120,305,136,304,182,291,209,261,136,227,182,180,213,348,239,325,298,307,350,315,245,292,313,285,355
220,261,76,280,122,308,137,327,184,311,228,261,136,226,182,180,213,347,236,324,297,308,352,316,241,294,306,284,355
221,258,76,278,121,308,136,329,178,291,209,261,136,226,182,181,213,346,236,322,305,304,357,316,243,292,316,280,371
222,259,78,279,122,306,136,299,180,276,183,263,135,227,182,181,213,346,238,323,303,309,355,316,244,294,310,283,357
223,260,73,278,119,306,136,302,181,290,210,263,135,227,182,180,213,346,239,320,310,303,358,317,244,292,315,279,361
224,260,79,282,122,311,138,301,179,317,226,264,135,227,182,182,212,347,237,323,302,305,355,317,242,296,308,284,359
225,262,74,281,119,313,138,306,180,293,208,266,134,228,183,182,213,347,237,324,302,306,355,317,244,296,307,282,358
226,259,75,281,120,309,137,301,180,293,212,266,134,229,182,183,213,347,237,323,302,305,354,317,243,296,307,284,357
227,261,74,282,120,309,137,301,180,294,212,266,134,229,183,180,213,347,236,321,310,302,359,318,244,295,312,280,365
228,264,78,285,122,315,139,303,180,297,215,268,134,230,183,181,214,347,235,322,304,306,355,318,243,295,309,282,360
229,263,76,285,121,312,138,300,180,279,177,269,133,232,181,182,215,347,239,321,307,301,357,319,245,294,309,276,360
230,264,73,284,118,312,138,305,181,296,211,269,132,233,183,184,213,346,236,321,308,297,357,318,242,295,308,278,360
231,261,75,282,118,308,136,302,180,301,224,270,132,235,182,184,215,347,236,325,300,304,352,320,242,298,300,283,350
232,269,75,288,121,317,139,308,181,302,218,272,131,235,183,183,216,349,237,323,305,306,356,319,244,295,310,281,361
233,273,72,289,119,315,139,306,183,299,217,273,132,234,184,185,215,348,239,322,307,304,355,320,245,297,310,283,357
234,276,76,289,121,313,138,303,182,312,233,273,132,235,182,186,214,349,237,324,303,305,354,321,245,301,307,288,357
235,272,73,290,118,314,138,302,180,311,229,274,130,235,183,185,215,346,234,325,302,304,355,320,242,300,305,286,359
236,267,74,288,119,311,137,304,182,314,231,276,129,236,185,186,216,348,237,321,309,292,364,323,246,297,313,278,379
237,280,74,292,119,315,137,308,183,314,232,277,128,236,185,187,215,349,238,323,304,302,356,321,247,300,307,282,360
238,279,72,293,118,317,138,308,182,312,230,277,129,237,184,187,215,349,235,324,305,301,357,321,245,298,311,283,364
239,284,74,294,119,315,139,307,183,311,232,278,129,238,187,187,214,350,237,325,303,300,358,321,244,298,310,285,375
240,284,73,295,118,316,138,310,183,312,228,280,128,240,185,189,214,348,234,323,306,295,363,321,243,298,310,279,375
241,266,75,292,118,316,139,309,185,312,230,283,125,241,185,191,213,347,238,322,307,297,356,322,246,298,311,281,364
242,265,69,289,114,312,134,308,184,311,230,282,125,240,188,192,213,349,239,323,307,301,353,322,246,298,312,282,363
243,286,71,296,116,319,138,315,183,314,231,282,126,241,188,194,211,349,239,319,315,283,374,322,246,300,320,269,374
244,285,71,296,116,315,137,314,185,313,230,285,125,243,188,196,210,349,239,325,304,299,361,322,245,301,307,283,366
245,280,68,296,115,317,138,308,184,312,232,286,125,245,188,198,210,351,237,323,309,294,374,323,245,300,312,277,374
246,270,67,293,113,312,135,304,183,252,183,287,124,247,189,199,209,350,237,319,316,303,342,322,246,298,320,272,375
247,287,68,297,115,317,137,310,185,312,232,289,124,250,189,200,208,351,240,316,320,283,374,323,249,300,322,271,374
248,265,67,293,112,315,137,303,182,255,184,290,123,251,189,202,206,350,240,322,312,295,366,323,247,303,316,281,375
249,267,66,292,111,311,134,303,182,257,182,290,123,252,190,203,206,350,241,318,322,285,374,323,250,300,323,271,374
250,267,66,293,111,313,137,305,184,254,192,291,122,255,189,204,204,348,242,312,329,302,355,324,251,302,330,276,373
251,271,67,297,113,315,137,304,183,257,191,291,123,257,190,207,204,349,241,313,329,302,355,324,251,301,329,278,373
252,262,66,288,108,305,127,302,181,258,190,292,123,259,190,208,203,346,245,316,326,304,353,326,252,305,326,281,372
253,263,66,288,108,308,129,305,182,264,190,292,123,260,191,210,203,350,241,316,329,304,355,325,251,304,329,263,373
254,262,68,288,108,307,128,308,182,262,192,294,123,262,193,211,203,353,240,316,334,303,356,325,252,304,333,265,374
255,263,65,289,106,306,123,313,180,274,186,294,123,266,192,213,203,351,241,314,331,303,356,325,252,302,330,262,374
256,263,66,290,107,309,125,320,181,279,185,295,123,270,192,215,202,347,243,311,329,303,357,328,253,306,331,261,375
257,264,63,290,106,307,123,312,182,272,194,295,124,274,191,218,202,335,247,308,328,303,357,330,253,308,331,263,375
258,265,64,290,106,308,123,312,179,275,183,296,125,277,193,222,201,352,243,317,328,305,353,328,250,303,327,291,346
259,266,63,291,105,305,120,305,181,275,181,296,124,279,195,224,201,350,246,317,331,306,359,330,253,304,332,270,380
260,265,62,291,104,306,119,318,183,285,183,296,125,283,196,227,201,348,246,319,330,306,357,328,253,306,330,272,375
261,266,62,291,105,305,119,317,183,288,174,298,123,290,197,230,200,349,245,319,327,303,350,330,252,306,326,278,373
262,266,62,292,105,305,120,313,184,285,171,299,124,294,197,232,200,348,244,318,326,304,353,330,251,309,326,270,372
263,267,61,292,103,305,120,314,186,234,197,301,122,296,197,234,200,338,243,317,328,303,351,328,251,310,326,269,367
264,267,61,293,104,304,120,317,187,235,200,303,120,299,198,235,200,314,245,307,317,305,349,330,249,315,325,264,364
265,267,61,294,103,305,119,315,185,237,200,304,120,303,197,238,201,312,244,310,320,301,353,331,247,314,325,269,364
266,267,61,294,102,306,119,320,188,237,202,305,120,307,199,239,203,318,245,317,329,302,359,329,251,313,330,298,350
267,268,60,294,102,305,119,320,189,241,203,306,119,312,198,242,204,327,247,314,338,305,359,330,254,315,338,307,359
268,267,60,294,102,305,119,319,188,243,204,307,118,315,199,244,205,324,249,312,339,301,361,329,254,313,339,304,361
269,267,60,294,102,306,119,321,190,308,245,307,119,316,201,245,207,318,245,321,331,306,359,333,249,319,327,310,359
270,268,59,295,102,305,119,319,188,305,246,307,120,319,201,247,208,312,245,306,312,306,349,337,251,319,322,278,365
271,268,59,294,102,304,120,320,189,249,207,307,120,321,201,249,210,327,250,311,343,301,363,333,257,314,341,305,363
272,268,59,294,102,304,121,319,190,250,209,308,120,322,203,250,211,310,243,316,330,304,362,337,246,321,331,305,362
273,268,59,294,101,306,121,320,190,305,245,308,120,323,204,250,213,310,244,305,308,282,363,345,246,326,322,304,363
274,268,59,294,101,305,121,321,190,308,243,308,122,324,205,252,215,312,240,306,304,284,358,341,242,327,315,306,358
275,268,58,293,101,306,121,321,190,306,245,308,122,326,207,253,218,311,244,308,311,302,350,339,249,322,324,302,358
276,268,59,294,101,307,122,321,193,308,247,309,122,326,210,254,220,312,243,309,314,299,349,343,243,324,322,307,358
277,269,59,294,101,306,122,322,192,309,244,309,123,326,210,255,223,315,240,306,307,283,358,341,243,327,321,302,358
278,269,60,294,102,307,124,323,194,308,249,310,123,328,210,255,226,312,247,304,319,308,332,345,250,319,330,311,356
279,269,59,294,102,305,123,324,195,306,252,310,122,328,209,256,228,310,250,311,343,299,364,342,252,315,342,300,364
280,270,61,295,102,309,124,326,197,311,253,311,124,327,212,255,233,315,250,322,345,320,252,345,249,322,338,306,348
281,269,61,296,103,309,124,324,195,310,249,311,123,327,212,255,236,314,242,305,322,297,356,348,243,316,336,300,357
282,271,60,295,103,304,126,325,193,310,247,311,124,326,213,255,239,314,241,298,329,289,365,348,244,315,340,296,365
283,270,60,295,103,307,126,326,199,308,250,311,125,325,215,256,241,311,248,301,329,281,363,349,251,318,338,311,361
284,270,60,294,103,304,126,322,197,307,252,312,124,323,214,254,244,311,251,304,336,297,367,350,250,317,342,302,367
285,269,61,295,103,306,126,320,192,309,244,312,124,323,214,254,246,315,240,300,320,268,374,352,240,319,333,287,374
286,269,62,294,104,308,126,322,192,311,245,312,127,320,213,253,249,318,240,303,309,282,369,353,243,326,325,291,380
287,269,60,294,103,306,127,321,195,309,251,313,127,318,213,253,252,315,245,300,328,286,366,353,246,318,338,323,341
288,269,62,295,104,307,126,320,197,311,245,310,127,316,215,257,252,319,238,302,310,298,340,353,241,324,329,315,353
289,270,60,294,103,306,126,318,192,312,241,309,127,315,213,259,253,320,232,303,308,294,345,354,234,327,324,315,355
290,268,62,294,104,305,125,320,198,312,246,310,126,314,214,254,259,321,238,305,309,302,355,354,238,325,325,319,351
291,269,62,294,104,304,126,309,191,314,241,310,127,311,216,252,261,323,234,307,305,312,356,353,235,331,321,317,354
292,268,64,295,105,305,125,293,170,312,245,310,126,311,215,252,264,322,236,309,311,308,354,352,236,325,329,319,354
293,269,61,294,104,305,125,310,195,312,245,309,127,308,217,250,266,323,237,307,305,310,356,352,238,329,323,316,355
294,268,62,294,104,305,125,312,194,309,230,308,126,305,220,249,268,326,231,308,303,317,356,349,232,334,319,324,353
295,267,63,293,105,306,124,302,199,317,246,308,126,303,220,250,268,328,234,311,308,320,352,347,235,327,324,324,347
296,267,64,293,105,306,125,311,197,316,249,309,127,305,216,250,270,335,236,314,310,321,355,346,238,329,327,321,353
297,266,64,293,105,306,125,311,198,316,249,308,127,301,220,249,272,337,237,334,324,315,357,348,240,328,324,322,353
298,266,63,293,104,306,123,308,198,311,251,308,127,302,215,248,273,322,242,312,323,305,359,351,244,325,336,247,272
299,265,65,292,105,307,125,310,193,301,225,307,127,299,222,249,273,333,233,341,314,325,353,344,236,333,316,323,353
300,266,65,293,106,305,124,309,197,294,216,306,127,299,222,248,274,330,243,314,312,311,363,348,245,329,329,313,364
301,265,66,293,106,308,124,312,194,296,228,306,127,310,193,248,274,334,240,311,306,306,363,349,243,330,325,308,372
302,264,62,290,104,306,125,308,194,322,246,306,128,309,194,248,274,331,240,333,326,318,356,347,245,320,325,318,354
303,264,64,291,105,305,124,305,193,294,216,305,128,308,194,246,275,336,239,338,320,313,362,345,242,322,321,323,351
304,264,66,291,106,305,125,306,191,294,221,305,129,308,189,246,276,330,241,317,312,304,363,346,243,326,323,304,371
305,264,64,291,105,307,125,308,193,314,239,305,130,309,194,247,275,321,237,309,304,314,361,347,237,333,321,299,373
306,264,65,291,106,304,125,302,187,293,216,305,128,307,189,245,277,333,242,323,345,312,370,342,247,322,339,310,365
307,263,64,290,105,304,124,308,192,294,219,305,129,307,194,246,275,345,251,324,345,307,366,340,257,315,339,245,277
308,263,66,291,106,306,125,313,191,292,207,305,129,306,195,246,276,329,240,326,341,314,365,344,243,322,335,309,364
309,263,64,289,105,304,124,314,192,295,210,303,128,297,214,246,274,355,248,321,350,316,369,340,253,318,344,246,274
310,263,65,290,106,304,123,312,192,292,221,303,129,306,193,245,275,329,245,320,339,302,363,345,248,326,335,314,364
311,262,64,290,105,305,124,304,195,327,244,304,129,305,194,245,275,329,244,337,316,313,355,347,247,328,324,323,351
312,262,63,288,104,304,125,310,195,294,220,304,129,294,217,245,275,354,252,322,345,315,369,337,257,319,341,245,275
313,262,64,290,105,305,125,304,194,323,244,304,129,304,196,245,276,328,239,319,310,318,355,344,241,329,319,329,341
314,261,65,289,105,304,125,303,193,318,243,303,128,305,194,245,275,322,239,309,303,315,356,346,241,331,320,325,345
315,261,64,289,105,304,125,303,195,318,243,303,129,304,196,245,275,321,240,308,302,314,354,346,243,329,322,323,346
316,262,65,290,106,305,123,303,196,327,243,303,129,299,205,245,276,334,238,336,313,319,356,343,241,324,317,326,353
317,261,64,289,104,304,124,303,197,330,243,304,127,303,196,246,275,354,242,339,317,320,356,334,243,314,313,328,350
318,262,64,290,105,306,123,312,194,329,246,304,129,300,202,245,276,350,244,338,316,313,354,339,248,325,325,326,352
319,263,63,290,105,303,123,311,194,292,207,303,128,298,204,246,275,355,248,335,316,313,357,341,252,320,324,321,354
320,262,62,290,103,305,123,308,196,329,247,304,127,297,206,246,274,350,244,332,322,310,356,343,249,324,330,314,355
321,262,63,290,103,306,122,311,193,327,246,304,126,299,201,246,274,356,246,324,344,311,366,336,249,321,337,312,366
322,263,62,291,103,307,122,312,194,328,251,303,127,297,204,245,273,353,248,324,345,313,368,339,253,324,335,311,356
323,264,61,291,103,306,122,306,196,331,246,303,126,301,202,246,271,352,242,333,323,313,361,334,246,319,332,319,360
324,264,60,291,102,306,121,308,197,329,247,304,125,299,207,247,268,351,243,336,315,315,362,340,249,322,321,322,348
325,264,60,291,101,305,119,309,197,328,247,303,123,299,208,249,265,352,242,336,314,313,358,336,248,313,318,320,349
326,264,59,291,100,306,119,313,198,323,250,304,123,305,201,250,261,337,246,332,317,312,365,342,250,316,338,316,361
327,265,58,292,100,306,118,314,201,321,257,304,122,304,208,248,258,349,248,322,350,308,368,332,256,305,339,318,335
328,265,59,291,100,305,119,312,200,318,256,304,122,303,212,248,252,345,247,316,350,304,371,336,255,316,345,312,371
329,266,58,291,100,305,118,314,202,316,256,304,122,301,214,243,248,345,247,315,347,299,369,331,257,310,342,300,369
330,267,58,292,100,304,118,308,198,298,220,305,121,301,212,239,242,322,252,315,342,295,363,332,256,317,339,301,365
331,267,57,293,100,305,118,312,195,297,213,306,119,299,209,234,236,343,247,316,345,299,365,331,255,316,341,304,365
332,268,57,295,99,309,117,314,192,297,208,307,120,298,204,235,228,347,245,316,342,304,367,330,253,315,338,298,364
333,269,56,295,99,309,117,314,192,295,204,307,120,291,205,224,225,347,245,319,343,307,365,329,255,304,335,289,363
334,269,57,296,99,310,117,305,187,284,201,307,120,279,204,217,222,348,250,316,341,305,364,329,257,305,336,291,363
335,0,0,0,0,0,0,0,0,0,0,0,0,0,0,0,0,0,0,0,0,0,0,0,0,0,0,0,0
336,0,0,0,0,0,0,0,0,0,0,0,0,0,0,0,0,0,0,0,0,0,0,0,0,0,0,0,0
337,0,0,0,0,0,0,0,0,0,0,0,0,0,0,0,0,0,0,0,0,0,0,0,0,0,0,0,0
338,0,0,0,0,0,0,0,0,0,0,0,0,0,0,0,0,0,0,0,0,0,0,0,0,0,0,0,0
339,274,54,297,98,312,115,310,184,269,187,305,121,262,190,202,204,341,252,314,342,297,367,327,259,310,341,294,358
340,273,56,297,98,314,113,306,181,265,186,304,121,259,187,194,203,327,253,309,344,303,365,328,259,313,343,305,365
341,275,55,297,99,310,114,306,179,263,185,304,121,257,186,188,203,339,249,310,345,300,366,325,258,311,342,303,366
342,275,55,298,98,314,112,309,177,274,171,303,121,258,183,185,202,341,250,310,342,295,365,327,258,310,341,302,365
343,276,55,299,99,313,113,278,171,252,188,304,119,256,183,184,201,322,252,307,344,300,361,328,257,314,343,304,361
344,277,56,298,99,314,113,278,171,254,186,302,120,258,181,184,201,323,253,310,345,302,364,325,257,313,344,304,364
345,276,56,299,100,315,114,307,177,254,188,302,120,257,182,184,201,328,249,307,345,298,360,327,255,311,341,301,360
346,276,56,299,100,315,113,310,177,306,190,302,121,257,182,185,200,341,246,311,346,305,359,325,256,315,342,308,359
347,276,57,299,99,315,114,310,179,306,194,303,120,255,184,186,201,323,253,308,345,299,363,323,258,312,343,300,363
348,276,56,299,99,316,115,311,179,269,173,301,121,255,185,187,202,342,248,315,338,294,357,323,257,307,337,294,356
349,276,56,298,99,313,115,309,180,269,174,302,120,257,186,188,201,344,246,310,342,298,364,323,255,310,341,301,364
350,277,55,299,99,316,116,311,179,270,175,301,120,258,187,190,200,340,249,310,339,295,364,323,256,304,337,291,355
351,278,55,298,99,314,116,310,180,273,174,302,121,259,189,192,201,337,249,311,334,291,354,322,256,304,335,294,354
352,277,56,299,99,314,115,311,180,262,192,303,120,261,189,192,200,342,246,307,347,300,358,323,254,309,340,301,358
353,276,57,299,99,316,117,312,180,277,172,303,120,260,191,195,200,340,247,306,343,297,357,322,256,309,339,301,357
354,280,53,299,98,315,114,312,180,274,174,303,119,263,191,195,198,344,249,311,337,302,359,320,257,303,336,298,359
355,278,56,300,100,316,116,276,177,313,183,303,120,262,191,198,198,338,246,306,344,296,357,322,256,309,339,300,357
356,280,55,300,99,314,115,311,177,311,186,303,119,263,192,200,197,343,246,307,337,293,358,321,256,303,338,293,358
357,279,57,300,100,314,115,281,177,264,191,302,120,263,191,201,196,339,246,303,344,295,358,323,255,307,339,297,358
358,279,57,301,100,316,116,318,174,281,176,302,119,264,190,202,196,336,245,305,344,296,358,323,254,308,339,298,358
359,282,56,302,101,317,118,286,178,265,189,303,117,264,191,203,194,345,244,309,331,294,354,322,253,298,329,295,353
360,282,54,301,99,321,121,318,178,279,175,302,119,264,192,205,194,342,247,307,334,291,354,319,254,299,333,288,354
361,280,57,301,100,315,116,284,179,263,186,303,119,263,193,207,195,347,244,310,331,293,355,322,253,302,332,289,354
362,281,58,302,103,318,118,283,177,277,175,302,118,263,192,207,193,344,243,309,330,292,353,321,253,300,331,299,353
363,281,56,301,100,316,116,282,178,276,174,300,121,263,194,208,194,342,245,309,328,301,354,321,253,299,329,287,349
364,282,57,301,101,319,118,310,176,274,177,300,121,263,192,209,193,341,247,310,335,292,356,319,254,303,334,291,355
365,284,58,302,102,317,119,284,180,273,176,301,120,264,194,211,193,341,246,312,328,293,350,321,252,300,328,284,349
366,282,56,301,100,317,117,285,180,217,191,301,120,264,195,212,191,343,245,313,325,303,354,321,252,301,328,286,348
367,285,55,302,101,318,121,286,178,218,193,302,120,263,194,213,193,344,244,313,326,303,351,321,253,298,325,283,344
368,283,54,300,100,318,120,304,177,272,177,300,121,265,194,214,192,344,246,312,330,295,351,319,253,298,331,284,350
369,284,54,301,100,317,120,284,177,218,194,301,120,264,194,215,193,346,245,312,324,299,350,320,253,298,327,271,356
370,283,56,301,101,318,119,309,177,274,175,298,121,264,193,215,191,347,247,313,328,297,350,320,252,296,328,277,353
371,285,58,302,103,320,123,302,177,270,175,299,120,264,193,216,192,346,244,316,320,303,349,319,251,296,322,284,345
372,288,56,306,102,325,129,309,180,272,176,301,119,263,193,217,191,346,247,309,334,299,356,318,256,301,333,281,351
373,288,57,305,102,325,128,312,180,273,175,299,120,262,192,217,190,346,245,312,328,298,350,320,253,298,328,271,356
374,287,59,306,103,327,131,310,181,218,191,299,119,262,192,217,189,342,244,314,317,296,352,321,251,303,327,297,351
375,287,58,304,103,322,124,312,179,273,174,297,120,261,191,218,189,344,244,312,320,301,348,319,251,299,324,272,356
376,287,58,303,103,319,122,311,179,272,174,297,120,261,191,218,188,344,246,313,321,300,349,319,253,301,326,305,349
377,287,60,303,103,322,124,313,181,273,173,298,120,260,190,215,188,343,244,318,315,292,352,318,251,298,319,276,368
378,287,58,304,102,325,127,314,180,273,171,297,120,260,189,217,187,345,244,314,320,300,348,319,251,299,324,274,355
379,298,60,310,106,328,130,310,179,273,172,298,120,260,188,217,187,343,244,316,319,300,347,318,250,295,323,271,349
380,292,61,308,106,327,129,311,180,272,174,298,119,260,188,217,187,345,244,314,317,298,348,318,252,297,324,273,355
381,294,60,310,105,329,130,312,180,271,173,299,118,259,187,216,186,343,243,319,309,292,364,319,249,296,315,277,364
382,291,58,307,104,325,127,312,180,218,188,298,119,259,187,217,186,343,243,319,310,304,346,317,250,295,318,303,331
383,292,61,308,105,329,128,314,178,272,170,297,119,259,187,217,186,346,242,318,312,304,348,317,252,298,322,285,348
384,291,59,306,104,325,126,308,180,270,173,297,119,259,186,217,186,345,244,315,319,303,348,318,251,294,323,284,347
385,291,58,306,103,326,126,311,179,215,189,297,119,259,186,215,187,343,243,313,320,303,348,319,251,295,322,285,343
386,290,57,306,103,325,124,313,180,218,186,298,118,260,186,217,186,345,244,312,320,301,353,317,251,304,326,296,347
387,289,57,305,102,328,128,311,179,218,186,296,119,259,186,217,186,344,245,315,317,302,347,317,251,294,321,272,349
388,289,55,305,101,326,127,311,179,271,171,297,119,259,186,216,186,343,243,312,322,297,347,318,251,302,326,272,352
389,289,59,306,103,326,125,310,178,218,187,298,118,259,185,216,187,343,241,313,321,294,343,319,249,297,322,285,343
390,288,59,304,102,324,124,311,177,270,174,296,119,261,184,217,186,343,243,312,323,297,348,318,250,297,326,286,348
391,289,56,305,102,328,128,312,180,271,171,297,119,259,185,217,186,343,242,308,323,303,351,319,250,298,326,289,345
392,291,58,307,103,331,130,312,179,271,172,296,120,259,184,218,185,341,242,309,326,300,351,317,249,296,326,279,344
393,290,56,306,101,328,128,311,178,271,172,296,120,259,185,216,186,342,243,316,309,300,341,317,250,301,314,281,364
394,291,56,307,102,328,129,309,178,272,173,296,119,260,184,217,186,341,244,307,330,292,353,319,253,301,330,279,348
395,289,58,306,103,326,126,308,177,271,171,297,119,259,185,216,186,341,242,312,321,298,349,318,251,294,324,279,343
396,291,59,308,104,332,131,317,181,290,171,296,120,259,185,217,186,342,245,313,317,302,347,316,250,295,319,272,348
397,291,58,309,102,332,130,314,178,272,172,296,120,260,185,217,186,343,242,317,310,302,341,317,249,295,317,273,356
398,289,59,306,104,327,128,312,178,271,172,298,118,260,184,217,187,343,243,314,316,300,350,319,250,296,324,294,347
399,294,58,308,104,330,130,312,179,270,174,296,120,259,185,217,186,342,244,318,309,302,346,316,250,294,318,280,347
400,290,60,307,105,329,130,312,179,271,172,296,120,259,184,217,186,341,242,317,310,303,344,316,249,292,318,275,350
401,289,59,306,104,328,128,313,178,269,174,296,119,260,184,217,187,342,242,309,326,289,350,319,249,300,328,294,350
402,290,62,308,106,331,131,312,178,270,174,296,119,259,185,217,186,344,241,317,311,302,344,316,250,295,319,274,365
403,287,59,305,104,329,130,312,178,268,175,295,119,260,184,217,187,342,241,315,312,295,350,320,249,302,324,292,347
404,287,60,305,104,330,130,313,177,271,172,295,120,262,183,217,186,343,240,321,301,294,362,316,246,295,308,278,362
405,287,60,306,104,329,129,312,178,270,175,295,119,260,183,217,187,343,242,312,320,299,350,317,247,297,324,283,345
406,285,58,303,103,323,125,306,175,266,175,295,120,260,183,217,188,342,239,318,308,298,343,317,248,296,317,276,367
407,289,59,308,104,331,132,310,177,269,174,295,120,260,182,217,187,345,242,318,309,302,342,316,249,295,318,275,365
408,288,60,306,104,329,129,310,176,270,174,294,121,260,182,217,187,343,242,314,317,298,341,318,249,294,321,271,366
409,292,57,309,104,331,132,312,178,269,174,295,120,260,182,217,188,344,241,314,313,301,341,316,249,296,320,273,365
410,290,58,308,104,332,132,314,179,273,173,294,121,260,182,217,188,344,242,319,307,292,365,316,248,294,314,271,365
411,289,59,307,104,330,131,313,178,270,173,296,120,261,182,217,188,345,241,317,312,303,341,316,249,296,320,277,365
412,287,62,307,105,332,132,315,179,275,170,295,120,260,183,217,187,345,241,316,313,299,342,317,248,295,319,274,366
413,290,58,309,104,333,132,314,179,275,171,295,120,263,179,218,187,345,240,319,309,288,365,316,248,295,317,273,365
414,291,60,309,106,332,131,312,178,271,173,295,120,259,182,218,187,343,242,313,316,299,345,318,248,298,319,268,350
415,291,61,308,105,331,131,311,177,266,176,296,119,261,180,218,187,345,241,319,307,291,361,316,246,296,314,277,361
416,290,61,309,106,332,131,308,178,269,175,296,119,260,181,217,187,346,241,314,316,299,342,318,249,294,321,275,366
417,288,60,305,103,327,127,309,177,268,173,296,119,260,180,217,186,344,241,319,308,294,366,318,248,296,312,281,366
418,290,58,308,103,331,129,313,177,271,172,297,119,261,180,217,187,344,245,313,316,296,340,318,248,296,319,271,365
419,291,58,309,104,332,129,314,178,271,172,297,120,263,179,218,187,345,243,316,311,303,343,318,249,295,317,277,364
420,291,58,308,104,329,127,312,177,270,173,298,120,263,178,218,187,344,241,312,317,302,346,319,248,296,321,270,354
421,293,57,308,103,328,125,310,176,270,173,299,119,263,178,217,187,346,238,311,318,302,349,321,247,301,323,290,343
422,292,57,309,102,332,127,311,178,269,174,298,120,262,178,217,187,345,245,312,317,301,347,320,250,295,321,270,356
423,296,57,311,103,333,128,316,176,273,171,299,120,264,177,218,187,346,242,312,320,299,346,319,249,296,323,269,352
424,296,59,312,104,333,128,313,176,271,173,301,118,263,178,219,187,347,242,314,315,299,342,321,248,298,318,274,365
425,295,57,311,103,333,127,312,175,273,172,301,119,264,178,219,187,347,240,321,305,296,351,319,248,305,314,287,366
426,297,56,312,101,334,128,316,177,271,172,301,119,264,177,219,188,347,243,319,308,297,352,319,248,302,325,290,347
427,297,55,311,100,331,123,311,174,271,173,303,118,265,177,219,187,349,242,316,311,301,341,322,249,300,317,275,365
428,298,53,312,99,335,125,316,175,275,172,303,119,266,176,219,188,346,241,317,312,299,340,321,249,299,317,277,363
429,298,54,313,99,336,125,316,176,275,173,304,119,266,178,219,186,347,243,318,309,292,364,322,249,299,312,277,364
430,299,54,315,99,341,128,325,176,284,169,306,119,269,178,220,186,347,243,316,320,297,343,321,250,293,322,285,343
431,300,54,315,100,335,121,320,174,278,172,307,118,269,179,221,186,347,244,316,319,306,344,321,251,294,319,286,344
432,302,53,314,99,330,117,317,174,279,170,308,119,269,181,222,186,347,244,311,324,300,350,321,251,296,326,280,344
433,303,51,317,98,331,116,316,175,279,174,312,119,270,181,222,186,346,245,308,325,286,347,324,251,301,328,293,347
434,305,52,316,98,330,115,316,175,279,176,312,118,271,181,224,186,345,245,310,323,300,347,325,251,297,325,292,347
435,306,52,317,98,331,113,315,176,279,181,314,118,273,183,223,186,341,245,310,321,298,347,327,251,300,325,304,346
436,307,52,318,98,330,113,314,175,279,182,318,117,273,184,225,187,332,244,305,326,288,348,327,251,299,328,293,348
437,307,50,321,97,332,111,317,174,313,222,319,117,278,184,227,187,314,245,297,315,276,373,331,248,306,323,275,373
438,0,0,0,0,0,0,0,0,0,0,0,0,0,0,0,0,0,0,0,0,0,0,0,0,0,0,0,0
439,0,0,0,0,0,0,0,0,0,0,0,0,0,0,0,0,0,0,0,0,0,0,0,0,0,0,0,0
440,308,49,323,95,333,114,323,176,294,179,327,117,291,187,236,188,313,242,305,311,282,374,331,246,309,319,277,374
441,310,48,324,94,335,114,325,179,322,233,329,117,298,187,240,188,341,239,308,313,301,352,332,246,310,324,277,373
442,310,47,325,94,334,115,326,180,322,232,332,116,304,189,244,192,324,241,308,310,304,350,334,246,314,322,277,372
443,312,45,326,92,334,115,319,178,306,238,336,115,311,188,248,194,307,241,303,316,261,357,336,247,314,327,275,366
444,315,44,326,92,328,117,316,181,303,235,340,114,317,189,254,196,308,237,300,309,274,366,340,242,319,318,286,366
445,0,0,0,0,0,0,0,0,0,0,0,0,0,0,0,0,0,0,0,0,0,0,0,0,0,0,0,0
446,0,0,0,0,0,0,0,0,0,0,0,0,0,0,0,0,0,0,0,0,0,0,0,0,0,0,0,0
447,0,0,0,0,0,0,0,0,0,0,0,0,0,0,0,0,0,0,0,0,0,0,0,0,0,0,0,0
448,0,0,0,0,0,0,0,0,0,0,0,0,0,0,0,0,0,0,0,0,0,0,0,0,0,0,0,0
449,324,41,332,89,324,125,325,181,297,215,357,117,360,197,294,215,306,238,303,323,293,337,345,243,330,331,341,341
450,325,42,333,90,321,126,322,181,300,222,360,117,371,196,301,223,306,241,304,326,272,355,344,247,332,333,340,341
451,325,45,335,92,318,127,321,181,305,227,365,120,378,195,310,229,307,239,305,325,301,337,351,245,334,331,345,350
452,328,46,337,93,316,126,308,187,292,238,369,120,385,196,324,232,305,256,306,337,297,343,344,257,338,342,319,233
453,330,44,339,91,315,126,304,188,291,239,372,121,392,197,335,239,302,247,306,336,272,365,353,255,341,339,334,239
454,334,43,340,91,315,125,304,189,291,240,375,121,398,197,345,248,304,246,305,333,276,358,362,255,342,336,353,355
455,338,42,344,91,315,123,303,189,291,240,379,122,403,197,357,251,306,241,305,328,276,357,355,247,343,335,352,354
456,341,42,346,90,314,123,301,190,291,241,382,122,407,200,367,258,307,241,305,330,426,267,347,248,344,336,366,257
457,344,41,347,90,314,122,301,189,292,242,386,121,410,203,376,261,308,241,306,328,428,272,353,250,346,336,374,259
458,347,41,350,90,316,121,301,189,292,241,390,123,411,204,384,267,310,243,305,332,436,278,355,253,350,342,382,266
459,349,41,353,90,317,121,302,188,292,242,393,123,413,209,392,271,312,243,309,334,286,356,360,253,351,341,359,357
460,354,41,357,90,319,120,303,188,293,242,396,123,415,205,399,274,315,242,312,337,310,347,365,252,351,339,399,274
461,358,42,360,90,322,120,304,189,294,242,400,123,417,202,407,276,317,242,319,336,316,347,366,250,352,335,362,356
462,361,40,362,90,323,119,306,191,294,243,404,124,418,204,412,277,318,242,321,332,315,348,369,251,355,337,363,357
463,364,39,365,89,325,119,308,191,293,244,407,124,420,204,416,277,321,241,318,338,293,357,371,249,358,338,365,358
464,366,40,367,89,326,120,309,191,295,244,411,124,421,205,421,278,323,243,318,340,315,347,373,251,359,346,364,355
465,370,40,370,89,328,119,310,191,296,244,415,123,422,206,424,278,325,244,320,339,317,348,375,252,362,341,369,360
466,373,39,373,89,330,118,313,188,299,244,418,124,426,206,426,277,329,242,319,340,313,354,379,252,364,345,425,277
467,0,0,0,0,0,0,0,0,0,0,0,0,0,0,0,0,0,0,0,0,0,0,0,0,0,0,0,0
468,379,39,378,89,333,119,317,186,305,246,425,125,432,204,429,277,331,240,315,341,303,389,387,251,370,349,427,277
469,381,39,381,89,335,118,319,190,306,248,427,125,433,205,431,277,335,241,312,338,318,245,387,253,370,349,430,276
470,384,38,383,89,337,118,320,191,310,249,431,126,436,203,431,278,336,240,308,336,302,390,391,253,371,352,432,277
471,387,39,385,89,339,119,323,191,311,249,433,127,438,201,432,279,338,243,310,337,323,245,393,254,370,359,430,278
472,389,38,387,89,340,118,324,187,313,249,435,127,439,201,433,282,339,244,309,337,292,356,394,257,373,354,368,373
473,392,37,389,90,341,118,325,187,314,250,436,127,439,210,434,283,340,243,311,339,394,27,397,256,372,356,367,374
474,393,37,390,90,343,118,326,188,314,250,438,128,440,218,433,284,341,243,312,336,389,37,398,257,373,358,367,375
