1,3,65,273,458,477,
2,3,65,273,458,477,
3,3,65,273,458,477,
4,3,65,273,458,477,
5,3,65,273,458,477,
6,3,65,273,458,477,
7,3,65,273,458,477,
8,3,65,273,458,477,
9,3,65,273,458,477,
10,3,65,273,458,477,
11,3,65,273,458,477,
12,3,65,273,458,477,
13,3,65,273,458,477,
14,3,65,273,458,477,
15,3,65,273,458,477,
16,3,65,273,458,477,
17,3,65,273,458,477,
18,3,65,273,458,477,
19,3,65,273,458,477,
20,3,65,273,458,477,
21,3,65,273,458,477,
22,3,65,273,458,477,
23,3,65,273,458,477,
24,3,65,273,458,477,
25,3,65,273,458,477,
26,3,65,273,458,477,
27,3,65,273,458,477,
28,3,65,273,458,477,
29,3,65,273,458,477,
30,3,65,273,458,477,
31,3,65,273,458,477,
32,3,65,273,458,477,
33,3,65,273,458,477,
34,3,65,273,458,477,
35,3,65,273,458,477,
36,3,65,273,458,477,
37,3,65,273,458,477,
38,3,65,273,458,477,
39,3,65,273,458,477,
40,3,65,273,458,477,
41,3,65,273,458,477,
42,3,65,273,458,477,
43,3,65,273,458,477,
44,3,65,273,458,477,
45,3,65,273,458,477,
46,3,65,273,458,477,
47,3,65,273,458,477,
48,3,65,273,458,477,
49,3,65,273,458,477,
50,3,65,273,458,477,
51,3,65,273,458,477,
52,3,65,273,458,477,
53,3,65,273,458,477,
54,3,65,273,458,477,
55,3,65,273,458,477,
56,3,65,273,458,477,
57,3,65,273,458,477,
58,3,65,273,458,477,
59,3,65,273,458,477,
60,3,65,273,458,477,
61,3,65,273,458,477,
62,3,65,273,458,477,
63,3,65,273,458,477,
64,3,65,273,458,477,
65,3,65,273,458,477,
66,3,65,273,458,477,
67,3,65,273,458,477,
68,3,65,273,458,477,
69,3,65,273,458,477,
70,3,65,273,458,477,
71,3,65,273,458,477,
72,3,65,273,458,477,
73,3,65,273,458,477,
74,3,65,273,458,477,
75,3,65,273,458,477,
76,3,65,273,458,477,
77,3,65,273,458,477,
78,3,65,273,458,477,
79,3,65,273,458,477,
80,3,65,273,458,477,
81,3,65,273,458,477,
82,3,65,273,458,477,
83,3,65,273,458,477,
84,3,65,273,458,477,
85,3,65,273,458,477,
86,3,65,273,458,477,
87,3,65,273,458,477,
88,3,65,273,458,477,
89,3,65,273,458,477,
90,3,65,273,458,477,
91,3,65,273,458,477,
92,3,65,273,458,477,
93,3,65,273,458,477,
94,3,65,273,458,477,
95,3,65,273,458,477,
96,3,65,273,458,477,
97,3,65,273,458,477,
98,3,65,273,458,477,
99,3,65,273,458,477,
100,3,65,273,458,477,
101,3,65,273,458,477,
102,3,65,273,458,477,
103,3,65,273,458,477,
104,3,65,273,458,477,
105,3,65,273,458,477,
106,3,65,273,458,477,
107,3,65,273,458,477,
108,3,65,273,458,477,
109,3,65,273,458,477,
110,3,65,273,458,477,
111,3,65,273,458,477,
112,3,65,273,458,477,
113,3,65,273,458,477,
114,3,65,273,458,477,
115,3,65,273,458,477,
116,3,65,273,458,477,
117,3,65,273,458,477,
118,3,65,273,458,477,
119,3,65,273,458,477,
120,3,65,273,458,477,
121,3,65,273,458,477,
122,3,65,273,458,477,
123,3,65,273,458,477,
124,3,65,273,458,477,
125,3,65,273,458,477,
126,3,65,273,458,477,
127,3,65,273,458,477,
128,3,65,273,458,477,
129,3,65,273,458,477,
130,3,65,273,458,477,
131,3,65,273,458,477,
132,3,65,273,458,477,
133,3,65,273,458,477,
134,3,65,273,458,477,
135,3,65,273,458,477,
136,3,65,273,458,477,
137,3,65,273,458,477,
138,3,65,273,458,477,
139,3,65,273,458,477,
140,3,65,273,458,477,
141,3,65,273,458,477,
142,3,65,273,458,477,
143,3,65,273,458,477,
144,3,65,273,458,477,
145,3,65,273,458,477,
146,3,65,273,458,477,
147,3,65,273,458,477,
148,3,65,273,458,477,
149,3,65,273,458,477,
150,3,65,273,458,477,
151,3,65,273,458,477,
152,3,65,273,458,477,
153,3,65,273,458,477,
154,3,65,273,458,477,
155,3,65,273,458,477,
156,3,65,273,458,477,
157,3,65,273,458,477,
158,3,65,273,458,477,
159,3,65,273,458,477,
160,3,65,273,458,477,
161,3,65,273,458,477,
162,3,65,273,458,477,
163,3,65,273,458,477,
164,3,65,273,458,477,
165,3,65,273,458,477,
166,3,65,273,458,477,
167,3,65,273,458,477,
168,3,65,273,458,477,
169,3,65,273,458,477,
170,3,65,273,458,477,
171,3,65,273,458,477,
172,3,65,273,458,477,
173,3,65,273,458,477,
174,3,65,273,458,477,
175,3,65,273,458,477,
176,3,65,273,458,477,
177,3,65,273,458,477,
178,3,65,273,458,477,
179,3,65,273,458,477,
180,3,65,273,458,477,
181,3,65,273,458,477,
182,3,65,273,458,477,
183,3,65,273,458,477,
184,3,65,273,458,477,
185,3,65,273,458,477,
186,3,65,273,458,477,
187,3,65,273,458,477,
188,3,65,273,458,477,
189,3,65,273,458,477,
190,3,65,273,458,477,
191,3,65,273,458,477,
192,3,65,273,458,477,
193,3,65,273,458,477,
194,3,65,273,458,477,
195,3,65,273,458,477,
196,3,65,273,458,477,
197,3,65,273,458,477,
198,3,65,273,458,477,
199,3,65,273,458,477,
200,3,65,273,458,477,
201,3,65,273,458,477,
202,3,65,273,458,477,
203,3,65,273,458,477,
204,3,65,273,458,477,
205,3,65,273,458,477,
206,3,65,273,458,477,
207,3,65,273,458,477,
208,3,65,273,458,477,
209,3,65,273,458,477,
210,3,65,273,458,477,
211,3,65,273,458,477,
212,3,65,273,458,477,
213,3,65,273,458,477,
214,3,65,273,458,477,
215,3,65,273,458,477,
216,3,65,273,458,477,
217,3,65,273,458,477,
218,3,65,273,458,477,
219,3,65,273,458,477,
220,3,65,273,458,477,
221,3,65,273,458,477,
222,3,65,273,458,477,
223,3,65,273,458,477,
224,3,65,273,458,477,
225,3,65,273,458,477,
226,3,65,273,458,477,
227,3,65,273,458,477,
228,3,65,273,458,477,
229,3,65,273,458,477,
230,3,65,273,458,477,
231,3,65,273,458,477,
232,3,65,273,458,477,
233,3,65,273,458,477,
234,3,65,273,458,477,
235,3,65,273,458,477,
236,3,65,273,458,477,
237,3,65,273,458,477,
238,3,65,273,458,477,
239,3,65,273,458,477,
240,3,65,273,458,477,
241,3,65,273,458,477,
242,3,65,273,458,477,
243,3,65,273,458,477,
244,3,65,273,458,477,
245,3,65,273,458,477,
246,3,65,273,458,477,
247,3,65,273,458,477,
248,3,65,273,458,477,
249,3,65,273,458,477,
250,3,65,273,458,477,
251,3,65,273,458,477,
252,3,65,273,458,477,
253,3,65,273,458,477,
254,3,65,273,458,477,
255,3,65,273,458,477,
256,3,65,273,458,477,
257,3,65,273,458,477,
258,3,65,273,458,477,
259,3,65,273,458,477,
260,3,65,273,458,477,
261,3,65,273,458,477,
262,3,65,273,458,477,
263,3,65,273,458,477,
264,3,65,273,458,477,
265,3,65,273,458,477,
266,3,65,273,458,477,
267,3,65,273,458,477,
268,3,65,273,458,477,
269,3,65,273,458,477,
270,3,65,273,458,477,
271,3,65,273,458,477,
272,3,65,273,458,477,
273,3,65,273,458,477,
274,3,65,273,458,477,
275,3,65,273,458,477,
276,3,65,273,458,477,
277,3,65,273,458,477,
278,3,65,273,458,477,
279,3,65,273,458,477,
280,3,65,273,458,477,
281,3,65,273,458,477,
282,3,65,273,458,477,
283,3,65,273,458,477,
284,3,65,273,458,477,
285,3,65,273,458,477,
286,3,65,273,458,477,
287,3,65,273,458,477,
288,3,65,273,458,477,
289,3,65,273,458,477,
290,3,65,273,458,477,
291,3,65,273,458,477,
292,3,65,273,458,477,
293,3,65,273,458,477,
294,3,65,273,458,477,
295,3,65,273,458,477,
296,3,65,273,458,477,
297,3,65,273,458,477,
298,3,65,273,458,477,
299,3,65,273,458,477,
300,3,65,273,458,477,
301,3,65,273,458,477,
302,3,65,273,458,477,
303,3,65,273,458,477,
304,3,65,273,458,477,
305,3,65,273,458,477,
306,3,65,273,458,477,
307,3,65,273,458,477,
308,3,65,273,458,477,
309,3,65,273,458,477,
310,3,65,273,458,477,
311,3,65,273,458,477,
312,3,65,273,458,477,
313,3,65,273,458,477,
314,3,65,273,458,477,
315,3,65,273,458,477,
316,3,65,273,458,477,
317,3,65,273,458,477,
318,3,65,273,458,477,
319,3,65,273,458,477,
320,3,65,273,458,477,
321,3,65,273,458,477,
322,3,65,273,458,477,
323,3,65,273,458,477,
324,3,65,273,458,477,
325,3,65,273,458,477,
326,3,65,273,458,477,
327,3,65,273,458,477,
328,3,65,273,458,477,
329,3,65,273,458,477,
330,3,65,273,458,477,
331,3,65,273,458,477,
332,3,65,273,458,477,
333,3,65,273,458,477,
334,3,65,273,458,477,
335,3,65,273,458,477,
336,3,65,273,458,477,
337,3,65,273,458,477,
338,3,65,273,458,477,
339,3,65,273,458,477,
340,3,65,273,458,477,
341,3,65,273,458,477,
342,3,65,273,458,477,
343,3,65,273,458,477,
344,3,65,273,458,477,
345,3,65,273,458,477,
346,3,65,273,458,477,
347,3,65,273,458,477,
348,3,65,273,458,477,
349,3,65,273,458,477,
350,3,65,273,458,477,
351,3,65,273,458,477,
352,3,65,273,458,477,
353,3,65,273,458,477,
354,3,65,273,458,477,
355,3,65,273,458,477,
356,3,65,273,458,477,
357,3,65,273,458,477,
358,3,65,273,458,477,
359,3,65,273,458,477,
360,3,65,273,458,477,
361,3,65,273,458,477,
362,3,65,273,458,477,
363,3,65,273,458,477,
364,3,65,273,458,477,
365,3,65,273,458,477,
366,3,65,273,458,477,
367,3,65,273,458,477,
368,3,65,273,458,477,
369,3,65,273,458,477,
370,3,65,273,458,477,
371,3,65,273,458,477,
372,3,65,273,458,477,
373,3,65,273,458,477,
374,3,65,273,458,477,
375,3,65,273,458,477,
376,3,65,273,458,477,
377,3,65,273,458,477,
378,3,65,273,458,477,
379,3,65,273,458,477,
380,3,65,273,458,477,
381,3,65,273,458,477,
382,3,65,273,458,477,
383,3,65,273,458,477,
384,3,65,273,458,477,
385,3,65,273,458,477,
386,3,65,273,458,477,
387,3,65,273,458,477,
388,3,65,273,458,477,
389,3,65,273,458,477,
390,3,65,273,458,477,
391,3,65,273,458,477,
392,3,65,273,458,477,
393,3,65,273,458,477,
394,3,65,273,458,477,
395,3,65,273,458,477,
396,3,65,273,458,477,
397,3,65,273,458,477,
398,3,65,273,458,477,
399,3,65,273,458,477,
400,3,65,273,458,477,
401,3,65,273,458,477,
402,3,65,273,458,477,
403,3,65,273,458,477,
404,3,65,273,458,477,
405,3,65,273,458,477,
406,3,65,273,458,477,
407,3,65,273,458,477,
408,3,65,273,458,477,
409,3,65,273,458,477,
410,3,65,273,458,477,
411,3,65,273,458,477,
412,3,65,273,458,477,
413,3,65,273,458,477,
414,3,65,273,458,477,
415,3,65,273,458,477,
416,3,65,273,458,477,
417,3,65,273,458,477,
418,3,65,273,458,477,
419,3,65,273,458,477,
420,3,65,273,458,477,
421,3,65,273,458,477,
422,3,65,273,458,477,
423,3,65,273,458,477,
424,3,65,273,458,477,
425,3,65,273,458,477,
426,3,65,273,458,477,
427,3,65,273,458,477,
428,3,65,273,458,477,
429,3,65,273,458,477,
430,3,65,273,458,477,
431,3,65,273,458,477,
432,3,65,273,458,477,
433,3,65,273,458,477,
434,3,65,273,458,477,
435,3,65,273,458,477,
436,3,65,273,458,477,
437,3,65,273,458,477,
438,3,65,273,458,477,
439,3,65,273,458,477,
440,3,65,273,458,477,
441,3,65,273,458,477,
442,3,65,273,458,477,
443,3,65,273,458,477,
444,3,65,273,458,477,
445,3,65,273,458,477,
446,3,65,273,458,477,
447,3,65,273,458,477,
448,3,65,273,458,477,
449,3,65,273,458,477,
450,3,65,273,458,477,
451,3,65,273,458,477,
452,3,65,273,458,477,
453,3,65,273,458,477,
454,3,65,273,458,477,
455,3,65,273,458,477,
456,3,65,273,458,477,
457,3,65,273,458,477,
458,3,65,273,458,477,
459,3,65,273,458,477,
460,3,65,273,458,477,
461,3,65,273,458,477,
462,3,65,273,458,477,
463,3,65,273,458,477,
464,3,65,273,458,477,
465,3,65,273,458,477,
466,3,65,273,458,477,
467,3,65,273,458,477,
468,3,65,273,458,477,
469,3,65,273,458,477,
470,3,65,273,458,477,
471,3,65,273,458,477,
472,3,65,273,458,477,
473,3,65,273,458,477,
474,3,65,273,458,477,
