1,1,0.999112,267,87,381,377,
2,1,0.999300,266,87,381,378,
3,1,0.999127,266,87,381,377,
4,1,0.999244,266,87,381,377,
5,1,0.999113,265,87,381,380,
6,1,0.999205,265,87,381,378,
7,1,0.999077,264,87,381,379,
8,1,0.999252,265,88,380,378,
9,1,0.999342,265,86,381,378,
10,1,0.999272,265,88,380,377,
11,1,0.999211,265,88,380,378,
12,1,0.999329,265,87,382,378,
13,1,0.999260,265,87,381,377,
14,1,0.999283,265,88,380,378,
15,1,0.999206,264,86,381,379,
16,1,0.998999,264,86,380,378,
17,1,0.999093,263,85,380,378,
18,1,0.999249,263,86,381,377,
19,1,0.999177,263,86,381,378,
20,1,0.999056,262,86,381,377,
21,1,0.999022,262,85,380,377,
22,1,0.999268,262,84,380,377,
23,1,0.999191,262,85,380,376,
24,1,0.998941,260,85,379,377,
25,1,0.999035,260,87,380,378,
26,1,0.999037,258,87,379,378,
27,1,0.999139,260,86,380,376,
28,1,0.999062,260,86,380,376,
29,1,0.998875,259,85,380,376,
30,1,0.998842,260,84,380,377,
31,1,0.998797,261,85,381,376,
32,1,0.998747,261,85,381,377,
33,1,0.998751,262,85,382,376,
34,1,0.998782,263,86,382,377,
35,1,0.998954,262,86,384,374,
36,1,0.998692,264,85,385,376,
37,1,0.999031,265,86,386,376,
38,1,0.999113,265,88,389,375,
39,1,0.998941,265,88,390,376,
40,1,0.998963,266,86,394,375,
41,1,0.998970,269,86,394,375,
42,1,0.999074,269,86,395,376,
43,1,0.998813,272,85,396,376,
44,1,0.999002,272,85,400,375,
45,1,0.999150,274,86,402,377,
46,1,0.998794,274,84,407,377,
47,1,0.998631,274,85,415,376,
48,1,0.998968,276,83,417,375,
49,1,0.999158,278,85,414,374,
50,1,0.998789,278,84,417,375,
51,1,0.998988,279,81,424,375,
52,1,0.999273,280,82,434,380,
53,1,0.999235,284,81,439,376,
54,1,0.999097,285,80,431,378,
55,1,0.999217,288,79,429,377,
56,1,0.998770,292,78,432,380,
57,1,0.998643,293,79,433,382,
58,1,0.998590,295,78,435,382,
59,1,0.998605,295,78,439,380,
60,1,0.998831,296,79,438,382,
61,1,0.998707,296,79,440,381,
62,1,0.998720,298,79,442,379,
63,1,0.998492,299,77,444,380,
64,1,0.998490,300,75,443,380,
65,1,0.997437,299,76,443,387,
66,1,0.997518,300,74,439,383,
67,1,0.997147,300,75,440,384,
68,1,0.997249,300,74,441,394,
69,1,0.996699,299,74,441,390,
70,1,0.997599,298,75,438,379,
71,1,0.997769,298,75,437,379,
72,1,0.997488,298,74,441,376,
73,1,0.997803,297,73,438,374,
74,1,0.996854,296,72,444,377,
75,1,0.996646,297,69,444,377,
76,1,0.997536,296,72,449,376,
77,1,0.996600,294,72,452,378,
78,1,0.997397,295,73,453,378,
79,1,0.992507,294,70,453,386,
80,1,0.995447,294,72,450,383,
81,1,0.979115,293,70,454,407,
82,1,0.992711,292,73,457,390,
83,1,0.987722,296,74,464,404,
84,1,0.985638,293,73,459,397,
85,1,0.984904,292,74,458,391,
86,1,0.978746,293,74,457,411,
87,1,0.983710,291,74,455,394,
88,1,0.992483,293,76,452,389,
89,1,0.967796,294,72,456,404,
90,1,0.987307,293,73,451,382,
91,1,0.992491,293,74,446,382,
92,1,0.980715,292,73,448,405,
93,1,0.992598,294,72,449,399,
94,1,0.995387,293,72,445,380,
95,1,0.994595,294,73,447,383,
96,1,0.996380,293,73,445,383,
97,1,0.992143,293,73,446,386,
98,1,0.995548,292,74,442,385,
99,1,0.992146,293,73,448,389,
100,1,0.995412,295,74,445,383,
101,1,0.996112,294,73,442,381,
102,1,0.994952,296,72,445,380,
103,1,0.996227,295,72,441,380,
104,1,0.993963,294,72,444,379,
105,1,0.996629,294,72,449,379,
106,1,0.996924,295,73,448,375,
107,1,0.996800,295,72,449,377,
108,1,0.996213,294,71,450,376,
109,1,0.997121,296,72,448,374,
110,1,0.997036,295,72,447,374,
111,1,0.996772,295,71,446,374,
112,1,0.996567,295,71,445,373,
113,1,0.996513,294,71,443,375,
114,1,0.997462,295,72,441,375,
115,1,0.996484,295,72,442,375,
116,1,0.995699,294,72,438,375,
117,1,0.996840,293,73,438,376,
118,1,0.995436,294,72,439,379,
119,1,0.997332,292,72,438,375,
120,1,0.994734,292,71,436,373,
121,1,0.996964,289,75,433,378,
122,1,0.996871,290,71,434,375,
123,1,0.996240,288,71,437,380,
124,1,0.996536,287,70,435,377,
125,1,0.997950,285,72,435,379,
126,1,0.997846,285,71,433,379,
127,1,0.997511,282,71,436,377,
128,1,0.997221,281,71,436,375,
129,1,0.997977,281,72,433,380,
130,1,0.997787,282,73,437,376,
131,1,0.997580,278,72,434,376,
132,1,0.997992,276,75,432,374,
133,1,0.998031,275,75,432,378,
134,1,0.998768,271,74,432,381,
135,1,0.998748,272,75,446,381,
136,1,0.999071,271,76,443,378,
137,1,0.998254,270,74,445,389,
138,1,0.998491,266,76,445,378,
139,1,0.998821,264,76,433,378,
140,1,0.999351,261,76,426,382,
141,1,0.999216,260,77,421,381,
142,1,0.999491,256,77,420,382,
143,1,0.999120,254,77,418,383,
144,1,0.999362,248,80,416,382,
145,1,0.999371,247,79,419,379,
146,1,0.999469,243,77,421,378,
147,1,0.999081,239,76,417,377,
148,1,0.999152,236,77,416,376,
149,1,0.999312,232,79,416,375,
150,1,0.999548,226,77,422,374,
151,1,0.999141,219,76,434,375,
152,1,0.998927,219,77,437,373,
153,1,0.998678,217,78,440,374,
154,1,0.998807,216,74,418,371,
155,1,0.995661,209,75,454,373,
156,1,0.993953,203,75,448,373,
157,1,0.998347,196,79,423,375,
158,1,0.998807,191,78,412,377,
159,1,0.999431,190,78,413,375,
160,1,0.999442,189,79,409,375,
161,1,0.999754,179,78,403,379,
162,1,0.999737,180,79,418,378,
163,1,0.999636,182,80,440,376,
164,1,0.999584,176,77,430,374,
165,1,0.999149,173,81,451,378,
166,1,0.998524,170,79,444,374,
167,1,0.997852,170,84,426,382,
168,1,0.999711,157,78,393,381,
169,1,0.999540,158,80,387,377,
170,1,0.999579,152,80,394,378,
171,1,0.999501,152,79,394,381,
172,1,0.999571,146,81,393,379,
173,1,0.999555,148,84,394,376,
174,1,0.999625,145,83,397,380,
175,1,0.999588,144,84,395,380,
176,1,0.999708,141,83,394,382,
177,1,0.999744,144,86,389,379,
178,1,0.999679,143,87,387,382,
179,1,0.999639,143,86,395,380,
180,1,0.999374,143,86,394,381,
181,1,0.999488,146,92,391,375,
182,1,0.999425,143,88,394,381,
183,1,0.999833,136,90,382,380,
184,1,0.999714,138,89,386,377,
185,1,0.999693,138,90,385,375,
186,1,0.999659,137,88,392,378,
187,1,0.999760,141,89,390,376,
188,1,0.999702,138,89,391,377,
189,1,0.998984,144,89,398,381,
190,1,0.998991,140,90,388,379,
191,1,0.999173,140,90,390,377,
192,1,0.999456,136,89,396,378,
193,1,0.999687,138,90,393,379,
194,1,0.999376,135,91,392,379,
195,1,0.998938,136,91,394,379,
196,1,0.999592,140,92,391,378,
197,1,0.999570,139,91,392,378,
198,1,0.999691,136,89,393,379,
199,1,0.999716,136,89,390,383,
200,1,0.999700,137,89,389,383,
201,1,0.999547,139,90,397,378,
202,1,0.999634,135,90,386,379,
203,1,0.999719,134,89,385,379,
204,1,0.999726,135,90,385,379,
205,1,0.999261,142,86,400,379,
206,1,0.999752,135,87,397,380,
207,1,0.999383,141,86,399,382,
208,1,0.999634,138,86,396,386,
209,1,0.998141,137,82,398,379,
210,1,0.997883,139,82,394,387,
211,1,0.998174,140,83,393,380,
212,1,0.999728,139,86,391,376,
213,1,0.999239,139,80,401,381,
214,1,0.999428,137,79,395,380,
215,1,0.999423,140,86,393,374,
216,1,0.999629,144,84,397,376,
217,1,0.999469,150,80,395,379,
218,1,0.998799,161,82,401,375,
219,1,0.999288,167,83,392,379,
220,1,0.999314,174,82,391,375,
221,1,0.999444,183,81,410,374,
222,1,0.999666,185,82,406,377,
223,1,0.998734,202,82,430,375,
224,1,0.999252,206,83,438,375,
225,1,0.999076,221,80,426,374,
226,1,0.999249,229,78,413,377,
227,1,0.998971,241,78,405,375,
228,1,0.999486,246,77,408,375,
229,1,0.998143,251,78,443,375,
230,1,0.998400,254,80,436,374,
231,1,0.999064,253,78,435,375,
232,1,0.998482,264,74,440,377,
233,1,0.999014,270,74,431,374,
234,1,0.998837,270,76,424,376,
235,1,0.998669,273,74,426,376,
236,1,0.998949,276,75,424,378,
237,1,0.999070,277,75,435,375,
238,1,0.998502,281,74,440,379,
239,1,0.998607,282,74,447,379,
240,1,0.998484,286,73,444,381,
241,1,0.998327,289,74,441,377,
242,1,0.997664,289,76,431,380,
243,1,0.998566,291,74,438,381,
244,1,0.997870,297,75,451,379,
245,1,0.998003,299,75,450,382,
246,1,0.997312,300,74,449,384,
247,1,0.997789,299,72,453,394,
248,1,0.997529,300,74,454,388,
249,1,0.998186,301,73,458,399,
250,1,0.999055,305,78,463,392,
251,1,0.998551,304,77,465,395,
252,1,0.998905,302,78,468,386,
253,1,0.998455,306,74,471,381,
254,1,0.998989,306,77,481,383,
255,1,0.998906,307,73,487,381,
256,1,0.999023,305,74,492,380,
257,1,0.998849,307,75,481,375,
258,1,0.999018,307,75,479,375,
259,1,0.999010,308,75,478,377,
260,1,0.999229,309,76,478,375,
261,1,0.999277,309,76,480,376,
262,1,0.999289,309,76,479,377,
263,1,0.998421,309,72,479,383,
264,1,0.998781,310,74,477,382,
265,1,0.998549,310,74,480,381,
266,1,0.998457,311,74,480,381,
267,1,0.997848,310,72,480,383,
268,1,0.998195,311,72,479,387,
269,1,0.996946,310,74,483,394,
270,1,0.997805,310,72,481,393,
271,1,0.997592,312,72,481,388,
272,1,0.997963,313,76,480,384,
273,1,0.997954,311,75,484,385,
274,1,0.998024,311,77,484,385,
275,1,0.998402,311,77,479,384,
276,1,0.998545,311,79,480,379,
277,1,0.998253,310,76,481,384,
278,1,0.998180,311,78,480,382,
279,1,0.998086,311,78,482,381,
280,1,0.997996,311,78,480,379,
281,1,0.997996,312,80,481,378,
282,1,0.998734,312,79,480,378,
283,1,0.998241,313,79,480,379,
284,1,0.998297,312,78,482,382,
285,1,0.998311,313,78,481,381,
286,1,0.998788,312,78,479,381,
287,1,0.998474,312,78,479,380,
288,1,0.998493,312,78,478,380,
289,1,0.998399,312,79,478,379,
290,1,0.998598,312,79,477,380,
291,1,0.998849,311,81,474,381,
292,1,0.998356,312,81,477,383,
293,1,0.998523,310,80,477,379,
294,1,0.998317,311,81,479,375,
295,1,0.998222,311,81,480,379,
296,1,0.998362,311,81,481,375,
297,1,0.998537,312,81,479,372,
298,1,0.997864,311,80,480,379,
299,1,0.998087,311,81,479,379,
300,1,0.997069,310,78,480,383,
301,1,0.997013,309,77,482,384,
302,1,0.998775,308,77,488,390,
303,1,0.997135,310,76,483,387,
304,1,0.997178,308,74,483,382,
305,1,0.998457,310,75,484,376,
306,1,0.999189,308,76,481,378,
307,1,0.999029,306,77,474,383,
308,1,0.999168,305,77,474,379,
309,1,0.999088,305,78,471,373,
310,1,0.999296,304,76,470,377,
311,1,0.998799,301,74,468,379,
312,1,0.998388,301,76,467,381,
313,1,0.998822,297,74,463,378,
314,1,0.998662,296,74,461,375,
315,1,0.998464,294,74,459,375,
316,1,0.997377,288,73,457,382,
317,1,0.998437,284,74,453,382,
318,1,0.998486,282,74,454,379,
319,1,0.998829,282,75,448,379,
320,1,0.999205,279,76,445,371,
321,1,0.998405,274,76,444,381,
322,1,0.998400,270,75,441,376,
323,1,0.997944,269,74,442,379,
324,1,0.998926,267,76,436,382,
325,1,0.998637,245,75,412,380,
326,1,0.998433,243,76,408,375,
327,1,0.998174,244,77,405,377,
328,1,0.997284,239,77,403,380,
329,1,0.997820,233,77,401,389,
330,1,0.997751,234,78,398,382,
331,1,0.998169,230,78,397,380,
332,1,0.997602,231,76,394,380,
333,1,0.998542,229,75,391,388,
334,1,0.997442,231,80,393,383,
335,1,0.997650,231,79,388,391,
336,1,0.996540,231,75,389,386,
337,1,0.997784,229,79,389,392,
338,1,0.997972,229,79,386,389,
339,1,0.998086,229,81,385,384,
340,1,0.997554,225,84,384,393,
341,1,0.998762,227,81,385,400,
342,1,0.998898,226,85,384,399,
343,1,0.997458,222,83,383,406,
344,1,0.998559,223,83,381,407,
345,1,0.998600,227,79,380,405,
346,1,0.997224,222,80,378,400,
347,1,0.996389,224,78,377,401,
348,1,0.996229,222,84,378,409,
349,1,0.997651,222,83,377,396,
350,1,0.996220,225,82,379,399,
351,1,0.996366,226,80,380,399,
352,1,0.997090,221,85,377,393,
353,1,0.996718,222,84,379,393,
354,1,0.998595,222,84,377,388,
355,1,0.998288,222,85,376,388,
356,1,0.998774,223,85,377,396,
357,1,0.998554,222,85,377,398,
358,1,0.997762,223,82,379,406,
359,1,0.998518,222,84,378,402,
360,1,0.998774,223,85,377,401,
361,1,0.997455,222,81,378,406,
362,1,0.998510,222,86,374,411,
363,1,0.997373,225,80,376,405,
364,1,0.998522,225,85,377,408,
365,1,0.998610,225,86,376,405,
366,1,0.998230,225,86,375,410,
367,1,0.996756,228,83,376,404,
368,1,0.996912,227,82,377,401,
369,1,0.997443,227,83,377,400,
370,1,0.997618,226,83,376,404,
371,1,0.997904,226,82,377,397,
372,1,0.997710,226,81,377,396,
373,1,0.998248,226,80,379,390,
374,1,0.997764,226,77,379,393,
375,1,0.998785,227,78,382,388,
376,1,0.998731,224,77,382,386,
377,1,0.999287,223,79,382,379,
378,1,0.999366,222,80,383,374,
379,1,0.998927,224,77,385,377,
380,1,0.999278,229,80,389,374,
381,1,0.998979,226,80,396,379,
382,1,0.998449,231,78,408,372,
383,1,0.999330,232,79,400,373,
384,1,0.999428,236,79,405,375,
385,1,0.997337,242,77,444,370,
386,1,0.999016,240,79,415,375,
387,1,0.999225,243,79,417,373,
388,1,0.999207,249,78,423,374,
389,1,0.998870,258,78,440,374,
390,1,0.999329,259,79,431,373,
391,1,0.999206,260,81,429,376,
392,1,0.998958,265,79,442,374,
393,1,0.999347,269,79,438,375,
394,1,0.999344,272,79,438,373,
395,1,0.999314,273,77,434,377,
396,1,0.998836,277,75,430,373,
397,1,0.999097,280,79,434,378,
398,1,0.999177,282,77,430,378,
399,1,0.999135,283,80,432,377,
400,1,0.999212,284,79,430,375,
401,1,0.999173,285,79,431,372,
402,1,0.999048,285,80,431,371,
403,1,0.999224,284,81,431,373,
404,1,0.999053,282,81,423,373,
405,1,0.998975,281,80,427,375,
406,1,0.998408,281,78,445,373,
407,1,0.999166,281,81,427,374,
408,1,0.999298,280,79,418,374,
409,1,0.999167,278,81,422,374,
410,1,0.999034,274,82,417,373,
411,1,0.998940,274,82,416,375,
412,1,0.994819,275,83,433,374,
413,1,0.997591,273,83,403,377,
414,1,0.998392,272,81,399,374,
415,1,0.997564,270,81,398,377,
416,1,0.997854,269,83,400,374,
417,1,0.997589,268,83,395,374,
418,1,0.997585,266,86,420,377,
419,1,0.986991,269,84,423,373,
420,1,0.997882,266,87,394,373,
421,1,0.998033,264,87,389,374,
422,1,0.998677,263,86,388,374,
423,1,0.998594,261,86,386,372,
424,1,0.998813,259,84,389,372,
425,1,0.998463,260,85,389,372,
426,1,0.998423,260,85,387,372,
427,1,0.998505,259,84,390,373,
428,1,0.998557,259,84,388,374,
