1,1,389,314,448,402,0.0000,0.0000,0.0000,0.0000,0.0000,0.0000,
2,1,389,314,448,402,0.0000,0.0000,0.0000,0.0000,0.0000,0.0000,
3,1,389,314,448,402,0.0000,0.0000,0.0000,0.0000,0.0000,0.0000,
4,1,389,314,448,402,0.0000,0.0000,0.0000,0.0000,0.0000,0.0000,
5,1,389,314,448,402,0.0000,0.0000,0.0000,0.0000,0.0000,0.0000,
6,1,389,314,448,402,0.0000,0.0000,0.0000,0.0000,0.0000,0.0000,
7,1,389,314,448,402,0.0000,0.0000,0.0000,0.0000,0.0000,0.0000,
8,1,389,314,448,402,0.0000,0.0000,0.0000,0.0000,0.0000,0.0000,
9,1,389,314,448,402,0.0000,0.0000,0.0000,0.0000,0.0000,0.0000,
10,1,389,314,448,402,0.0000,0.0000,0.0000,0.0000,0.0000,0.0000,
11,1,389,314,448,402,0.0000,0.0000,0.0000,0.0000,0.0000,0.0000,
12,1,389,314,448,402,0.0000,0.0000,0.0000,0.0000,0.0000,0.0000,
13,1,389,314,448,402,0.0000,0.0000,0.0000,0.0000,0.0000,0.0000,
14,1,389,314,448,402,0.0000,0.0000,0.0000,0.0000,0.0000,0.0000,
15,1,389,314,448,402,0.0000,0.0000,0.0000,0.0000,0.0000,0.0000,
16,1,389,314,448,402,0.0000,0.0000,0.0000,0.0000,0.0000,0.0000,
17,1,389,314,448,402,0.0000,0.0000,0.0000,0.0000,0.0000,0.0000,
18,1,389,314,448,402,0.0000,0.0000,0.0000,0.0000,0.0000,0.0000,
19,1,389,314,448,402,0.0000,0.0000,0.0000,0.0000,0.0000,0.0000,
20,1,389,314,448,402,0.0000,0.0000,0.0000,0.0000,0.0000,0.0000,
21,1,389,314,448,402,0.0000,0.0000,0.0000,0.0000,0.0000,0.0000,
22,1,389,314,448,402,0.0000,0.0000,0.0000,0.0000,0.0000,0.0000,
23,1,389,314,448,402,0.0000,0.0000,0.0000,0.0000,0.0000,0.0000,
24,1,389,314,448,402,0.0000,0.0000,0.0000,0.0000,0.0000,0.0000,
25,1,389,314,448,402,0.0000,0.0000,0.0000,0.0000,0.0000,0.0000,
26,1,389,314,448,402,0.0000,0.0000,0.0000,0.0000,0.0000,0.0000,
27,1,389,314,448,402,0.0000,0.0000,0.0000,0.0000,0.0000,0.0000,
28,1,389,314,448,402,0.0000,0.0000,0.0000,0.0000,0.0000,0.0000,
29,1,389,314,448,402,0.0000,0.0000,0.0000,0.0000,0.0000,0.0000,
30,1,389,314,448,402,0.0000,0.0000,0.0000,0.0000,0.0000,0.0000,
31,1,389,314,448,402,0.0000,0.0000,0.0000,0.0000,0.0000,0.0000,
32,1,389,314,448,402,0.0000,0.0000,0.0000,0.0000,0.0000,0.0000,
33,1,389,314,448,402,0.0000,0.0000,0.0000,0.0000,0.0000,0.0000,
34,1,389,314,448,402,0.0000,0.0000,0.0000,0.0000,0.0000,0.0000,
35,1,389,314,448,402,0.0000,0.0000,0.0000,0.0000,0.0000,0.0000,
36,1,389,314,448,402,0.0000,0.0000,0.0000,0.0000,0.0000,0.0000,
37,1,389,314,448,402,0.0000,0.0000,0.0000,0.0000,0.0000,0.0000,
38,1,389,314,448,402,0.0000,0.0000,0.0000,0.0000,0.0000,0.0000,
39,1,389,314,448,402,0.0000,0.0000,0.0000,0.0000,0.0000,0.0000,
40,1,389,314,448,402,0.0000,0.0000,0.0000,0.0000,0.0000,0.0000,
41,1,389,314,448,402,0.0000,0.0000,0.0000,0.0000,0.0000,0.0000,
42,1,389,314,448,402,0.0000,0.0000,0.0000,0.0000,0.0000,0.0000,
43,1,389,314,448,402,0.0000,0.0000,0.0000,0.0000,0.0000,0.0000,
44,1,389,314,448,402,0.0000,0.0000,0.0000,0.0000,0.0000,0.0000,
45,1,389,314,448,402,0.0000,0.0000,0.0000,0.0000,0.0000,0.0000,
46,1,389,314,448,402,0.0000,0.0000,0.0000,0.0000,0.0000,0.0000,
47,1,389,314,448,402,0.0000,0.0000,0.0000,0.0000,0.0000,0.0000,
48,1,389,314,448,402,0.0000,0.0000,0.0000,0.0000,0.0000,0.0000,
49,1,389,314,448,402,0.0000,0.0000,0.0000,0.0000,0.0000,0.0000,
50,1,389,314,448,402,0.0000,0.0000,0.0000,0.0000,0.0000,0.0000,
51,1,389,314,448,402,0.0000,0.0000,0.0000,0.0000,0.0000,0.0000,
52,1,389,314,448,402,0.0000,0.0000,0.0000,0.0000,0.0000,0.0000,
53,1,389,314,448,402,0.0000,0.0000,0.0000,0.0000,0.0000,0.0000,
54,1,389,314,448,402,0.0000,0.0000,0.0000,0.0000,0.0000,0.0000,
55,1,389,314,448,402,0.0000,0.0000,0.0000,0.0000,0.0000,0.0000,
56,1,389,314,448,402,0.0000,0.0000,0.0000,0.0000,0.0000,0.0000,
57,1,389,314,448,402,0.0000,0.0000,0.0000,0.0000,0.0000,0.0000,
58,1,389,314,448,402,0.0000,0.0000,0.0000,0.0000,0.0000,0.0000,
59,1,389,314,448,402,0.0000,0.0000,0.0000,0.0000,0.0000,0.0000,
60,1,389,314,448,402,0.0000,0.0000,0.0000,0.0000,0.0000,0.0000,
61,1,389,314,448,402,0.0000,0.0000,0.0000,0.0000,0.0000,0.0000,
62,1,389,314,448,402,0.0000,0.0000,0.0000,0.0000,0.0000,0.0000,
63,1,389,314,448,402,0.0000,0.0000,0.0000,0.0000,0.0000,0.0000,
64,1,389,314,448,402,0.0000,0.0000,0.0000,0.0000,0.0000,0.0000,
65,1,389,314,448,402,0.0000,0.0000,0.0000,0.0000,0.0000,0.0000,
66,1,389,314,448,402,0.0000,0.0000,0.0000,0.0000,0.0000,0.0000,
67,1,389,314,448,402,0.0000,0.0000,0.0000,0.0000,0.0000,0.0000,
68,1,389,314,448,402,0.0000,0.0000,0.0000,0.0000,0.0000,0.0000,
69,1,389,314,448,402,0.0000,0.0000,0.0000,0.0000,0.0000,0.0000,
70,1,389,314,448,402,0.0000,0.0000,0.0000,0.0000,0.0000,0.0000,
71,1,389,314,448,402,0.0000,0.0000,0.0000,0.0000,0.0000,0.0000,
72,1,389,314,448,402,0.0000,0.0000,0.0000,0.0000,0.0000,0.0000,
73,1,389,314,448,402,0.0000,0.0000,0.0000,0.0000,0.0000,0.0000,
74,1,389,314,448,402,0.0000,0.0000,0.0000,0.0000,0.0000,0.0000,
75,1,389,314,448,402,0.0000,0.0000,0.0000,0.0000,0.0000,0.0000,
76,1,389,314,448,402,0.0000,0.0000,0.0000,0.0000,0.0000,0.0000,
77,1,389,314,448,402,0.0000,0.0000,0.0000,0.0000,0.0000,0.0000,
78,1,389,314,448,402,0.0000,0.0000,0.0000,0.0000,0.0000,0.0000,
79,1,389,314,448,402,0.0000,0.0000,0.0000,0.0000,0.0000,0.0000,
80,1,389,314,448,402,0.0000,0.0000,0.0000,0.0000,0.0000,0.0000,
81,1,389,314,448,402,0.0000,0.0000,0.0000,0.0000,0.0000,0.0000,
82,1,389,314,448,402,0.0000,0.0000,0.0000,0.0000,0.0000,0.0000,
83,1,389,314,448,402,0.0000,0.0000,0.0000,0.0000,0.0000,0.0000,
84,1,389,314,448,402,0.0000,0.0000,0.0000,0.0000,0.0000,0.0000,
85,1,389,314,448,402,0.0000,0.0000,0.0000,0.0000,0.0000,0.0000,
86,1,389,314,448,402,0.0000,0.0000,0.0000,0.0000,0.0000,0.0000,
87,1,389,314,448,402,0.0000,0.0000,0.0000,0.0000,0.0000,0.0000,
88,1,389,314,448,402,0.0000,0.0000,0.0000,0.0000,0.0000,0.0000,
89,1,389,314,448,402,0.0000,0.0000,0.0000,0.0000,0.0000,0.0000,
90,1,389,314,448,402,0.0000,0.0000,0.0000,0.0000,0.0000,0.0000,
91,1,389,314,448,402,0.0000,0.0000,0.0000,0.0000,0.0000,0.0000,
92,1,389,314,448,402,0.0000,0.0000,0.0000,0.0000,0.0000,0.0000,
93,1,389,314,448,402,0.0000,0.0000,0.0000,0.0000,0.0000,0.0000,
94,1,389,314,448,402,0.0000,0.0000,0.0000,0.0000,0.0000,0.0000,
95,1,389,314,448,402,0.0000,0.0000,0.0000,0.0000,0.0000,0.0000,
96,1,389,314,448,402,0.0000,0.0000,0.0000,0.0000,0.0000,0.0000,
97,1,389,314,448,402,0.0000,0.0000,0.0000,0.0000,0.0000,0.0000,
98,1,389,314,448,402,0.0000,0.0000,0.0000,0.0000,0.0000,0.0000,
99,1,389,314,448,402,0.0000,0.0000,0.0000,0.0000,0.0000,0.0000,
100,1,389,314,448,402,0.0000,0.0000,0.0000,0.0000,0.0000,0.0000,
101,1,389,314,448,402,0.0000,0.0000,0.0000,0.0000,0.0000,0.0000,
102,1,389,314,448,402,0.0000,0.0000,0.0000,0.0000,0.0000,0.0000,
103,1,389,314,448,402,0.0000,0.0000,0.0000,0.0000,0.0000,0.0000,
104,1,389,314,448,402,0.0000,0.0000,0.0000,0.0000,0.0000,0.0000,
105,1,389,314,448,402,0.0000,0.0000,0.0000,0.0000,0.0000,0.0000,
106,1,389,314,448,402,0.0000,0.0000,0.0000,0.0000,0.0000,0.0000,
107,1,389,314,448,402,0.0000,0.0000,0.0000,0.0000,0.0000,0.0000,
108,1,389,314,448,402,0.0000,0.0000,0.0000,0.0000,0.0000,0.0000,
109,1,389,314,448,402,0.0000,0.0000,0.0000,0.0000,0.0000,0.0000,
110,1,389,314,448,402,0.0000,0.0000,0.0000,0.0000,0.0000,0.0000,
111,1,389,314,448,402,0.0000,0.0000,0.0000,0.0000,0.0000,0.0000,
112,1,389,314,448,402,0.0000,0.0000,0.0000,0.0000,0.0000,0.0000,
113,1,389,314,448,402,0.0000,0.0000,0.0000,0.0000,0.0000,0.0000,
114,1,389,314,448,402,0.0000,0.0000,0.0000,0.0000,0.0000,0.0000,
115,1,389,314,448,402,0.0000,0.0000,0.0000,0.0000,0.0000,0.0000,
116,1,389,314,448,402,0.0000,0.0000,0.0000,0.0000,0.0000,0.0000,
117,1,389,314,448,402,0.0000,0.0000,0.0000,0.0000,0.0000,0.0000,
118,1,389,314,448,402,0.0000,0.0000,0.0000,0.0000,0.0000,0.0000,
119,1,389,314,448,402,0.0000,0.0000,0.0000,0.0000,0.0000,0.0000,
120,1,389,314,448,402,0.0000,0.0000,0.0000,0.0000,0.0000,0.0000,
121,1,389,314,448,402,0.0000,0.0000,0.0000,0.0000,0.0000,0.0000,
122,1,389,314,448,402,0.0000,0.0000,0.0000,0.0000,0.0000,0.0000,
123,1,389,314,448,402,0.0000,0.0000,0.0000,0.0000,0.0000,0.0000,
124,1,389,314,448,402,0.0000,0.0000,0.0000,0.0000,0.0000,0.0000,
125,1,389,314,448,402,0.0000,0.0000,0.0000,0.0000,0.0000,0.0000,
126,1,389,314,448,402,0.0000,0.0000,0.0000,0.0000,0.0000,0.0000,
127,1,389,314,448,402,0.0000,0.0000,0.0000,0.0000,0.0000,0.0000,
128,1,389,314,448,402,0.0000,0.0000,0.0000,0.0000,0.0000,0.0000,
129,1,389,314,448,402,0.0000,0.0000,0.0000,0.0000,0.0000,0.0000,
130,1,389,314,448,402,0.0000,0.0000,0.0000,0.0000,0.0000,0.0000,
131,1,389,314,448,402,0.0000,0.0000,0.0000,0.0000,0.0000,0.0000,
132,1,389,314,448,402,0.0000,0.0000,0.0000,0.0000,0.0000,0.0000,
133,1,389,314,448,402,0.0000,0.0000,0.0000,0.0000,0.0000,0.0000,
134,1,389,314,448,402,0.0000,0.0000,0.0000,0.0000,0.0000,0.0000,
135,1,389,314,448,402,0.0000,0.0000,0.0000,0.0000,0.0000,0.0000,
136,1,389,314,448,402,0.0000,0.0000,0.0000,0.0000,0.0000,0.0000,
137,1,389,314,448,402,0.0000,0.0000,0.0000,0.0000,0.0000,0.0000,
138,1,389,314,448,402,0.0000,0.0000,0.0000,0.0000,0.0000,0.0000,
139,1,389,314,448,402,0.0000,0.0000,0.0000,0.0000,0.0000,0.0000,
140,1,389,314,448,402,0.0000,0.0000,0.0000,0.0000,0.0000,0.0000,
141,1,389,314,448,402,0.0000,0.0000,0.0000,0.0000,0.0000,0.0000,
142,1,389,314,448,402,0.0000,0.0000,0.0000,0.0000,0.0000,0.0000,
143,1,389,314,448,402,0.0000,0.0000,0.0000,0.0000,0.0000,0.0000,
144,1,389,314,448,402,0.0000,0.0000,0.0000,0.0000,0.0000,0.0000,
145,1,389,314,448,402,0.0000,0.0000,0.0000,0.0000,0.0000,0.0000,
146,1,389,314,448,402,0.0000,0.0000,0.0000,0.0000,0.0000,0.0000,
147,1,389,314,448,402,0.0000,0.0000,0.0000,0.0000,0.0000,0.0000,
148,1,389,314,448,402,0.0000,0.0000,0.0000,0.0000,0.0000,0.0000,
149,1,389,314,448,402,0.0000,0.0000,0.0000,0.0000,0.0000,0.0000,
150,1,389,314,448,402,0.0000,0.0000,0.0000,0.0000,0.0000,0.0000,
151,1,389,314,448,402,0.0000,0.0000,0.0000,0.0000,0.0000,0.0000,
152,1,389,314,448,402,0.0000,0.0000,0.0000,0.0000,0.0000,0.0000,
153,1,389,314,448,402,0.0000,0.0000,0.0000,0.0000,0.0000,0.0000,
154,1,389,314,448,402,0.0000,0.0000,0.0000,0.0000,0.0000,0.0000,
155,1,389,314,448,402,0.0000,0.0000,0.0000,0.0000,0.0000,0.0000,
156,1,389,314,448,402,0.0000,0.0000,0.0000,0.0000,0.0000,0.0000,
157,1,389,314,448,402,0.0000,0.0000,0.0000,0.0000,0.0000,0.0000,
158,1,389,314,448,402,0.0000,0.0000,0.0000,0.0000,0.0000,0.0000,
159,1,389,314,448,402,0.0000,0.0000,0.0000,0.0000,0.0000,0.0000,
160,1,389,314,448,402,0.0000,0.0000,0.0000,0.0000,0.0000,0.0000,
161,1,389,314,448,402,0.0000,0.0000,0.0000,0.0000,0.0000,0.0000,
162,1,389,314,448,402,0.0000,0.0000,0.0000,0.0000,0.0000,0.0000,
163,1,389,314,448,402,0.0000,0.0000,0.0000,0.0000,0.0000,0.0000,
164,1,389,314,448,402,0.0000,0.0000,0.0000,0.0000,0.0000,0.0000,
165,1,389,314,448,402,0.0000,0.0000,0.0000,0.0000,0.0000,0.0000,
166,1,389,314,448,402,0.0000,0.0000,0.0000,0.0000,0.0000,0.0000,
167,1,389,314,448,402,0.0000,0.0000,0.0000,0.0000,0.0000,0.0000,
168,1,389,314,448,402,0.0000,0.0000,0.0000,0.0000,0.0000,0.0000,
169,1,389,314,448,402,0.0000,0.0000,0.0000,0.0000,0.0000,0.0000,
170,1,389,314,448,402,0.0000,0.0000,0.0000,0.0000,0.0000,0.0000,
171,1,389,314,448,402,0.0000,0.0000,0.0000,0.0000,0.0000,0.0000,
172,1,389,314,448,402,0.0000,0.0000,0.0000,0.0000,0.0000,0.0000,
173,1,389,314,448,402,0.0000,0.0000,0.0000,0.0000,0.0000,0.0000,
174,1,389,314,448,402,0.0000,0.0000,0.0000,0.0000,0.0000,0.0000,
175,1,389,314,448,402,0.0000,0.0000,0.0000,0.0000,0.0000,0.0000,
176,1,389,314,448,402,0.0000,0.0000,0.0000,0.0000,0.0000,0.0000,
177,1,389,314,448,402,0.0000,0.0000,0.0000,0.0000,0.0000,0.0000,
178,1,389,314,448,402,0.0000,0.0000,0.0000,0.0000,0.0000,0.0000,
179,1,389,314,448,402,0.0000,0.0000,0.0000,0.0000,0.0000,0.0000,
180,1,389,314,448,402,0.0000,0.0000,0.0000,0.0000,0.0000,0.0000,
181,1,389,314,448,402,0.0000,0.0000,0.0000,0.0000,0.0000,0.0000,
182,1,389,314,448,402,0.0000,0.0000,0.0000,0.0000,0.0000,0.0000,
183,1,389,314,448,402,0.0000,0.0000,0.0000,0.0000,0.0000,0.0000,
184,1,389,314,448,402,0.0000,0.0000,0.0000,0.0000,0.0000,0.0000,
185,1,389,314,448,402,0.0000,0.0000,0.0000,0.0000,0.0000,0.0000,
186,1,389,314,448,402,0.0000,0.0000,0.0000,0.0000,0.0000,0.0000,
187,1,389,314,448,402,0.0000,0.0000,0.0000,0.0000,0.0000,0.0000,
188,1,389,314,448,402,0.0000,0.0000,0.0000,0.0000,0.0000,0.0000,
189,1,389,314,448,402,0.0000,0.0000,0.0000,0.0000,0.0000,0.0000,
190,1,389,314,448,402,0.0000,0.0000,0.0000,0.0000,0.0000,0.0000,
191,1,389,314,448,402,0.0000,0.0000,0.0000,0.0000,0.0000,0.0000,
192,1,389,314,448,402,0.0000,0.0000,0.0000,0.0000,0.0000,0.0000,
193,1,389,314,448,402,0.0000,0.0000,0.0000,0.0000,0.0000,0.0000,
194,1,389,314,448,402,0.0000,0.0000,0.0000,0.0000,0.0000,0.0000,
195,1,389,314,448,402,0.0000,0.0000,0.0000,0.0000,0.0000,0.0000,
196,1,389,314,448,402,0.0000,0.0000,0.0000,0.0000,0.0000,0.0000,
197,1,389,314,448,402,0.0000,0.0000,0.0000,0.0000,0.0000,0.0000,
198,1,389,314,448,402,0.0000,0.0000,0.0000,0.0000,0.0000,0.0000,
199,1,389,314,448,402,0.0000,0.0000,0.0000,0.0000,0.0000,0.0000,
200,1,389,314,448,402,0.0000,0.0000,0.0000,0.0000,0.0000,0.0000,
201,1,389,314,448,402,0.0000,0.0000,0.0000,0.0000,0.0000,0.0000,
202,1,389,314,448,402,0.0000,0.0000,0.0000,0.0000,0.0000,0.0000,
203,1,389,314,448,402,0.0000,0.0000,0.0000,0.0000,0.0000,0.0000,
204,1,389,314,448,402,0.0000,0.0000,0.0000,0.0000,0.0000,0.0000,
205,1,389,314,448,402,0.0000,0.0000,0.0000,0.0000,0.0000,0.0000,
206,1,389,314,448,402,0.0000,0.0000,0.0000,0.0000,0.0000,0.0000,
207,1,389,314,448,402,0.0000,0.0000,0.0000,0.0000,0.0000,0.0000,
208,1,389,314,448,402,0.0000,0.0000,0.0000,0.0000,0.0000,0.0000,
209,1,389,314,448,402,0.0000,0.0000,0.0000,0.0000,0.0000,0.0000,
210,1,389,314,448,402,0.0000,0.0000,0.0000,0.0000,0.0000,0.0000,
211,1,389,314,448,402,0.0000,0.0000,0.0000,0.0000,0.0000,0.0000,
212,1,389,314,448,402,0.0000,0.0000,0.0000,0.0000,0.0000,0.0000,
213,1,389,314,448,402,0.0000,0.0000,0.0000,0.0000,0.0000,0.0000,
214,1,389,314,448,402,0.0000,0.0000,0.0000,0.0000,0.0000,0.0000,
215,1,389,314,448,402,0.0000,0.0000,0.0000,0.0000,0.0000,0.0000,
216,1,389,314,448,402,0.0000,0.0000,0.0000,0.0000,0.0000,0.0000,
217,1,389,314,448,402,0.0000,0.0000,0.0000,0.0000,0.0000,0.0000,
218,1,389,314,448,402,0.0000,0.0000,0.0000,0.0000,0.0000,0.0000,
219,1,389,314,448,402,0.0000,0.0000,0.0000,0.0000,0.0000,0.0000,
220,1,389,314,448,402,0.0000,0.0000,0.0000,0.0000,0.0000,0.0000,
221,1,389,314,448,402,0.0000,0.0000,0.0000,0.0000,0.0000,0.0000,
222,1,389,314,448,402,0.0000,0.0000,0.0000,0.0000,0.0000,0.0000,
223,1,389,314,448,402,0.0000,0.0000,0.0000,0.0000,0.0000,0.0000,
224,1,389,314,448,402,0.0000,0.0000,0.0000,0.0000,0.0000,0.0000,
225,1,389,314,448,402,0.0000,0.0000,0.0000,0.0000,0.0000,0.0000,
226,1,389,314,448,402,0.0000,0.0000,0.0000,0.0000,0.0000,0.0000,
227,1,389,314,448,402,0.0000,0.0000,0.0000,0.0000,0.0000,0.0000,
228,1,389,314,448,402,0.0000,0.0000,0.0000,0.0000,0.0000,0.0000,
229,1,389,314,448,402,0.0000,0.0000,0.0000,0.0000,0.0000,0.0000,
230,1,389,314,448,402,0.0000,0.0000,0.0000,0.0000,0.0000,0.0000,
231,1,389,314,448,402,0.0000,0.0000,0.0000,0.0000,0.0000,0.0000,
232,1,389,314,448,402,0.0000,0.0000,0.0000,0.0000,0.0000,0.0000,
233,1,389,314,448,402,0.0000,0.0000,0.0000,0.0000,0.0000,0.0000,
234,1,389,314,448,402,0.0000,0.0000,0.0000,0.0000,0.0000,0.0000,
235,1,389,314,448,402,0.0000,0.0000,0.0000,0.0000,0.0000,0.0000,
236,1,389,314,448,402,0.0000,0.0000,0.0000,0.0000,0.0000,0.0000,
237,1,389,314,448,402,0.0000,0.0000,0.0000,0.0000,0.0000,0.0000,
238,1,389,314,448,402,0.0000,0.0000,0.0000,0.0000,0.0000,0.0000,
239,1,389,314,448,402,0.0000,0.0000,0.0000,0.0000,0.0000,0.0000,
240,1,389,314,448,402,0.0000,0.0000,0.0000,0.0000,0.0000,0.0000,
241,1,389,314,448,402,0.0000,0.0000,0.0000,0.0000,0.0000,0.0000,
242,1,389,314,448,402,0.0000,0.0000,0.0000,0.0000,0.0000,0.0000,
243,1,389,314,448,402,0.0000,0.0000,0.0000,0.0000,0.0000,0.0000,
244,1,389,314,448,402,0.0000,0.0000,0.0000,0.0000,0.0000,0.0000,
245,1,389,314,448,402,0.0000,0.0000,0.0000,0.0000,0.0000,0.0000,
246,1,389,314,448,402,0.0000,0.0000,0.0000,0.0000,0.0000,0.0000,
247,1,389,314,448,402,0.0000,0.0000,0.0000,0.0000,0.0000,0.0000,
248,1,389,314,448,402,0.0000,0.0000,0.0000,0.0000,0.0000,0.0000,
249,1,389,314,448,402,0.0000,0.0000,0.0000,0.0000,0.0000,0.0000,
250,1,389,314,448,402,0.0000,0.0000,0.0000,0.0000,0.0000,0.0000,
251,1,387,320,451,402,1.0143,-0.0009,0.0009,0.9982,10.2218,10.2112,
252,1,387,320,451,402,0.9979,-0.0063,0.0030,1.0014,11.2367,10.0239,
253,1,389,321,453,403,0.9988,0.0037,-0.0006,0.9985,11.1082,10.4115,
254,1,392,322,456,404,1.0049,-0.0086,0.0110,1.0074,12.5696,9.7827,
255,1,392,322,456,404,0.9963,0.0177,0.0168,0.9973,10.0799,9.7662,
256,1,392,322,456,404,1.0014,-0.0187,-0.0117,0.9974,11.4995,10.6044,
257,1,392,322,456,404,1.0008,-0.0008,-0.0029,1.0036,10.2764,10.2569,
258,1,392,322,456,404,0.9982,0.0019,0.0049,1.0017,10.0341,9.8514,
259,1,392,322,456,404,0.9995,-0.0017,-0.0014,1.0019,10.0820,10.0832,
260,1,392,322,456,404,0.9900,-0.0097,-0.0031,0.9955,10.8685,10.2790,
261,1,392,322,456,404,1.0034,-0.0007,-0.0002,1.0008,9.9229,9.9641,
262,1,392,322,456,404,0.9984,0.0020,0.0012,1.0004,9.9709,9.9279,
263,1,392,322,456,404,1.0053,0.0128,0.0022,1.0018,9.0995,9.8283,
264,1,392,322,456,404,0.9989,-0.0024,0.0009,1.0021,10.1369,9.8676,
265,1,392,322,456,404,0.9937,-0.0084,-0.0011,0.9943,10.6414,10.3151,
266,1,392,322,456,404,1.0012,0.0014,-0.0000,1.0010,9.9370,9.9558,
267,1,392,322,456,404,0.9983,0.0018,-0.0002,1.0008,9.9574,9.9787,
268,1,392,322,456,404,0.9964,-0.0051,-0.0035,0.9972,10.3460,10.2514,
269,1,392,322,456,404,0.9994,-0.0051,-0.0002,0.9996,10.2346,9.9963,
270,1,392,322,456,404,1.0012,0.0045,-0.0012,0.9996,9.8164,10.0989,
271,1,392,322,456,404,0.9965,-0.0043,-0.0036,0.9978,10.3311,10.2629,
272,1,392,322,456,404,0.9996,-0.0007,0.0008,0.9999,10.0766,9.9649,
273,1,392,322,456,404,0.9971,-0.0052,0.0011,0.9977,10.3551,10.0538,
274,1,392,322,456,404,1.0017,-0.0023,-0.0041,0.9987,10.0100,10.2151,
275,1,392,322,456,404,1.0019,0.0039,0.0018,0.9993,9.6881,9.9872,
276,1,392,322,456,404,0.9816,-0.0076,-0.0103,0.9956,11.1666,10.6521,
277,1,392,322,456,404,1.0008,-0.0014,-0.0045,0.9938,9.9713,10.4454,
278,1,392,322,456,404,0.9987,-0.0008,0.0005,1.0004,10.1695,9.9953,
279,1,392,322,456,404,0.9969,-0.0021,0.0006,1.0006,10.1891,9.9255,
280,1,392,322,456,404,1.0009,0.0022,-0.0007,1.0024,9.8197,9.9008,
281,1,392,322,456,404,0.9987,-0.0032,-0.0002,0.9985,10.2408,10.0833,
282,1,392,322,456,404,0.9976,-0.0040,0.0015,1.0018,10.3018,9.9041,
283,1,392,322,456,404,1.0002,-0.0021,-0.0029,0.9969,10.0926,10.2413,
284,1,392,322,456,404,1.0001,0.0035,0.0022,1.0019,9.8535,9.8365,
285,1,392,322,456,404,1.0004,0.0022,0.0030,1.0053,9.9196,9.6990,
286,1,392,322,456,404,1.0012,-0.0017,-0.0005,0.9972,10.0240,10.1325,
287,1,392,322,456,404,0.9995,0.0038,0.0070,1.0107,9.8225,9.2149,
288,1,392,322,456,404,0.9961,0.0032,-0.0006,0.9994,9.9515,10.0490,
289,1,392,322,456,404,0.9993,-0.0001,0.0001,0.9969,10.0528,10.1260,
290,1,392,322,456,404,1.0057,0.0040,-0.0025,1.0025,9.5399,10.0115,
291,1,392,322,456,404,1.0039,0.0014,0.0071,1.0026,9.8285,9.6063,
292,1,392,322,456,404,1.0010,0.0116,-0.0014,0.9985,9.2633,10.0436,
293,1,392,322,456,404,0.9982,0.0009,-0.0002,0.9987,10.0146,10.0451,
294,1,392,322,456,404,0.9964,-0.0044,-0.0043,0.9953,10.2997,10.3759,
295,1,392,322,456,404,1.0006,-0.0023,-0.0020,0.9977,10.0596,10.1232,
296,1,392,322,456,404,0.9959,-0.0044,-0.0019,0.9992,10.3955,10.1016,
297,1,392,322,456,404,1.0069,0.0144,-0.0005,1.0017,8.9252,9.9357,
298,1,392,322,456,404,1.0006,-0.0012,0.0035,0.9986,10.0277,9.9143,
299,1,392,322,456,404,1.0006,0.0064,-0.0007,1.0020,9.6208,9.9526,
300,1,392,322,456,404,1.0021,-0.0019,-0.0003,1.0014,9.9985,9.9273,
301,1,398,318,455,404,0.0000,0.0000,0.0000,0.0000,0.0000,0.0000,
302,1,398,318,455,404,0.0000,0.0000,0.0000,0.0000,0.0000,0.0000,
303,1,398,318,455,404,0.0000,0.0000,0.0000,0.0000,0.0000,0.0000,
304,1,398,318,455,404,0.0000,0.0000,0.0000,0.0000,0.0000,0.0000,
305,1,398,318,455,404,0.0000,0.0000,0.0000,0.0000,0.0000,0.0000,
306,1,398,318,455,404,0.0000,0.0000,0.0000,0.0000,0.0000,0.0000,
307,1,398,318,455,404,0.0000,0.0000,0.0000,0.0000,0.0000,0.0000,
308,1,398,318,455,404,0.0000,0.0000,0.0000,0.0000,0.0000,0.0000,
309,1,398,318,455,404,0.0000,0.0000,0.0000,0.0000,0.0000,0.0000,
310,1,398,318,455,404,0.0000,0.0000,0.0000,0.0000,0.0000,0.0000,
311,1,398,318,455,404,0.0000,0.0000,0.0000,0.0000,0.0000,0.0000,
312,1,398,318,455,404,0.0000,0.0000,0.0000,0.0000,0.0000,0.0000,
313,1,398,318,455,404,0.0000,0.0000,0.0000,0.0000,0.0000,0.0000,
314,1,398,318,455,404,0.0000,0.0000,0.0000,0.0000,0.0000,0.0000,
315,1,398,318,455,404,0.0000,0.0000,0.0000,0.0000,0.0000,0.0000,
316,1,398,318,455,404,0.0000,0.0000,0.0000,0.0000,0.0000,0.0000,
317,1,398,318,455,404,0.0000,0.0000,0.0000,0.0000,0.0000,0.0000,
318,1,398,318,455,404,0.0000,0.0000,0.0000,0.0000,0.0000,0.0000,
319,1,398,318,455,404,0.0000,0.0000,0.0000,0.0000,0.0000,0.0000,
320,1,398,318,455,404,0.0000,0.0000,0.0000,0.0000,0.0000,0.0000,
321,1,398,318,455,404,0.0000,0.0000,0.0000,0.0000,0.0000,0.0000,
322,1,398,318,455,404,0.0000,0.0000,0.0000,0.0000,0.0000,0.0000,
323,1,398,318,455,404,0.0000,0.0000,0.0000,0.0000,0.0000,0.0000,
324,1,398,318,455,404,0.0000,0.0000,0.0000,0.0000,0.0000,0.0000,
325,1,398,318,455,404,0.0000,0.0000,0.0000,0.0000,0.0000,0.0000,
326,1,398,318,455,404,0.0000,0.0000,0.0000,0.0000,0.0000,0.0000,
327,1,398,318,455,404,0.0000,0.0000,0.0000,0.0000,0.0000,0.0000,
328,1,398,318,455,404,0.0000,0.0000,0.0000,0.0000,0.0000,0.0000,
329,1,398,318,455,404,0.0000,0.0000,0.0000,0.0000,0.0000,0.0000,
330,1,398,318,455,404,0.0000,0.0000,0.0000,0.0000,0.0000,0.0000,
331,1,398,318,455,404,0.0000,0.0000,0.0000,0.0000,0.0000,0.0000,
332,1,398,318,455,404,0.0000,0.0000,0.0000,0.0000,0.0000,0.0000,
333,1,398,318,455,404,0.0000,0.0000,0.0000,0.0000,0.0000,0.0000,
334,1,398,318,455,404,0.0000,0.0000,0.0000,0.0000,0.0000,0.0000,
335,1,398,318,455,404,0.0000,0.0000,0.0000,0.0000,0.0000,0.0000,
336,1,398,318,455,404,0.0000,0.0000,0.0000,0.0000,0.0000,0.0000,
337,1,398,318,455,404,0.0000,0.0000,0.0000,0.0000,0.0000,0.0000,
338,1,398,318,455,404,0.0000,0.0000,0.0000,0.0000,0.0000,0.0000,
339,1,398,318,455,404,0.0000,0.0000,0.0000,0.0000,0.0000,0.0000,
340,1,398,318,455,404,0.0000,0.0000,0.0000,0.0000,0.0000,0.0000,
341,1,398,318,455,404,0.0000,0.0000,0.0000,0.0000,0.0000,0.0000,
342,1,398,318,455,404,0.0000,0.0000,0.0000,0.0000,0.0000,0.0000,
343,1,398,318,455,404,0.0000,0.0000,0.0000,0.0000,0.0000,0.0000,
344,1,398,318,455,404,0.0000,0.0000,0.0000,0.0000,0.0000,0.0000,
345,1,398,318,455,404,0.0000,0.0000,0.0000,0.0000,0.0000,0.0000,
346,1,398,318,455,404,0.0000,0.0000,0.0000,0.0000,0.0000,0.0000,
347,1,398,318,455,404,0.0000,0.0000,0.0000,0.0000,0.0000,0.0000,
348,1,398,318,455,404,0.0000,0.0000,0.0000,0.0000,0.0000,0.0000,
349,1,398,318,455,404,0.0000,0.0000,0.0000,0.0000,0.0000,0.0000,
350,1,398,318,455,404,0.0000,0.0000,0.0000,0.0000,0.0000,0.0000,
351,1,398,318,455,404,0.0000,0.0000,0.0000,0.0000,0.0000,0.0000,
352,1,398,318,455,404,0.0000,0.0000,0.0000,0.0000,0.0000,0.0000,
353,1,398,318,455,404,0.0000,0.0000,0.0000,0.0000,0.0000,0.0000,
354,1,398,318,455,404,0.0000,0.0000,0.0000,0.0000,0.0000,0.0000,
355,1,398,318,455,404,0.0000,0.0000,0.0000,0.0000,0.0000,0.0000,
356,1,398,318,455,404,0.0000,0.0000,0.0000,0.0000,0.0000,0.0000,
357,1,398,318,455,404,0.0000,0.0000,0.0000,0.0000,0.0000,0.0000,
358,1,398,318,455,404,0.0000,0.0000,0.0000,0.0000,0.0000,0.0000,
359,1,398,318,455,404,0.0000,0.0000,0.0000,0.0000,0.0000,0.0000,
360,1,398,318,455,404,0.0000,0.0000,0.0000,0.0000,0.0000,0.0000,
361,1,398,318,455,404,0.0000,0.0000,0.0000,0.0000,0.0000,0.0000,
362,1,398,318,455,404,0.0000,0.0000,0.0000,0.0000,0.0000,0.0000,
363,1,398,318,455,404,0.0000,0.0000,0.0000,0.0000,0.0000,0.0000,
364,1,398,318,455,404,0.0000,0.0000,0.0000,0.0000,0.0000,0.0000,
365,1,398,318,455,404,0.0000,0.0000,0.0000,0.0000,0.0000,0.0000,
366,1,398,318,455,404,0.0000,0.0000,0.0000,0.0000,0.0000,0.0000,
367,1,398,318,455,404,0.0000,0.0000,0.0000,0.0000,0.0000,0.0000,
368,1,398,318,455,404,0.0000,0.0000,0.0000,0.0000,0.0000,0.0000,
369,1,398,318,455,404,0.0000,0.0000,0.0000,0.0000,0.0000,0.0000,
370,1,398,318,455,404,0.0000,0.0000,0.0000,0.0000,0.0000,0.0000,
371,1,398,318,455,404,0.0000,0.0000,0.0000,0.0000,0.0000,0.0000,
372,1,398,318,455,404,0.0000,0.0000,0.0000,0.0000,0.0000,0.0000,
373,1,398,318,455,404,0.0000,0.0000,0.0000,0.0000,0.0000,0.0000,
374,1,398,318,455,404,0.0000,0.0000,0.0000,0.0000,0.0000,0.0000,
375,1,398,318,455,404,0.0000,0.0000,0.0000,0.0000,0.0000,0.0000,
376,1,398,318,455,404,0.0000,0.0000,0.0000,0.0000,0.0000,0.0000,
377,1,398,318,455,404,0.0000,0.0000,0.0000,0.0000,0.0000,0.0000,
378,1,398,318,455,404,0.0000,0.0000,0.0000,0.0000,0.0000,0.0000,
379,1,398,318,455,404,0.0000,0.0000,0.0000,0.0000,0.0000,0.0000,
380,1,398,318,455,404,0.0000,0.0000,0.0000,0.0000,0.0000,0.0000,
381,1,398,318,455,404,0.0000,0.0000,0.0000,0.0000,0.0000,0.0000,
382,1,398,318,455,404,0.0000,0.0000,0.0000,0.0000,0.0000,0.0000,
383,1,398,318,455,404,0.0000,0.0000,0.0000,0.0000,0.0000,0.0000,
384,1,398,318,455,404,0.0000,0.0000,0.0000,0.0000,0.0000,0.0000,
385,1,398,318,455,404,0.0000,0.0000,0.0000,0.0000,0.0000,0.0000,
386,1,398,318,455,404,0.0000,0.0000,0.0000,0.0000,0.0000,0.0000,
387,1,398,318,455,404,0.0000,0.0000,0.0000,0.0000,0.0000,0.0000,
388,1,398,318,455,404,0.0000,0.0000,0.0000,0.0000,0.0000,0.0000,
389,1,398,318,455,404,0.0000,0.0000,0.0000,0.0000,0.0000,0.0000,
390,1,398,318,455,404,0.0000,0.0000,0.0000,0.0000,0.0000,0.0000,
391,1,398,318,455,404,0.0000,0.0000,0.0000,0.0000,0.0000,0.0000,
392,1,398,318,455,404,0.0000,0.0000,0.0000,0.0000,0.0000,0.0000,
393,1,398,318,455,404,0.0000,0.0000,0.0000,0.0000,0.0000,0.0000,
394,1,398,318,455,404,0.0000,0.0000,0.0000,0.0000,0.0000,0.0000,
395,1,398,318,455,404,0.0000,0.0000,0.0000,0.0000,0.0000,0.0000,
396,1,398,318,455,404,0.0000,0.0000,0.0000,0.0000,0.0000,0.0000,
397,1,398,318,455,404,0.0000,0.0000,0.0000,0.0000,0.0000,0.0000,
398,1,398,318,455,404,0.0000,0.0000,0.0000,0.0000,0.0000,0.0000,
399,1,398,318,455,404,0.0000,0.0000,0.0000,0.0000,0.0000,0.0000,
400,1,398,318,455,404,0.0000,0.0000,0.0000,0.0000,0.0000,0.0000,
401,1,398,318,455,404,0.0000,0.0000,0.0000,0.0000,0.0000,0.0000,
402,1,398,318,455,404,0.0000,0.0000,0.0000,0.0000,0.0000,0.0000,
403,1,398,318,455,404,0.0000,0.0000,0.0000,0.0000,0.0000,0.0000,
404,1,398,318,455,404,0.0000,0.0000,0.0000,0.0000,0.0000,0.0000,
405,1,398,318,455,404,0.0000,0.0000,0.0000,0.0000,0.0000,0.0000,
406,1,398,318,455,404,0.0000,0.0000,0.0000,0.0000,0.0000,0.0000,
407,1,398,318,455,404,0.0000,0.0000,0.0000,0.0000,0.0000,0.0000,
408,1,398,318,455,404,0.0000,0.0000,0.0000,0.0000,0.0000,0.0000,
409,1,398,318,455,404,0.0000,0.0000,0.0000,0.0000,0.0000,0.0000,
410,1,398,318,455,404,0.0000,0.0000,0.0000,0.0000,0.0000,0.0000,
411,1,398,318,455,404,0.0000,0.0000,0.0000,0.0000,0.0000,0.0000,
412,1,398,318,455,404,0.0000,0.0000,0.0000,0.0000,0.0000,0.0000,
413,1,398,318,455,404,0.0000,0.0000,0.0000,0.0000,0.0000,0.0000,
414,1,398,318,455,404,0.0000,0.0000,0.0000,0.0000,0.0000,0.0000,
415,1,398,318,455,404,0.0000,0.0000,0.0000,0.0000,0.0000,0.0000,
416,1,398,318,455,404,0.0000,0.0000,0.0000,0.0000,0.0000,0.0000,
417,1,398,318,455,404,0.0000,0.0000,0.0000,0.0000,0.0000,0.0000,
418,1,398,318,455,404,0.0000,0.0000,0.0000,0.0000,0.0000,0.0000,
419,1,398,318,455,404,0.0000,0.0000,0.0000,0.0000,0.0000,0.0000,
420,1,398,318,455,404,0.0000,0.0000,0.0000,0.0000,0.0000,0.0000,
421,1,398,318,455,404,0.0000,0.0000,0.0000,0.0000,0.0000,0.0000,
422,1,398,318,455,404,0.0000,0.0000,0.0000,0.0000,0.0000,0.0000,
423,1,398,318,455,404,0.0000,0.0000,0.0000,0.0000,0.0000,0.0000,
424,1,398,318,455,404,0.0000,0.0000,0.0000,0.0000,0.0000,0.0000,
425,1,398,318,455,404,0.0000,0.0000,0.0000,0.0000,0.0000,0.0000,
426,1,398,318,455,404,0.0000,0.0000,0.0000,0.0000,0.0000,0.0000,
427,1,398,318,455,404,0.0000,0.0000,0.0000,0.0000,0.0000,0.0000,
428,1,398,318,455,404,0.0000,0.0000,0.0000,0.0000,0.0000,0.0000,
429,1,398,318,455,404,0.0000,0.0000,0.0000,0.0000,0.0000,0.0000,
430,1,398,318,455,404,0.0000,0.0000,0.0000,0.0000,0.0000,0.0000,
431,1,398,318,455,404,0.0000,0.0000,0.0000,0.0000,0.0000,0.0000,
432,1,398,318,455,404,0.0000,0.0000,0.0000,0.0000,0.0000,0.0000,
433,1,398,318,455,404,0.0000,0.0000,0.0000,0.0000,0.0000,0.0000,
434,1,398,318,455,404,0.0000,0.0000,0.0000,0.0000,0.0000,0.0000,
435,1,398,318,455,404,0.0000,0.0000,0.0000,0.0000,0.0000,0.0000,
436,1,398,318,455,404,0.0000,0.0000,0.0000,0.0000,0.0000,0.0000,
437,1,398,318,455,404,0.0000,0.0000,0.0000,0.0000,0.0000,0.0000,
438,1,398,318,455,404,0.0000,0.0000,0.0000,0.0000,0.0000,0.0000,
439,1,398,318,455,404,0.0000,0.0000,0.0000,0.0000,0.0000,0.0000,
440,1,398,318,455,404,0.0000,0.0000,0.0000,0.0000,0.0000,0.0000,
441,1,398,318,455,404,0.0000,0.0000,0.0000,0.0000,0.0000,0.0000,
442,1,398,318,455,404,0.0000,0.0000,0.0000,0.0000,0.0000,0.0000,
443,1,398,318,455,404,0.0000,0.0000,0.0000,0.0000,0.0000,0.0000,
444,1,398,318,455,404,0.0000,0.0000,0.0000,0.0000,0.0000,0.0000,
445,1,398,318,455,404,0.0000,0.0000,0.0000,0.0000,0.0000,0.0000,
446,1,398,318,455,404,0.0000,0.0000,0.0000,0.0000,0.0000,0.0000,
447,1,398,318,455,404,0.0000,0.0000,0.0000,0.0000,0.0000,0.0000,
448,1,398,318,455,404,0.0000,0.0000,0.0000,0.0000,0.0000,0.0000,
449,1,398,318,455,404,0.0000,0.0000,0.0000,0.0000,0.0000,0.0000,
450,1,398,318,455,404,0.0000,0.0000,0.0000,0.0000,0.0000,0.0000,
451,1,398,318,455,404,0.0000,0.0000,0.0000,0.0000,0.0000,0.0000,
452,1,398,318,455,404,0.0000,0.0000,0.0000,0.0000,0.0000,0.0000,
453,1,398,318,455,404,0.0000,0.0000,0.0000,0.0000,0.0000,0.0000,
454,1,398,318,455,404,0.0000,0.0000,0.0000,0.0000,0.0000,0.0000,
455,1,398,318,455,404,0.0000,0.0000,0.0000,0.0000,0.0000,0.0000,
456,1,398,318,455,404,0.0000,0.0000,0.0000,0.0000,0.0000,0.0000,
457,1,398,318,455,404,0.0000,0.0000,0.0000,0.0000,0.0000,0.0000,
458,1,398,318,455,404,0.0000,0.0000,0.0000,0.0000,0.0000,0.0000,
459,1,398,318,455,404,0.0000,0.0000,0.0000,0.0000,0.0000,0.0000,
460,1,398,318,455,404,0.0000,0.0000,0.0000,0.0000,0.0000,0.0000,
461,1,398,318,455,404,0.0000,0.0000,0.0000,0.0000,0.0000,0.0000,
462,1,398,318,455,404,0.0000,0.0000,0.0000,0.0000,0.0000,0.0000,
463,1,398,318,455,404,0.0000,0.0000,0.0000,0.0000,0.0000,0.0000,
464,1,398,318,455,404,0.0000,0.0000,0.0000,0.0000,0.0000,0.0000,
465,1,398,318,455,404,0.0000,0.0000,0.0000,0.0000,0.0000,0.0000,
466,1,398,318,455,404,0.0000,0.0000,0.0000,0.0000,0.0000,0.0000,
467,1,398,318,455,404,0.0000,0.0000,0.0000,0.0000,0.0000,0.0000,
468,1,398,318,455,404,0.0000,0.0000,0.0000,0.0000,0.0000,0.0000,
469,1,398,318,455,404,0.0000,0.0000,0.0000,0.0000,0.0000,0.0000,
470,1,398,318,455,404,0.0000,0.0000,0.0000,0.0000,0.0000,0.0000,
471,1,398,318,455,404,0.0000,0.0000,0.0000,0.0000,0.0000,0.0000,
472,1,398,318,455,404,0.0000,0.0000,0.0000,0.0000,0.0000,0.0000,
473,1,398,318,455,404,0.0000,0.0000,0.0000,0.0000,0.0000,0.0000,
474,1,398,318,455,404,0.0000,0.0000,0.0000,0.0000,0.0000,0.0000,
475,1,398,318,455,404,0.0000,0.0000,0.0000,0.0000,0.0000,0.0000,
476,1,398,318,455,404,0.0000,0.0000,0.0000,0.0000,0.0000,0.0000,
477,1,398,318,455,404,0.0000,0.0000,0.0000,0.0000,0.0000,0.0000,
478,1,398,318,455,404,0.0000,0.0000,0.0000,0.0000,0.0000,0.0000,
479,1,398,318,455,404,0.0000,0.0000,0.0000,0.0000,0.0000,0.0000,
480,1,398,318,455,404,0.0000,0.0000,0.0000,0.0000,0.0000,0.0000,
481,1,398,318,455,404,0.0000,0.0000,0.0000,0.0000,0.0000,0.0000,
482,1,398,318,455,404,0.0000,0.0000,0.0000,0.0000,0.0000,0.0000,
483,1,398,318,455,404,0.0000,0.0000,0.0000,0.0000,0.0000,0.0000,
484,1,398,318,455,404,0.0000,0.0000,0.0000,0.0000,0.0000,0.0000,
485,1,398,318,455,404,0.0000,0.0000,0.0000,0.0000,0.0000,0.0000,
486,1,398,318,455,404,0.0000,0.0000,0.0000,0.0000,0.0000,0.0000,
487,1,398,318,455,404,0.0000,0.0000,0.0000,0.0000,0.0000,0.0000,
488,1,398,318,455,404,0.0000,0.0000,0.0000,0.0000,0.0000,0.0000,
489,1,398,318,455,404,0.0000,0.0000,0.0000,0.0000,0.0000,0.0000,
490,1,398,318,455,404,0.0000,0.0000,0.0000,0.0000,0.0000,0.0000,
491,1,398,318,455,404,0.0000,0.0000,0.0000,0.0000,0.0000,0.0000,
492,1,398,318,455,404,0.0000,0.0000,0.0000,0.0000,0.0000,0.0000,
493,1,398,318,455,404,0.0000,0.0000,0.0000,0.0000,0.0000,0.0000,
494,1,398,318,455,404,0.0000,0.0000,0.0000,0.0000,0.0000,0.0000,
495,1,398,318,455,404,0.0000,0.0000,0.0000,0.0000,0.0000,0.0000,
496,1,398,318,455,404,0.0000,0.0000,0.0000,0.0000,0.0000,0.0000,
497,1,398,318,455,404,0.0000,0.0000,0.0000,0.0000,0.0000,0.0000,
498,1,398,318,455,404,0.0000,0.0000,0.0000,0.0000,0.0000,0.0000,
499,1,398,318,455,404,0.0000,0.0000,0.0000,0.0000,0.0000,0.0000,
500,1,398,318,455,404,0.0000,0.0000,0.0000,0.0000,0.0000,0.0000,
501,1,398,318,455,404,0.0000,0.0000,0.0000,0.0000,0.0000,0.0000,
502,1,398,318,455,404,0.0000,0.0000,0.0000,0.0000,0.0000,0.0000,
503,1,398,318,455,404,0.0000,0.0000,0.0000,0.0000,0.0000,0.0000,
504,1,398,318,455,404,0.0000,0.0000,0.0000,0.0000,0.0000,0.0000,
505,1,398,318,455,404,0.0000,0.0000,0.0000,0.0000,0.0000,0.0000,
506,1,398,318,455,404,0.0000,0.0000,0.0000,0.0000,0.0000,0.0000,
507,1,398,318,455,404,0.0000,0.0000,0.0000,0.0000,0.0000,0.0000,
508,1,398,318,455,404,0.0000,0.0000,0.0000,0.0000,0.0000,0.0000,
509,1,398,318,455,404,0.0000,0.0000,0.0000,0.0000,0.0000,0.0000,
510,1,398,318,455,404,0.0000,0.0000,0.0000,0.0000,0.0000,0.0000,
511,1,398,318,455,404,0.0000,0.0000,0.0000,0.0000,0.0000,0.0000,
512,1,398,318,455,404,0.0000,0.0000,0.0000,0.0000,0.0000,0.0000,
513,1,398,318,455,404,0.0000,0.0000,0.0000,0.0000,0.0000,0.0000,
514,1,398,318,455,404,0.0000,0.0000,0.0000,0.0000,0.0000,0.0000,
515,1,398,318,455,404,0.0000,0.0000,0.0000,0.0000,0.0000,0.0000,
516,1,398,318,455,404,0.0000,0.0000,0.0000,0.0000,0.0000,0.0000,
517,1,398,318,455,404,0.0000,0.0000,0.0000,0.0000,0.0000,0.0000,
518,1,398,318,455,404,0.0000,0.0000,0.0000,0.0000,0.0000,0.0000,
519,1,398,318,455,404,0.0000,0.0000,0.0000,0.0000,0.0000,0.0000,
520,1,398,318,455,404,0.0000,0.0000,0.0000,0.0000,0.0000,0.0000,
521,1,398,318,455,404,0.0000,0.0000,0.0000,0.0000,0.0000,0.0000,
522,1,398,318,455,404,0.0000,0.0000,0.0000,0.0000,0.0000,0.0000,
