1,4,1,362,640,478,
2,4,1,362,640,478,
3,4,1,362,640,478,
4,4,1,362,640,478,
5,4,1,362,640,478,
6,4,1,362,640,478,
7,4,1,362,640,478,
8,4,1,362,640,478,
9,4,1,362,640,478,
10,4,1,362,640,478,
11,4,1,362,640,478,
12,4,1,362,640,478,
13,4,1,362,640,478,
14,4,1,362,640,478,
15,4,1,362,640,478,
16,4,1,362,640,478,
17,4,1,362,640,478,
18,4,1,362,640,478,
19,4,1,362,640,478,
20,4,1,362,640,478,
21,4,1,362,640,478,
22,4,1,362,640,478,
23,4,1,362,640,478,
24,4,1,362,640,478,
25,4,1,362,640,478,
26,4,1,362,640,478,
27,4,1,362,640,478,
28,4,1,362,640,478,
29,4,1,362,640,478,
30,4,1,362,640,478,
31,4,1,362,640,478,
32,4,1,362,640,478,
33,4,1,362,640,478,
34,4,1,362,640,478,
35,4,1,362,640,478,
36,4,1,362,640,478,
37,4,1,362,640,478,
38,4,1,362,640,478,
39,4,1,362,640,478,
40,4,1,362,640,478,
41,4,1,362,640,478,
42,4,1,362,640,478,
43,4,1,362,640,478,
44,4,1,362,640,478,
45,4,1,362,640,478,
46,4,1,362,640,478,
47,4,1,362,640,478,
48,4,1,362,640,478,
49,4,1,362,640,478,
50,4,1,362,640,478,
51,4,1,362,640,478,
52,4,1,362,640,478,
53,4,1,362,640,478,
54,4,1,362,640,478,
55,4,1,362,640,478,
56,4,1,362,640,478,
57,4,1,362,640,478,
58,4,1,362,640,478,
59,4,1,362,640,478,
60,4,1,362,640,478,
61,4,1,362,640,478,
62,4,1,362,640,478,
63,4,1,362,640,478,
64,4,1,362,640,478,
65,4,1,362,640,478,
66,4,1,362,640,478,
67,4,1,362,640,478,
68,4,1,362,640,478,
69,4,1,362,640,478,
70,4,1,362,640,478,
71,4,1,362,640,478,
72,4,1,362,640,478,
73,4,1,362,640,478,
74,4,1,362,640,478,
75,4,1,362,640,478,
76,4,1,362,640,478,
77,4,1,362,640,478,
78,4,1,362,640,478,
79,4,1,362,640,478,
80,4,1,362,640,478,
81,4,1,362,640,478,
82,4,1,362,640,478,
83,4,1,362,640,478,
84,4,1,362,640,478,
85,4,1,362,640,478,
86,4,1,362,640,478,
87,4,1,362,640,478,
88,4,1,362,640,478,
89,4,1,362,640,478,
90,4,1,362,640,478,
91,4,1,362,640,478,
92,4,1,362,640,478,
93,4,1,362,640,478,
94,4,1,362,640,478,
95,4,1,362,640,478,
96,4,1,362,640,478,
97,4,1,362,640,478,
98,4,1,362,640,478,
99,4,1,362,640,478,
100,4,1,362,640,478,
101,4,1,362,640,478,
102,4,1,362,640,478,
103,4,1,362,640,478,
104,4,1,362,640,478,
105,4,1,362,640,478,
106,4,1,362,640,478,
107,4,1,362,640,478,
108,4,1,362,640,478,
109,4,1,362,640,478,
110,4,1,362,640,478,
111,4,1,362,640,478,
112,4,1,362,640,478,
113,4,1,362,640,478,
114,4,1,362,640,478,
115,4,1,362,640,478,
116,4,1,362,640,478,
117,4,1,362,640,478,
118,4,1,362,640,478,
119,4,1,362,640,478,
120,4,1,362,640,478,
121,4,1,362,640,478,
122,4,1,362,640,478,
123,4,1,362,640,478,
124,4,1,362,640,478,
125,4,1,362,640,478,
126,4,1,362,640,478,
127,4,1,362,640,478,
128,4,1,362,640,478,
129,4,1,362,640,478,
130,4,1,362,640,478,
131,4,1,362,640,478,
132,4,1,362,640,478,
133,4,1,362,640,478,
134,4,1,362,640,478,
135,4,1,362,640,478,
136,4,1,362,640,478,
137,4,1,362,640,478,
138,4,1,362,640,478,
139,4,1,362,640,478,
140,4,1,362,640,478,
141,4,1,362,640,478,
142,4,1,362,640,478,
143,4,1,362,640,478,
144,4,1,362,640,478,
145,4,1,362,640,478,
146,4,1,362,640,478,
147,4,1,362,640,478,
148,4,1,362,640,478,
149,4,1,362,640,478,
150,4,1,362,640,478,
151,4,1,362,640,478,
152,4,1,362,640,478,
153,4,1,362,640,478,
154,4,1,362,640,478,
155,4,1,362,640,478,
156,4,1,362,640,478,
157,4,1,362,640,478,
158,4,1,362,640,478,
159,4,1,362,640,478,
160,4,1,362,640,478,
161,4,1,362,640,478,
162,4,1,362,640,478,
163,4,1,362,640,478,
164,4,1,362,640,478,
165,4,1,362,640,478,
166,4,1,362,640,478,
167,4,1,362,640,478,
168,4,1,362,640,478,
169,4,1,362,640,478,
170,4,1,362,640,478,
171,4,1,362,640,478,
172,4,1,362,640,478,
173,4,1,362,640,478,
174,4,1,362,640,478,
175,4,1,362,640,478,
176,4,1,362,640,478,
177,4,1,362,640,478,
178,4,1,362,640,478,
179,4,1,362,640,478,
180,4,1,362,640,478,
181,4,1,362,640,478,
182,4,1,362,640,478,
183,4,1,362,640,478,
184,4,1,362,640,478,
185,4,1,362,640,478,
186,4,1,362,640,478,
187,4,1,362,640,478,
188,4,1,362,640,478,
189,4,1,362,640,478,
190,4,1,362,640,478,
191,4,1,362,640,478,
192,4,1,362,640,478,
193,4,1,362,640,478,
194,4,1,362,640,478,
195,4,1,362,640,478,
196,4,1,362,640,478,
197,4,1,362,640,478,
198,4,1,362,640,478,
199,4,1,362,640,478,
200,4,1,362,640,478,
201,4,1,362,640,478,
202,4,1,362,640,478,
203,4,1,362,640,478,
204,4,1,362,640,478,
205,4,1,362,640,478,
206,4,1,362,640,478,
207,4,1,362,640,478,
208,4,1,362,640,478,
209,4,1,362,640,478,
210,4,1,362,640,478,
211,4,1,362,640,478,
212,4,1,362,640,478,
213,4,1,362,640,478,
214,4,1,362,640,478,
215,4,1,362,640,478,
216,4,1,362,640,478,
217,4,1,362,640,478,
218,4,1,362,640,478,
219,4,1,362,640,478,
220,4,1,362,640,478,
221,4,1,362,640,478,
222,4,1,362,640,478,
223,4,1,362,640,478,
224,4,1,362,640,478,
225,4,1,362,640,478,
226,4,1,362,640,478,
227,4,1,362,640,478,
228,4,1,362,640,478,
229,4,1,362,640,478,
230,4,1,362,640,478,
231,4,1,362,640,478,
232,4,1,362,640,478,
233,4,1,362,640,478,
234,4,1,362,640,478,
235,4,1,362,640,478,
236,4,1,362,640,478,
237,4,1,362,640,478,
238,4,1,362,640,478,
239,4,1,362,640,478,
240,4,1,362,640,478,
241,4,1,362,640,478,
242,4,1,362,640,478,
243,4,1,362,640,478,
244,4,1,362,640,478,
245,4,1,362,640,478,
246,4,1,362,640,478,
247,4,1,362,640,478,
248,4,1,362,640,478,
249,4,1,362,640,478,
250,4,1,362,640,478,
251,4,1,362,640,478,
252,4,1,362,640,478,
253,4,1,362,640,478,
254,4,1,362,640,478,
255,4,1,362,640,478,
256,4,1,362,640,478,
257,4,1,362,640,478,
258,4,1,362,640,478,
259,4,1,362,640,478,
260,4,1,362,640,478,
261,4,1,362,640,478,
262,4,1,362,640,478,
263,4,1,362,640,478,
264,4,1,362,640,478,
265,4,1,362,640,478,
266,4,1,362,640,478,
267,4,1,362,640,478,
268,4,1,362,640,478,
269,4,1,362,640,478,
270,4,1,362,640,478,
271,4,1,362,640,478,
272,4,1,362,640,478,
273,4,1,362,640,478,
274,4,1,362,640,478,
275,4,1,362,640,478,
276,4,1,362,640,478,
277,4,1,362,640,478,
278,4,1,362,640,478,
279,4,1,362,640,478,
280,4,1,362,640,478,
281,4,1,362,640,478,
282,4,1,362,640,478,
283,4,1,362,640,478,
284,4,1,362,640,478,
285,4,1,362,640,478,
286,4,1,362,640,478,
287,4,1,362,640,478,
288,4,1,362,640,478,
289,4,1,362,640,478,
290,4,1,362,640,478,
291,4,1,362,640,478,
292,4,1,362,640,478,
