1,2,196,376,302,451,0.0000,0.0000,0.0000,0.0000,0.0000,0.0000,
2,2,196,376,302,451,0.0000,0.0000,0.0000,0.0000,0.0000,0.0000,
3,2,196,376,302,451,0.0000,0.0000,0.0000,0.0000,0.0000,0.0000,
4,2,196,376,302,451,0.0000,0.0000,0.0000,0.0000,0.0000,0.0000,
5,2,196,376,302,451,0.0000,0.0000,0.0000,0.0000,0.0000,0.0000,
6,2,196,376,302,451,0.0000,0.0000,0.0000,0.0000,0.0000,0.0000,
7,2,196,376,302,451,0.0000,0.0000,0.0000,0.0000,0.0000,0.0000,
8,2,196,376,302,451,0.0000,0.0000,0.0000,0.0000,0.0000,0.0000,
9,2,196,376,302,451,0.0000,0.0000,0.0000,0.0000,0.0000,0.0000,
10,2,196,376,302,451,0.0000,0.0000,0.0000,0.0000,0.0000,0.0000,
11,2,196,376,302,451,0.0000,0.0000,0.0000,0.0000,0.0000,0.0000,
12,2,196,376,302,451,0.0000,0.0000,0.0000,0.0000,0.0000,0.0000,
13,2,196,376,302,451,0.0000,0.0000,0.0000,0.0000,0.0000,0.0000,
14,2,196,376,302,451,0.0000,0.0000,0.0000,0.0000,0.0000,0.0000,
15,2,196,376,302,451,0.0000,0.0000,0.0000,0.0000,0.0000,0.0000,
16,2,196,376,302,451,0.0000,0.0000,0.0000,0.0000,0.0000,0.0000,
17,2,196,376,302,451,0.0000,0.0000,0.0000,0.0000,0.0000,0.0000,
18,2,196,376,302,451,0.0000,0.0000,0.0000,0.0000,0.0000,0.0000,
19,2,196,376,302,451,0.0000,0.0000,0.0000,0.0000,0.0000,0.0000,
20,2,196,376,302,451,0.0000,0.0000,0.0000,0.0000,0.0000,0.0000,
21,2,196,376,302,451,0.0000,0.0000,0.0000,0.0000,0.0000,0.0000,
22,2,196,376,302,451,0.0000,0.0000,0.0000,0.0000,0.0000,0.0000,
23,2,196,376,302,451,0.0000,0.0000,0.0000,0.0000,0.0000,0.0000,
24,2,196,376,302,451,0.0000,0.0000,0.0000,0.0000,0.0000,0.0000,
25,2,196,376,302,451,0.0000,0.0000,0.0000,0.0000,0.0000,0.0000,
26,2,196,376,302,451,0.0000,0.0000,0.0000,0.0000,0.0000,0.0000,
27,2,196,376,302,451,0.0000,0.0000,0.0000,0.0000,0.0000,0.0000,
28,2,196,376,302,451,0.0000,0.0000,0.0000,0.0000,0.0000,0.0000,
29,2,196,376,302,451,0.0000,0.0000,0.0000,0.0000,0.0000,0.0000,
30,2,196,376,302,451,0.0000,0.0000,0.0000,0.0000,0.0000,0.0000,
31,2,196,376,302,451,0.0000,0.0000,0.0000,0.0000,0.0000,0.0000,
32,2,196,376,302,451,0.0000,0.0000,0.0000,0.0000,0.0000,0.0000,
33,2,196,376,302,451,0.0000,0.0000,0.0000,0.0000,0.0000,0.0000,
34,2,196,376,302,451,0.0000,0.0000,0.0000,0.0000,0.0000,0.0000,
35,2,196,376,302,451,0.0000,0.0000,0.0000,0.0000,0.0000,0.0000,
36,2,196,376,302,451,0.0000,0.0000,0.0000,0.0000,0.0000,0.0000,
37,2,196,376,302,451,0.0000,0.0000,0.0000,0.0000,0.0000,0.0000,
38,2,196,376,302,451,0.0000,0.0000,0.0000,0.0000,0.0000,0.0000,
39,2,196,376,302,451,0.0000,0.0000,0.0000,0.0000,0.0000,0.0000,
40,2,196,376,302,451,0.0000,0.0000,0.0000,0.0000,0.0000,0.0000,
41,2,196,376,302,451,0.0000,0.0000,0.0000,0.0000,0.0000,0.0000,
42,2,196,376,302,451,0.0000,0.0000,0.0000,0.0000,0.0000,0.0000,
43,2,196,376,302,451,0.0000,0.0000,0.0000,0.0000,0.0000,0.0000,
44,2,196,376,302,451,0.0000,0.0000,0.0000,0.0000,0.0000,0.0000,
45,2,196,376,302,451,0.0000,0.0000,0.0000,0.0000,0.0000,0.0000,
46,2,196,376,302,451,0.0000,0.0000,0.0000,0.0000,0.0000,0.0000,
47,2,196,376,302,451,0.0000,0.0000,0.0000,0.0000,0.0000,0.0000,
48,2,196,376,302,451,0.0000,0.0000,0.0000,0.0000,0.0000,0.0000,
49,2,196,376,302,451,0.0000,0.0000,0.0000,0.0000,0.0000,0.0000,
50,2,196,376,302,451,0.0000,0.0000,0.0000,0.0000,0.0000,0.0000,
51,2,196,376,302,451,0.0000,0.0000,0.0000,0.0000,0.0000,0.0000,
52,2,196,376,302,451,0.0000,0.0000,0.0000,0.0000,0.0000,0.0000,
53,2,196,376,302,451,0.0000,0.0000,0.0000,0.0000,0.0000,0.0000,
54,2,196,376,302,451,0.0000,0.0000,0.0000,0.0000,0.0000,0.0000,
55,2,196,376,302,451,0.0000,0.0000,0.0000,0.0000,0.0000,0.0000,
56,2,196,376,302,451,0.0000,0.0000,0.0000,0.0000,0.0000,0.0000,
57,2,196,376,302,451,0.0000,0.0000,0.0000,0.0000,0.0000,0.0000,
58,2,196,376,302,451,0.0000,0.0000,0.0000,0.0000,0.0000,0.0000,
59,2,196,376,302,451,0.0000,0.0000,0.0000,0.0000,0.0000,0.0000,
60,2,196,376,302,451,0.0000,0.0000,0.0000,0.0000,0.0000,0.0000,
61,2,196,376,302,451,0.0000,0.0000,0.0000,0.0000,0.0000,0.0000,
62,2,196,376,302,451,0.0000,0.0000,0.0000,0.0000,0.0000,0.0000,
63,2,196,376,302,451,0.0000,0.0000,0.0000,0.0000,0.0000,0.0000,
64,2,196,376,302,451,0.0000,0.0000,0.0000,0.0000,0.0000,0.0000,
65,2,196,376,302,451,0.0000,0.0000,0.0000,0.0000,0.0000,0.0000,
66,2,196,376,302,451,0.0000,0.0000,0.0000,0.0000,0.0000,0.0000,
67,2,196,376,302,451,0.0000,0.0000,0.0000,0.0000,0.0000,0.0000,
68,2,196,376,302,451,0.0000,0.0000,0.0000,0.0000,0.0000,0.0000,
69,2,196,376,302,451,0.0000,0.0000,0.0000,0.0000,0.0000,0.0000,
70,2,196,376,302,451,0.0000,0.0000,0.0000,0.0000,0.0000,0.0000,
71,2,196,376,302,451,0.0000,0.0000,0.0000,0.0000,0.0000,0.0000,
72,2,196,376,302,451,0.0000,0.0000,0.0000,0.0000,0.0000,0.0000,
73,2,196,376,302,451,0.0000,0.0000,0.0000,0.0000,0.0000,0.0000,
74,2,196,376,302,451,0.0000,0.0000,0.0000,0.0000,0.0000,0.0000,
75,2,196,376,302,451,0.0000,0.0000,0.0000,0.0000,0.0000,0.0000,
76,2,196,376,302,451,0.0000,0.0000,0.0000,0.0000,0.0000,0.0000,
77,2,196,376,302,451,0.0000,0.0000,0.0000,0.0000,0.0000,0.0000,
78,2,196,376,302,451,0.0000,0.0000,0.0000,0.0000,0.0000,0.0000,
79,2,196,376,302,451,0.0000,0.0000,0.0000,0.0000,0.0000,0.0000,
80,2,196,376,302,451,0.0000,0.0000,0.0000,0.0000,0.0000,0.0000,
81,2,196,376,302,451,0.0000,0.0000,0.0000,0.0000,0.0000,0.0000,
82,2,196,376,302,451,0.0000,0.0000,0.0000,0.0000,0.0000,0.0000,
83,2,196,376,302,451,0.0000,0.0000,0.0000,0.0000,0.0000,0.0000,
84,2,196,376,302,451,0.0000,0.0000,0.0000,0.0000,0.0000,0.0000,
85,2,196,376,302,451,0.0000,0.0000,0.0000,0.0000,0.0000,0.0000,
86,2,196,376,302,451,0.0000,0.0000,0.0000,0.0000,0.0000,0.0000,
87,2,196,376,302,451,0.0000,0.0000,0.0000,0.0000,0.0000,0.0000,
88,2,196,376,302,451,0.0000,0.0000,0.0000,0.0000,0.0000,0.0000,
89,2,196,376,302,451,0.0000,0.0000,0.0000,0.0000,0.0000,0.0000,
90,2,196,376,302,451,0.0000,0.0000,0.0000,0.0000,0.0000,0.0000,
91,2,196,376,302,451,0.0000,0.0000,0.0000,0.0000,0.0000,0.0000,
92,2,196,376,302,451,0.0000,0.0000,0.0000,0.0000,0.0000,0.0000,
93,2,196,376,302,451,0.0000,0.0000,0.0000,0.0000,0.0000,0.0000,
94,2,196,376,302,451,0.0000,0.0000,0.0000,0.0000,0.0000,0.0000,
95,2,196,376,302,451,0.0000,0.0000,0.0000,0.0000,0.0000,0.0000,
96,2,196,376,302,451,0.0000,0.0000,0.0000,0.0000,0.0000,0.0000,
97,2,196,376,302,451,0.0000,0.0000,0.0000,0.0000,0.0000,0.0000,
98,2,196,376,302,451,0.0000,0.0000,0.0000,0.0000,0.0000,0.0000,
99,2,196,376,302,451,0.0000,0.0000,0.0000,0.0000,0.0000,0.0000,
100,2,196,376,302,451,0.0000,0.0000,0.0000,0.0000,0.0000,0.0000,
101,2,196,376,302,451,0.0000,0.0000,0.0000,0.0000,0.0000,0.0000,
102,2,196,376,302,451,0.0000,0.0000,0.0000,0.0000,0.0000,0.0000,
103,2,196,376,302,451,0.0000,0.0000,0.0000,0.0000,0.0000,0.0000,
104,2,196,376,302,451,0.0000,0.0000,0.0000,0.0000,0.0000,0.0000,
105,2,196,376,302,451,0.0000,0.0000,0.0000,0.0000,0.0000,0.0000,
106,2,196,376,302,451,0.0000,0.0000,0.0000,0.0000,0.0000,0.0000,
107,2,196,376,302,451,0.0000,0.0000,0.0000,0.0000,0.0000,0.0000,
108,2,196,376,302,451,0.0000,0.0000,0.0000,0.0000,0.0000,0.0000,
109,2,196,376,302,451,0.0000,0.0000,0.0000,0.0000,0.0000,0.0000,
110,2,196,376,302,451,0.0000,0.0000,0.0000,0.0000,0.0000,0.0000,
111,2,191,375,300,448,1.0000,-0.0014,0.0012,1.0000,10.0403,9.9316,
112,2,191,375,300,448,1.0002,0.0022,-0.0009,0.9990,9.8977,10.1086,
113,2,191,375,300,448,1.0000,-0.0004,-0.0005,1.0005,10.0247,9.9984,
114,2,191,375,300,448,1.0005,-0.0005,0.0001,1.0002,9.9691,9.9814,
115,2,191,375,300,448,0.9976,-0.0069,-0.0016,0.9972,10.3167,10.1582,
116,2,191,375,300,448,1.0022,-0.0002,-0.0054,0.9980,9.8414,10.4556,
117,2,191,375,300,448,1.0001,0.0002,0.0001,0.9999,9.9854,9.9949,
118,2,191,375,300,448,1.0002,0.0006,-0.0002,0.9992,9.9824,10.0471,
119,2,191,375,300,448,0.9989,-0.0001,-0.0002,1.0002,10.0601,10.0191,
120,2,191,375,300,448,1.0048,0.0048,-0.0067,0.9894,9.4934,10.8775,
121,2,191,375,300,448,1.0079,0.0074,-0.0143,0.9869,9.1330,11.5333,
122,2,191,377,301,448,1.0075,0.0085,-0.0137,0.9782,9.1304,11.8662,
123,2,191,377,301,448,0.9986,-0.0134,-0.0099,0.9810,10.6157,11.4461,
124,2,191,377,301,448,0.9985,-0.0094,-0.0008,0.9982,10.4918,10.1235,
125,2,191,377,301,448,1.0032,-0.0052,-0.0088,0.9909,10.0395,11.0271,
126,2,186,400,297,445,1.0034,-0.0052,-0.0005,1.0052,10.0046,9.8888,
127,2,186,400,297,445,0.9995,-0.0042,-0.0036,0.9979,10.2245,10.3394,
128,2,186,400,297,445,0.9997,0.0055,-0.0003,0.9920,9.8234,10.2683,
129,2,186,400,297,445,1.0000,-0.0061,-0.0001,1.0073,10.2169,9.7965,
130,2,186,403,296,445,0.9860,0.0591,0.0030,0.9392,8.3492,11.9502,
131,2,179,422,300,450,0.0000,0.0000,0.0000,0.0000,0.0000,0.0000,
132,2,179,422,300,450,0.0000,0.0000,0.0000,0.0000,0.0000,0.0000,
133,2,179,422,300,450,0.0000,0.0000,0.0000,0.0000,0.0000,0.0000,
134,2,179,422,300,450,0.0000,0.0000,0.0000,0.0000,0.0000,0.0000,
135,2,179,422,300,450,0.0000,0.0000,0.0000,0.0000,0.0000,0.0000,
136,2,179,422,300,450,0.0000,0.0000,0.0000,0.0000,0.0000,0.0000,
137,2,179,422,300,450,0.0000,0.0000,0.0000,0.0000,0.0000,0.0000,
138,2,179,422,300,450,0.0000,0.0000,0.0000,0.0000,0.0000,0.0000,
139,2,179,422,300,450,0.0000,0.0000,0.0000,0.0000,0.0000,0.0000,
140,2,179,422,300,450,0.0000,0.0000,0.0000,0.0000,0.0000,0.0000,
141,2,179,422,300,450,0.0000,0.0000,0.0000,0.0000,0.0000,0.0000,
142,2,179,422,300,450,0.0000,0.0000,0.0000,0.0000,0.0000,0.0000,
143,2,179,422,300,450,0.0000,0.0000,0.0000,0.0000,0.0000,0.0000,
144,2,179,422,300,450,0.0000,0.0000,0.0000,0.0000,0.0000,0.0000,
145,2,179,422,300,450,0.0000,0.0000,0.0000,0.0000,0.0000,0.0000,
146,2,179,422,300,450,0.0000,0.0000,0.0000,0.0000,0.0000,0.0000,
147,2,179,422,300,450,0.0000,0.0000,0.0000,0.0000,0.0000,0.0000,
148,2,179,422,300,450,0.0000,0.0000,0.0000,0.0000,0.0000,0.0000,
149,2,179,422,300,450,0.0000,0.0000,0.0000,0.0000,0.0000,0.0000,
150,2,179,422,300,450,0.0000,0.0000,0.0000,0.0000,0.0000,0.0000,
151,2,179,422,300,450,0.0000,0.0000,0.0000,0.0000,0.0000,0.0000,
152,2,179,422,300,450,0.0000,0.0000,0.0000,0.0000,0.0000,0.0000,
153,2,179,422,300,450,0.0000,0.0000,0.0000,0.0000,0.0000,0.0000,
154,2,179,422,300,450,0.0000,0.0000,0.0000,0.0000,0.0000,0.0000,
155,2,179,422,300,450,0.0000,0.0000,0.0000,0.0000,0.0000,0.0000,
156,2,179,422,300,450,0.0000,0.0000,0.0000,0.0000,0.0000,0.0000,
157,2,179,422,300,450,0.0000,0.0000,0.0000,0.0000,0.0000,0.0000,
158,2,179,422,300,450,0.0000,0.0000,0.0000,0.0000,0.0000,0.0000,
159,2,179,422,300,450,0.0000,0.0000,0.0000,0.0000,0.0000,0.0000,
160,2,179,422,300,450,0.0000,0.0000,0.0000,0.0000,0.0000,0.0000,
161,2,179,422,300,450,0.0000,0.0000,0.0000,0.0000,0.0000,0.0000,
162,2,179,422,300,450,0.0000,0.0000,0.0000,0.0000,0.0000,0.0000,
163,2,179,422,300,450,0.0000,0.0000,0.0000,0.0000,0.0000,0.0000,
164,2,179,422,300,450,0.0000,0.0000,0.0000,0.0000,0.0000,0.0000,
165,2,179,422,300,450,0.0000,0.0000,0.0000,0.0000,0.0000,0.0000,
166,2,179,422,300,450,0.0000,0.0000,0.0000,0.0000,0.0000,0.0000,
167,2,179,422,300,450,0.0000,0.0000,0.0000,0.0000,0.0000,0.0000,
168,2,179,422,300,450,0.0000,0.0000,0.0000,0.0000,0.0000,0.0000,
169,2,179,422,300,450,0.0000,0.0000,0.0000,0.0000,0.0000,0.0000,
170,2,179,422,300,450,0.0000,0.0000,0.0000,0.0000,0.0000,0.0000,
171,2,179,422,300,450,0.0000,0.0000,0.0000,0.0000,0.0000,0.0000,
172,2,179,422,300,450,0.0000,0.0000,0.0000,0.0000,0.0000,0.0000,
173,2,179,422,300,450,0.0000,0.0000,0.0000,0.0000,0.0000,0.0000,
174,2,179,422,300,450,0.0000,0.0000,0.0000,0.0000,0.0000,0.0000,
175,2,179,422,300,450,0.0000,0.0000,0.0000,0.0000,0.0000,0.0000,
176,2,179,422,300,450,0.0000,0.0000,0.0000,0.0000,0.0000,0.0000,
177,2,179,422,300,450,0.0000,0.0000,0.0000,0.0000,0.0000,0.0000,
178,2,179,422,300,450,0.0000,0.0000,0.0000,0.0000,0.0000,0.0000,
179,2,179,422,300,450,0.0000,0.0000,0.0000,0.0000,0.0000,0.0000,
180,2,179,422,300,450,0.0000,0.0000,0.0000,0.0000,0.0000,0.0000,
181,2,179,422,300,450,0.0000,0.0000,0.0000,0.0000,0.0000,0.0000,
182,2,179,422,300,450,0.0000,0.0000,0.0000,0.0000,0.0000,0.0000,
183,2,179,422,300,450,0.0000,0.0000,0.0000,0.0000,0.0000,0.0000,
184,2,179,422,300,450,0.0000,0.0000,0.0000,0.0000,0.0000,0.0000,
185,2,179,422,300,450,0.0000,0.0000,0.0000,0.0000,0.0000,0.0000,
186,2,179,422,300,450,0.0000,0.0000,0.0000,0.0000,0.0000,0.0000,
187,2,179,422,300,450,0.0000,0.0000,0.0000,0.0000,0.0000,0.0000,
188,2,179,422,300,450,0.0000,0.0000,0.0000,0.0000,0.0000,0.0000,
189,2,179,422,300,450,0.0000,0.0000,0.0000,0.0000,0.0000,0.0000,
190,2,179,422,300,450,0.0000,0.0000,0.0000,0.0000,0.0000,0.0000,
191,2,179,422,300,450,0.0000,0.0000,0.0000,0.0000,0.0000,0.0000,
192,2,179,422,300,450,0.0000,0.0000,0.0000,0.0000,0.0000,0.0000,
193,2,179,422,300,450,0.0000,0.0000,0.0000,0.0000,0.0000,0.0000,
194,2,179,422,300,450,0.0000,0.0000,0.0000,0.0000,0.0000,0.0000,
195,2,179,422,300,450,0.0000,0.0000,0.0000,0.0000,0.0000,0.0000,
196,2,179,422,300,450,0.0000,0.0000,0.0000,0.0000,0.0000,0.0000,
197,2,179,422,300,450,0.0000,0.0000,0.0000,0.0000,0.0000,0.0000,
198,2,179,422,300,450,0.0000,0.0000,0.0000,0.0000,0.0000,0.0000,
199,2,179,422,300,450,0.0000,0.0000,0.0000,0.0000,0.0000,0.0000,
200,2,179,422,300,450,0.0000,0.0000,0.0000,0.0000,0.0000,0.0000,
201,2,179,422,300,450,0.0000,0.0000,0.0000,0.0000,0.0000,0.0000,
202,2,179,422,300,450,0.0000,0.0000,0.0000,0.0000,0.0000,0.0000,
203,2,179,422,300,450,0.0000,0.0000,0.0000,0.0000,0.0000,0.0000,
204,2,179,422,300,450,0.0000,0.0000,0.0000,0.0000,0.0000,0.0000,
205,2,179,422,300,450,0.0000,0.0000,0.0000,0.0000,0.0000,0.0000,
206,2,179,422,300,450,0.0000,0.0000,0.0000,0.0000,0.0000,0.0000,
207,2,179,422,300,450,0.0000,0.0000,0.0000,0.0000,0.0000,0.0000,
208,2,179,422,300,450,0.0000,0.0000,0.0000,0.0000,0.0000,0.0000,
209,2,179,422,300,450,0.0000,0.0000,0.0000,0.0000,0.0000,0.0000,
210,2,179,422,300,450,0.0000,0.0000,0.0000,0.0000,0.0000,0.0000,
211,2,179,422,300,450,0.0000,0.0000,0.0000,0.0000,0.0000,0.0000,
212,2,179,422,300,450,0.0000,0.0000,0.0000,0.0000,0.0000,0.0000,
213,2,179,422,300,450,0.0000,0.0000,0.0000,0.0000,0.0000,0.0000,
214,2,179,422,300,450,0.0000,0.0000,0.0000,0.0000,0.0000,0.0000,
215,2,179,422,300,450,0.0000,0.0000,0.0000,0.0000,0.0000,0.0000,
216,2,179,422,300,450,0.0000,0.0000,0.0000,0.0000,0.0000,0.0000,
217,2,179,422,300,450,0.0000,0.0000,0.0000,0.0000,0.0000,0.0000,
218,2,179,422,300,450,0.0000,0.0000,0.0000,0.0000,0.0000,0.0000,
219,2,179,422,300,450,0.0000,0.0000,0.0000,0.0000,0.0000,0.0000,
220,2,179,422,300,450,0.0000,0.0000,0.0000,0.0000,0.0000,0.0000,
221,2,179,422,300,450,0.0000,0.0000,0.0000,0.0000,0.0000,0.0000,
222,2,179,422,300,450,0.0000,0.0000,0.0000,0.0000,0.0000,0.0000,
223,2,179,422,300,450,0.0000,0.0000,0.0000,0.0000,0.0000,0.0000,
224,2,179,422,300,450,0.0000,0.0000,0.0000,0.0000,0.0000,0.0000,
225,2,179,422,300,450,0.0000,0.0000,0.0000,0.0000,0.0000,0.0000,
226,2,179,422,300,450,0.0000,0.0000,0.0000,0.0000,0.0000,0.0000,
227,2,179,422,300,450,0.0000,0.0000,0.0000,0.0000,0.0000,0.0000,
228,2,179,422,300,450,0.0000,0.0000,0.0000,0.0000,0.0000,0.0000,
229,2,179,422,300,450,0.0000,0.0000,0.0000,0.0000,0.0000,0.0000,
230,2,179,422,300,450,0.0000,0.0000,0.0000,0.0000,0.0000,0.0000,
231,2,179,422,300,450,0.0000,0.0000,0.0000,0.0000,0.0000,0.0000,
232,2,179,422,300,450,0.0000,0.0000,0.0000,0.0000,0.0000,0.0000,
233,2,179,422,300,450,0.0000,0.0000,0.0000,0.0000,0.0000,0.0000,
234,2,179,422,300,450,0.0000,0.0000,0.0000,0.0000,0.0000,0.0000,
235,2,179,422,300,450,0.0000,0.0000,0.0000,0.0000,0.0000,0.0000,
236,2,179,422,300,450,0.0000,0.0000,0.0000,0.0000,0.0000,0.0000,
237,2,179,422,300,450,0.0000,0.0000,0.0000,0.0000,0.0000,0.0000,
238,2,179,422,300,450,0.0000,0.0000,0.0000,0.0000,0.0000,0.0000,
239,2,179,422,300,450,0.0000,0.0000,0.0000,0.0000,0.0000,0.0000,
240,2,179,422,300,450,0.0000,0.0000,0.0000,0.0000,0.0000,0.0000,
241,2,179,422,300,450,0.0000,0.0000,0.0000,0.0000,0.0000,0.0000,
242,2,179,422,300,450,0.0000,0.0000,0.0000,0.0000,0.0000,0.0000,
243,2,179,422,300,450,0.0000,0.0000,0.0000,0.0000,0.0000,0.0000,
244,2,179,422,300,450,0.0000,0.0000,0.0000,0.0000,0.0000,0.0000,
245,2,179,422,300,450,0.0000,0.0000,0.0000,0.0000,0.0000,0.0000,
246,2,179,422,300,450,0.0000,0.0000,0.0000,0.0000,0.0000,0.0000,
247,2,179,422,300,450,0.0000,0.0000,0.0000,0.0000,0.0000,0.0000,
248,2,179,422,300,450,0.0000,0.0000,0.0000,0.0000,0.0000,0.0000,
249,2,179,422,300,450,0.0000,0.0000,0.0000,0.0000,0.0000,0.0000,
250,2,179,422,300,450,0.0000,0.0000,0.0000,0.0000,0.0000,0.0000,
251,2,179,422,300,450,0.0000,0.0000,0.0000,0.0000,0.0000,0.0000,
252,2,179,422,300,450,0.0000,0.0000,0.0000,0.0000,0.0000,0.0000,
253,2,179,422,300,450,0.0000,0.0000,0.0000,0.0000,0.0000,0.0000,
254,2,179,422,300,450,0.0000,0.0000,0.0000,0.0000,0.0000,0.0000,
255,2,179,422,300,450,0.0000,0.0000,0.0000,0.0000,0.0000,0.0000,
256,2,179,422,300,450,0.0000,0.0000,0.0000,0.0000,0.0000,0.0000,
257,2,179,422,300,450,0.0000,0.0000,0.0000,0.0000,0.0000,0.0000,
258,2,179,422,300,450,0.0000,0.0000,0.0000,0.0000,0.0000,0.0000,
259,2,179,422,300,450,0.0000,0.0000,0.0000,0.0000,0.0000,0.0000,
260,2,179,422,300,450,0.0000,0.0000,0.0000,0.0000,0.0000,0.0000,
261,2,179,422,300,450,0.0000,0.0000,0.0000,0.0000,0.0000,0.0000,
262,2,179,422,300,450,0.0000,0.0000,0.0000,0.0000,0.0000,0.0000,
263,2,179,422,300,450,0.0000,0.0000,0.0000,0.0000,0.0000,0.0000,
264,2,179,422,300,450,0.0000,0.0000,0.0000,0.0000,0.0000,0.0000,
265,2,179,422,300,450,0.0000,0.0000,0.0000,0.0000,0.0000,0.0000,
266,2,179,422,300,450,0.0000,0.0000,0.0000,0.0000,0.0000,0.0000,
267,2,179,422,300,450,0.0000,0.0000,0.0000,0.0000,0.0000,0.0000,
268,2,179,422,300,450,0.0000,0.0000,0.0000,0.0000,0.0000,0.0000,
269,2,179,422,300,450,0.0000,0.0000,0.0000,0.0000,0.0000,0.0000,
270,2,179,422,300,450,0.0000,0.0000,0.0000,0.0000,0.0000,0.0000,
271,2,179,422,300,450,0.0000,0.0000,0.0000,0.0000,0.0000,0.0000,
272,2,179,422,300,450,0.0000,0.0000,0.0000,0.0000,0.0000,0.0000,
273,2,179,422,300,450,0.0000,0.0000,0.0000,0.0000,0.0000,0.0000,
274,2,179,422,300,450,0.0000,0.0000,0.0000,0.0000,0.0000,0.0000,
275,2,179,422,300,450,0.0000,0.0000,0.0000,0.0000,0.0000,0.0000,
276,2,179,422,300,450,0.0000,0.0000,0.0000,0.0000,0.0000,0.0000,
277,2,179,422,300,450,0.0000,0.0000,0.0000,0.0000,0.0000,0.0000,
278,2,179,422,300,450,0.0000,0.0000,0.0000,0.0000,0.0000,0.0000,
279,2,179,422,300,450,0.0000,0.0000,0.0000,0.0000,0.0000,0.0000,
280,2,179,422,300,450,0.0000,0.0000,0.0000,0.0000,0.0000,0.0000,
281,2,179,422,300,450,0.0000,0.0000,0.0000,0.0000,0.0000,0.0000,
282,2,179,422,300,450,0.0000,0.0000,0.0000,0.0000,0.0000,0.0000,
283,2,179,422,300,450,0.0000,0.0000,0.0000,0.0000,0.0000,0.0000,
284,2,179,422,300,450,0.0000,0.0000,0.0000,0.0000,0.0000,0.0000,
285,2,179,422,300,450,0.0000,0.0000,0.0000,0.0000,0.0000,0.0000,
286,2,179,422,300,450,0.0000,0.0000,0.0000,0.0000,0.0000,0.0000,
287,2,179,422,300,450,0.0000,0.0000,0.0000,0.0000,0.0000,0.0000,
288,2,179,422,300,450,0.0000,0.0000,0.0000,0.0000,0.0000,0.0000,
289,2,179,422,300,450,0.0000,0.0000,0.0000,0.0000,0.0000,0.0000,
290,2,179,422,300,450,0.0000,0.0000,0.0000,0.0000,0.0000,0.0000,
291,2,179,422,300,450,0.0000,0.0000,0.0000,0.0000,0.0000,0.0000,
292,2,179,422,300,450,0.0000,0.0000,0.0000,0.0000,0.0000,0.0000,
293,2,179,422,300,450,0.0000,0.0000,0.0000,0.0000,0.0000,0.0000,
294,2,179,422,300,450,0.0000,0.0000,0.0000,0.0000,0.0000,0.0000,
295,2,179,422,300,450,0.0000,0.0000,0.0000,0.0000,0.0000,0.0000,
296,2,179,422,300,450,0.0000,0.0000,0.0000,0.0000,0.0000,0.0000,
297,2,179,422,300,450,0.0000,0.0000,0.0000,0.0000,0.0000,0.0000,
298,2,179,422,300,450,0.0000,0.0000,0.0000,0.0000,0.0000,0.0000,
299,2,179,422,300,450,0.0000,0.0000,0.0000,0.0000,0.0000,0.0000,
300,2,179,422,300,450,0.0000,0.0000,0.0000,0.0000,0.0000,0.0000,
301,2,179,422,300,450,0.0000,0.0000,0.0000,0.0000,0.0000,0.0000,
302,2,179,422,300,450,0.0000,0.0000,0.0000,0.0000,0.0000,0.0000,
303,2,179,422,300,450,0.0000,0.0000,0.0000,0.0000,0.0000,0.0000,
304,2,179,422,300,450,0.0000,0.0000,0.0000,0.0000,0.0000,0.0000,
305,2,179,422,300,450,0.0000,0.0000,0.0000,0.0000,0.0000,0.0000,
306,2,179,422,300,450,0.0000,0.0000,0.0000,0.0000,0.0000,0.0000,
307,2,179,422,300,450,0.0000,0.0000,0.0000,0.0000,0.0000,0.0000,
308,2,179,422,300,450,0.0000,0.0000,0.0000,0.0000,0.0000,0.0000,
309,2,179,422,300,450,0.0000,0.0000,0.0000,0.0000,0.0000,0.0000,
310,2,179,422,300,450,0.0000,0.0000,0.0000,0.0000,0.0000,0.0000,
311,2,179,422,300,450,0.0000,0.0000,0.0000,0.0000,0.0000,0.0000,
312,2,179,422,300,450,0.0000,0.0000,0.0000,0.0000,0.0000,0.0000,
313,2,179,422,300,450,0.0000,0.0000,0.0000,0.0000,0.0000,0.0000,
314,2,179,422,300,450,0.0000,0.0000,0.0000,0.0000,0.0000,0.0000,
315,2,179,422,300,450,0.0000,0.0000,0.0000,0.0000,0.0000,0.0000,
316,2,179,422,300,450,0.0000,0.0000,0.0000,0.0000,0.0000,0.0000,
317,2,179,422,300,450,0.0000,0.0000,0.0000,0.0000,0.0000,0.0000,
318,2,179,422,300,450,0.0000,0.0000,0.0000,0.0000,0.0000,0.0000,
319,2,179,422,300,450,0.0000,0.0000,0.0000,0.0000,0.0000,0.0000,
320,2,179,422,300,450,0.0000,0.0000,0.0000,0.0000,0.0000,0.0000,
321,2,179,422,300,450,0.0000,0.0000,0.0000,0.0000,0.0000,0.0000,
322,2,179,422,300,450,0.0000,0.0000,0.0000,0.0000,0.0000,0.0000,
323,2,179,422,300,450,0.0000,0.0000,0.0000,0.0000,0.0000,0.0000,
324,2,179,422,300,450,0.0000,0.0000,0.0000,0.0000,0.0000,0.0000,
325,2,179,422,300,450,0.0000,0.0000,0.0000,0.0000,0.0000,0.0000,
326,2,179,422,300,450,0.0000,0.0000,0.0000,0.0000,0.0000,0.0000,
327,2,179,422,300,450,0.0000,0.0000,0.0000,0.0000,0.0000,0.0000,
328,2,179,422,300,450,0.0000,0.0000,0.0000,0.0000,0.0000,0.0000,
329,2,179,422,300,450,0.0000,0.0000,0.0000,0.0000,0.0000,0.0000,
330,2,179,422,300,450,0.0000,0.0000,0.0000,0.0000,0.0000,0.0000,
331,2,179,422,300,450,0.0000,0.0000,0.0000,0.0000,0.0000,0.0000,
332,2,179,422,300,450,0.0000,0.0000,0.0000,0.0000,0.0000,0.0000,
333,2,179,422,300,450,0.0000,0.0000,0.0000,0.0000,0.0000,0.0000,
334,2,179,422,300,450,0.0000,0.0000,0.0000,0.0000,0.0000,0.0000,
335,2,179,422,300,450,0.0000,0.0000,0.0000,0.0000,0.0000,0.0000,
336,2,179,422,300,450,0.0000,0.0000,0.0000,0.0000,0.0000,0.0000,
337,2,179,422,300,450,0.0000,0.0000,0.0000,0.0000,0.0000,0.0000,
338,2,179,422,300,450,0.0000,0.0000,0.0000,0.0000,0.0000,0.0000,
339,2,179,422,300,450,0.0000,0.0000,0.0000,0.0000,0.0000,0.0000,
340,2,179,422,300,450,0.0000,0.0000,0.0000,0.0000,0.0000,0.0000,
341,2,179,422,300,450,0.0000,0.0000,0.0000,0.0000,0.0000,0.0000,
342,2,179,422,300,450,0.0000,0.0000,0.0000,0.0000,0.0000,0.0000,
343,2,179,422,300,450,0.0000,0.0000,0.0000,0.0000,0.0000,0.0000,
344,2,179,422,300,450,0.0000,0.0000,0.0000,0.0000,0.0000,0.0000,
345,2,179,422,300,450,0.0000,0.0000,0.0000,0.0000,0.0000,0.0000,
346,2,179,422,300,450,0.0000,0.0000,0.0000,0.0000,0.0000,0.0000,
347,2,179,422,300,450,0.0000,0.0000,0.0000,0.0000,0.0000,0.0000,
348,2,179,422,300,450,0.0000,0.0000,0.0000,0.0000,0.0000,0.0000,
349,2,179,422,300,450,0.0000,0.0000,0.0000,0.0000,0.0000,0.0000,
350,2,179,422,300,450,0.0000,0.0000,0.0000,0.0000,0.0000,0.0000,
351,2,179,422,300,450,0.0000,0.0000,0.0000,0.0000,0.0000,0.0000,
352,2,179,422,300,450,0.0000,0.0000,0.0000,0.0000,0.0000,0.0000,
353,2,179,422,300,450,0.0000,0.0000,0.0000,0.0000,0.0000,0.0000,
354,2,179,422,300,450,0.0000,0.0000,0.0000,0.0000,0.0000,0.0000,
355,2,179,422,300,450,0.0000,0.0000,0.0000,0.0000,0.0000,0.0000,
356,2,179,422,300,450,0.0000,0.0000,0.0000,0.0000,0.0000,0.0000,
357,2,179,422,300,450,0.0000,0.0000,0.0000,0.0000,0.0000,0.0000,
358,2,179,422,300,450,0.0000,0.0000,0.0000,0.0000,0.0000,0.0000,
359,2,179,422,300,450,0.0000,0.0000,0.0000,0.0000,0.0000,0.0000,
360,2,179,422,300,450,0.0000,0.0000,0.0000,0.0000,0.0000,0.0000,
361,2,179,422,300,450,0.0000,0.0000,0.0000,0.0000,0.0000,0.0000,
362,2,179,422,300,450,0.0000,0.0000,0.0000,0.0000,0.0000,0.0000,
363,2,179,422,300,450,0.0000,0.0000,0.0000,0.0000,0.0000,0.0000,
364,2,179,422,300,450,0.0000,0.0000,0.0000,0.0000,0.0000,0.0000,
365,2,179,422,300,450,0.0000,0.0000,0.0000,0.0000,0.0000,0.0000,
366,2,179,422,300,450,0.0000,0.0000,0.0000,0.0000,0.0000,0.0000,
367,2,179,422,300,450,0.0000,0.0000,0.0000,0.0000,0.0000,0.0000,
368,2,179,422,300,450,0.0000,0.0000,0.0000,0.0000,0.0000,0.0000,
369,2,179,422,300,450,0.0000,0.0000,0.0000,0.0000,0.0000,0.0000,
370,2,179,422,300,450,0.0000,0.0000,0.0000,0.0000,0.0000,0.0000,
371,2,179,422,300,450,0.0000,0.0000,0.0000,0.0000,0.0000,0.0000,
372,2,179,422,300,450,0.0000,0.0000,0.0000,0.0000,0.0000,0.0000,
373,2,179,422,300,450,0.0000,0.0000,0.0000,0.0000,0.0000,0.0000,
374,2,179,422,300,450,0.0000,0.0000,0.0000,0.0000,0.0000,0.0000,
375,2,179,422,300,450,0.0000,0.0000,0.0000,0.0000,0.0000,0.0000,
376,2,179,422,300,450,0.0000,0.0000,0.0000,0.0000,0.0000,0.0000,
377,2,179,422,300,450,0.0000,0.0000,0.0000,0.0000,0.0000,0.0000,
378,2,179,422,300,450,0.0000,0.0000,0.0000,0.0000,0.0000,0.0000,
379,2,179,422,300,450,0.0000,0.0000,0.0000,0.0000,0.0000,0.0000,
380,2,179,422,300,450,0.0000,0.0000,0.0000,0.0000,0.0000,0.0000,
381,2,179,422,300,450,0.0000,0.0000,0.0000,0.0000,0.0000,0.0000,
382,2,179,422,300,450,0.0000,0.0000,0.0000,0.0000,0.0000,0.0000,
383,2,179,422,300,450,0.0000,0.0000,0.0000,0.0000,0.0000,0.0000,
384,2,179,422,300,450,0.0000,0.0000,0.0000,0.0000,0.0000,0.0000,
385,2,179,422,300,450,0.0000,0.0000,0.0000,0.0000,0.0000,0.0000,
386,2,179,422,300,450,0.0000,0.0000,0.0000,0.0000,0.0000,0.0000,
387,2,179,422,300,450,0.0000,0.0000,0.0000,0.0000,0.0000,0.0000,
388,2,179,422,300,450,0.0000,0.0000,0.0000,0.0000,0.0000,0.0000,
389,2,179,422,300,450,0.0000,0.0000,0.0000,0.0000,0.0000,0.0000,
390,2,179,422,300,450,0.0000,0.0000,0.0000,0.0000,0.0000,0.0000,
391,2,179,422,300,450,0.0000,0.0000,0.0000,0.0000,0.0000,0.0000,
392,2,179,422,300,450,0.0000,0.0000,0.0000,0.0000,0.0000,0.0000,
393,2,179,422,300,450,0.0000,0.0000,0.0000,0.0000,0.0000,0.0000,
394,2,179,422,300,450,0.0000,0.0000,0.0000,0.0000,0.0000,0.0000,
395,2,179,422,300,450,0.0000,0.0000,0.0000,0.0000,0.0000,0.0000,
396,2,179,422,300,450,0.0000,0.0000,0.0000,0.0000,0.0000,0.0000,
397,2,179,422,300,450,0.0000,0.0000,0.0000,0.0000,0.0000,0.0000,
398,2,179,422,300,450,0.0000,0.0000,0.0000,0.0000,0.0000,0.0000,
399,2,179,422,300,450,0.0000,0.0000,0.0000,0.0000,0.0000,0.0000,
400,2,179,422,300,450,0.0000,0.0000,0.0000,0.0000,0.0000,0.0000,
401,2,179,422,300,450,0.0000,0.0000,0.0000,0.0000,0.0000,0.0000,
402,2,179,422,300,450,0.0000,0.0000,0.0000,0.0000,0.0000,0.0000,
403,2,179,422,300,450,0.0000,0.0000,0.0000,0.0000,0.0000,0.0000,
404,2,179,422,300,450,0.0000,0.0000,0.0000,0.0000,0.0000,0.0000,
405,2,179,422,300,450,0.0000,0.0000,0.0000,0.0000,0.0000,0.0000,
406,2,179,422,300,450,0.0000,0.0000,0.0000,0.0000,0.0000,0.0000,
407,2,179,422,300,450,0.0000,0.0000,0.0000,0.0000,0.0000,0.0000,
408,2,179,422,300,450,0.0000,0.0000,0.0000,0.0000,0.0000,0.0000,
409,2,179,422,300,450,0.0000,0.0000,0.0000,0.0000,0.0000,0.0000,
410,2,179,422,300,450,0.0000,0.0000,0.0000,0.0000,0.0000,0.0000,
411,2,179,422,300,450,0.0000,0.0000,0.0000,0.0000,0.0000,0.0000,
412,2,179,422,300,450,0.0000,0.0000,0.0000,0.0000,0.0000,0.0000,
413,2,179,422,300,450,0.0000,0.0000,0.0000,0.0000,0.0000,0.0000,
414,2,179,422,300,450,0.0000,0.0000,0.0000,0.0000,0.0000,0.0000,
415,2,179,422,300,450,0.0000,0.0000,0.0000,0.0000,0.0000,0.0000,
416,2,179,422,300,450,0.0000,0.0000,0.0000,0.0000,0.0000,0.0000,
417,2,179,422,300,450,0.0000,0.0000,0.0000,0.0000,0.0000,0.0000,
418,2,179,422,300,450,0.0000,0.0000,0.0000,0.0000,0.0000,0.0000,
419,2,179,422,300,450,0.0000,0.0000,0.0000,0.0000,0.0000,0.0000,
420,2,179,422,300,450,0.0000,0.0000,0.0000,0.0000,0.0000,0.0000,
421,2,179,422,300,450,0.0000,0.0000,0.0000,0.0000,0.0000,0.0000,
422,2,179,422,300,450,0.0000,0.0000,0.0000,0.0000,0.0000,0.0000,
423,2,179,422,300,450,0.0000,0.0000,0.0000,0.0000,0.0000,0.0000,
424,2,179,422,300,450,0.0000,0.0000,0.0000,0.0000,0.0000,0.0000,
425,2,179,422,300,450,0.0000,0.0000,0.0000,0.0000,0.0000,0.0000,
426,2,179,422,300,450,0.0000,0.0000,0.0000,0.0000,0.0000,0.0000,
427,2,179,422,300,450,0.0000,0.0000,0.0000,0.0000,0.0000,0.0000,
428,2,179,422,300,450,0.0000,0.0000,0.0000,0.0000,0.0000,0.0000,
429,2,179,422,300,450,0.0000,0.0000,0.0000,0.0000,0.0000,0.0000,
430,2,179,422,300,450,0.0000,0.0000,0.0000,0.0000,0.0000,0.0000,
431,2,179,422,300,450,0.0000,0.0000,0.0000,0.0000,0.0000,0.0000,
432,2,179,422,300,450,0.0000,0.0000,0.0000,0.0000,0.0000,0.0000,
433,2,179,422,300,450,0.0000,0.0000,0.0000,0.0000,0.0000,0.0000,
434,2,179,422,300,450,0.0000,0.0000,0.0000,0.0000,0.0000,0.0000,
435,2,179,422,300,450,0.0000,0.0000,0.0000,0.0000,0.0000,0.0000,
436,2,179,422,300,450,0.0000,0.0000,0.0000,0.0000,0.0000,0.0000,
437,2,179,422,300,450,0.0000,0.0000,0.0000,0.0000,0.0000,0.0000,
438,2,179,422,300,450,0.0000,0.0000,0.0000,0.0000,0.0000,0.0000,
439,2,179,422,300,450,0.0000,0.0000,0.0000,0.0000,0.0000,0.0000,
440,2,179,422,300,450,0.0000,0.0000,0.0000,0.0000,0.0000,0.0000,
441,2,179,422,300,450,0.0000,0.0000,0.0000,0.0000,0.0000,0.0000,
442,2,179,422,300,450,0.0000,0.0000,0.0000,0.0000,0.0000,0.0000,
443,2,179,422,300,450,0.0000,0.0000,0.0000,0.0000,0.0000,0.0000,
444,2,179,422,300,450,0.0000,0.0000,0.0000,0.0000,0.0000,0.0000,
445,2,179,422,300,450,0.0000,0.0000,0.0000,0.0000,0.0000,0.0000,
446,2,179,422,300,450,0.0000,0.0000,0.0000,0.0000,0.0000,0.0000,
447,2,179,422,300,450,0.0000,0.0000,0.0000,0.0000,0.0000,0.0000,
448,2,179,422,300,450,0.0000,0.0000,0.0000,0.0000,0.0000,0.0000,
