1,4,460,368,613,438,0.0000,0.0000,0.0000,0.0000,0.0000,0.0000,
2,4,460,368,613,438,0.0000,0.0000,0.0000,0.0000,0.0000,0.0000,
3,4,460,368,613,438,0.0000,0.0000,0.0000,0.0000,0.0000,0.0000,
4,4,460,368,613,438,0.0000,0.0000,0.0000,0.0000,0.0000,0.0000,
5,4,460,368,613,438,0.0000,0.0000,0.0000,0.0000,0.0000,0.0000,
6,4,460,368,613,438,0.0000,0.0000,0.0000,0.0000,0.0000,0.0000,
7,4,460,368,613,438,0.0000,0.0000,0.0000,0.0000,0.0000,0.0000,
8,4,460,368,613,438,0.0000,0.0000,0.0000,0.0000,0.0000,0.0000,
9,4,460,368,613,438,0.0000,0.0000,0.0000,0.0000,0.0000,0.0000,
10,4,460,368,613,438,0.0000,0.0000,0.0000,0.0000,0.0000,0.0000,
11,4,460,368,613,438,0.0000,0.0000,0.0000,0.0000,0.0000,0.0000,
12,4,460,368,613,438,0.0000,0.0000,0.0000,0.0000,0.0000,0.0000,
13,4,460,368,613,438,0.0000,0.0000,0.0000,0.0000,0.0000,0.0000,
14,4,460,368,613,438,0.0000,0.0000,0.0000,0.0000,0.0000,0.0000,
15,4,460,368,613,438,0.0000,0.0000,0.0000,0.0000,0.0000,0.0000,
16,4,460,368,613,438,0.0000,0.0000,0.0000,0.0000,0.0000,0.0000,
17,4,460,368,613,438,0.0000,0.0000,0.0000,0.0000,0.0000,0.0000,
18,4,460,368,613,438,0.0000,0.0000,0.0000,0.0000,0.0000,0.0000,
19,4,460,368,613,438,0.0000,0.0000,0.0000,0.0000,0.0000,0.0000,
20,4,460,368,613,438,0.0000,0.0000,0.0000,0.0000,0.0000,0.0000,
21,4,460,368,613,438,0.0000,0.0000,0.0000,0.0000,0.0000,0.0000,
22,4,460,368,613,438,0.0000,0.0000,0.0000,0.0000,0.0000,0.0000,
23,4,460,368,613,438,0.0000,0.0000,0.0000,0.0000,0.0000,0.0000,
24,4,460,368,613,438,0.0000,0.0000,0.0000,0.0000,0.0000,0.0000,
25,4,460,368,613,438,0.0000,0.0000,0.0000,0.0000,0.0000,0.0000,
26,4,460,368,613,438,0.0000,0.0000,0.0000,0.0000,0.0000,0.0000,
27,4,460,368,613,438,0.0000,0.0000,0.0000,0.0000,0.0000,0.0000,
28,4,460,368,613,438,0.0000,0.0000,0.0000,0.0000,0.0000,0.0000,
29,4,460,368,613,438,0.0000,0.0000,0.0000,0.0000,0.0000,0.0000,
30,4,460,368,613,438,0.0000,0.0000,0.0000,0.0000,0.0000,0.0000,
31,4,460,368,613,438,0.0000,0.0000,0.0000,0.0000,0.0000,0.0000,
32,4,460,368,613,438,0.0000,0.0000,0.0000,0.0000,0.0000,0.0000,
33,4,460,368,613,438,0.0000,0.0000,0.0000,0.0000,0.0000,0.0000,
34,4,460,368,613,438,0.0000,0.0000,0.0000,0.0000,0.0000,0.0000,
35,4,460,368,613,438,0.0000,0.0000,0.0000,0.0000,0.0000,0.0000,
36,4,460,368,613,438,0.0000,0.0000,0.0000,0.0000,0.0000,0.0000,
37,4,460,368,613,438,0.0000,0.0000,0.0000,0.0000,0.0000,0.0000,
38,4,460,368,613,438,0.0000,0.0000,0.0000,0.0000,0.0000,0.0000,
39,4,460,368,613,438,0.0000,0.0000,0.0000,0.0000,0.0000,0.0000,
40,4,460,368,613,438,0.0000,0.0000,0.0000,0.0000,0.0000,0.0000,
41,4,460,368,613,438,0.0000,0.0000,0.0000,0.0000,0.0000,0.0000,
42,4,460,368,613,438,0.0000,0.0000,0.0000,0.0000,0.0000,0.0000,
43,4,460,368,613,438,0.0000,0.0000,0.0000,0.0000,0.0000,0.0000,
44,4,460,368,613,438,0.0000,0.0000,0.0000,0.0000,0.0000,0.0000,
45,4,460,368,613,438,0.0000,0.0000,0.0000,0.0000,0.0000,0.0000,
46,4,460,368,613,438,0.0000,0.0000,0.0000,0.0000,0.0000,0.0000,
47,4,460,368,613,438,0.0000,0.0000,0.0000,0.0000,0.0000,0.0000,
48,4,460,368,613,438,0.0000,0.0000,0.0000,0.0000,0.0000,0.0000,
49,4,460,368,613,438,0.0000,0.0000,0.0000,0.0000,0.0000,0.0000,
50,4,460,368,613,438,0.0000,0.0000,0.0000,0.0000,0.0000,0.0000,
51,4,460,368,613,438,0.0000,0.0000,0.0000,0.0000,0.0000,0.0000,
52,4,460,368,613,438,0.0000,0.0000,0.0000,0.0000,0.0000,0.0000,
53,4,460,368,613,438,0.0000,0.0000,0.0000,0.0000,0.0000,0.0000,
54,4,460,368,613,438,0.0000,0.0000,0.0000,0.0000,0.0000,0.0000,
55,4,460,368,613,438,0.0000,0.0000,0.0000,0.0000,0.0000,0.0000,
56,4,460,368,613,438,0.0000,0.0000,0.0000,0.0000,0.0000,0.0000,
57,4,460,368,613,438,0.0000,0.0000,0.0000,0.0000,0.0000,0.0000,
58,4,460,368,613,438,0.0000,0.0000,0.0000,0.0000,0.0000,0.0000,
59,4,460,368,613,438,0.0000,0.0000,0.0000,0.0000,0.0000,0.0000,
60,4,460,368,613,438,0.0000,0.0000,0.0000,0.0000,0.0000,0.0000,
61,4,460,368,613,438,0.0000,0.0000,0.0000,0.0000,0.0000,0.0000,
62,4,460,368,613,438,0.0000,0.0000,0.0000,0.0000,0.0000,0.0000,
63,4,460,368,613,438,0.0000,0.0000,0.0000,0.0000,0.0000,0.0000,
64,4,460,368,613,438,0.0000,0.0000,0.0000,0.0000,0.0000,0.0000,
65,4,460,368,613,438,0.0000,0.0000,0.0000,0.0000,0.0000,0.0000,
66,4,460,368,613,438,0.0000,0.0000,0.0000,0.0000,0.0000,0.0000,
67,4,460,368,613,438,0.0000,0.0000,0.0000,0.0000,0.0000,0.0000,
68,4,460,368,613,438,0.0000,0.0000,0.0000,0.0000,0.0000,0.0000,
69,4,460,368,613,438,0.0000,0.0000,0.0000,0.0000,0.0000,0.0000,
70,4,460,368,613,438,0.0000,0.0000,0.0000,0.0000,0.0000,0.0000,
71,4,460,368,613,438,0.0000,0.0000,0.0000,0.0000,0.0000,0.0000,
72,4,460,368,613,438,0.0000,0.0000,0.0000,0.0000,0.0000,0.0000,
73,4,460,368,613,438,0.0000,0.0000,0.0000,0.0000,0.0000,0.0000,
74,4,460,368,613,438,0.0000,0.0000,0.0000,0.0000,0.0000,0.0000,
75,4,460,368,613,438,0.0000,0.0000,0.0000,0.0000,0.0000,0.0000,
76,4,460,368,613,438,0.0000,0.0000,0.0000,0.0000,0.0000,0.0000,
77,4,460,368,613,438,0.0000,0.0000,0.0000,0.0000,0.0000,0.0000,
78,4,460,368,613,438,0.0000,0.0000,0.0000,0.0000,0.0000,0.0000,
79,4,460,368,613,438,0.0000,0.0000,0.0000,0.0000,0.0000,0.0000,
80,4,460,368,613,438,0.0000,0.0000,0.0000,0.0000,0.0000,0.0000,
81,4,460,368,613,438,0.0000,0.0000,0.0000,0.0000,0.0000,0.0000,
82,4,460,368,613,438,0.0000,0.0000,0.0000,0.0000,0.0000,0.0000,
83,4,460,368,613,438,0.0000,0.0000,0.0000,0.0000,0.0000,0.0000,
84,4,460,368,613,438,0.0000,0.0000,0.0000,0.0000,0.0000,0.0000,
85,4,460,368,613,438,0.0000,0.0000,0.0000,0.0000,0.0000,0.0000,
86,4,460,368,613,438,0.0000,0.0000,0.0000,0.0000,0.0000,0.0000,
87,4,460,368,613,438,0.0000,0.0000,0.0000,0.0000,0.0000,0.0000,
88,4,460,368,613,438,0.0000,0.0000,0.0000,0.0000,0.0000,0.0000,
89,4,460,368,613,438,0.0000,0.0000,0.0000,0.0000,0.0000,0.0000,
90,4,460,368,613,438,0.0000,0.0000,0.0000,0.0000,0.0000,0.0000,
91,4,460,368,613,438,0.0000,0.0000,0.0000,0.0000,0.0000,0.0000,
92,4,460,368,613,438,0.0000,0.0000,0.0000,0.0000,0.0000,0.0000,
93,4,460,368,613,438,0.0000,0.0000,0.0000,0.0000,0.0000,0.0000,
94,4,460,368,613,438,0.0000,0.0000,0.0000,0.0000,0.0000,0.0000,
95,4,460,368,613,438,0.0000,0.0000,0.0000,0.0000,0.0000,0.0000,
96,4,460,368,613,438,0.0000,0.0000,0.0000,0.0000,0.0000,0.0000,
97,4,460,368,613,438,0.0000,0.0000,0.0000,0.0000,0.0000,0.0000,
98,4,460,368,613,438,0.0000,0.0000,0.0000,0.0000,0.0000,0.0000,
99,4,460,368,613,438,0.0000,0.0000,0.0000,0.0000,0.0000,0.0000,
100,4,460,368,613,438,0.0000,0.0000,0.0000,0.0000,0.0000,0.0000,
101,4,460,368,613,438,0.0000,0.0000,0.0000,0.0000,0.0000,0.0000,
102,4,460,368,613,438,0.0000,0.0000,0.0000,0.0000,0.0000,0.0000,
103,4,460,368,613,438,0.0000,0.0000,0.0000,0.0000,0.0000,0.0000,
104,4,460,368,613,438,0.0000,0.0000,0.0000,0.0000,0.0000,0.0000,
105,4,460,368,613,438,0.0000,0.0000,0.0000,0.0000,0.0000,0.0000,
106,4,460,368,613,438,0.0000,0.0000,0.0000,0.0000,0.0000,0.0000,
107,4,460,368,613,438,0.0000,0.0000,0.0000,0.0000,0.0000,0.0000,
108,4,460,368,613,438,0.0000,0.0000,0.0000,0.0000,0.0000,0.0000,
109,4,460,368,613,438,0.0000,0.0000,0.0000,0.0000,0.0000,0.0000,
110,4,460,368,613,438,0.0000,0.0000,0.0000,0.0000,0.0000,0.0000,
111,4,460,368,613,438,0.0000,0.0000,0.0000,0.0000,0.0000,0.0000,
112,4,460,368,613,438,0.0000,0.0000,0.0000,0.0000,0.0000,0.0000,
113,4,460,368,613,438,0.0000,0.0000,0.0000,0.0000,0.0000,0.0000,
114,4,460,368,613,438,0.0000,0.0000,0.0000,0.0000,0.0000,0.0000,
115,4,460,368,613,438,0.0000,0.0000,0.0000,0.0000,0.0000,0.0000,
116,4,460,368,613,438,0.0000,0.0000,0.0000,0.0000,0.0000,0.0000,
117,4,460,368,613,438,0.0000,0.0000,0.0000,0.0000,0.0000,0.0000,
118,4,460,368,613,438,0.0000,0.0000,0.0000,0.0000,0.0000,0.0000,
119,4,460,368,613,438,0.0000,0.0000,0.0000,0.0000,0.0000,0.0000,
120,4,460,368,613,438,0.0000,0.0000,0.0000,0.0000,0.0000,0.0000,
121,4,460,368,613,438,0.0000,0.0000,0.0000,0.0000,0.0000,0.0000,
122,4,460,368,613,438,0.0000,0.0000,0.0000,0.0000,0.0000,0.0000,
123,4,460,368,613,438,0.0000,0.0000,0.0000,0.0000,0.0000,0.0000,
124,4,460,368,613,438,0.0000,0.0000,0.0000,0.0000,0.0000,0.0000,
125,4,460,368,613,438,0.0000,0.0000,0.0000,0.0000,0.0000,0.0000,
126,4,460,368,613,438,0.0000,0.0000,0.0000,0.0000,0.0000,0.0000,
127,4,460,368,613,438,0.0000,0.0000,0.0000,0.0000,0.0000,0.0000,
128,4,460,368,613,438,0.0000,0.0000,0.0000,0.0000,0.0000,0.0000,
129,4,460,368,613,438,0.0000,0.0000,0.0000,0.0000,0.0000,0.0000,
130,4,460,368,613,438,0.0000,0.0000,0.0000,0.0000,0.0000,0.0000,
131,4,460,368,613,438,0.0000,0.0000,0.0000,0.0000,0.0000,0.0000,
132,4,460,368,613,438,0.0000,0.0000,0.0000,0.0000,0.0000,0.0000,
133,4,460,368,613,438,0.0000,0.0000,0.0000,0.0000,0.0000,0.0000,
134,4,460,368,613,438,0.0000,0.0000,0.0000,0.0000,0.0000,0.0000,
135,4,460,368,613,438,0.0000,0.0000,0.0000,0.0000,0.0000,0.0000,
136,4,460,368,613,438,0.0000,0.0000,0.0000,0.0000,0.0000,0.0000,
137,4,460,368,613,438,0.0000,0.0000,0.0000,0.0000,0.0000,0.0000,
138,4,460,368,613,438,0.0000,0.0000,0.0000,0.0000,0.0000,0.0000,
139,4,460,368,613,438,0.0000,0.0000,0.0000,0.0000,0.0000,0.0000,
140,4,460,368,613,438,0.0000,0.0000,0.0000,0.0000,0.0000,0.0000,
141,4,460,368,613,438,0.0000,0.0000,0.0000,0.0000,0.0000,0.0000,
142,4,460,368,613,438,0.0000,0.0000,0.0000,0.0000,0.0000,0.0000,
143,4,460,368,613,438,0.0000,0.0000,0.0000,0.0000,0.0000,0.0000,
144,4,460,368,613,438,0.0000,0.0000,0.0000,0.0000,0.0000,0.0000,
145,4,460,368,613,438,0.0000,0.0000,0.0000,0.0000,0.0000,0.0000,
146,4,460,368,613,438,0.0000,0.0000,0.0000,0.0000,0.0000,0.0000,
147,4,460,368,613,438,0.0000,0.0000,0.0000,0.0000,0.0000,0.0000,
148,4,460,368,613,438,0.0000,0.0000,0.0000,0.0000,0.0000,0.0000,
149,4,460,368,613,438,0.0000,0.0000,0.0000,0.0000,0.0000,0.0000,
150,4,460,368,613,438,0.0000,0.0000,0.0000,0.0000,0.0000,0.0000,
151,4,460,368,613,438,0.0000,0.0000,0.0000,0.0000,0.0000,0.0000,
152,4,460,368,613,438,0.0000,0.0000,0.0000,0.0000,0.0000,0.0000,
153,4,460,368,613,438,0.0000,0.0000,0.0000,0.0000,0.0000,0.0000,
154,4,460,368,613,438,0.0000,0.0000,0.0000,0.0000,0.0000,0.0000,
155,4,460,368,613,438,0.0000,0.0000,0.0000,0.0000,0.0000,0.0000,
156,4,460,368,613,438,0.0000,0.0000,0.0000,0.0000,0.0000,0.0000,
157,4,460,368,613,438,0.0000,0.0000,0.0000,0.0000,0.0000,0.0000,
158,4,460,368,613,438,0.0000,0.0000,0.0000,0.0000,0.0000,0.0000,
159,4,460,368,613,438,0.0000,0.0000,0.0000,0.0000,0.0000,0.0000,
160,4,460,368,613,438,0.0000,0.0000,0.0000,0.0000,0.0000,0.0000,
161,4,460,368,613,438,0.0000,0.0000,0.0000,0.0000,0.0000,0.0000,
162,4,460,368,613,438,0.0000,0.0000,0.0000,0.0000,0.0000,0.0000,
163,4,460,368,613,438,0.0000,0.0000,0.0000,0.0000,0.0000,0.0000,
164,4,460,368,613,438,0.0000,0.0000,0.0000,0.0000,0.0000,0.0000,
165,4,460,368,613,438,0.0000,0.0000,0.0000,0.0000,0.0000,0.0000,
166,4,460,368,613,438,0.0000,0.0000,0.0000,0.0000,0.0000,0.0000,
167,4,460,368,613,438,0.0000,0.0000,0.0000,0.0000,0.0000,0.0000,
168,4,460,368,613,438,0.0000,0.0000,0.0000,0.0000,0.0000,0.0000,
169,4,460,368,613,438,0.0000,0.0000,0.0000,0.0000,0.0000,0.0000,
170,4,460,368,613,438,0.0000,0.0000,0.0000,0.0000,0.0000,0.0000,
171,4,460,368,613,438,0.0000,0.0000,0.0000,0.0000,0.0000,0.0000,
172,4,460,368,613,438,0.0000,0.0000,0.0000,0.0000,0.0000,0.0000,
173,4,460,368,613,438,0.0000,0.0000,0.0000,0.0000,0.0000,0.0000,
174,4,460,368,613,438,0.0000,0.0000,0.0000,0.0000,0.0000,0.0000,
175,4,460,368,613,438,0.0000,0.0000,0.0000,0.0000,0.0000,0.0000,
176,4,460,368,613,438,0.0000,0.0000,0.0000,0.0000,0.0000,0.0000,
177,4,460,368,613,438,0.0000,0.0000,0.0000,0.0000,0.0000,0.0000,
178,4,460,368,613,438,0.0000,0.0000,0.0000,0.0000,0.0000,0.0000,
179,4,460,368,613,438,0.0000,0.0000,0.0000,0.0000,0.0000,0.0000,
180,4,460,368,613,438,0.0000,0.0000,0.0000,0.0000,0.0000,0.0000,
181,4,460,368,613,438,0.0000,0.0000,0.0000,0.0000,0.0000,0.0000,
182,4,460,368,613,438,0.0000,0.0000,0.0000,0.0000,0.0000,0.0000,
183,4,460,368,613,438,0.0000,0.0000,0.0000,0.0000,0.0000,0.0000,
184,4,460,368,613,438,0.0000,0.0000,0.0000,0.0000,0.0000,0.0000,
185,4,460,368,613,438,0.0000,0.0000,0.0000,0.0000,0.0000,0.0000,
186,4,460,368,613,438,0.0000,0.0000,0.0000,0.0000,0.0000,0.0000,
187,4,460,368,613,438,0.0000,0.0000,0.0000,0.0000,0.0000,0.0000,
188,4,460,368,613,438,0.0000,0.0000,0.0000,0.0000,0.0000,0.0000,
189,4,460,368,613,438,0.0000,0.0000,0.0000,0.0000,0.0000,0.0000,
190,4,460,368,613,438,0.0000,0.0000,0.0000,0.0000,0.0000,0.0000,
191,4,460,368,613,438,0.0000,0.0000,0.0000,0.0000,0.0000,0.0000,
192,4,460,368,613,438,0.0000,0.0000,0.0000,0.0000,0.0000,0.0000,
193,4,460,368,613,438,0.0000,0.0000,0.0000,0.0000,0.0000,0.0000,
194,4,460,368,613,438,0.0000,0.0000,0.0000,0.0000,0.0000,0.0000,
195,4,460,368,613,438,0.0000,0.0000,0.0000,0.0000,0.0000,0.0000,
196,4,460,368,613,438,0.0000,0.0000,0.0000,0.0000,0.0000,0.0000,
197,4,460,368,613,438,0.0000,0.0000,0.0000,0.0000,0.0000,0.0000,
198,4,460,368,613,438,0.0000,0.0000,0.0000,0.0000,0.0000,0.0000,
199,4,460,368,613,438,0.0000,0.0000,0.0000,0.0000,0.0000,0.0000,
200,4,460,368,613,438,0.0000,0.0000,0.0000,0.0000,0.0000,0.0000,
201,4,460,368,613,438,0.0000,0.0000,0.0000,0.0000,0.0000,0.0000,
202,4,460,368,613,438,0.0000,0.0000,0.0000,0.0000,0.0000,0.0000,
203,4,460,368,613,438,0.0000,0.0000,0.0000,0.0000,0.0000,0.0000,
204,4,460,368,613,438,0.0000,0.0000,0.0000,0.0000,0.0000,0.0000,
205,4,460,368,613,438,0.0000,0.0000,0.0000,0.0000,0.0000,0.0000,
206,4,460,368,613,438,0.0000,0.0000,0.0000,0.0000,0.0000,0.0000,
207,4,460,368,613,438,0.0000,0.0000,0.0000,0.0000,0.0000,0.0000,
208,4,460,368,613,438,0.0000,0.0000,0.0000,0.0000,0.0000,0.0000,
209,4,460,368,613,438,0.0000,0.0000,0.0000,0.0000,0.0000,0.0000,
210,4,460,368,613,438,0.0000,0.0000,0.0000,0.0000,0.0000,0.0000,
211,4,460,368,613,438,0.0000,0.0000,0.0000,0.0000,0.0000,0.0000,
212,4,460,368,613,438,0.0000,0.0000,0.0000,0.0000,0.0000,0.0000,
213,4,460,368,613,438,0.0000,0.0000,0.0000,0.0000,0.0000,0.0000,
214,4,460,368,613,438,0.0000,0.0000,0.0000,0.0000,0.0000,0.0000,
215,4,460,368,613,438,0.0000,0.0000,0.0000,0.0000,0.0000,0.0000,
216,4,460,368,613,438,0.0000,0.0000,0.0000,0.0000,0.0000,0.0000,
217,4,460,368,613,438,0.0000,0.0000,0.0000,0.0000,0.0000,0.0000,
218,4,460,368,613,438,0.0000,0.0000,0.0000,0.0000,0.0000,0.0000,
219,4,460,368,613,438,0.0000,0.0000,0.0000,0.0000,0.0000,0.0000,
220,4,460,368,613,438,0.0000,0.0000,0.0000,0.0000,0.0000,0.0000,
221,4,460,368,613,438,0.0000,0.0000,0.0000,0.0000,0.0000,0.0000,
222,4,460,368,613,438,0.0000,0.0000,0.0000,0.0000,0.0000,0.0000,
223,4,460,368,613,438,0.0000,0.0000,0.0000,0.0000,0.0000,0.0000,
224,4,460,368,613,438,0.0000,0.0000,0.0000,0.0000,0.0000,0.0000,
225,4,460,368,613,438,0.0000,0.0000,0.0000,0.0000,0.0000,0.0000,
226,4,460,368,613,438,0.0000,0.0000,0.0000,0.0000,0.0000,0.0000,
227,4,460,368,613,438,0.0000,0.0000,0.0000,0.0000,0.0000,0.0000,
228,4,460,368,613,438,0.0000,0.0000,0.0000,0.0000,0.0000,0.0000,
229,4,460,368,613,438,0.0000,0.0000,0.0000,0.0000,0.0000,0.0000,
230,4,460,368,613,438,0.0000,0.0000,0.0000,0.0000,0.0000,0.0000,
231,4,460,368,613,438,0.0000,0.0000,0.0000,0.0000,0.0000,0.0000,
232,4,460,368,613,438,0.0000,0.0000,0.0000,0.0000,0.0000,0.0000,
233,4,460,368,613,438,0.0000,0.0000,0.0000,0.0000,0.0000,0.0000,
234,4,460,368,613,438,0.0000,0.0000,0.0000,0.0000,0.0000,0.0000,
235,4,460,368,613,438,0.0000,0.0000,0.0000,0.0000,0.0000,0.0000,
236,4,460,368,613,438,0.0000,0.0000,0.0000,0.0000,0.0000,0.0000,
237,4,460,368,613,438,0.0000,0.0000,0.0000,0.0000,0.0000,0.0000,
238,4,460,368,613,438,0.0000,0.0000,0.0000,0.0000,0.0000,0.0000,
239,4,460,368,613,438,0.0000,0.0000,0.0000,0.0000,0.0000,0.0000,
240,4,460,368,613,438,0.0000,0.0000,0.0000,0.0000,0.0000,0.0000,
241,4,460,368,613,438,0.0000,0.0000,0.0000,0.0000,0.0000,0.0000,
242,4,460,368,613,438,0.0000,0.0000,0.0000,0.0000,0.0000,0.0000,
243,4,460,368,613,438,0.0000,0.0000,0.0000,0.0000,0.0000,0.0000,
244,4,460,368,613,438,0.0000,0.0000,0.0000,0.0000,0.0000,0.0000,
245,4,460,368,613,438,0.0000,0.0000,0.0000,0.0000,0.0000,0.0000,
246,4,460,368,613,438,0.0000,0.0000,0.0000,0.0000,0.0000,0.0000,
247,4,460,368,613,438,0.0000,0.0000,0.0000,0.0000,0.0000,0.0000,
248,4,460,368,613,438,0.0000,0.0000,0.0000,0.0000,0.0000,0.0000,
249,4,460,368,613,438,0.0000,0.0000,0.0000,0.0000,0.0000,0.0000,
250,4,460,368,613,438,0.0000,0.0000,0.0000,0.0000,0.0000,0.0000,
251,4,460,368,613,438,0.0000,0.0000,0.0000,0.0000,0.0000,0.0000,
252,4,460,368,613,438,0.0000,0.0000,0.0000,0.0000,0.0000,0.0000,
253,4,460,368,613,438,0.0000,0.0000,0.0000,0.0000,0.0000,0.0000,
254,4,460,368,613,438,0.0000,0.0000,0.0000,0.0000,0.0000,0.0000,
255,4,460,368,613,438,0.0000,0.0000,0.0000,0.0000,0.0000,0.0000,
256,4,460,368,613,438,0.0000,0.0000,0.0000,0.0000,0.0000,0.0000,
257,4,460,368,613,438,0.0000,0.0000,0.0000,0.0000,0.0000,0.0000,
258,4,460,368,613,438,0.0000,0.0000,0.0000,0.0000,0.0000,0.0000,
259,4,460,368,613,438,0.0000,0.0000,0.0000,0.0000,0.0000,0.0000,
260,4,460,368,613,438,0.0000,0.0000,0.0000,0.0000,0.0000,0.0000,
261,4,460,368,613,438,0.0000,0.0000,0.0000,0.0000,0.0000,0.0000,
262,4,460,368,613,438,0.0000,0.0000,0.0000,0.0000,0.0000,0.0000,
263,4,460,368,613,438,0.0000,0.0000,0.0000,0.0000,0.0000,0.0000,
264,4,460,368,613,438,0.0000,0.0000,0.0000,0.0000,0.0000,0.0000,
265,4,460,368,613,438,0.0000,0.0000,0.0000,0.0000,0.0000,0.0000,
266,4,460,368,613,438,0.0000,0.0000,0.0000,0.0000,0.0000,0.0000,
267,4,460,368,613,438,0.0000,0.0000,0.0000,0.0000,0.0000,0.0000,
268,4,460,368,613,438,0.0000,0.0000,0.0000,0.0000,0.0000,0.0000,
269,4,460,368,613,438,0.0000,0.0000,0.0000,0.0000,0.0000,0.0000,
270,4,460,368,613,438,0.0000,0.0000,0.0000,0.0000,0.0000,0.0000,
271,4,460,368,613,438,0.0000,0.0000,0.0000,0.0000,0.0000,0.0000,
272,4,460,368,613,438,0.0000,0.0000,0.0000,0.0000,0.0000,0.0000,
273,4,460,368,613,438,0.0000,0.0000,0.0000,0.0000,0.0000,0.0000,
274,4,460,368,613,438,0.0000,0.0000,0.0000,0.0000,0.0000,0.0000,
275,4,460,368,613,438,0.0000,0.0000,0.0000,0.0000,0.0000,0.0000,
276,4,460,368,613,438,0.0000,0.0000,0.0000,0.0000,0.0000,0.0000,
277,4,460,368,613,438,0.0000,0.0000,0.0000,0.0000,0.0000,0.0000,
278,4,460,368,613,438,0.0000,0.0000,0.0000,0.0000,0.0000,0.0000,
279,4,460,368,613,438,0.0000,0.0000,0.0000,0.0000,0.0000,0.0000,
280,4,460,368,613,438,0.0000,0.0000,0.0000,0.0000,0.0000,0.0000,
281,4,460,368,613,438,0.0000,0.0000,0.0000,0.0000,0.0000,0.0000,
282,4,460,368,613,438,0.0000,0.0000,0.0000,0.0000,0.0000,0.0000,
283,4,460,368,613,438,0.0000,0.0000,0.0000,0.0000,0.0000,0.0000,
284,4,460,368,613,438,0.0000,0.0000,0.0000,0.0000,0.0000,0.0000,
285,4,460,368,613,438,0.0000,0.0000,0.0000,0.0000,0.0000,0.0000,
286,4,460,368,613,438,0.0000,0.0000,0.0000,0.0000,0.0000,0.0000,
287,4,460,368,613,438,0.0000,0.0000,0.0000,0.0000,0.0000,0.0000,
288,4,460,368,613,438,0.0000,0.0000,0.0000,0.0000,0.0000,0.0000,
289,4,460,368,613,438,0.0000,0.0000,0.0000,0.0000,0.0000,0.0000,
290,4,460,368,613,438,0.0000,0.0000,0.0000,0.0000,0.0000,0.0000,
291,4,460,368,613,438,0.0000,0.0000,0.0000,0.0000,0.0000,0.0000,
292,4,460,368,613,438,0.0000,0.0000,0.0000,0.0000,0.0000,0.0000,
293,4,460,368,613,438,0.0000,0.0000,0.0000,0.0000,0.0000,0.0000,
294,4,460,368,613,438,0.0000,0.0000,0.0000,0.0000,0.0000,0.0000,
295,4,460,368,613,438,0.0000,0.0000,0.0000,0.0000,0.0000,0.0000,
296,4,460,368,613,438,0.0000,0.0000,0.0000,0.0000,0.0000,0.0000,
297,4,460,368,613,438,0.0000,0.0000,0.0000,0.0000,0.0000,0.0000,
298,4,460,368,613,438,0.0000,0.0000,0.0000,0.0000,0.0000,0.0000,
299,4,460,368,613,438,0.0000,0.0000,0.0000,0.0000,0.0000,0.0000,
300,4,460,368,613,438,0.0000,0.0000,0.0000,0.0000,0.0000,0.0000,
301,4,460,368,613,438,0.0000,0.0000,0.0000,0.0000,0.0000,0.0000,
302,4,460,368,613,438,0.0000,0.0000,0.0000,0.0000,0.0000,0.0000,
303,4,460,368,613,438,0.0000,0.0000,0.0000,0.0000,0.0000,0.0000,
304,4,460,368,613,438,0.0000,0.0000,0.0000,0.0000,0.0000,0.0000,
305,4,460,368,613,438,0.0000,0.0000,0.0000,0.0000,0.0000,0.0000,
306,4,460,368,613,438,0.0000,0.0000,0.0000,0.0000,0.0000,0.0000,
307,4,460,368,613,438,0.0000,0.0000,0.0000,0.0000,0.0000,0.0000,
308,4,460,368,613,438,0.0000,0.0000,0.0000,0.0000,0.0000,0.0000,
309,4,460,368,613,438,0.0000,0.0000,0.0000,0.0000,0.0000,0.0000,
310,4,460,368,613,438,0.0000,0.0000,0.0000,0.0000,0.0000,0.0000,
311,4,460,368,613,438,0.0000,0.0000,0.0000,0.0000,0.0000,0.0000,
312,4,460,368,613,438,0.0000,0.0000,0.0000,0.0000,0.0000,0.0000,
313,4,460,368,613,438,0.0000,0.0000,0.0000,0.0000,0.0000,0.0000,
314,4,460,368,613,438,0.0000,0.0000,0.0000,0.0000,0.0000,0.0000,
315,4,460,368,613,438,0.0000,0.0000,0.0000,0.0000,0.0000,0.0000,
316,4,460,368,613,438,0.0000,0.0000,0.0000,0.0000,0.0000,0.0000,
317,4,460,368,613,438,0.0000,0.0000,0.0000,0.0000,0.0000,0.0000,
318,4,460,368,613,438,0.0000,0.0000,0.0000,0.0000,0.0000,0.0000,
319,4,460,368,613,438,0.0000,0.0000,0.0000,0.0000,0.0000,0.0000,
320,4,460,368,613,438,0.0000,0.0000,0.0000,0.0000,0.0000,0.0000,
321,4,460,368,613,438,0.0000,0.0000,0.0000,0.0000,0.0000,0.0000,
322,4,460,368,613,438,0.0000,0.0000,0.0000,0.0000,0.0000,0.0000,
323,4,460,368,613,438,0.0000,0.0000,0.0000,0.0000,0.0000,0.0000,
324,4,460,368,613,438,0.0000,0.0000,0.0000,0.0000,0.0000,0.0000,
325,4,460,368,613,438,0.0000,0.0000,0.0000,0.0000,0.0000,0.0000,
326,4,460,368,613,438,0.0000,0.0000,0.0000,0.0000,0.0000,0.0000,
327,4,460,368,613,438,0.0000,0.0000,0.0000,0.0000,0.0000,0.0000,
328,4,460,368,613,438,0.0000,0.0000,0.0000,0.0000,0.0000,0.0000,
329,4,460,368,613,438,0.0000,0.0000,0.0000,0.0000,0.0000,0.0000,
330,4,460,368,613,438,0.0000,0.0000,0.0000,0.0000,0.0000,0.0000,
331,4,460,368,613,438,0.0000,0.0000,0.0000,0.0000,0.0000,0.0000,
332,4,460,368,613,438,0.0000,0.0000,0.0000,0.0000,0.0000,0.0000,
333,4,460,368,613,438,0.0000,0.0000,0.0000,0.0000,0.0000,0.0000,
334,4,460,368,613,438,0.0000,0.0000,0.0000,0.0000,0.0000,0.0000,
335,4,460,368,613,438,0.0000,0.0000,0.0000,0.0000,0.0000,0.0000,
336,4,460,368,613,438,0.0000,0.0000,0.0000,0.0000,0.0000,0.0000,
337,4,460,368,613,438,0.0000,0.0000,0.0000,0.0000,0.0000,0.0000,
338,4,460,368,613,438,0.0000,0.0000,0.0000,0.0000,0.0000,0.0000,
339,4,460,368,613,438,0.0000,0.0000,0.0000,0.0000,0.0000,0.0000,
340,4,460,368,613,438,0.0000,0.0000,0.0000,0.0000,0.0000,0.0000,
341,4,462,363,613,435,1.0000,0.0000,0.0000,1.0000,9.9999,10.0004,
342,4,462,363,613,435,0.9982,0.0090,-0.0046,1.0080,9.7587,10.0232,
343,4,462,363,613,435,1.0008,-0.0031,0.0020,0.9972,10.1120,9.9656,
344,4,462,363,613,435,1.0012,0.0014,0.0013,1.0036,9.8492,9.7003,
345,4,457,358,601,431,0.9513,0.0132,-0.0652,1.0177,4.3967,9.6088,
346,4,458,357,600,427,0.9905,0.0279,0.0003,0.9636,9.2854,8.5370,
347,4,458,355,600,423,0.9972,0.0293,-0.0234,0.9680,8.7177,9.1968,
348,4,458,353,600,417,0.9961,0.0531,-0.0188,0.9417,7.9565,8.6921,
349,4,458,351,600,410,0.9995,0.0504,-0.0170,0.9231,7.5401,8.4263,
350,4,458,349,599,402,0.9899,0.0358,-0.0147,0.9068,8.4172,8.3428,
351,4,451,346,597,406,0.9914,0.0201,-0.0156,0.9350,8.0828,7.9389,
352,4,450,343,595,402,0.9924,0.0164,-0.0150,0.9834,8.0834,7.5775,
353,4,449,340,594,399,0.9970,0.0388,-0.0159,0.9964,7.3310,7.5421,
354,4,447,337,592,395,0.9954,0.0333,-0.0048,0.9844,6.7831,7.1579,
355,4,445,334,589,391,0.9946,0.0160,-0.0109,0.9731,7.0615,7.5975,
356,4,443,331,586,386,0.9966,0.0113,-0.0029,0.9724,6.9473,6.7940,
357,4,441,329,583,380,0.9973,0.0057,-0.0010,0.9375,7.2160,7.5114,
358,4,426,325,579,375,1.1114,-1.3350,-0.2544,-0.5322,82.5395,98.1412,
359,4,423,322,576,371,0.9985,0.0250,0.0029,0.9852,6.0471,6.3719,
360,4,422,324,566,365,0.9424,0.2503,0.0190,0.8299,1.8102,10.4014,
361,4,419,323,563,361,0.9984,0.0207,-0.0009,0.9404,6.1263,8.3331,
362,4,417,322,560,358,0.9882,-0.0097,-0.0018,0.9424,8.1580,8.4404,
363,4,409,315,560,350,0.9820,0.0932,-0.0137,0.9211,6.7048,9.9773,
364,4,407,312,556,350,0.9925,0.0613,-0.0042,1.0848,5.8979,6.6492,
365,4,404,311,553,351,0.9987,0.0631,0.0159,1.0382,5.6862,7.4821,
366,4,402,310,550,353,0.9961,-0.0463,0.0248,1.0612,8.3052,6.7781,
367,4,400,308,547,356,0.9940,0.0390,0.0240,1.1247,6.4705,5.5158,
368,4,397,307,544,357,0.9989,-0.0637,0.0095,1.0450,7.7914,7.8418,
369,4,393,305,540,356,0.9991,-0.1186,0.0011,1.0246,8.7470,7.6211,
370,4,390,303,536,354,0.9971,0.0238,-0.0110,1.0024,5.5053,7.8964,
371,4,387,301,532,351,0.9934,-0.0307,-0.0073,0.9707,7.2468,8.1336,
372,4,375,294,507,343,0.9099,-0.1872,-0.0130,0.9851,2.1288,3.3833,
373,4,371,294,502,343,0.9946,-0.0577,0.0064,0.9961,6.8896,9.3673,
374,4,367,294,497,344,0.9942,-0.0413,0.0120,1.0244,6.1201,8.9114,
375,4,362,295,492,345,0.9974,-0.0803,0.0130,1.0106,6.9204,9.2976,
376,4,357,295,488,347,1.0048,-0.0247,0.0131,1.0461,5.0254,8.5184,
377,4,353,295,483,349,0.9950,-0.0451,0.0054,1.0268,6.4571,9.2259,
378,4,344,295,473,350,0.9978,-0.0704,0.0056,1.0190,1.9924,9.3948,
379,4,334,297,463,354,1.0008,-0.0644,0.0206,1.0292,1.6605,10.4204,
380,4,329,298,459,357,1.0082,-0.0533,0.0152,1.0341,5.6172,9.4457,
381,4,325,300,454,359,0.9981,-0.0246,-0.0002,1.0014,5.8829,11.0461,
382,4,315,300,444,359,1.0000,-0.0647,-0.0013,0.9982,1.4423,9.6779,
383,4,305,301,433,358,0.9952,-0.0533,0.0129,0.9723,1.0648,9.7049,
384,4,300,303,428,359,1.0042,-0.0628,0.0040,0.9932,5.8473,10.9086,
385,4,289,307,417,362,0.9997,-0.0808,0.0153,0.9964,0.3526,12.0233,
386,4,267,285,393,353,0.6917,0.9967,0.0026,1.0773,-14.0753,9.2746,
387,4,261,286,388,354,1.0042,-0.0576,0.0085,0.9877,5.5673,10.3275,
388,4,255,288,383,354,1.0088,-0.0781,-0.0006,0.9712,5.7506,11.4789,
389,4,249,290,378,355,1.0033,-0.0610,0.0031,0.9952,5.6754,10.8051,
390,4,244,292,372,356,0.9994,-0.0540,-0.0004,0.9808,5.8320,11.4735,
391,4,239,294,367,356,1.0004,-0.0624,0.0144,0.9724,6.0728,10.7460,
392,4,234,296,362,357,0.9992,-0.0046,0.0105,0.9856,4.7176,10.5333,
393,4,230,297,357,358,0.9951,-0.0064,0.0173,1.0024,5.3485,9.2807,
394,4,226,298,353,358,1.0030,0.0733,0.0148,0.9832,2.9626,9.9890,
395,4,222,299,349,358,0.9987,0.0742,0.0087,0.9917,3.6418,9.7379,
396,4,219,300,345,358,0.9954,0.0085,-0.0030,0.9857,5.8077,10.8052,
397,4,214,301,341,359,1.0084,-0.0461,-0.0052,0.9969,6.2104,11.0701,
398,4,210,302,338,361,1.0095,0.0327,-0.0090,1.0116,4.6388,11.4468,
399,4,207,304,335,364,1.0011,0.0151,-0.0049,1.0149,5.7867,11.9680,
400,4,204,306,333,367,1.0094,0.0458,-0.0219,1.0202,5.1222,12.8629,
401,4,204,299,315,365,1.0000,-0.0000,0.0000,1.0000,10.0011,9.9977,
402,4,202,301,313,368,1.0001,-0.0084,0.0018,1.0158,7.5916,11.3709,
403,4,192,309,302,377,0.9954,-0.0240,-0.0063,1.0086,0.0239,18.1244,
404,4,192,309,302,377,1.0061,-0.0050,-0.0101,0.9966,8.4785,11.4449,
405,4,192,311,301,378,0.9928,0.0021,0.0026,0.9865,9.2553,11.2752,
406,4,191,313,301,378,1.0051,-0.0131,0.0047,0.9782,9.2739,11.0994,
407,4,191,315,301,381,0.9977,0.0052,-0.0042,1.0174,9.4025,11.2432,
408,4,191,317,301,385,0.9987,-0.0121,-0.0053,1.0368,9.6629,11.5122,
409,4,191,319,301,390,0.9988,0.0002,-0.0146,1.0506,9.1810,12.1145,
410,4,191,321,300,395,0.9995,-0.0057,-0.0188,1.0404,9.2137,12.6716,
411,4,191,323,300,399,1.0007,0.0012,-0.0152,1.0198,9.3997,12.6132,
412,4,191,323,300,399,1.0077,-0.0164,-0.0028,0.9934,9.7476,11.0849,
413,4,191,323,300,399,0.9939,0.0021,0.0072,0.9981,10.4629,10.0318,
414,4,192,325,301,399,1.0021,-0.0022,0.0098,0.9847,10.1897,10.5114,
415,4,192,325,301,399,0.9983,-0.0005,-0.0032,1.0024,10.0854,10.1543,
416,4,192,325,301,399,1.0017,-0.0031,0.0003,0.9996,10.0669,10.0314,
417,4,192,325,301,399,0.9988,-0.0000,0.0061,0.9993,10.2142,9.7592,
418,4,194,325,301,400,0.9891,0.0147,-0.0051,1.0073,10.6232,10.1421,
419,4,194,325,301,400,0.9996,-0.0014,-0.0022,0.9983,10.0534,10.1645,
420,4,194,325,301,400,1.0001,0.0004,0.0012,1.0003,9.9735,9.9119,
421,4,180,324,298,390,0.0000,0.0000,0.0000,0.0000,0.0000,0.0000,
422,4,180,324,298,390,0.0000,0.0000,0.0000,0.0000,0.0000,0.0000,
423,4,180,324,298,390,0.0000,0.0000,0.0000,0.0000,0.0000,0.0000,
424,4,180,324,298,390,0.0000,0.0000,0.0000,0.0000,0.0000,0.0000,
425,4,180,324,298,390,0.0000,0.0000,0.0000,0.0000,0.0000,0.0000,
426,4,180,324,298,390,0.0000,0.0000,0.0000,0.0000,0.0000,0.0000,
427,4,180,324,298,390,0.0000,0.0000,0.0000,0.0000,0.0000,0.0000,
428,4,180,324,298,390,0.0000,0.0000,0.0000,0.0000,0.0000,0.0000,
429,4,180,324,298,390,0.0000,0.0000,0.0000,0.0000,0.0000,0.0000,
430,4,180,324,298,390,0.0000,0.0000,0.0000,0.0000,0.0000,0.0000,
431,4,180,324,298,390,0.0000,0.0000,0.0000,0.0000,0.0000,0.0000,
432,4,180,324,298,390,0.0000,0.0000,0.0000,0.0000,0.0000,0.0000,
433,4,180,324,298,390,0.0000,0.0000,0.0000,0.0000,0.0000,0.0000,
434,4,180,324,298,390,0.0000,0.0000,0.0000,0.0000,0.0000,0.0000,
435,4,180,324,298,390,0.0000,0.0000,0.0000,0.0000,0.0000,0.0000,
436,4,180,324,298,390,0.0000,0.0000,0.0000,0.0000,0.0000,0.0000,
437,4,180,324,298,390,0.0000,0.0000,0.0000,0.0000,0.0000,0.0000,
438,4,180,324,298,390,0.0000,0.0000,0.0000,0.0000,0.0000,0.0000,
439,4,180,324,298,390,0.0000,0.0000,0.0000,0.0000,0.0000,0.0000,
440,4,180,324,298,390,0.0000,0.0000,0.0000,0.0000,0.0000,0.0000,
441,4,180,324,298,390,0.0000,0.0000,0.0000,0.0000,0.0000,0.0000,
442,4,180,324,298,390,0.0000,0.0000,0.0000,0.0000,0.0000,0.0000,
443,4,180,324,298,390,0.0000,0.0000,0.0000,0.0000,0.0000,0.0000,
444,4,180,324,298,390,0.0000,0.0000,0.0000,0.0000,0.0000,0.0000,
445,4,180,324,298,390,0.0000,0.0000,0.0000,0.0000,0.0000,0.0000,
446,4,180,324,298,390,0.0000,0.0000,0.0000,0.0000,0.0000,0.0000,
447,4,180,324,298,390,0.0000,0.0000,0.0000,0.0000,0.0000,0.0000,
448,4,180,324,298,390,0.0000,0.0000,0.0000,0.0000,0.0000,0.0000,
