1,2,164,246,478,479,
2,2,164,246,478,479,
3,2,164,246,478,479,
4,2,164,246,478,479,
5,2,164,246,478,479,
6,2,164,246,478,479,
7,2,164,246,478,479,
8,2,164,246,478,479,
9,2,164,246,478,479,
10,2,164,246,478,479,
11,2,164,246,478,479,
12,2,164,246,478,479,
13,2,164,246,478,479,
14,2,164,246,478,479,
15,2,164,246,478,479,
16,2,164,246,478,479,
17,2,164,246,478,479,
18,2,164,246,478,479,
19,2,164,246,478,479,
20,2,164,246,478,479,
21,2,164,246,478,479,
22,2,164,246,478,479,
23,2,164,246,478,479,
24,2,164,246,478,479,
25,2,164,246,478,479,
26,2,164,246,478,479,
27,2,164,246,478,479,
28,2,164,246,478,479,
29,2,164,246,478,479,
30,2,164,246,478,479,
31,2,164,246,478,479,
32,2,164,246,478,479,
33,2,164,246,478,479,
34,2,164,246,478,479,
35,2,164,246,478,479,
36,2,164,246,478,479,
37,2,164,246,478,479,
38,2,164,246,478,479,
39,2,164,246,478,479,
40,2,164,246,478,479,
41,2,164,246,478,479,
42,2,164,246,478,479,
43,2,164,246,478,479,
44,2,164,246,478,479,
45,2,164,246,478,479,
46,2,164,246,478,479,
47,2,164,246,478,479,
48,2,164,246,478,479,
49,2,164,246,478,479,
50,2,164,246,478,479,
51,2,164,246,478,479,
52,2,164,246,478,479,
53,2,164,246,478,479,
54,2,164,246,478,479,
55,2,164,246,478,479,
56,2,164,246,478,479,
57,2,164,246,478,479,
58,2,164,246,478,479,
59,2,164,246,478,479,
60,2,164,246,478,479,
61,2,164,246,478,479,
62,2,164,246,478,479,
63,2,164,246,478,479,
64,2,164,246,478,479,
65,2,164,246,478,479,
66,2,164,246,478,479,
67,2,164,246,478,479,
68,2,164,246,478,479,
69,2,164,246,478,479,
70,2,164,246,478,479,
71,2,164,246,478,479,
72,2,164,246,478,479,
73,2,164,246,478,479,
74,2,164,246,478,479,
75,2,164,246,478,479,
76,2,164,246,478,479,
77,2,164,246,478,479,
78,2,164,246,478,479,
79,2,164,246,478,479,
80,2,164,246,478,479,
81,2,164,246,478,479,
82,2,164,246,478,479,
83,2,164,246,478,479,
84,2,164,246,478,479,
85,2,164,246,478,479,
86,2,164,246,478,479,
87,2,164,246,478,479,
88,2,164,246,478,479,
89,2,164,246,478,479,
90,2,164,246,478,479,
91,2,164,246,478,479,
92,2,164,246,478,479,
93,2,164,246,478,479,
94,2,164,246,478,479,
95,2,164,246,478,479,
96,2,164,246,478,479,
97,2,164,246,478,479,
98,2,164,246,478,479,
99,2,164,246,478,479,
100,2,164,246,478,479,
101,2,164,246,478,479,
102,2,164,246,478,479,
103,2,164,246,478,479,
104,2,164,246,478,479,
105,2,164,246,478,479,
106,2,164,246,478,479,
107,2,164,246,478,479,
108,2,164,246,478,479,
109,2,164,246,478,479,
110,2,164,246,478,479,
111,2,164,246,478,479,
112,2,164,246,478,479,
113,2,164,246,478,479,
114,2,164,246,478,479,
115,2,164,246,478,479,
116,2,164,246,478,479,
117,2,164,246,478,479,
118,2,164,246,478,479,
119,2,164,246,478,479,
120,2,164,246,478,479,
121,2,164,246,478,479,
122,2,164,246,478,479,
123,2,164,246,478,479,
124,2,164,246,478,479,
125,2,164,246,478,479,
126,2,164,246,478,479,
127,2,164,246,478,479,
128,2,164,246,478,479,
129,2,164,246,478,479,
130,2,164,246,478,479,
131,2,164,246,478,479,
132,2,164,246,478,479,
133,2,164,246,478,479,
134,2,164,246,478,479,
135,2,164,246,478,479,
136,2,164,246,478,479,
137,2,164,246,478,479,
138,2,164,246,478,479,
139,2,164,246,478,479,
140,2,164,246,478,479,
141,2,164,246,478,479,
142,2,164,246,478,479,
143,2,164,246,478,479,
144,2,164,246,478,479,
145,2,164,246,478,479,
146,2,164,246,478,479,
147,2,164,246,478,479,
148,2,164,246,478,479,
149,2,164,246,478,479,
150,2,164,246,478,479,
151,2,164,246,478,479,
152,2,164,246,478,479,
153,2,164,246,478,479,
154,2,164,246,478,479,
155,2,164,246,478,479,
156,2,164,246,478,479,
157,2,164,246,478,479,
158,2,164,246,478,479,
159,2,164,246,478,479,
160,2,164,246,478,479,
161,2,164,246,478,479,
162,2,164,246,478,479,
163,2,164,246,478,479,
164,2,164,246,478,479,
165,2,164,246,478,479,
166,2,164,246,478,479,
167,2,164,246,478,479,
168,2,164,246,478,479,
169,2,164,246,478,479,
170,2,164,246,478,479,
171,2,164,246,478,479,
172,2,164,246,478,479,
173,2,164,246,478,479,
174,2,164,246,478,479,
175,2,164,246,478,479,
176,2,164,246,478,479,
177,2,164,246,478,479,
178,2,164,246,478,479,
179,2,164,246,478,479,
180,2,164,246,478,479,
181,2,164,246,478,479,
182,2,164,246,478,479,
183,2,164,246,478,479,
184,2,164,246,478,479,
185,2,164,246,478,479,
186,2,164,246,478,479,
187,2,164,246,478,479,
188,2,164,246,478,479,
189,2,164,246,478,479,
190,2,164,246,478,479,
191,2,164,246,478,479,
192,2,164,246,478,479,
193,2,164,246,478,479,
194,2,164,246,478,479,
195,2,164,246,478,479,
196,2,164,246,478,479,
197,2,164,246,478,479,
198,2,164,246,478,479,
199,2,164,246,478,479,
200,2,164,246,478,479,
201,2,164,246,478,479,
202,2,164,246,478,479,
203,2,164,246,478,479,
204,2,164,246,478,479,
205,2,164,246,478,479,
206,2,164,246,478,479,
207,2,164,246,478,479,
208,2,164,246,478,479,
209,2,164,246,478,479,
210,2,164,246,478,479,
211,2,164,246,478,479,
212,2,164,246,478,479,
213,2,164,246,478,479,
214,2,164,246,478,479,
215,2,164,246,478,479,
216,2,164,246,478,479,
217,2,164,246,478,479,
218,2,164,246,478,479,
219,2,164,246,478,479,
220,2,164,246,478,479,
221,2,164,246,478,479,
222,2,164,246,478,479,
223,2,164,246,478,479,
224,2,164,246,478,479,
225,2,164,246,478,479,
226,2,164,246,478,479,
227,2,164,246,478,479,
228,2,164,246,478,479,
229,2,164,246,478,479,
230,2,164,246,478,479,
231,2,164,246,478,479,
232,2,164,246,478,479,
233,2,164,246,478,479,
234,2,164,246,478,479,
235,2,164,246,478,479,
236,2,164,246,478,479,
237,2,164,246,478,479,
238,2,164,246,478,479,
239,2,164,246,478,479,
240,2,164,246,478,479,
241,2,164,246,478,479,
242,2,164,246,478,479,
243,2,164,246,478,479,
244,2,164,246,478,479,
245,2,164,246,478,479,
246,2,164,246,478,479,
247,2,164,246,478,479,
248,2,164,246,478,479,
249,2,164,246,478,479,
250,2,164,246,478,479,
251,2,164,246,478,479,
252,2,164,246,478,479,
253,2,164,246,478,479,
254,2,164,246,478,479,
255,2,164,246,478,479,
256,2,164,246,478,479,
257,2,164,246,478,479,
258,2,164,246,478,479,
259,2,164,246,478,479,
260,2,164,246,478,479,
261,2,164,246,478,479,
262,2,164,246,478,479,
263,2,164,246,478,479,
264,2,164,246,478,479,
265,2,164,246,478,479,
266,2,164,246,478,479,
267,2,164,246,478,479,
268,2,164,246,478,479,
269,2,164,246,478,479,
270,2,164,246,478,479,
271,2,164,246,478,479,
272,2,164,246,478,479,
273,2,164,246,478,479,
274,2,164,246,478,479,
275,2,164,246,478,479,
276,2,164,246,478,479,
277,2,164,246,478,479,
278,2,164,246,478,479,
279,2,164,246,478,479,
280,2,164,246,478,479,
281,2,164,246,478,479,
282,2,164,246,478,479,
283,2,164,246,478,479,
284,2,164,246,478,479,
285,2,164,246,478,479,
286,2,164,246,478,479,
287,2,164,246,478,479,
288,2,164,246,478,479,
289,2,164,246,478,479,
290,2,164,246,478,479,
291,2,164,246,478,479,
292,2,164,246,478,479,
293,2,164,246,478,479,
294,2,164,246,478,479,
295,2,164,246,478,479,
296,2,164,246,478,479,
297,2,164,246,478,479,
298,2,164,246,478,479,
299,2,164,246,478,479,
300,2,164,246,478,479,
301,2,164,246,478,479,
302,2,164,246,478,479,
303,2,164,246,478,479,
304,2,164,246,478,479,
305,2,164,246,478,479,
306,2,164,246,478,479,
307,2,164,246,478,479,
308,2,164,246,478,479,
309,2,164,246,478,479,
310,2,164,246,478,479,
311,2,164,246,478,479,
312,2,164,246,478,479,
313,2,164,246,478,479,
314,2,164,246,478,479,
315,2,164,246,478,479,
316,2,164,246,478,479,
317,2,164,246,478,479,
318,2,164,246,478,479,
319,2,164,246,478,479,
320,2,164,246,478,479,
321,2,164,246,478,479,
322,2,164,246,478,479,
323,2,164,246,478,479,
324,2,164,246,478,479,
325,2,164,246,478,479,
326,2,164,246,478,479,
327,2,164,246,478,479,
328,2,164,246,478,479,
329,2,164,246,478,479,
330,2,164,246,478,479,
331,2,164,246,478,479,
332,2,164,246,478,479,
333,2,164,246,478,479,
334,2,164,246,478,479,
335,2,164,246,478,479,
336,2,164,246,478,479,
337,2,164,246,478,479,
338,2,164,246,478,479,
339,2,164,246,478,479,
340,2,164,246,478,479,
341,2,164,246,478,479,
342,2,164,246,478,479,
343,2,164,246,478,479,
344,2,164,246,478,479,
345,2,164,246,478,479,
346,2,164,246,478,479,
347,2,164,246,478,479,
348,2,164,246,478,479,
349,2,164,246,478,479,
350,2,164,246,478,479,
351,2,164,246,478,479,
352,2,164,246,478,479,
353,2,164,246,478,479,
354,2,164,246,478,479,
355,2,164,246,478,479,
356,2,164,246,478,479,
357,2,164,246,478,479,
358,2,164,246,478,479,
359,2,164,246,478,479,
360,2,164,246,478,479,
361,2,164,246,478,479,
362,2,164,246,478,479,
363,2,164,246,478,479,
364,2,164,246,478,479,
365,2,164,246,478,479,
366,2,164,246,478,479,
367,2,164,246,478,479,
368,2,164,246,478,479,
369,2,164,246,478,479,
370,2,164,246,478,479,
371,2,164,246,478,479,
372,2,164,246,478,479,
373,2,164,246,478,479,
374,2,164,246,478,479,
375,2,164,246,478,479,
376,2,164,246,478,479,
377,2,164,246,478,479,
378,2,164,246,478,479,
379,2,164,246,478,479,
380,2,164,246,478,479,
381,2,164,246,478,479,
382,2,164,246,478,479,
383,2,164,246,478,479,
384,2,164,246,478,479,
385,2,164,246,478,479,
386,2,164,246,478,479,
387,2,164,246,478,479,
388,2,164,246,478,479,
389,2,164,246,478,479,
390,2,164,246,478,479,
391,2,164,246,478,479,
392,2,164,246,478,479,
393,2,164,246,478,479,
394,2,164,246,478,479,
395,2,164,246,478,479,
396,2,164,246,478,479,
397,2,164,246,478,479,
398,2,164,246,478,479,
399,2,164,246,478,479,
400,2,164,246,478,479,
401,2,164,246,478,479,
402,2,164,246,478,479,
403,2,164,246,478,479,
404,2,164,246,478,479,
405,2,164,246,478,479,
406,2,164,246,478,479,
407,2,164,246,478,479,
408,2,164,246,478,479,
409,2,164,246,478,479,
410,2,164,246,478,479,
411,2,164,246,478,479,
412,2,164,246,478,479,
413,2,164,246,478,479,
414,2,164,246,478,479,
415,2,164,246,478,479,
416,2,164,246,478,479,
417,2,164,246,478,479,
418,2,164,246,478,479,
419,2,164,246,478,479,
420,2,164,246,478,479,
421,2,164,246,478,479,
422,2,164,246,478,479,
423,2,164,246,478,479,
424,2,164,246,478,479,
425,2,164,246,478,479,
426,2,164,246,478,479,
427,2,164,246,478,479,
428,2,164,246,478,479,
429,2,164,246,478,479,
430,2,164,246,478,479,
431,2,164,246,478,479,
432,2,164,246,478,479,
433,2,164,246,478,479,
434,2,164,246,478,479,
435,2,164,246,478,479,
436,2,164,246,478,479,
437,2,164,246,478,479,
438,2,164,246,478,479,
439,2,164,246,478,479,
440,2,164,246,478,479,
441,2,164,246,478,479,
442,2,164,246,478,479,
443,2,164,246,478,479,
444,2,164,246,478,479,
445,2,164,246,478,479,
446,2,164,246,478,479,
447,2,164,246,478,479,
448,2,164,246,478,479,
449,2,164,246,478,479,
450,2,164,246,478,479,
451,2,164,246,478,479,
452,2,164,246,478,479,
453,2,164,246,478,479,
454,2,164,246,478,479,
455,2,164,246,478,479,
456,2,164,246,478,479,
457,2,164,246,478,479,
458,2,164,246,478,479,
459,2,164,246,478,479,
460,2,164,246,478,479,
461,2,164,246,478,479,
462,2,164,246,478,479,
463,2,164,246,478,479,
464,2,164,246,478,479,
465,2,164,246,478,479,
466,2,164,246,478,479,
467,2,164,246,478,479,
468,2,164,246,478,479,
469,2,164,246,478,479,
470,2,164,246,478,479,
471,2,164,246,478,479,
472,2,164,246,478,479,
473,2,164,246,478,479,
474,2,164,246,478,479,
475,2,164,246,478,479,
476,2,164,246,478,479,
477,2,164,246,478,479,
478,2,164,246,478,479,
479,2,164,246,478,479,
480,2,164,246,478,479,
481,2,164,246,478,479,
482,2,164,246,478,479,
483,2,164,246,478,479,
484,2,164,246,478,479,
485,2,164,246,478,479,
486,2,164,246,478,479,
487,2,164,246,478,479,
488,2,164,246,478,479,
489,2,164,246,478,479,
490,2,164,246,478,479,
491,2,164,246,478,479,
492,2,164,246,478,479,
493,2,164,246,478,479,
494,2,164,246,478,479,
495,2,164,246,478,479,
496,2,164,246,478,479,
497,2,164,246,478,479,
498,2,164,246,478,479,
499,2,164,246,478,479,
500,2,164,246,478,479,
501,2,164,246,478,479,
502,2,164,246,478,479,
503,2,164,246,478,479,
504,2,164,246,478,479,
505,2,164,246,478,479,
506,2,164,246,478,479,
507,2,164,246,478,479,
508,2,164,246,478,479,
509,2,164,246,478,479,
510,2,164,246,478,479,
511,2,164,246,478,479,
512,2,164,246,478,479,
513,2,164,246,478,479,
514,2,164,246,478,479,
515,2,164,246,478,479,
516,2,164,246,478,479,
517,2,164,246,478,479,
518,2,164,246,478,479,
519,2,164,246,478,479,
520,2,164,246,478,479,
521,2,164,246,478,479,
522,2,164,246,478,479,
523,2,164,246,478,479,
524,2,164,246,478,479,
525,2,164,246,478,479,
526,2,164,246,478,479,
527,2,164,246,478,479,
528,2,164,246,478,479,
529,2,164,246,478,479,
530,2,164,246,478,479,
531,2,164,246,478,479,
532,2,164,246,478,479,
533,2,164,246,478,479,
534,2,164,246,478,479,
535,2,164,246,478,479,
536,2,164,246,478,479,
537,2,164,246,478,479,
538,2,164,246,478,479,
539,2,164,246,478,479,
540,2,164,246,478,479,
541,2,164,246,478,479,
542,2,164,246,478,479,
543,2,164,246,478,479,
544,2,164,246,478,479,
545,2,164,246,478,479,
546,2,164,246,478,479,
547,2,164,246,478,479,
548,2,164,246,478,479,
549,2,164,246,478,479,
550,2,164,246,478,479,
551,2,164,246,478,479,
552,2,164,246,478,479,
553,2,164,246,478,479,
554,2,164,246,478,479,
555,2,164,246,478,479,
556,2,164,246,478,479,
557,2,164,246,478,479,
558,2,164,246,478,479,
559,2,164,246,478,479,
560,2,164,246,478,479,
561,2,164,246,478,479,
562,2,164,246,478,479,
563,2,164,246,478,479,
564,2,164,246,478,479,
565,2,164,246,478,479,
566,2,164,246,478,479,
567,2,164,246,478,479,
568,2,164,246,478,479,
569,2,164,246,478,479,
570,2,164,246,478,479,
571,2,164,246,478,479,
572,2,164,246,478,479,
573,2,164,246,478,479,
574,2,164,246,478,479,
575,2,164,246,478,479,
576,2,164,246,478,479,
577,2,164,246,478,479,
578,2,164,246,478,479,
579,2,164,246,478,479,
580,2,164,246,478,479,
581,2,164,246,478,479,
582,2,164,246,478,479,
583,2,164,246,478,479,
584,2,164,246,478,479,
585,2,164,246,478,479,
586,2,164,246,478,479,
587,2,164,246,478,479,
588,2,164,246,478,479,
589,2,164,246,478,479,
590,2,164,246,478,479,
591,2,164,246,478,479,
592,2,164,246,478,479,
593,2,164,246,478,479,
594,2,164,246,478,479,
595,2,164,246,478,479,
596,2,164,246,478,479,
597,2,164,246,478,479,
598,2,164,246,478,479,
599,2,164,246,478,479,
600,2,164,246,478,479,
601,2,164,246,478,479,
602,2,164,246,478,479,
603,2,164,246,478,479,
604,2,164,246,478,479,
605,2,164,246,478,479,
606,2,164,246,478,479,
607,2,164,246,478,479,
608,2,164,246,478,479,
609,2,164,246,478,479,
610,2,164,246,478,479,
611,2,164,246,478,479,
612,2,164,246,478,479,
613,2,164,246,478,479,
614,2,164,246,478,479,
615,2,164,246,478,479,
616,2,164,246,478,479,
617,2,164,246,478,479,
618,2,164,246,478,479,
619,2,164,246,478,479,
620,2,164,246,478,479,
621,2,164,246,478,479,
622,2,164,246,478,479,
623,2,164,246,478,479,
624,2,164,246,478,479,
625,2,164,246,478,479,
626,2,164,246,478,479,
627,2,164,246,478,479,
628,2,164,246,478,479,
629,2,164,246,478,479,
630,2,164,246,478,479,
631,2,164,246,478,479,
632,2,164,246,478,479,
633,2,164,246,478,479,
634,2,164,246,478,479,
635,2,164,246,478,479,
636,2,164,246,478,479,
637,2,164,246,478,479,
638,2,164,246,478,479,
639,2,164,246,478,479,
640,2,164,246,478,479,
641,2,164,246,478,479,
642,2,164,246,478,479,
643,2,164,246,478,479,
644,2,164,246,478,479,
645,2,164,246,478,479,
646,2,164,246,478,479,
647,2,164,246,478,479,
648,2,164,246,478,479,
649,2,164,246,478,479,
650,2,164,246,478,479,
651,2,164,246,478,479,
652,2,164,246,478,479,
653,2,164,246,478,479,
654,2,164,246,478,479,
655,2,164,246,478,479,
656,2,164,246,478,479,
657,2,164,246,478,479,
658,2,164,246,478,479,
659,2,164,246,478,479,
660,2,164,246,478,479,
661,2,164,246,478,479,
662,2,164,246,478,479,
663,2,164,246,478,479,
664,2,164,246,478,479,
665,2,164,246,478,479,
666,2,164,246,478,479,
667,2,164,246,478,479,
668,2,164,246,478,479,
669,2,164,246,478,479,
670,2,164,246,478,479,
671,2,164,246,478,479,
672,2,164,246,478,479,
673,2,164,246,478,479,
674,2,164,246,478,479,
675,2,164,246,478,479,
676,2,164,246,478,479,
677,2,164,246,478,479,
678,2,164,246,478,479,
679,2,164,246,478,479,
680,2,164,246,478,479,
681,2,164,246,478,479,
682,2,164,246,478,479,
683,2,164,246,478,479,
684,2,164,246,478,479,
685,2,164,246,478,479,
686,2,164,246,478,479,
687,2,164,246,478,479,
688,2,164,246,478,479,
689,2,164,246,478,479,
690,2,164,246,478,479,
691,2,164,246,478,479,
692,2,164,246,478,479,
693,2,164,246,478,479,
694,2,164,246,478,479,
695,2,164,246,478,479,
696,2,164,246,478,479,
697,2,164,246,478,479,
698,2,164,246,478,479,
699,2,164,246,478,479,
700,2,164,246,478,479,
701,2,164,246,478,479,
702,2,164,246,478,479,
703,2,164,246,478,479,
704,2,164,246,478,479,
705,2,164,246,478,479,
706,2,164,246,478,479,
707,2,164,246,478,479,
708,2,164,246,478,479,
709,2,164,246,478,479,
710,2,164,246,478,479,
711,2,164,246,478,479,
712,2,164,246,478,479,
713,2,164,246,478,479,
714,2,164,246,478,479,
715,2,164,246,478,479,
716,2,164,246,478,479,
717,2,164,246,478,479,
718,2,164,246,478,479,
719,2,164,246,478,479,
720,2,164,246,478,479,
721,2,164,246,478,479,
722,2,164,246,478,479,
723,2,164,246,478,479,
724,2,164,246,478,479,
725,2,164,246,478,479,
726,2,164,246,478,479,
727,2,164,246,478,479,
728,2,164,246,478,479,
729,2,164,246,478,479,
730,2,164,246,478,479,
731,2,164,246,478,479,
732,2,164,246,478,479,
733,2,164,246,478,479,
734,2,164,246,478,479,
735,2,164,246,478,479,
736,2,164,246,478,479,
737,2,164,246,478,479,
738,2,164,246,478,479,
739,2,164,246,478,479,
740,2,164,246,478,479,
741,2,164,246,478,479,
742,2,164,246,478,479,
743,2,164,246,478,479,
744,2,164,246,478,479,
745,2,164,246,478,479,
746,2,164,246,478,479,
747,2,164,246,478,479,
748,2,164,246,478,479,
749,2,164,246,478,479,
750,2,164,246,478,479,
751,2,164,246,478,479,
752,2,164,246,478,479,
753,2,164,246,478,479,
754,2,164,246,478,479,
755,2,164,246,478,479,
756,2,164,246,478,479,
757,2,164,246,478,479,
758,2,164,246,478,479,
759,2,164,246,478,479,
760,2,164,246,478,479,
761,2,164,246,478,479,
762,2,164,246,478,479,
763,2,164,246,478,479,
764,2,164,246,478,479,
765,2,164,246,478,479,
766,2,164,246,478,479,
767,2,164,246,478,479,
768,2,164,246,478,479,
769,2,164,246,478,479,
770,2,164,246,478,479,
771,2,164,246,478,479,
772,2,164,246,478,479,
773,2,164,246,478,479,
774,2,164,246,478,479,
775,2,164,246,478,479,
776,2,164,246,478,479,
777,2,164,246,478,479,
778,2,164,246,478,479,
779,2,164,246,478,479,
780,2,164,246,478,479,
781,2,164,246,478,479,
782,2,164,246,478,479,
783,2,164,246,478,479,
784,2,164,246,478,479,
785,2,164,246,478,479,
786,2,164,246,478,479,
787,2,164,246,478,479,
788,2,164,246,478,479,
789,2,164,246,478,479,
790,2,164,246,478,479,
791,2,164,246,478,479,
792,2,164,246,478,479,
793,2,164,246,478,479,
794,2,164,246,478,479,
795,2,164,246,478,479,
796,2,164,246,478,479,
797,2,164,246,478,479,
798,2,164,246,478,479,
799,2,164,246,478,479,
800,2,164,246,478,479,
801,2,164,246,478,479,
802,2,164,246,478,479,
803,2,164,246,478,479,
804,2,164,246,478,479,
805,2,164,246,478,479,
806,2,164,246,478,479,
807,2,164,246,478,479,
808,2,164,246,478,479,
809,2,164,246,478,479,
810,2,164,246,478,479,
811,2,164,246,478,479,
812,2,164,246,478,479,
813,2,164,246,478,479,
814,2,164,246,478,479,
815,2,164,246,478,479,
816,2,164,246,478,479,
817,2,164,246,478,479,
818,2,164,246,478,479,
819,2,164,246,478,479,
820,2,164,246,478,479,
821,2,164,246,478,479,
822,2,164,246,478,479,
823,2,164,246,478,479,
824,2,164,246,478,479,
825,2,164,246,478,479,
826,2,164,246,478,479,
827,2,164,246,478,479,
828,2,164,246,478,479,
829,2,164,246,478,479,
830,2,164,246,478,479,
831,2,164,246,478,479,
832,2,164,246,478,479,
833,2,164,246,478,479,
834,2,164,246,478,479,
835,2,164,246,478,479,
836,2,164,246,478,479,
837,2,164,246,478,479,
838,2,164,246,478,479,
839,2,164,246,478,479,
840,2,164,246,478,479,
841,2,164,246,478,479,
842,2,164,246,478,479,
843,2,164,246,478,479,
844,2,164,246,478,479,
845,2,164,246,478,479,
846,2,164,246,478,479,
847,2,164,246,478,479,
848,2,164,246,478,479,
849,2,164,246,478,479,
850,2,164,246,478,479,
851,2,164,246,478,479,
852,2,164,246,478,479,
853,2,164,246,478,479,
854,2,164,246,478,479,
855,2,164,246,478,479,
856,2,164,246,478,479,
857,2,164,246,478,479,
858,2,164,246,478,479,
859,2,164,246,478,479,
860,2,164,246,478,479,
861,2,164,246,478,479,
862,2,164,246,478,479,
863,2,164,246,478,479,
864,2,164,246,478,479,
865,2,164,246,478,479,
866,2,164,246,478,479,
867,2,164,246,478,479,
868,2,164,246,478,479,
869,2,164,246,478,479,
870,2,164,246,478,479,
871,2,164,246,478,479,
872,2,164,246,478,479,
873,2,164,246,478,479,
874,2,164,246,478,479,
875,2,164,246,478,479,
876,2,164,246,478,479,
877,2,164,246,478,479,
878,2,164,246,478,479,
879,2,164,246,478,479,
880,2,164,246,478,479,
881,2,164,246,478,479,
882,2,164,246,478,479,
883,2,164,246,478,479,
884,2,164,246,478,479,
885,2,164,246,478,479,
886,2,164,246,478,479,
887,2,164,246,478,479,
888,2,164,246,478,479,
889,2,164,246,478,479,
890,2,164,246,478,479,
891,2,164,246,478,479,
892,2,164,246,478,479,
893,2,164,246,478,479,
894,2,164,246,478,479,
895,2,164,246,478,479,
896,2,164,246,478,479,
897,2,164,246,478,479,
898,2,164,246,478,479,
899,2,164,246,478,479,
900,2,164,246,478,479,
901,2,164,246,478,479,
902,2,164,246,478,479,
903,2,164,246,478,479,
904,2,164,246,478,479,
905,2,164,246,478,479,
906,2,164,246,478,479,
907,2,164,246,478,479,
908,2,164,246,478,479,
909,2,164,246,478,479,
910,2,164,246,478,479,
911,2,164,246,478,479,
912,2,164,246,478,479,
913,2,164,246,478,479,
914,2,164,246,478,479,
915,2,164,246,478,479,
916,2,164,246,478,479,
917,2,164,246,478,479,
918,2,164,246,478,479,
919,2,164,246,478,479,
920,2,164,246,478,479,
921,2,164,246,478,479,
922,2,164,246,478,479,
923,2,164,246,478,479,
924,2,164,246,478,479,
925,2,164,246,478,479,
926,2,164,246,478,479,
927,2,164,246,478,479,
928,2,164,246,478,479,
929,2,164,246,478,479,
930,2,164,246,478,479,
931,2,164,246,478,479,
932,2,164,246,478,479,
933,2,164,246,478,479,
934,2,164,246,478,479,
935,2,164,246,478,479,
936,2,164,246,478,479,
937,2,164,246,478,479,
938,2,164,246,478,479,
939,2,164,246,478,479,
940,2,164,246,478,479,
941,2,164,246,478,479,
942,2,164,246,478,479,
943,2,164,246,478,479,
944,2,164,246,478,479,
945,2,164,246,478,479,
946,2,164,246,478,479,
947,2,164,246,478,479,
948,2,164,246,478,479,
949,2,164,246,478,479,
950,2,164,246,478,479,
951,2,164,246,478,479,
952,2,164,246,478,479,
953,2,164,246,478,479,
954,2,164,246,478,479,
955,2,164,246,478,479,
956,2,164,246,478,479,
957,2,164,246,478,479,
958,2,164,246,478,479,
959,2,164,246,478,479,
960,2,164,246,478,479,
961,2,164,246,478,479,
962,2,164,246,478,479,
963,2,164,246,478,479,
964,2,164,246,478,479,
965,2,164,246,478,479,
966,2,164,246,478,479,
967,2,164,246,478,479,
968,2,164,246,478,479,
969,2,164,246,478,479,
970,2,164,246,478,479,
971,2,164,246,478,479,
972,2,164,246,478,479,
973,2,164,246,478,479,
974,2,164,246,478,479,
975,2,164,246,478,479,
976,2,164,246,478,479,
977,2,164,246,478,479,
978,2,164,246,478,479,
979,2,164,246,478,479,
980,2,164,246,478,479,
981,2,164,246,478,479,
982,2,164,246,478,479,
983,2,164,246,478,479,
984,2,164,246,478,479,
985,2,164,246,478,479,
986,2,164,246,478,479,
987,2,164,246,478,479,
988,2,164,246,478,479,
989,2,164,246,478,479,
990,2,164,246,478,479,
991,2,164,246,478,479,
992,2,164,246,478,479,
993,2,164,246,478,479,
994,2,164,246,478,479,
995,2,164,246,478,479,
996,2,164,246,478,479,
997,2,164,246,478,479,
998,2,164,246,478,479,
999,2,164,246,478,479,
1000,2,164,246,478,479,
1001,2,164,246,478,479,
1002,2,164,246,478,479,
1003,2,164,246,478,479,
1004,2,164,246,478,479,
1005,2,164,246,478,479,
1006,2,164,246,478,479,
1007,2,164,246,478,479,
1008,2,164,246,478,479,
1009,2,164,246,478,479,
1010,2,164,246,478,479,
1011,2,164,246,478,479,
1012,2,164,246,478,479,
1013,2,164,246,478,479,
1014,2,164,246,478,479,
1015,2,164,246,478,479,
1016,2,164,246,478,479,
1017,2,164,246,478,479,
1018,2,164,246,478,479,
1019,2,164,246,478,479,
1020,2,164,246,478,479,
1021,2,164,246,478,479,
1022,2,164,246,478,479,
1023,2,164,246,478,479,
1024,2,164,246,478,479,
1025,2,164,246,478,479,
1026,2,164,246,478,479,
1027,2,164,246,478,479,
1028,2,164,246,478,479,
1029,2,164,246,478,479,
1030,2,164,246,478,479,
1031,2,164,246,478,479,
1032,2,164,246,478,479,
1033,2,164,246,478,479,
1034,2,164,246,478,479,
1035,2,164,246,478,479,
1036,2,164,246,478,479,
1037,2,164,246,478,479,
1038,2,164,246,478,479,
1039,2,164,246,478,479,
1040,2,164,246,478,479,
1041,2,164,246,478,479,
1042,2,164,246,478,479,
1043,2,164,246,478,479,
1044,2,164,246,478,479,
1045,2,164,246,478,479,
1046,2,164,246,478,479,
1047,2,164,246,478,479,
1048,2,164,246,478,479,
1049,2,164,246,478,479,
1050,2,164,246,478,479,
1051,2,164,246,478,479,
1052,2,164,246,478,479,
1053,2,164,246,478,479,
1054,2,164,246,478,479,
1055,2,164,246,478,479,
1056,2,164,246,478,479,
1057,2,164,246,478,479,
1058,2,164,246,478,479,
1059,2,164,246,478,479,
1060,2,164,246,478,479,
1061,2,164,246,478,479,
1062,2,164,246,478,479,
1063,2,164,246,478,479,
1064,2,164,246,478,479,
1065,2,164,246,478,479,
1066,2,164,246,478,479,
1067,2,164,246,478,479,
1068,2,164,246,478,479,
1069,2,164,246,478,479,
1070,2,164,246,478,479,
1071,2,164,246,478,479,
1072,2,164,246,478,479,
1073,2,164,246,478,479,
1074,2,164,246,478,479,
1075,2,164,246,478,479,
1076,2,164,246,478,479,
1077,2,164,246,478,479,
1078,2,164,246,478,479,
1079,2,164,246,478,479,
1080,2,164,246,478,479,
1081,2,164,246,478,479,
1082,2,164,246,478,479,
1083,2,164,246,478,479,
1084,2,164,246,478,479,
1085,2,164,246,478,479,
1086,2,164,246,478,479,
1087,2,164,246,478,479,
1088,2,164,246,478,479,
1089,2,164,246,478,479,
1090,2,164,246,478,479,
1091,2,164,246,478,479,
1092,2,164,246,478,479,
1093,2,164,246,478,479,
1094,2,164,246,478,479,
1095,2,164,246,478,479,
1096,2,164,246,478,479,
1097,2,164,246,478,479,
1098,2,164,246,478,479,
1099,2,164,246,478,479,
1100,2,164,246,478,479,
1101,2,164,246,478,479,
1102,2,164,246,478,479,
1103,2,164,246,478,479,
1104,2,164,246,478,479,
1105,2,164,246,478,479,
1106,2,164,246,478,479,
1107,2,164,246,478,479,
1108,2,164,246,478,479,
1109,2,164,246,478,479,
1110,2,164,246,478,479,
1111,2,164,246,478,479,
1112,2,164,246,478,479,
1113,2,164,246,478,479,
1114,2,164,246,478,479,
1115,2,164,246,478,479,
1116,2,164,246,478,479,
1117,2,164,246,478,479,
1118,2,164,246,478,479,
1119,2,164,246,478,479,
1120,2,164,246,478,479,
1121,2,164,246,478,479,
1122,2,164,246,478,479,
1123,2,164,246,478,479,
1124,2,164,246,478,479,
1125,2,164,246,478,479,
1126,2,164,246,478,479,
1127,2,164,246,478,479,
1128,2,164,246,478,479,
1129,2,164,246,478,479,
1130,2,164,246,478,479,
1131,2,164,246,478,479,
1132,2,164,246,478,479,
1133,2,164,246,478,479,
1134,2,164,246,478,479,
1135,2,164,246,478,479,
1136,2,164,246,478,479,
1137,2,164,246,478,479,
1138,2,164,246,478,479,
1139,2,164,246,478,479,
1140,2,164,246,478,479,
1141,2,164,246,478,479,
1142,2,164,246,478,479,
1143,2,164,246,478,479,
1144,2,164,246,478,479,
1145,2,164,246,478,479,
1146,2,164,246,478,479,
1147,2,164,246,478,479,
1148,2,164,246,478,479,
1149,2,164,246,478,479,
1150,2,164,246,478,479,
1151,2,164,246,478,479,
1152,2,164,246,478,479,
1153,2,164,246,478,479,
1154,2,164,246,478,479,
1155,2,164,246,478,479,
1156,2,164,246,478,479,
1157,2,164,246,478,479,
1158,2,164,246,478,479,
1159,2,164,246,478,479,
1160,2,164,246,478,479,
1161,2,164,246,478,479,
1162,2,164,246,478,479,
1163,2,164,246,478,479,
1164,2,164,246,478,479,
1165,2,164,246,478,479,
1166,2,164,246,478,479,
1167,2,164,246,478,479,
1168,2,164,246,478,479,
1169,2,164,246,478,479,
1170,2,164,246,478,479,
1171,2,164,246,478,479,
1172,2,164,246,478,479,
1173,2,164,246,478,479,
1174,2,164,246,478,479,
1175,2,164,246,478,479,
1176,2,164,246,478,479,
1177,2,164,246,478,479,
1178,2,164,246,478,479,
1179,2,164,246,478,479,
1180,2,164,246,478,479,
1181,2,164,246,478,479,
1182,2,164,246,478,479,
1183,2,164,246,478,479,
1184,2,164,246,478,479,
1185,2,164,246,478,479,
1186,2,164,246,478,479,
1187,2,164,246,478,479,
1188,2,164,246,478,479,
1189,2,164,246,478,479,
1190,2,164,246,478,479,
1191,2,164,246,478,479,
1192,2,164,246,478,479,
1193,2,164,246,478,479,
1194,2,164,246,478,479,
1195,2,164,246,478,479,
1196,2,164,246,478,479,
1197,2,164,246,478,479,
1198,2,164,246,478,479,
1199,2,164,246,478,479,
1200,2,164,246,478,479,
1201,2,164,246,478,479,
1202,2,164,246,478,479,
1203,2,164,246,478,479,
1204,2,164,246,478,479,
1205,2,164,246,478,479,
1206,2,164,246,478,479,
1207,2,164,246,478,479,
1208,2,164,246,478,479,
1209,2,164,246,478,479,
1210,2,164,246,478,479,
1211,2,164,246,478,479,
1212,2,164,246,478,479,
1213,2,164,246,478,479,
1214,2,164,246,478,479,
1215,2,164,246,478,479,
1216,2,164,246,478,479,
1217,2,164,246,478,479,
1218,2,164,246,478,479,
1219,2,164,246,478,479,
1220,2,164,246,478,479,
1221,2,164,246,478,479,
1222,2,164,246,478,479,
1223,2,164,246,478,479,
1224,2,164,246,478,479,
1225,2,164,246,478,479,
1226,2,164,246,478,479,
1227,2,164,246,478,479,
1228,2,164,246,478,479,
1229,2,164,246,478,479,
1230,2,164,246,478,479,
1231,2,164,246,478,479,
1232,2,164,246,478,479,
1233,2,164,246,478,479,
1234,2,164,246,478,479,
1235,2,164,246,478,479,
1236,2,164,246,478,479,
1237,2,164,246,478,479,
1238,2,164,246,478,479,
1239,2,164,246,478,479,
1240,2,164,246,478,479,
1241,2,164,246,478,479,
1242,2,164,246,478,479,
1243,2,164,246,478,479,
1244,2,164,246,478,479,
1245,2,164,246,478,479,
1246,2,164,246,478,479,
1247,2,164,246,478,479,
1248,2,164,246,478,479,
1249,2,164,246,478,479,
1250,2,164,246,478,479,
1251,2,164,246,478,479,
1252,2,164,246,478,479,
1253,2,164,246,478,479,
1254,2,164,246,478,479,
1255,2,164,246,478,479,
1256,2,164,246,478,479,
1257,2,164,246,478,479,
1258,2,164,246,478,479,
1259,2,164,246,478,479,
1260,2,164,246,478,479,
1261,2,164,246,478,479,
1262,2,164,246,478,479,
1263,2,164,246,478,479,
1264,2,164,246,478,479,
1265,2,164,246,478,479,
1266,2,164,246,478,479,
1267,2,164,246,478,479,
1268,2,164,246,478,479,
1269,2,164,246,478,479,
1270,2,164,246,478,479,
1271,2,164,246,478,479,
1272,2,164,246,478,479,
1273,2,164,246,478,479,
1274,2,164,246,478,479,
1275,2,164,246,478,479,
1276,2,164,246,478,479,
1277,2,164,246,478,479,
1278,2,164,246,478,479,
1279,2,164,246,478,479,
1280,2,164,246,478,479,
1281,2,164,246,478,479,
1282,2,164,246,478,479,
1283,2,164,246,478,479,
1284,2,164,246,478,479,
1285,2,164,246,478,479,
1286,2,164,246,478,479,
1287,2,164,246,478,479,
1288,2,164,246,478,479,
1289,2,164,246,478,479,
1290,2,164,246,478,479,
1291,2,164,246,478,479,
1292,2,164,246,478,479,
1293,2,164,246,478,479,
1294,2,164,246,478,479,
1295,2,164,246,478,479,
1296,2,164,246,478,479,
1297,2,164,246,478,479,
1298,2,164,246,478,479,
1299,2,164,246,478,479,
