1,44,0.604387,231,192,249,244,
2,44,0.730824,231,192,249,243,
3,44,0.566288,231,192,249,244,
4,44,0.681164,231,192,249,244,
5,44,0.571382,231,192,249,244,
6,44,0.721738,231,192,249,243,
7,44,0.643878,231,192,249,244,
8,44,0.601325,231,192,249,244,
9,44,0.690018,231,192,250,243,
10,44,0.715367,230,192,249,244,
11,44,0.637371,231,192,250,244,
12,44,0.604257,230,192,249,244,
13,44,0.627404,231,192,249,244,
15,44,0.638858,231,192,250,245,
16,44,0.639704,231,193,250,245,
18,44,0.644729,231,192,250,245,
19,44,0.601690,231,192,250,245,
20,44,0.607457,231,192,250,245,
21,44,0.586125,232,193,251,245,
22,44,0.602545,232,192,251,245,
23,44,0.680534,231,193,251,245,
24,44,0.659855,232,193,251,245,
25,44,0.693692,232,193,251,245,
26,44,0.683332,232,193,251,245,
27,44,0.609354,231,192,251,245,
28,44,0.558755,232,192,251,245,
29,44,0.618106,232,192,251,245,
30,44,0.578069,231,192,251,245,
31,44,0.668454,232,192,251,245,
32,44,0.743356,232,192,251,245,
33,44,0.600907,231,192,251,245,
34,44,0.769753,232,192,251,244,
35,44,0.651652,231,192,251,245,
36,44,0.577295,232,192,251,244,
37,44,0.692621,232,192,251,245,
38,44,0.750488,232,192,251,245,
39,44,0.663312,232,192,251,245,
40,44,0.651202,232,192,251,245,
41,44,0.692931,231,192,251,244,
42,44,0.588678,232,192,251,245,
43,44,0.632599,232,192,251,245,
44,44,0.651315,231,192,251,245,
45,44,0.568035,232,192,251,245,
46,44,0.727655,231,192,251,245,
47,44,0.746830,232,193,251,245,
48,44,0.747436,231,192,251,245,
49,44,0.704207,231,193,251,245,
50,44,0.547030,231,193,251,245,
51,44,0.618840,231,192,251,245,
52,44,0.675099,231,193,251,244,
53,44,0.701771,231,193,250,244,
54,44,0.528120,231,193,250,244,
55,44,0.650367,231,192,250,244,
56,44,0.686477,231,192,250,244,
57,44,0.660381,231,192,250,244,
58,44,0.704319,231,192,250,244,
59,44,0.766950,231,192,250,244,
61,44,0.781452,231,192,250,244,
62,44,0.734435,231,192,250,244,
63,44,0.667851,232,193,250,244,
64,44,0.805112,231,192,250,243,
65,44,0.754544,231,192,251,245,
66,44,0.787330,231,192,251,244,
67,44,0.693766,231,193,250,244,
68,44,0.805356,231,192,251,245,
69,44,0.765213,231,192,251,245,
70,44,0.757660,231,192,251,245,
72,44,0.654092,231,192,251,245,
73,44,0.591603,231,192,251,244,
74,44,0.627400,231,192,250,244,
75,44,0.711987,231,192,250,244,
76,44,0.767181,231,192,250,244,
77,44,0.736592,231,192,250,244,
78,44,0.673090,231,192,250,244,
79,44,0.632621,231,192,250,244,
80,44,0.620115,231,193,250,244,
81,44,0.563644,231,192,251,245,
82,44,0.578114,231,192,251,245,
83,44,0.717495,231,193,251,245,
84,44,0.567803,231,193,251,245,
86,44,0.594713,231,193,251,245,
88,44,0.633951,231,193,251,245,
89,44,0.600559,231,193,251,245,
90,44,0.532826,231,193,251,245,
91,44,0.530146,231,193,251,245,
92,44,0.542208,231,192,251,245,
94,44,0.588346,231,192,251,245,
95,44,0.653481,231,193,251,245,
96,44,0.687559,231,192,251,245,
97,44,0.576417,231,192,251,245,
98,44,0.534712,231,192,251,244,
99,44,0.632586,231,192,251,245,
100,44,0.608123,231,193,251,245,
101,44,0.608335,231,192,251,245,
102,44,0.602263,232,192,251,245,
103,44,0.540678,231,192,251,245,
104,44,0.503624,231,192,251,245,
106,44,0.581259,231,192,251,245,
107,44,0.612411,231,192,251,245,
108,44,0.639722,231,192,251,244,
109,44,0.570732,231,192,251,244,
110,44,0.559931,231,192,251,244,
111,44,0.534393,231,192,251,245,
112,44,0.508443,231,192,251,245,
113,44,0.592329,231,192,251,244,
114,44,0.632026,231,192,251,244,
115,44,0.643166,231,192,251,244,
116,44,0.536709,231,192,251,244,
117,44,0.596079,231,192,251,244,
121,44,0.521007,231,192,251,245,
122,44,0.573056,231,192,251,245,
123,44,0.597739,231,192,251,245,
124,44,0.571409,231,192,251,245,
126,44,0.636419,231,192,251,245,
127,44,0.604072,232,192,251,245,
129,44,0.505629,231,192,251,244,
130,44,0.651129,231,192,251,244,
131,44,0.604001,231,192,251,244,
132,44,0.629087,231,192,251,244,
135,44,0.683796,231,192,250,243,
136,44,0.599275,231,192,251,244,
137,44,0.589619,231,192,250,244,
139,44,0.528934,231,192,251,244,
140,44,0.683164,232,192,251,244,
141,44,0.588401,231,192,251,244,
142,44,0.640786,231,192,249,243,
143,44,0.583755,231,192,251,244,
144,44,0.556754,231,192,251,244,
145,44,0.545894,231,192,251,244,
146,44,0.633775,231,192,251,244,
147,44,0.520150,231,192,251,244,
148,44,0.525999,231,192,251,244,
150,44,0.537309,231,192,251,244,
151,44,0.515135,231,192,250,244,
152,44,0.510509,231,192,251,244,
154,44,0.504732,231,192,251,244,
155,44,0.590580,231,192,251,244,
157,44,0.552322,231,192,251,244,
158,44,0.576909,231,192,251,244,
160,44,0.595453,231,192,251,244,
161,44,0.648570,231,192,251,244,
162,44,0.546807,231,192,250,244,
165,44,0.532650,231,192,251,244,
166,44,0.623842,231,192,250,244,
167,44,0.642658,231,192,250,244,
168,44,0.590915,231,192,251,244,
170,44,0.707195,231,192,250,244,
171,44,0.695121,231,192,251,244,
172,44,0.751097,231,192,251,244,
174,44,0.577825,231,192,251,244,
175,44,0.550072,232,192,251,244,
176,44,0.554108,231,192,251,244,
177,44,0.585454,232,192,251,244,
178,44,0.663544,231,192,251,244,
179,44,0.591028,231,192,251,244,
182,44,0.671674,231,192,251,244,
185,44,0.545362,232,192,251,244,
186,44,0.550586,232,192,251,245,
187,44,0.622601,231,192,251,244,
188,44,0.590034,231,192,251,244,
189,44,0.610289,231,192,251,244,
190,44,0.703570,232,192,251,244,
191,44,0.548333,232,192,251,245,
194,44,0.613933,232,192,251,245,
195,44,0.554827,231,192,251,245,
196,44,0.730070,232,192,251,245,
197,44,0.589645,231,192,251,244,
198,44,0.587046,231,192,251,244,
199,44,0.621332,231,192,251,244,
201,44,0.541530,231,192,251,245,
202,44,0.516737,231,192,251,245,
205,44,0.599341,231,192,251,245,
207,44,0.606764,231,192,251,245,
208,44,0.606434,231,192,251,244,
210,44,0.668550,231,192,251,245,
214,44,0.676351,231,192,251,244,
215,44,0.594032,232,192,251,245,
217,44,0.518980,231,193,251,244,
218,44,0.618742,231,193,251,244,
219,44,0.600169,231,192,251,244,
220,44,0.559799,232,193,251,244,
221,44,0.597705,231,192,251,245,
222,44,0.501741,231,193,251,245,
223,44,0.564977,231,193,251,245,
224,44,0.636626,231,193,251,245,
225,44,0.584823,231,192,251,245,
227,44,0.639017,231,193,251,245,
229,44,0.559399,232,193,251,245,
230,44,0.558135,231,193,251,244,
232,44,0.565287,231,193,251,245,
234,44,0.627917,231,193,251,245,
235,44,0.667344,231,193,251,245,
236,44,0.584949,231,193,251,245,
238,44,0.604130,231,193,251,245,
240,44,0.589813,231,193,251,245,
242,44,0.678876,231,193,251,244,
244,44,0.657226,231,192,251,244,
245,44,0.531881,231,193,251,245,
246,44,0.658623,231,192,251,245,
247,44,0.600328,231,193,251,245,
248,44,0.564562,231,193,251,244,
249,44,0.545080,231,193,251,244,
251,44,0.637783,231,193,251,245,
252,44,0.581530,231,192,251,245,
253,44,0.548768,231,193,251,245,
254,44,0.556949,231,193,251,245,
257,44,0.582342,231,193,251,245,
258,44,0.531775,231,193,251,244,
259,44,0.581719,232,193,251,245,
262,44,0.602380,231,193,251,244,
263,44,0.557298,231,193,250,244,
264,44,0.577589,231,193,251,244,
266,44,0.582946,231,193,251,244,
267,44,0.594824,231,193,251,245,
268,44,0.549036,231,193,251,245,
270,44,0.533721,231,193,251,245,
271,44,0.686367,231,193,251,244,
272,44,0.529019,231,193,251,245,
273,44,0.575800,231,193,251,245,
274,44,0.687012,231,193,251,244,
275,44,0.582455,231,192,251,245,
276,44,0.703236,231,193,251,244,
278,44,0.574904,231,193,251,245,
281,44,0.547812,232,192,251,245,
282,44,0.615825,231,193,251,244,
284,44,0.626757,231,193,251,245,
285,44,0.593599,231,192,251,244,
286,44,0.573873,231,192,251,244,
287,44,0.604278,231,192,251,245,
288,44,0.624077,231,193,251,245,
289,44,0.646695,232,192,251,245,
292,44,0.551212,231,192,251,245,
293,44,0.551816,232,192,251,245,
297,44,0.588060,232,192,251,244,
300,44,0.556376,231,192,251,245,
301,44,0.644346,231,192,251,244,
302,44,0.633482,231,192,251,244,
303,44,0.558033,231,192,251,245,
304,44,0.586399,231,192,251,244,
305,44,0.669928,231,192,251,245,
308,44,0.511732,231,192,251,244,
310,44,0.543760,231,192,251,244,
311,44,0.620483,231,192,250,244,
312,44,0.625887,232,192,251,244,
313,44,0.517777,231,192,251,244,
314,44,0.590437,231,192,251,244,
315,44,0.532094,231,192,251,244,
316,44,0.574876,231,192,250,244,
317,44,0.694401,231,192,251,244,
318,44,0.579246,231,192,251,244,
322,44,0.588109,231,192,251,244,
324,44,0.660440,231,192,251,244,
325,44,0.570029,231,192,251,244,
326,44,0.581173,231,192,250,244,
330,44,0.693326,231,192,250,244,
332,44,0.551121,231,192,250,244,
333,44,0.532012,231,192,251,244,
335,44,0.562071,231,192,250,244,
338,44,0.520775,231,192,251,244,
339,44,0.549441,231,192,251,244,
340,44,0.578564,232,192,251,244,
342,44,0.665614,231,192,251,244,
343,44,0.622661,231,192,251,245,
345,44,0.620128,231,192,251,244,
346,44,0.573206,231,192,251,244,
347,44,0.603643,231,192,250,244,
348,44,0.576276,231,192,251,244,
349,44,0.542597,231,192,251,244,
351,44,0.539450,231,192,251,244,
352,44,0.566710,231,192,251,244,
353,44,0.618051,231,192,251,244,
354,44,0.648199,231,192,251,244,
355,44,0.666181,231,192,251,244,
358,44,0.592551,231,192,251,244,
359,44,0.523316,231,192,250,244,
360,44,0.649231,231,192,250,244,
361,44,0.584255,231,192,251,244,
362,44,0.574304,231,192,251,244,
363,44,0.522827,231,192,251,244,
365,44,0.614605,231,192,251,244,
368,44,0.553203,231,192,251,245,
369,44,0.598115,231,192,251,245,
370,44,0.510472,231,192,251,245,
372,44,0.613802,231,192,251,245,
374,44,0.556650,232,192,251,245,
375,44,0.562376,231,193,252,245,
376,44,0.770963,233,192,252,244,
377,44,0.699126,231,193,251,245,
378,44,0.771928,232,193,251,245,
379,44,0.708777,232,194,250,245,
380,44,0.819688,231,194,250,245,
381,44,0.906995,231,195,251,243,
382,44,0.742046,232,192,250,245,
383,44,0.606408,232,191,249,244,
384,44,0.754490,232,192,249,243,
454,44,0.833480,231,191,251,244,
455,44,0.843900,231,192,250,243,
456,44,0.864249,231,192,250,243,
457,44,0.754707,231,192,251,244,
458,44,0.792522,231,192,250,243,
459,44,0.835290,231,192,251,244,
460,44,0.835667,231,192,251,244,
461,44,0.777944,231,191,251,244,
462,44,0.744074,231,192,250,243,
463,44,0.796417,231,192,250,244,
464,44,0.793623,231,192,251,244,
465,44,0.776055,230,192,251,244,
466,44,0.802935,230,192,251,244,
467,44,0.755451,230,192,251,244,
468,44,0.753347,231,192,251,244,
469,44,0.782830,230,192,251,244,
470,44,0.803740,230,192,251,244,
471,44,0.787553,231,192,251,244,
472,44,0.813565,231,192,251,244,
473,44,0.760443,231,192,250,244,
474,44,0.776091,231,192,250,244,
475,44,0.617419,231,192,250,244,
476,44,0.567140,231,192,250,244,
477,44,0.544002,232,192,251,245,
478,44,0.567952,231,192,250,244,
479,44,0.744931,231,192,250,244,
480,44,0.738551,231,193,250,244,
482,44,0.819711,231,192,250,243,
483,44,0.805953,231,192,251,244,
484,44,0.795672,231,192,251,244,
485,44,0.874928,232,192,252,244,
486,44,0.887734,232,192,254,245,
487,44,0.895655,231,192,253,244,
488,44,0.515993,232,193,251,244,
510,44,0.680839,231,192,250,244,
511,44,0.620987,231,192,250,244,
512,44,0.652229,231,192,250,244,
513,44,0.752458,231,192,250,243,
514,44,0.647266,231,192,250,244,
516,44,0.688240,231,192,250,244,
517,44,0.603211,231,192,250,244,
518,44,0.690763,231,192,250,244,
519,44,0.663828,231,192,250,244,
520,44,0.640579,231,192,251,244,
