133,47,0.662876,465,317,490,354,
134,47,0.741036,465,317,490,354,
135,47,0.665428,465,317,490,354,
136,47,0.813075,464,317,490,354,
137,47,0.841078,464,316,490,354,
138,47,0.524114,464,317,490,353,
139,47,0.841256,463,316,490,354,
140,47,0.815538,463,317,491,354,
141,47,0.833918,463,316,491,354,
142,47,0.862921,462,316,491,354,
143,47,0.879067,462,316,491,355,
144,47,0.857261,461,316,491,355,
145,47,0.873388,462,316,491,354,
146,47,0.841445,461,316,492,355,
147,47,0.822898,461,317,493,354,
148,47,0.773067,461,317,492,355,
149,47,0.853139,461,317,492,355,
150,47,0.771655,461,317,491,354,
151,47,0.843369,461,317,492,355,
152,47,0.888072,461,316,492,355,
153,47,0.900981,462,317,492,355,
154,47,0.865775,462,316,492,355,
155,47,0.896421,462,317,491,355,
156,47,0.851707,462,317,492,355,
157,47,0.726160,463,317,491,354,
158,47,0.629450,463,316,491,354,
159,47,0.593036,463,316,491,354,
160,47,0.628589,463,317,491,354,
161,47,0.568446,463,317,491,354,
163,47,0.619773,463,316,491,354,
164,47,0.578282,464,317,491,354,
165,47,0.837674,463,317,491,354,
166,47,0.806504,464,317,491,354,
167,47,0.775272,462,317,491,354,
168,47,0.831579,462,317,491,355,
169,47,0.825761,463,318,491,355,
172,47,0.568137,462,318,492,354,
174,47,0.607741,461,318,492,355,
175,47,0.579770,462,318,492,355,
176,47,0.640320,462,317,492,355,
177,47,0.660844,462,317,492,355,
204,47,0.544450,462,317,489,357,
205,47,0.593850,464,316,491,356,
259,47,0.539599,463,317,493,357,
