1,1,0.999207,298,91,423,378,
2,1,0.997074,298,92,423,375,
3,1,0.998986,300,93,423,379,
4,1,0.998118,299,93,426,376,
5,1,0.998001,297,93,426,375,
6,1,0.997444,300,92,425,376,
7,1,0.998481,296,93,426,374,
8,1,0.998990,297,92,424,375,
9,1,0.997940,298,90,424,377,
10,1,0.998858,295,91,423,373,
11,1,0.998910,296,94,423,373,
12,1,0.999157,297,96,423,377,
13,1,0.999282,298,96,423,376,
14,1,0.999309,296,95,423,377,
15,1,0.999407,297,95,424,378,
16,1,0.999456,297,93,423,377,
17,1,0.999455,296,95,423,377,
18,1,0.999424,297,93,423,377,
19,1,0.999300,296,91,424,374,
20,1,0.999362,296,90,424,375,
21,1,0.999297,297,93,424,378,
22,1,0.999488,297,89,425,375,
23,1,0.999133,299,89,424,378,
24,1,0.999310,297,90,425,376,
25,1,0.999410,297,90,427,376,
26,1,0.999386,298,90,428,376,
27,1,0.999365,299,90,428,375,
28,1,0.999256,299,91,429,376,
29,1,0.999121,298,90,429,376,
30,1,0.999126,299,90,428,378,
31,1,0.999060,298,90,431,376,
32,1,0.999136,299,90,431,377,
33,1,0.999349,297,90,433,375,
34,1,0.999413,300,91,432,379,
35,1,0.999463,300,90,432,378,
36,1,0.999534,298,91,433,376,
37,1,0.999460,299,89,432,376,
38,1,0.999266,298,91,435,374,
39,1,0.999237,299,89,431,377,
40,1,0.999316,297,90,433,373,
41,1,0.999226,295,88,433,374,
42,1,0.999221,295,87,431,373,
43,1,0.999175,294,89,432,370,
44,1,0.999034,294,88,432,373,
45,1,0.999071,294,88,432,371,
46,1,0.999045,293,88,433,370,
47,1,0.999312,293,87,432,374,
48,1,0.999278,292,86,429,372,
49,1,0.999350,290,86,427,375,
50,1,0.999313,287,86,428,376,
51,1,0.999379,283,84,427,374,
52,1,0.999367,283,85,426,373,
53,1,0.999287,282,84,425,375,
54,1,0.999243,277,83,426,376,
55,1,0.999246,275,84,426,373,
56,1,0.999229,272,82,426,373,
57,1,0.999256,271,83,424,378,
58,1,0.999078,267,82,423,377,
59,1,0.999208,266,83,423,379,
60,1,0.999390,263,84,422,372,
61,1,0.999258,263,81,421,378,
62,1,0.999386,263,81,420,381,
63,1,0.999500,261,81,416,379,
64,1,0.999577,260,80,416,380,
65,1,0.999459,257,80,416,376,
66,1,0.999442,256,80,417,374,
67,1,0.999415,255,80,417,376,
68,1,0.998377,252,80,417,377,
69,1,0.997166,252,79,418,393,
70,1,0.999498,255,79,419,377,
71,1,0.998590,254,79,418,379,
72,1,0.994128,253,79,421,395,
73,1,0.998005,253,78,420,383,
74,1,0.998576,254,77,422,383,
75,1,0.999157,254,78,423,378,
76,1,0.998460,254,78,423,380,
77,1,0.997914,255,78,425,368,
78,1,0.998471,255,76,426,367,
79,1,0.998478,255,78,428,372,
80,1,0.998747,255,75,427,366,
81,1,0.998534,255,77,425,372,
82,1,0.998495,257,78,427,366,
83,1,0.998125,259,71,428,365,
84,1,0.998129,259,76,428,375,
85,1,0.997395,262,75,429,381,
86,1,0.997962,263,74,428,381,
87,1,0.997808,263,75,428,386,
88,1,0.997019,269,74,428,379,
89,1,0.997032,270,74,427,387,
90,1,0.997173,270,75,429,383,
91,1,0.996863,272,75,428,385,
92,1,0.996159,276,77,428,383,
93,1,0.998362,273,80,427,390,
94,1,0.995923,275,78,425,393,
95,1,0.997155,276,79,427,398,
96,1,0.998463,275,81,428,406,
97,1,0.997557,275,82,430,408,
98,1,0.998429,277,81,427,413,
99,1,0.997709,277,80,427,411,
100,1,0.996403,276,80,427,412,
101,1,0.996951,276,82,427,415,
102,1,0.998491,277,83,427,402,
103,1,0.998351,278,82,427,401,
104,1,0.998248,278,84,428,406,
105,1,0.997908,278,83,427,401,
106,1,0.998299,278,84,428,413,
107,1,0.998604,276,83,427,409,
108,1,0.998437,277,84,426,412,
109,1,0.998624,276,85,427,418,
110,1,0.998562,275,85,428,426,
111,1,0.998119,277,85,428,422,
112,1,0.998588,276,84,428,422,
113,1,0.997826,277,83,428,424,
114,1,0.998198,277,83,426,423,
115,1,0.998388,276,83,427,424,
116,1,0.998359,276,83,428,421,
117,1,0.997423,277,82,427,423,
118,1,0.998422,275,83,427,420,
119,1,0.998294,275,84,426,426,
120,1,0.997946,276,85,426,421,
121,1,0.998089,277,83,428,421,
122,1,0.998354,276,84,426,418,
123,1,0.997647,277,83,425,421,
124,1,0.996724,278,80,424,416,
125,1,0.996970,279,80,425,413,
126,1,0.996577,280,82,425,411,
127,1,0.996595,279,80,426,404,
128,1,0.997241,278,79,427,405,
129,1,0.997338,275,81,427,397,
130,1,0.998261,276,80,431,399,
131,1,0.997403,271,82,426,401,
132,1,0.998473,271,77,429,391,
133,1,0.998870,270,81,430,379,
134,1,0.999032,268,77,431,372,
135,1,0.998942,266,77,431,373,
136,1,0.999265,268,77,434,374,
137,1,0.999054,267,78,433,370,
138,1,0.999085,265,78,435,371,
139,1,0.999349,265,77,434,369,
140,1,0.999240,264,80,435,371,
141,1,0.999361,265,77,435,370,
142,1,0.998910,266,75,440,372,
143,1,0.999034,266,75,446,372,
144,1,0.998998,268,75,450,372,
145,1,0.998693,270,74,451,374,
146,1,0.998931,271,72,458,376,
147,1,0.999144,269,79,455,372,
148,1,0.999209,272,77,460,375,
149,1,0.998776,275,76,462,371,
150,1,0.998987,275,75,470,374,
151,1,0.999486,274,76,484,377,
152,1,0.999383,277,76,483,379,
153,1,0.999239,278,76,497,375,
154,1,0.999100,282,76,503,374,
155,1,0.999028,286,75,509,374,
156,1,0.999405,290,78,513,372,
157,1,0.999315,292,74,523,370,
158,1,0.999497,298,75,536,377,
159,1,0.999179,300,75,535,370,
160,1,0.999782,301,75,537,375,
161,1,0.999193,302,74,544,372,
162,1,0.998943,303,71,552,370,
163,1,0.999507,305,75,562,371,
164,1,0.999520,302,76,574,372,
165,1,0.999450,304,77,577,366,
166,1,0.999394,301,76,578,371,
167,1,0.999231,301,79,584,373,
168,1,0.999600,300,77,581,375,
169,1,0.999337,297,78,574,376,
170,1,0.999190,303,80,578,371,
171,1,0.999253,299,76,575,372,
172,1,0.999167,303,81,576,377,
173,1,0.999283,297,78,571,378,
174,1,0.998918,295,80,569,379,
175,1,0.998729,300,78,572,370,
176,1,0.999525,297,76,569,375,
177,1,0.999368,298,79,570,379,
178,1,0.999545,299,77,569,374,
179,1,0.999203,299,77,571,379,
180,1,0.999173,305,81,572,378,
181,1,0.999660,300,78,571,375,
182,1,0.999366,297,76,575,383,
183,1,0.999512,304,80,576,375,
184,1,0.999602,297,77,573,375,
185,1,0.999608,298,78,577,375,
186,1,0.999604,298,77,576,375,
187,1,0.999644,300,74,575,372,
188,1,0.999571,302,72,579,374,
189,1,0.999563,302,74,576,373,
190,1,0.999477,297,73,570,374,
191,1,0.999289,295,75,571,381,
192,1,0.999362,298,78,578,379,
193,1,0.999444,301,74,579,374,
194,1,0.999439,298,73,575,375,
195,1,0.999394,297,76,578,380,
196,1,0.999442,300,75,580,373,
197,1,0.999478,301,71,581,375,
198,1,0.999328,297,69,586,375,
199,1,0.999368,301,71,580,374,
200,1,0.999620,296,76,578,381,
201,1,0.999405,300,76,586,376,
202,1,0.999246,295,73,580,374,
203,1,0.999545,296,73,571,379,
204,1,0.999637,293,73,568,376,
205,1,0.999528,296,71,571,379,
206,1,0.998049,274,78,473,386,
207,1,0.998096,276,75,471,375,
208,1,0.997338,274,80,467,381,
209,1,0.998176,275,78,467,385,
210,1,0.998238,275,78,467,377,
211,1,0.998234,275,77,465,378,
212,1,0.998045,274,78,465,378,
213,1,0.998030,275,77,465,376,
214,1,0.997154,274,77,464,377,
215,1,0.997961,273,78,464,378,
216,1,0.997629,274,75,462,379,
217,1,0.996090,273,76,464,376,
218,1,0.997470,274,76,462,379,
219,1,0.996444,275,73,459,377,
220,1,0.998018,272,77,456,378,
221,1,0.998512,270,76,453,379,
222,1,0.998226,269,77,452,379,
223,1,0.998148,271,75,450,382,
224,1,0.996406,272,79,447,378,
225,1,0.995550,271,78,451,380,
226,1,0.998274,270,78,446,377,
227,1,0.998525,269,78,445,378,
228,1,0.998540,273,75,433,377,
229,1,0.997915,273,74,434,378,
230,1,0.997852,273,74,432,379,
231,1,0.998294,272,76,430,380,
232,1,0.997556,271,75,429,379,
233,1,0.998354,272,76,431,376,
234,1,0.998605,272,80,432,375,
235,1,0.998442,271,80,437,376,
236,1,0.998572,271,76,431,374,
237,1,0.997151,270,79,431,381,
238,1,0.997475,270,79,428,380,
239,1,0.997611,270,76,425,379,
240,1,0.997626,271,76,428,379,
241,1,0.997814,270,76,430,378,
242,1,0.998028,271,77,430,377,
243,1,0.997031,271,77,430,377,
244,1,0.997529,271,78,431,380,
245,1,0.997427,272,76,433,378,
246,1,0.998164,272,80,433,377,
247,1,0.997456,272,77,430,376,
248,1,0.998074,273,77,432,378,
249,1,0.997229,273,76,432,378,
250,1,0.997352,273,77,432,377,
251,1,0.997761,274,78,435,378,
252,1,0.996998,273,78,436,380,
253,1,0.996940,273,79,437,384,
254,1,0.996879,273,78,436,379,
255,1,0.998065,273,76,431,380,
256,1,0.998081,273,76,430,377,
257,1,0.996709,274,79,430,376,
258,1,0.998009,274,78,432,373,
259,1,0.997488,274,77,428,374,
260,1,0.996855,274,79,433,375,
261,1,0.997302,274,81,432,377,
262,1,0.997466,272,79,432,374,
263,1,0.997532,274,81,430,378,
264,1,0.997828,273,81,433,379,
265,1,0.997857,274,83,437,381,
266,1,0.996634,275,82,435,381,
267,1,0.996446,274,82,433,381,
268,1,0.997714,274,82,433,377,
269,1,0.997234,274,81,435,380,
270,1,0.997133,274,84,434,384,
271,1,0.996713,276,85,432,384,
272,1,0.995689,274,85,433,380,
273,1,0.996223,275,83,435,379,
274,1,0.996520,275,82,438,383,
275,1,0.996269,276,83,437,385,
276,1,0.996744,276,82,435,381,
277,1,0.996349,275,79,433,384,
278,1,0.998049,274,79,430,373,
279,1,0.995443,273,77,427,379,
280,1,0.996720,274,76,429,378,
281,1,0.998007,274,76,432,376,
282,1,0.998213,275,76,432,377,
283,1,0.997405,275,76,435,377,
284,1,0.997067,274,76,440,379,
285,1,0.996492,273,78,442,384,
286,1,0.997946,273,78,443,381,
287,1,0.998636,276,78,443,381,
288,1,0.997451,276,75,446,372,
289,1,0.998285,275,79,446,380,
290,1,0.998264,275,79,453,381,
291,1,0.998554,275,77,452,380,
292,1,0.998480,276,74,456,377,
293,1,0.998125,275,77,458,376,
294,1,0.996760,276,77,457,378,
295,1,0.997988,275,77,461,381,
296,1,0.997453,274,75,463,393,
297,1,0.998388,276,75,469,376,
298,1,0.998187,278,77,471,378,
299,1,0.997465,278,76,474,392,
300,1,0.998091,278,77,475,385,
301,1,0.998330,280,80,476,386,
302,1,0.998704,281,79,480,379,
303,1,0.997435,280,78,482,392,
304,1,0.998614,280,77,489,382,
305,1,0.998720,283,75,489,379,
306,1,0.998681,282,78,491,371,
307,1,0.998245,281,74,493,385,
308,1,0.998201,283,73,493,383,
309,1,0.998679,286,73,494,375,
310,1,0.998300,285,72,496,378,
311,1,0.998188,285,74,499,384,
312,1,0.998594,289,76,499,387,
313,1,0.999026,290,76,503,370,
314,1,0.998914,293,73,510,377,
315,1,0.999092,290,75,514,376,
316,1,0.999001,293,76,516,378,
317,1,0.999028,295,75,517,378,
318,1,0.999305,296,76,517,371,
319,1,0.999110,298,73,524,370,
320,1,0.999292,299,74,527,372,
321,1,0.999107,300,71,527,373,
322,1,0.999280,298,72,521,379,
323,1,0.999396,297,73,524,377,
324,1,0.998691,300,75,578,387,
325,1,0.998830,299,76,574,386,
326,1,0.998646,307,70,578,372,
327,1,0.998662,303,76,570,376,
328,1,0.999512,303,73,572,377,
329,1,0.999360,301,77,567,375,
330,1,0.998671,299,76,572,386,
331,1,0.998694,302,75,566,388,
332,1,0.999033,301,77,563,381,
333,1,0.999265,303,79,561,390,
334,1,0.999098,302,77,559,382,
335,1,0.999489,307,81,563,385,
336,1,0.999422,305,77,557,377,
337,1,0.999247,303,77,563,378,
338,1,0.999294,304,79,554,387,
339,1,0.999428,303,77,561,379,
340,1,0.999409,306,79,553,386,
341,1,0.999537,300,77,534,380,
342,1,0.999492,298,77,534,382,
343,1,0.998977,291,76,533,374,
344,1,0.999466,289,74,526,379,
345,1,0.999517,285,74,517,375,
346,1,0.999288,277,74,509,371,
347,1,0.999295,273,73,501,375,
348,1,0.999393,264,72,491,369,
349,1,0.999371,260,71,484,369,
350,1,0.998233,255,77,479,370,
351,1,0.998795,247,77,478,370,
352,1,0.999694,235,76,469,378,
353,1,0.999564,222,78,462,376,
354,1,0.998625,219,76,455,376,
355,1,0.999190,208,76,451,373,
356,1,0.999164,198,78,447,373,
357,1,0.998900,196,75,443,371,
358,1,0.999182,188,79,433,366,
359,1,0.999023,187,78,441,370,
360,1,0.999073,187,81,439,376,
361,1,0.998538,169,75,424,377,
362,1,0.999014,165,80,428,388,
363,1,0.998459,158,78,427,387,
364,1,0.999197,155,80,423,372,
365,1,0.999485,159,79,429,381,
366,1,0.998839,164,83,427,383,
367,1,0.999342,164,77,432,373,
368,1,0.997710,165,78,419,387,
369,1,0.999455,168,77,421,379,
370,1,0.999349,169,81,422,376,
371,1,0.999786,171,78,419,374,
372,1,0.998898,176,82,426,373,
373,1,0.999254,168,80,441,374,
374,1,0.998929,171,77,418,384,
375,1,0.998702,177,81,419,371,
376,1,0.999476,172,83,424,380,
377,1,0.999034,166,80,416,382,
378,1,0.999446,156,81,414,388,
379,1,0.999121,164,82,415,384,
380,1,0.999468,162,81,415,385,
381,1,0.999618,153,82,416,386,
382,1,0.999563,151,82,417,378,
383,1,0.999689,155,80,421,381,
384,1,0.999586,148,83,413,383,
385,1,0.999599,157,80,417,380,
386,1,0.998257,162,82,412,375,
387,1,0.999184,160,82,417,372,
388,1,0.998524,158,81,413,391,
389,1,0.999634,163,81,403,373,
390,1,0.999030,160,79,406,379,
391,1,0.999451,163,81,409,380,
392,1,0.999026,161,80,402,372,
393,1,0.999505,163,81,402,375,
394,1,0.999507,165,82,401,375,
395,1,0.999410,162,80,403,369,
396,1,0.999255,175,84,394,374,
397,1,0.999337,173,81,398,371,
398,1,0.999562,181,81,394,375,
399,1,0.998947,192,80,391,372,
400,1,0.999143,193,82,390,373,
401,1,0.998737,186,80,388,370,
402,1,0.997814,197,81,388,372,
403,1,0.998548,195,81,386,372,
404,1,0.998429,195,80,389,376,
405,1,0.998015,209,80,387,370,
406,1,0.998523,207,82,385,370,
407,1,0.998311,213,81,386,369,
408,1,0.998620,219,81,388,374,
409,1,0.998050,220,82,385,373,
410,1,0.997609,225,82,388,372,
411,1,0.998382,230,82,386,372,
412,1,0.997584,224,82,385,372,
413,1,0.997560,232,80,388,371,
414,1,0.998472,230,81,386,372,
415,1,0.998512,229,79,388,370,
416,1,0.999008,231,80,389,371,
417,1,0.998616,229,79,392,370,
418,1,0.998383,230,77,393,370,
419,1,0.998612,230,78,391,370,
420,1,0.998535,233,78,392,371,
421,1,0.998211,236,81,395,370,
422,1,0.998456,235,78,400,373,
423,1,0.998717,235,79,397,370,
424,1,0.998588,235,79,399,372,
425,1,0.998537,243,80,410,370,
426,1,0.997947,242,77,409,370,
427,1,0.998021,244,80,406,374,
428,1,0.998734,246,81,406,373,
429,1,0.997937,247,81,418,371,
430,1,0.997510,247,78,418,369,
431,1,0.998083,248,80,417,372,
432,1,0.998907,246,81,412,372,
433,1,0.998475,246,77,418,372,
434,1,0.998808,245,78,418,373,
435,1,0.998516,244,78,414,373,
436,1,0.998540,242,78,415,375,
437,1,0.998512,243,79,417,373,
438,1,0.998616,244,80,417,374,
439,1,0.998719,243,80,414,374,
440,1,0.999055,242,80,415,372,
441,1,0.999032,242,81,413,373,
442,1,0.998808,243,81,417,371,
443,1,0.998865,245,81,416,373,
444,1,0.998744,245,83,418,372,
445,1,0.998080,246,81,419,373,
446,1,0.998022,246,83,420,373,
447,1,0.997009,247,83,428,375,
448,1,0.997455,248,80,423,373,
449,1,0.996785,244,78,424,373,
450,1,0.997815,245,78,419,373,
451,1,0.998852,247,78,415,373,
452,1,0.999136,251,77,428,371,
453,1,0.999020,250,77,431,371,
454,1,0.999099,255,80,426,370,
455,1,0.999146,251,80,430,372,
456,1,0.998905,252,79,432,375,
457,1,0.998680,250,79,425,380,
458,1,0.998866,253,78,429,379,
459,1,0.998754,252,79,428,379,
460,1,0.998830,258,80,428,377,
461,1,0.998689,255,79,429,380,
462,1,0.998294,253,78,425,380,
463,1,0.999008,254,79,426,379,
464,1,0.998914,257,78,427,377,
465,1,0.999186,258,78,429,378,
466,1,0.998938,258,79,431,384,
467,1,0.998939,257,79,429,380,
468,1,0.999180,256,79,428,384,
469,1,0.999152,253,78,430,376,
470,1,0.998589,251,79,431,373,
471,1,0.997503,250,75,429,375,
472,1,0.998086,250,77,431,370,
473,1,0.998051,253,77,429,371,
474,1,0.997134,249,77,429,373,
475,1,0.997545,249,77,428,371,
476,1,0.997200,250,79,425,369,
477,1,0.998043,248,80,424,367,
478,1,0.997597,249,80,424,368,
479,1,0.998042,248,80,422,368,
480,1,0.998149,246,81,422,367,
481,1,0.997075,243,81,416,369,
482,1,0.997267,244,82,415,370,
483,1,0.997026,244,79,414,368,
484,1,0.996828,243,80,414,369,
485,1,0.997371,243,80,414,368,
486,1,0.996975,241,81,414,368,
487,1,0.997992,241,81,414,368,
488,1,0.997852,242,81,414,367,
489,1,0.997870,241,82,413,368,
490,1,0.997728,239,81,413,369,
491,1,0.998128,238,82,412,370,
492,1,0.998003,238,81,413,369,
493,1,0.997395,237,83,413,372,
494,1,0.997811,237,82,413,371,
495,1,0.997637,236,83,413,371,
496,1,0.997444,236,82,413,370,
497,1,0.997656,236,82,415,372,
498,1,0.997181,235,81,414,372,
499,1,0.997330,235,84,413,372,
500,1,0.997647,234,84,413,373,
501,1,0.998131,234,83,413,373,
502,1,0.998461,235,84,413,371,
503,1,0.998302,235,85,413,373,
504,1,0.997406,235,84,412,373,
505,1,0.998304,234,81,412,371,
506,1,0.997543,234,82,412,371,
507,1,0.997478,233,85,413,371,
508,1,0.997896,235,86,412,373,
509,1,0.997851,234,85,410,369,
510,1,0.997923,236,83,410,366,
511,1,0.996381,232,83,412,378,
512,1,0.997908,236,83,411,368,
513,1,0.997505,239,84,412,367,
514,1,0.997409,239,82,411,365,
515,1,0.996599,238,84,409,366,
516,1,0.997487,239,83,411,366,
517,1,0.997245,240,83,412,369,
518,1,0.997351,241,82,412,370,
519,1,0.996298,240,85,411,371,
520,1,0.996815,239,85,410,370,
521,1,0.995875,240,84,411,371,
522,1,0.997391,241,84,413,369,
523,1,0.997547,241,85,412,370,
524,1,0.997643,240,84,412,370,
525,1,0.996548,241,84,410,369,
526,1,0.996996,240,83,412,371,
527,1,0.996421,243,84,409,369,
528,1,0.996396,243,85,410,369,
529,1,0.995510,244,84,409,372,
530,1,0.996163,242,85,409,368,
531,1,0.994901,240,85,409,369,
532,1,0.996109,242,83,409,368,
533,1,0.997141,241,85,408,368,
534,1,0.996764,240,86,407,371,
535,1,0.996678,242,83,412,371,
536,1,0.997205,245,84,411,370,
537,1,0.996697,245,84,412,368,
538,1,0.996856,249,85,408,369,
539,1,0.995744,246,86,410,373,
540,1,0.995783,246,86,409,378,
541,1,0.995051,246,87,409,380,
542,1,0.994670,244,86,411,379,
543,1,0.996629,243,84,411,371,
544,1,0.995641,245,88,411,371,
545,1,0.994945,244,83,412,372,
546,1,0.994868,243,85,412,375,
547,1,0.995981,246,83,410,373,
548,1,0.995634,244,83,414,368,
549,1,0.995956,246,84,410,373,
550,1,0.995464,243,86,411,373,
551,1,0.995729,244,86,411,376,
552,1,0.996128,245,83,414,367,
553,1,0.994706,244,85,411,376,
554,1,0.995044,248,80,415,372,
555,1,0.995357,244,86,414,377,
556,1,0.995086,243,86,413,381,
557,1,0.995568,244,85,414,378,
558,1,0.995035,244,86,414,376,
559,1,0.996383,247,83,418,367,
560,1,0.995489,244,85,415,377,
561,1,0.995289,245,86,415,374,
562,1,0.995743,246,86,416,372,
563,1,0.995116,245,86,416,378,
564,1,0.995451,245,86,416,381,
565,1,0.993581,246,86,415,373,
566,1,0.993485,248,79,416,367,
567,1,0.994487,245,85,414,369,
568,1,0.995249,246,85,415,365,
569,1,0.996395,245,82,416,364,
570,1,0.996511,245,85,414,368,
571,1,0.996542,246,85,413,370,
572,1,0.997380,245,83,414,370,
573,1,0.996020,244,85,415,369,
574,1,0.995357,245,85,415,373,
575,1,0.996555,245,81,413,376,
576,1,0.996922,245,82,415,368,
577,1,0.998141,243,82,414,373,
578,1,0.997339,242,83,413,372,
579,1,0.997763,241,85,416,373,
580,1,0.998738,240,83,415,378,
581,1,0.998609,238,86,416,375,
582,1,0.998420,238,88,419,371,
583,1,0.998765,238,86,422,372,
584,1,0.999078,235,84,419,374,
585,1,0.999057,234,83,420,379,
586,1,0.999286,233,82,421,379,
587,1,0.999359,233,81,421,382,
588,1,0.999291,233,82,423,380,
589,1,0.999417,233,81,423,380,
590,1,0.999432,232,80,422,381,
591,1,0.999256,234,80,423,381,
592,1,0.999336,235,80,423,383,
593,1,0.999199,234,81,423,382,
594,1,0.999230,234,82,424,382,
595,1,0.999364,237,81,432,383,
596,1,0.999228,236,77,432,378,
597,1,0.999427,238,78,439,376,
598,1,0.999237,238,75,446,372,
599,1,0.999519,238,77,453,374,
600,1,0.999534,239,75,458,372,
601,1,0.999389,241,73,454,369,
602,1,0.999447,241,73,458,368,
603,1,0.999511,238,77,464,371,
604,1,0.999419,237,73,459,373,
605,1,0.999341,235,75,456,373,
606,1,0.999526,233,76,454,372,
607,1,0.999274,234,74,452,366,
608,1,0.999272,234,77,449,371,
609,1,0.998780,233,74,444,372,
610,1,0.999104,233,78,433,374,
611,1,0.999216,234,77,430,374,
612,1,0.999340,232,77,421,372,
613,1,0.999212,237,77,418,372,
614,1,0.998530,239,79,417,371,
615,1,0.995609,241,80,424,374,
616,1,0.992839,237,79,414,372,
617,1,0.996576,241,78,416,375,
618,1,0.993716,239,76,425,376,
619,1,0.995911,237,76,420,373,
620,1,0.997501,233,81,421,370,
621,1,0.997536,239,82,419,374,
622,1,0.998547,238,80,417,373,
623,1,0.998742,238,79,412,373,
624,1,0.998909,238,81,415,374,
625,1,0.998681,241,80,410,374,
626,1,0.998529,242,80,417,373,
627,1,0.997318,237,81,417,375,
628,1,0.994391,238,83,416,370,
629,1,0.997427,238,80,406,376,
630,1,0.996747,239,81,409,376,
631,1,0.996978,238,81,404,378,
632,1,0.996734,241,81,403,377,
633,1,0.997226,244,82,402,377,
634,1,0.996920,247,82,407,373,
635,1,0.997235,248,82,410,374,
636,1,0.995550,247,81,412,373,
637,1,0.996153,246,81,406,374,
638,1,0.997273,249,83,408,374,
639,1,0.996492,245,81,411,375,
640,1,0.996934,240,81,409,374,
641,1,0.998254,243,79,403,376,
642,1,0.998175,239,79,406,375,
643,1,0.998331,238,81,402,376,
644,1,0.998208,235,81,401,376,
645,1,0.998150,238,81,402,376,
646,1,0.997127,241,80,403,375,
647,1,0.998444,245,82,394,375,
648,1,0.997557,246,82,398,375,
649,1,0.998004,242,81,398,377,
650,1,0.997650,245,82,397,376,
651,1,0.997359,244,81,399,376,
652,1,0.997897,245,82,398,376,
653,1,0.997748,246,82,397,376,
654,1,0.997944,247,82,398,375,
655,1,0.998246,243,83,403,375,
656,1,0.997893,247,82,402,375,
657,1,0.997873,244,83,397,374,
658,1,0.997894,242,84,396,374,
659,1,0.996885,238,82,400,376,
660,1,0.996535,240,84,397,376,
661,1,0.997656,235,83,396,373,
662,1,0.997759,234,84,398,375,
663,1,0.997865,234,84,397,374,
664,1,0.997647,232,84,399,376,
665,1,0.997609,232,84,398,377,
666,1,0.997514,231,84,401,376,
667,1,0.998117,235,84,398,375,
668,1,0.998001,235,84,399,377,
669,1,0.997699,234,84,394,374,
670,1,0.997866,233,83,396,375,
671,1,0.997614,232,85,398,376,
672,1,0.997648,230,83,395,375,
673,1,0.997557,228,83,397,377,
674,1,0.997162,230,81,397,374,
675,1,0.997971,229,80,395,376,
676,1,0.997684,229,80,393,375,
677,1,0.997762,229,81,396,375,
678,1,0.997416,229,83,399,375,
679,1,0.997704,227,83,400,377,
680,1,0.998135,228,80,399,373,
681,1,0.997989,233,79,398,375,
682,1,0.997645,232,81,400,375,
683,1,0.997045,236,79,401,375,
684,1,0.997607,232,79,397,373,
685,1,0.997566,230,79,399,373,
686,1,0.997880,228,80,395,373,
687,1,0.997543,228,79,397,375,
688,1,0.998291,225,80,397,375,
689,1,0.996644,227,82,397,374,
690,1,0.997579,239,80,395,376,
691,1,0.998098,222,81,393,372,
692,1,0.997803,221,81,395,372,
693,1,0.998950,219,81,399,371,
694,1,0.998996,223,80,398,374,
695,1,0.998923,210,83,397,373,
696,1,0.999400,217,79,401,369,
697,1,0.999164,150,82,420,377,
698,1,0.999336,141,84,413,384,
699,1,0.999232,141,82,419,396,
700,1,0.997461,143,79,423,385,
701,1,0.998599,140,80,423,380,
702,1,0.998943,146,77,425,374,
703,1,0.999503,145,81,424,381,
704,1,0.999610,141,81,432,380,
705,1,0.998844,142,79,424,389,
706,1,0.998231,143,81,421,386,
707,1,0.998276,151,80,422,382,
708,1,0.997657,144,81,427,388,
709,1,0.998730,148,79,422,394,
710,1,0.996753,152,81,422,379,
711,1,0.999071,150,85,426,389,
712,1,0.998715,142,82,425,389,
713,1,0.999087,159,83,425,380,
714,1,0.997993,160,83,419,382,
715,1,0.998808,155,84,420,374,
716,1,0.998307,161,83,416,384,
717,1,0.997477,148,82,416,373,
718,1,0.998942,153,86,425,381,
719,1,0.999083,156,82,421,382,
720,1,0.998346,159,82,423,381,
721,1,0.998097,150,85,417,388,
722,1,0.996519,155,80,416,375,
723,1,0.996377,148,83,418,392,
724,1,0.997818,138,85,412,386,
725,1,0.995192,153,79,430,385,
726,1,0.996650,149,80,428,388,
727,1,0.997884,133,86,425,387,
728,1,0.997100,142,83,421,389,
729,1,0.998070,149,81,419,379,
730,1,0.997346,150,78,416,373,
731,1,0.995231,148,79,426,384,
732,1,0.996483,145,82,421,386,
733,1,0.998971,150,79,416,371,
734,1,0.999105,154,82,420,385,
735,1,0.999314,152,82,420,371,
736,1,0.998717,154,82,431,382,
737,1,0.998816,154,83,417,368,
738,1,0.998690,157,77,419,380,
739,1,0.999533,159,80,420,372,
740,1,0.999133,167,79,420,373,
741,1,0.999285,177,78,418,374,
742,1,0.999360,178,79,415,375,
743,1,0.998919,181,76,419,376,
744,1,0.997435,184,76,422,376,
745,1,0.997731,189,79,450,378,
746,1,0.998790,189,78,432,372,
747,1,0.998615,194,78,422,375,
748,1,0.998878,200,77,421,373,
749,1,0.999156,208,77,421,376,
750,1,0.999064,222,78,417,374,
751,1,0.998969,225,79,420,373,
752,1,0.999013,233,75,413,371,
753,1,0.999108,244,79,408,374,
754,1,0.998392,244,79,423,371,
755,1,0.998758,251,79,416,375,
756,1,0.998629,257,78,414,374,
757,1,0.998340,259,78,419,375,
758,1,0.998510,261,78,428,370,
759,1,0.998577,264,78,425,372,
760,1,0.998827,267,79,422,372,
761,1,0.998385,267,80,414,373,
762,1,0.998631,270,79,427,374,
763,1,0.998352,271,82,433,373,
764,1,0.999232,271,81,426,377,
765,1,0.999146,271,80,429,377,
766,1,0.998533,271,81,433,372,
767,1,0.998807,272,83,433,369,
768,1,0.998848,274,83,439,369,
