1,67,0.862173,13,354,580,477,
2,67,0.857155,7,355,568,475,
3,67,0.902282,0,370,581,478,
4,67,0.916299,0,371,583,477,
5,67,0.828545,11,354,577,477,
6,67,0.894501,0,371,581,477,
7,67,0.866897,9,356,575,477,
8,67,0.864150,0,370,589,477,
9,67,0.920926,0,371,575,477,
10,67,0.914551,1,367,567,479,
11,67,0.890201,8,356,564,477,
12,67,0.875011,13,373,564,479,
13,67,0.878638,6,357,571,476,
14,67,0.874442,14,354,583,477,
15,67,0.878285,14,353,580,477,
16,67,0.859332,12,351,592,476,
17,67,0.862437,12,352,585,477,
18,67,0.894692,0,370,577,475,
19,67,0.884720,16,368,569,476,
20,67,0.906681,0,369,587,476,
21,67,0.881714,3,367,578,478,
22,67,0.853021,17,358,561,478,
23,67,0.869738,6,355,563,475,
24,67,0.889982,0,368,583,476,
25,67,0.877501,1,355,572,476,
26,67,0.856899,11,352,580,476,
27,67,0.907655,0,369,574,476,
28,67,0.882126,4,353,566,475,
29,67,0.883394,10,351,576,475,
30,67,0.866391,0,353,571,476,
31,67,0.866516,10,351,579,476,
32,67,0.902885,2,354,567,476,
33,67,0.892603,9,354,574,477,
34,67,0.889123,3,356,563,476,
35,67,0.864093,3,348,579,477,
36,67,0.884550,11,353,582,477,
37,67,0.869877,1,354,565,476,
38,67,0.886912,1,355,572,476,
39,67,0.876829,4,355,568,476,
40,67,0.810890,9,363,583,479,
41,67,0.836263,5,346,583,478,
42,67,0.851552,1,354,562,474,
43,67,0.871320,0,354,568,475,
44,67,0.852590,3,353,569,476,
45,67,0.869694,6,356,571,477,
46,67,0.871129,0,369,591,476,
47,67,0.859088,13,352,578,476,
48,67,0.884239,4,354,569,474,
49,67,0.757875,14,363,603,479,
50,67,0.895358,14,370,566,475,
51,67,0.770838,10,347,585,477,
52,67,0.830013,8,352,572,474,
53,67,0.849860,1,371,572,477,
54,67,0.798939,11,355,571,475,
55,67,0.876475,12,372,563,476,
56,67,0.892768,2,374,580,479,
57,67,0.789573,3,363,579,479,
58,67,0.861289,4,370,575,477,
59,67,0.748208,1,362,587,479,
60,67,0.816290,8,375,562,477,
61,67,0.848980,5,371,544,472,
62,67,0.875211,0,370,590,476,
63,67,0.862381,0,356,577,475,
64,67,0.832068,0,371,580,478,
65,67,0.809117,1,369,582,475,
66,67,0.845642,0,356,577,476,
67,67,0.785902,10,360,582,479,
68,67,0.838394,3,356,574,476,
69,67,0.837067,6,373,559,477,
70,67,0.879887,0,368,580,477,
71,67,0.842941,0,357,606,473,
72,67,0.866412,0,356,572,475,
73,67,0.802313,2,370,578,475,
74,67,0.815374,6,374,565,477,
75,67,0.848787,1,355,571,474,
76,67,0.788651,8,360,576,478,
77,67,0.837854,8,361,571,477,
78,67,0.900859,0,372,578,476,
79,67,0.900805,4,353,572,475,
80,67,0.839582,12,354,586,476,
81,67,0.826791,11,361,577,477,
82,67,0.870220,0,370,576,476,
83,67,0.814612,13,352,576,478,
84,67,0.881766,2,355,579,475,
85,67,0.801730,7,351,586,474,
86,67,0.767007,9,350,599,479,
87,67,0.822664,10,349,589,473,
88,67,0.924421,7,345,578,473,
89,67,0.829474,4,356,580,477,
90,67,0.883848,5,345,587,472,
91,67,0.846289,5,357,581,479,
92,67,0.751953,8,345,605,479,
93,67,0.906034,6,345,584,473,
94,67,0.898612,0,349,608,473,
95,67,0.836092,2,355,588,477,
96,67,0.866173,10,351,589,472,
97,67,0.816711,5,352,585,471,
98,67,0.833072,4,353,574,471,
99,67,0.850164,3,353,580,471,
100,67,0.870580,0,350,601,470,
101,67,0.837440,0,355,593,472,
102,67,0.913969,0,362,590,474,
103,67,0.894488,0,351,585,472,
104,67,0.898896,4,350,576,472,
105,67,0.902245,6,353,588,472,
106,67,0.893838,6,356,585,474,
107,67,0.866763,0,359,576,477,
108,67,0.919226,0,364,583,474,
109,67,0.876751,0,352,611,470,
110,67,0.914952,8,356,595,473,
111,67,0.909393,0,363,586,475,
112,67,0.924106,0,362,583,474,
113,67,0.927952,0,365,582,474,
114,67,0.874345,0,359,577,478,
115,67,0.864425,0,356,581,478,
116,67,0.883227,0,362,586,473,
117,67,0.890918,6,353,593,473,
118,67,0.901093,9,355,589,474,
119,67,0.906422,8,354,588,473,
120,67,0.897821,7,353,574,472,
121,67,0.871629,10,352,570,472,
122,67,0.937460,0,365,586,475,
123,67,0.855903,15,355,577,472,
124,67,0.902829,8,358,584,473,
125,67,0.888394,0,360,577,478,
126,67,0.914319,0,363,577,478,
127,67,0.922982,0,364,574,477,
128,67,0.901595,12,358,565,471,
129,67,0.891402,7,357,597,471,
130,67,0.906724,0,364,584,478,
131,67,0.933338,0,362,571,475,
132,67,0.909230,5,361,585,477,
133,67,0.917146,12,352,569,472,
134,67,0.919095,12,352,586,472,
135,67,0.925750,9,349,578,471,
136,67,0.957133,0,364,568,477,
137,67,0.941593,12,348,575,472,
138,67,0.939583,8,350,581,471,
139,67,0.843433,8,358,585,476,
140,67,0.924451,14,354,575,472,
141,67,0.929189,13,352,591,471,
142,67,0.923327,16,353,580,472,
143,67,0.935291,0,366,571,478,
144,67,0.923693,0,362,570,480,
145,67,0.896263,15,352,594,472,
146,67,0.937744,3,365,572,476,
147,67,0.933800,2,365,564,476,
148,67,0.903252,13,354,577,472,
149,67,0.931176,6,362,574,477,
150,67,0.905119,10,355,582,473,
151,67,0.926272,10,357,599,471,
152,67,0.900250,10,355,577,473,
153,67,0.921572,7,355,580,472,
154,67,0.905840,13,355,575,473,
155,67,0.904245,8,356,581,474,
156,67,0.914474,11,351,569,473,
157,67,0.916630,0,359,571,480,
158,67,0.910690,0,361,570,480,
159,67,0.884497,10,354,571,473,
160,67,0.905150,11,355,569,473,
161,67,0.917573,11,355,569,473,
162,67,0.899725,10,352,578,473,
163,67,0.898427,12,352,586,473,
164,67,0.919530,14,355,593,472,
165,67,0.929900,0,365,584,479,
166,67,0.870704,19,352,570,475,
167,67,0.909867,0,363,576,480,
168,67,0.905528,15,350,580,472,
169,67,0.909115,9,356,593,472,
170,67,0.876779,15,351,590,473,
171,67,0.932761,0,361,564,480,
172,67,0.884141,14,356,564,479,
173,67,0.922966,16,348,580,472,
174,67,0.940425,20,350,588,471,
175,67,0.931301,0,362,567,480,
176,67,0.929636,4,364,573,480,
177,67,0.900031,0,353,609,471,
178,67,0.926919,21,351,580,474,
179,67,0.908284,15,350,575,474,
180,67,0.917204,17,349,593,473,
181,67,0.910036,18,345,573,474,
182,67,0.930723,0,360,565,480,
183,67,0.922247,13,347,573,473,
184,67,0.932581,10,349,589,472,
185,67,0.903273,8,344,582,473,
186,67,0.916956,6,344,589,472,
187,67,0.909459,5,343,587,472,
188,67,0.868196,18,345,585,473,
189,67,0.920870,0,346,586,473,
190,67,0.899645,9,339,599,470,
191,67,0.903801,11,338,578,472,
192,67,0.843435,0,337,607,471,
193,67,0.910413,11,340,580,473,
194,67,0.904560,12,342,582,471,
195,67,0.814778,7,354,581,476,
196,67,0.868224,0,362,591,478,
197,67,0.852726,2,353,591,472,
198,67,0.818461,4,371,564,477,
199,67,0.844817,2,355,603,471,
200,67,0.896086,0,370,560,477,
201,67,0.861962,4,355,586,472,
202,67,0.909558,0,370,549,477,
203,67,0.894561,0,366,595,480,
204,67,0.875559,0,367,591,479,
205,67,0.900423,0,370,573,477,
206,67,0.812986,0,354,586,470,
207,67,0.839406,0,354,590,471,
208,67,0.890730,0,364,585,472,
209,67,0.888218,0,368,616,475,
210,67,0.832140,0,353,584,471,
211,67,0.832918,6,363,624,479,
212,67,0.837429,0,369,602,480,
213,67,0.826436,4,367,545,475,
214,67,0.826160,8,364,587,478,
215,67,0.815347,5,367,553,477,
216,67,0.816828,2,365,556,477,
217,67,0.838315,2,364,607,478,
218,67,0.845695,4,364,615,478,
219,67,0.817268,0,353,598,472,
220,67,0.818549,0,349,586,470,
221,67,0.793157,7,367,557,476,
222,67,0.787614,0,366,611,478,
223,67,0.850728,0,359,593,471,
224,67,0.842898,2,367,561,477,
225,67,0.766455,0,347,588,469,
226,67,0.840711,0,366,572,478,
227,67,0.839640,5,351,571,472,
228,67,0.812447,1,369,559,476,
229,67,0.847693,0,346,589,470,
230,67,0.853906,0,367,558,476,
231,67,0.817138,0,341,595,470,
232,67,0.828829,0,346,590,471,
233,67,0.809533,0,345,594,470,
234,67,0.899790,0,367,588,475,
235,67,0.843210,0,366,569,478,
236,67,0.806291,0,347,590,470,
237,67,0.852762,0,345,593,470,
238,67,0.838863,1,356,595,471,
239,67,0.834266,0,343,594,471,
240,67,0.849183,0,367,561,476,
241,67,0.782179,0,362,620,478,
242,67,0.827719,4,358,593,471,
243,67,0.795160,0,364,607,479,
244,67,0.837658,10,368,564,476,
245,67,0.879665,8,363,614,479,
246,67,0.835818,0,349,587,470,
247,67,0.842502,0,348,592,471,
248,67,0.834871,0,362,613,478,
249,67,0.831840,0,364,615,479,
250,67,0.866756,0,363,605,480,
251,67,0.862109,0,367,561,478,
252,67,0.853982,2,368,579,476,
253,67,0.814873,1,360,590,471,
254,67,0.810243,1,350,584,468,
255,67,0.851785,2,361,589,473,
256,67,0.835596,2,369,586,478,
257,67,0.858075,2,368,592,476,
258,67,0.836049,1,366,557,478,
259,67,0.866707,0,367,566,477,
260,67,0.845247,2,367,556,477,
261,67,0.856094,2,367,565,477,
262,67,0.795901,12,365,553,479,
263,67,0.790619,0,350,587,469,
264,67,0.903898,0,370,601,475,
265,67,0.852634,9,365,578,478,
266,67,0.868686,1,368,561,477,
267,67,0.814688,8,365,563,479,
268,67,0.868459,4,370,566,476,
269,67,0.827224,0,367,556,477,
270,67,0.861976,7,366,576,479,
271,67,0.795776,3,366,570,477,
272,67,0.816354,7,368,559,476,
273,67,0.874300,10,363,612,480,
274,67,0.795187,0,361,596,471,
275,67,0.849399,0,365,604,479,
276,67,0.835589,0,366,600,480,
277,67,0.875918,15,366,605,479,
278,67,0.852829,1,367,560,477,
279,67,0.850177,0,364,606,479,
280,67,0.840389,6,366,588,478,
281,67,0.870066,0,368,571,476,
282,67,0.877471,0,371,592,478,
283,67,0.839897,15,363,609,480,
284,67,0.866807,0,368,564,476,
285,67,0.859247,0,369,551,478,
286,67,0.864271,0,371,598,479,
287,67,0.888387,0,363,587,473,
288,67,0.855478,0,368,565,476,
289,67,0.843674,3,366,561,477,
290,67,0.779737,7,364,567,478,
291,67,0.840099,1,366,565,477,
292,67,0.816971,6,364,550,479,
293,67,0.790340,10,365,547,480,
294,67,0.824632,0,348,581,470,
295,67,0.828777,0,349,588,470,
296,67,0.810450,7,364,588,479,
297,67,0.827376,7,372,565,476,
298,67,0.833314,1,367,558,477,
299,67,0.815664,0,367,584,477,
300,67,0.827174,0,366,568,478,
301,67,0.837778,1,368,573,478,
302,67,0.825065,0,352,593,472,
303,67,0.819146,0,357,597,470,
304,67,0.882635,0,368,557,478,
305,67,0.885362,9,364,611,479,
306,67,0.906441,9,369,553,478,
307,67,0.891984,13,365,590,480,
308,67,0.902768,2,368,612,479,
309,67,0.856690,9,358,599,472,
310,67,0.851116,8,357,595,472,
311,67,0.920639,0,368,607,480,
312,67,0.904577,4,365,608,480,
313,67,0.816141,0,357,588,472,
314,67,0.848888,0,359,591,471,
315,67,0.825614,11,372,560,477,
316,67,0.849129,0,360,583,471,
317,67,0.881714,0,372,598,480,
318,67,0.901669,0,372,588,479,
319,67,0.876211,0,369,589,479,
320,67,0.857781,0,370,565,478,
321,67,0.889720,0,368,593,480,
322,67,0.764647,9,357,573,469,
323,67,0.804611,9,355,580,469,
324,67,0.932643,15,347,573,472,
325,67,0.865648,0,352,600,478,
326,67,0.907936,17,348,578,472,
327,67,0.932531,13,348,582,473,
328,67,0.917851,14,346,585,472,
329,67,0.917382,14,349,583,473,
330,67,0.937953,0,362,571,480,
331,67,0.876907,22,350,580,474,
332,67,0.917503,13,348,576,473,
333,67,0.923519,0,361,580,479,
334,67,0.903579,8,347,578,473,
335,67,0.929164,0,361,569,480,
336,67,0.936113,0,360,561,480,
337,67,0.926442,17,352,590,473,
338,67,0.917607,0,359,569,480,
339,67,0.902525,3,360,566,480,
340,67,0.915546,15,350,575,472,
341,67,0.926206,12,349,570,473,
342,67,0.898794,14,349,570,473,
343,67,0.933965,14,356,588,474,
344,67,0.914690,13,353,592,473,
345,67,0.907121,3,358,569,480,
346,67,0.906302,14,347,574,473,
347,67,0.905463,13,348,570,473,
348,67,0.913043,14,346,571,473,
349,67,0.932925,10,353,568,474,
350,67,0.939309,0,364,570,480,
351,67,0.931591,3,369,565,479,
352,67,0.931117,7,355,573,474,
353,67,0.928756,6,355,576,474,
354,67,0.900906,0,357,599,473,
355,67,0.922818,10,352,582,473,
356,67,0.916552,10,347,572,472,
357,67,0.918882,7,350,569,473,
358,67,0.926745,0,360,555,480,
359,67,0.897528,15,351,577,473,
360,67,0.836096,16,353,561,479,
361,67,0.895737,12,350,573,474,
362,67,0.913414,15,353,575,474,
363,67,0.904523,15,355,581,474,
364,67,0.928484,21,357,595,473,
365,67,0.915148,12,353,580,474,
366,67,0.919520,23,360,592,473,
367,67,0.899372,19,359,588,474,
368,67,0.921125,19,355,571,472,
369,67,0.910321,13,357,577,473,
370,67,0.921595,14,356,579,474,
371,67,0.935210,15,359,596,473,
372,67,0.911888,14,358,591,475,
373,67,0.912068,15,355,571,473,
374,67,0.933694,15,358,587,474,
375,67,0.919260,10,356,568,473,
376,67,0.908700,17,359,579,474,
377,67,0.932350,8,357,574,473,
378,67,0.908429,15,358,576,474,
379,67,0.894013,0,361,572,480,
380,67,0.871569,8,360,586,478,
381,67,0.916541,19,359,596,474,
382,67,0.923562,13,354,575,474,
383,67,0.927862,21,361,594,474,
384,67,0.899887,20,358,580,473,
385,67,0.905669,21,361,587,475,
386,67,0.884372,20,356,586,473,
387,67,0.913414,17,356,583,474,
388,67,0.902204,19,355,592,475,
389,67,0.883617,14,356,579,472,
390,67,0.893132,19,356,589,475,
391,67,0.909640,26,355,595,476,
392,67,0.845885,20,357,589,472,
393,67,0.916993,4,356,600,474,
394,67,0.890496,15,359,578,474,
395,67,0.903644,9,364,591,479,
396,67,0.816110,12,357,575,475,
397,67,0.871266,19,358,598,477,
398,67,0.878369,12,358,577,475,
399,67,0.878164,1,362,600,479,
400,67,0.840214,19,358,598,477,
401,67,0.864653,11,364,587,480,
402,67,0.870588,19,358,596,477,
403,67,0.864848,20,359,599,477,
404,67,0.869058,18,357,602,477,
405,67,0.854361,18,359,601,476,
406,67,0.828655,11,357,577,476,
407,67,0.867803,19,358,598,476,
408,67,0.890453,22,359,598,476,
409,67,0.858716,22,359,597,477,
410,67,0.894514,2,361,600,478,
411,67,0.860951,20,358,592,477,
412,67,0.849740,19,358,598,476,
413,67,0.887386,0,361,599,479,
414,67,0.866578,20,357,599,476,
415,67,0.881404,20,358,599,475,
416,67,0.870312,20,357,598,476,
417,67,0.828984,11,356,581,475,
418,67,0.857032,19,360,604,477,
419,67,0.845112,14,364,592,480,
420,67,0.861125,15,358,598,476,
421,67,0.848898,16,359,595,476,
422,67,0.852039,19,357,598,476,
423,67,0.845182,16,357,579,475,
424,67,0.846901,18,355,600,476,
425,67,0.897581,0,361,586,480,
426,67,0.863280,0,363,581,479,
427,67,0.889295,0,360,605,479,
428,67,0.900922,24,358,592,474,
429,67,0.883263,8,360,596,478,
430,67,0.844428,27,360,599,477,
431,67,0.871956,0,361,587,480,
432,67,0.852146,0,363,579,480,
433,67,0.879268,23,357,595,476,
434,67,0.863776,15,359,579,474,
435,67,0.900146,25,357,597,476,
436,67,0.912079,29,358,593,476,
437,67,0.886364,26,357,594,476,
438,67,0.884095,0,362,579,479,
439,67,0.883296,23,357,591,476,
440,67,0.883621,25,359,592,476,
441,67,0.880767,25,359,592,476,
442,67,0.915948,24,359,586,476,
443,67,0.883444,24,359,591,476,
444,67,0.870845,21,361,589,477,
445,67,0.880839,25,360,589,478,
446,67,0.848857,23,357,591,476,
447,67,0.885965,24,356,594,477,
448,67,0.885839,25,358,590,476,
449,67,0.909545,23,356,595,476,
450,67,0.891988,22,357,593,476,
451,67,0.880010,10,364,602,476,
452,67,0.896281,22,358,589,477,
453,67,0.907876,22,358,598,477,
454,67,0.899251,21,362,594,478,
455,67,0.922981,27,360,599,476,
456,67,0.897972,22,361,594,477,
457,67,0.881624,24,363,594,476,
458,67,0.873629,28,363,588,476,
459,67,0.892056,29,363,588,476,
460,67,0.898875,25,362,593,477,
461,67,0.911920,26,359,593,477,
462,67,0.922180,26,359,594,477,
463,67,0.907897,25,357,597,476,
464,67,0.901880,23,361,594,477,
465,67,0.916066,22,360,590,477,
466,67,0.909343,29,361,590,476,
467,67,0.908747,0,362,577,478,
468,67,0.903148,27,361,592,478,
469,67,0.904051,20,360,587,475,
470,67,0.918863,19,353,602,476,
471,67,0.906250,23,356,596,477,
472,67,0.917850,19,351,598,477,
473,67,0.927991,21,351,591,477,
474,67,0.906758,24,352,598,476,
475,67,0.915729,22,353,596,476,
476,67,0.901547,2,359,595,479,
477,67,0.883425,18,356,598,476,
478,67,0.903322,21,355,589,477,
479,67,0.904184,20,357,595,475,
480,67,0.903816,20,354,595,476,
481,67,0.907304,19,357,598,475,
482,67,0.916434,0,358,599,478,
483,67,0.927673,24,355,595,475,
484,67,0.922185,19,357,594,477,
485,67,0.891370,17,356,601,476,
486,67,0.899896,14,354,602,476,
487,67,0.912391,19,356,591,475,
488,67,0.895825,22,357,600,477,
489,67,0.914602,20,358,601,477,
490,67,0.925393,24,356,585,475,
491,67,0.905453,21,359,593,476,
492,67,0.916621,24,356,588,475,
493,67,0.909999,2,357,587,479,
494,67,0.906896,20,357,594,477,
495,67,0.894124,20,356,599,476,
496,67,0.898370,19,357,591,476,
497,67,0.893207,15,358,599,476,
498,67,0.890237,19,357,597,477,
499,67,0.891830,20,354,597,477,
500,67,0.875668,18,355,598,476,
501,67,0.773018,11,357,607,476,
502,67,0.876076,20,357,594,476,
503,67,0.902891,0,358,588,480,
504,67,0.886897,17,355,594,476,
505,67,0.900616,22,355,594,474,
506,67,0.889379,17,355,599,476,
507,67,0.894405,18,356,598,476,
508,67,0.897668,19,356,597,476,
509,67,0.891346,21,356,600,477,
510,67,0.904586,22,357,599,473,
511,67,0.876850,18,356,597,476,
512,67,0.906788,0,359,595,479,
513,67,0.885863,18,354,600,477,
514,67,0.885679,13,353,578,474,
515,67,0.890061,18,355,600,476,
516,67,0.869583,21,356,603,478,
517,67,0.893955,20,357,596,476,
518,67,0.819988,6,344,602,475,
519,67,0.862392,16,352,571,474,
520,67,0.908053,26,358,597,475,
521,67,0.875343,20,355,597,475,
522,67,0.851528,19,355,599,477,
523,67,0.841560,20,353,602,475,
524,67,0.850842,20,354,593,475,
525,67,0.876106,24,357,593,476,
526,67,0.873103,21,353,596,476,
527,67,0.904903,0,357,585,480,
528,67,0.873987,14,352,577,474,
529,67,0.893048,1,357,596,480,
530,67,0.895703,0,358,583,480,
531,67,0.893566,7,361,609,477,
532,67,0.884746,1,359,599,479,
533,67,0.891436,0,357,592,479,
534,67,0.872449,16,353,596,476,
535,67,0.892127,1,361,591,480,
536,67,0.900241,7,360,599,480,
537,67,0.887900,3,357,595,477,
538,67,0.882431,22,351,598,475,
539,67,0.878448,0,356,588,480,
540,67,0.915891,19,353,596,474,
541,67,0.876763,19,348,597,474,
542,67,0.883540,18,349,597,475,
543,67,0.867540,21,351,598,475,
544,67,0.877472,19,349,598,475,
545,67,0.853429,0,356,589,478,
546,67,0.914335,20,352,590,473,
547,67,0.879217,17,348,594,475,
548,67,0.892933,18,351,596,475,
549,67,0.886174,19,350,592,474,
550,67,0.892880,13,348,572,473,
551,67,0.884363,11,349,572,474,
552,67,0.874272,18,348,598,475,
553,67,0.891293,17,350,596,475,
554,67,0.876156,11,347,573,475,
555,67,0.883978,12,348,574,473,
556,67,0.904485,20,351,598,474,
557,67,0.878265,21,353,599,477,
558,67,0.873212,20,351,594,475,
559,67,0.880058,0,356,591,480,
560,67,0.871240,22,351,598,476,
561,67,0.900275,0,358,593,480,
562,67,0.875220,3,357,595,478,
563,67,0.885501,18,350,600,475,
564,67,0.849824,20,351,598,475,
565,67,0.873809,17,351,599,475,
566,67,0.885735,2,360,599,479,
567,67,0.880305,1,355,595,478,
568,67,0.856626,17,347,597,475,
569,67,0.906271,4,360,595,479,
570,67,0.863418,20,349,597,475,
571,67,0.858802,17,348,597,474,
572,67,0.873031,19,349,594,476,
573,67,0.892598,20,352,591,474,
574,67,0.893976,16,352,595,475,
575,67,0.875674,13,350,574,474,
576,67,0.856662,12,360,594,476,
577,67,0.892469,16,349,592,475,
578,67,0.865270,18,351,596,475,
579,67,0.851473,20,353,592,475,
580,67,0.867883,0,358,581,478,
581,67,0.869671,18,351,598,476,
582,67,0.837726,17,352,599,475,
583,67,0.887073,24,353,593,475,
584,67,0.911037,22,353,602,477,
585,67,0.891489,23,359,596,475,
586,67,0.885580,24,361,585,475,
587,67,0.898457,25,359,596,477,
588,67,0.904921,27,362,594,477,
589,67,0.892354,27,361,589,478,
590,67,0.869674,7,360,596,480,
591,67,0.906506,0,361,602,478,
592,67,0.908569,30,358,593,476,
593,67,0.911544,26,358,593,477,
594,67,0.912878,0,361,594,479,
595,67,0.885128,22,364,590,477,
596,67,0.907449,17,358,575,475,
597,67,0.912098,19,355,597,476,
598,67,0.901597,17,362,599,477,
599,67,0.906255,14,365,585,476,
600,67,0.891191,21,362,600,477,
601,67,0.905852,18,358,597,478,
602,67,0.892635,17,354,601,477,
603,67,0.902273,18,356,598,477,
604,67,0.887695,21,354,592,476,
605,67,0.875217,20,357,595,476,
606,67,0.878307,19,357,593,477,
607,67,0.890168,23,359,590,477,
608,67,0.882024,18,357,590,476,
609,67,0.883802,24,357,588,477,
610,67,0.879319,26,358,590,476,
611,67,0.911044,5,361,602,478,
612,67,0.875320,21,358,594,477,
613,67,0.903629,0,359,599,478,
614,67,0.898521,4,360,597,478,
615,67,0.877454,19,358,594,477,
616,67,0.883809,20,358,594,476,
617,67,0.894845,1,362,596,478,
618,67,0.768121,5,347,613,472,
619,67,0.877626,21,357,594,476,
620,67,0.865624,19,356,576,474,
621,67,0.891287,1,363,597,479,
622,67,0.869708,24,360,597,476,
623,67,0.840624,9,349,602,475,
624,67,0.884612,0,363,587,477,
625,67,0.881017,0,360,602,478,
626,67,0.874049,23,359,595,477,
627,67,0.885437,24,358,595,477,
628,67,0.872730,24,359,594,477,
629,67,0.873074,4,359,597,480,
630,67,0.884691,22,358,596,477,
631,67,0.889180,20,359,597,475,
632,67,0.883460,23,359,595,477,
633,67,0.847223,22,360,592,477,
634,67,0.839923,20,357,600,476,
635,67,0.868142,23,357,599,474,
636,67,0.870951,1,360,599,479,
637,67,0.875319,23,358,597,476,
638,67,0.858373,23,358,596,476,
639,67,0.896012,21,357,598,475,
640,67,0.837902,14,358,571,475,
641,67,0.864771,22,357,601,476,
642,67,0.865125,22,359,599,476,
643,67,0.868624,23,359,592,476,
644,67,0.836652,19,360,595,477,
645,67,0.860356,20,360,589,477,
646,67,0.858428,20,357,600,477,
647,67,0.886607,21,358,591,477,
648,67,0.857644,23,360,595,476,
649,67,0.889173,0,362,589,479,
650,67,0.858634,22,360,593,476,
651,67,0.875232,2,359,591,478,
652,67,0.836632,15,359,570,474,
653,67,0.879238,0,362,582,478,
654,67,0.818332,18,359,594,477,
655,67,0.863329,19,356,597,476,
656,67,0.856180,23,358,601,476,
657,67,0.883661,19,359,594,476,
658,67,0.871087,14,358,568,476,
659,67,0.851560,17,359,596,476,
660,67,0.843544,19,359,590,476,
661,67,0.870029,0,361,587,479,
662,67,0.862366,0,360,601,478,
663,67,0.800048,22,360,596,476,
664,67,0.838504,23,358,593,476,
665,67,0.867835,21,357,600,475,
666,67,0.855234,18,357,600,475,
667,67,0.846230,20,357,597,476,
668,67,0.846109,19,356,599,475,
669,67,0.871159,20,356,596,476,
670,67,0.836650,21,357,600,476,
671,67,0.854543,0,361,586,479,
672,67,0.864746,19,356,601,475,
673,67,0.844412,11,357,570,474,
674,67,0.857635,20,359,594,476,
675,67,0.866093,20,359,599,476,
676,67,0.840836,11,363,596,480,
677,67,0.873982,0,361,599,479,
678,67,0.826335,15,357,579,474,
679,67,0.883772,0,361,604,478,
680,67,0.900443,1,360,604,478,
681,67,0.861320,21,356,598,475,
682,67,0.872751,0,361,585,479,
683,67,0.836356,19,358,594,476,
684,67,0.897520,0,359,604,478,
685,67,0.877856,0,361,587,479,
686,67,0.867320,21,356,603,477,
687,67,0.881375,0,362,602,478,
688,67,0.873687,20,356,596,477,
689,67,0.841048,12,357,576,475,
690,67,0.843908,12,359,577,474,
691,67,0.816311,15,358,574,476,
692,67,0.876775,17,355,599,476,
693,67,0.862459,17,356,595,475,
694,67,0.876132,1,360,603,478,
695,67,0.881062,21,357,603,476,
696,67,0.849025,9,356,579,475,
697,67,0.905349,26,359,597,473,
698,67,0.912591,26,358,573,473,
699,67,0.911506,27,361,587,475,
700,67,0.906995,26,361,594,473,
701,67,0.908278,22,358,570,473,
702,67,0.907566,22,361,590,475,
703,67,0.902553,25,362,591,475,
704,67,0.915477,20,361,590,475,
705,67,0.885836,23,359,591,476,
706,67,0.880293,21,355,578,473,
707,67,0.915851,22,360,589,475,
708,67,0.874625,25,358,577,473,
709,67,0.900686,21,354,575,473,
710,67,0.892076,23,353,583,472,
711,67,0.799867,11,352,583,476,
712,67,0.793511,3,356,588,476,
713,67,0.920391,17,354,576,473,
714,67,0.799737,20,358,603,478,
715,67,0.924880,19,359,595,474,
716,67,0.920755,17,360,595,475,
717,67,0.915396,8,357,585,473,
718,67,0.917012,19,358,589,476,
719,67,0.909687,16,357,573,472,
720,67,0.914173,14,357,589,475,
721,67,0.899693,16,356,578,473,
722,67,0.884523,16,355,576,472,
723,67,0.911555,19,357,568,473,
724,67,0.906476,18,358,575,474,
725,67,0.912141,14,358,596,476,
726,67,0.910893,13,356,572,473,
727,67,0.790839,9,356,586,476,
728,67,0.814814,15,362,580,477,
729,67,0.918114,15,356,573,473,
730,67,0.926103,18,359,582,476,
731,67,0.912037,12,355,579,473,
732,67,0.906806,18,357,590,476,
733,67,0.906685,18,360,591,476,
734,67,0.912410,16,354,575,472,
735,67,0.906220,15,357,596,476,
736,67,0.907747,13,354,578,472,
737,67,0.918855,16,355,575,473,
738,67,0.920285,17,359,588,476,
739,67,0.915210,0,358,591,473,
740,67,0.920594,12,358,592,475,
741,67,0.831593,17,357,587,480,
742,67,0.880165,8,368,554,479,
743,67,0.911509,12,357,568,472,
744,67,0.926783,10,355,574,473,
745,67,0.926077,8,355,569,473,
746,67,0.914763,6,354,574,473,
747,67,0.926184,6,354,571,472,
748,67,0.889791,13,356,571,474,
749,67,0.923151,10,359,588,474,
750,67,0.898486,0,363,557,476,
751,67,0.873214,0,360,571,474,
752,67,0.890370,8,361,589,476,
753,67,0.893146,0,362,580,473,
754,67,0.864813,12,360,582,477,
755,67,0.865078,10,359,582,477,
756,67,0.907834,9,356,589,476,
757,67,0.907120,10,358,594,475,
758,67,0.915033,10,356,589,476,
759,67,0.845170,8,359,594,476,
760,67,0.926469,7,355,572,472,
761,67,0.897353,6,357,597,474,
762,67,0.936214,8,353,568,473,
763,67,0.930706,10,351,571,473,
764,67,0.934127,14,354,593,472,
765,67,0.915275,9,352,576,472,
766,67,0.914900,11,354,568,473,
767,67,0.911343,11,352,574,473,
768,67,0.899878,6,351,576,473,
