2,78,0.641612,379,307,459,367,
3,78,0.669822,379,307,460,367,
4,78,0.662818,377,306,460,368,
5,78,0.720684,379,307,459,367,
6,78,0.699324,379,306,459,367,
7,78,0.683130,379,306,459,367,
8,78,0.586365,379,306,459,367,
9,78,0.700109,380,306,459,367,
10,78,0.583467,377,306,461,368,
11,78,0.686128,378,305,461,368,
12,78,0.701731,378,305,461,368,
13,78,0.668392,379,305,461,369,
14,78,0.745261,382,305,459,367,
15,78,0.696710,380,304,460,368,
16,78,0.663887,382,304,461,368,
17,78,0.774279,384,306,458,367,
18,78,0.767682,386,306,459,367,
19,78,0.800197,385,307,460,369,
20,78,0.652969,385,307,459,369,
21,78,0.539978,383,307,459,369,
23,78,0.563235,385,306,459,369,
26,78,0.580575,388,307,460,368,
30,78,0.637503,392,306,461,367,
31,78,0.641786,393,306,461,367,
32,78,0.693613,393,306,461,367,
33,78,0.717486,393,305,460,366,
34,78,0.616552,391,306,461,367,
35,78,0.596666,392,306,461,367,
36,78,0.695518,393,306,461,367,
38,78,0.548126,393,306,461,368,
39,78,0.576477,393,305,462,367,
40,78,0.595769,392,306,462,368,
77,78,0.543844,394,309,461,369,
81,78,0.603328,395,307,462,367,
372,78,0.597363,412,304,463,365,
375,78,0.512511,404,308,461,368,
383,78,0.639972,394,308,460,369,
384,78,0.768286,393,307,460,370,
385,78,0.918429,393,307,460,369,
386,78,0.922536,393,307,460,369,
387,78,0.915061,392,307,461,369,
388,78,0.904477,391,308,461,369,
389,78,0.832307,391,307,461,369,
390,78,0.914437,390,307,461,369,
391,78,0.924588,392,306,461,366,
392,78,0.880118,391,306,461,367,
393,78,0.944585,393,306,461,371,
394,78,0.906604,392,306,461,367,
395,78,0.882888,391,307,461,370,
396,78,0.859178,391,307,461,370,
397,78,0.826745,390,306,460,369,
398,78,0.896085,390,306,461,369,
399,78,0.864214,391,308,460,368,
400,78,0.920742,391,307,461,368,
401,78,0.900980,391,307,461,370,
402,78,0.890535,390,306,461,369,
403,78,0.878230,392,308,461,370,
404,78,0.896049,390,306,461,370,
405,78,0.897748,392,306,462,368,
406,78,0.937101,391,306,461,368,
407,78,0.914029,391,307,461,370,
408,78,0.908316,390,307,461,369,
409,78,0.943416,390,308,461,369,
410,78,0.950678,392,305,461,367,
411,78,0.935089,392,307,460,367,
412,78,0.917453,392,307,461,366,
413,78,0.891929,390,307,461,369,
414,78,0.818063,389,307,461,370,
415,78,0.528564,391,307,461,369,
416,78,0.555354,392,306,461,369,
417,78,0.777641,391,307,461,368,
418,78,0.755535,392,308,460,368,
