1,1,0.999224,271,91,404,375,
2,1,0.999285,271,91,404,374,
3,1,0.999306,272,90,404,375,
4,1,0.999272,273,90,404,375,
5,1,0.999080,272,89,404,375,
6,1,0.998851,271,89,404,377,
7,1,0.999092,272,91,404,377,
8,1,0.999393,273,89,403,371,
9,1,0.999360,273,88,402,373,
10,1,0.999184,273,88,402,374,
11,1,0.999332,273,88,403,374,
12,1,0.999429,273,87,405,374,
13,1,0.999324,274,87,405,374,
14,1,0.998938,274,89,404,375,
15,1,0.999521,275,89,405,381,
16,1,0.999166,274,88,407,376,
17,1,0.999263,275,89,408,381,
18,1,0.999137,277,89,408,380,
19,1,0.999185,278,86,409,373,
20,1,0.999267,279,87,412,375,
21,1,0.999394,280,87,413,374,
22,1,0.999497,281,88,415,376,
23,1,0.999414,280,88,415,376,
24,1,0.999503,280,88,415,377,
25,1,0.999464,281,88,416,377,
26,1,0.999429,279,88,418,375,
27,1,0.999409,279,88,419,375,
28,1,0.999232,280,88,421,378,
29,1,0.999492,281,88,422,378,
30,1,0.999433,282,87,422,375,
31,1,0.999504,282,87,421,375,
32,1,0.999526,283,86,423,377,
33,1,0.999497,285,85,422,377,
34,1,0.999555,286,87,422,376,
35,1,0.999510,286,87,423,375,
36,1,0.999412,285,86,420,376,
37,1,0.999352,285,86,421,375,
38,1,0.999434,284,88,421,375,
39,1,0.999273,283,88,422,376,
40,1,0.999350,283,91,420,378,
41,1,0.999246,282,91,422,379,
42,1,0.999140,283,91,422,378,
43,1,0.999088,282,90,422,379,
44,1,0.999078,279,88,422,375,
45,1,0.998669,280,87,423,374,
46,1,0.999231,280,87,418,377,
47,1,0.999295,278,86,417,375,
48,1,0.999327,277,86,416,378,
49,1,0.999260,276,84,416,380,
50,1,0.999193,275,83,416,380,
51,1,0.999140,273,82,415,380,
52,1,0.999311,270,83,415,381,
53,1,0.999133,271,86,414,380,
54,1,0.999254,269,84,416,377,
55,1,0.998623,267,83,416,375,
56,1,0.998700,265,83,414,377,
57,1,0.998867,262,81,416,373,
58,1,0.998788,262,80,416,374,
59,1,0.998782,260,81,417,373,
60,1,0.998607,259,81,416,368,
61,1,0.997869,258,80,416,367,
62,1,0.993250,258,81,417,383,
63,1,0.998243,258,79,418,366,
64,1,0.996154,258,77,420,383,
65,1,0.998089,258,76,422,385,
66,1,0.998962,257,76,423,374,
67,1,0.999177,258,75,423,373,
68,1,0.998691,257,73,423,373,
69,1,0.998897,259,72,426,372,
70,1,0.998924,257,69,427,369,
71,1,0.998507,257,71,425,366,
72,1,0.998168,258,70,425,363,
73,1,0.998051,259,70,426,365,
74,1,0.998380,258,72,427,368,
75,1,0.997842,259,69,426,377,
76,1,0.997663,262,71,423,379,
77,1,0.996448,264,70,423,385,
78,1,0.998240,265,72,421,397,
79,1,0.998297,267,69,419,396,
80,1,0.998271,268,73,417,394,
81,1,0.997015,269,70,418,395,
82,1,0.998219,268,70,418,394,
83,1,0.997326,269,69,421,400,
84,1,0.998208,273,74,418,399,
85,1,0.997766,272,73,425,401,
86,1,0.997007,274,75,424,407,
87,1,0.996622,274,74,422,406,
88,1,0.996437,273,75,421,415,
89,1,0.987272,275,73,426,415,
90,1,0.992821,277,74,424,408,
91,1,0.993552,279,77,430,408,
92,1,0.993503,279,75,424,414,
93,1,0.995379,278,75,424,415,
94,1,0.991871,278,73,429,420,
95,1,0.996595,279,77,426,418,
96,1,0.996907,280,80,431,425,
97,1,0.996787,279,76,428,428,
98,1,0.997388,279,77,429,431,
99,1,0.997050,279,75,428,415,
100,1,0.998140,280,75,429,416,
101,1,0.997964,280,72,428,419,
102,1,0.996879,280,75,428,419,
103,1,0.996968,280,73,429,418,
104,1,0.996338,279,71,428,416,
105,1,0.997924,281,72,429,414,
106,1,0.997351,281,72,428,413,
107,1,0.997524,279,76,431,407,
108,1,0.994946,282,70,430,412,
109,1,0.997308,281,73,432,413,
110,1,0.996087,281,71,433,420,
111,1,0.996955,281,70,436,418,
112,1,0.998495,282,70,434,408,
113,1,0.999079,280,73,438,400,
114,1,0.999028,280,73,442,395,
115,1,0.999030,281,73,447,397,
116,1,0.999062,280,72,448,388,
117,1,0.999228,282,73,458,385,
118,1,0.999201,282,72,459,378,
119,1,0.999346,282,71,464,376,
120,1,0.999219,282,70,466,371,
121,1,0.999382,284,70,480,374,
122,1,0.999472,288,69,481,372,
123,1,0.999381,289,72,499,376,
124,1,0.999366,292,72,498,372,
125,1,0.998816,293,74,518,379,
126,1,0.999173,291,72,518,377,
127,1,0.998902,292,70,527,375,
128,1,0.999489,294,70,537,375,
129,1,0.999296,292,70,535,374,
130,1,0.999725,299,72,536,381,
131,1,0.999717,301,70,541,381,
132,1,0.998769,300,74,550,378,
133,1,0.998938,299,70,553,377,
134,1,0.999583,303,70,564,373,
135,1,0.999334,301,71,571,377,
136,1,0.999493,304,74,582,371,
137,1,0.999544,305,71,585,371,
138,1,0.999667,303,74,592,368,
139,1,0.999539,304,71,593,372,
140,1,0.999637,306,70,588,376,
141,1,0.999579,305,71,584,377,
142,1,0.999434,304,71,584,378,
143,1,0.999439,304,70,586,375,
144,1,0.999382,303,70,579,372,
145,1,0.998947,304,67,580,374,
146,1,0.999282,308,74,573,378,
147,1,0.997994,302,71,570,379,
148,1,0.998008,303,73,571,378,
149,1,0.998326,304,73,570,379,
150,1,0.999553,306,76,575,386,
151,1,0.999234,304,74,571,380,
152,1,0.999670,304,74,581,375,
153,1,0.999482,306,72,575,374,
154,1,0.999592,309,73,584,373,
155,1,0.999300,308,74,587,374,
156,1,0.999453,307,71,590,371,
157,1,0.998742,308,75,593,376,
158,1,0.999010,311,77,601,376,
159,1,0.998952,310,73,595,375,
160,1,0.999263,311,75,605,376,
161,1,0.999222,308,71,605,376,
162,1,0.999337,307,71,604,377,
163,1,0.999359,308,73,607,383,
164,1,0.999440,309,71,607,383,
165,1,0.999497,312,71,611,379,
166,1,0.999609,308,68,593,382,
167,1,0.999119,310,68,607,384,
168,1,0.999578,305,69,595,381,
169,1,0.999552,308,72,596,381,
170,1,0.999508,308,73,596,377,
171,1,0.999478,306,69,583,379,
172,1,0.999162,306,71,581,376,
173,1,0.999463,305,73,577,377,
174,1,0.998917,306,74,574,378,
175,1,0.999226,307,75,568,378,
176,1,0.999590,306,77,556,380,
177,1,0.999403,302,73,559,378,
178,1,0.999527,297,77,558,381,
179,1,0.999062,302,74,556,383,
180,1,0.999410,298,76,552,385,
181,1,0.998720,299,77,545,375,
182,1,0.999013,299,77,540,377,
183,1,0.999525,298,77,532,374,
184,1,0.999676,296,78,521,373,
185,1,0.999617,297,76,521,376,
186,1,0.999417,297,75,525,376,
187,1,0.998886,295,75,518,375,
188,1,0.998761,292,76,520,382,
189,1,0.998620,291,77,516,384,
190,1,0.998750,294,77,511,373,
191,1,0.999298,295,79,510,382,
192,1,0.998513,294,75,509,374,
193,1,0.997922,296,76,508,378,
194,1,0.997918,294,76,509,383,
195,1,0.998151,291,76,502,383,
196,1,0.998450,291,74,499,373,
197,1,0.998765,291,73,498,374,
198,1,0.997519,289,75,499,377,
199,1,0.997580,286,75,494,386,
200,1,0.997610,288,74,492,379,
201,1,0.997617,288,74,493,382,
202,1,0.998480,287,77,493,383,
203,1,0.997371,287,75,491,376,
204,1,0.998239,288,78,492,374,
205,1,0.998207,288,75,490,377,
206,1,0.998657,287,76,490,382,
207,1,0.998600,285,75,487,378,
208,1,0.998343,286,75,485,377,
209,1,0.998602,285,76,487,379,
210,1,0.997762,285,74,482,378,
211,1,0.998403,285,78,484,378,
212,1,0.998461,284,78,484,379,
213,1,0.997570,287,78,481,378,
214,1,0.997441,285,77,481,377,
215,1,0.997340,283,78,477,375,
216,1,0.996007,282,77,478,375,
217,1,0.997426,282,76,475,374,
218,1,0.996933,283,77,476,378,
219,1,0.996154,284,77,476,378,
220,1,0.996277,283,76,478,383,
221,1,0.994758,283,72,478,375,
222,1,0.995844,283,75,474,390,
223,1,0.994995,282,73,476,378,
224,1,0.993053,283,74,479,384,
225,1,0.993560,282,74,477,382,
226,1,0.996159,282,74,474,384,
227,1,0.995885,280,73,470,379,
228,1,0.996478,282,76,469,383,
229,1,0.995528,282,77,467,390,
230,1,0.997073,280,78,466,380,
231,1,0.997053,282,77,463,375,
232,1,0.997463,280,75,466,376,
233,1,0.997098,279,77,465,377,
234,1,0.996242,281,78,467,380,
235,1,0.995006,280,79,469,380,
236,1,0.996928,280,76,466,378,
237,1,0.997119,281,77,468,378,
238,1,0.997803,282,76,465,379,
239,1,0.995834,281,79,465,381,
240,1,0.996199,281,75,465,381,
241,1,0.996378,280,75,464,384,
242,1,0.996852,280,80,462,383,
243,1,0.996262,281,81,458,386,
244,1,0.997472,281,76,458,384,
245,1,0.997795,282,76,458,385,
246,1,0.995981,282,78,457,382,
247,1,0.998258,282,77,458,388,
248,1,0.997998,281,76,457,384,
249,1,0.997819,282,77,457,384,
250,1,0.997243,283,78,458,387,
251,1,0.997264,283,76,457,390,
252,1,0.998319,282,78,456,386,
253,1,0.997739,281,75,456,383,
254,1,0.997897,281,76,456,379,
255,1,0.997575,280,76,456,379,
256,1,0.998090,280,74,455,379,
257,1,0.997467,280,76,455,379,
258,1,0.997559,280,76,454,383,
259,1,0.995740,279,79,458,393,
260,1,0.994685,279,79,459,393,
261,1,0.997214,280,75,456,385,
262,1,0.996749,279,78,456,386,
263,1,0.996293,279,74,456,384,
264,1,0.997174,279,77,456,390,
265,1,0.997955,280,76,457,376,
266,1,0.997668,278,74,457,377,
267,1,0.997950,280,77,459,377,
268,1,0.998314,280,76,457,375,
269,1,0.996976,279,75,459,373,
270,1,0.998184,280,75,461,375,
271,1,0.998545,280,73,460,373,
272,1,0.998382,280,73,462,371,
273,1,0.997937,280,74,462,370,
274,1,0.997280,279,74,465,382,
275,1,0.997674,280,75,465,375,
276,1,0.998127,280,76,467,375,
277,1,0.997922,279,75,467,377,
278,1,0.997940,280,74,467,372,
279,1,0.997753,280,74,467,370,
280,1,0.997757,280,74,467,375,
281,1,0.998111,280,74,467,375,
282,1,0.998171,280,74,469,378,
283,1,0.997778,281,78,469,376,
284,1,0.997427,283,75,481,390,
285,1,0.998256,285,76,484,391,
286,1,0.997326,285,76,484,387,
287,1,0.998397,284,77,485,390,
288,1,0.997472,284,75,487,393,
289,1,0.997873,287,73,490,384,
290,1,0.998273,286,72,490,382,
291,1,0.997326,286,74,497,397,
292,1,0.998874,287,74,497,392,
293,1,0.999063,286,72,499,381,
294,1,0.998078,290,73,500,388,
295,1,0.998043,289,72,505,388,
296,1,0.996320,287,72,510,383,
297,1,0.998453,293,72,513,385,
298,1,0.998447,293,71,517,383,
299,1,0.999390,295,70,519,375,
300,1,0.998091,297,72,523,374,
301,1,0.998983,296,71,522,380,
302,1,0.999111,296,72,526,375,
303,1,0.998280,299,70,524,380,
304,1,0.999249,297,69,535,379,
305,1,0.998877,300,69,533,380,
306,1,0.999181,301,68,537,379,
307,1,0.999184,303,70,540,377,
308,1,0.999088,305,71,545,377,
309,1,0.999305,307,70,539,378,
310,1,0.999362,307,70,545,377,
311,1,0.999395,305,70,543,375,
312,1,0.999292,307,70,537,376,
313,1,0.999361,308,72,541,385,
314,1,0.999272,307,69,538,373,
315,1,0.999103,309,69,545,377,
316,1,0.999265,308,69,542,374,
317,1,0.999488,311,71,542,387,
318,1,0.999332,307,71,548,377,
319,1,0.999608,309,75,551,372,
320,1,0.999173,305,70,554,375,
321,1,0.998901,305,71,558,377,
322,1,0.999346,308,74,561,377,
323,1,0.999183,309,71,553,386,
324,1,0.998941,307,71,553,375,
325,1,0.999369,312,72,556,385,
326,1,0.999505,310,73,557,386,
327,1,0.999400,311,74,560,386,
328,1,0.998615,307,71,565,382,
329,1,0.998937,306,71,563,381,
330,1,0.999451,311,75,564,385,
331,1,0.999009,307,71,568,381,
332,1,0.998990,308,71,563,381,
333,1,0.999077,306,69,562,381,
334,1,0.999121,307,69,564,381,
335,1,0.999218,307,69,567,378,
336,1,0.999456,307,69,564,375,
337,1,0.999160,307,69,560,378,
338,1,0.998983,307,69,562,377,
339,1,0.999119,306,72,559,375,
340,1,0.999383,307,69,560,377,
341,1,0.999418,310,74,563,388,
342,1,0.999029,307,69,561,376,
343,1,0.999031,308,70,559,374,
344,1,0.999549,309,74,561,388,
345,1,0.999137,308,71,566,384,
346,1,0.999586,310,74,563,387,
347,1,0.998981,310,72,562,380,
348,1,0.999539,312,71,549,388,
349,1,0.999413,310,71,552,378,
350,1,0.999342,308,72,554,379,
351,1,0.999508,309,73,551,388,
352,1,0.999412,308,72,547,377,
353,1,0.999531,309,73,541,372,
354,1,0.999506,306,71,535,372,
355,1,0.999317,307,69,530,379,
356,1,0.999079,307,68,523,373,
357,1,0.998983,307,70,512,373,
358,1,0.999368,307,67,507,369,
359,1,0.999271,308,68,492,368,
360,1,0.999414,304,66,488,369,
361,1,0.999393,303,68,481,372,
362,1,0.999459,301,69,473,369,
363,1,0.999087,300,74,470,372,
364,1,0.998963,300,71,465,374,
365,1,0.999021,298,68,464,371,
366,1,0.998882,296,68,461,375,
367,1,0.998634,292,70,457,381,
368,1,0.999005,293,72,453,378,
369,1,0.998528,287,70,452,376,
370,1,0.998801,283,69,445,385,
371,1,0.998242,273,74,444,385,
372,1,0.998930,268,74,440,381,
373,1,0.998323,261,76,433,381,
374,1,0.998913,247,76,433,381,
375,1,0.998821,213,80,425,381,
376,1,0.999050,200,79,424,374,
377,1,0.999381,190,74,423,384,
378,1,0.999517,186,77,419,384,
379,1,0.998340,168,83,419,392,
380,1,0.998687,163,78,417,381,
381,1,0.999694,164,79,411,378,
382,1,0.999323,169,79,409,382,
383,1,0.999203,164,80,413,384,
384,1,0.999088,160,79,407,384,
385,1,0.999043,165,79,408,381,
386,1,0.998435,151,82,409,380,
387,1,0.999385,152,80,405,383,
388,1,0.999241,149,83,411,380,
389,1,0.998774,146,84,405,401,
390,1,0.996338,157,85,406,379,
391,1,0.996577,163,80,401,382,
392,1,0.998559,160,81,404,378,
393,1,0.999538,155,80,404,383,
394,1,0.999201,156,81,399,382,
395,1,0.999629,154,79,397,385,
396,1,0.999467,154,79,405,384,
397,1,0.999159,156,82,397,377,
398,1,0.999152,154,83,405,382,
399,1,0.999489,152,83,405,386,
400,1,0.999568,151,82,401,378,
401,1,0.999394,154,81,393,384,
402,1,0.998549,150,83,402,377,
403,1,0.998746,150,82,401,381,
404,1,0.998877,148,82,399,385,
405,1,0.999648,149,79,399,384,
406,1,0.999695,150,80,399,383,
407,1,0.999659,154,79,398,379,
408,1,0.999596,155,78,400,379,
409,1,0.999521,151,84,403,374,
410,1,0.999499,152,78,399,383,
411,1,0.999654,159,80,404,377,
412,1,0.999324,160,79,401,380,
413,1,0.999628,158,79,402,380,
414,1,0.999684,161,78,402,380,
415,1,0.999612,158,81,400,382,
416,1,0.999482,164,81,400,382,
417,1,0.999556,163,79,404,382,
418,1,0.999382,171,81,404,380,
419,1,0.999622,172,78,401,379,
420,1,0.999572,176,77,404,382,
421,1,0.999671,174,79,406,381,
422,1,0.999244,183,81,408,375,
423,1,0.999061,181,78,409,374,
424,1,0.999187,184,75,410,378,
425,1,0.999267,189,77,411,376,
426,1,0.999063,190,77,408,383,
427,1,0.999151,193,76,413,378,
428,1,0.999327,192,77,415,390,
429,1,0.999607,195,76,415,376,
430,1,0.998609,199,77,417,385,
431,1,0.999479,200,76,418,378,
432,1,0.998688,194,75,418,379,
433,1,0.999180,199,79,423,381,
434,1,0.998753,210,74,420,381,
435,1,0.999396,210,76,420,386,
436,1,0.999273,217,77,425,387,
437,1,0.999005,215,75,422,379,
438,1,0.999329,214,75,425,379,
439,1,0.999230,215,77,426,377,
440,1,0.999216,217,79,428,382,
441,1,0.999368,216,78,427,384,
442,1,0.999147,219,77,427,380,
443,1,0.998905,219,76,429,379,
444,1,0.999181,221,78,427,382,
445,1,0.999101,224,77,428,380,
446,1,0.999359,227,77,429,381,
447,1,0.998921,228,76,430,377,
448,1,0.999085,226,80,432,379,
449,1,0.999262,230,79,432,386,
450,1,0.999510,235,79,430,376,
451,1,0.999029,236,79,432,380,
452,1,0.999427,238,79,431,380,
453,1,0.998910,240,78,434,384,
454,1,0.997895,256,81,440,383,
455,1,0.997919,250,79,441,379,
456,1,0.998148,252,78,441,385,
457,1,0.998505,254,80,440,385,
458,1,0.998146,253,79,439,391,
459,1,0.997406,255,79,442,390,
460,1,0.997628,253,82,441,390,
461,1,0.998259,258,80,442,390,
462,1,0.998057,258,80,442,388,
463,1,0.997863,257,79,442,387,
464,1,0.998002,255,80,442,387,
465,1,0.998030,256,79,442,387,
466,1,0.998132,256,80,442,389,
467,1,0.997978,250,81,442,388,
468,1,0.997978,248,80,442,386,
469,1,0.998565,252,78,442,388,
470,1,0.997913,254,79,443,385,
471,1,0.997705,255,79,442,388,
472,1,0.998224,258,81,442,386,
473,1,0.997868,250,79,441,384,
474,1,0.997517,248,78,442,384,
475,1,0.997235,251,78,442,379,
476,1,0.997603,243,82,442,377,
477,1,0.997453,252,81,442,379,
478,1,0.997415,249,82,441,376,
479,1,0.997171,244,80,441,380,
480,1,0.997512,245,80,442,379,
481,1,0.994802,252,78,443,377,
482,1,0.997425,254,79,440,380,
483,1,0.998549,257,78,440,378,
484,1,0.998255,257,79,440,378,
485,1,0.999104,257,78,437,379,
486,1,0.999131,254,78,436,374,
487,1,0.998806,250,77,436,374,
488,1,0.998910,250,79,435,375,
489,1,0.998766,245,77,435,379,
490,1,0.998970,243,78,433,374,
491,1,0.998990,243,78,433,374,
492,1,0.999269,240,79,432,377,
493,1,0.998899,234,80,432,374,
494,1,0.998727,234,78,428,374,
495,1,0.998879,231,80,426,377,
496,1,0.999146,231,77,425,374,
497,1,0.999378,230,77,427,379,
498,1,0.999258,229,76,425,383,
499,1,0.999215,225,76,422,372,
500,1,0.999025,221,77,423,374,
501,1,0.998913,222,76,425,374,
502,1,0.998545,216,77,426,375,
503,1,0.998618,210,78,417,377,
504,1,0.998394,207,79,420,381,
505,1,0.998163,201,78,419,380,
506,1,0.999250,208,81,417,379,
507,1,0.999401,205,79,415,379,
508,1,0.999262,197,79,410,387,
509,1,0.999187,199,79,410,379,
510,1,0.999472,251,72,416,374,
511,1,0.999135,258,72,418,376,
512,1,0.998902,257,71,418,375,
513,1,0.998948,258,74,420,373,
514,1,0.998843,257,74,421,373,
515,1,0.998830,257,76,419,375,
516,1,0.998813,260,75,419,374,
517,1,0.998865,259,76,417,374,
518,1,0.999279,262,78,415,372,
519,1,0.998621,263,80,416,373,
520,1,0.998346,266,80,415,370,
