148,47,0.774207,534,336,562,371,
149,47,0.853057,534,336,564,371,
150,47,0.840418,532,335,562,371,
151,47,0.832242,533,335,563,371,
152,47,0.667396,534,336,563,370,
153,47,0.867437,532,334,562,370,
154,47,0.796219,534,335,563,370,
155,47,0.721323,530,334,563,370,
156,47,0.685565,533,334,563,370,
157,47,0.591091,532,335,563,370,
158,47,0.519688,531,335,563,370,
159,47,0.570741,531,334,564,369,
160,47,0.671186,532,335,563,370,
161,47,0.581171,534,336,563,370,
162,47,0.610840,534,336,563,370,
163,47,0.690637,534,336,563,370,
164,47,0.635136,533,335,563,370,
165,47,0.808111,533,336,564,370,
166,47,0.701760,533,336,562,370,
167,47,0.712653,533,336,562,371,
168,47,0.665864,533,336,563,370,
169,47,0.661416,533,336,563,371,
170,47,0.820972,533,336,562,370,
171,47,0.677963,534,336,563,371,
172,47,0.568644,532,336,562,370,
173,47,0.675458,534,337,563,371,
174,47,0.717659,533,336,563,371,
175,47,0.857077,534,336,563,370,
176,47,0.821875,533,336,563,371,
177,47,0.798532,534,336,563,371,
178,47,0.772968,533,335,563,371,
179,47,0.653114,534,336,564,371,
180,47,0.714009,535,336,563,370,
181,47,0.725712,533,335,562,370,
182,47,0.762092,534,336,563,371,
183,47,0.714020,533,336,563,371,
184,47,0.694051,534,336,563,371,
185,47,0.555069,534,336,563,371,
187,47,0.679982,535,336,563,371,
188,47,0.776725,534,336,563,371,
189,47,0.793337,533,336,563,371,
190,47,0.701735,534,337,562,371,
191,47,0.780456,533,336,563,371,
192,47,0.746359,534,336,564,370,
193,47,0.526078,533,337,563,371,
195,47,0.664346,534,337,564,371,
196,47,0.861740,534,336,562,371,
197,47,0.744416,534,336,564,371,
198,47,0.699906,533,336,562,371,
199,47,0.755067,534,336,563,371,
200,47,0.583525,534,337,563,371,
201,47,0.605163,534,337,562,371,
202,47,0.743988,533,337,563,371,
203,47,0.700279,533,336,564,371,
204,47,0.579535,531,335,564,370,
205,47,0.647486,534,336,563,371,
206,47,0.758350,535,336,563,371,
208,47,0.731422,533,336,563,371,
209,47,0.670752,533,336,564,371,
210,47,0.511988,533,335,563,370,
211,47,0.634803,535,337,563,371,
213,47,0.713186,533,337,563,371,
214,47,0.789619,534,336,563,371,
217,47,0.730356,534,336,563,371,
218,47,0.700888,533,336,563,371,
219,47,0.719880,531,336,562,371,
221,47,0.509826,533,336,563,371,
222,47,0.688183,534,337,563,371,
223,47,0.750651,534,337,563,371,
224,47,0.785496,535,336,563,371,
225,47,0.583962,535,337,564,371,
226,47,0.777549,534,336,563,370,
227,47,0.698830,532,335,563,371,
228,47,0.721824,533,336,563,371,
229,47,0.633210,533,337,563,371,
230,47,0.579745,531,335,562,370,
231,47,0.652486,532,336,563,371,
232,47,0.728718,534,337,562,371,
233,47,0.775565,532,335,563,370,
234,47,0.753011,534,336,563,370,
236,47,0.630930,533,336,562,371,
237,47,0.508194,533,336,563,371,
238,47,0.665457,532,335,562,371,
239,47,0.543758,533,336,563,371,
240,47,0.666836,534,336,563,370,
241,47,0.739436,532,335,563,370,
242,47,0.868307,533,335,563,370,
243,47,0.588976,534,335,562,371,
244,47,0.690919,533,335,564,370,
245,47,0.753070,533,335,563,371,
246,47,0.682301,533,336,563,371,
247,47,0.523648,532,336,564,371,
248,47,0.598233,532,335,562,370,
249,47,0.621513,531,334,563,370,
250,47,0.765707,531,335,562,370,
251,47,0.610969,533,336,562,371,
252,47,0.785210,533,335,562,371,
254,47,0.580048,533,335,562,372,
255,47,0.790139,534,335,563,371,
256,47,0.796623,533,335,564,371,
