9,44,0.566264,232,192,251,244,
10,44,0.593547,231,192,251,244,
11,44,0.601218,231,192,251,244,
12,44,0.576928,231,192,251,245,
13,44,0.678736,231,192,251,245,
14,44,0.621829,231,192,251,245,
15,44,0.552597,231,192,251,244,
16,44,0.750399,231,192,251,245,
17,44,0.687308,232,192,251,244,
18,44,0.532149,231,192,251,244,
19,44,0.640086,231,192,251,245,
20,44,0.599066,231,192,251,244,
21,44,0.700705,231,192,251,245,
22,44,0.558263,231,192,251,244,
23,44,0.526178,231,192,251,244,
24,44,0.580475,231,192,251,244,
25,44,0.627347,231,192,251,245,
26,44,0.587293,231,192,251,245,
28,44,0.563366,231,192,251,245,
29,44,0.655351,231,192,251,245,
30,44,0.589604,231,192,251,244,
31,44,0.617485,231,192,251,245,
32,44,0.686089,231,192,251,245,
34,44,0.501036,231,192,251,244,
35,44,0.695584,231,192,251,245,
36,44,0.681730,231,192,251,245,
38,44,0.534492,231,192,251,244,
39,44,0.586721,231,192,251,245,
41,44,0.662721,231,192,251,245,
42,44,0.613359,231,192,251,244,
44,44,0.669451,231,192,251,245,
46,44,0.620852,232,192,251,245,
47,44,0.603812,231,192,251,245,
48,44,0.533576,231,192,251,245,
50,44,0.534681,232,192,251,245,
51,44,0.563187,231,192,251,245,
52,44,0.597997,231,192,251,245,
53,44,0.654635,231,192,251,245,
54,44,0.581165,231,192,251,245,
55,44,0.595738,231,192,251,245,
56,44,0.707564,231,193,251,245,
57,44,0.587301,231,192,249,244,
59,44,0.591113,231,192,250,244,
60,44,0.722212,231,192,250,244,
61,44,0.744904,231,192,250,243,
62,44,0.671198,231,192,250,244,
63,44,0.737799,231,193,251,244,
64,44,0.764323,231,192,251,244,
65,44,0.727308,231,192,250,244,
66,44,0.742376,231,192,250,243,
67,44,0.740544,231,192,250,244,
68,44,0.675973,231,192,249,244,
69,44,0.791812,231,192,249,243,
70,44,0.721993,231,192,250,244,
71,44,0.657965,231,192,249,243,
72,44,0.687057,231,193,251,244,
73,44,0.730636,231,193,251,245,
74,44,0.684060,231,193,251,245,
75,44,0.651537,231,193,251,245,
76,44,0.758245,231,193,251,245,
77,44,0.631752,231,192,250,243,
78,44,0.681554,231,192,251,245,
79,44,0.597407,231,192,250,243,
80,44,0.716353,231,193,251,244,
81,44,0.719864,231,193,250,245,
82,44,0.683674,231,193,250,245,
83,44,0.726179,230,192,250,244,
84,44,0.690032,231,192,251,245,
85,44,0.664478,231,193,251,244,
86,44,0.516966,231,193,251,245,
88,44,0.566718,231,193,250,244,
89,44,0.558744,231,193,251,245,
90,44,0.570369,231,193,251,245,
92,44,0.603389,231,193,251,244,
93,44,0.690378,231,193,251,245,
94,44,0.708354,231,193,251,245,
95,44,0.566401,231,193,251,245,
96,44,0.619895,231,193,251,245,
97,44,0.502590,231,192,251,245,
98,44,0.600040,232,192,251,245,
99,44,0.553715,231,192,251,245,
100,44,0.515257,231,192,251,245,
102,44,0.578607,232,192,251,245,
103,44,0.546402,232,193,251,245,
104,44,0.513652,232,192,251,245,
105,44,0.530908,231,192,251,245,
106,44,0.632335,231,192,251,245,
107,44,0.630759,231,192,251,245,
110,44,0.600436,231,192,251,245,
111,44,0.535848,231,193,251,244,
113,44,0.567332,231,192,251,245,
116,44,0.580552,231,192,251,245,
117,44,0.515509,231,192,251,245,
119,44,0.528295,231,192,251,245,
121,44,0.633328,231,193,251,245,
122,44,0.565188,231,192,251,245,
124,44,0.593991,231,192,251,245,
125,44,0.688799,231,193,251,245,
126,44,0.543741,231,192,251,245,
129,44,0.599710,231,193,251,245,
130,44,0.528502,231,193,251,245,
131,44,0.599828,231,193,251,245,
132,44,0.565388,231,193,251,245,
133,44,0.638174,232,192,252,245,
134,44,0.635571,231,193,251,245,
136,44,0.611409,231,193,251,245,
137,44,0.545138,231,193,250,244,
139,44,0.627716,231,193,250,244,
140,44,0.615279,231,192,250,244,
141,44,0.647861,231,192,250,244,
142,44,0.658382,231,192,250,244,
143,44,0.747405,231,192,250,244,
144,44,0.618200,231,192,249,244,
145,44,0.670256,231,192,250,244,
146,44,0.649643,231,193,250,245,
147,44,0.568186,231,193,251,245,
148,44,0.564092,231,193,251,245,
149,44,0.593257,231,193,251,245,
150,44,0.520728,231,193,251,245,
151,44,0.569706,231,193,251,245,
152,44,0.619532,231,193,251,245,
154,44,0.601651,231,193,251,245,
155,44,0.617869,231,192,251,245,
156,44,0.553750,232,192,251,245,
157,44,0.618340,231,192,251,245,
158,44,0.617510,231,192,251,244,
159,44,0.623822,232,192,251,245,
162,44,0.679891,231,192,251,244,
163,44,0.584732,231,192,250,244,
165,44,0.575599,231,192,250,244,
166,44,0.609987,231,192,250,244,
167,44,0.534930,231,192,250,244,
168,44,0.675089,231,192,250,244,
170,44,0.671363,231,192,250,244,
171,44,0.552004,231,192,250,244,
172,44,0.552013,231,192,251,244,
173,44,0.575253,231,192,251,244,
174,44,0.559544,231,192,251,244,
175,44,0.549544,231,192,250,244,
176,44,0.589173,231,192,251,244,
179,44,0.533279,231,192,250,244,
181,44,0.590608,231,192,251,244,
182,44,0.546662,231,192,251,244,
184,44,0.563597,231,192,251,244,
185,44,0.588395,231,192,250,244,
186,44,0.655542,231,192,251,244,
188,44,0.601764,231,192,251,244,
191,44,0.555770,231,192,250,244,
192,44,0.549175,231,192,251,244,
193,44,0.629088,231,192,251,244,
194,44,0.600468,231,192,250,244,
195,44,0.561414,231,192,251,244,
196,44,0.647258,231,192,251,244,
197,44,0.560370,231,192,250,244,
198,44,0.563220,231,192,249,244,
200,44,0.594955,231,192,251,244,
201,44,0.770919,231,192,250,244,
202,44,0.589068,231,192,250,244,
203,44,0.505534,231,192,251,244,
204,44,0.564536,232,192,251,244,
208,44,0.505686,231,192,251,244,
209,44,0.641921,231,193,251,244,
210,44,0.596049,231,193,250,244,
211,44,0.598585,231,193,250,244,
213,44,0.567993,231,192,251,245,
215,44,0.589302,231,193,251,244,
216,44,0.542805,231,193,251,244,
218,44,0.544527,231,193,251,244,
220,44,0.574392,231,193,251,244,
222,44,0.570391,231,193,251,244,
223,44,0.566371,231,193,251,244,
224,44,0.576322,231,192,251,244,
227,44,0.515680,230,192,250,243,
228,44,0.572917,231,192,251,245,
230,44,0.642351,231,193,251,244,
231,44,0.517126,231,193,251,245,
232,44,0.555214,231,193,251,244,
243,44,0.505667,231,192,251,244,
245,44,0.550276,231,192,251,244,
246,44,0.566345,231,192,251,245,
247,44,0.554540,231,192,251,245,
249,44,0.576855,231,192,251,245,
253,44,0.533568,231,193,251,245,
256,44,0.508516,231,193,251,245,
259,44,0.531330,231,193,251,245,
267,44,0.501721,231,193,251,245,
268,44,0.624915,231,193,251,245,
269,44,0.561282,231,193,251,245,
275,44,0.517213,231,192,251,245,
278,44,0.539734,231,193,251,245,
285,44,0.527963,231,193,251,245,
286,44,0.508628,231,193,251,245,
287,44,0.526211,231,192,251,245,
288,44,0.605766,231,193,251,245,
291,44,0.534243,231,193,251,245,
293,44,0.589883,231,193,251,245,
295,44,0.540170,231,193,251,245,
296,44,0.535404,231,193,251,245,
297,44,0.523856,231,192,251,244,
298,44,0.563857,231,193,251,245,
301,44,0.512864,231,193,251,245,
302,44,0.544128,231,193,251,244,
304,44,0.637245,231,193,251,245,
305,44,0.647505,231,193,251,244,
310,44,0.516030,232,192,251,245,
311,44,0.623940,232,192,251,245,
312,44,0.594892,231,192,251,245,
315,44,0.583561,231,192,251,244,
316,44,0.542892,231,192,251,245,
318,44,0.606677,231,192,251,244,
319,44,0.527913,231,192,251,245,
322,44,0.586536,231,192,251,244,
323,44,0.598621,231,192,249,243,
324,44,0.575034,231,192,250,244,
325,44,0.593923,231,192,251,244,
327,44,0.515514,231,192,250,244,
330,44,0.546857,231,192,251,244,
334,44,0.570327,231,192,251,244,
336,44,0.548995,231,192,251,244,
337,44,0.588042,231,192,251,244,
338,44,0.617481,231,192,251,244,
339,44,0.513316,231,192,251,244,
340,44,0.554062,231,192,250,244,
341,44,0.627716,231,192,250,244,
342,44,0.505492,231,192,251,244,
344,44,0.635698,232,192,251,245,
345,44,0.565799,231,192,251,245,
346,44,0.590735,232,192,251,245,
348,44,0.529280,232,192,251,245,
349,44,0.704411,232,192,251,245,
350,44,0.515911,231,192,251,245,
351,44,0.650657,231,192,251,245,
352,44,0.687025,231,193,251,245,
353,44,0.560944,231,193,251,245,
354,44,0.621630,231,193,252,245,
355,44,0.681555,232,192,252,244,
356,44,0.668486,233,193,251,246,
357,44,0.800161,232,193,250,244,
358,44,0.913051,233,193,251,241,
359,44,0.911471,233,194,251,238,
360,44,0.878893,233,194,251,235,
361,44,0.853418,232,194,251,235,
362,44,0.833085,232,193,251,234,
363,44,0.516474,232,193,251,234,
364,44,0.550329,232,192,250,234,
406,44,0.528044,232,192,246,220,
407,44,0.599531,232,192,247,222,
416,44,0.512905,231,194,247,240,
418,44,0.597265,231,193,250,242,
420,44,0.560793,232,192,248,241,
421,44,0.726978,232,193,248,241,
422,44,0.718781,232,194,249,240,
423,44,0.708723,232,195,249,240,
424,44,0.840561,233,195,250,240,
425,44,0.722642,232,194,251,244,
426,44,0.710502,232,194,251,244,
427,44,0.525966,233,192,251,244,
428,44,0.636052,231,193,249,244,
429,44,0.713039,232,192,250,244,
430,44,0.707823,231,193,250,244,
431,44,0.743157,232,193,250,244,
432,44,0.731188,232,193,251,244,
433,44,0.745793,231,193,251,244,
434,44,0.690061,231,193,250,244,
435,44,0.690496,232,193,250,244,
436,44,0.823679,232,193,251,245,
437,44,0.816990,232,193,251,244,
438,44,0.853851,232,193,251,244,
439,44,0.825990,232,192,251,244,
440,44,0.816238,231,192,251,244,
441,44,0.697037,231,194,250,244,
442,44,0.614959,231,193,250,245,
443,44,0.681457,232,192,249,244,
444,44,0.637382,231,193,250,245,
446,44,0.773128,231,194,250,245,
447,44,0.711812,232,192,250,244,
448,44,0.656226,232,193,250,244,
449,44,0.745718,232,192,250,244,
451,44,0.615712,232,193,250,244,
452,44,0.663167,231,193,249,244,
453,44,0.697513,231,193,249,245,
454,44,0.671672,232,192,248,244,
455,44,0.538763,232,192,249,244,
456,44,0.524498,232,192,250,243,
457,44,0.658915,231,192,250,245,
460,44,0.512877,232,191,250,243,
462,44,0.706379,232,191,251,243,
463,44,0.679416,232,191,251,242,
464,44,0.559643,232,191,251,242,
465,44,0.644241,232,191,250,243,
466,44,0.626709,232,191,251,243,
467,44,0.634396,232,191,250,243,
468,44,0.521148,233,193,251,244,
469,44,0.689852,232,191,250,243,
470,44,0.685494,232,191,250,243,
471,44,0.545973,231,192,250,244,
472,44,0.561721,232,193,251,244,
473,44,0.584247,233,193,251,244,
474,44,0.643613,232,191,250,242,
475,44,0.647222,232,193,251,244,
477,44,0.631827,231,193,249,244,
478,44,0.730040,232,193,249,244,
479,44,0.611268,232,193,248,244,
480,44,0.745447,231,194,249,244,
481,44,0.854842,231,194,249,244,
482,44,0.829786,231,193,249,242,
483,44,0.844473,231,192,249,243,
484,44,0.769837,231,193,249,243,
526,44,0.556123,230,193,249,245,
527,44,0.671012,230,192,248,243,
528,44,0.756035,231,193,249,243,
529,44,0.820062,231,193,249,243,
530,44,0.874506,231,194,249,244,
531,44,0.885213,231,193,250,244,
532,44,0.861162,230,194,250,244,
533,44,0.855365,230,193,250,244,
534,44,0.843734,230,194,250,244,
535,44,0.769429,230,194,249,244,
536,44,0.808936,231,194,249,243,
537,44,0.782966,231,194,249,244,
538,44,0.724134,231,193,249,244,
539,44,0.680286,231,193,249,243,
540,44,0.734657,231,194,249,244,
541,44,0.707781,231,194,249,243,
542,44,0.787965,231,194,249,243,
543,44,0.727860,231,194,249,243,
544,44,0.770669,231,194,249,243,
545,44,0.793708,230,193,249,244,
546,44,0.776484,231,194,250,242,
547,44,0.726093,231,194,249,243,
548,44,0.816757,231,194,249,243,
549,44,0.775169,231,192,250,242,
550,44,0.828153,231,194,250,244,
551,44,0.755547,231,194,249,244,
552,44,0.776097,231,194,249,244,
553,44,0.741960,231,194,249,244,
554,44,0.695044,231,194,249,244,
555,44,0.750356,231,194,249,243,
556,44,0.729367,231,194,249,244,
557,44,0.600618,231,194,249,243,
558,44,0.626793,231,194,249,243,
559,44,0.819625,231,194,249,243,
560,44,0.698546,231,193,249,243,
561,44,0.752703,231,194,249,243,
562,44,0.734070,231,194,249,243,
563,44,0.753340,231,194,249,243,
564,44,0.842878,231,193,249,243,
565,44,0.694393,231,194,249,243,
566,44,0.795686,231,193,249,243,
567,44,0.798710,231,193,249,243,
568,44,0.658036,231,194,249,243,
569,44,0.809137,231,194,248,243,
570,44,0.827944,230,194,249,244,
571,44,0.792011,230,194,249,244,
572,44,0.800920,232,194,250,243,
573,44,0.811899,230,194,249,243,
574,44,0.887050,231,193,249,244,
575,44,0.878418,231,192,249,243,
576,44,0.784298,231,193,249,243,
606,44,0.604025,231,192,249,242,
608,44,0.647472,231,194,249,244,
609,44,0.631169,231,194,249,241,
611,44,0.759680,232,194,248,241,
612,44,0.873544,233,194,248,240,
613,44,0.847872,234,195,248,240,
614,44,0.871767,234,195,249,241,
615,44,0.820656,234,195,250,242,
616,44,0.764595,233,194,249,243,
617,44,0.808424,233,194,250,244,
618,44,0.710713,232,194,249,245,
619,44,0.631931,231,192,250,244,
620,44,0.608684,233,192,250,245,
621,44,0.805521,232,192,249,243,
622,44,0.788042,232,193,249,244,
623,44,0.781790,232,193,249,244,
624,44,0.839692,232,193,249,244,
625,44,0.865983,232,193,249,243,
626,44,0.836738,232,193,249,243,
627,44,0.830211,232,193,248,243,
628,44,0.742967,231,194,248,244,
629,44,0.815034,232,193,249,243,
630,44,0.828691,232,193,249,244,
631,44,0.828843,232,194,249,242,
632,44,0.805779,232,193,249,243,
633,44,0.825106,231,193,248,243,
634,44,0.753302,232,194,248,244,
635,44,0.542298,231,194,248,245,
636,44,0.671432,232,192,248,244,
637,44,0.740889,231,193,249,246,
638,44,0.628368,231,194,249,244,
639,44,0.656306,233,194,249,244,
640,44,0.665660,231,194,249,246,
641,44,0.690631,232,194,249,245,
642,44,0.735485,232,193,249,243,
643,44,0.786733,231,195,248,245,
644,44,0.708956,232,193,249,244,
645,44,0.774942,232,193,249,244,
646,44,0.782128,231,195,248,245,
647,44,0.763992,230,195,248,245,
648,44,0.870508,231,196,249,245,
649,44,0.898920,231,195,248,245,
650,44,0.861266,230,194,248,243,
651,44,0.771947,231,196,248,243,
652,44,0.826648,231,195,249,244,
653,44,0.821695,231,195,248,244,
654,44,0.843385,231,195,248,243,
655,44,0.776833,232,194,248,242,
656,44,0.751765,232,193,248,242,
657,44,0.740226,232,194,248,241,
658,44,0.721239,232,194,248,242,
659,44,0.706406,232,194,248,242,
660,44,0.703766,232,195,249,242,
661,44,0.743586,232,194,249,242,
662,44,0.880345,231,196,249,244,
663,44,0.880097,231,196,249,242,
664,44,0.834879,231,195,249,243,
665,44,0.859023,231,195,249,243,
666,44,0.832304,232,195,250,242,
667,44,0.788515,231,196,249,244,
668,44,0.739823,232,195,248,242,
669,44,0.764172,231,196,249,242,
670,44,0.809454,232,195,249,242,
671,44,0.761073,231,195,249,244,
672,44,0.855807,231,196,249,243,
673,44,0.826440,231,195,249,244,
674,44,0.820371,231,196,250,242,
675,44,0.652343,232,195,249,242,
676,44,0.657264,232,195,250,241,
677,44,0.549045,232,194,250,241,
678,44,0.560418,232,195,250,241,
679,44,0.553743,232,194,250,242,
680,44,0.553203,232,195,250,241,
681,44,0.619210,232,195,249,241,
682,44,0.599992,232,194,249,241,
683,44,0.580667,232,194,249,241,
684,44,0.640228,231,194,249,243,
685,44,0.576304,232,194,249,242,
686,44,0.616175,231,195,250,243,
687,44,0.622679,231,195,249,243,
688,44,0.681934,232,195,247,242,
689,44,0.536331,232,194,246,241,
692,44,0.513406,233,196,248,242,
693,44,0.572386,231,195,248,243,
694,44,0.545487,230,197,246,244,
737,44,0.830463,232,194,248,244,
738,44,0.774948,231,193,248,244,
739,44,0.658766,232,192,248,244,
740,44,0.790285,232,194,250,245,
741,44,0.881511,232,194,250,245,
742,44,0.830004,232,195,251,244,
743,44,0.884032,232,194,251,243,
744,44,0.872588,231,194,251,244,
745,44,0.786265,231,195,251,244,
746,44,0.840422,231,194,251,244,
747,44,0.569402,231,194,251,244,
748,44,0.716940,231,195,251,244,
749,44,0.671444,231,194,251,244,
751,44,0.758291,231,194,250,242,
752,44,0.653003,231,194,251,243,
753,44,0.747894,231,193,251,244,
754,44,0.714953,232,194,251,244,
758,44,0.579189,231,193,251,244,
760,44,0.579093,231,193,250,244,
761,44,0.594175,231,192,250,244,
762,44,0.546692,231,192,251,244,
763,44,0.614309,231,193,251,244,
764,44,0.515569,231,193,249,244,
767,44,0.538496,232,192,251,245,
768,44,0.537319,231,193,251,245,
