1,1,225,334,306,382,0.0000,0.0000,0.0000,0.0000,0.0000,0.0000,
2,1,225,334,306,382,0.0000,0.0000,0.0000,0.0000,0.0000,0.0000,
3,1,225,334,306,382,0.0000,0.0000,0.0000,0.0000,0.0000,0.0000,
4,1,225,334,306,382,0.0000,0.0000,0.0000,0.0000,0.0000,0.0000,
5,1,225,334,306,382,0.0000,0.0000,0.0000,0.0000,0.0000,0.0000,
6,1,225,334,306,382,0.0000,0.0000,0.0000,0.0000,0.0000,0.0000,
7,1,225,334,306,382,0.0000,0.0000,0.0000,0.0000,0.0000,0.0000,
8,1,225,334,306,382,0.0000,0.0000,0.0000,0.0000,0.0000,0.0000,
9,1,225,334,306,382,0.0000,0.0000,0.0000,0.0000,0.0000,0.0000,
10,1,225,334,306,382,0.0000,0.0000,0.0000,0.0000,0.0000,0.0000,
11,1,225,334,306,382,0.0000,0.0000,0.0000,0.0000,0.0000,0.0000,
12,1,225,334,306,382,0.0000,0.0000,0.0000,0.0000,0.0000,0.0000,
13,1,225,334,306,382,0.0000,0.0000,0.0000,0.0000,0.0000,0.0000,
14,1,225,334,306,382,0.0000,0.0000,0.0000,0.0000,0.0000,0.0000,
15,1,225,334,306,382,0.0000,0.0000,0.0000,0.0000,0.0000,0.0000,
16,1,225,334,306,382,0.0000,0.0000,0.0000,0.0000,0.0000,0.0000,
17,1,225,334,306,382,0.0000,0.0000,0.0000,0.0000,0.0000,0.0000,
18,1,225,334,306,382,0.0000,0.0000,0.0000,0.0000,0.0000,0.0000,
19,1,225,334,306,382,0.0000,0.0000,0.0000,0.0000,0.0000,0.0000,
20,1,225,334,306,382,0.0000,0.0000,0.0000,0.0000,0.0000,0.0000,
21,1,225,334,306,382,0.0000,0.0000,0.0000,0.0000,0.0000,0.0000,
22,1,225,334,306,382,0.0000,0.0000,0.0000,0.0000,0.0000,0.0000,
23,1,225,334,306,382,0.0000,0.0000,0.0000,0.0000,0.0000,0.0000,
24,1,225,334,306,382,0.0000,0.0000,0.0000,0.0000,0.0000,0.0000,
25,1,225,334,306,382,0.0000,0.0000,0.0000,0.0000,0.0000,0.0000,
26,1,225,334,306,382,0.0000,0.0000,0.0000,0.0000,0.0000,0.0000,
27,1,225,334,306,382,0.0000,0.0000,0.0000,0.0000,0.0000,0.0000,
28,1,225,334,306,382,0.0000,0.0000,0.0000,0.0000,0.0000,0.0000,
29,1,225,334,306,382,0.0000,0.0000,0.0000,0.0000,0.0000,0.0000,
30,1,225,334,306,382,0.0000,0.0000,0.0000,0.0000,0.0000,0.0000,
31,1,225,334,306,382,0.0000,0.0000,0.0000,0.0000,0.0000,0.0000,
32,1,225,334,306,382,0.0000,0.0000,0.0000,0.0000,0.0000,0.0000,
33,1,225,334,306,382,0.0000,0.0000,0.0000,0.0000,0.0000,0.0000,
34,1,225,334,306,382,0.0000,0.0000,0.0000,0.0000,0.0000,0.0000,
35,1,225,334,306,382,0.0000,0.0000,0.0000,0.0000,0.0000,0.0000,
36,1,225,334,306,382,0.0000,0.0000,0.0000,0.0000,0.0000,0.0000,
37,1,225,334,306,382,0.0000,0.0000,0.0000,0.0000,0.0000,0.0000,
38,1,225,334,306,382,0.0000,0.0000,0.0000,0.0000,0.0000,0.0000,
39,1,225,334,306,382,0.0000,0.0000,0.0000,0.0000,0.0000,0.0000,
40,1,225,334,306,382,0.0000,0.0000,0.0000,0.0000,0.0000,0.0000,
41,1,225,334,306,382,0.0000,0.0000,0.0000,0.0000,0.0000,0.0000,
42,1,225,334,306,382,0.0000,0.0000,0.0000,0.0000,0.0000,0.0000,
43,1,225,334,306,382,0.0000,0.0000,0.0000,0.0000,0.0000,0.0000,
44,1,225,334,306,382,0.0000,0.0000,0.0000,0.0000,0.0000,0.0000,
45,1,225,334,306,382,0.0000,0.0000,0.0000,0.0000,0.0000,0.0000,
46,1,225,334,306,382,0.0000,0.0000,0.0000,0.0000,0.0000,0.0000,
47,1,225,334,306,382,0.0000,0.0000,0.0000,0.0000,0.0000,0.0000,
48,1,225,334,306,382,0.0000,0.0000,0.0000,0.0000,0.0000,0.0000,
49,1,225,334,306,382,0.0000,0.0000,0.0000,0.0000,0.0000,0.0000,
50,1,225,334,306,382,0.0000,0.0000,0.0000,0.0000,0.0000,0.0000,
51,1,225,334,306,382,0.0000,0.0000,0.0000,0.0000,0.0000,0.0000,
52,1,225,334,306,382,0.0000,0.0000,0.0000,0.0000,0.0000,0.0000,
53,1,225,334,306,382,0.0000,0.0000,0.0000,0.0000,0.0000,0.0000,
54,1,225,334,306,382,0.0000,0.0000,0.0000,0.0000,0.0000,0.0000,
55,1,225,334,306,382,0.0000,0.0000,0.0000,0.0000,0.0000,0.0000,
56,1,225,334,306,382,0.0000,0.0000,0.0000,0.0000,0.0000,0.0000,
57,1,225,334,306,382,0.0000,0.0000,0.0000,0.0000,0.0000,0.0000,
58,1,225,334,306,382,0.0000,0.0000,0.0000,0.0000,0.0000,0.0000,
59,1,225,334,306,382,0.0000,0.0000,0.0000,0.0000,0.0000,0.0000,
60,1,225,334,306,382,0.0000,0.0000,0.0000,0.0000,0.0000,0.0000,
61,1,225,334,306,382,0.0000,0.0000,0.0000,0.0000,0.0000,0.0000,
62,1,225,334,306,382,0.0000,0.0000,0.0000,0.0000,0.0000,0.0000,
63,1,225,334,306,382,0.0000,0.0000,0.0000,0.0000,0.0000,0.0000,
64,1,225,334,306,382,0.0000,0.0000,0.0000,0.0000,0.0000,0.0000,
65,1,225,334,306,382,0.0000,0.0000,0.0000,0.0000,0.0000,0.0000,
66,1,225,334,306,382,0.0000,0.0000,0.0000,0.0000,0.0000,0.0000,
67,1,225,334,306,382,0.0000,0.0000,0.0000,0.0000,0.0000,0.0000,
68,1,225,334,306,382,0.0000,0.0000,0.0000,0.0000,0.0000,0.0000,
69,1,225,334,306,382,0.0000,0.0000,0.0000,0.0000,0.0000,0.0000,
70,1,225,334,306,382,0.0000,0.0000,0.0000,0.0000,0.0000,0.0000,
71,1,225,334,306,382,0.0000,0.0000,0.0000,0.0000,0.0000,0.0000,
72,1,225,334,306,382,0.0000,0.0000,0.0000,0.0000,0.0000,0.0000,
73,1,225,334,306,382,0.0000,0.0000,0.0000,0.0000,0.0000,0.0000,
74,1,225,334,306,382,0.0000,0.0000,0.0000,0.0000,0.0000,0.0000,
75,1,225,334,306,382,0.0000,0.0000,0.0000,0.0000,0.0000,0.0000,
76,1,225,334,306,382,0.0000,0.0000,0.0000,0.0000,0.0000,0.0000,
77,1,225,334,306,382,0.0000,0.0000,0.0000,0.0000,0.0000,0.0000,
78,1,225,334,306,382,0.0000,0.0000,0.0000,0.0000,0.0000,0.0000,
79,1,225,334,306,382,0.0000,0.0000,0.0000,0.0000,0.0000,0.0000,
80,1,225,334,306,382,0.0000,0.0000,0.0000,0.0000,0.0000,0.0000,
81,1,225,334,306,382,0.0000,0.0000,0.0000,0.0000,0.0000,0.0000,
82,1,225,334,306,382,0.0000,0.0000,0.0000,0.0000,0.0000,0.0000,
83,1,225,334,306,382,0.0000,0.0000,0.0000,0.0000,0.0000,0.0000,
84,1,225,334,306,382,0.0000,0.0000,0.0000,0.0000,0.0000,0.0000,
85,1,225,334,306,382,0.0000,0.0000,0.0000,0.0000,0.0000,0.0000,
86,1,225,334,306,382,0.0000,0.0000,0.0000,0.0000,0.0000,0.0000,
87,1,225,334,306,382,0.0000,0.0000,0.0000,0.0000,0.0000,0.0000,
88,1,225,334,306,382,0.0000,0.0000,0.0000,0.0000,0.0000,0.0000,
89,1,225,334,306,382,0.0000,0.0000,0.0000,0.0000,0.0000,0.0000,
90,1,225,334,306,382,0.0000,0.0000,0.0000,0.0000,0.0000,0.0000,
91,1,225,334,306,382,0.0000,0.0000,0.0000,0.0000,0.0000,0.0000,
92,1,225,334,306,382,0.0000,0.0000,0.0000,0.0000,0.0000,0.0000,
93,1,225,334,306,382,0.0000,0.0000,0.0000,0.0000,0.0000,0.0000,
94,1,225,334,306,382,0.0000,0.0000,0.0000,0.0000,0.0000,0.0000,
95,1,225,334,306,382,0.0000,0.0000,0.0000,0.0000,0.0000,0.0000,
96,1,225,334,306,382,0.0000,0.0000,0.0000,0.0000,0.0000,0.0000,
97,1,225,334,306,382,0.0000,0.0000,0.0000,0.0000,0.0000,0.0000,
98,1,225,334,306,382,0.0000,0.0000,0.0000,0.0000,0.0000,0.0000,
99,1,225,334,306,382,0.0000,0.0000,0.0000,0.0000,0.0000,0.0000,
100,1,225,334,306,382,0.0000,0.0000,0.0000,0.0000,0.0000,0.0000,
101,1,225,334,306,382,0.0000,0.0000,0.0000,0.0000,0.0000,0.0000,
102,1,225,334,306,382,0.0000,0.0000,0.0000,0.0000,0.0000,0.0000,
103,1,225,334,306,382,0.0000,0.0000,0.0000,0.0000,0.0000,0.0000,
104,1,225,334,306,382,0.0000,0.0000,0.0000,0.0000,0.0000,0.0000,
105,1,225,334,306,382,0.0000,0.0000,0.0000,0.0000,0.0000,0.0000,
106,1,225,334,306,382,0.0000,0.0000,0.0000,0.0000,0.0000,0.0000,
107,1,225,334,306,382,0.0000,0.0000,0.0000,0.0000,0.0000,0.0000,
108,1,225,334,306,382,0.0000,0.0000,0.0000,0.0000,0.0000,0.0000,
109,1,225,334,306,382,0.0000,0.0000,0.0000,0.0000,0.0000,0.0000,
110,1,225,334,306,382,0.0000,0.0000,0.0000,0.0000,0.0000,0.0000,
111,1,225,334,306,382,0.0000,0.0000,0.0000,0.0000,0.0000,0.0000,
112,1,225,334,306,382,0.0000,0.0000,0.0000,0.0000,0.0000,0.0000,
113,1,225,334,306,382,0.0000,0.0000,0.0000,0.0000,0.0000,0.0000,
114,1,225,334,306,382,0.0000,0.0000,0.0000,0.0000,0.0000,0.0000,
115,1,225,334,306,382,0.0000,0.0000,0.0000,0.0000,0.0000,0.0000,
116,1,225,334,306,382,0.0000,0.0000,0.0000,0.0000,0.0000,0.0000,
117,1,225,334,306,382,0.0000,0.0000,0.0000,0.0000,0.0000,0.0000,
118,1,225,334,306,382,0.0000,0.0000,0.0000,0.0000,0.0000,0.0000,
119,1,225,334,306,382,0.0000,0.0000,0.0000,0.0000,0.0000,0.0000,
120,1,225,334,306,382,0.0000,0.0000,0.0000,0.0000,0.0000,0.0000,
121,1,225,334,306,382,0.0000,0.0000,0.0000,0.0000,0.0000,0.0000,
122,1,225,334,306,382,0.0000,0.0000,0.0000,0.0000,0.0000,0.0000,
123,1,225,334,306,382,0.0000,0.0000,0.0000,0.0000,0.0000,0.0000,
124,1,225,334,306,382,0.0000,0.0000,0.0000,0.0000,0.0000,0.0000,
125,1,225,334,306,382,0.0000,0.0000,0.0000,0.0000,0.0000,0.0000,
126,1,225,334,306,382,0.0000,0.0000,0.0000,0.0000,0.0000,0.0000,
127,1,225,334,306,382,0.0000,0.0000,0.0000,0.0000,0.0000,0.0000,
128,1,225,334,306,382,0.0000,0.0000,0.0000,0.0000,0.0000,0.0000,
129,1,225,334,306,382,0.0000,0.0000,0.0000,0.0000,0.0000,0.0000,
130,1,225,334,306,382,0.0000,0.0000,0.0000,0.0000,0.0000,0.0000,
131,1,225,334,306,382,0.0000,0.0000,0.0000,0.0000,0.0000,0.0000,
132,1,225,334,306,382,0.0000,0.0000,0.0000,0.0000,0.0000,0.0000,
133,1,225,334,306,382,0.0000,0.0000,0.0000,0.0000,0.0000,0.0000,
134,1,225,334,306,382,0.0000,0.0000,0.0000,0.0000,0.0000,0.0000,
135,1,225,334,306,382,0.0000,0.0000,0.0000,0.0000,0.0000,0.0000,
136,1,225,334,306,382,0.0000,0.0000,0.0000,0.0000,0.0000,0.0000,
137,1,225,334,306,382,0.0000,0.0000,0.0000,0.0000,0.0000,0.0000,
138,1,225,334,306,382,0.0000,0.0000,0.0000,0.0000,0.0000,0.0000,
139,1,225,334,306,382,0.0000,0.0000,0.0000,0.0000,0.0000,0.0000,
140,1,225,334,306,382,0.0000,0.0000,0.0000,0.0000,0.0000,0.0000,
141,1,225,334,306,382,0.0000,0.0000,0.0000,0.0000,0.0000,0.0000,
142,1,225,334,306,382,0.0000,0.0000,0.0000,0.0000,0.0000,0.0000,
143,1,225,334,306,382,0.0000,0.0000,0.0000,0.0000,0.0000,0.0000,
144,1,225,334,306,382,0.0000,0.0000,0.0000,0.0000,0.0000,0.0000,
145,1,225,334,306,382,0.0000,0.0000,0.0000,0.0000,0.0000,0.0000,
146,1,225,334,306,382,0.0000,0.0000,0.0000,0.0000,0.0000,0.0000,
147,1,225,334,306,382,0.0000,0.0000,0.0000,0.0000,0.0000,0.0000,
148,1,225,334,306,382,0.0000,0.0000,0.0000,0.0000,0.0000,0.0000,
149,1,225,334,306,382,0.0000,0.0000,0.0000,0.0000,0.0000,0.0000,
150,1,225,334,306,382,0.0000,0.0000,0.0000,0.0000,0.0000,0.0000,
151,1,225,334,306,382,0.0000,0.0000,0.0000,0.0000,0.0000,0.0000,
152,1,225,334,306,382,0.0000,0.0000,0.0000,0.0000,0.0000,0.0000,
153,1,225,334,306,382,0.0000,0.0000,0.0000,0.0000,0.0000,0.0000,
154,1,225,334,306,382,0.0000,0.0000,0.0000,0.0000,0.0000,0.0000,
155,1,225,334,306,382,0.0000,0.0000,0.0000,0.0000,0.0000,0.0000,
156,1,225,334,306,382,0.0000,0.0000,0.0000,0.0000,0.0000,0.0000,
157,1,225,334,306,382,0.0000,0.0000,0.0000,0.0000,0.0000,0.0000,
158,1,225,334,306,382,0.0000,0.0000,0.0000,0.0000,0.0000,0.0000,
159,1,225,334,306,382,0.0000,0.0000,0.0000,0.0000,0.0000,0.0000,
160,1,225,334,306,382,0.0000,0.0000,0.0000,0.0000,0.0000,0.0000,
161,1,225,334,306,382,0.0000,0.0000,0.0000,0.0000,0.0000,0.0000,
162,1,225,334,306,382,0.0000,0.0000,0.0000,0.0000,0.0000,0.0000,
163,1,225,334,306,382,0.0000,0.0000,0.0000,0.0000,0.0000,0.0000,
164,1,225,334,306,382,0.0000,0.0000,0.0000,0.0000,0.0000,0.0000,
165,1,225,334,306,382,0.0000,0.0000,0.0000,0.0000,0.0000,0.0000,
166,1,225,334,306,382,0.0000,0.0000,0.0000,0.0000,0.0000,0.0000,
167,1,225,334,306,382,0.0000,0.0000,0.0000,0.0000,0.0000,0.0000,
168,1,225,334,306,382,0.0000,0.0000,0.0000,0.0000,0.0000,0.0000,
169,1,225,334,306,382,0.0000,0.0000,0.0000,0.0000,0.0000,0.0000,
170,1,225,334,306,382,0.0000,0.0000,0.0000,0.0000,0.0000,0.0000,
171,1,225,334,306,382,0.0000,0.0000,0.0000,0.0000,0.0000,0.0000,
172,1,225,334,306,382,0.0000,0.0000,0.0000,0.0000,0.0000,0.0000,
173,1,225,334,306,382,0.0000,0.0000,0.0000,0.0000,0.0000,0.0000,
174,1,225,334,306,382,0.0000,0.0000,0.0000,0.0000,0.0000,0.0000,
175,1,225,334,306,382,0.0000,0.0000,0.0000,0.0000,0.0000,0.0000,
176,1,225,334,306,382,0.0000,0.0000,0.0000,0.0000,0.0000,0.0000,
177,1,225,334,306,382,0.0000,0.0000,0.0000,0.0000,0.0000,0.0000,
178,1,225,334,306,382,0.0000,0.0000,0.0000,0.0000,0.0000,0.0000,
179,1,225,334,306,382,0.0000,0.0000,0.0000,0.0000,0.0000,0.0000,
180,1,225,334,306,382,0.0000,0.0000,0.0000,0.0000,0.0000,0.0000,
181,1,225,334,306,382,0.0000,0.0000,0.0000,0.0000,0.0000,0.0000,
182,1,225,334,306,382,0.0000,0.0000,0.0000,0.0000,0.0000,0.0000,
183,1,225,334,306,382,0.0000,0.0000,0.0000,0.0000,0.0000,0.0000,
184,1,225,334,306,382,0.0000,0.0000,0.0000,0.0000,0.0000,0.0000,
185,1,225,334,306,382,0.0000,0.0000,0.0000,0.0000,0.0000,0.0000,
186,1,225,334,306,382,0.0000,0.0000,0.0000,0.0000,0.0000,0.0000,
187,1,225,334,306,382,0.0000,0.0000,0.0000,0.0000,0.0000,0.0000,
188,1,225,334,306,382,0.0000,0.0000,0.0000,0.0000,0.0000,0.0000,
189,1,225,334,306,382,0.0000,0.0000,0.0000,0.0000,0.0000,0.0000,
190,1,225,334,306,382,0.0000,0.0000,0.0000,0.0000,0.0000,0.0000,
191,1,225,334,306,382,0.0000,0.0000,0.0000,0.0000,0.0000,0.0000,
192,1,225,334,306,382,0.0000,0.0000,0.0000,0.0000,0.0000,0.0000,
193,1,225,334,306,382,0.0000,0.0000,0.0000,0.0000,0.0000,0.0000,
194,1,225,334,306,382,0.0000,0.0000,0.0000,0.0000,0.0000,0.0000,
195,1,225,334,306,382,0.0000,0.0000,0.0000,0.0000,0.0000,0.0000,
196,1,225,334,306,382,0.0000,0.0000,0.0000,0.0000,0.0000,0.0000,
197,1,225,334,306,382,0.0000,0.0000,0.0000,0.0000,0.0000,0.0000,
198,1,225,334,306,382,0.0000,0.0000,0.0000,0.0000,0.0000,0.0000,
199,1,225,334,306,382,0.0000,0.0000,0.0000,0.0000,0.0000,0.0000,
200,1,225,334,306,382,0.0000,0.0000,0.0000,0.0000,0.0000,0.0000,
201,1,225,334,306,382,0.0000,0.0000,0.0000,0.0000,0.0000,0.0000,
202,1,225,334,306,382,0.0000,0.0000,0.0000,0.0000,0.0000,0.0000,
203,1,225,334,306,382,0.0000,0.0000,0.0000,0.0000,0.0000,0.0000,
204,1,225,334,306,382,0.0000,0.0000,0.0000,0.0000,0.0000,0.0000,
205,1,225,334,306,382,0.0000,0.0000,0.0000,0.0000,0.0000,0.0000,
206,1,225,334,306,382,0.0000,0.0000,0.0000,0.0000,0.0000,0.0000,
207,1,225,334,306,382,0.0000,0.0000,0.0000,0.0000,0.0000,0.0000,
208,1,225,334,306,382,0.0000,0.0000,0.0000,0.0000,0.0000,0.0000,
209,1,225,334,306,382,0.0000,0.0000,0.0000,0.0000,0.0000,0.0000,
210,1,225,334,306,382,0.0000,0.0000,0.0000,0.0000,0.0000,0.0000,
211,1,225,334,306,382,0.0000,0.0000,0.0000,0.0000,0.0000,0.0000,
212,1,225,334,306,382,0.0000,0.0000,0.0000,0.0000,0.0000,0.0000,
213,1,225,334,306,382,0.0000,0.0000,0.0000,0.0000,0.0000,0.0000,
214,1,225,334,306,382,0.0000,0.0000,0.0000,0.0000,0.0000,0.0000,
215,1,225,334,306,382,0.0000,0.0000,0.0000,0.0000,0.0000,0.0000,
216,1,225,334,306,382,0.0000,0.0000,0.0000,0.0000,0.0000,0.0000,
217,1,225,334,306,382,0.0000,0.0000,0.0000,0.0000,0.0000,0.0000,
218,1,225,334,306,382,0.0000,0.0000,0.0000,0.0000,0.0000,0.0000,
219,1,225,334,306,382,0.0000,0.0000,0.0000,0.0000,0.0000,0.0000,
220,1,225,334,306,382,0.0000,0.0000,0.0000,0.0000,0.0000,0.0000,
221,1,225,334,306,382,0.0000,0.0000,0.0000,0.0000,0.0000,0.0000,
222,1,225,334,306,382,0.0000,0.0000,0.0000,0.0000,0.0000,0.0000,
223,1,225,334,306,382,0.0000,0.0000,0.0000,0.0000,0.0000,0.0000,
224,1,225,334,306,382,0.0000,0.0000,0.0000,0.0000,0.0000,0.0000,
225,1,225,334,306,382,0.0000,0.0000,0.0000,0.0000,0.0000,0.0000,
226,1,225,334,306,382,0.0000,0.0000,0.0000,0.0000,0.0000,0.0000,
227,1,225,334,306,382,0.0000,0.0000,0.0000,0.0000,0.0000,0.0000,
228,1,225,334,306,382,0.0000,0.0000,0.0000,0.0000,0.0000,0.0000,
229,1,225,334,306,382,0.0000,0.0000,0.0000,0.0000,0.0000,0.0000,
230,1,225,334,306,382,0.0000,0.0000,0.0000,0.0000,0.0000,0.0000,
231,1,225,334,306,382,0.0000,0.0000,0.0000,0.0000,0.0000,0.0000,
232,1,225,334,306,382,0.0000,0.0000,0.0000,0.0000,0.0000,0.0000,
233,1,225,334,306,382,0.0000,0.0000,0.0000,0.0000,0.0000,0.0000,
234,1,225,334,306,382,0.0000,0.0000,0.0000,0.0000,0.0000,0.0000,
235,1,225,334,306,382,0.0000,0.0000,0.0000,0.0000,0.0000,0.0000,
236,1,225,334,306,382,0.0000,0.0000,0.0000,0.0000,0.0000,0.0000,
237,1,225,334,306,382,0.0000,0.0000,0.0000,0.0000,0.0000,0.0000,
238,1,225,334,306,382,0.0000,0.0000,0.0000,0.0000,0.0000,0.0000,
239,1,225,334,306,382,0.0000,0.0000,0.0000,0.0000,0.0000,0.0000,
240,1,225,334,306,382,0.0000,0.0000,0.0000,0.0000,0.0000,0.0000,
241,1,225,334,306,382,0.0000,0.0000,0.0000,0.0000,0.0000,0.0000,
242,1,225,334,306,382,0.0000,0.0000,0.0000,0.0000,0.0000,0.0000,
243,1,225,334,306,382,0.0000,0.0000,0.0000,0.0000,0.0000,0.0000,
244,1,225,334,306,382,0.0000,0.0000,0.0000,0.0000,0.0000,0.0000,
245,1,225,334,306,382,0.0000,0.0000,0.0000,0.0000,0.0000,0.0000,
246,1,225,334,306,382,0.0000,0.0000,0.0000,0.0000,0.0000,0.0000,
247,1,225,334,306,382,0.0000,0.0000,0.0000,0.0000,0.0000,0.0000,
248,1,225,334,306,382,0.0000,0.0000,0.0000,0.0000,0.0000,0.0000,
249,1,225,334,306,382,0.0000,0.0000,0.0000,0.0000,0.0000,0.0000,
250,1,225,334,306,382,0.0000,0.0000,0.0000,0.0000,0.0000,0.0000,
251,1,225,334,306,382,0.0000,0.0000,0.0000,0.0000,0.0000,0.0000,
252,1,225,334,306,382,0.0000,0.0000,0.0000,0.0000,0.0000,0.0000,
253,1,225,334,306,382,0.0000,0.0000,0.0000,0.0000,0.0000,0.0000,
254,1,225,334,306,382,0.0000,0.0000,0.0000,0.0000,0.0000,0.0000,
255,1,225,334,306,382,0.0000,0.0000,0.0000,0.0000,0.0000,0.0000,
256,1,225,334,306,382,0.0000,0.0000,0.0000,0.0000,0.0000,0.0000,
257,1,225,334,306,382,0.0000,0.0000,0.0000,0.0000,0.0000,0.0000,
258,1,225,334,306,382,0.0000,0.0000,0.0000,0.0000,0.0000,0.0000,
259,1,225,334,306,382,0.0000,0.0000,0.0000,0.0000,0.0000,0.0000,
260,1,225,334,306,382,0.0000,0.0000,0.0000,0.0000,0.0000,0.0000,
261,1,225,334,306,382,0.0000,0.0000,0.0000,0.0000,0.0000,0.0000,
262,1,225,334,306,382,0.0000,0.0000,0.0000,0.0000,0.0000,0.0000,
263,1,225,334,306,382,0.0000,0.0000,0.0000,0.0000,0.0000,0.0000,
264,1,225,334,306,382,0.0000,0.0000,0.0000,0.0000,0.0000,0.0000,
265,1,225,334,306,382,0.0000,0.0000,0.0000,0.0000,0.0000,0.0000,
266,1,225,334,306,382,0.0000,0.0000,0.0000,0.0000,0.0000,0.0000,
267,1,225,334,306,382,0.0000,0.0000,0.0000,0.0000,0.0000,0.0000,
268,1,225,334,306,382,0.0000,0.0000,0.0000,0.0000,0.0000,0.0000,
269,1,225,334,306,382,0.0000,0.0000,0.0000,0.0000,0.0000,0.0000,
270,1,225,334,306,382,0.0000,0.0000,0.0000,0.0000,0.0000,0.0000,
271,1,225,334,306,382,0.0000,0.0000,0.0000,0.0000,0.0000,0.0000,
272,1,225,334,306,382,0.0000,0.0000,0.0000,0.0000,0.0000,0.0000,
273,1,225,334,306,382,0.0000,0.0000,0.0000,0.0000,0.0000,0.0000,
274,1,225,334,306,382,0.0000,0.0000,0.0000,0.0000,0.0000,0.0000,
275,1,225,334,306,382,0.0000,0.0000,0.0000,0.0000,0.0000,0.0000,
276,1,225,334,306,382,0.0000,0.0000,0.0000,0.0000,0.0000,0.0000,
277,1,225,334,306,382,0.0000,0.0000,0.0000,0.0000,0.0000,0.0000,
278,1,225,334,306,382,0.0000,0.0000,0.0000,0.0000,0.0000,0.0000,
279,1,225,334,306,382,0.0000,0.0000,0.0000,0.0000,0.0000,0.0000,
280,1,225,334,306,382,0.0000,0.0000,0.0000,0.0000,0.0000,0.0000,
281,1,225,334,306,382,0.0000,0.0000,0.0000,0.0000,0.0000,0.0000,
282,1,225,334,306,382,0.0000,0.0000,0.0000,0.0000,0.0000,0.0000,
283,1,225,334,306,382,0.0000,0.0000,0.0000,0.0000,0.0000,0.0000,
284,1,225,334,306,382,0.0000,0.0000,0.0000,0.0000,0.0000,0.0000,
285,1,225,334,306,382,0.0000,0.0000,0.0000,0.0000,0.0000,0.0000,
286,1,225,334,306,382,0.0000,0.0000,0.0000,0.0000,0.0000,0.0000,
287,1,225,334,306,382,0.0000,0.0000,0.0000,0.0000,0.0000,0.0000,
288,1,225,334,306,382,0.0000,0.0000,0.0000,0.0000,0.0000,0.0000,
289,1,225,334,306,382,0.0000,0.0000,0.0000,0.0000,0.0000,0.0000,
290,1,225,334,306,382,0.0000,0.0000,0.0000,0.0000,0.0000,0.0000,
291,1,225,334,306,382,0.0000,0.0000,0.0000,0.0000,0.0000,0.0000,
292,1,225,334,306,382,0.0000,0.0000,0.0000,0.0000,0.0000,0.0000,
293,1,225,334,306,382,0.0000,0.0000,0.0000,0.0000,0.0000,0.0000,
294,1,225,334,306,382,0.0000,0.0000,0.0000,0.0000,0.0000,0.0000,
295,1,225,334,306,382,0.0000,0.0000,0.0000,0.0000,0.0000,0.0000,
296,1,225,334,306,382,0.0000,0.0000,0.0000,0.0000,0.0000,0.0000,
297,1,225,334,306,382,0.0000,0.0000,0.0000,0.0000,0.0000,0.0000,
298,1,225,334,306,382,0.0000,0.0000,0.0000,0.0000,0.0000,0.0000,
299,1,225,334,306,382,0.0000,0.0000,0.0000,0.0000,0.0000,0.0000,
300,1,225,334,306,382,0.0000,0.0000,0.0000,0.0000,0.0000,0.0000,
301,1,225,334,306,382,0.0000,0.0000,0.0000,0.0000,0.0000,0.0000,
302,1,225,334,306,382,0.0000,0.0000,0.0000,0.0000,0.0000,0.0000,
303,1,225,334,306,382,0.0000,0.0000,0.0000,0.0000,0.0000,0.0000,
304,1,225,334,306,382,0.0000,0.0000,0.0000,0.0000,0.0000,0.0000,
305,1,225,334,306,382,0.0000,0.0000,0.0000,0.0000,0.0000,0.0000,
306,1,225,334,306,382,0.0000,0.0000,0.0000,0.0000,0.0000,0.0000,
307,1,225,334,306,382,0.0000,0.0000,0.0000,0.0000,0.0000,0.0000,
308,1,225,334,306,382,0.0000,0.0000,0.0000,0.0000,0.0000,0.0000,
309,1,225,334,306,382,0.0000,0.0000,0.0000,0.0000,0.0000,0.0000,
310,1,225,334,306,382,0.0000,0.0000,0.0000,0.0000,0.0000,0.0000,
311,1,225,334,306,382,0.0000,0.0000,0.0000,0.0000,0.0000,0.0000,
312,1,225,334,306,382,0.0000,0.0000,0.0000,0.0000,0.0000,0.0000,
313,1,225,334,306,382,0.0000,0.0000,0.0000,0.0000,0.0000,0.0000,
314,1,225,334,306,382,0.0000,0.0000,0.0000,0.0000,0.0000,0.0000,
315,1,225,334,306,382,0.0000,0.0000,0.0000,0.0000,0.0000,0.0000,
316,1,225,334,306,382,0.0000,0.0000,0.0000,0.0000,0.0000,0.0000,
317,1,225,334,306,382,0.0000,0.0000,0.0000,0.0000,0.0000,0.0000,
318,1,225,334,306,382,0.0000,0.0000,0.0000,0.0000,0.0000,0.0000,
319,1,225,334,306,382,0.0000,0.0000,0.0000,0.0000,0.0000,0.0000,
320,1,225,334,306,382,0.0000,0.0000,0.0000,0.0000,0.0000,0.0000,
321,1,225,334,306,382,0.0000,0.0000,0.0000,0.0000,0.0000,0.0000,
322,1,225,334,306,382,0.0000,0.0000,0.0000,0.0000,0.0000,0.0000,
323,1,225,334,306,382,0.0000,0.0000,0.0000,0.0000,0.0000,0.0000,
324,1,225,334,306,382,0.0000,0.0000,0.0000,0.0000,0.0000,0.0000,
325,1,225,334,306,382,0.0000,0.0000,0.0000,0.0000,0.0000,0.0000,
326,1,225,334,306,382,0.0000,0.0000,0.0000,0.0000,0.0000,0.0000,
327,1,225,334,306,382,0.0000,0.0000,0.0000,0.0000,0.0000,0.0000,
328,1,225,334,306,382,0.0000,0.0000,0.0000,0.0000,0.0000,0.0000,
329,1,225,334,306,382,0.0000,0.0000,0.0000,0.0000,0.0000,0.0000,
330,1,225,334,306,382,0.0000,0.0000,0.0000,0.0000,0.0000,0.0000,
331,1,225,334,306,382,0.0000,0.0000,0.0000,0.0000,0.0000,0.0000,
332,1,225,334,306,382,0.0000,0.0000,0.0000,0.0000,0.0000,0.0000,
333,1,225,334,306,382,0.0000,0.0000,0.0000,0.0000,0.0000,0.0000,
334,1,225,334,306,382,0.0000,0.0000,0.0000,0.0000,0.0000,0.0000,
335,1,225,334,306,382,0.0000,0.0000,0.0000,0.0000,0.0000,0.0000,
336,1,225,334,306,382,0.0000,0.0000,0.0000,0.0000,0.0000,0.0000,
337,1,225,334,306,382,0.0000,0.0000,0.0000,0.0000,0.0000,0.0000,
338,1,225,334,306,382,0.0000,0.0000,0.0000,0.0000,0.0000,0.0000,
339,1,225,334,306,382,0.0000,0.0000,0.0000,0.0000,0.0000,0.0000,
340,1,225,334,306,382,0.0000,0.0000,0.0000,0.0000,0.0000,0.0000,
341,1,225,334,306,382,0.0000,0.0000,0.0000,0.0000,0.0000,0.0000,
342,1,225,334,306,382,0.0000,0.0000,0.0000,0.0000,0.0000,0.0000,
343,1,225,334,306,382,0.0000,0.0000,0.0000,0.0000,0.0000,0.0000,
344,1,225,334,306,382,0.0000,0.0000,0.0000,0.0000,0.0000,0.0000,
345,1,225,334,306,382,0.0000,0.0000,0.0000,0.0000,0.0000,0.0000,
346,1,225,334,306,382,0.0000,0.0000,0.0000,0.0000,0.0000,0.0000,
347,1,225,334,306,382,0.0000,0.0000,0.0000,0.0000,0.0000,0.0000,
348,1,225,334,306,382,0.0000,0.0000,0.0000,0.0000,0.0000,0.0000,
349,1,225,334,306,382,0.0000,0.0000,0.0000,0.0000,0.0000,0.0000,
350,1,225,334,306,382,0.0000,0.0000,0.0000,0.0000,0.0000,0.0000,
351,1,225,334,306,382,0.0000,0.0000,0.0000,0.0000,0.0000,0.0000,
352,1,225,334,306,382,0.0000,0.0000,0.0000,0.0000,0.0000,0.0000,
353,1,225,334,306,382,0.0000,0.0000,0.0000,0.0000,0.0000,0.0000,
354,1,225,334,306,382,0.0000,0.0000,0.0000,0.0000,0.0000,0.0000,
355,1,225,334,306,382,0.0000,0.0000,0.0000,0.0000,0.0000,0.0000,
356,1,225,334,306,382,0.0000,0.0000,0.0000,0.0000,0.0000,0.0000,
357,1,225,334,306,382,0.0000,0.0000,0.0000,0.0000,0.0000,0.0000,
358,1,225,334,306,382,0.0000,0.0000,0.0000,0.0000,0.0000,0.0000,
359,1,225,334,306,382,0.0000,0.0000,0.0000,0.0000,0.0000,0.0000,
360,1,225,334,306,382,0.0000,0.0000,0.0000,0.0000,0.0000,0.0000,
361,1,225,334,306,382,0.0000,0.0000,0.0000,0.0000,0.0000,0.0000,
362,1,225,334,306,382,0.0000,0.0000,0.0000,0.0000,0.0000,0.0000,
363,1,225,334,306,382,0.0000,0.0000,0.0000,0.0000,0.0000,0.0000,
364,1,225,334,306,382,0.0000,0.0000,0.0000,0.0000,0.0000,0.0000,
365,1,225,334,306,382,0.0000,0.0000,0.0000,0.0000,0.0000,0.0000,
366,1,225,334,306,382,0.0000,0.0000,0.0000,0.0000,0.0000,0.0000,
367,1,225,334,306,382,0.0000,0.0000,0.0000,0.0000,0.0000,0.0000,
368,1,225,334,306,382,0.0000,0.0000,0.0000,0.0000,0.0000,0.0000,
369,1,225,334,306,382,0.0000,0.0000,0.0000,0.0000,0.0000,0.0000,
370,1,225,334,306,382,0.0000,0.0000,0.0000,0.0000,0.0000,0.0000,
371,1,225,334,306,382,0.0000,0.0000,0.0000,0.0000,0.0000,0.0000,
372,1,225,334,306,382,0.0000,0.0000,0.0000,0.0000,0.0000,0.0000,
373,1,225,334,306,382,0.0000,0.0000,0.0000,0.0000,0.0000,0.0000,
374,1,225,334,306,382,0.0000,0.0000,0.0000,0.0000,0.0000,0.0000,
375,1,225,334,306,382,0.0000,0.0000,0.0000,0.0000,0.0000,0.0000,
376,1,225,334,306,382,0.0000,0.0000,0.0000,0.0000,0.0000,0.0000,
377,1,225,334,306,382,0.0000,0.0000,0.0000,0.0000,0.0000,0.0000,
378,1,225,334,306,382,0.0000,0.0000,0.0000,0.0000,0.0000,0.0000,
379,1,225,334,306,382,0.0000,0.0000,0.0000,0.0000,0.0000,0.0000,
380,1,225,334,306,382,0.0000,0.0000,0.0000,0.0000,0.0000,0.0000,
381,1,225,334,306,382,0.0000,0.0000,0.0000,0.0000,0.0000,0.0000,
382,1,225,334,306,382,0.0000,0.0000,0.0000,0.0000,0.0000,0.0000,
383,1,225,334,306,382,0.0000,0.0000,0.0000,0.0000,0.0000,0.0000,
384,1,225,334,306,382,0.0000,0.0000,0.0000,0.0000,0.0000,0.0000,
385,1,225,334,306,382,0.0000,0.0000,0.0000,0.0000,0.0000,0.0000,
386,1,225,334,306,382,0.0000,0.0000,0.0000,0.0000,0.0000,0.0000,
387,1,225,334,306,382,0.0000,0.0000,0.0000,0.0000,0.0000,0.0000,
388,1,225,334,306,382,0.0000,0.0000,0.0000,0.0000,0.0000,0.0000,
389,1,225,334,306,382,0.0000,0.0000,0.0000,0.0000,0.0000,0.0000,
390,1,225,334,306,382,0.0000,0.0000,0.0000,0.0000,0.0000,0.0000,
391,1,225,334,306,382,0.0000,0.0000,0.0000,0.0000,0.0000,0.0000,
392,1,225,334,306,382,0.0000,0.0000,0.0000,0.0000,0.0000,0.0000,
393,1,225,334,306,382,0.0000,0.0000,0.0000,0.0000,0.0000,0.0000,
394,1,225,334,306,382,0.0000,0.0000,0.0000,0.0000,0.0000,0.0000,
395,1,225,334,306,382,0.0000,0.0000,0.0000,0.0000,0.0000,0.0000,
396,1,225,334,306,382,0.0000,0.0000,0.0000,0.0000,0.0000,0.0000,
397,1,225,334,306,382,0.0000,0.0000,0.0000,0.0000,0.0000,0.0000,
398,1,225,334,306,382,0.0000,0.0000,0.0000,0.0000,0.0000,0.0000,
399,1,225,334,306,382,0.0000,0.0000,0.0000,0.0000,0.0000,0.0000,
400,1,225,334,306,382,0.0000,0.0000,0.0000,0.0000,0.0000,0.0000,
401,1,225,334,306,382,0.0000,0.0000,0.0000,0.0000,0.0000,0.0000,
402,1,225,334,306,382,0.0000,0.0000,0.0000,0.0000,0.0000,0.0000,
403,1,225,334,306,382,0.0000,0.0000,0.0000,0.0000,0.0000,0.0000,
404,1,225,334,306,382,0.0000,0.0000,0.0000,0.0000,0.0000,0.0000,
405,1,225,334,306,382,0.0000,0.0000,0.0000,0.0000,0.0000,0.0000,
406,1,225,334,306,382,0.0000,0.0000,0.0000,0.0000,0.0000,0.0000,
407,1,225,334,306,382,0.0000,0.0000,0.0000,0.0000,0.0000,0.0000,
408,1,225,334,306,382,0.0000,0.0000,0.0000,0.0000,0.0000,0.0000,
409,1,225,334,306,382,0.0000,0.0000,0.0000,0.0000,0.0000,0.0000,
410,1,225,334,306,382,0.0000,0.0000,0.0000,0.0000,0.0000,0.0000,
411,1,225,334,306,382,0.0000,0.0000,0.0000,0.0000,0.0000,0.0000,
412,1,225,334,306,382,0.0000,0.0000,0.0000,0.0000,0.0000,0.0000,
413,1,225,334,306,382,0.0000,0.0000,0.0000,0.0000,0.0000,0.0000,
414,1,225,334,306,382,0.0000,0.0000,0.0000,0.0000,0.0000,0.0000,
415,1,225,334,306,382,0.0000,0.0000,0.0000,0.0000,0.0000,0.0000,
416,1,225,334,306,382,0.0000,0.0000,0.0000,0.0000,0.0000,0.0000,
417,1,225,334,306,382,0.0000,0.0000,0.0000,0.0000,0.0000,0.0000,
418,1,225,334,306,382,0.0000,0.0000,0.0000,0.0000,0.0000,0.0000,
419,1,225,334,306,382,0.0000,0.0000,0.0000,0.0000,0.0000,0.0000,
420,1,225,334,306,382,0.0000,0.0000,0.0000,0.0000,0.0000,0.0000,
421,1,225,334,306,382,0.0000,0.0000,0.0000,0.0000,0.0000,0.0000,
422,1,225,334,306,382,0.0000,0.0000,0.0000,0.0000,0.0000,0.0000,
423,1,225,334,306,382,0.0000,0.0000,0.0000,0.0000,0.0000,0.0000,
424,1,225,334,306,382,0.0000,0.0000,0.0000,0.0000,0.0000,0.0000,
425,1,225,334,306,382,0.0000,0.0000,0.0000,0.0000,0.0000,0.0000,
426,1,225,334,306,382,0.0000,0.0000,0.0000,0.0000,0.0000,0.0000,
427,1,225,334,306,382,0.0000,0.0000,0.0000,0.0000,0.0000,0.0000,
428,1,225,334,306,382,0.0000,0.0000,0.0000,0.0000,0.0000,0.0000,
429,1,225,334,306,382,0.0000,0.0000,0.0000,0.0000,0.0000,0.0000,
430,1,225,334,306,382,0.0000,0.0000,0.0000,0.0000,0.0000,0.0000,
431,1,225,334,306,382,0.0000,0.0000,0.0000,0.0000,0.0000,0.0000,
432,1,225,334,306,382,0.0000,0.0000,0.0000,0.0000,0.0000,0.0000,
433,1,225,334,306,382,0.0000,0.0000,0.0000,0.0000,0.0000,0.0000,
434,1,225,334,306,382,0.0000,0.0000,0.0000,0.0000,0.0000,0.0000,
435,1,225,334,306,382,0.0000,0.0000,0.0000,0.0000,0.0000,0.0000,
436,1,225,334,306,382,0.0000,0.0000,0.0000,0.0000,0.0000,0.0000,
437,1,225,334,306,382,0.0000,0.0000,0.0000,0.0000,0.0000,0.0000,
438,1,225,334,306,382,0.0000,0.0000,0.0000,0.0000,0.0000,0.0000,
439,1,225,334,306,382,0.0000,0.0000,0.0000,0.0000,0.0000,0.0000,
440,1,225,334,306,382,0.0000,0.0000,0.0000,0.0000,0.0000,0.0000,
441,1,225,334,306,382,0.0000,0.0000,0.0000,0.0000,0.0000,0.0000,
442,1,225,334,306,382,0.0000,0.0000,0.0000,0.0000,0.0000,0.0000,
443,1,225,334,306,382,0.0000,0.0000,0.0000,0.0000,0.0000,0.0000,
444,1,225,334,306,382,0.0000,0.0000,0.0000,0.0000,0.0000,0.0000,
445,1,225,334,306,382,0.0000,0.0000,0.0000,0.0000,0.0000,0.0000,
446,1,225,334,306,382,0.0000,0.0000,0.0000,0.0000,0.0000,0.0000,
447,1,225,334,306,382,0.0000,0.0000,0.0000,0.0000,0.0000,0.0000,
448,1,225,334,306,382,0.0000,0.0000,0.0000,0.0000,0.0000,0.0000,
449,1,225,334,306,382,0.0000,0.0000,0.0000,0.0000,0.0000,0.0000,
450,1,225,334,306,382,0.0000,0.0000,0.0000,0.0000,0.0000,0.0000,
451,1,225,334,306,382,0.0000,0.0000,0.0000,0.0000,0.0000,0.0000,
452,1,225,334,306,382,0.0000,0.0000,0.0000,0.0000,0.0000,0.0000,
453,1,225,334,306,382,0.0000,0.0000,0.0000,0.0000,0.0000,0.0000,
454,1,225,334,306,382,0.0000,0.0000,0.0000,0.0000,0.0000,0.0000,
455,1,225,334,306,382,0.0000,0.0000,0.0000,0.0000,0.0000,0.0000,
456,1,225,334,306,382,0.0000,0.0000,0.0000,0.0000,0.0000,0.0000,
457,1,225,334,306,382,0.0000,0.0000,0.0000,0.0000,0.0000,0.0000,
458,1,225,334,306,382,0.0000,0.0000,0.0000,0.0000,0.0000,0.0000,
459,1,225,334,306,382,0.0000,0.0000,0.0000,0.0000,0.0000,0.0000,
460,1,225,334,306,382,0.0000,0.0000,0.0000,0.0000,0.0000,0.0000,
461,1,225,334,306,382,0.0000,0.0000,0.0000,0.0000,0.0000,0.0000,
462,1,225,334,306,382,0.0000,0.0000,0.0000,0.0000,0.0000,0.0000,
463,1,225,334,306,382,0.0000,0.0000,0.0000,0.0000,0.0000,0.0000,
464,1,225,334,306,382,0.0000,0.0000,0.0000,0.0000,0.0000,0.0000,
465,1,225,334,306,382,0.0000,0.0000,0.0000,0.0000,0.0000,0.0000,
466,1,225,334,306,382,0.0000,0.0000,0.0000,0.0000,0.0000,0.0000,
467,1,218,338,303,377,1.0000,-0.0000,0.0000,1.0000,10.0000,10.0000,
468,1,218,338,303,377,1.0020,-0.0171,-0.0010,0.9889,10.2918,10.3904,
469,1,218,338,303,377,1.0067,0.0051,0.0052,1.0103,9.7695,9.8235,
470,1,218,338,303,377,1.0024,0.0165,-0.0010,0.9978,9.4649,9.9729,
471,1,218,340,303,376,0.9993,-0.0046,-0.0138,0.9436,9.9606,11.6176,
472,1,218,340,303,376,1.0055,0.0131,0.0021,1.0045,9.6703,9.9075,
473,1,220,341,300,375,0.9513,-0.0547,-0.0253,0.9422,12.0510,11.7856,
474,1,225,345,309,376,0.8336,-0.1466,-0.2106,0.8103,15.6246,17.1711,
475,1,225,345,309,376,0.9969,0.0398,-0.0081,0.9878,9.4130,10.1879,
476,1,231,338,303,374,1.0000,-0.0000,0.0000,1.0000,10.0000,10.0000,
477,1,225,341,303,374,0.0000,0.0000,0.0000,0.0000,0.0000,0.0000,
478,1,225,341,303,374,1.0024,0.0600,-0.0028,0.9959,8.2359,10.0887,
479,1,225,339,303,374,1.0071,0.0436,0.0204,1.0822,8.3039,6.2918,
480,1,225,335,304,378,1.0114,0.1297,0.0066,1.2181,7.0322,5.6985,
481,1,218,332,299,366,1.0000,0.0000,0.0000,1.0000,10.0000,9.9999,
482,1,216,332,298,365,1.0118,0.0315,-0.0108,0.9880,7.1239,9.5186,
483,1,214,331,296,364,1.0072,0.0484,-0.0024,1.0013,6.3925,8.5913,
484,1,210,330,300,362,1.0944,-0.0456,-0.0238,0.9810,6.3799,9.0874,
485,1,207,323,297,367,0.9987,0.0274,0.0309,1.3543,6.2269,1.0754,
486,1,204,325,284,363,1.0000,-0.0000,0.0000,1.0000,10.0002,10.0004,
487,1,201,325,281,362,1.0043,-0.0412,-0.0043,0.9772,6.9160,9.3150,
488,1,193,326,292,357,1.2350,0.3514,-0.0677,0.8208,-5.6620,13.6032,
489,1,189,325,288,357,0.9958,-0.0852,0.0141,1.0226,7.3136,8.0675,
490,1,185,325,284,356,1.0010,-0.0359,0.0090,0.9887,6.0808,8.8989,
491,1,187,322,264,359,1.0000,0.0000,-0.0000,1.0000,10.0000,10.0002,
492,1,179,322,265,359,1.1163,0.0601,0.0145,0.9950,0.0806,8.8113,
493,1,175,322,262,359,1.0221,0.1200,0.0124,0.9927,2.7976,9.1776,
494,1,171,322,258,359,0.9952,0.0597,0.0039,0.9875,4.7843,9.7294,
495,1,168,322,255,359,0.9898,0.0305,0.0059,1.0162,6.3300,9.0156,
496,1,165,322,251,360,0.9854,0.0556,0.0120,1.0153,5.7198,8.9872,
497,1,163,323,247,360,0.9800,-0.0564,0.0061,0.9986,8.7193,9.7612,
498,1,162,324,243,360,0.9650,0.1137,0.0133,0.9874,6.2311,9.8943,
499,1,148,319,229,362,0.0000,0.0000,0.0000,0.0000,0.0000,0.0000,
500,1,145,321,228,363,1.0258,0.0071,0.0469,0.9694,6.0810,9.8391,
501,1,138,325,223,363,1.0272,-0.2921,-0.0115,1.0346,10.7802,9.8336,
502,1,135,327,220,374,1.0089,-0.0718,0.2035,1.2142,7.4726,3.0755,
503,1,131,329,217,373,1.0154,-0.1724,0.0022,0.9413,9.2188,11.1301,
504,1,130,330,214,375,0.9880,-0.0173,-0.0068,1.0147,8.3914,10.9922,
505,1,130,319,215,365,0.4989,2.7442,0.2398,-0.3898,2.4716,14.4994,
506,1,128,321,214,365,1.0149,-0.0731,0.0051,0.9619,9.1165,11.3297,
507,1,126,324,213,366,1.0096,-0.1330,0.0050,0.9590,10.4399,12.0586,
508,1,125,325,212,368,1.0034,-0.0197,-0.0022,1.0022,8.6034,11.0167,
509,1,124,326,210,370,0.9942,-0.0268,-0.0024,1.0193,9.0065,11.0264,
510,1,128,328,205,369,1.0361,-0.1692,-0.0324,1.1311,11.0923,9.4714,
511,1,128,330,203,370,0.9859,0.0122,0.0102,0.9843,8.8120,10.9811,
512,1,120,327,207,376,1.1604,-0.5163,-0.0646,1.2241,12.0201,9.1781,
513,1,121,328,206,378,0.9791,0.0584,-0.0024,1.0182,8.8035,10.8022,
514,1,121,329,206,380,1.0032,-0.0134,-0.0085,1.0184,9.3954,10.8697,
515,1,119,337,202,379,1.0079,-0.0285,0.0015,1.0099,9.6231,10.6246,
516,1,119,339,202,380,1.0008,-0.0359,0.0074,0.9862,9.8413,10.8982,
517,1,119,340,202,382,1.0089,0.0131,-0.0102,1.0118,8.8458,11.1357,
518,1,119,343,202,382,1.0030,-0.0586,0.0230,0.9206,10.5201,11.5604,
519,1,120,345,202,382,0.9948,0.0156,0.0038,0.9702,9.9312,10.8536,
520,1,119,347,202,382,1.0157,-0.1271,0.0125,0.9270,10.9945,11.4396,
521,1,115,329,198,383,0.9807,-0.2355,0.1255,2.1190,15.9534,-19.6332,
522,1,115,332,199,383,1.0017,-0.0185,0.0203,0.9449,10.4179,11.5025,
523,1,117,333,199,384,0.9811,0.0766,-0.0045,1.0098,9.1012,10.5640,
524,1,117,337,199,383,1.0026,-0.0326,0.0315,0.9015,10.5062,11.8402,
525,1,117,337,199,383,1.0100,-0.0238,0.0077,0.9728,10.2939,10.4064,
526,1,119,337,198,384,0.9638,0.1060,-0.0078,1.0266,8.9740,9.6632,
527,1,120,338,196,384,0.9701,0.1202,0.0035,0.9851,7.1404,10.3574,
528,1,120,336,196,386,0.9987,0.0502,-0.0026,1.0829,8.5321,7.3711,
529,1,120,336,196,386,1.0056,0.0266,-0.0039,1.0231,9.2907,9.3173,
530,1,118,337,201,385,1.0922,-0.2906,0.0057,0.9637,14.9615,10.1462,
531,1,114,341,201,388,0.0000,0.0000,0.0000,0.0000,0.0000,0.0000,
532,1,114,341,201,388,0.0000,0.0000,0.0000,0.0000,0.0000,0.0000,
533,1,114,341,201,388,0.0000,0.0000,0.0000,0.0000,0.0000,0.0000,
534,1,114,341,201,388,0.0000,0.0000,0.0000,0.0000,0.0000,0.0000,
535,1,114,341,201,388,0.0000,0.0000,0.0000,0.0000,0.0000,0.0000,
536,1,114,341,201,388,0.0000,0.0000,0.0000,0.0000,0.0000,0.0000,
537,1,114,341,201,388,0.0000,0.0000,0.0000,0.0000,0.0000,0.0000,
538,1,114,341,201,388,0.0000,0.0000,0.0000,0.0000,0.0000,0.0000,
539,1,114,341,201,388,0.0000,0.0000,0.0000,0.0000,0.0000,0.0000,
540,1,114,341,201,388,0.0000,0.0000,0.0000,0.0000,0.0000,0.0000,
541,1,114,341,201,388,0.0000,0.0000,0.0000,0.0000,0.0000,0.0000,
542,1,114,341,201,388,0.0000,0.0000,0.0000,0.0000,0.0000,0.0000,
543,1,114,341,201,388,0.0000,0.0000,0.0000,0.0000,0.0000,0.0000,
544,1,114,341,201,388,0.0000,0.0000,0.0000,0.0000,0.0000,0.0000,
545,1,114,341,201,388,0.0000,0.0000,0.0000,0.0000,0.0000,0.0000,
546,1,114,341,201,388,0.0000,0.0000,0.0000,0.0000,0.0000,0.0000,
547,1,114,341,201,388,0.0000,0.0000,0.0000,0.0000,0.0000,0.0000,
548,1,114,341,201,388,0.0000,0.0000,0.0000,0.0000,0.0000,0.0000,
549,1,114,341,201,388,0.0000,0.0000,0.0000,0.0000,0.0000,0.0000,
550,1,114,341,201,388,0.0000,0.0000,0.0000,0.0000,0.0000,0.0000,
551,1,114,341,201,388,0.0000,0.0000,0.0000,0.0000,0.0000,0.0000,
552,1,114,341,201,388,0.0000,0.0000,0.0000,0.0000,0.0000,0.0000,
553,1,114,341,201,388,0.0000,0.0000,0.0000,0.0000,0.0000,0.0000,
554,1,114,341,201,388,0.0000,0.0000,0.0000,0.0000,0.0000,0.0000,
555,1,114,341,201,388,0.0000,0.0000,0.0000,0.0000,0.0000,0.0000,
556,1,114,341,201,388,0.0000,0.0000,0.0000,0.0000,0.0000,0.0000,
557,1,114,341,201,388,0.0000,0.0000,0.0000,0.0000,0.0000,0.0000,
558,1,114,341,201,388,0.0000,0.0000,0.0000,0.0000,0.0000,0.0000,
559,1,114,341,201,388,0.0000,0.0000,0.0000,0.0000,0.0000,0.0000,
560,1,114,341,201,388,0.0000,0.0000,0.0000,0.0000,0.0000,0.0000,
561,1,114,341,201,388,0.0000,0.0000,0.0000,0.0000,0.0000,0.0000,
562,1,114,341,201,388,0.0000,0.0000,0.0000,0.0000,0.0000,0.0000,
563,1,114,341,201,388,0.0000,0.0000,0.0000,0.0000,0.0000,0.0000,
564,1,114,341,201,388,0.0000,0.0000,0.0000,0.0000,0.0000,0.0000,
565,1,114,341,201,388,0.0000,0.0000,0.0000,0.0000,0.0000,0.0000,
566,1,114,341,201,388,0.0000,0.0000,0.0000,0.0000,0.0000,0.0000,
567,1,114,341,201,388,0.0000,0.0000,0.0000,0.0000,0.0000,0.0000,
568,1,114,341,201,388,0.0000,0.0000,0.0000,0.0000,0.0000,0.0000,
569,1,114,341,201,388,0.0000,0.0000,0.0000,0.0000,0.0000,0.0000,
570,1,114,341,201,388,0.0000,0.0000,0.0000,0.0000,0.0000,0.0000,
571,1,114,341,201,388,0.0000,0.0000,0.0000,0.0000,0.0000,0.0000,
572,1,114,341,201,388,0.0000,0.0000,0.0000,0.0000,0.0000,0.0000,
573,1,114,341,201,388,0.0000,0.0000,0.0000,0.0000,0.0000,0.0000,
574,1,114,341,201,388,0.0000,0.0000,0.0000,0.0000,0.0000,0.0000,
575,1,114,341,201,388,0.0000,0.0000,0.0000,0.0000,0.0000,0.0000,
576,1,114,341,201,388,0.0000,0.0000,0.0000,0.0000,0.0000,0.0000,
577,1,114,341,201,388,0.0000,0.0000,0.0000,0.0000,0.0000,0.0000,
578,1,114,341,201,388,0.0000,0.0000,0.0000,0.0000,0.0000,0.0000,
579,1,114,341,201,388,0.0000,0.0000,0.0000,0.0000,0.0000,0.0000,
580,1,114,341,201,388,0.0000,0.0000,0.0000,0.0000,0.0000,0.0000,
581,1,114,341,201,388,0.0000,0.0000,0.0000,0.0000,0.0000,0.0000,
582,1,114,341,201,388,0.0000,0.0000,0.0000,0.0000,0.0000,0.0000,
583,1,114,341,201,388,0.0000,0.0000,0.0000,0.0000,0.0000,0.0000,
584,1,114,341,201,388,0.0000,0.0000,0.0000,0.0000,0.0000,0.0000,
585,1,114,341,201,388,0.0000,0.0000,0.0000,0.0000,0.0000,0.0000,
586,1,114,341,201,388,0.0000,0.0000,0.0000,0.0000,0.0000,0.0000,
587,1,114,341,201,388,0.0000,0.0000,0.0000,0.0000,0.0000,0.0000,
588,1,114,341,201,388,0.0000,0.0000,0.0000,0.0000,0.0000,0.0000,
589,1,114,341,201,388,0.0000,0.0000,0.0000,0.0000,0.0000,0.0000,
590,1,114,341,201,388,0.0000,0.0000,0.0000,0.0000,0.0000,0.0000,
591,1,114,341,201,388,0.0000,0.0000,0.0000,0.0000,0.0000,0.0000,
592,1,114,341,201,388,0.0000,0.0000,0.0000,0.0000,0.0000,0.0000,
593,1,114,341,201,388,0.0000,0.0000,0.0000,0.0000,0.0000,0.0000,
594,1,114,341,201,388,0.0000,0.0000,0.0000,0.0000,0.0000,0.0000,
595,1,114,341,201,388,0.0000,0.0000,0.0000,0.0000,0.0000,0.0000,
596,1,114,341,201,388,0.0000,0.0000,0.0000,0.0000,0.0000,0.0000,
597,1,114,341,201,388,0.0000,0.0000,0.0000,0.0000,0.0000,0.0000,
598,1,114,341,201,388,0.0000,0.0000,0.0000,0.0000,0.0000,0.0000,
599,1,114,341,201,388,0.0000,0.0000,0.0000,0.0000,0.0000,0.0000,
600,1,114,341,201,388,0.0000,0.0000,0.0000,0.0000,0.0000,0.0000,
601,1,114,341,201,388,0.0000,0.0000,0.0000,0.0000,0.0000,0.0000,
602,1,114,341,201,388,0.0000,0.0000,0.0000,0.0000,0.0000,0.0000,
603,1,114,341,201,388,0.0000,0.0000,0.0000,0.0000,0.0000,0.0000,
604,1,114,341,201,388,0.0000,0.0000,0.0000,0.0000,0.0000,0.0000,
605,1,114,341,201,388,0.0000,0.0000,0.0000,0.0000,0.0000,0.0000,
606,1,114,341,201,388,0.0000,0.0000,0.0000,0.0000,0.0000,0.0000,
607,1,114,341,201,388,0.0000,0.0000,0.0000,0.0000,0.0000,0.0000,
608,1,114,341,201,388,0.0000,0.0000,0.0000,0.0000,0.0000,0.0000,
609,1,114,341,201,388,0.0000,0.0000,0.0000,0.0000,0.0000,0.0000,
610,1,114,341,201,388,0.0000,0.0000,0.0000,0.0000,0.0000,0.0000,
611,1,114,341,201,388,0.0000,0.0000,0.0000,0.0000,0.0000,0.0000,
612,1,114,341,201,388,0.0000,0.0000,0.0000,0.0000,0.0000,0.0000,
613,1,114,341,201,388,0.0000,0.0000,0.0000,0.0000,0.0000,0.0000,
614,1,114,341,201,388,0.0000,0.0000,0.0000,0.0000,0.0000,0.0000,
615,1,114,341,201,388,0.0000,0.0000,0.0000,0.0000,0.0000,0.0000,
616,1,114,341,201,388,0.0000,0.0000,0.0000,0.0000,0.0000,0.0000,
617,1,114,341,201,388,0.0000,0.0000,0.0000,0.0000,0.0000,0.0000,
618,1,114,341,201,388,0.0000,0.0000,0.0000,0.0000,0.0000,0.0000,
619,1,114,341,201,388,0.0000,0.0000,0.0000,0.0000,0.0000,0.0000,
620,1,114,341,201,388,0.0000,0.0000,0.0000,0.0000,0.0000,0.0000,
621,1,114,341,201,388,0.0000,0.0000,0.0000,0.0000,0.0000,0.0000,
622,1,114,341,201,388,0.0000,0.0000,0.0000,0.0000,0.0000,0.0000,
623,1,114,341,201,388,0.0000,0.0000,0.0000,0.0000,0.0000,0.0000,
624,1,114,341,201,388,0.0000,0.0000,0.0000,0.0000,0.0000,0.0000,
625,1,114,341,201,388,0.0000,0.0000,0.0000,0.0000,0.0000,0.0000,
626,1,114,341,201,388,0.0000,0.0000,0.0000,0.0000,0.0000,0.0000,
627,1,114,341,201,388,0.0000,0.0000,0.0000,0.0000,0.0000,0.0000,
628,1,114,341,201,388,0.0000,0.0000,0.0000,0.0000,0.0000,0.0000,
629,1,114,341,201,388,0.0000,0.0000,0.0000,0.0000,0.0000,0.0000,
630,1,114,341,201,388,0.0000,0.0000,0.0000,0.0000,0.0000,0.0000,
631,1,114,341,201,388,0.0000,0.0000,0.0000,0.0000,0.0000,0.0000,
632,1,114,341,201,388,0.0000,0.0000,0.0000,0.0000,0.0000,0.0000,
633,1,114,341,201,388,0.0000,0.0000,0.0000,0.0000,0.0000,0.0000,
634,1,114,341,201,388,0.0000,0.0000,0.0000,0.0000,0.0000,0.0000,
635,1,114,341,201,388,0.0000,0.0000,0.0000,0.0000,0.0000,0.0000,
636,1,114,341,201,388,0.0000,0.0000,0.0000,0.0000,0.0000,0.0000,
637,1,114,341,201,388,0.0000,0.0000,0.0000,0.0000,0.0000,0.0000,
638,1,114,341,201,388,0.0000,0.0000,0.0000,0.0000,0.0000,0.0000,
639,1,114,341,201,388,0.0000,0.0000,0.0000,0.0000,0.0000,0.0000,
640,1,114,341,201,388,0.0000,0.0000,0.0000,0.0000,0.0000,0.0000,
641,1,114,341,201,388,0.0000,0.0000,0.0000,0.0000,0.0000,0.0000,
642,1,114,341,201,388,0.0000,0.0000,0.0000,0.0000,0.0000,0.0000,
643,1,114,341,201,388,0.0000,0.0000,0.0000,0.0000,0.0000,0.0000,
644,1,114,341,201,388,0.0000,0.0000,0.0000,0.0000,0.0000,0.0000,
645,1,114,341,201,388,0.0000,0.0000,0.0000,0.0000,0.0000,0.0000,
646,1,114,341,201,388,0.0000,0.0000,0.0000,0.0000,0.0000,0.0000,
647,1,114,341,201,388,0.0000,0.0000,0.0000,0.0000,0.0000,0.0000,
648,1,114,341,201,388,0.0000,0.0000,0.0000,0.0000,0.0000,0.0000,
649,1,114,341,201,388,0.0000,0.0000,0.0000,0.0000,0.0000,0.0000,
650,1,114,341,201,388,0.0000,0.0000,0.0000,0.0000,0.0000,0.0000,
651,1,114,341,201,388,0.0000,0.0000,0.0000,0.0000,0.0000,0.0000,
652,1,114,341,201,388,0.0000,0.0000,0.0000,0.0000,0.0000,0.0000,
653,1,114,341,201,388,0.0000,0.0000,0.0000,0.0000,0.0000,0.0000,
654,1,114,341,201,388,0.0000,0.0000,0.0000,0.0000,0.0000,0.0000,
655,1,114,341,201,388,0.0000,0.0000,0.0000,0.0000,0.0000,0.0000,
656,1,114,341,201,388,0.0000,0.0000,0.0000,0.0000,0.0000,0.0000,
657,1,114,341,201,388,0.0000,0.0000,0.0000,0.0000,0.0000,0.0000,
658,1,114,341,201,388,0.0000,0.0000,0.0000,0.0000,0.0000,0.0000,
659,1,114,341,201,388,0.0000,0.0000,0.0000,0.0000,0.0000,0.0000,
660,1,114,341,201,388,0.0000,0.0000,0.0000,0.0000,0.0000,0.0000,
661,1,114,341,201,388,0.0000,0.0000,0.0000,0.0000,0.0000,0.0000,
662,1,114,341,201,388,0.0000,0.0000,0.0000,0.0000,0.0000,0.0000,
663,1,114,341,201,388,0.0000,0.0000,0.0000,0.0000,0.0000,0.0000,
664,1,114,341,201,388,0.0000,0.0000,0.0000,0.0000,0.0000,0.0000,
665,1,114,341,201,388,0.0000,0.0000,0.0000,0.0000,0.0000,0.0000,
666,1,114,341,201,388,0.0000,0.0000,0.0000,0.0000,0.0000,0.0000,
667,1,114,341,201,388,0.0000,0.0000,0.0000,0.0000,0.0000,0.0000,
668,1,114,341,201,388,0.0000,0.0000,0.0000,0.0000,0.0000,0.0000,
669,1,114,341,201,388,0.0000,0.0000,0.0000,0.0000,0.0000,0.0000,
670,1,114,341,201,388,0.0000,0.0000,0.0000,0.0000,0.0000,0.0000,
671,1,114,341,201,388,0.0000,0.0000,0.0000,0.0000,0.0000,0.0000,
672,1,114,341,201,388,0.0000,0.0000,0.0000,0.0000,0.0000,0.0000,
673,1,114,341,201,388,0.0000,0.0000,0.0000,0.0000,0.0000,0.0000,
674,1,114,341,201,388,0.0000,0.0000,0.0000,0.0000,0.0000,0.0000,
675,1,114,341,201,388,0.0000,0.0000,0.0000,0.0000,0.0000,0.0000,
676,1,114,341,201,388,0.0000,0.0000,0.0000,0.0000,0.0000,0.0000,
677,1,114,341,201,388,0.0000,0.0000,0.0000,0.0000,0.0000,0.0000,
678,1,114,341,201,388,0.0000,0.0000,0.0000,0.0000,0.0000,0.0000,
679,1,114,341,201,388,0.0000,0.0000,0.0000,0.0000,0.0000,0.0000,
680,1,114,341,201,388,0.0000,0.0000,0.0000,0.0000,0.0000,0.0000,
681,1,114,341,201,388,0.0000,0.0000,0.0000,0.0000,0.0000,0.0000,
682,1,114,341,201,388,0.0000,0.0000,0.0000,0.0000,0.0000,0.0000,
683,1,114,341,201,388,0.0000,0.0000,0.0000,0.0000,0.0000,0.0000,
684,1,114,341,201,388,0.0000,0.0000,0.0000,0.0000,0.0000,0.0000,
685,1,114,341,201,388,0.0000,0.0000,0.0000,0.0000,0.0000,0.0000,
686,1,114,341,201,388,0.0000,0.0000,0.0000,0.0000,0.0000,0.0000,
687,1,114,341,201,388,0.0000,0.0000,0.0000,0.0000,0.0000,0.0000,
688,1,114,341,201,388,0.0000,0.0000,0.0000,0.0000,0.0000,0.0000,
689,1,114,341,201,388,0.0000,0.0000,0.0000,0.0000,0.0000,0.0000,
690,1,114,341,201,388,0.0000,0.0000,0.0000,0.0000,0.0000,0.0000,
691,1,114,341,201,388,0.0000,0.0000,0.0000,0.0000,0.0000,0.0000,
692,1,114,341,201,388,0.0000,0.0000,0.0000,0.0000,0.0000,0.0000,
693,1,114,341,201,388,0.0000,0.0000,0.0000,0.0000,0.0000,0.0000,
694,1,114,341,201,388,0.0000,0.0000,0.0000,0.0000,0.0000,0.0000,
695,1,114,341,201,388,0.0000,0.0000,0.0000,0.0000,0.0000,0.0000,
696,1,114,341,201,388,0.0000,0.0000,0.0000,0.0000,0.0000,0.0000,
697,1,114,341,201,388,0.0000,0.0000,0.0000,0.0000,0.0000,0.0000,
698,1,114,341,201,388,0.0000,0.0000,0.0000,0.0000,0.0000,0.0000,
699,1,114,341,201,388,0.0000,0.0000,0.0000,0.0000,0.0000,0.0000,
700,1,114,341,201,388,0.0000,0.0000,0.0000,0.0000,0.0000,0.0000,
701,1,114,341,201,388,0.0000,0.0000,0.0000,0.0000,0.0000,0.0000,
702,1,114,341,201,388,0.0000,0.0000,0.0000,0.0000,0.0000,0.0000,
703,1,114,341,201,388,0.0000,0.0000,0.0000,0.0000,0.0000,0.0000,
704,1,114,341,201,388,0.0000,0.0000,0.0000,0.0000,0.0000,0.0000,
705,1,114,341,201,388,0.0000,0.0000,0.0000,0.0000,0.0000,0.0000,
706,1,114,341,201,388,0.0000,0.0000,0.0000,0.0000,0.0000,0.0000,
707,1,114,341,201,388,0.0000,0.0000,0.0000,0.0000,0.0000,0.0000,
708,1,114,341,201,388,0.0000,0.0000,0.0000,0.0000,0.0000,0.0000,
709,1,114,341,201,388,0.0000,0.0000,0.0000,0.0000,0.0000,0.0000,
710,1,114,341,201,388,0.0000,0.0000,0.0000,0.0000,0.0000,0.0000,
711,1,114,341,201,388,0.0000,0.0000,0.0000,0.0000,0.0000,0.0000,
712,1,114,341,201,388,0.0000,0.0000,0.0000,0.0000,0.0000,0.0000,
713,1,114,341,201,388,0.0000,0.0000,0.0000,0.0000,0.0000,0.0000,
714,1,114,341,201,388,0.0000,0.0000,0.0000,0.0000,0.0000,0.0000,
715,1,114,341,201,388,0.0000,0.0000,0.0000,0.0000,0.0000,0.0000,
716,1,114,341,201,388,0.0000,0.0000,0.0000,0.0000,0.0000,0.0000,
717,1,114,341,201,388,0.0000,0.0000,0.0000,0.0000,0.0000,0.0000,
718,1,114,341,201,388,0.0000,0.0000,0.0000,0.0000,0.0000,0.0000,
719,1,114,341,201,388,0.0000,0.0000,0.0000,0.0000,0.0000,0.0000,
720,1,114,341,201,388,0.0000,0.0000,0.0000,0.0000,0.0000,0.0000,
721,1,114,341,201,388,0.0000,0.0000,0.0000,0.0000,0.0000,0.0000,
722,1,114,341,201,388,0.0000,0.0000,0.0000,0.0000,0.0000,0.0000,
723,1,114,341,201,388,0.0000,0.0000,0.0000,0.0000,0.0000,0.0000,
724,1,114,341,201,388,0.0000,0.0000,0.0000,0.0000,0.0000,0.0000,
725,1,114,341,201,388,0.0000,0.0000,0.0000,0.0000,0.0000,0.0000,
726,1,114,341,201,388,0.0000,0.0000,0.0000,0.0000,0.0000,0.0000,
727,1,114,341,201,388,0.0000,0.0000,0.0000,0.0000,0.0000,0.0000,
728,1,114,341,201,388,0.0000,0.0000,0.0000,0.0000,0.0000,0.0000,
729,1,114,341,201,388,0.0000,0.0000,0.0000,0.0000,0.0000,0.0000,
730,1,114,341,201,388,0.0000,0.0000,0.0000,0.0000,0.0000,0.0000,
731,1,114,341,201,388,0.0000,0.0000,0.0000,0.0000,0.0000,0.0000,
732,1,114,341,201,388,0.0000,0.0000,0.0000,0.0000,0.0000,0.0000,
733,1,114,341,201,388,0.0000,0.0000,0.0000,0.0000,0.0000,0.0000,
734,1,114,341,201,388,0.0000,0.0000,0.0000,0.0000,0.0000,0.0000,
735,1,114,341,201,388,0.0000,0.0000,0.0000,0.0000,0.0000,0.0000,
736,1,114,341,201,388,0.0000,0.0000,0.0000,0.0000,0.0000,0.0000,
737,1,114,341,201,388,0.0000,0.0000,0.0000,0.0000,0.0000,0.0000,
738,1,114,341,201,388,0.0000,0.0000,0.0000,0.0000,0.0000,0.0000,
739,1,114,341,201,388,0.0000,0.0000,0.0000,0.0000,0.0000,0.0000,
740,1,114,341,201,388,0.0000,0.0000,0.0000,0.0000,0.0000,0.0000,
741,1,114,341,201,388,0.0000,0.0000,0.0000,0.0000,0.0000,0.0000,
742,1,114,341,201,388,0.0000,0.0000,0.0000,0.0000,0.0000,0.0000,
743,1,114,341,201,388,0.0000,0.0000,0.0000,0.0000,0.0000,0.0000,
744,1,114,341,201,388,0.0000,0.0000,0.0000,0.0000,0.0000,0.0000,
745,1,114,341,201,388,0.0000,0.0000,0.0000,0.0000,0.0000,0.0000,
746,1,114,341,201,388,0.0000,0.0000,0.0000,0.0000,0.0000,0.0000,
747,1,114,341,201,388,0.0000,0.0000,0.0000,0.0000,0.0000,0.0000,
748,1,114,341,201,388,0.0000,0.0000,0.0000,0.0000,0.0000,0.0000,
749,1,114,341,201,388,0.0000,0.0000,0.0000,0.0000,0.0000,0.0000,
750,1,114,341,201,388,0.0000,0.0000,0.0000,0.0000,0.0000,0.0000,
751,1,114,341,201,388,0.0000,0.0000,0.0000,0.0000,0.0000,0.0000,
752,1,114,341,201,388,0.0000,0.0000,0.0000,0.0000,0.0000,0.0000,
753,1,114,341,201,388,0.0000,0.0000,0.0000,0.0000,0.0000,0.0000,
754,1,114,341,201,388,0.0000,0.0000,0.0000,0.0000,0.0000,0.0000,
755,1,114,341,201,388,0.0000,0.0000,0.0000,0.0000,0.0000,0.0000,
756,1,114,341,201,388,0.0000,0.0000,0.0000,0.0000,0.0000,0.0000,
757,1,114,341,201,388,0.0000,0.0000,0.0000,0.0000,0.0000,0.0000,
758,1,114,341,201,388,0.0000,0.0000,0.0000,0.0000,0.0000,0.0000,
759,1,114,341,201,388,0.0000,0.0000,0.0000,0.0000,0.0000,0.0000,
760,1,114,341,201,388,0.0000,0.0000,0.0000,0.0000,0.0000,0.0000,
761,1,114,341,201,388,0.0000,0.0000,0.0000,0.0000,0.0000,0.0000,
762,1,114,341,201,388,0.0000,0.0000,0.0000,0.0000,0.0000,0.0000,
763,1,114,341,201,388,0.0000,0.0000,0.0000,0.0000,0.0000,0.0000,
764,1,114,341,201,388,0.0000,0.0000,0.0000,0.0000,0.0000,0.0000,
765,1,114,341,201,388,0.0000,0.0000,0.0000,0.0000,0.0000,0.0000,
766,1,114,341,201,388,0.0000,0.0000,0.0000,0.0000,0.0000,0.0000,
767,1,114,341,201,388,0.0000,0.0000,0.0000,0.0000,0.0000,0.0000,
768,1,114,341,201,388,0.0000,0.0000,0.0000,0.0000,0.0000,0.0000,
769,1,114,341,201,388,0.0000,0.0000,0.0000,0.0000,0.0000,0.0000,
770,1,114,341,201,388,0.0000,0.0000,0.0000,0.0000,0.0000,0.0000,
771,1,114,341,201,388,0.0000,0.0000,0.0000,0.0000,0.0000,0.0000,
772,1,114,341,201,388,0.0000,0.0000,0.0000,0.0000,0.0000,0.0000,
773,1,114,341,201,388,0.0000,0.0000,0.0000,0.0000,0.0000,0.0000,
774,1,114,341,201,388,0.0000,0.0000,0.0000,0.0000,0.0000,0.0000,
775,1,114,341,201,388,0.0000,0.0000,0.0000,0.0000,0.0000,0.0000,
776,1,114,341,201,388,0.0000,0.0000,0.0000,0.0000,0.0000,0.0000,
777,1,114,341,201,388,0.0000,0.0000,0.0000,0.0000,0.0000,0.0000,
778,1,114,341,201,388,0.0000,0.0000,0.0000,0.0000,0.0000,0.0000,
779,1,114,341,201,388,0.0000,0.0000,0.0000,0.0000,0.0000,0.0000,
780,1,114,341,201,388,0.0000,0.0000,0.0000,0.0000,0.0000,0.0000,
781,1,114,341,201,388,0.0000,0.0000,0.0000,0.0000,0.0000,0.0000,
782,1,114,341,201,388,0.0000,0.0000,0.0000,0.0000,0.0000,0.0000,
783,1,114,341,201,388,0.0000,0.0000,0.0000,0.0000,0.0000,0.0000,
784,1,114,341,201,388,0.0000,0.0000,0.0000,0.0000,0.0000,0.0000,
785,1,114,341,201,388,0.0000,0.0000,0.0000,0.0000,0.0000,0.0000,
786,1,114,341,201,388,0.0000,0.0000,0.0000,0.0000,0.0000,0.0000,
787,1,114,341,201,388,0.0000,0.0000,0.0000,0.0000,0.0000,0.0000,
788,1,114,341,201,388,0.0000,0.0000,0.0000,0.0000,0.0000,0.0000,
789,1,114,341,201,388,0.0000,0.0000,0.0000,0.0000,0.0000,0.0000,
790,1,114,341,201,388,0.0000,0.0000,0.0000,0.0000,0.0000,0.0000,
791,1,114,341,201,388,0.0000,0.0000,0.0000,0.0000,0.0000,0.0000,
792,1,114,341,201,388,0.0000,0.0000,0.0000,0.0000,0.0000,0.0000,
793,1,114,341,201,388,0.0000,0.0000,0.0000,0.0000,0.0000,0.0000,
794,1,114,341,201,388,0.0000,0.0000,0.0000,0.0000,0.0000,0.0000,
795,1,114,341,201,388,0.0000,0.0000,0.0000,0.0000,0.0000,0.0000,
796,1,114,341,201,388,0.0000,0.0000,0.0000,0.0000,0.0000,0.0000,
797,1,114,341,201,388,0.0000,0.0000,0.0000,0.0000,0.0000,0.0000,
798,1,114,341,201,388,0.0000,0.0000,0.0000,0.0000,0.0000,0.0000,
799,1,114,341,201,388,0.0000,0.0000,0.0000,0.0000,0.0000,0.0000,
800,1,114,341,201,388,0.0000,0.0000,0.0000,0.0000,0.0000,0.0000,
801,1,114,341,201,388,0.0000,0.0000,0.0000,0.0000,0.0000,0.0000,
802,1,114,341,201,388,0.0000,0.0000,0.0000,0.0000,0.0000,0.0000,
803,1,114,341,201,388,0.0000,0.0000,0.0000,0.0000,0.0000,0.0000,
804,1,114,341,201,388,0.0000,0.0000,0.0000,0.0000,0.0000,0.0000,
