1,181,49,185,98,148,124,144,180,141,227,223,119,230,174,233,222,163,218,170,270,162,325,203,221,211,270,215,250
2,182,50,184,98,148,124,145,179,141,227,222,119,231,175,233,223,164,219,172,269,159,252,202,222,213,272,215,252
3,181,50,185,98,148,124,145,180,141,227,223,119,231,175,233,223,163,218,172,267,218,266,203,222,213,272,216,252
4,182,49,184,98,148,124,145,179,141,227,223,119,231,174,233,223,164,219,214,268,144,251,202,222,217,273,216,274
5,183,49,185,98,149,125,144,180,141,227,223,120,231,175,233,223,164,218,172,270,157,275,203,222,213,274,215,271
6,183,49,185,97,149,123,145,178,142,226,223,120,231,175,234,223,163,216,171,268,167,314,203,219,211,268,215,250
7,183,49,186,98,149,123,145,178,141,226,224,120,231,175,234,223,163,217,172,268,145,249,204,222,207,272,207,274
8,184,49,186,97,150,123,145,180,142,227,224,120,231,175,234,223,164,218,173,269,145,249,204,223,213,272,207,274
9,185,49,186,97,150,123,145,179,142,227,224,120,232,176,234,223,164,217,171,271,167,316,204,221,212,271,212,249
10,185,49,187,98,151,124,146,178,142,227,225,119,233,175,234,222,165,214,172,271,169,333,204,217,212,270,207,245
11,186,50,187,98,151,123,146,179,143,227,225,119,233,175,235,222,166,215,173,272,183,252,204,218,213,270,205,246
12,187,50,187,98,152,123,147,178,143,227,225,119,233,177,235,223,166,219,173,274,170,335,205,221,213,269,211,246
13,188,49,188,98,152,123,147,178,143,226,226,120,233,176,235,222,168,219,173,275,170,335,206,220,213,269,210,245
14,189,49,189,98,153,123,147,178,143,226,226,119,234,177,236,222,168,219,176,273,188,253,207,220,215,269,214,247
15,190,49,190,98,154,123,148,178,144,226,227,119,235,177,236,223,169,218,174,275,169,335,209,219,215,271,208,245
16,191,49,191,98,154,123,148,179,144,225,229,119,236,176,238,221,171,218,175,271,185,243,209,220,217,269,208,240
17,193,49,192,98,156,122,150,178,144,226,230,119,238,177,239,223,171,218,175,270,183,247,210,219,218,265,211,243
18,194,49,194,97,157,122,150,176,146,225,231,119,239,177,241,221,173,219,175,275,168,335,211,220,217,270,215,246
19,196,49,195,97,159,122,151,175,146,225,232,119,240,176,242,221,175,218,177,269,189,240,211,219,218,270,212,239
20,199,49,197,97,160,122,153,176,147,225,234,119,241,176,244,221,176,218,178,267,190,240,214,220,220,267,213,239
21,201,48,200,97,163,121,155,175,149,224,236,120,243,177,246,223,178,218,178,266,192,240,215,219,222,266,214,239
22,203,48,202,96,164,120,156,174,151,224,238,119,245,176,248,221,180,217,181,264,193,240,217,219,222,269,215,240
23,206,48,204,96,166,121,158,173,153,223,241,119,247,175,250,223,182,217,182,264,191,240,219,218,224,269,215,242
24,210,47,207,96,168,120,161,175,154,222,243,119,249,176,253,222,184,215,184,263,198,239,221,216,227,267,217,238
25,213,47,209,95,170,120,163,174,156,222,245,120,252,175,255,222,187,217,189,269,197,242,222,217,227,270,219,242
26,216,47,211,95,172,120,164,173,159,221,248,120,254,175,257,221,189,216,190,270,199,242,225,216,228,270,222,243
27,219,47,215,96,175,119,166,173,160,222,250,120,257,175,259,222,191,216,191,268,201,238,227,216,231,266,223,238
28,222,47,218,96,178,118,169,171,163,219,252,120,259,176,262,222,193,217,194,270,202,239,228,218,232,266,223,239
29,225,48,220,96,180,118,171,171,165,220,254,120,261,176,264,222,195,217,194,268,205,238,230,217,235,267,225,242
30,228,47,221,96,182,117,172,170,167,218,255,119,263,173,266,221,196,215,194,270,206,239,233,214,236,267,227,241
31,232,48,224,96,185,116,174,168,168,218,257,119,264,173,267,222,199,216,195,271,207,237,234,216,236,265,228,238
32,234,48,226,97,187,116,176,168,170,218,259,119,265,174,269,222,199,214,195,270,208,236,235,214,238,264,227,237
33,236,48,228,96,188,116,177,169,171,217,261,120,267,174,270,222,201,216,195,268,208,237,236,216,239,265,230,238
34,238,49,229,97,190,116,179,168,172,217,262,119,268,174,272,222,203,214,196,269,208,237,237,215,238,265,230,239
35,239,49,231,97,191,116,180,169,173,217,263,120,270,175,273,222,202,214,195,268,208,237,238,216,239,265,230,238
36,241,49,232,98,193,116,181,168,174,217,265,120,271,175,274,222,202,214,195,267,209,237,239,216,240,265,230,238
37,242,50,233,98,193,116,182,168,175,217,265,120,272,174,275,222,203,213,196,268,209,235,240,214,239,265,230,239
38,243,50,233,98,194,116,182,169,176,217,266,121,272,175,276,222,204,213,196,268,209,236,240,215,240,264,230,238
39,245,52,234,100,194,116,183,168,176,217,266,121,273,174,276,221,203,214,198,268,212,235,240,215,240,263,231,236
40,246,53,234,100,194,116,183,168,176,218,266,121,273,174,278,220,204,214,200,269,212,235,241,215,241,266,232,240
41,248,54,234,101,194,116,182,169,176,217,265,121,273,174,278,218,205,217,201,272,215,244,242,217,241,268,236,247
42,249,55,233,102,193,117,182,170,176,219,265,123,272,175,279,216,206,218,203,274,210,337,241,218,242,272,232,258
43,249,56,233,102,193,117,182,170,176,220,264,123,273,175,279,213,207,218,202,272,215,246,242,218,242,269,237,247
44,249,57,233,103,192,118,182,169,176,222,263,121,273,170,278,209,207,216,202,271,214,242,242,216,243,267,234,245
45,250,57,232,103,191,118,181,171,175,221,262,121,274,166,278,202,207,216,204,269,215,238,241,216,244,267,235,241
46,250,56,232,102,191,118,182,170,175,222,261,121,273,162,277,197,207,215,205,269,215,239,242,215,243,267,234,246
47,251,57,231,102,191,117,180,171,175,222,260,120,276,163,277,189,208,219,206,270,215,243,242,218,242,268,231,247
48,251,58,231,102,190,118,180,172,175,222,259,119,276,159,276,184,208,218,207,272,219,250,243,216,242,268,234,251
49,250,57,230,103,190,119,180,172,176,223,258,120,277,159,274,176,208,217,205,274,208,336,243,216,243,274,235,257
50,249,57,229,102,190,118,180,172,177,224,257,119,282,157,272,173,208,213,205,270,215,237,244,212,243,267,236,242
51,249,57,228,102,189,119,179,174,178,225,256,118,283,154,273,168,208,215,208,271,215,238,244,213,243,268,236,239
52,246,57,227,103,189,119,179,175,178,226,255,119,285,154,272,165,208,215,209,272,225,247,244,213,243,272,235,254
53,245,56,227,101,188,120,180,176,179,226,253,119,286,153,272,160,207,214,208,272,218,244,244,211,243,269,237,248
54,245,55,227,101,188,121,181,178,180,228,254,118,286,146,273,158,209,217,206,271,215,240,244,213,243,268,234,247
55,243,55,226,101,187,120,181,177,181,228,253,118,287,145,273,155,208,215,206,270,212,240,244,212,243,270,236,246
56,242,54,226,100,187,120,181,176,182,228,253,118,289,144,273,154,208,215,205,269,212,238,244,213,243,268,236,244
57,241,55,225,101,187,120,182,174,183,228,253,117,289,141,271,152,208,214,205,268,213,238,244,213,242,267,234,238
58,240,54,224,101,186,120,182,174,184,227,253,117,290,140,271,151,209,215,205,268,212,239,244,214,243,268,235,239
59,239,54,224,101,186,120,182,177,185,227,253,117,290,139,270,150,209,217,205,267,212,238,244,215,242,267,234,239
60,238,54,224,101,185,121,182,176,185,228,253,118,291,139,270,150,209,217,206,268,212,238,243,216,242,267,234,238
61,238,54,223,101,185,121,181,177,186,226,252,117,291,138,270,150,210,215,205,267,212,236,243,213,242,266,234,238
62,237,53,223,101,185,121,181,176,187,227,252,116,290,138,270,149,209,216,207,268,212,237,243,213,243,266,234,237
63,237,53,223,101,185,122,182,174,186,226,252,117,291,138,271,148,208,216,207,267,213,238,242,214,242,267,234,237
64,238,53,223,101,185,122,181,176,186,227,252,117,291,138,270,148,209,216,207,267,213,238,243,214,242,266,234,238
65,238,53,223,100,185,121,182,175,186,227,251,116,290,138,270,148,207,215,207,267,212,238,242,213,242,266,234,237
66,237,53,222,100,184,122,181,176,185,227,252,117,290,137,269,148,208,216,207,268,212,237,243,214,242,266,234,238
67,237,53,223,100,184,121,182,174,185,228,250,116,290,137,269,148,207,215,207,268,212,238,242,214,241,267,234,237
68,237,53,222,100,184,122,182,177,184,228,250,116,290,137,269,148,207,215,207,269,212,238,242,214,242,268,234,239
69,237,53,223,100,184,121,182,177,183,230,251,117,289,136,269,148,207,215,206,268,208,238,241,214,241,267,234,238
70,237,53,222,100,184,121,181,176,182,228,250,116,290,137,269,147,206,215,207,269,211,238,242,214,242,268,234,239
71,237,54,222,100,184,121,180,175,181,229,251,118,290,136,268,148,206,214,205,270,206,236,242,213,242,270,236,244
72,236,53,221,100,183,121,180,176,181,229,251,117,289,136,268,148,206,215,205,271,209,241,242,213,242,270,235,244
73,236,54,221,101,183,121,180,176,180,229,250,118,289,136,267,148,205,213,203,270,212,242,242,212,241,271,235,243
74,236,53,222,100,184,121,180,176,179,228,252,118,289,136,268,147,206,215,204,270,211,240,242,213,241,269,235,242
75,236,54,221,101,183,121,180,176,179,228,251,117,289,136,268,147,206,215,204,271,211,242,241,213,242,270,234,244
76,236,53,221,101,183,120,179,175,178,228,250,118,289,136,268,147,206,215,204,271,219,244,242,213,242,272,234,244
77,236,53,221,101,183,120,179,174,178,228,250,118,289,135,267,148,206,214,203,270,218,243,242,212,242,272,234,245
78,236,54,221,101,183,121,179,176,178,227,250,117,289,136,267,147,206,214,203,270,211,240,241,212,241,270,235,244
79,236,54,221,101,183,121,179,176,178,228,250,118,289,136,267,148,206,215,204,271,216,243,241,213,241,272,234,244
80,236,54,221,101,182,121,179,176,178,228,250,117,289,136,267,148,206,215,203,271,217,244,241,214,242,272,234,244
81,236,54,221,101,183,121,179,178,179,229,249,117,289,136,267,147,205,215,204,270,210,240,242,214,242,271,235,242
82,236,54,221,101,183,121,179,178,179,229,250,117,290,137,266,148,206,215,204,270,210,241,241,214,241,271,235,243
83,236,53,221,100,183,121,179,179,180,229,251,117,290,137,267,148,205,215,203,268,209,238,241,213,242,267,234,239
84,236,53,221,100,182,121,179,178,180,229,251,117,290,138,267,148,205,215,204,269,208,240,240,213,242,270,235,245
85,236,53,222,100,182,121,179,179,180,229,251,117,290,138,267,148,205,215,204,268,211,237,240,213,241,266,232,237
86,236,53,222,100,182,121,180,179,180,229,251,117,290,137,267,148,205,215,204,268,211,237,240,213,241,266,232,236
87,236,53,221,100,182,121,180,178,180,228,251,117,290,138,267,148,205,214,204,268,211,237,240,213,240,266,232,237
88,236,53,221,100,182,121,180,177,181,228,251,117,290,138,267,148,205,215,204,268,211,237,240,214,241,266,232,237
89,236,53,221,100,182,121,180,178,181,228,251,117,290,138,267,148,205,215,203,267,211,237,240,213,241,266,232,236
90,236,53,221,101,183,122,180,179,181,228,251,117,290,138,267,148,205,215,204,269,210,237,240,213,241,267,233,238
91,236,53,221,100,182,121,180,176,180,227,251,118,290,138,267,148,205,214,204,269,211,237,240,212,241,267,233,237
92,236,53,222,100,182,121,180,178,180,228,251,118,290,138,267,148,205,215,204,268,210,237,240,214,240,266,232,237
93,236,53,221,101,183,122,179,179,180,228,251,117,290,138,267,148,205,216,204,269,210,238,240,214,241,267,232,238
94,236,53,221,100,182,121,179,178,180,229,250,117,290,138,267,148,205,215,203,269,209,238,240,213,241,269,234,239
95,236,53,222,100,182,121,179,178,180,229,251,117,290,138,267,148,205,216,204,267,211,237,240,214,240,266,232,236
96,237,53,222,100,182,121,180,177,180,229,251,117,290,138,267,148,206,216,204,267,211,238,240,214,240,266,232,237
97,237,54,222,100,182,121,179,178,180,229,251,117,290,138,267,148,206,216,204,267,211,238,240,214,240,267,232,237
98,237,53,222,100,183,121,179,177,180,229,251,118,290,138,267,148,205,214,202,268,211,237,240,213,241,267,233,237
99,236,54,221,101,183,121,179,177,180,229,251,118,290,138,267,148,205,215,204,270,208,241,241,213,241,270,234,245
100,236,54,221,100,183,121,179,177,180,229,251,118,290,138,267,148,205,215,203,270,209,239,240,213,241,269,235,243
101,237,53,222,100,183,121,179,178,179,229,251,118,290,138,267,148,205,215,204,268,212,237,240,212,241,266,233,236
102,237,53,222,100,183,121,179,178,179,229,252,118,290,138,267,148,206,216,204,270,211,238,240,214,241,269,234,239
103,237,53,222,100,183,121,179,177,179,228,251,118,290,138,267,148,205,216,204,269,211,238,240,213,241,267,233,238
104,237,53,222,101,183,121,179,178,179,229,252,118,291,138,267,147,206,217,204,269,210,239,240,215,240,267,232,238
105,237,53,222,100,183,121,179,177,180,229,251,118,290,138,267,148,205,215,203,270,209,239,240,213,241,269,234,243
106,237,54,222,100,184,121,179,176,180,228,251,118,290,138,267,148,205,215,203,270,209,239,240,213,241,269,234,241
107,237,53,222,100,184,121,179,178,179,228,252,118,291,138,267,148,206,216,203,269,210,239,240,214,241,268,234,239
108,237,53,222,100,184,121,179,178,179,228,252,118,291,138,267,148,206,216,203,269,211,237,240,213,241,266,233,237
109,237,53,222,100,184,121,179,177,179,228,252,118,291,138,267,148,206,216,203,269,211,238,240,214,241,267,233,237
110,237,53,223,100,184,121,179,179,180,227,252,118,291,138,268,148,206,217,203,269,210,238,240,214,241,267,233,239
111,237,53,222,100,184,121,179,178,180,228,252,118,291,138,268,148,206,216,203,270,209,239,241,214,241,269,234,240
112,237,53,223,100,184,121,179,178,180,228,252,118,291,138,268,148,206,216,204,269,210,239,241,214,241,267,234,238
113,238,54,223,100,184,121,180,178,180,228,252,118,291,138,268,148,206,216,203,270,210,239,241,214,241,269,234,240
114,238,53,223,100,184,121,180,179,180,228,253,117,292,138,268,148,206,217,204,268,211,238,241,215,241,267,232,237
115,238,53,223,100,185,121,180,179,180,228,253,118,292,138,268,149,206,217,204,269,210,239,241,215,241,268,234,238
116,238,53,223,100,185,121,180,179,180,228,253,118,292,138,268,148,206,216,204,269,211,238,241,214,241,267,232,237
117,238,53,224,100,185,121,180,179,180,228,253,118,292,138,269,149,206,217,204,268,212,238,241,215,241,266,232,237
118,238,53,224,100,185,121,180,178,180,228,253,117,292,138,268,149,206,216,204,268,212,238,242,214,242,266,233,236
119,239,53,224,100,185,121,180,177,179,226,253,118,293,139,269,150,206,216,206,268,213,238,242,214,242,267,233,237
120,239,54,224,100,185,121,180,177,180,227,253,117,293,139,270,150,206,215,206,268,213,237,242,213,243,266,233,236
121,240,54,225,101,185,120,180,177,179,226,254,117,292,139,270,151,206,216,206,269,211,238,242,213,242,266,232,236
122,240,54,224,101,186,120,180,176,180,227,254,117,292,140,271,153,206,216,206,268,213,238,242,214,243,266,234,236
123,241,55,225,101,185,120,180,175,181,227,253,118,291,140,272,155,206,216,205,270,210,239,242,213,243,269,235,244
124,240,54,226,101,185,120,181,176,181,227,254,119,290,140,271,159,205,215,204,270,209,240,243,214,243,270,236,245
125,241,55,226,101,186,120,180,177,181,227,253,118,290,143,269,163,205,215,205,270,218,248,243,214,242,271,234,248
126,241,55,226,102,186,120,180,177,181,227,253,118,290,145,274,165,205,216,205,271,210,242,243,215,242,271,233,247
127,242,55,226,102,186,120,180,176,181,227,254,119,289,145,274,168,205,216,205,271,212,243,243,215,242,271,234,248
128,242,56,226,102,187,120,181,175,181,227,254,119,288,148,274,171,206,216,204,271,220,248,242,215,243,272,235,247
129,243,56,227,102,187,121,181,177,180,227,254,119,287,150,275,172,206,218,204,268,211,239,241,216,241,267,234,239
130,243,56,227,102,187,120,181,176,180,227,254,118,286,150,277,175,206,217,204,270,207,240,241,215,242,267,233,247
131,244,57,227,103,187,120,180,175,180,227,254,119,284,153,277,181,206,217,205,271,220,248,241,215,241,271,233,249
132,245,58,227,103,187,120,180,176,180,227,255,119,283,153,279,185,205,216,204,270,205,239,242,215,241,267,234,247
133,245,58,227,104,188,120,180,175,180,227,256,118,283,155,280,190,206,216,203,269,217,245,241,215,242,268,235,247
134,245,58,228,104,188,120,181,175,180,226,256,119,281,159,282,193,206,215,203,269,204,235,241,214,242,267,236,244
135,245,58,228,105,189,119,181,174,180,226,257,119,280,161,283,197,206,216,204,270,204,310,242,216,242,268,235,248
136,245,58,229,105,189,120,181,175,180,226,259,120,279,165,284,203,207,216,203,270,204,313,243,216,242,268,235,248
137,245,58,229,105,191,119,182,173,180,226,260,119,279,168,284,207,207,218,204,269,213,239,243,218,242,268,236,241
138,245,57,231,105,192,119,183,172,179,224,262,120,278,168,284,209,208,217,204,269,212,239,243,217,243,269,239,243
139,244,58,232,106,193,120,184,173,179,223,264,122,277,171,284,211,207,217,203,270,211,239,243,217,241,267,235,241
140,245,58,232,105,193,120,184,174,180,224,264,120,276,173,283,212,207,215,203,268,214,239,243,216,242,269,236,240
141,245,57,233,105,195,119,185,172,180,223,265,120,274,172,284,215,206,213,202,269,215,236,244,214,243,267,235,235
142,245,59,234,106,195,119,186,171,181,223,266,121,275,172,283,217,208,214,201,268,216,235,243,215,242,266,235,236
143,246,57,235,105,197,118,187,171,181,222,267,120,274,173,282,219,208,214,201,268,216,237,244,215,243,267,236,239
144,246,58,236,106,197,118,187,172,181,222,268,122,274,172,280,218,207,219,201,271,214,238,243,220,241,267,236,239
145,246,58,236,106,198,118,188,171,181,222,269,121,274,173,279,220,207,217,200,272,212,243,243,218,242,268,237,245
146,246,58,237,106,198,118,188,171,182,221,270,122,274,174,278,220,206,212,200,269,214,239,244,214,242,268,236,240
147,246,57,238,105,199,118,188,171,182,220,271,123,275,174,277,220,206,214,200,269,214,238,243,217,242,268,237,241
148,246,58,238,106,200,117,189,170,183,220,272,121,274,176,276,221,206,214,199,269,212,244,244,217,242,266,234,246
149,246,58,239,106,201,117,190,169,183,219,273,122,273,176,274,220,206,212,199,267,212,237,244,215,241,265,234,245
150,246,58,240,106,201,118,190,169,183,218,273,122,273,176,274,222,206,215,200,269,212,245,242,218,242,268,235,247
151,247,57,240,106,202,117,190,169,183,218,274,122,273,176,273,222,205,212,199,268,214,247,242,217,241,268,236,248
152,246,58,240,106,202,117,191,168,183,217,274,122,273,177,273,222,204,213,199,268,213,246,242,217,241,267,236,247
153,246,57,240,106,202,117,190,168,183,217,274,123,273,177,273,223,205,215,200,269,213,242,242,218,240,272,237,252
154,246,58,240,106,201,117,190,169,182,218,274,123,273,176,273,224,204,210,200,268,213,233,242,214,241,267,235,241
155,245,57,239,106,201,116,189,170,182,218,274,123,274,178,272,224,204,214,199,269,211,240,241,218,241,269,235,249
156,244,58,239,106,200,117,188,171,181,218,273,123,274,178,272,224,203,213,200,269,212,242,240,218,242,269,235,246
157,242,57,238,106,200,118,189,169,181,217,273,122,274,177,273,224,202,214,200,270,211,245,240,217,241,267,233,246
158,241,57,237,106,199,117,188,170,180,218,272,122,274,177,272,224,203,217,199,270,213,250,239,221,241,272,235,250
159,239,58,236,106,198,117,188,171,180,218,271,123,274,178,271,226,202,215,199,269,210,248,239,220,240,269,233,248
160,237,58,235,106,197,118,188,170,179,219,270,121,273,176,271,226,201,216,200,274,202,342,238,220,239,276,226,321
161,236,57,234,106,196,118,186,171,178,220,269,121,272,177,271,226,200,213,198,269,212,250,238,218,238,270,233,251
162,234,57,232,106,194,119,185,172,177,220,268,121,271,177,270,226,200,216,199,273,212,254,237,220,239,274,234,256
163,231,57,230,105,192,119,183,174,177,220,267,121,270,178,269,226,199,217,198,274,200,342,236,221,238,276,235,273
164,229,56,229,105,191,118,182,173,175,220,265,120,269,177,268,226,198,218,196,273,199,339,235,222,233,272,222,288
165,227,56,227,105,189,120,180,173,175,220,265,121,269,178,267,224,198,218,198,277,209,346,234,221,235,277,236,348
166,225,56,226,105,187,120,178,173,174,220,263,120,268,176,267,224,197,218,197,273,200,341,234,220,234,272,233,248
167,222,55,223,103,186,120,177,173,173,221,261,119,268,176,265,224,196,216,196,274,201,341,234,221,235,275,251,342
168,220,56,222,104,185,120,176,173,172,221,260,119,266,175,265,223,195,214,195,268,195,229,235,218,234,267,230,244
169,219,56,220,104,183,121,175,174,171,221,258,119,265,175,265,223,194,216,194,269,195,229,234,219,233,267,229,245
170,217,57,218,104,181,122,174,175,170,221,257,118,264,174,264,222,194,218,194,272,197,338,233,221,232,271,230,245
171,215,56,217,105,180,122,173,175,169,221,256,118,263,173,264,221,194,221,193,268,184,252,231,223,228,268,210,277
172,213,56,216,104,179,122,171,175,169,221,255,118,264,175,264,222,193,221,198,271,204,271,230,223,226,268,209,276
173,212,56,214,104,178,122,171,175,169,221,253,117,264,175,264,220,193,221,199,271,195,276,230,223,200,270,206,274
174,211,56,213,104,176,122,169,174,169,221,252,118,264,175,264,220,192,219,190,268,188,235,229,222,229,268,228,245
175,209,55,212,104,175,123,169,174,170,220,251,118,263,175,263,220,192,217,190,266,196,240,229,219,230,269,225,244
176,208,56,211,104,174,122,168,176,170,221,250,117,263,174,263,220,193,220,190,265,192,236,229,222,228,267,226,246
177,207,55,210,104,172,123,168,175,170,220,249,117,263,174,263,220,192,220,189,265,190,235,228,221,228,269,225,246
178,206,56,210,105,172,123,167,175,171,221,249,118,261,175,262,221,192,219,187,261,190,234,228,221,228,267,224,243
179,204,57,209,105,171,123,166,175,172,221,248,119,260,174,262,221,192,219,187,262,189,234,227,221,228,268,223,243
180,204,56,208,104,171,124,167,176,173,221,248,119,259,174,261,223,189,216,186,262,190,232,227,219,227,270,223,242
181,203,55,207,104,171,123,166,176,174,222,247,119,259,175,260,223,189,214,186,260,194,229,226,217,228,266,220,233
182,202,56,207,105,171,124,167,177,177,223,246,119,258,175,259,224,188,219,187,264,179,245,226,222,223,272,226,248
183,203,57,206,105,170,124,168,177,178,224,246,121,257,178,259,225,187,215,186,263,186,241,225,218,223,270,222,243
184,202,57,205,105,170,125,169,180,179,225,246,121,257,178,259,226,187,216,185,264,178,336,223,220,222,273,221,244
185,201,58,205,106,170,126,170,182,180,226,245,121,255,177,258,227,186,216,186,267,182,335,223,220,222,273,197,346
186,201,57,204,107,170,126,171,185,181,227,244,120,254,177,257,229,186,219,187,271,164,325,223,222,221,275,196,346
187,201,59,205,108,170,125,172,185,183,228,243,120,253,176,256,230,186,216,186,266,177,335,223,219,221,270,223,244
188,201,59,205,108,169,125,173,185,184,229,243,122,252,176,256,232,187,217,184,268,177,334,222,220,218,273,197,345
189,200,60,205,109,170,124,173,184,185,230,244,122,251,175,255,232,186,217,183,267,174,334,222,219,219,271,221,246
190,201,60,205,110,170,125,173,184,186,231,243,123,251,177,255,233,186,217,184,266,176,335,222,219,220,268,221,244
191,200,61,204,110,170,124,174,184,186,232,242,122,251,177,255,234,187,217,184,268,174,334,223,219,219,270,198,346
192,199,60,204,110,170,124,174,182,187,233,243,123,250,176,254,235,186,218,185,274,183,347,221,219,219,275,226,348
193,200,61,204,110,170,125,175,184,186,233,242,123,250,177,254,234,186,217,182,270,175,344,222,219,219,271,198,346
194,199,62,204,111,170,124,175,184,187,233,243,124,250,178,254,235,186,218,184,276,177,347,223,221,217,275,195,347
195,198,62,203,111,170,124,175,183,187,233,242,124,250,176,254,235,186,217,181,274,175,348,222,220,217,278,225,349
196,198,62,203,111,169,125,176,183,187,234,242,124,250,178,254,235,186,219,180,274,176,347,222,221,216,275,195,347
197,197,61,203,111,169,124,175,183,187,234,242,124,250,178,254,235,186,218,181,273,174,346,222,220,216,274,195,347
198,197,62,203,111,169,124,175,181,187,233,241,123,249,177,254,235,186,217,179,275,173,346,222,219,218,274,229,347
199,196,62,203,112,169,124,175,182,188,234,242,124,249,177,253,236,186,215,179,271,173,346,222,217,218,274,201,348
200,196,63,203,112,169,124,175,182,188,234,241,123,249,177,253,235,186,217,180,272,174,347,221,219,218,275,198,347
201,195,64,203,113,169,125,175,183,188,234,242,124,249,176,253,235,185,216,179,274,173,347,221,218,218,277,204,348
202,195,64,203,113,169,125,175,182,188,234,241,124,249,176,252,236,186,216,179,274,170,347,221,218,218,278,197,351
203,195,63,203,112,169,124,175,182,188,234,241,124,249,176,252,236,186,216,179,272,173,348,221,217,219,277,223,349
204,194,64,203,113,169,125,175,182,188,234,241,123,248,175,251,235,185,217,178,272,166,346,221,218,219,277,197,350
205,194,63,203,112,168,124,174,181,189,234,240,122,248,176,251,235,185,217,178,272,167,348,221,217,220,276,198,350
206,193,64,203,113,169,124,174,180,189,234,240,122,248,176,250,234,184,215,179,267,166,339,221,215,221,270,198,350
207,193,64,202,113,168,124,175,180,190,235,240,122,248,176,250,234,184,214,179,267,167,339,222,215,221,271,206,349
208,192,64,202,113,168,124,175,180,190,235,240,123,248,176,249,234,184,214,178,269,165,340,222,215,221,272,212,349
209,192,64,202,113,168,124,175,179,190,234,240,123,248,176,250,234,184,214,179,268,166,339,221,214,222,268,198,351
210,192,64,202,113,168,124,175,181,190,234,240,123,248,176,250,234,184,215,180,266,169,336,222,215,222,267,217,289
211,192,65,202,113,168,125,175,181,190,233,240,122,248,176,250,234,184,215,179,268,166,339,222,216,221,271,198,350
212,190,64,202,112,168,125,175,182,189,233,240,122,248,176,250,234,187,218,180,272,172,285,222,218,210,272,250,232
213,190,65,202,113,168,125,174,182,189,232,240,122,248,176,251,233,185,217,180,271,167,331,223,217,220,271,225,261
214,190,64,201,112,168,125,174,183,188,232,240,123,248,176,250,233,186,219,193,273,173,274,222,219,209,274,249,233
215,189,63,201,112,168,125,175,185,188,232,240,123,248,175,251,232,184,217,182,270,174,334,222,218,219,271,189,345
216,188,64,201,112,168,125,174,183,188,230,240,122,248,174,251,232,185,214,181,266,174,332,222,216,222,271,224,250
217,189,63,200,112,167,125,173,183,189,229,239,122,248,175,251,231,183,215,180,263,198,246,223,216,222,269,220,256
218,188,62,200,111,167,125,172,181,188,229,239,122,248,175,251,230,183,216,182,266,186,330,222,217,228,272,221,256
219,188,63,200,111,167,124,171,180,187,227,239,122,248,175,251,227,184,214,182,264,196,243,221,215,244,272,220,250
220,187,63,200,111,167,125,171,181,186,226,238,121,248,174,250,226,183,218,183,268,175,326,220,220,226,272,242,337
221,187,62,199,110,166,125,170,180,185,224,238,120,248,173,250,224,184,219,190,269,191,272,221,221,188,267,248,224
222,187,62,199,110,166,125,170,182,183,223,237,119,249,173,250,222,184,220,198,274,183,276,221,222,239,274,233,268
223,186,62,199,110,166,125,169,181,181,222,238,119,249,173,249,221,184,218,188,270,170,333,221,219,219,268,220,250
224,185,61,199,109,166,124,168,180,178,220,237,118,248,172,248,218,184,216,188,267,189,274,221,220,206,265,247,219
225,185,61,198,109,165,125,167,182,177,219,238,118,248,171,248,216,187,218,190,269,199,270,221,220,206,269,205,270
226,184,60,197,108,165,125,165,179,174,217,236,117,248,171,245,214,187,219,191,270,189,218,222,220,191,272,244,214
227,182,60,197,108,164,125,164,180,173,217,236,117,247,171,243,213,188,221,193,270,188,218,222,221,239,265,242,212
228,181,60,196,108,164,125,162,179,170,215,236,118,248,172,242,213,184,220,189,270,181,274,220,222,194,270,240,213
229,180,59,195,107,163,126,161,179,167,216,235,117,246,172,239,212,186,226,192,274,179,218,219,227,235,268,203,275
230,179,60,195,107,163,126,159,178,164,216,235,118,245,173,236,211,184,224,190,275,177,215,218,227,227,268,234,210
231,178,59,194,107,163,126,158,177,161,216,235,118,244,173,233,211,182,225,189,275,171,215,217,228,229,269,215,275
232,177,59,193,107,162,126,158,177,158,215,233,118,241,173,230,212,181,224,191,273,194,277,219,227,226,269,212,272
233,175,59,193,106,163,125,157,177,154,217,233,118,241,175,227,213,178,224,190,274,165,212,218,226,222,270,216,207
234,175,59,191,107,162,126,156,177,150,217,232,119,238,177,221,215,178,224,201,279,164,222,220,223,226,271,219,209
235,174,59,191,107,161,125,156,178,147,217,232,120,236,178,217,217,178,220,221,268,171,227,218,218,223,266,224,267
236,172,60,190,107,160,126,155,178,145,217,231,121,235,180,213,218,177,219,183,266,178,259,218,217,220,269,211,285
237,171,61,189,108,159,126,154,178,140,218,229,120,232,182,209,218,176,220,184,272,177,259,216,219,220,270,231,338
238,168,60,188,107,158,126,153,179,137,219,229,123,230,184,204,221,176,219,183,268,181,229,216,215,219,263,219,240
239,169,62,187,108,157,127,152,179,134,220,227,123,228,185,200,223,175,219,178,266,182,231,213,217,219,262,210,232
240,168,62,186,110,156,128,151,180,131,221,226,123,224,188,195,225,175,218,181,262,180,228,213,215,219,260,205,230
241,165,63,185,110,156,128,149,179,130,219,226,125,221,189,190,227,175,215,184,262,160,261,213,214,218,261,164,260
242,164,65,184,110,155,128,149,180,128,220,226,129,219,190,186,229,176,212,182,262,159,262,213,213,218,264,164,261
243,161,65,182,111,153,128,148,181,125,222,223,126,216,190,183,231,175,213,178,262,187,244,214,211,217,263,216,233
244,160,67,181,112,153,128,147,179,123,223,220,126,213,192,180,232,175,210,181,261,156,261,214,207,218,262,216,229
245,159,69,180,113,152,128,146,180,120,225,221,129,212,191,177,232,175,210,180,262,189,236,215,206,219,263,216,230
246,157,68,179,113,151,128,144,180,119,226,219,130,210,190,174,235,176,205,178,263,189,234,216,203,219,263,217,230
247,155,71,178,114,150,129,143,180,118,226,219,132,208,191,172,235,175,205,181,261,149,264,216,203,219,263,216,230
248,154,72,177,115,149,128,142,179,117,226,217,130,206,190,171,237,175,205,180,262,182,234,215,204,219,265,216,230
249,153,71,176,116,148,130,142,181,115,229,215,129,205,187,170,238,176,205,180,261,147,265,214,204,218,263,215,228
250,151,72,175,116,147,130,141,182,115,229,213,128,204,186,169,239,176,206,180,261,182,231,213,205,218,262,213,228
251,149,73,174,117,147,130,141,182,114,231,211,127,203,186,169,240,176,205,179,262,184,231,213,204,218,265,215,232
252,148,75,174,118,147,129,140,183,114,233,212,129,203,186,168,242,176,204,177,262,184,230,213,203,218,263,214,231
253,147,76,173,119,146,130,140,182,114,233,211,128,202,186,167,242,175,206,177,263,184,231,211,205,217,262,212,230
254,146,76,172,119,145,130,140,183,113,232,211,129,202,187,167,242,176,205,177,262,186,230,212,204,218,264,214,231
255,146,76,172,119,145,130,140,182,114,231,210,129,203,185,167,242,176,204,178,262,185,230,212,203,218,264,213,231
256,146,77,172,120,145,130,141,183,114,231,210,129,203,185,167,242,176,203,178,262,186,230,212,203,217,264,214,230
257,146,78,172,120,145,129,140,183,114,231,210,129,203,187,167,242,175,205,177,262,185,231,212,204,217,264,214,231
258,146,78,173,120,145,129,140,182,113,231,210,130,202,187,167,242,175,205,177,262,185,231,212,204,217,264,214,231
259,147,77,173,120,145,130,139,183,113,233,210,129,201,188,167,242,175,207,178,261,185,231,211,205,216,264,214,230
260,149,76,173,120,145,130,140,183,113,232,211,130,202,188,167,242,175,206,177,263,185,231,211,206,217,265,213,231
261,150,76,173,120,145,130,140,183,113,232,211,129,203,185,167,242,174,208,179,261,183,232,211,206,217,264,212,231
262,151,75,174,120,145,130,140,182,114,231,211,129,202,188,168,242,175,206,176,262,184,231,211,205,217,264,212,231
263,153,75,175,120,146,129,141,182,114,232,211,129,203,187,168,242,175,207,178,262,184,231,212,206,217,264,211,231
264,154,75,176,119,146,130,140,182,114,232,213,129,203,189,168,242,175,203,177,262,183,230,212,203,217,262,211,229
265,156,74,176,119,146,130,141,182,114,232,214,130,204,187,169,242,175,204,177,263,183,230,213,203,217,263,211,229
266,159,73,177,119,147,129,142,182,115,229,215,131,205,186,170,241,174,206,179,263,184,229,213,204,218,264,212,229
267,161,73,178,119,147,129,142,181,116,228,216,130,206,187,171,241,174,205,178,263,182,231,214,202,218,264,212,228
268,163,72,178,118,147,129,142,181,117,227,218,132,206,191,174,240,174,206,179,263,183,231,215,202,218,264,215,228
269,165,71,179,118,147,129,142,181,118,226,219,134,208,193,177,239,175,205,180,262,149,266,215,204,218,265,217,231
270,168,70,180,118,148,129,142,181,119,225,220,133,210,195,179,237,174,208,180,262,188,233,214,206,218,262,217,227
271,169,69,181,117,148,130,142,181,120,225,220,130,212,196,183,237,173,211,178,262,186,244,211,208,217,262,218,227
272,171,68,182,116,148,130,144,180,122,224,221,130,215,194,188,234,173,211,175,262,182,233,210,208,215,260,212,227
273,174,69,183,117,149,128,145,180,125,222,222,129,218,191,192,233,174,213,175,262,182,226,209,211,215,258,201,229
274,176,68,184,116,149,129,145,180,126,222,223,126,221,187,197,231,173,214,177,262,184,232,210,212,217,258,204,227
275,177,67,185,116,150,129,146,180,129,221,224,126,224,185,203,229,174,218,177,261,184,230,212,214,219,258,207,227
276,179,66,186,115,151,129,147,180,131,221,225,125,227,186,208,228,174,218,178,262,183,230,213,215,220,259,206,230
277,180,65,187,114,151,129,148,181,134,221,225,125,231,183,213,227,176,219,180,262,185,233,213,216,221,268,213,235
278,182,65,187,114,152,129,149,182,138,220,226,124,233,183,218,226,175,218,179,262,186,234,212,215,220,267,215,235
279,185,66,188,114,153,129,150,180,141,221,226,123,236,180,222,225,176,220,180,263,187,241,214,217,224,266,215,235
280,187,66,189,115,154,129,149,182,147,220,227,122,237,181,227,224,176,219,179,261,182,230,214,216,223,266,218,230
281,188,63,190,113,154,129,152,182,150,219,228,121,239,178,231,223,177,218,178,262,187,235,215,217,220,265,211,231
282,191,63,191,113,155,131,153,184,155,221,229,122,242,179,235,222,179,220,179,262,189,236,216,220,221,265,214,232
283,193,64,192,113,156,130,155,184,160,223,231,121,243,178,238,222,181,220,182,262,188,234,218,219,221,265,216,231
284,195,63,194,112,158,130,157,185,164,223,232,121,244,178,241,221,183,221,183,262,192,235,217,220,222,264,213,232
285,197,63,195,112,158,133,159,186,168,225,232,122,245,178,242,222,183,217,183,261,190,233,218,217,222,265,213,230
286,199,61,196,111,160,130,161,186,172,226,234,122,245,178,245,222,185,218,183,261,192,233,219,218,223,267,214,231
287,202,62,198,112,161,131,163,186,175,227,235,122,247,179,246,223,186,218,184,260,193,232,219,218,224,266,215,230
288,203,63,199,113,163,129,165,187,178,228,237,122,248,178,247,223,185,217,184,260,186,231,221,219,226,267,217,233
289,206,63,201,113,164,130,166,185,181,228,236,121,248,180,248,225,185,217,185,267,194,242,221,219,223,270,220,238
290,207,64,203,113,165,129,169,185,184,228,238,122,249,179,248,225,186,218,185,268,197,242,222,218,223,270,223,241
291,209,63,204,113,167,129,170,185,186,230,240,123,249,179,248,226,187,218,183,265,197,245,223,218,221,268,225,246
292,210,63,205,113,168,127,171,185,188,230,241,123,249,179,248,227,186,215,183,263,179,242,224,216,226,265,224,241
293,212,64,206,114,169,126,174,184,191,232,241,123,249,178,248,227,185,216,183,263,200,245,225,215,226,264,225,243
294,214,64,207,113,170,126,175,184,191,234,242,122,250,179,248,229,186,219,187,267,168,330,226,217,226,267,228,245
295,216,63,208,113,171,126,176,185,193,235,243,123,250,179,247,229,187,219,189,272,192,341,226,216,227,267,231,248
296,217,65,209,113,172,126,177,184,194,235,244,124,250,178,247,230,186,219,189,270,181,339,227,215,228,267,229,247
297,218,65,210,114,173,126,177,184,195,236,245,124,251,178,247,231,186,218,189,270,186,337,226,215,229,269,230,246
298,218,65,210,114,173,125,178,184,194,235,245,125,251,179,247,232,188,219,190,270,186,334,225,218,227,269,201,346
299,220,66,211,114,174,126,179,183,195,235,246,124,251,180,247,233,189,219,190,270,186,335,226,218,229,269,201,346
300,220,66,212,115,174,127,180,186,196,237,246,125,251,180,247,233,188,219,192,272,195,335,228,215,232,269,236,251
301,221,65,212,115,174,126,180,184,196,237,246,125,251,179,247,234,188,219,193,276,196,348,226,215,233,272,232,349
302,221,66,213,114,174,127,180,184,196,238,247,126,251,179,247,235,188,215,191,269,213,243,228,212,230,265,227,248
303,221,67,212,115,175,127,181,185,196,238,247,127,251,179,247,236,188,216,188,269,186,334,227,214,230,268,227,250
304,222,67,213,115,175,127,181,185,196,239,248,127,251,181,247,237,188,218,188,268,185,334,227,216,230,270,227,250
305,224,67,213,116,175,127,181,184,197,239,248,127,251,181,248,238,189,216,188,268,184,334,227,215,229,269,229,263
306,224,66,213,115,175,126,182,184,197,239,249,128,251,181,248,238,190,216,189,266,184,332,227,215,230,268,233,260
307,224,67,214,116,177,126,183,182,197,239,249,128,251,182,248,238,190,217,189,270,182,339,227,217,230,272,234,260
308,225,68,214,117,177,127,182,183,197,240,249,128,251,183,248,238,190,217,190,270,184,340,227,216,231,270,234,261
309,226,68,215,117,177,127,183,184,197,241,250,128,251,182,249,238,190,219,191,274,190,342,227,218,231,272,234,261
310,225,69,215,118,178,127,183,185,196,242,249,128,252,182,249,238,191,219,190,272,190,342,227,218,231,271,234,262
311,226,68,215,117,178,127,182,185,196,242,251,128,252,181,249,238,191,217,192,271,212,244,227,215,231,267,228,248
312,225,69,215,118,178,127,183,185,196,242,250,127,252,181,250,238,192,219,191,271,184,339,228,218,230,273,234,255
313,225,68,215,117,177,127,182,185,197,242,250,128,253,182,250,238,192,217,194,268,213,243,229,215,231,265,229,247
314,226,68,215,117,178,127,183,186,197,242,251,128,253,181,250,237,192,218,194,271,213,246,228,216,232,269,233,249
315,226,68,215,117,178,128,183,186,197,242,251,128,253,181,251,237,192,220,197,273,201,341,228,216,233,270,234,249
316,227,68,216,117,178,128,182,186,196,242,251,129,254,183,251,238,192,226,197,277,196,345,229,222,232,276,229,352
317,226,67,216,117,178,128,182,186,196,241,251,128,254,183,251,237,192,225,197,277,182,343,229,221,233,275,236,251
318,226,69,216,118,179,128,183,187,196,240,251,127,254,182,251,237,193,227,196,275,187,347,230,224,232,273,237,253
319,227,68,217,117,178,127,184,186,195,239,251,128,255,183,250,237,192,222,191,270,190,335,228,219,230,266,232,247
320,227,68,217,117,179,128,183,186,195,238,251,127,256,182,251,236,193,222,188,267,165,328,228,222,229,268,232,242
321,227,68,217,116,179,127,183,186,195,236,252,128,255,184,250,235,193,221,189,267,185,245,230,220,227,270,232,244
322,227,66,217,115,179,127,183,185,194,235,252,128,256,184,250,234,193,221,189,266,164,328,230,220,228,269,232,244
323,228,67,218,115,180,127,182,183,194,234,252,127,256,182,250,233,193,219,186,263,187,241,231,221,229,267,230,242
324,230,66,218,115,180,126,181,184,194,233,252,126,256,183,250,232,194,217,186,263,194,241,232,219,231,268,231,238
325,230,65,219,113,180,125,182,183,194,231,253,126,256,184,250,230,194,217,186,262,193,238,233,219,233,262,230,237
326,232,66,219,114,181,125,181,183,193,229,253,126,256,184,250,229,195,216,190,263,190,240,233,217,234,267,233,237
327,232,64,220,113,182,124,182,183,194,228,253,125,255,184,250,228,195,213,186,262,195,234,235,218,236,275,233,240
328,233,63,221,112,182,124,181,182,194,226,253,124,256,183,251,226,195,218,189,263,189,237,234,221,238,260,232,240
329,234,62,221,110,182,124,181,181,194,225,254,125,257,182,251,224,195,214,188,263,193,236,235,217,236,260,232,239
330,236,62,222,109,183,122,181,181,195,220,255,123,258,181,252,220,196,214,189,262,198,229,236,217,237,265,233,237
331,237,61,223,108,183,121,182,180,196,219,255,124,259,180,252,219,196,212,190,263,198,227,237,214,238,261,234,235
332,237,60,223,108,183,122,182,179,197,217,256,124,260,179,253,216,196,211,189,262,201,231,236,213,240,263,235,232
333,238,59,224,107,185,121,183,178,199,216,256,122,261,176,254,215,197,210,190,263,203,231,237,212,241,257,234,231
334,239,59,225,106,186,121,183,178,200,214,257,122,262,176,256,213,199,209,191,263,201,231,237,211,238,250,234,238
335,240,59,226,107,186,121,183,178,201,213,258,122,262,177,257,212,199,210,191,264,202,232,238,212,242,247,232,237
336,241,58,227,106,187,121,184,177,203,211,259,122,263,176,260,210,200,208,192,265,203,231,238,212,229,269,230,232
337,242,58,228,106,188,120,185,177,205,210,260,122,263,175,261,208,201,209,193,265,205,234,239,213,231,268,231,234
338,243,58,229,106,189,121,187,176,208,211,261,122,265,175,263,209,203,207,194,264,204,225,239,210,233,269,231,232
339,244,58,229,105,190,120,188,176,210,210,261,121,266,175,266,207,204,206,196,267,203,222,241,209,233,268,229,233
340,245,57,231,105,192,120,190,178,215,211,262,121,267,172,267,207,203,206,196,266,206,226,240,208,234,268,229,230
341,245,58,232,106,193,120,192,178,217,211,263,122,268,175,269,207,203,206,197,267,201,220,241,209,235,267,230,224
342,246,57,233,105,194,120,193,179,222,213,265,122,269,174,272,207,202,206,197,266,205,225,240,209,237,267,228,229
343,247,58,234,106,195,121,195,180,225,214,265,122,270,173,274,207,203,205,199,267,219,219,240,207,237,265,227,229
344,248,59,235,106,197,121,197,180,228,215,266,122,271,172,277,208,205,207,200,268,203,224,241,208,239,265,227,228
345,250,59,236,107,198,122,200,183,231,217,267,122,273,175,279,209,203,209,199,267,207,229,241,210,240,265,227,230
346,251,60,237,107,199,122,202,182,234,218,268,123,273,174,281,211,203,209,199,268,207,228,242,208,241,263,228,230
347,252,60,239,107,201,122,204,182,235,218,269,122,275,176,283,211,204,211,200,271,208,232,242,211,242,266,227,234
348,253,61,240,108,203,123,206,181,238,221,270,123,276,176,285,214,205,212,201,271,208,230,243,212,242,269,228,234
349,255,62,241,109,203,124,209,181,241,223,272,124,278,176,287,216,207,210,200,271,206,230,243,211,243,264,229,233
350,257,62,242,110,205,124,211,181,243,225,273,124,279,180,290,218,208,208,201,271,204,228,244,211,243,267,230,233
351,258,65,243,112,207,125,212,181,245,226,274,125,280,180,291,220,208,211,201,272,206,231,244,212,242,268,229,235
352,259,66,244,113,208,125,215,181,246,227,275,125,281,179,293,221,207,209,201,273,207,233,244,211,244,264,229,234
353,260,67,246,114,210,126,218,182,248,229,276,127,281,182,294,224,208,210,201,272,209,235,243,212,245,268,224,240
354,261,69,247,116,211,127,221,185,251,232,277,128,283,180,295,224,208,209,201,272,209,235,243,211,245,268,225,239
355,262,71,247,118,212,128,222,185,252,232,278,127,284,180,297,227,208,209,201,272,208,236,242,213,245,267,227,237
356,263,71,249,118,214,128,222,183,253,234,279,128,284,181,298,228,209,209,201,271,209,238,242,213,243,267,230,237
357,265,73,249,120,214,129,225,185,254,235,280,129,287,181,298,227,209,209,201,271,208,235,243,212,244,262,228,233
358,265,74,250,121,215,131,226,186,255,235,280,128,288,180,300,230,210,210,201,271,210,236,243,213,244,266,229,237
359,266,74,251,121,215,132,227,187,258,238,281,129,288,182,300,231,210,211,201,272,210,238,242,215,246,265,225,239
360,267,76,251,122,217,132,228,187,259,240,282,129,290,181,301,233,211,211,201,272,211,241,241,214,246,267,227,238
361,268,75,252,122,217,132,228,187,259,240,282,129,291,180,301,234,211,212,200,273,212,241,243,215,246,270,230,239
362,268,77,252,123,217,134,229,187,259,241,283,130,290,179,302,234,211,212,202,272,215,240,242,215,248,268,231,238
363,269,77,253,124,217,134,229,186,260,243,284,130,291,180,302,235,212,212,201,272,214,240,243,215,248,267,230,238
364,269,79,253,125,218,134,230,188,260,243,284,131,292,180,302,235,212,212,202,272,215,241,243,214,249,270,231,238
365,269,79,254,125,219,135,229,188,259,243,285,132,292,181,302,237,212,212,201,273,213,244,244,215,251,271,231,239
366,269,79,254,126,219,135,230,188,259,243,285,133,292,181,302,237,212,212,202,272,213,239,244,215,249,271,231,238
367,269,80,254,127,219,135,230,187,259,243,285,133,292,181,302,238,212,211,203,273,212,242,245,215,253,273,232,239
368,268,82,255,128,220,135,230,189,260,246,286,133,293,183,302,238,212,211,203,272,215,240,244,214,251,268,232,236
369,270,81,254,127,220,134,229,186,259,247,285,132,292,184,302,238,212,210,203,273,211,240,245,214,251,270,233,237
370,269,83,254,128,220,136,230,187,258,245,286,133,293,182,302,238,212,210,203,273,212,240,245,214,252,268,234,238
371,269,83,255,128,220,135,230,188,258,246,287,134,293,184,301,238,213,210,203,271,215,239,245,214,251,268,234,236
372,269,83,255,129,220,135,230,187,258,245,286,133,293,183,301,237,213,210,203,274,212,239,246,213,253,271,234,238
373,268,81,255,128,220,136,230,187,259,246,287,134,292,183,301,238,213,210,203,272,212,238,246,215,251,272,234,238
374,268,82,255,129,220,136,230,189,258,245,287,134,293,183,301,238,213,209,203,272,213,239,246,213,251,269,233,234
375,267,81,255,128,220,135,230,189,257,243,287,134,292,183,301,237,213,210,203,272,211,236,246,215,248,275,232,237
376,268,81,255,128,219,135,229,188,255,242,287,133,293,183,302,238,213,209,203,272,210,237,247,212,254,270,234,237
377,267,79,255,127,220,135,229,190,255,243,287,133,293,183,302,238,213,209,203,272,210,235,247,213,252,272,234,236
378,266,80,255,126,220,133,226,188,253,242,286,132,292,183,303,237,212,209,203,273,210,234,249,212,248,275,232,236
379,265,77,254,125,219,134,226,189,251,242,287,132,293,183,301,238,212,209,205,273,210,233,248,212,246,271,232,234
380,265,77,254,124,219,132,223,189,249,243,287,132,292,184,301,238,212,209,204,272,213,344,248,212,246,269,229,233
381,264,75,255,124,219,129,221,188,246,243,287,132,292,184,301,237,213,208,203,271,214,231,249,210,246,271,229,235
382,262,75,254,123,219,129,219,186,241,240,286,132,291,184,300,237,212,206,205,271,212,233,249,209,247,265,242,251
383,261,74,253,122,219,128,217,186,238,241,286,131,290,184,299,237,215,203,204,270,210,230,250,209,245,267,239,251
384,260,72,253,120,218,128,214,187,235,241,286,131,289,184,297,236,216,205,203,269,209,231,251,211,243,271,244,243
385,259,72,253,120,217,127,212,185,230,239,286,131,288,183,294,236,213,210,204,271,188,340,250,215,242,275,236,264
386,258,71,252,118,216,127,209,187,227,239,286,129,287,182,293,235,215,211,204,272,194,339,250,216,242,277,233,346
387,256,68,252,117,215,126,206,183,222,236,285,129,286,182,291,233,216,210,204,270,212,247,252,214,243,272,234,244
388,255,67,251,116,215,126,203,185,218,235,284,128,284,183,288,232,216,211,203,271,211,242,252,215,242,273,232,241
389,252,66,250,115,213,125,203,183,215,235,284,127,284,179,286,229,215,213,205,273,226,247,251,217,243,275,227,248
390,251,65,249,113,212,124,202,184,212,233,284,125,283,179,284,227,216,213,207,270,226,244,251,217,244,272,244,246
391,249,62,248,111,212,125,199,185,211,234,283,124,284,178,282,226,215,214,209,270,213,240,251,218,246,270,237,244
392,247,62,246,111,211,125,198,185,209,233,282,123,283,178,280,224,215,215,211,268,211,240,251,218,246,270,237,243
393,245,60,245,109,210,125,197,184,206,232,282,122,283,177,279,222,216,214,210,267,212,238,250,217,246,269,238,242
394,243,58,244,107,209,124,196,184,205,232,280,121,282,175,278,222,217,214,210,266,212,237,250,216,246,269,239,238
395,241,57,244,106,208,124,197,182,204,231,279,120,282,174,277,221,217,211,208,264,214,239,249,214,246,270,242,242
396,239,56,243,105,207,124,196,182,204,232,278,119,282,174,276,220,216,213,209,267,215,241,248,214,245,268,241,243
397,237,55,241,104,206,123,197,179,203,233,277,119,280,173,276,219,216,215,209,266,211,236,248,218,244,268,239,238
398,235,53,240,103,204,123,196,179,202,233,276,119,279,174,276,218,214,213,207,265,210,236,248,216,243,265,238,238
399,234,51,237,101,203,124,195,178,201,232,274,118,278,172,275,217,214,212,207,267,216,240,247,215,242,269,240,245
400,232,51,237,100,201,123,194,179,200,232,272,117,277,172,275,216,214,213,206,271,214,242,246,216,241,270,238,245
401,231,51,235,99,200,123,194,179,199,233,271,117,274,173,274,216,213,215,205,271,213,243,245,218,242,269,242,245
402,229,50,233,99,198,123,191,178,197,233,269,117,273,172,274,216,211,217,205,274,213,243,243,219,240,270,239,246
403,228,49,230,98,196,124,190,177,195,233,267,117,272,173,274,216,210,217,207,276,200,339,242,218,239,273,239,339
404,226,48,228,97,195,124,187,178,193,233,265,117,269,173,273,216,208,217,204,275,199,339,241,218,239,272,246,339
405,224,48,226,96,193,124,186,177,189,233,263,117,267,170,272,215,207,217,203,274,200,249,240,217,239,273,234,250
406,222,48,224,96,190,124,185,179,186,232,260,117,265,172,271,215,204,217,196,272,201,246,238,219,238,273,233,249
407,220,48,222,96,188,123,181,180,182,230,258,117,265,172,269,215,202,217,196,269,208,237,236,217,236,264,229,238
408,217,46,219,95,186,124,180,179,180,231,257,116,263,172,268,215,199,215,191,264,204,232,234,216,235,262,227,231
409,215,46,217,94,183,124,177,177,176,230,254,117,261,174,267,214,197,217,186,265,204,235,232,218,233,269,224,234
410,212,46,215,94,180,123,175,176,173,229,252,117,259,173,265,215,195,217,185,265,202,235,230,218,232,265,222,233
411,210,45,213,93,178,123,171,177,170,229,250,117,257,174,264,215,192,219,185,265,201,235,228,219,231,268,220,234
412,208,45,211,93,175,122,169,176,166,229,248,117,255,173,262,216,190,220,185,267,198,238,227,220,229,271,221,237
413,205,44,208,93,172,122,166,176,163,229,246,116,254,173,260,216,188,219,184,266,197,237,225,219,227,270,219,236
414,204,44,206,92,170,123,164,176,160,228,244,116,252,172,258,216,186,218,183,266,196,237,224,218,226,269,217,236
415,201,44,204,92,168,123,162,176,158,227,242,116,250,173,257,217,184,220,182,268,192,245,221,220,225,275,219,246
416,199,45,202,93,166,124,160,175,155,226,241,116,250,172,255,216,182,216,182,267,196,241,221,216,222,275,216,241
417,197,45,201,92,164,123,158,174,153,226,239,116,248,172,253,217,181,219,180,275,194,248,219,219,221,277,214,247
418,196,44,199,92,163,123,156,176,152,226,238,115,247,171,252,217,179,221,179,280,176,337,217,221,220,281,232,349
419,194,44,197,92,162,123,155,175,150,226,236,115,245,172,251,217,178,220,179,269,192,248,216,221,219,276,213,246
420,193,45,196,92,160,124,154,176,150,225,235,115,244,171,250,217,178,222,177,277,174,334,214,223,218,280,230,346
421,191,45,195,92,160,123,154,175,149,224,234,116,244,173,250,219,175,214,176,270,170,330,215,215,218,273,213,251
422,190,44,194,92,158,123,153,176,148,225,234,115,243,173,249,218,174,218,174,272,168,330,213,220,216,275,212,246
423,189,44,194,92,157,123,153,177,148,226,233,116,242,172,248,218,172,218,174,271,172,330,212,219,215,272,213,246
424,189,45,192,93,157,123,152,176,149,225,232,115,243,173,248,219,173,217,173,276,167,335,212,218,215,277,211,256
425,188,44,192,92,157,123,152,176,149,224,232,116,241,173,248,219,172,219,174,272,162,278,211,221,216,273,246,220
426,187,44,192,92,156,123,152,176,150,224,232,116,241,173,247,220,172,219,174,271,163,324,210,220,213,272,207,285
427,187,45,191,93,156,123,152,178,149,224,231,115,241,173,247,220,172,219,173,276,163,336,210,221,214,279,227,341
428,187,45,191,94,156,123,151,177,149,224,231,115,241,173,247,220,172,217,174,266,221,250,211,218,215,277,212,257
429,186,45,191,93,156,123,152,177,150,224,231,115,241,173,247,220,171,218,174,270,160,275,210,219,212,269,204,282
430,186,44,192,93,156,123,152,175,150,224,232,116,241,174,247,219,171,219,174,267,161,274,211,220,213,268,211,252
431,186,45,192,93,156,123,152,177,150,225,232,116,241,174,247,220,171,217,173,267,166,325,211,219,213,268,216,266
432,186,45,192,93,156,123,152,178,151,225,232,115,241,174,247,221,171,218,175,266,167,250,211,221,212,267,210,251
433,187,44,192,92,156,123,153,178,151,226,232,116,242,174,247,220,172,220,177,267,160,235,211,222,209,266,246,220
434,187,44,192,92,157,124,153,178,151,225,232,115,242,173,247,220,172,219,174,264,200,237,212,221,213,261,212,246
435,187,44,192,92,157,124,153,177,152,225,232,115,242,172,247,221,172,219,175,265,167,251,212,221,212,264,211,250
436,187,45,193,93,157,124,154,177,152,225,233,116,242,173,248,220,173,221,178,266,161,220,212,222,209,266,246,220
437,188,45,193,93,157,124,154,178,152,226,233,116,242,173,248,221,173,220,175,266,167,252,212,221,213,263,211,249
438,188,45,193,93,157,124,154,178,152,226,234,116,243,174,249,220,173,219,177,265,166,252,213,220,214,267,247,220
439,188,45,193,93,158,124,155,176,153,225,233,115,242,172,249,221,174,217,175,266,171,327,214,219,216,266,211,244
440,188,45,194,94,158,124,155,176,153,225,234,116,243,173,249,221,174,218,175,267,188,243,214,219,216,268,212,244
441,189,44,194,93,158,124,155,177,153,225,234,116,243,173,249,221,175,218,176,263,183,239,213,220,217,263,211,239
442,189,45,194,93,159,124,156,177,154,225,234,116,244,173,249,220,175,219,176,263,174,235,214,221,217,264,212,241
443,190,45,194,93,159,124,156,178,154,225,234,116,244,173,250,220,176,217,177,263,186,238,215,219,218,265,213,239
