1,1,255,330,330,367,0.0000,0.0000,0.0000,0.0000,0.0000,0.0000,
2,1,255,330,330,367,0.0000,0.0000,0.0000,0.0000,0.0000,0.0000,
3,1,255,330,330,367,0.0000,0.0000,0.0000,0.0000,0.0000,0.0000,
4,1,255,330,330,367,0.0000,0.0000,0.0000,0.0000,0.0000,0.0000,
5,1,255,330,330,367,0.0000,0.0000,0.0000,0.0000,0.0000,0.0000,
6,1,255,330,330,367,0.0000,0.0000,0.0000,0.0000,0.0000,0.0000,
7,1,255,330,330,367,0.0000,0.0000,0.0000,0.0000,0.0000,0.0000,
8,1,255,330,330,367,0.0000,0.0000,0.0000,0.0000,0.0000,0.0000,
9,1,255,330,330,367,0.0000,0.0000,0.0000,0.0000,0.0000,0.0000,
10,1,255,330,330,367,0.0000,0.0000,0.0000,0.0000,0.0000,0.0000,
11,1,255,330,330,367,0.0000,0.0000,0.0000,0.0000,0.0000,0.0000,
12,1,255,330,330,367,0.0000,0.0000,0.0000,0.0000,0.0000,0.0000,
13,1,255,330,330,367,0.0000,0.0000,0.0000,0.0000,0.0000,0.0000,
14,1,255,330,330,367,0.0000,0.0000,0.0000,0.0000,0.0000,0.0000,
15,1,255,330,330,367,0.0000,0.0000,0.0000,0.0000,0.0000,0.0000,
16,1,255,330,330,367,0.0000,0.0000,0.0000,0.0000,0.0000,0.0000,
17,1,255,330,330,367,0.0000,0.0000,0.0000,0.0000,0.0000,0.0000,
18,1,255,330,330,367,0.0000,0.0000,0.0000,0.0000,0.0000,0.0000,
19,1,255,330,330,367,0.0000,0.0000,0.0000,0.0000,0.0000,0.0000,
20,1,255,330,330,367,0.0000,0.0000,0.0000,0.0000,0.0000,0.0000,
21,1,255,330,330,367,0.0000,0.0000,0.0000,0.0000,0.0000,0.0000,
22,1,255,330,330,367,0.0000,0.0000,0.0000,0.0000,0.0000,0.0000,
23,1,255,330,330,367,0.0000,0.0000,0.0000,0.0000,0.0000,0.0000,
24,1,255,330,330,367,0.0000,0.0000,0.0000,0.0000,0.0000,0.0000,
25,1,255,330,330,367,0.0000,0.0000,0.0000,0.0000,0.0000,0.0000,
26,1,255,330,330,367,0.0000,0.0000,0.0000,0.0000,0.0000,0.0000,
27,1,255,330,330,367,0.0000,0.0000,0.0000,0.0000,0.0000,0.0000,
28,1,255,330,330,367,0.0000,0.0000,0.0000,0.0000,0.0000,0.0000,
29,1,255,330,330,367,0.0000,0.0000,0.0000,0.0000,0.0000,0.0000,
30,1,255,330,330,367,0.0000,0.0000,0.0000,0.0000,0.0000,0.0000,
31,1,255,330,330,367,0.0000,0.0000,0.0000,0.0000,0.0000,0.0000,
32,1,255,330,330,367,0.0000,0.0000,0.0000,0.0000,0.0000,0.0000,
33,1,255,330,330,367,0.0000,0.0000,0.0000,0.0000,0.0000,0.0000,
34,1,255,330,330,367,0.0000,0.0000,0.0000,0.0000,0.0000,0.0000,
35,1,255,330,330,367,0.0000,0.0000,0.0000,0.0000,0.0000,0.0000,
36,1,255,330,330,367,0.0000,0.0000,0.0000,0.0000,0.0000,0.0000,
37,1,255,330,330,367,0.0000,0.0000,0.0000,0.0000,0.0000,0.0000,
38,1,255,330,330,367,0.0000,0.0000,0.0000,0.0000,0.0000,0.0000,
39,1,255,330,330,367,0.0000,0.0000,0.0000,0.0000,0.0000,0.0000,
40,1,255,330,330,367,0.0000,0.0000,0.0000,0.0000,0.0000,0.0000,
41,1,255,330,330,367,0.0000,0.0000,0.0000,0.0000,0.0000,0.0000,
42,1,255,330,330,367,0.0000,0.0000,0.0000,0.0000,0.0000,0.0000,
43,1,255,330,330,367,0.0000,0.0000,0.0000,0.0000,0.0000,0.0000,
44,1,255,330,330,367,0.0000,0.0000,0.0000,0.0000,0.0000,0.0000,
45,1,255,330,330,367,0.0000,0.0000,0.0000,0.0000,0.0000,0.0000,
46,1,255,330,330,367,0.0000,0.0000,0.0000,0.0000,0.0000,0.0000,
47,1,255,330,330,367,0.0000,0.0000,0.0000,0.0000,0.0000,0.0000,
48,1,255,330,330,367,0.0000,0.0000,0.0000,0.0000,0.0000,0.0000,
49,1,255,330,330,367,0.0000,0.0000,0.0000,0.0000,0.0000,0.0000,
50,1,255,330,330,367,0.0000,0.0000,0.0000,0.0000,0.0000,0.0000,
51,1,255,330,330,367,0.0000,0.0000,0.0000,0.0000,0.0000,0.0000,
52,1,255,330,330,367,0.0000,0.0000,0.0000,0.0000,0.0000,0.0000,
53,1,255,330,330,367,0.0000,0.0000,0.0000,0.0000,0.0000,0.0000,
54,1,255,330,330,367,0.0000,0.0000,0.0000,0.0000,0.0000,0.0000,
55,1,255,330,330,367,0.0000,0.0000,0.0000,0.0000,0.0000,0.0000,
56,1,255,330,330,367,0.0000,0.0000,0.0000,0.0000,0.0000,0.0000,
57,1,255,330,330,367,0.0000,0.0000,0.0000,0.0000,0.0000,0.0000,
58,1,255,330,330,367,0.0000,0.0000,0.0000,0.0000,0.0000,0.0000,
59,1,255,330,330,367,0.0000,0.0000,0.0000,0.0000,0.0000,0.0000,
60,1,255,330,330,367,0.0000,0.0000,0.0000,0.0000,0.0000,0.0000,
61,1,255,330,330,367,0.0000,0.0000,0.0000,0.0000,0.0000,0.0000,
62,1,255,330,330,367,0.0000,0.0000,0.0000,0.0000,0.0000,0.0000,
63,1,255,330,330,367,0.0000,0.0000,0.0000,0.0000,0.0000,0.0000,
64,1,255,330,330,367,0.0000,0.0000,0.0000,0.0000,0.0000,0.0000,
65,1,255,330,330,367,0.0000,0.0000,0.0000,0.0000,0.0000,0.0000,
66,1,255,330,330,367,0.0000,0.0000,0.0000,0.0000,0.0000,0.0000,
67,1,255,330,330,367,0.0000,0.0000,0.0000,0.0000,0.0000,0.0000,
68,1,255,330,330,367,0.0000,0.0000,0.0000,0.0000,0.0000,0.0000,
69,1,255,330,330,367,0.0000,0.0000,0.0000,0.0000,0.0000,0.0000,
70,1,255,330,330,367,0.0000,0.0000,0.0000,0.0000,0.0000,0.0000,
71,1,255,330,330,367,0.0000,0.0000,0.0000,0.0000,0.0000,0.0000,
72,1,255,330,330,367,0.0000,0.0000,0.0000,0.0000,0.0000,0.0000,
73,1,255,330,330,367,0.0000,0.0000,0.0000,0.0000,0.0000,0.0000,
74,1,255,330,330,367,0.0000,0.0000,0.0000,0.0000,0.0000,0.0000,
75,1,255,330,330,367,0.0000,0.0000,0.0000,0.0000,0.0000,0.0000,
76,1,255,330,330,367,0.0000,0.0000,0.0000,0.0000,0.0000,0.0000,
77,1,255,330,330,367,0.0000,0.0000,0.0000,0.0000,0.0000,0.0000,
78,1,255,330,330,367,0.0000,0.0000,0.0000,0.0000,0.0000,0.0000,
79,1,255,330,330,367,0.0000,0.0000,0.0000,0.0000,0.0000,0.0000,
80,1,255,330,330,367,0.0000,0.0000,0.0000,0.0000,0.0000,0.0000,
81,1,255,330,330,367,0.0000,0.0000,0.0000,0.0000,0.0000,0.0000,
82,1,255,330,330,367,0.0000,0.0000,0.0000,0.0000,0.0000,0.0000,
83,1,255,330,330,367,0.0000,0.0000,0.0000,0.0000,0.0000,0.0000,
84,1,255,330,330,367,0.0000,0.0000,0.0000,0.0000,0.0000,0.0000,
85,1,255,330,330,367,0.0000,0.0000,0.0000,0.0000,0.0000,0.0000,
86,1,255,330,330,367,0.0000,0.0000,0.0000,0.0000,0.0000,0.0000,
87,1,255,330,330,367,0.0000,0.0000,0.0000,0.0000,0.0000,0.0000,
88,1,255,330,330,367,0.0000,0.0000,0.0000,0.0000,0.0000,0.0000,
89,1,255,330,330,367,0.0000,0.0000,0.0000,0.0000,0.0000,0.0000,
90,1,255,330,330,367,0.0000,0.0000,0.0000,0.0000,0.0000,0.0000,
91,1,255,330,330,367,0.0000,0.0000,0.0000,0.0000,0.0000,0.0000,
92,1,255,330,330,367,0.0000,0.0000,0.0000,0.0000,0.0000,0.0000,
93,1,255,330,330,367,0.0000,0.0000,0.0000,0.0000,0.0000,0.0000,
94,1,255,330,330,367,0.0000,0.0000,0.0000,0.0000,0.0000,0.0000,
95,1,255,330,330,367,0.0000,0.0000,0.0000,0.0000,0.0000,0.0000,
96,1,255,330,330,367,0.0000,0.0000,0.0000,0.0000,0.0000,0.0000,
97,1,255,330,330,367,0.0000,0.0000,0.0000,0.0000,0.0000,0.0000,
98,1,255,330,330,367,0.0000,0.0000,0.0000,0.0000,0.0000,0.0000,
99,1,255,330,330,367,0.0000,0.0000,0.0000,0.0000,0.0000,0.0000,
100,1,255,330,330,367,0.0000,0.0000,0.0000,0.0000,0.0000,0.0000,
101,1,255,330,330,367,0.0000,0.0000,0.0000,0.0000,0.0000,0.0000,
102,1,255,330,330,367,0.0000,0.0000,0.0000,0.0000,0.0000,0.0000,
103,1,255,330,330,367,0.0000,0.0000,0.0000,0.0000,0.0000,0.0000,
104,1,255,330,330,367,0.0000,0.0000,0.0000,0.0000,0.0000,0.0000,
105,1,255,330,330,367,0.0000,0.0000,0.0000,0.0000,0.0000,0.0000,
106,1,255,330,330,367,0.0000,0.0000,0.0000,0.0000,0.0000,0.0000,
107,1,255,330,330,367,0.0000,0.0000,0.0000,0.0000,0.0000,0.0000,
108,1,255,330,330,367,0.0000,0.0000,0.0000,0.0000,0.0000,0.0000,
109,1,255,330,330,367,0.0000,0.0000,0.0000,0.0000,0.0000,0.0000,
110,1,255,330,330,367,0.0000,0.0000,0.0000,0.0000,0.0000,0.0000,
111,1,255,330,330,367,0.0000,0.0000,0.0000,0.0000,0.0000,0.0000,
112,1,255,330,330,367,0.0000,0.0000,0.0000,0.0000,0.0000,0.0000,
113,1,255,330,330,367,0.0000,0.0000,0.0000,0.0000,0.0000,0.0000,
114,1,255,330,330,367,0.0000,0.0000,0.0000,0.0000,0.0000,0.0000,
115,1,255,330,330,367,0.0000,0.0000,0.0000,0.0000,0.0000,0.0000,
116,1,255,330,330,367,0.0000,0.0000,0.0000,0.0000,0.0000,0.0000,
117,1,255,330,330,367,0.0000,0.0000,0.0000,0.0000,0.0000,0.0000,
118,1,255,330,330,367,0.0000,0.0000,0.0000,0.0000,0.0000,0.0000,
119,1,255,330,330,367,0.0000,0.0000,0.0000,0.0000,0.0000,0.0000,
120,1,255,330,330,367,0.0000,0.0000,0.0000,0.0000,0.0000,0.0000,
121,1,255,330,330,367,0.0000,0.0000,0.0000,0.0000,0.0000,0.0000,
122,1,255,330,330,367,0.0000,0.0000,0.0000,0.0000,0.0000,0.0000,
123,1,255,330,330,367,0.0000,0.0000,0.0000,0.0000,0.0000,0.0000,
124,1,255,330,330,367,0.0000,0.0000,0.0000,0.0000,0.0000,0.0000,
125,1,255,330,330,367,0.0000,0.0000,0.0000,0.0000,0.0000,0.0000,
126,1,255,330,330,367,0.0000,0.0000,0.0000,0.0000,0.0000,0.0000,
127,1,255,330,330,367,0.0000,0.0000,0.0000,0.0000,0.0000,0.0000,
128,1,255,330,330,367,0.0000,0.0000,0.0000,0.0000,0.0000,0.0000,
129,1,255,330,330,367,0.0000,0.0000,0.0000,0.0000,0.0000,0.0000,
130,1,255,330,330,367,0.0000,0.0000,0.0000,0.0000,0.0000,0.0000,
131,1,255,330,330,367,0.0000,0.0000,0.0000,0.0000,0.0000,0.0000,
132,1,255,330,330,367,0.0000,0.0000,0.0000,0.0000,0.0000,0.0000,
133,1,255,330,330,367,0.0000,0.0000,0.0000,0.0000,0.0000,0.0000,
134,1,255,330,330,367,0.0000,0.0000,0.0000,0.0000,0.0000,0.0000,
135,1,255,330,330,367,0.0000,0.0000,0.0000,0.0000,0.0000,0.0000,
136,1,255,330,330,367,0.0000,0.0000,0.0000,0.0000,0.0000,0.0000,
137,1,255,330,330,367,0.0000,0.0000,0.0000,0.0000,0.0000,0.0000,
138,1,255,330,330,367,0.0000,0.0000,0.0000,0.0000,0.0000,0.0000,
139,1,255,330,330,367,0.0000,0.0000,0.0000,0.0000,0.0000,0.0000,
140,1,255,330,330,367,0.0000,0.0000,0.0000,0.0000,0.0000,0.0000,
141,1,255,330,330,367,0.0000,0.0000,0.0000,0.0000,0.0000,0.0000,
142,1,255,330,330,367,0.0000,0.0000,0.0000,0.0000,0.0000,0.0000,
143,1,255,330,330,367,0.0000,0.0000,0.0000,0.0000,0.0000,0.0000,
144,1,255,330,330,367,0.0000,0.0000,0.0000,0.0000,0.0000,0.0000,
145,1,255,330,330,367,0.0000,0.0000,0.0000,0.0000,0.0000,0.0000,
146,1,255,330,330,367,0.0000,0.0000,0.0000,0.0000,0.0000,0.0000,
147,1,255,330,330,367,0.0000,0.0000,0.0000,0.0000,0.0000,0.0000,
148,1,255,330,330,367,0.0000,0.0000,0.0000,0.0000,0.0000,0.0000,
149,1,255,330,330,367,0.0000,0.0000,0.0000,0.0000,0.0000,0.0000,
150,1,255,330,330,367,0.0000,0.0000,0.0000,0.0000,0.0000,0.0000,
151,1,255,330,330,367,0.0000,0.0000,0.0000,0.0000,0.0000,0.0000,
152,1,255,330,330,367,0.0000,0.0000,0.0000,0.0000,0.0000,0.0000,
153,1,255,330,330,367,0.0000,0.0000,0.0000,0.0000,0.0000,0.0000,
154,1,255,330,330,367,0.0000,0.0000,0.0000,0.0000,0.0000,0.0000,
155,1,255,330,330,367,0.0000,0.0000,0.0000,0.0000,0.0000,0.0000,
156,1,255,330,330,367,0.0000,0.0000,0.0000,0.0000,0.0000,0.0000,
157,1,255,330,330,367,0.0000,0.0000,0.0000,0.0000,0.0000,0.0000,
158,1,255,330,330,367,0.0000,0.0000,0.0000,0.0000,0.0000,0.0000,
159,1,255,330,330,367,0.0000,0.0000,0.0000,0.0000,0.0000,0.0000,
160,1,255,330,330,367,0.0000,0.0000,0.0000,0.0000,0.0000,0.0000,
161,1,255,330,330,367,0.0000,0.0000,0.0000,0.0000,0.0000,0.0000,
162,1,255,330,330,367,0.0000,0.0000,0.0000,0.0000,0.0000,0.0000,
163,1,255,330,330,367,0.0000,0.0000,0.0000,0.0000,0.0000,0.0000,
164,1,255,330,330,367,0.0000,0.0000,0.0000,0.0000,0.0000,0.0000,
165,1,255,330,330,367,0.0000,0.0000,0.0000,0.0000,0.0000,0.0000,
166,1,255,330,330,367,0.0000,0.0000,0.0000,0.0000,0.0000,0.0000,
167,1,255,330,330,367,0.0000,0.0000,0.0000,0.0000,0.0000,0.0000,
168,1,255,330,330,367,0.0000,0.0000,0.0000,0.0000,0.0000,0.0000,
169,1,255,330,330,367,0.0000,0.0000,0.0000,0.0000,0.0000,0.0000,
170,1,255,330,330,367,0.0000,0.0000,0.0000,0.0000,0.0000,0.0000,
171,1,255,330,330,367,0.0000,0.0000,0.0000,0.0000,0.0000,0.0000,
172,1,255,330,330,367,0.0000,0.0000,0.0000,0.0000,0.0000,0.0000,
173,1,255,330,330,367,0.0000,0.0000,0.0000,0.0000,0.0000,0.0000,
174,1,255,330,330,367,0.0000,0.0000,0.0000,0.0000,0.0000,0.0000,
175,1,255,330,330,367,0.0000,0.0000,0.0000,0.0000,0.0000,0.0000,
176,1,255,330,330,367,0.0000,0.0000,0.0000,0.0000,0.0000,0.0000,
177,1,255,330,330,367,0.0000,0.0000,0.0000,0.0000,0.0000,0.0000,
178,1,255,330,330,367,0.0000,0.0000,0.0000,0.0000,0.0000,0.0000,
179,1,255,330,330,367,0.0000,0.0000,0.0000,0.0000,0.0000,0.0000,
180,1,255,330,330,367,0.0000,0.0000,0.0000,0.0000,0.0000,0.0000,
181,1,255,330,330,367,0.0000,0.0000,0.0000,0.0000,0.0000,0.0000,
182,1,255,330,330,367,0.0000,0.0000,0.0000,0.0000,0.0000,0.0000,
183,1,255,330,330,367,0.0000,0.0000,0.0000,0.0000,0.0000,0.0000,
184,1,255,330,330,367,0.0000,0.0000,0.0000,0.0000,0.0000,0.0000,
185,1,255,330,330,367,0.0000,0.0000,0.0000,0.0000,0.0000,0.0000,
186,1,255,330,330,367,0.0000,0.0000,0.0000,0.0000,0.0000,0.0000,
187,1,255,330,330,367,0.0000,0.0000,0.0000,0.0000,0.0000,0.0000,
188,1,255,330,330,367,0.0000,0.0000,0.0000,0.0000,0.0000,0.0000,
189,1,255,330,330,367,0.0000,0.0000,0.0000,0.0000,0.0000,0.0000,
190,1,255,330,330,367,0.0000,0.0000,0.0000,0.0000,0.0000,0.0000,
191,1,255,330,330,367,0.0000,0.0000,0.0000,0.0000,0.0000,0.0000,
192,1,255,330,330,367,0.0000,0.0000,0.0000,0.0000,0.0000,0.0000,
193,1,255,330,330,367,0.0000,0.0000,0.0000,0.0000,0.0000,0.0000,
194,1,255,330,330,367,0.0000,0.0000,0.0000,0.0000,0.0000,0.0000,
195,1,255,330,330,367,0.0000,0.0000,0.0000,0.0000,0.0000,0.0000,
196,1,255,330,330,367,0.0000,0.0000,0.0000,0.0000,0.0000,0.0000,
197,1,255,330,330,367,0.0000,0.0000,0.0000,0.0000,0.0000,0.0000,
198,1,255,330,330,367,0.0000,0.0000,0.0000,0.0000,0.0000,0.0000,
199,1,255,330,330,367,0.0000,0.0000,0.0000,0.0000,0.0000,0.0000,
200,1,255,330,330,367,0.0000,0.0000,0.0000,0.0000,0.0000,0.0000,
201,1,255,330,330,367,0.0000,0.0000,0.0000,0.0000,0.0000,0.0000,
202,1,255,330,330,367,0.0000,0.0000,0.0000,0.0000,0.0000,0.0000,
203,1,255,330,330,367,0.0000,0.0000,0.0000,0.0000,0.0000,0.0000,
204,1,255,330,330,367,0.0000,0.0000,0.0000,0.0000,0.0000,0.0000,
205,1,255,330,330,367,0.0000,0.0000,0.0000,0.0000,0.0000,0.0000,
206,1,255,330,330,367,0.0000,0.0000,0.0000,0.0000,0.0000,0.0000,
207,1,255,330,330,367,0.0000,0.0000,0.0000,0.0000,0.0000,0.0000,
208,1,255,330,330,367,0.0000,0.0000,0.0000,0.0000,0.0000,0.0000,
209,1,255,330,330,367,0.0000,0.0000,0.0000,0.0000,0.0000,0.0000,
210,1,255,330,330,367,0.0000,0.0000,0.0000,0.0000,0.0000,0.0000,
211,1,245,333,334,374,1.0000,0.0000,0.0000,1.0000,9.9999,9.9999,
212,1,248,331,333,376,0.9636,-0.0869,0.0167,1.0766,13.9094,7.2200,
213,1,248,331,333,376,1.0043,0.0400,0.0028,1.0122,8.1175,8.7501,
214,1,248,331,333,376,1.0011,0.0409,-0.0075,1.0274,8.3872,8.8595,
215,1,248,331,333,376,0.9811,-0.0248,0.0087,1.0320,10.7919,7.7673,
216,1,248,331,333,376,1.0073,0.0033,-0.0015,0.9948,9.0055,8.4938,
217,1,250,328,332,376,0.9662,0.0023,0.0598,1.0726,11.3156,3.7133,
218,1,251,325,332,376,0.9959,0.0286,-0.0094,1.0592,9.5392,6.5927,
219,1,252,322,332,376,0.9908,0.0031,0.0060,1.0613,10.1133,5.9878,
220,1,252,318,332,376,1.0045,0.0005,0.0171,1.0652,9.2828,5.2727,
221,1,238,317,324,366,1.0001,0.0001,-0.0000,1.0000,9.9982,10.0009,
222,1,237,314,323,364,0.9960,0.0434,-0.0282,1.0139,7.4428,7.7510,
223,1,236,312,321,361,0.9870,0.0150,-0.0218,0.9974,8.2800,8.0820,
224,1,235,308,319,360,0.9821,0.0080,-0.0251,1.0522,8.4507,6.7507,
225,1,234,305,316,359,0.9802,0.0366,-0.0234,1.0249,7.4279,7.9691,
226,1,232,302,313,359,0.9857,0.0846,-0.0083,1.0440,5.5233,7.0067,
227,1,231,300,309,359,0.9677,0.1080,0.0033,1.0400,4.9040,6.9050,
228,1,227,299,305,358,0.9999,0.0237,0.0009,1.0150,5.1703,7.9975,
229,1,223,298,300,358,0.9837,-0.0182,-0.0035,1.0264,6.2164,8.2881,
230,1,217,298,296,358,1.0197,0.0200,0.0165,1.0100,3.3177,8.3900,
231,1,208,295,280,347,1.0000,-0.0000,0.0000,1.0000,10.0005,9.9999,
232,1,202,296,274,348,1.0016,-0.1010,-0.0001,1.0043,6.4497,10.0626,
233,1,197,297,268,349,0.9804,-0.0877,0.0120,0.9998,6.7680,9.9852,
234,1,191,299,262,350,0.9943,-0.0099,0.0055,0.9789,3.7184,11.4421,
235,1,185,301,256,352,0.9950,-0.0804,0.0169,1.0020,5.4661,10.6712,
236,1,179,303,249,355,0.9933,-0.0919,0.0123,1.0213,5.8282,10.6368,
237,1,172,306,244,356,1.0242,-0.0454,-0.0331,0.9753,3.9254,13.3953,
238,1,167,308,237,359,0.9789,-0.0914,0.0119,1.0266,6.5794,10.7868,
239,1,160,310,231,362,1.0179,0.0667,0.0148,1.0072,0.7507,11.3350,
240,1,154,312,226,365,1.0238,-0.0604,0.0112,1.0126,4.6672,11.3945,
241,1,147,316,222,366,1.0378,0.0583,0.0307,0.9501,0.7523,11.9532,
242,1,135,318,220,366,1.1258,-0.2374,0.0492,0.9597,3.7166,10.0568,
243,1,129,321,218,367,1.0431,0.0545,-0.0235,0.9533,2.1974,13.9798,
244,1,124,322,215,369,1.0187,-0.0310,0.0221,1.0285,5.2030,9.5076,
245,1,120,324,212,371,1.0071,0.0463,0.0008,1.0058,4.7276,11.5489,
246,1,118,327,209,373,0.9918,-0.0460,0.0040,0.9908,8.3882,11.8162,
247,1,113,329,208,375,1.0500,-0.0175,0.0334,1.0154,4.6200,9.6779,
248,1,111,332,207,378,1.0093,-0.0008,-0.0082,1.0059,7.4449,12.5096,
249,1,110,334,206,381,0.9994,0.0158,0.0111,1.0186,8.1382,11.1303,
250,1,119,319,207,380,1.0226,0.0415,0.0459,1.0715,6.5926,7.7608,
251,1,118,321,200,385,1.0000,-0.0000,0.0000,1.0000,10.0001,9.9998,
252,1,118,323,199,386,0.9921,-0.0065,-0.0211,0.9932,9.8424,11.8745,
253,1,118,323,199,386,0.9945,-0.0202,-0.0055,0.9976,10.0781,10.6926,
254,1,118,323,199,386,1.0121,-0.0108,-0.0008,1.0002,9.6020,10.1299,
255,1,118,323,199,386,0.9890,-0.0184,0.0112,1.0006,10.7935,9.5549,
256,1,118,323,199,386,0.9967,0.0060,0.0020,1.0023,9.8331,9.7928,
257,1,118,323,199,386,1.0024,-0.0049,0.0017,0.9973,10.0527,10.0489,
258,1,118,323,199,386,0.9975,0.0012,-0.0077,0.9975,10.0679,10.4988,
259,1,118,323,199,386,0.9940,-0.0120,0.0023,0.9972,10.7694,10.0085,
260,1,118,323,199,386,0.9987,-0.0088,-0.0010,1.0070,10.4836,9.7338,
261,1,118,323,199,386,0.9998,-0.0005,0.0002,1.0042,10.0393,9.8242,
262,1,118,323,199,386,1.0006,-0.0014,-0.0013,1.0056,10.0293,9.8333,
263,1,118,323,199,386,1.0021,0.0011,0.0031,1.0011,9.8664,9.8191,
264,1,120,323,198,387,0.9671,-0.0380,0.0049,1.0092,12.6136,9.5701,
265,1,120,323,198,387,1.0043,0.0012,0.0112,1.0133,9.7641,8.9847,
266,1,120,323,198,387,1.0094,0.0128,0.0094,1.0219,9.1294,8.6577,
267,1,120,323,198,387,0.9987,-0.0001,-0.0001,0.9965,10.0495,10.1772,
268,1,120,323,198,387,1.0029,0.0017,-0.0075,0.9983,9.7969,10.4053,
269,1,120,323,198,387,1.0068,0.0124,0.0005,1.0112,9.1961,9.4908,
270,1,120,323,198,387,0.9905,0.0116,0.0037,0.9886,9.9761,10.2896,
271,1,119,325,203,382,0.0000,0.0000,0.0000,0.0000,0.0000,0.0000,
272,1,119,325,203,382,0.0000,0.0000,0.0000,0.0000,0.0000,0.0000,
273,1,119,325,203,382,0.0000,0.0000,0.0000,0.0000,0.0000,0.0000,
274,1,119,325,203,382,0.0000,0.0000,0.0000,0.0000,0.0000,0.0000,
275,1,119,325,203,382,0.0000,0.0000,0.0000,0.0000,0.0000,0.0000,
276,1,119,325,203,382,0.0000,0.0000,0.0000,0.0000,0.0000,0.0000,
277,1,119,325,203,382,0.0000,0.0000,0.0000,0.0000,0.0000,0.0000,
278,1,119,325,203,382,0.0000,0.0000,0.0000,0.0000,0.0000,0.0000,
279,1,119,325,203,382,0.0000,0.0000,0.0000,0.0000,0.0000,0.0000,
280,1,119,325,203,382,0.0000,0.0000,0.0000,0.0000,0.0000,0.0000,
281,1,119,325,203,382,0.0000,0.0000,0.0000,0.0000,0.0000,0.0000,
282,1,119,325,203,382,0.0000,0.0000,0.0000,0.0000,0.0000,0.0000,
283,1,119,325,203,382,0.0000,0.0000,0.0000,0.0000,0.0000,0.0000,
284,1,119,325,203,382,0.0000,0.0000,0.0000,0.0000,0.0000,0.0000,
285,1,119,325,203,382,0.0000,0.0000,0.0000,0.0000,0.0000,0.0000,
286,1,119,325,203,382,0.0000,0.0000,0.0000,0.0000,0.0000,0.0000,
287,1,119,325,203,382,0.0000,0.0000,0.0000,0.0000,0.0000,0.0000,
288,1,119,325,203,382,0.0000,0.0000,0.0000,0.0000,0.0000,0.0000,
289,1,119,325,203,382,0.0000,0.0000,0.0000,0.0000,0.0000,0.0000,
290,1,119,325,203,382,0.0000,0.0000,0.0000,0.0000,0.0000,0.0000,
291,1,119,325,203,382,0.0000,0.0000,0.0000,0.0000,0.0000,0.0000,
292,1,119,325,203,382,0.0000,0.0000,0.0000,0.0000,0.0000,0.0000,
293,1,119,325,203,382,0.0000,0.0000,0.0000,0.0000,0.0000,0.0000,
294,1,119,325,203,382,0.0000,0.0000,0.0000,0.0000,0.0000,0.0000,
295,1,119,325,203,382,0.0000,0.0000,0.0000,0.0000,0.0000,0.0000,
296,1,119,325,203,382,0.0000,0.0000,0.0000,0.0000,0.0000,0.0000,
297,1,119,325,203,382,0.0000,0.0000,0.0000,0.0000,0.0000,0.0000,
298,1,119,325,203,382,0.0000,0.0000,0.0000,0.0000,0.0000,0.0000,
299,1,119,325,203,382,0.0000,0.0000,0.0000,0.0000,0.0000,0.0000,
300,1,119,325,203,382,0.0000,0.0000,0.0000,0.0000,0.0000,0.0000,
301,1,119,325,203,382,0.0000,0.0000,0.0000,0.0000,0.0000,0.0000,
302,1,119,325,203,382,0.0000,0.0000,0.0000,0.0000,0.0000,0.0000,
303,1,119,325,203,382,0.0000,0.0000,0.0000,0.0000,0.0000,0.0000,
304,1,119,325,203,382,0.0000,0.0000,0.0000,0.0000,0.0000,0.0000,
305,1,119,325,203,382,0.0000,0.0000,0.0000,0.0000,0.0000,0.0000,
306,1,119,325,203,382,0.0000,0.0000,0.0000,0.0000,0.0000,0.0000,
307,1,119,325,203,382,0.0000,0.0000,0.0000,0.0000,0.0000,0.0000,
308,1,119,325,203,382,0.0000,0.0000,0.0000,0.0000,0.0000,0.0000,
309,1,119,325,203,382,0.0000,0.0000,0.0000,0.0000,0.0000,0.0000,
310,1,119,325,203,382,0.0000,0.0000,0.0000,0.0000,0.0000,0.0000,
311,1,119,325,203,382,0.0000,0.0000,0.0000,0.0000,0.0000,0.0000,
312,1,119,325,203,382,0.0000,0.0000,0.0000,0.0000,0.0000,0.0000,
313,1,119,325,203,382,0.0000,0.0000,0.0000,0.0000,0.0000,0.0000,
314,1,119,325,203,382,0.0000,0.0000,0.0000,0.0000,0.0000,0.0000,
315,1,119,325,203,382,0.0000,0.0000,0.0000,0.0000,0.0000,0.0000,
316,1,119,325,203,382,0.0000,0.0000,0.0000,0.0000,0.0000,0.0000,
317,1,119,325,203,382,0.0000,0.0000,0.0000,0.0000,0.0000,0.0000,
318,1,119,325,203,382,0.0000,0.0000,0.0000,0.0000,0.0000,0.0000,
319,1,119,325,203,382,0.0000,0.0000,0.0000,0.0000,0.0000,0.0000,
320,1,119,325,203,382,0.0000,0.0000,0.0000,0.0000,0.0000,0.0000,
321,1,119,325,203,382,0.0000,0.0000,0.0000,0.0000,0.0000,0.0000,
322,1,119,325,203,382,0.0000,0.0000,0.0000,0.0000,0.0000,0.0000,
323,1,119,325,203,382,0.0000,0.0000,0.0000,0.0000,0.0000,0.0000,
324,1,119,325,203,382,0.0000,0.0000,0.0000,0.0000,0.0000,0.0000,
325,1,119,325,203,382,0.0000,0.0000,0.0000,0.0000,0.0000,0.0000,
326,1,119,325,203,382,0.0000,0.0000,0.0000,0.0000,0.0000,0.0000,
327,1,119,325,203,382,0.0000,0.0000,0.0000,0.0000,0.0000,0.0000,
328,1,119,325,203,382,0.0000,0.0000,0.0000,0.0000,0.0000,0.0000,
329,1,119,325,203,382,0.0000,0.0000,0.0000,0.0000,0.0000,0.0000,
330,1,119,325,203,382,0.0000,0.0000,0.0000,0.0000,0.0000,0.0000,
331,1,119,325,203,382,0.0000,0.0000,0.0000,0.0000,0.0000,0.0000,
332,1,119,325,203,382,0.0000,0.0000,0.0000,0.0000,0.0000,0.0000,
333,1,119,325,203,382,0.0000,0.0000,0.0000,0.0000,0.0000,0.0000,
334,1,119,325,203,382,0.0000,0.0000,0.0000,0.0000,0.0000,0.0000,
335,1,119,325,203,382,0.0000,0.0000,0.0000,0.0000,0.0000,0.0000,
336,1,119,325,203,382,0.0000,0.0000,0.0000,0.0000,0.0000,0.0000,
337,1,119,325,203,382,0.0000,0.0000,0.0000,0.0000,0.0000,0.0000,
338,1,119,325,203,382,0.0000,0.0000,0.0000,0.0000,0.0000,0.0000,
339,1,119,325,203,382,0.0000,0.0000,0.0000,0.0000,0.0000,0.0000,
340,1,119,325,203,382,0.0000,0.0000,0.0000,0.0000,0.0000,0.0000,
341,1,119,325,203,382,0.0000,0.0000,0.0000,0.0000,0.0000,0.0000,
342,1,119,325,203,382,0.0000,0.0000,0.0000,0.0000,0.0000,0.0000,
343,1,119,325,203,382,0.0000,0.0000,0.0000,0.0000,0.0000,0.0000,
344,1,119,325,203,382,0.0000,0.0000,0.0000,0.0000,0.0000,0.0000,
345,1,119,325,203,382,0.0000,0.0000,0.0000,0.0000,0.0000,0.0000,
346,1,119,325,203,382,0.0000,0.0000,0.0000,0.0000,0.0000,0.0000,
347,1,119,325,203,382,0.0000,0.0000,0.0000,0.0000,0.0000,0.0000,
348,1,119,325,203,382,0.0000,0.0000,0.0000,0.0000,0.0000,0.0000,
349,1,119,325,203,382,0.0000,0.0000,0.0000,0.0000,0.0000,0.0000,
350,1,119,325,203,382,0.0000,0.0000,0.0000,0.0000,0.0000,0.0000,
351,1,119,325,203,382,0.0000,0.0000,0.0000,0.0000,0.0000,0.0000,
352,1,119,325,203,382,0.0000,0.0000,0.0000,0.0000,0.0000,0.0000,
353,1,119,325,203,382,0.0000,0.0000,0.0000,0.0000,0.0000,0.0000,
354,1,119,325,203,382,0.0000,0.0000,0.0000,0.0000,0.0000,0.0000,
355,1,119,325,203,382,0.0000,0.0000,0.0000,0.0000,0.0000,0.0000,
356,1,119,325,203,382,0.0000,0.0000,0.0000,0.0000,0.0000,0.0000,
357,1,119,325,203,382,0.0000,0.0000,0.0000,0.0000,0.0000,0.0000,
358,1,119,325,203,382,0.0000,0.0000,0.0000,0.0000,0.0000,0.0000,
359,1,119,325,203,382,0.0000,0.0000,0.0000,0.0000,0.0000,0.0000,
360,1,119,325,203,382,0.0000,0.0000,0.0000,0.0000,0.0000,0.0000,
361,1,119,325,203,382,0.0000,0.0000,0.0000,0.0000,0.0000,0.0000,
362,1,119,325,203,382,0.0000,0.0000,0.0000,0.0000,0.0000,0.0000,
363,1,119,325,203,382,0.0000,0.0000,0.0000,0.0000,0.0000,0.0000,
364,1,119,325,203,382,0.0000,0.0000,0.0000,0.0000,0.0000,0.0000,
365,1,119,325,203,382,0.0000,0.0000,0.0000,0.0000,0.0000,0.0000,
366,1,119,325,203,382,0.0000,0.0000,0.0000,0.0000,0.0000,0.0000,
367,1,119,325,203,382,0.0000,0.0000,0.0000,0.0000,0.0000,0.0000,
368,1,119,325,203,382,0.0000,0.0000,0.0000,0.0000,0.0000,0.0000,
369,1,119,325,203,382,0.0000,0.0000,0.0000,0.0000,0.0000,0.0000,
370,1,119,325,203,382,0.0000,0.0000,0.0000,0.0000,0.0000,0.0000,
371,1,119,325,203,382,0.0000,0.0000,0.0000,0.0000,0.0000,0.0000,
372,1,119,325,203,382,0.0000,0.0000,0.0000,0.0000,0.0000,0.0000,
373,1,119,325,203,382,0.0000,0.0000,0.0000,0.0000,0.0000,0.0000,
374,1,119,325,203,382,0.0000,0.0000,0.0000,0.0000,0.0000,0.0000,
375,1,119,325,203,382,0.0000,0.0000,0.0000,0.0000,0.0000,0.0000,
376,1,119,325,203,382,0.0000,0.0000,0.0000,0.0000,0.0000,0.0000,
377,1,119,325,203,382,0.0000,0.0000,0.0000,0.0000,0.0000,0.0000,
378,1,119,325,203,382,0.0000,0.0000,0.0000,0.0000,0.0000,0.0000,
379,1,119,325,203,382,0.0000,0.0000,0.0000,0.0000,0.0000,0.0000,
380,1,119,325,203,382,0.0000,0.0000,0.0000,0.0000,0.0000,0.0000,
381,1,119,325,203,382,0.0000,0.0000,0.0000,0.0000,0.0000,0.0000,
382,1,119,325,203,382,0.0000,0.0000,0.0000,0.0000,0.0000,0.0000,
383,1,119,325,203,382,0.0000,0.0000,0.0000,0.0000,0.0000,0.0000,
384,1,119,325,203,382,0.0000,0.0000,0.0000,0.0000,0.0000,0.0000,
385,1,119,325,203,382,0.0000,0.0000,0.0000,0.0000,0.0000,0.0000,
386,1,119,325,203,382,0.0000,0.0000,0.0000,0.0000,0.0000,0.0000,
387,1,119,325,203,382,0.0000,0.0000,0.0000,0.0000,0.0000,0.0000,
388,1,119,325,203,382,0.0000,0.0000,0.0000,0.0000,0.0000,0.0000,
389,1,119,325,203,382,0.0000,0.0000,0.0000,0.0000,0.0000,0.0000,
390,1,119,325,203,382,0.0000,0.0000,0.0000,0.0000,0.0000,0.0000,
391,1,119,325,203,382,0.0000,0.0000,0.0000,0.0000,0.0000,0.0000,
392,1,119,325,203,382,0.0000,0.0000,0.0000,0.0000,0.0000,0.0000,
393,1,119,325,203,382,0.0000,0.0000,0.0000,0.0000,0.0000,0.0000,
394,1,119,325,203,382,0.0000,0.0000,0.0000,0.0000,0.0000,0.0000,
395,1,119,325,203,382,0.0000,0.0000,0.0000,0.0000,0.0000,0.0000,
396,1,119,325,203,382,0.0000,0.0000,0.0000,0.0000,0.0000,0.0000,
397,1,119,325,203,382,0.0000,0.0000,0.0000,0.0000,0.0000,0.0000,
398,1,119,325,203,382,0.0000,0.0000,0.0000,0.0000,0.0000,0.0000,
399,1,119,325,203,382,0.0000,0.0000,0.0000,0.0000,0.0000,0.0000,
400,1,119,325,203,382,0.0000,0.0000,0.0000,0.0000,0.0000,0.0000,
401,1,119,325,203,382,0.0000,0.0000,0.0000,0.0000,0.0000,0.0000,
402,1,119,325,203,382,0.0000,0.0000,0.0000,0.0000,0.0000,0.0000,
403,1,119,325,203,382,0.0000,0.0000,0.0000,0.0000,0.0000,0.0000,
404,1,119,325,203,382,0.0000,0.0000,0.0000,0.0000,0.0000,0.0000,
405,1,119,325,203,382,0.0000,0.0000,0.0000,0.0000,0.0000,0.0000,
406,1,119,325,203,382,0.0000,0.0000,0.0000,0.0000,0.0000,0.0000,
407,1,119,325,203,382,0.0000,0.0000,0.0000,0.0000,0.0000,0.0000,
408,1,119,325,203,382,0.0000,0.0000,0.0000,0.0000,0.0000,0.0000,
409,1,119,325,203,382,0.0000,0.0000,0.0000,0.0000,0.0000,0.0000,
410,1,119,325,203,382,0.0000,0.0000,0.0000,0.0000,0.0000,0.0000,
411,1,119,325,203,382,0.0000,0.0000,0.0000,0.0000,0.0000,0.0000,
412,1,119,325,203,382,0.0000,0.0000,0.0000,0.0000,0.0000,0.0000,
413,1,119,325,203,382,0.0000,0.0000,0.0000,0.0000,0.0000,0.0000,
414,1,119,325,203,382,0.0000,0.0000,0.0000,0.0000,0.0000,0.0000,
415,1,119,325,203,382,0.0000,0.0000,0.0000,0.0000,0.0000,0.0000,
416,1,119,325,203,382,0.0000,0.0000,0.0000,0.0000,0.0000,0.0000,
417,1,119,325,203,382,0.0000,0.0000,0.0000,0.0000,0.0000,0.0000,
418,1,119,325,203,382,0.0000,0.0000,0.0000,0.0000,0.0000,0.0000,
419,1,119,325,203,382,0.0000,0.0000,0.0000,0.0000,0.0000,0.0000,
420,1,119,325,203,382,0.0000,0.0000,0.0000,0.0000,0.0000,0.0000,
421,1,119,325,203,382,0.0000,0.0000,0.0000,0.0000,0.0000,0.0000,
422,1,119,325,203,382,0.0000,0.0000,0.0000,0.0000,0.0000,0.0000,
423,1,119,325,203,382,0.0000,0.0000,0.0000,0.0000,0.0000,0.0000,
424,1,119,325,203,382,0.0000,0.0000,0.0000,0.0000,0.0000,0.0000,
425,1,119,325,203,382,0.0000,0.0000,0.0000,0.0000,0.0000,0.0000,
426,1,119,325,203,382,0.0000,0.0000,0.0000,0.0000,0.0000,0.0000,
427,1,119,325,203,382,0.0000,0.0000,0.0000,0.0000,0.0000,0.0000,
428,1,119,325,203,382,0.0000,0.0000,0.0000,0.0000,0.0000,0.0000,
429,1,119,325,203,382,0.0000,0.0000,0.0000,0.0000,0.0000,0.0000,
430,1,119,325,203,382,0.0000,0.0000,0.0000,0.0000,0.0000,0.0000,
431,1,119,325,203,382,0.0000,0.0000,0.0000,0.0000,0.0000,0.0000,
432,1,119,325,203,382,0.0000,0.0000,0.0000,0.0000,0.0000,0.0000,
433,1,119,325,203,382,0.0000,0.0000,0.0000,0.0000,0.0000,0.0000,
434,1,119,325,203,382,0.0000,0.0000,0.0000,0.0000,0.0000,0.0000,
435,1,119,325,203,382,0.0000,0.0000,0.0000,0.0000,0.0000,0.0000,
436,1,119,325,203,382,0.0000,0.0000,0.0000,0.0000,0.0000,0.0000,
437,1,119,325,203,382,0.0000,0.0000,0.0000,0.0000,0.0000,0.0000,
438,1,119,325,203,382,0.0000,0.0000,0.0000,0.0000,0.0000,0.0000,
439,1,119,325,203,382,0.0000,0.0000,0.0000,0.0000,0.0000,0.0000,
440,1,119,325,203,382,0.0000,0.0000,0.0000,0.0000,0.0000,0.0000,
441,1,119,325,203,382,0.0000,0.0000,0.0000,0.0000,0.0000,0.0000,
442,1,119,325,203,382,0.0000,0.0000,0.0000,0.0000,0.0000,0.0000,
443,1,119,325,203,382,0.0000,0.0000,0.0000,0.0000,0.0000,0.0000,
