1,1,209,296,323,347,0.0000,0.0000,0.0000,0.0000,0.0000,0.0000,
2,1,209,296,323,347,0.0000,0.0000,0.0000,0.0000,0.0000,0.0000,
3,1,209,296,323,347,0.0000,0.0000,0.0000,0.0000,0.0000,0.0000,
4,1,209,296,323,347,0.0000,0.0000,0.0000,0.0000,0.0000,0.0000,
5,1,209,296,323,347,0.0000,0.0000,0.0000,0.0000,0.0000,0.0000,
6,1,209,296,323,347,0.0000,0.0000,0.0000,0.0000,0.0000,0.0000,
7,1,209,296,323,347,0.0000,0.0000,0.0000,0.0000,0.0000,0.0000,
8,1,209,296,323,347,0.0000,0.0000,0.0000,0.0000,0.0000,0.0000,
9,1,209,296,323,347,0.0000,0.0000,0.0000,0.0000,0.0000,0.0000,
10,1,209,296,323,347,0.0000,0.0000,0.0000,0.0000,0.0000,0.0000,
11,1,209,296,323,347,0.0000,0.0000,0.0000,0.0000,0.0000,0.0000,
12,1,209,296,323,347,0.0000,0.0000,0.0000,0.0000,0.0000,0.0000,
13,1,209,296,323,347,0.0000,0.0000,0.0000,0.0000,0.0000,0.0000,
14,1,209,296,323,347,0.0000,0.0000,0.0000,0.0000,0.0000,0.0000,
15,1,209,296,323,347,0.0000,0.0000,0.0000,0.0000,0.0000,0.0000,
16,1,209,296,323,347,0.0000,0.0000,0.0000,0.0000,0.0000,0.0000,
17,1,209,296,323,347,0.0000,0.0000,0.0000,0.0000,0.0000,0.0000,
18,1,209,296,323,347,0.0000,0.0000,0.0000,0.0000,0.0000,0.0000,
19,1,209,296,323,347,0.0000,0.0000,0.0000,0.0000,0.0000,0.0000,
20,1,209,296,323,347,0.0000,0.0000,0.0000,0.0000,0.0000,0.0000,
21,1,209,296,323,347,0.0000,0.0000,0.0000,0.0000,0.0000,0.0000,
22,1,209,296,323,347,0.0000,0.0000,0.0000,0.0000,0.0000,0.0000,
23,1,209,296,323,347,0.0000,0.0000,0.0000,0.0000,0.0000,0.0000,
24,1,209,296,323,347,0.0000,0.0000,0.0000,0.0000,0.0000,0.0000,
25,1,209,296,323,347,0.0000,0.0000,0.0000,0.0000,0.0000,0.0000,
26,1,209,296,323,347,0.0000,0.0000,0.0000,0.0000,0.0000,0.0000,
27,1,209,296,323,347,0.0000,0.0000,0.0000,0.0000,0.0000,0.0000,
28,1,209,296,323,347,0.0000,0.0000,0.0000,0.0000,0.0000,0.0000,
29,1,209,296,323,347,0.0000,0.0000,0.0000,0.0000,0.0000,0.0000,
30,1,209,296,323,347,0.0000,0.0000,0.0000,0.0000,0.0000,0.0000,
31,1,209,296,323,347,0.0000,0.0000,0.0000,0.0000,0.0000,0.0000,
32,1,209,296,323,347,0.0000,0.0000,0.0000,0.0000,0.0000,0.0000,
33,1,209,296,323,347,0.0000,0.0000,0.0000,0.0000,0.0000,0.0000,
34,1,209,296,323,347,0.0000,0.0000,0.0000,0.0000,0.0000,0.0000,
35,1,209,296,323,347,0.0000,0.0000,0.0000,0.0000,0.0000,0.0000,
36,1,209,296,323,347,0.0000,0.0000,0.0000,0.0000,0.0000,0.0000,
37,1,209,296,323,347,0.0000,0.0000,0.0000,0.0000,0.0000,0.0000,
38,1,209,296,323,347,0.0000,0.0000,0.0000,0.0000,0.0000,0.0000,
39,1,209,296,323,347,0.0000,0.0000,0.0000,0.0000,0.0000,0.0000,
40,1,209,296,323,347,0.0000,0.0000,0.0000,0.0000,0.0000,0.0000,
41,1,209,296,323,347,0.0000,0.0000,0.0000,0.0000,0.0000,0.0000,
42,1,209,296,323,347,0.0000,0.0000,0.0000,0.0000,0.0000,0.0000,
43,1,209,296,323,347,0.0000,0.0000,0.0000,0.0000,0.0000,0.0000,
44,1,209,296,323,347,0.0000,0.0000,0.0000,0.0000,0.0000,0.0000,
45,1,209,296,323,347,0.0000,0.0000,0.0000,0.0000,0.0000,0.0000,
46,1,209,296,323,347,0.0000,0.0000,0.0000,0.0000,0.0000,0.0000,
47,1,209,296,323,347,0.0000,0.0000,0.0000,0.0000,0.0000,0.0000,
48,1,209,296,323,347,0.0000,0.0000,0.0000,0.0000,0.0000,0.0000,
49,1,209,296,323,347,0.0000,0.0000,0.0000,0.0000,0.0000,0.0000,
50,1,209,296,323,347,0.0000,0.0000,0.0000,0.0000,0.0000,0.0000,
51,1,209,296,323,347,0.0000,0.0000,0.0000,0.0000,0.0000,0.0000,
52,1,209,296,323,347,0.0000,0.0000,0.0000,0.0000,0.0000,0.0000,
53,1,209,296,323,347,0.0000,0.0000,0.0000,0.0000,0.0000,0.0000,
54,1,209,296,323,347,0.0000,0.0000,0.0000,0.0000,0.0000,0.0000,
55,1,209,296,323,347,0.0000,0.0000,0.0000,0.0000,0.0000,0.0000,
56,1,209,296,323,347,0.0000,0.0000,0.0000,0.0000,0.0000,0.0000,
57,1,209,296,323,347,0.0000,0.0000,0.0000,0.0000,0.0000,0.0000,
58,1,209,296,323,347,0.0000,0.0000,0.0000,0.0000,0.0000,0.0000,
59,1,209,296,323,347,0.0000,0.0000,0.0000,0.0000,0.0000,0.0000,
60,1,209,296,323,347,0.0000,0.0000,0.0000,0.0000,0.0000,0.0000,
61,1,209,296,323,347,0.0000,0.0000,0.0000,0.0000,0.0000,0.0000,
62,1,209,296,323,347,0.0000,0.0000,0.0000,0.0000,0.0000,0.0000,
63,1,209,296,323,347,0.0000,0.0000,0.0000,0.0000,0.0000,0.0000,
64,1,209,296,323,347,0.0000,0.0000,0.0000,0.0000,0.0000,0.0000,
65,1,209,296,323,347,0.0000,0.0000,0.0000,0.0000,0.0000,0.0000,
66,1,209,296,323,347,0.0000,0.0000,0.0000,0.0000,0.0000,0.0000,
67,1,209,296,323,347,0.0000,0.0000,0.0000,0.0000,0.0000,0.0000,
68,1,209,296,323,347,0.0000,0.0000,0.0000,0.0000,0.0000,0.0000,
69,1,209,296,323,347,0.0000,0.0000,0.0000,0.0000,0.0000,0.0000,
70,1,209,296,323,347,0.0000,0.0000,0.0000,0.0000,0.0000,0.0000,
71,1,209,296,323,347,0.0000,0.0000,0.0000,0.0000,0.0000,0.0000,
72,1,209,296,323,347,0.0000,0.0000,0.0000,0.0000,0.0000,0.0000,
73,1,209,296,323,347,0.0000,0.0000,0.0000,0.0000,0.0000,0.0000,
74,1,209,296,323,347,0.0000,0.0000,0.0000,0.0000,0.0000,0.0000,
75,1,209,296,323,347,0.0000,0.0000,0.0000,0.0000,0.0000,0.0000,
76,1,209,296,323,347,0.0000,0.0000,0.0000,0.0000,0.0000,0.0000,
77,1,209,296,323,347,0.0000,0.0000,0.0000,0.0000,0.0000,0.0000,
78,1,209,296,323,347,0.0000,0.0000,0.0000,0.0000,0.0000,0.0000,
79,1,209,296,323,347,0.0000,0.0000,0.0000,0.0000,0.0000,0.0000,
80,1,209,296,323,347,0.0000,0.0000,0.0000,0.0000,0.0000,0.0000,
81,1,209,296,323,347,0.0000,0.0000,0.0000,0.0000,0.0000,0.0000,
82,1,209,296,323,347,0.0000,0.0000,0.0000,0.0000,0.0000,0.0000,
83,1,209,296,323,347,0.0000,0.0000,0.0000,0.0000,0.0000,0.0000,
84,1,209,296,323,347,0.0000,0.0000,0.0000,0.0000,0.0000,0.0000,
85,1,209,296,323,347,0.0000,0.0000,0.0000,0.0000,0.0000,0.0000,
86,1,209,296,323,347,0.0000,0.0000,0.0000,0.0000,0.0000,0.0000,
87,1,209,296,323,347,0.0000,0.0000,0.0000,0.0000,0.0000,0.0000,
88,1,209,296,323,347,0.0000,0.0000,0.0000,0.0000,0.0000,0.0000,
89,1,209,296,323,347,0.0000,0.0000,0.0000,0.0000,0.0000,0.0000,
90,1,209,296,323,347,0.0000,0.0000,0.0000,0.0000,0.0000,0.0000,
91,1,209,296,323,347,0.0000,0.0000,0.0000,0.0000,0.0000,0.0000,
92,1,209,296,323,347,0.0000,0.0000,0.0000,0.0000,0.0000,0.0000,
93,1,209,296,323,347,0.0000,0.0000,0.0000,0.0000,0.0000,0.0000,
94,1,209,296,323,347,0.0000,0.0000,0.0000,0.0000,0.0000,0.0000,
95,1,209,296,323,347,0.0000,0.0000,0.0000,0.0000,0.0000,0.0000,
96,1,209,296,323,347,0.0000,0.0000,0.0000,0.0000,0.0000,0.0000,
97,1,209,296,323,347,0.0000,0.0000,0.0000,0.0000,0.0000,0.0000,
98,1,209,296,323,347,0.0000,0.0000,0.0000,0.0000,0.0000,0.0000,
99,1,209,296,323,347,0.0000,0.0000,0.0000,0.0000,0.0000,0.0000,
100,1,209,296,323,347,0.0000,0.0000,0.0000,0.0000,0.0000,0.0000,
101,1,209,296,323,347,0.0000,0.0000,0.0000,0.0000,0.0000,0.0000,
102,1,209,296,323,347,0.0000,0.0000,0.0000,0.0000,0.0000,0.0000,
103,1,209,296,323,347,0.0000,0.0000,0.0000,0.0000,0.0000,0.0000,
104,1,209,296,323,347,0.0000,0.0000,0.0000,0.0000,0.0000,0.0000,
105,1,209,296,323,347,0.0000,0.0000,0.0000,0.0000,0.0000,0.0000,
106,1,209,296,323,347,0.0000,0.0000,0.0000,0.0000,0.0000,0.0000,
107,1,209,296,323,347,0.0000,0.0000,0.0000,0.0000,0.0000,0.0000,
108,1,209,296,323,347,0.0000,0.0000,0.0000,0.0000,0.0000,0.0000,
109,1,209,296,323,347,0.0000,0.0000,0.0000,0.0000,0.0000,0.0000,
110,1,209,296,323,347,0.0000,0.0000,0.0000,0.0000,0.0000,0.0000,
111,1,209,296,323,347,0.0000,0.0000,0.0000,0.0000,0.0000,0.0000,
112,1,209,296,323,347,0.0000,0.0000,0.0000,0.0000,0.0000,0.0000,
113,1,209,296,323,347,0.0000,0.0000,0.0000,0.0000,0.0000,0.0000,
114,1,209,296,323,347,0.0000,0.0000,0.0000,0.0000,0.0000,0.0000,
115,1,209,296,323,347,0.0000,0.0000,0.0000,0.0000,0.0000,0.0000,
116,1,209,296,323,347,0.0000,0.0000,0.0000,0.0000,0.0000,0.0000,
117,1,209,296,323,347,0.0000,0.0000,0.0000,0.0000,0.0000,0.0000,
118,1,209,296,323,347,0.0000,0.0000,0.0000,0.0000,0.0000,0.0000,
119,1,209,296,323,347,0.0000,0.0000,0.0000,0.0000,0.0000,0.0000,
120,1,209,296,323,347,0.0000,0.0000,0.0000,0.0000,0.0000,0.0000,
121,1,209,296,323,347,0.0000,0.0000,0.0000,0.0000,0.0000,0.0000,
122,1,209,296,323,347,0.0000,0.0000,0.0000,0.0000,0.0000,0.0000,
123,1,209,296,323,347,0.0000,0.0000,0.0000,0.0000,0.0000,0.0000,
124,1,209,296,323,347,0.0000,0.0000,0.0000,0.0000,0.0000,0.0000,
125,1,209,296,323,347,0.0000,0.0000,0.0000,0.0000,0.0000,0.0000,
126,1,209,296,323,347,0.0000,0.0000,0.0000,0.0000,0.0000,0.0000,
127,1,209,296,323,347,0.0000,0.0000,0.0000,0.0000,0.0000,0.0000,
128,1,209,296,323,347,0.0000,0.0000,0.0000,0.0000,0.0000,0.0000,
129,1,209,296,323,347,0.0000,0.0000,0.0000,0.0000,0.0000,0.0000,
130,1,209,296,323,347,0.0000,0.0000,0.0000,0.0000,0.0000,0.0000,
131,1,209,296,323,347,0.0000,0.0000,0.0000,0.0000,0.0000,0.0000,
132,1,209,296,323,347,0.0000,0.0000,0.0000,0.0000,0.0000,0.0000,
133,1,209,296,323,347,0.0000,0.0000,0.0000,0.0000,0.0000,0.0000,
134,1,209,296,323,347,0.0000,0.0000,0.0000,0.0000,0.0000,0.0000,
135,1,209,296,323,347,0.0000,0.0000,0.0000,0.0000,0.0000,0.0000,
136,1,209,296,323,347,0.0000,0.0000,0.0000,0.0000,0.0000,0.0000,
137,1,209,296,323,347,0.0000,0.0000,0.0000,0.0000,0.0000,0.0000,
138,1,209,296,323,347,0.0000,0.0000,0.0000,0.0000,0.0000,0.0000,
139,1,209,296,323,347,0.0000,0.0000,0.0000,0.0000,0.0000,0.0000,
140,1,209,296,323,347,0.0000,0.0000,0.0000,0.0000,0.0000,0.0000,
141,1,209,296,323,347,0.0000,0.0000,0.0000,0.0000,0.0000,0.0000,
142,1,209,296,323,347,0.0000,0.0000,0.0000,0.0000,0.0000,0.0000,
143,1,209,296,323,347,0.0000,0.0000,0.0000,0.0000,0.0000,0.0000,
144,1,209,296,323,347,0.0000,0.0000,0.0000,0.0000,0.0000,0.0000,
145,1,209,296,323,347,0.0000,0.0000,0.0000,0.0000,0.0000,0.0000,
146,1,209,296,323,347,0.0000,0.0000,0.0000,0.0000,0.0000,0.0000,
147,1,209,296,323,347,0.0000,0.0000,0.0000,0.0000,0.0000,0.0000,
148,1,209,296,323,347,0.0000,0.0000,0.0000,0.0000,0.0000,0.0000,
149,1,209,296,323,347,0.0000,0.0000,0.0000,0.0000,0.0000,0.0000,
150,1,209,296,323,347,0.0000,0.0000,0.0000,0.0000,0.0000,0.0000,
151,1,209,296,323,347,0.0000,0.0000,0.0000,0.0000,0.0000,0.0000,
152,1,209,296,323,347,0.0000,0.0000,0.0000,0.0000,0.0000,0.0000,
153,1,209,296,323,347,0.0000,0.0000,0.0000,0.0000,0.0000,0.0000,
154,1,209,296,323,347,0.0000,0.0000,0.0000,0.0000,0.0000,0.0000,
155,1,209,296,323,347,0.0000,0.0000,0.0000,0.0000,0.0000,0.0000,
156,1,209,296,323,347,0.0000,0.0000,0.0000,0.0000,0.0000,0.0000,
157,1,209,296,323,347,0.0000,0.0000,0.0000,0.0000,0.0000,0.0000,
158,1,209,296,323,347,0.0000,0.0000,0.0000,0.0000,0.0000,0.0000,
159,1,209,296,323,347,0.0000,0.0000,0.0000,0.0000,0.0000,0.0000,
160,1,209,296,323,347,0.0000,0.0000,0.0000,0.0000,0.0000,0.0000,
161,1,209,296,323,347,0.0000,0.0000,0.0000,0.0000,0.0000,0.0000,
162,1,209,296,323,347,0.0000,0.0000,0.0000,0.0000,0.0000,0.0000,
163,1,209,296,323,347,0.0000,0.0000,0.0000,0.0000,0.0000,0.0000,
164,1,209,296,323,347,0.0000,0.0000,0.0000,0.0000,0.0000,0.0000,
165,1,209,296,323,347,0.0000,0.0000,0.0000,0.0000,0.0000,0.0000,
166,1,209,296,323,347,0.0000,0.0000,0.0000,0.0000,0.0000,0.0000,
167,1,209,296,323,347,0.0000,0.0000,0.0000,0.0000,0.0000,0.0000,
168,1,209,296,323,347,0.0000,0.0000,0.0000,0.0000,0.0000,0.0000,
169,1,209,296,323,347,0.0000,0.0000,0.0000,0.0000,0.0000,0.0000,
170,1,209,296,323,347,0.0000,0.0000,0.0000,0.0000,0.0000,0.0000,
171,1,209,296,323,347,0.0000,0.0000,0.0000,0.0000,0.0000,0.0000,
172,1,209,296,323,347,0.0000,0.0000,0.0000,0.0000,0.0000,0.0000,
173,1,209,296,323,347,0.0000,0.0000,0.0000,0.0000,0.0000,0.0000,
174,1,209,296,323,347,0.0000,0.0000,0.0000,0.0000,0.0000,0.0000,
175,1,209,296,323,347,0.0000,0.0000,0.0000,0.0000,0.0000,0.0000,
176,1,209,296,323,347,0.0000,0.0000,0.0000,0.0000,0.0000,0.0000,
177,1,209,296,323,347,0.0000,0.0000,0.0000,0.0000,0.0000,0.0000,
178,1,209,296,323,347,0.0000,0.0000,0.0000,0.0000,0.0000,0.0000,
179,1,209,296,323,347,0.0000,0.0000,0.0000,0.0000,0.0000,0.0000,
180,1,209,296,323,347,0.0000,0.0000,0.0000,0.0000,0.0000,0.0000,
181,1,209,296,323,347,0.0000,0.0000,0.0000,0.0000,0.0000,0.0000,
182,1,209,296,323,347,0.0000,0.0000,0.0000,0.0000,0.0000,0.0000,
183,1,209,296,323,347,0.0000,0.0000,0.0000,0.0000,0.0000,0.0000,
184,1,209,296,323,347,0.0000,0.0000,0.0000,0.0000,0.0000,0.0000,
185,1,209,296,323,347,0.0000,0.0000,0.0000,0.0000,0.0000,0.0000,
186,1,209,296,323,347,0.0000,0.0000,0.0000,0.0000,0.0000,0.0000,
187,1,209,296,323,347,0.0000,0.0000,0.0000,0.0000,0.0000,0.0000,
188,1,209,296,323,347,0.0000,0.0000,0.0000,0.0000,0.0000,0.0000,
189,1,209,296,323,347,0.0000,0.0000,0.0000,0.0000,0.0000,0.0000,
190,1,209,296,323,347,0.0000,0.0000,0.0000,0.0000,0.0000,0.0000,
191,1,209,296,323,347,0.0000,0.0000,0.0000,0.0000,0.0000,0.0000,
192,1,209,296,323,347,0.0000,0.0000,0.0000,0.0000,0.0000,0.0000,
193,1,209,296,323,347,0.0000,0.0000,0.0000,0.0000,0.0000,0.0000,
194,1,209,296,323,347,0.0000,0.0000,0.0000,0.0000,0.0000,0.0000,
195,1,209,296,323,347,0.0000,0.0000,0.0000,0.0000,0.0000,0.0000,
196,1,209,296,323,347,0.0000,0.0000,0.0000,0.0000,0.0000,0.0000,
197,1,209,296,323,347,0.0000,0.0000,0.0000,0.0000,0.0000,0.0000,
198,1,209,296,323,347,0.0000,0.0000,0.0000,0.0000,0.0000,0.0000,
199,1,209,296,323,347,0.0000,0.0000,0.0000,0.0000,0.0000,0.0000,
200,1,209,296,323,347,0.0000,0.0000,0.0000,0.0000,0.0000,0.0000,
201,1,209,296,323,347,0.0000,0.0000,0.0000,0.0000,0.0000,0.0000,
202,1,209,296,323,347,0.0000,0.0000,0.0000,0.0000,0.0000,0.0000,
203,1,209,296,323,347,0.0000,0.0000,0.0000,0.0000,0.0000,0.0000,
204,1,209,296,323,347,0.0000,0.0000,0.0000,0.0000,0.0000,0.0000,
205,1,209,296,323,347,0.0000,0.0000,0.0000,0.0000,0.0000,0.0000,
206,1,209,296,323,347,0.0000,0.0000,0.0000,0.0000,0.0000,0.0000,
207,1,209,296,323,347,0.0000,0.0000,0.0000,0.0000,0.0000,0.0000,
208,1,209,296,323,347,0.0000,0.0000,0.0000,0.0000,0.0000,0.0000,
209,1,209,296,323,347,0.0000,0.0000,0.0000,0.0000,0.0000,0.0000,
210,1,209,296,323,347,0.0000,0.0000,0.0000,0.0000,0.0000,0.0000,
211,1,209,296,323,347,0.0000,0.0000,0.0000,0.0000,0.0000,0.0000,
212,1,209,296,323,347,0.0000,0.0000,0.0000,0.0000,0.0000,0.0000,
213,1,209,296,323,347,0.0000,0.0000,0.0000,0.0000,0.0000,0.0000,
214,1,209,296,323,347,0.0000,0.0000,0.0000,0.0000,0.0000,0.0000,
215,1,209,296,323,347,0.0000,0.0000,0.0000,0.0000,0.0000,0.0000,
216,1,209,296,323,347,0.0000,0.0000,0.0000,0.0000,0.0000,0.0000,
217,1,209,296,323,347,0.0000,0.0000,0.0000,0.0000,0.0000,0.0000,
218,1,209,296,323,347,0.0000,0.0000,0.0000,0.0000,0.0000,0.0000,
219,1,209,296,323,347,0.0000,0.0000,0.0000,0.0000,0.0000,0.0000,
220,1,209,296,323,347,0.0000,0.0000,0.0000,0.0000,0.0000,0.0000,
221,1,209,296,323,347,0.0000,0.0000,0.0000,0.0000,0.0000,0.0000,
222,1,209,296,323,347,0.0000,0.0000,0.0000,0.0000,0.0000,0.0000,
223,1,209,296,323,347,0.0000,0.0000,0.0000,0.0000,0.0000,0.0000,
224,1,209,296,323,347,0.0000,0.0000,0.0000,0.0000,0.0000,0.0000,
225,1,209,296,323,347,0.0000,0.0000,0.0000,0.0000,0.0000,0.0000,
226,1,209,296,323,347,0.0000,0.0000,0.0000,0.0000,0.0000,0.0000,
227,1,209,296,323,347,0.0000,0.0000,0.0000,0.0000,0.0000,0.0000,
228,1,209,296,323,347,0.0000,0.0000,0.0000,0.0000,0.0000,0.0000,
229,1,209,296,323,347,0.0000,0.0000,0.0000,0.0000,0.0000,0.0000,
230,1,209,296,323,347,0.0000,0.0000,0.0000,0.0000,0.0000,0.0000,
231,1,209,296,323,347,0.0000,0.0000,0.0000,0.0000,0.0000,0.0000,
232,1,209,296,323,347,0.0000,0.0000,0.0000,0.0000,0.0000,0.0000,
233,1,209,296,323,347,0.0000,0.0000,0.0000,0.0000,0.0000,0.0000,
234,1,209,296,323,347,0.0000,0.0000,0.0000,0.0000,0.0000,0.0000,
235,1,209,296,323,347,0.0000,0.0000,0.0000,0.0000,0.0000,0.0000,
236,1,209,296,323,347,0.0000,0.0000,0.0000,0.0000,0.0000,0.0000,
237,1,209,296,323,347,0.0000,0.0000,0.0000,0.0000,0.0000,0.0000,
238,1,209,296,323,347,0.0000,0.0000,0.0000,0.0000,0.0000,0.0000,
239,1,209,296,323,347,0.0000,0.0000,0.0000,0.0000,0.0000,0.0000,
240,1,209,296,323,347,0.0000,0.0000,0.0000,0.0000,0.0000,0.0000,
241,1,209,296,323,347,0.0000,0.0000,0.0000,0.0000,0.0000,0.0000,
242,1,209,296,323,347,0.0000,0.0000,0.0000,0.0000,0.0000,0.0000,
243,1,209,296,323,347,0.0000,0.0000,0.0000,0.0000,0.0000,0.0000,
244,1,209,296,323,347,0.0000,0.0000,0.0000,0.0000,0.0000,0.0000,
245,1,209,296,323,347,0.0000,0.0000,0.0000,0.0000,0.0000,0.0000,
246,1,209,296,323,347,0.0000,0.0000,0.0000,0.0000,0.0000,0.0000,
247,1,209,296,323,347,0.0000,0.0000,0.0000,0.0000,0.0000,0.0000,
248,1,209,296,323,347,0.0000,0.0000,0.0000,0.0000,0.0000,0.0000,
249,1,209,296,323,347,0.0000,0.0000,0.0000,0.0000,0.0000,0.0000,
250,1,209,296,323,347,0.0000,0.0000,0.0000,0.0000,0.0000,0.0000,
251,1,209,296,323,347,0.0000,0.0000,0.0000,0.0000,0.0000,0.0000,
252,1,209,296,323,347,0.0000,0.0000,0.0000,0.0000,0.0000,0.0000,
253,1,209,296,323,347,0.0000,0.0000,0.0000,0.0000,0.0000,0.0000,
254,1,209,296,323,347,0.0000,0.0000,0.0000,0.0000,0.0000,0.0000,
255,1,209,296,323,347,0.0000,0.0000,0.0000,0.0000,0.0000,0.0000,
256,1,209,296,323,347,0.0000,0.0000,0.0000,0.0000,0.0000,0.0000,
257,1,209,296,323,347,0.0000,0.0000,0.0000,0.0000,0.0000,0.0000,
258,1,209,296,323,347,0.0000,0.0000,0.0000,0.0000,0.0000,0.0000,
259,1,209,296,323,347,0.0000,0.0000,0.0000,0.0000,0.0000,0.0000,
260,1,209,296,323,347,0.0000,0.0000,0.0000,0.0000,0.0000,0.0000,
261,1,209,296,323,347,0.0000,0.0000,0.0000,0.0000,0.0000,0.0000,
262,1,209,296,323,347,0.0000,0.0000,0.0000,0.0000,0.0000,0.0000,
263,1,209,296,323,347,0.0000,0.0000,0.0000,0.0000,0.0000,0.0000,
264,1,209,296,323,347,0.0000,0.0000,0.0000,0.0000,0.0000,0.0000,
265,1,209,296,323,347,0.0000,0.0000,0.0000,0.0000,0.0000,0.0000,
266,1,209,296,323,347,0.0000,0.0000,0.0000,0.0000,0.0000,0.0000,
267,1,209,296,323,347,0.0000,0.0000,0.0000,0.0000,0.0000,0.0000,
268,1,209,296,323,347,0.0000,0.0000,0.0000,0.0000,0.0000,0.0000,
269,1,209,296,323,347,0.0000,0.0000,0.0000,0.0000,0.0000,0.0000,
270,1,209,296,323,347,0.0000,0.0000,0.0000,0.0000,0.0000,0.0000,
271,1,209,296,323,347,0.0000,0.0000,0.0000,0.0000,0.0000,0.0000,
272,1,209,296,323,347,0.0000,0.0000,0.0000,0.0000,0.0000,0.0000,
273,1,209,296,323,347,0.0000,0.0000,0.0000,0.0000,0.0000,0.0000,
274,1,209,296,323,347,0.0000,0.0000,0.0000,0.0000,0.0000,0.0000,
275,1,209,296,323,347,0.0000,0.0000,0.0000,0.0000,0.0000,0.0000,
276,1,209,296,323,347,0.0000,0.0000,0.0000,0.0000,0.0000,0.0000,
277,1,209,296,323,347,0.0000,0.0000,0.0000,0.0000,0.0000,0.0000,
278,1,209,296,323,347,0.0000,0.0000,0.0000,0.0000,0.0000,0.0000,
279,1,209,296,323,347,0.0000,0.0000,0.0000,0.0000,0.0000,0.0000,
280,1,209,296,323,347,0.0000,0.0000,0.0000,0.0000,0.0000,0.0000,
281,1,209,296,323,347,0.0000,0.0000,0.0000,0.0000,0.0000,0.0000,
282,1,209,296,323,347,0.0000,0.0000,0.0000,0.0000,0.0000,0.0000,
283,1,209,296,323,347,0.0000,0.0000,0.0000,0.0000,0.0000,0.0000,
284,1,209,296,323,347,0.0000,0.0000,0.0000,0.0000,0.0000,0.0000,
285,1,209,296,323,347,0.0000,0.0000,0.0000,0.0000,0.0000,0.0000,
286,1,209,296,323,347,0.0000,0.0000,0.0000,0.0000,0.0000,0.0000,
287,1,209,296,323,347,0.0000,0.0000,0.0000,0.0000,0.0000,0.0000,
288,1,209,296,323,347,0.0000,0.0000,0.0000,0.0000,0.0000,0.0000,
289,1,209,296,323,347,0.0000,0.0000,0.0000,0.0000,0.0000,0.0000,
290,1,209,296,323,347,0.0000,0.0000,0.0000,0.0000,0.0000,0.0000,
291,1,209,296,323,347,0.0000,0.0000,0.0000,0.0000,0.0000,0.0000,
292,1,209,296,323,347,0.0000,0.0000,0.0000,0.0000,0.0000,0.0000,
293,1,209,296,323,347,0.0000,0.0000,0.0000,0.0000,0.0000,0.0000,
294,1,209,296,323,347,0.0000,0.0000,0.0000,0.0000,0.0000,0.0000,
295,1,209,296,323,347,0.0000,0.0000,0.0000,0.0000,0.0000,0.0000,
296,1,209,296,323,347,0.0000,0.0000,0.0000,0.0000,0.0000,0.0000,
297,1,209,296,323,347,0.0000,0.0000,0.0000,0.0000,0.0000,0.0000,
298,1,209,296,323,347,0.0000,0.0000,0.0000,0.0000,0.0000,0.0000,
299,1,209,296,323,347,0.0000,0.0000,0.0000,0.0000,0.0000,0.0000,
300,1,209,296,323,347,0.0000,0.0000,0.0000,0.0000,0.0000,0.0000,
301,1,209,296,323,347,0.0000,0.0000,0.0000,0.0000,0.0000,0.0000,
302,1,209,296,323,347,0.0000,0.0000,0.0000,0.0000,0.0000,0.0000,
303,1,209,296,323,347,0.0000,0.0000,0.0000,0.0000,0.0000,0.0000,
304,1,209,296,323,347,0.0000,0.0000,0.0000,0.0000,0.0000,0.0000,
305,1,209,296,323,347,0.0000,0.0000,0.0000,0.0000,0.0000,0.0000,
306,1,209,296,323,347,0.0000,0.0000,0.0000,0.0000,0.0000,0.0000,
307,1,209,296,323,347,0.0000,0.0000,0.0000,0.0000,0.0000,0.0000,
308,1,209,296,323,347,0.0000,0.0000,0.0000,0.0000,0.0000,0.0000,
309,1,209,296,323,347,0.0000,0.0000,0.0000,0.0000,0.0000,0.0000,
310,1,209,296,323,347,0.0000,0.0000,0.0000,0.0000,0.0000,0.0000,
311,1,209,296,323,347,0.0000,0.0000,0.0000,0.0000,0.0000,0.0000,
312,1,209,296,323,347,0.0000,0.0000,0.0000,0.0000,0.0000,0.0000,
313,1,209,296,323,347,0.0000,0.0000,0.0000,0.0000,0.0000,0.0000,
314,1,209,296,323,347,0.0000,0.0000,0.0000,0.0000,0.0000,0.0000,
315,1,209,296,323,347,0.0000,0.0000,0.0000,0.0000,0.0000,0.0000,
316,1,209,296,323,347,0.0000,0.0000,0.0000,0.0000,0.0000,0.0000,
317,1,209,296,323,347,0.0000,0.0000,0.0000,0.0000,0.0000,0.0000,
318,1,209,296,323,347,0.0000,0.0000,0.0000,0.0000,0.0000,0.0000,
319,1,209,296,323,347,0.0000,0.0000,0.0000,0.0000,0.0000,0.0000,
320,1,209,296,323,347,0.0000,0.0000,0.0000,0.0000,0.0000,0.0000,
321,1,209,296,323,347,0.0000,0.0000,0.0000,0.0000,0.0000,0.0000,
322,1,209,296,323,347,0.0000,0.0000,0.0000,0.0000,0.0000,0.0000,
323,1,209,296,323,347,0.0000,0.0000,0.0000,0.0000,0.0000,0.0000,
324,1,209,296,323,347,0.0000,0.0000,0.0000,0.0000,0.0000,0.0000,
325,1,209,296,323,347,0.0000,0.0000,0.0000,0.0000,0.0000,0.0000,
326,1,209,296,323,347,0.0000,0.0000,0.0000,0.0000,0.0000,0.0000,
327,1,209,296,323,347,0.0000,0.0000,0.0000,0.0000,0.0000,0.0000,
328,1,209,296,323,347,0.0000,0.0000,0.0000,0.0000,0.0000,0.0000,
329,1,209,296,323,347,0.0000,0.0000,0.0000,0.0000,0.0000,0.0000,
330,1,209,296,323,347,0.0000,0.0000,0.0000,0.0000,0.0000,0.0000,
331,1,209,296,323,347,0.0000,0.0000,0.0000,0.0000,0.0000,0.0000,
332,1,209,296,323,347,0.0000,0.0000,0.0000,0.0000,0.0000,0.0000,
333,1,209,296,323,347,0.0000,0.0000,0.0000,0.0000,0.0000,0.0000,
334,1,209,296,323,347,0.0000,0.0000,0.0000,0.0000,0.0000,0.0000,
335,1,209,296,323,347,0.0000,0.0000,0.0000,0.0000,0.0000,0.0000,
336,1,209,296,323,347,0.0000,0.0000,0.0000,0.0000,0.0000,0.0000,
337,1,209,296,323,347,0.0000,0.0000,0.0000,0.0000,0.0000,0.0000,
338,1,209,296,323,347,0.0000,0.0000,0.0000,0.0000,0.0000,0.0000,
339,1,209,296,323,347,0.0000,0.0000,0.0000,0.0000,0.0000,0.0000,
340,1,209,296,323,347,0.0000,0.0000,0.0000,0.0000,0.0000,0.0000,
341,1,209,296,323,347,0.0000,0.0000,0.0000,0.0000,0.0000,0.0000,
342,1,209,296,323,347,0.0000,0.0000,0.0000,0.0000,0.0000,0.0000,
343,1,209,296,323,347,0.0000,0.0000,0.0000,0.0000,0.0000,0.0000,
344,1,209,296,323,347,0.0000,0.0000,0.0000,0.0000,0.0000,0.0000,
345,1,209,296,323,347,0.0000,0.0000,0.0000,0.0000,0.0000,0.0000,
346,1,209,296,323,347,0.0000,0.0000,0.0000,0.0000,0.0000,0.0000,
347,1,209,296,323,347,0.0000,0.0000,0.0000,0.0000,0.0000,0.0000,
348,1,209,296,323,347,0.0000,0.0000,0.0000,0.0000,0.0000,0.0000,
349,1,209,296,323,347,0.0000,0.0000,0.0000,0.0000,0.0000,0.0000,
350,1,209,296,323,347,0.0000,0.0000,0.0000,0.0000,0.0000,0.0000,
351,1,211,292,309,351,1.0001,0.0001,0.0001,1.0001,9.9935,9.9890,
352,1,211,292,309,351,0.9951,0.0307,-0.0099,1.0048,9.2833,10.0503,
353,1,211,292,309,351,0.9927,0.0100,-0.0026,1.0271,9.6600,9.0168,
354,1,211,292,309,351,1.0033,0.0128,-0.0065,1.0228,9.0350,9.0297,
355,1,211,292,309,351,0.9956,0.0032,-0.0139,0.9988,9.2849,9.8378,
356,1,210,290,308,352,1.0075,-0.0683,-0.0069,1.0589,10.1281,7.7214,
357,1,209,291,307,347,0.9948,0.0296,0.0002,0.9152,8.0086,10.1540,
358,1,207,291,305,342,0.9992,-0.0016,-0.0047,0.9227,8.0343,9.5155,
359,1,205,290,303,338,0.9964,-0.0253,-0.0043,0.9386,8.1211,8.8794,
360,1,202,289,300,334,0.9982,-0.0256,0.0052,0.9391,7.4895,8.2571,
361,1,199,288,297,330,1.0022,-0.0343,-0.0028,0.9317,6.7896,8.6773,
362,1,195,286,292,327,0.9975,-0.1154,0.0057,0.9597,7.6637,7.6738,
363,1,193,276,288,326,0.8364,1.1803,0.0028,0.9560,-2.7894,7.5842,
364,1,188,278,282,320,0.9888,-0.1536,-0.0281,0.8402,8.7914,13.3081,
365,1,165,271,289,319,0.2942,2.0850,0.0559,0.8376,-14.1635,9.4257,
366,1,163,272,282,317,-0.1984,9.8005,-0.0775,1.6108,-0.7188,10.7757,
367,1,158,272,276,314,1.6413,0.1420,0.0254,0.9680,-64.2028,7.1064,
368,1,154,272,276,315,0.9822,0.4599,-0.0393,1.2801,38.7326,51.0151,
369,1,149,271,270,315,0.9914,-0.0579,0.0126,1.0076,5.4286,8.0126,
370,1,144,272,263,315,0.9872,-0.0399,-0.0004,0.9923,5.4257,10.2430,
371,1,136,274,258,315,1.0235,0.0662,-0.0067,0.9681,-0.0779,11.7854,
372,1,125,275,253,318,1.0505,0.0217,-0.0041,1.0531,-2.3572,10.2891,
373,1,131,270,240,318,1.5912,1.0343,0.0691,1.1965,-79.6519,0.5870,
374,1,121,273,235,321,1.0432,0.1346,-0.0202,1.0023,-3.5701,13.7718,
375,1,116,275,230,326,1.0005,-0.0115,0.0029,1.0471,4.2977,11.7011,
376,1,111,278,225,332,1.0059,-0.0075,-0.0110,1.0675,4.4837,12.7160,
377,1,107,281,220,338,0.9910,-0.0047,-0.0018,1.0572,6.0338,12.6615,
378,1,104,284,216,345,0.9964,0.0056,-0.0139,1.0610,6.1718,13.5912,
379,1,101,288,213,352,0.9990,0.0099,-0.0166,1.0519,6.3937,14.0624,
380,1,99,292,211,359,0.9917,0.0344,-0.0191,1.0436,6.8380,14.5252,
381,1,81,284,197,363,1.0000,0.0000,0.0000,1.0000,9.9990,9.9993,
382,1,80,289,196,368,1.0007,0.0496,-0.0226,1.0098,6.6196,15.4639,
383,1,79,293,195,374,1.0031,0.0251,-0.0219,1.0274,7.5320,14.7206,
384,1,78,297,195,379,1.0047,0.0380,-0.0226,1.0111,7.3454,14.7715,
385,1,78,301,195,383,0.9965,0.0288,-0.0147,1.0015,8.3119,14.2622,
386,1,78,304,195,387,0.9970,0.0178,-0.0086,1.0105,8.9174,13.1001,
387,1,78,307,195,391,1.0053,0.0175,-0.0097,1.0038,8.5587,13.3686,
388,1,78,310,195,394,1.0024,0.0176,-0.0057,1.0059,8.8735,12.7481,
389,1,78,313,195,397,1.0026,0.0167,-0.0085,0.9938,8.8757,13.0811,
390,1,78,316,195,399,0.9972,0.0140,0.0001,0.9937,9.2129,12.5079,
391,1,78,319,195,401,1.0029,0.0104,0.0001,0.9973,8.9180,12.1110,
392,1,78,321,196,403,1.0087,0.0015,-0.0063,1.0006,9.0492,11.9633,
393,1,78,323,196,405,1.0020,0.0081,0.0012,0.9913,9.1015,11.6734,
394,1,78,325,196,407,1.0012,-0.0021,-0.0035,0.9925,9.6672,11.9376,
395,1,79,327,196,409,0.9996,0.0094,-0.0032,1.0045,9.6175,11.7634,
396,1,81,330,197,410,0.9912,0.0431,0.0020,0.9788,9.3742,12.0046,
397,1,81,333,198,408,1.0063,-0.0009,0.0029,0.9442,9.4569,12.0688,
398,1,81,335,198,408,0.9995,0.0013,0.0027,0.9696,9.8433,11.4207,
399,1,82,337,198,407,0.9957,0.0035,0.0145,0.9634,10.2746,10.5844,
400,1,83,339,198,405,0.9925,-0.0351,0.0058,0.9379,11.3220,11.4714,
401,1,76,329,178,394,0.9938,0.0145,0.0048,0.9836,10.2487,10.2696,
402,1,76,329,178,394,0.9913,-0.0290,0.0075,1.0082,11.0000,9.7371,
403,1,76,329,178,394,1.0002,-0.0067,0.0005,1.0039,10.0309,9.8378,
404,1,76,329,178,394,0.9994,-0.0087,0.0017,1.0007,10.1408,9.8120,
405,1,76,329,178,394,1.0023,-0.0127,0.0023,0.9988,10.2238,9.8423,
406,1,76,329,178,394,1.0039,0.0028,-0.0047,0.9860,9.5027,10.8067,
407,1,76,329,178,394,0.9979,0.0024,0.0037,1.0078,10.0672,9.4655,
408,1,76,329,178,394,1.0022,-0.0195,-0.0013,1.0103,10.6808,9.6248,
409,1,76,329,178,394,0.9992,-0.0087,0.0051,1.0020,10.4251,9.4521,
410,1,76,329,178,394,1.0015,-0.0249,0.0035,1.0012,10.9029,9.5081,
411,1,70,339,197,394,0.0000,0.0000,0.0000,0.0000,0.0000,0.0000,
412,1,70,339,197,394,0.0000,0.0000,0.0000,0.0000,0.0000,0.0000,
413,1,70,339,197,394,0.0000,0.0000,0.0000,0.0000,0.0000,0.0000,
414,1,70,339,197,394,0.0000,0.0000,0.0000,0.0000,0.0000,0.0000,
415,1,70,339,197,394,0.0000,0.0000,0.0000,0.0000,0.0000,0.0000,
416,1,70,339,197,394,0.0000,0.0000,0.0000,0.0000,0.0000,0.0000,
417,1,70,339,197,394,0.0000,0.0000,0.0000,0.0000,0.0000,0.0000,
418,1,70,339,197,394,0.0000,0.0000,0.0000,0.0000,0.0000,0.0000,
419,1,70,339,197,394,0.0000,0.0000,0.0000,0.0000,0.0000,0.0000,
420,1,70,339,197,394,0.0000,0.0000,0.0000,0.0000,0.0000,0.0000,
421,1,70,339,197,394,0.0000,0.0000,0.0000,0.0000,0.0000,0.0000,
422,1,70,339,197,394,0.0000,0.0000,0.0000,0.0000,0.0000,0.0000,
423,1,70,339,197,394,0.0000,0.0000,0.0000,0.0000,0.0000,0.0000,
424,1,70,339,197,394,0.0000,0.0000,0.0000,0.0000,0.0000,0.0000,
425,1,70,339,197,394,0.0000,0.0000,0.0000,0.0000,0.0000,0.0000,
426,1,70,339,197,394,0.0000,0.0000,0.0000,0.0000,0.0000,0.0000,
427,1,70,339,197,394,0.0000,0.0000,0.0000,0.0000,0.0000,0.0000,
428,1,70,339,197,394,0.0000,0.0000,0.0000,0.0000,0.0000,0.0000,
429,1,70,339,197,394,0.0000,0.0000,0.0000,0.0000,0.0000,0.0000,
430,1,70,339,197,394,0.0000,0.0000,0.0000,0.0000,0.0000,0.0000,
431,1,70,339,197,394,0.0000,0.0000,0.0000,0.0000,0.0000,0.0000,
432,1,70,339,197,394,0.0000,0.0000,0.0000,0.0000,0.0000,0.0000,
433,1,70,339,197,394,0.0000,0.0000,0.0000,0.0000,0.0000,0.0000,
434,1,70,339,197,394,0.0000,0.0000,0.0000,0.0000,0.0000,0.0000,
435,1,70,339,197,394,0.0000,0.0000,0.0000,0.0000,0.0000,0.0000,
436,1,70,339,197,394,0.0000,0.0000,0.0000,0.0000,0.0000,0.0000,
437,1,70,339,197,394,0.0000,0.0000,0.0000,0.0000,0.0000,0.0000,
438,1,70,339,197,394,0.0000,0.0000,0.0000,0.0000,0.0000,0.0000,
439,1,70,339,197,394,0.0000,0.0000,0.0000,0.0000,0.0000,0.0000,
440,1,70,339,197,394,0.0000,0.0000,0.0000,0.0000,0.0000,0.0000,
441,1,70,339,197,394,0.0000,0.0000,0.0000,0.0000,0.0000,0.0000,
442,1,70,339,197,394,0.0000,0.0000,0.0000,0.0000,0.0000,0.0000,
443,1,70,339,197,394,0.0000,0.0000,0.0000,0.0000,0.0000,0.0000,
444,1,70,339,197,394,0.0000,0.0000,0.0000,0.0000,0.0000,0.0000,
445,1,70,339,197,394,0.0000,0.0000,0.0000,0.0000,0.0000,0.0000,
446,1,70,339,197,394,0.0000,0.0000,0.0000,0.0000,0.0000,0.0000,
447,1,70,339,197,394,0.0000,0.0000,0.0000,0.0000,0.0000,0.0000,
448,1,70,339,197,394,0.0000,0.0000,0.0000,0.0000,0.0000,0.0000,
449,1,70,339,197,394,0.0000,0.0000,0.0000,0.0000,0.0000,0.0000,
450,1,70,339,197,394,0.0000,0.0000,0.0000,0.0000,0.0000,0.0000,
451,1,70,339,197,394,0.0000,0.0000,0.0000,0.0000,0.0000,0.0000,
452,1,70,339,197,394,0.0000,0.0000,0.0000,0.0000,0.0000,0.0000,
453,1,70,339,197,394,0.0000,0.0000,0.0000,0.0000,0.0000,0.0000,
454,1,70,339,197,394,0.0000,0.0000,0.0000,0.0000,0.0000,0.0000,
455,1,70,339,197,394,0.0000,0.0000,0.0000,0.0000,0.0000,0.0000,
456,1,70,339,197,394,0.0000,0.0000,0.0000,0.0000,0.0000,0.0000,
457,1,70,339,197,394,0.0000,0.0000,0.0000,0.0000,0.0000,0.0000,
458,1,70,339,197,394,0.0000,0.0000,0.0000,0.0000,0.0000,0.0000,
459,1,70,339,197,394,0.0000,0.0000,0.0000,0.0000,0.0000,0.0000,
460,1,70,339,197,394,0.0000,0.0000,0.0000,0.0000,0.0000,0.0000,
461,1,70,339,197,394,0.0000,0.0000,0.0000,0.0000,0.0000,0.0000,
462,1,70,339,197,394,0.0000,0.0000,0.0000,0.0000,0.0000,0.0000,
463,1,70,339,197,394,0.0000,0.0000,0.0000,0.0000,0.0000,0.0000,
464,1,70,339,197,394,0.0000,0.0000,0.0000,0.0000,0.0000,0.0000,
465,1,70,339,197,394,0.0000,0.0000,0.0000,0.0000,0.0000,0.0000,
466,1,70,339,197,394,0.0000,0.0000,0.0000,0.0000,0.0000,0.0000,
467,1,70,339,197,394,0.0000,0.0000,0.0000,0.0000,0.0000,0.0000,
468,1,70,339,197,394,0.0000,0.0000,0.0000,0.0000,0.0000,0.0000,
469,1,70,339,197,394,0.0000,0.0000,0.0000,0.0000,0.0000,0.0000,
470,1,70,339,197,394,0.0000,0.0000,0.0000,0.0000,0.0000,0.0000,
471,1,70,339,197,394,0.0000,0.0000,0.0000,0.0000,0.0000,0.0000,
472,1,70,339,197,394,0.0000,0.0000,0.0000,0.0000,0.0000,0.0000,
473,1,70,339,197,394,0.0000,0.0000,0.0000,0.0000,0.0000,0.0000,
474,1,70,339,197,394,0.0000,0.0000,0.0000,0.0000,0.0000,0.0000,
475,1,70,339,197,394,0.0000,0.0000,0.0000,0.0000,0.0000,0.0000,
476,1,70,339,197,394,0.0000,0.0000,0.0000,0.0000,0.0000,0.0000,
477,1,70,339,197,394,0.0000,0.0000,0.0000,0.0000,0.0000,0.0000,
478,1,70,339,197,394,0.0000,0.0000,0.0000,0.0000,0.0000,0.0000,
479,1,70,339,197,394,0.0000,0.0000,0.0000,0.0000,0.0000,0.0000,
480,1,70,339,197,394,0.0000,0.0000,0.0000,0.0000,0.0000,0.0000,
481,1,70,339,197,394,0.0000,0.0000,0.0000,0.0000,0.0000,0.0000,
482,1,70,339,197,394,0.0000,0.0000,0.0000,0.0000,0.0000,0.0000,
483,1,70,339,197,394,0.0000,0.0000,0.0000,0.0000,0.0000,0.0000,
484,1,70,339,197,394,0.0000,0.0000,0.0000,0.0000,0.0000,0.0000,
485,1,70,339,197,394,0.0000,0.0000,0.0000,0.0000,0.0000,0.0000,
486,1,70,339,197,394,0.0000,0.0000,0.0000,0.0000,0.0000,0.0000,
487,1,70,339,197,394,0.0000,0.0000,0.0000,0.0000,0.0000,0.0000,
488,1,70,339,197,394,0.0000,0.0000,0.0000,0.0000,0.0000,0.0000,
489,1,70,339,197,394,0.0000,0.0000,0.0000,0.0000,0.0000,0.0000,
490,1,70,339,197,394,0.0000,0.0000,0.0000,0.0000,0.0000,0.0000,
491,1,70,339,197,394,0.0000,0.0000,0.0000,0.0000,0.0000,0.0000,
492,1,70,339,197,394,0.0000,0.0000,0.0000,0.0000,0.0000,0.0000,
493,1,70,339,197,394,0.0000,0.0000,0.0000,0.0000,0.0000,0.0000,
494,1,70,339,197,394,0.0000,0.0000,0.0000,0.0000,0.0000,0.0000,
495,1,70,339,197,394,0.0000,0.0000,0.0000,0.0000,0.0000,0.0000,
496,1,70,339,197,394,0.0000,0.0000,0.0000,0.0000,0.0000,0.0000,
497,1,70,339,197,394,0.0000,0.0000,0.0000,0.0000,0.0000,0.0000,
498,1,70,339,197,394,0.0000,0.0000,0.0000,0.0000,0.0000,0.0000,
499,1,70,339,197,394,0.0000,0.0000,0.0000,0.0000,0.0000,0.0000,
500,1,70,339,197,394,0.0000,0.0000,0.0000,0.0000,0.0000,0.0000,
501,1,70,339,197,394,0.0000,0.0000,0.0000,0.0000,0.0000,0.0000,
502,1,70,339,197,394,0.0000,0.0000,0.0000,0.0000,0.0000,0.0000,
503,1,70,339,197,394,0.0000,0.0000,0.0000,0.0000,0.0000,0.0000,
504,1,70,339,197,394,0.0000,0.0000,0.0000,0.0000,0.0000,0.0000,
505,1,70,339,197,394,0.0000,0.0000,0.0000,0.0000,0.0000,0.0000,
506,1,70,339,197,394,0.0000,0.0000,0.0000,0.0000,0.0000,0.0000,
507,1,70,339,197,394,0.0000,0.0000,0.0000,0.0000,0.0000,0.0000,
508,1,70,339,197,394,0.0000,0.0000,0.0000,0.0000,0.0000,0.0000,
509,1,70,339,197,394,0.0000,0.0000,0.0000,0.0000,0.0000,0.0000,
510,1,70,339,197,394,0.0000,0.0000,0.0000,0.0000,0.0000,0.0000,
511,1,70,339,197,394,0.0000,0.0000,0.0000,0.0000,0.0000,0.0000,
512,1,70,339,197,394,0.0000,0.0000,0.0000,0.0000,0.0000,0.0000,
513,1,70,339,197,394,0.0000,0.0000,0.0000,0.0000,0.0000,0.0000,
514,1,70,339,197,394,0.0000,0.0000,0.0000,0.0000,0.0000,0.0000,
515,1,70,339,197,394,0.0000,0.0000,0.0000,0.0000,0.0000,0.0000,
516,1,70,339,197,394,0.0000,0.0000,0.0000,0.0000,0.0000,0.0000,
517,1,70,339,197,394,0.0000,0.0000,0.0000,0.0000,0.0000,0.0000,
518,1,70,339,197,394,0.0000,0.0000,0.0000,0.0000,0.0000,0.0000,
519,1,70,339,197,394,0.0000,0.0000,0.0000,0.0000,0.0000,0.0000,
520,1,70,339,197,394,0.0000,0.0000,0.0000,0.0000,0.0000,0.0000,
521,1,70,339,197,394,0.0000,0.0000,0.0000,0.0000,0.0000,0.0000,
522,1,70,339,197,394,0.0000,0.0000,0.0000,0.0000,0.0000,0.0000,
523,1,70,339,197,394,0.0000,0.0000,0.0000,0.0000,0.0000,0.0000,
524,1,70,339,197,394,0.0000,0.0000,0.0000,0.0000,0.0000,0.0000,
525,1,70,339,197,394,0.0000,0.0000,0.0000,0.0000,0.0000,0.0000,
526,1,70,339,197,394,0.0000,0.0000,0.0000,0.0000,0.0000,0.0000,
527,1,70,339,197,394,0.0000,0.0000,0.0000,0.0000,0.0000,0.0000,
528,1,70,339,197,394,0.0000,0.0000,0.0000,0.0000,0.0000,0.0000,
529,1,70,339,197,394,0.0000,0.0000,0.0000,0.0000,0.0000,0.0000,
530,1,70,339,197,394,0.0000,0.0000,0.0000,0.0000,0.0000,0.0000,
531,1,70,339,197,394,0.0000,0.0000,0.0000,0.0000,0.0000,0.0000,
532,1,70,339,197,394,0.0000,0.0000,0.0000,0.0000,0.0000,0.0000,
533,1,70,339,197,394,0.0000,0.0000,0.0000,0.0000,0.0000,0.0000,
534,1,70,339,197,394,0.0000,0.0000,0.0000,0.0000,0.0000,0.0000,
535,1,70,339,197,394,0.0000,0.0000,0.0000,0.0000,0.0000,0.0000,
536,1,70,339,197,394,0.0000,0.0000,0.0000,0.0000,0.0000,0.0000,
537,1,70,339,197,394,0.0000,0.0000,0.0000,0.0000,0.0000,0.0000,
538,1,70,339,197,394,0.0000,0.0000,0.0000,0.0000,0.0000,0.0000,
539,1,70,339,197,394,0.0000,0.0000,0.0000,0.0000,0.0000,0.0000,
540,1,70,339,197,394,0.0000,0.0000,0.0000,0.0000,0.0000,0.0000,
541,1,70,339,197,394,0.0000,0.0000,0.0000,0.0000,0.0000,0.0000,
542,1,70,339,197,394,0.0000,0.0000,0.0000,0.0000,0.0000,0.0000,
543,1,70,339,197,394,0.0000,0.0000,0.0000,0.0000,0.0000,0.0000,
544,1,70,339,197,394,0.0000,0.0000,0.0000,0.0000,0.0000,0.0000,
545,1,70,339,197,394,0.0000,0.0000,0.0000,0.0000,0.0000,0.0000,
546,1,70,339,197,394,0.0000,0.0000,0.0000,0.0000,0.0000,0.0000,
547,1,70,339,197,394,0.0000,0.0000,0.0000,0.0000,0.0000,0.0000,
548,1,70,339,197,394,0.0000,0.0000,0.0000,0.0000,0.0000,0.0000,
549,1,70,339,197,394,0.0000,0.0000,0.0000,0.0000,0.0000,0.0000,
550,1,70,339,197,394,0.0000,0.0000,0.0000,0.0000,0.0000,0.0000,
551,1,70,339,197,394,0.0000,0.0000,0.0000,0.0000,0.0000,0.0000,
552,1,70,339,197,394,0.0000,0.0000,0.0000,0.0000,0.0000,0.0000,
553,1,70,339,197,394,0.0000,0.0000,0.0000,0.0000,0.0000,0.0000,
554,1,70,339,197,394,0.0000,0.0000,0.0000,0.0000,0.0000,0.0000,
555,1,70,339,197,394,0.0000,0.0000,0.0000,0.0000,0.0000,0.0000,
556,1,70,339,197,394,0.0000,0.0000,0.0000,0.0000,0.0000,0.0000,
557,1,70,339,197,394,0.0000,0.0000,0.0000,0.0000,0.0000,0.0000,
558,1,70,339,197,394,0.0000,0.0000,0.0000,0.0000,0.0000,0.0000,
559,1,70,339,197,394,0.0000,0.0000,0.0000,0.0000,0.0000,0.0000,
560,1,70,339,197,394,0.0000,0.0000,0.0000,0.0000,0.0000,0.0000,
561,1,70,339,197,394,0.0000,0.0000,0.0000,0.0000,0.0000,0.0000,
562,1,70,339,197,394,0.0000,0.0000,0.0000,0.0000,0.0000,0.0000,
563,1,70,339,197,394,0.0000,0.0000,0.0000,0.0000,0.0000,0.0000,
564,1,70,339,197,394,0.0000,0.0000,0.0000,0.0000,0.0000,0.0000,
565,1,70,339,197,394,0.0000,0.0000,0.0000,0.0000,0.0000,0.0000,
566,1,70,339,197,394,0.0000,0.0000,0.0000,0.0000,0.0000,0.0000,
567,1,70,339,197,394,0.0000,0.0000,0.0000,0.0000,0.0000,0.0000,
568,1,70,339,197,394,0.0000,0.0000,0.0000,0.0000,0.0000,0.0000,
569,1,70,339,197,394,0.0000,0.0000,0.0000,0.0000,0.0000,0.0000,
570,1,70,339,197,394,0.0000,0.0000,0.0000,0.0000,0.0000,0.0000,
571,1,70,339,197,394,0.0000,0.0000,0.0000,0.0000,0.0000,0.0000,
572,1,70,339,197,394,0.0000,0.0000,0.0000,0.0000,0.0000,0.0000,
573,1,70,339,197,394,0.0000,0.0000,0.0000,0.0000,0.0000,0.0000,
574,1,70,339,197,394,0.0000,0.0000,0.0000,0.0000,0.0000,0.0000,
575,1,70,339,197,394,0.0000,0.0000,0.0000,0.0000,0.0000,0.0000,
576,1,70,339,197,394,0.0000,0.0000,0.0000,0.0000,0.0000,0.0000,
577,1,70,339,197,394,0.0000,0.0000,0.0000,0.0000,0.0000,0.0000,
578,1,70,339,197,394,0.0000,0.0000,0.0000,0.0000,0.0000,0.0000,
579,1,70,339,197,394,0.0000,0.0000,0.0000,0.0000,0.0000,0.0000,
580,1,70,339,197,394,0.0000,0.0000,0.0000,0.0000,0.0000,0.0000,
581,1,70,339,197,394,0.0000,0.0000,0.0000,0.0000,0.0000,0.0000,
582,1,70,339,197,394,0.0000,0.0000,0.0000,0.0000,0.0000,0.0000,
583,1,70,339,197,394,0.0000,0.0000,0.0000,0.0000,0.0000,0.0000,
584,1,70,339,197,394,0.0000,0.0000,0.0000,0.0000,0.0000,0.0000,
585,1,70,339,197,394,0.0000,0.0000,0.0000,0.0000,0.0000,0.0000,
586,1,70,339,197,394,0.0000,0.0000,0.0000,0.0000,0.0000,0.0000,
587,1,70,339,197,394,0.0000,0.0000,0.0000,0.0000,0.0000,0.0000,
588,1,70,339,197,394,0.0000,0.0000,0.0000,0.0000,0.0000,0.0000,
589,1,70,339,197,394,0.0000,0.0000,0.0000,0.0000,0.0000,0.0000,
590,1,70,339,197,394,0.0000,0.0000,0.0000,0.0000,0.0000,0.0000,
591,1,70,339,197,394,0.0000,0.0000,0.0000,0.0000,0.0000,0.0000,
592,1,70,339,197,394,0.0000,0.0000,0.0000,0.0000,0.0000,0.0000,
593,1,70,339,197,394,0.0000,0.0000,0.0000,0.0000,0.0000,0.0000,
594,1,70,339,197,394,0.0000,0.0000,0.0000,0.0000,0.0000,0.0000,
595,1,70,339,197,394,0.0000,0.0000,0.0000,0.0000,0.0000,0.0000,
596,1,70,339,197,394,0.0000,0.0000,0.0000,0.0000,0.0000,0.0000,
597,1,70,339,197,394,0.0000,0.0000,0.0000,0.0000,0.0000,0.0000,
598,1,70,339,197,394,0.0000,0.0000,0.0000,0.0000,0.0000,0.0000,
599,1,70,339,197,394,0.0000,0.0000,0.0000,0.0000,0.0000,0.0000,
600,1,70,339,197,394,0.0000,0.0000,0.0000,0.0000,0.0000,0.0000,
601,1,70,339,197,394,0.0000,0.0000,0.0000,0.0000,0.0000,0.0000,
602,1,70,339,197,394,0.0000,0.0000,0.0000,0.0000,0.0000,0.0000,
603,1,70,339,197,394,0.0000,0.0000,0.0000,0.0000,0.0000,0.0000,
604,1,70,339,197,394,0.0000,0.0000,0.0000,0.0000,0.0000,0.0000,
605,1,70,339,197,394,0.0000,0.0000,0.0000,0.0000,0.0000,0.0000,
606,1,70,339,197,394,0.0000,0.0000,0.0000,0.0000,0.0000,0.0000,
607,1,70,339,197,394,0.0000,0.0000,0.0000,0.0000,0.0000,0.0000,
608,1,70,339,197,394,0.0000,0.0000,0.0000,0.0000,0.0000,0.0000,
609,1,70,339,197,394,0.0000,0.0000,0.0000,0.0000,0.0000,0.0000,
