1,289,57,287,102,254,121,241,169,237,207,316,121,320,170,320,212,261,201,250,263,249,315,291,202,289,264,292,317
2,289,57,287,102,254,121,241,169,237,208,316,121,319,170,320,212,261,201,249,263,250,317,291,203,289,266,292,320
3,289,57,287,102,254,121,241,169,237,208,317,121,319,170,319,211,260,202,250,264,251,318,291,203,288,266,292,320
4,289,57,286,101,254,121,241,169,237,207,316,121,319,169,318,211,260,203,250,262,249,317,291,204,289,265,292,320
5,289,57,287,102,254,121,241,170,238,208,317,121,319,170,318,211,260,202,250,263,250,316,291,203,289,265,292,319
6,288,57,286,101,254,121,241,169,238,208,316,121,319,170,318,211,260,202,249,263,250,319,291,204,289,266,293,321
7,288,57,287,101,254,121,241,169,238,208,316,121,319,170,318,211,260,202,250,262,250,315,291,204,288,265,291,317
8,288,56,287,101,254,121,241,169,238,208,317,121,319,170,318,211,260,201,249,263,251,316,291,203,289,265,293,318
9,288,57,287,102,254,122,241,169,238,208,317,121,320,170,319,212,261,200,249,263,250,315,292,202,288,266,290,319
10,288,57,287,102,254,121,241,169,238,208,317,121,320,170,319,211,260,201,250,263,250,316,291,202,288,265,292,319
11,288,57,286,101,254,121,241,170,237,208,316,122,320,170,318,211,260,202,250,261,251,312,291,203,288,264,290,314
12,288,57,286,101,254,122,241,170,238,208,316,122,320,170,319,211,260,202,250,262,250,315,292,203,289,265,291,317
13,288,57,286,101,254,122,241,170,237,208,316,121,319,170,318,211,260,201,250,261,251,314,292,202,288,265,291,316
14,288,57,287,102,254,122,241,169,238,208,317,121,320,170,319,211,261,202,249,263,250,318,292,203,289,266,292,320
15,288,57,286,102,254,121,241,170,237,208,317,121,320,170,319,210,260,201,250,261,249,312,291,203,288,264,290,316
16,288,57,287,102,254,121,241,169,238,208,317,121,320,170,319,210,260,201,250,263,250,316,292,202,288,265,292,318
17,287,57,286,101,254,122,242,170,237,208,317,121,320,170,319,210,260,202,250,261,251,313,292,203,287,265,290,314
18,288,57,286,102,254,122,242,170,237,208,317,121,320,170,319,210,261,202,250,261,250,314,292,203,288,265,291,316
19,288,57,287,102,255,121,242,170,237,208,318,121,320,170,319,210,260,200,250,261,250,312,292,201,287,264,289,314
20,288,57,287,102,255,121,242,169,238,208,318,122,320,170,319,211,261,202,249,263,249,317,292,203,288,266,292,319
21,288,57,288,103,255,121,242,169,238,207,318,122,321,170,320,210,260,200,250,262,251,315,292,202,288,265,291,318
22,288,57,288,103,255,121,242,168,238,207,319,122,321,171,320,212,260,203,249,261,249,314,291,204,288,266,291,317
23,289,57,288,104,256,121,242,168,238,207,319,122,321,171,320,213,260,202,250,262,251,315,291,203,288,265,291,317
24,290,57,289,104,256,121,242,168,237,206,319,122,321,170,320,212,260,201,250,260,251,312,291,202,288,263,290,315
25,290,58,289,104,256,120,242,168,237,206,320,122,321,170,321,212,259,200,250,260,250,313,291,202,287,263,290,315
26,290,58,289,104,257,120,242,167,237,205,320,122,322,172,321,213,259,199,250,259,250,311,291,201,287,262,289,314
27,290,58,289,105,257,120,242,167,237,204,320,122,322,173,321,215,258,198,250,259,250,311,291,201,288,261,289,312
28,291,57,290,104,257,120,242,166,237,204,321,122,322,174,321,214,259,199,250,258,250,308,291,201,287,263,289,313
29,291,58,290,105,257,119,242,166,236,203,321,123,322,173,321,215,258,200,249,259,249,309,290,202,288,263,291,313
30,291,58,290,105,257,119,242,166,236,202,321,123,322,174,320,215,257,201,249,258,247,308,289,205,287,263,291,313
31,292,59,291,105,258,118,243,165,236,203,322,124,322,172,320,213,256,199,246,261,247,311,289,203,286,263,291,313
32,291,58,290,105,257,118,242,165,236,202,321,123,322,173,319,215,256,201,246,259,247,308,288,204,286,263,290,312
33,292,59,290,105,257,118,241,165,235,201,321,124,320,174,319,216,255,200,245,257,246,305,288,203,286,263,288,310
34,291,59,290,106,257,117,242,164,235,201,321,123,320,172,319,215,254,201,244,259,243,308,286,205,284,263,289,310
35,291,59,289,106,257,117,243,163,234,200,320,123,319,172,318,215,254,202,244,259,242,312,286,206,284,265,290,316
36,289,59,289,106,256,117,242,164,234,200,320,123,319,173,317,216,253,201,243,259,241,311,286,204,284,264,291,316
37,287,59,287,106,255,117,241,163,233,201,319,123,318,172,317,216,253,201,243,260,240,311,285,204,284,264,291,315
38,287,59,286,106,254,118,240,165,233,201,318,123,317,173,316,216,252,201,242,262,241,315,285,204,284,262,291,314
39,285,59,285,106,252,118,239,165,232,201,317,123,317,172,315,215,251,201,241,260,239,312,284,203,283,263,289,315
40,283,59,284,106,251,118,238,164,231,201,316,122,316,172,315,216,250,201,240,261,238,317,284,204,283,263,291,316
41,281,59,282,106,250,118,237,165,229,201,314,122,315,171,314,215,249,203,240,260,237,320,282,206,282,263,291,315
42,279,59,281,106,249,118,236,164,228,202,313,122,314,171,313,214,249,203,238,262,237,326,281,206,282,265,291,317
43,276,59,279,106,247,119,234,164,228,201,312,122,313,170,312,213,247,201,238,259,233,316,281,203,281,265,289,320
44,272,59,277,106,245,118,232,163,227,202,310,122,312,170,311,214,245,201,237,261,243,327,279,203,280,262,290,316
45,269,60,274,107,243,119,231,164,225,201,307,122,310,170,310,213,244,202,236,262,234,319,277,204,278,262,288,315
46,266,59,271,106,240,119,229,163,224,201,305,121,309,169,309,212,242,202,234,261,236,315,274,204,277,261,288,312
47,262,59,268,106,237,120,227,165,223,202,301,120,307,169,307,211,240,201,234,260,234,313,273,203,275,259,285,308
48,258,59,265,106,234,120,226,166,221,203,298,118,306,170,306,211,239,204,233,261,235,315,272,205,275,261,286,312
49,255,59,262,106,232,120,224,165,219,204,295,117,303,167,304,211,236,201,231,260,236,314,271,203,273,259,286,309
50,249,60,259,106,229,121,222,166,217,204,293,118,301,167,302,210,234,201,229,261,232,312,268,203,271,259,284,308
51,246,60,256,106,226,121,219,167,215,206,290,117,298,165,299,209,232,200,227,262,235,323,265,202,271,262,286,318
52,241,61,252,106,223,121,217,167,213,206,287,117,295,165,297,208,230,200,227,261,224,275,263,201,270,262,288,318
53,238,60,249,106,220,123,214,168,211,205,283,116,293,165,296,208,228,198,226,260,225,277,262,200,268,262,283,315
54,235,61,246,106,218,123,212,168,208,206,281,116,291,164,293,208,226,200,225,264,236,328,259,201,267,262,284,318
55,230,60,244,106,216,123,211,168,206,206,278,115,289,165,291,208,226,203,224,265,235,326,258,203,267,264,282,319
56,228,60,241,106,213,123,208,168,204,206,275,115,287,164,289,207,224,202,223,265,234,325,257,202,266,265,280,319
57,225,60,238,106,211,123,206,168,203,206,273,115,284,163,286,207,221,201,222,267,234,326,254,200,263,258,279,311
58,222,60,236,106,209,123,204,168,201,207,270,114,282,162,284,205,220,203,222,265,221,281,252,202,262,259,275,313
59,220,60,234,105,207,123,202,169,199,207,268,114,280,162,282,205,219,202,221,268,232,327,252,202,260,261,277,318
60,218,60,232,105,205,123,201,169,198,207,267,114,278,162,280,203,220,206,221,273,231,331,250,204,260,264,275,320
61,217,61,230,106,203,124,199,171,196,208,265,113,276,161,278,204,218,204,220,273,232,331,249,203,258,264,276,321
62,215,61,229,105,202,124,198,170,195,209,263,113,274,161,277,204,217,207,220,271,229,323,247,206,255,264,272,313
63,213,60,227,105,200,124,198,170,194,209,262,113,273,159,275,203,216,202,219,273,231,329,248,200,252,266,267,321
64,211,59,226,105,200,124,197,170,194,209,260,113,272,160,274,203,216,205,219,272,229,327,245,203,249,266,261,321
65,209,61,224,105,198,125,196,170,192,209,259,112,271,159,273,203,215,204,218,272,227,336,245,202,247,268,251,332
66,208,60,223,105,197,124,195,170,192,210,258,113,269,161,273,203,214,206,217,275,223,337,244,204,245,272,250,336
67,207,60,222,105,196,125,194,171,193,210,257,112,269,161,273,204,212,204,218,274,225,338,242,203,242,270,249,337
68,206,60,221,105,195,125,193,171,192,211,256,112,268,161,272,205,211,204,216,269,223,332,242,201,241,266,241,334
69,204,60,220,105,194,125,193,171,192,211,256,113,267,162,272,206,210,205,214,267,219,326,241,204,240,266,232,320
70,203,60,219,105,193,125,193,171,192,211,255,113,266,161,271,206,210,205,215,273,223,336,241,203,239,269,244,337
71,202,60,218,105,193,125,193,170,191,211,254,113,265,162,271,207,209,205,212,267,221,321,241,204,237,264,239,316
72,202,60,218,106,192,125,193,170,191,211,254,114,266,163,271,208,208,207,211,266,216,282,239,206,235,264,219,307
73,202,61,218,106,191,125,193,170,191,212,253,115,265,165,270,209,207,206,211,265,214,322,237,204,234,263,224,313
74,202,62,218,106,191,125,193,169,190,213,253,115,265,166,270,210,205,207,210,264,214,280,235,206,233,263,215,330
75,202,60,217,106,191,124,192,170,190,212,252,116,264,168,269,211,204,209,209,266,212,325,234,209,231,265,221,315
76,203,61,217,107,190,125,190,169,189,213,252,117,262,166,269,213,202,210,208,267,215,330,232,209,230,266,215,340
77,204,61,218,106,191,123,192,167,188,213,253,118,262,168,268,214,201,209,207,267,223,246,231,208,228,267,229,248
78,205,60,219,106,191,122,192,166,188,211,253,119,261,170,267,216,200,209,205,264,220,244,230,208,228,263,225,243
79,206,59,219,106,190,122,192,166,186,211,253,120,261,173,266,218,199,210,205,269,221,248,229,209,225,273,225,250
80,207,59,219,106,190,120,192,164,186,209,252,120,260,173,263,219,198,212,204,270,222,248,227,212,226,276,207,340
81,209,58,219,105,190,120,191,165,185,210,252,120,259,175,261,221,197,212,202,267,219,248,225,212,226,272,227,254
82,209,58,219,106,190,120,191,165,183,210,252,121,258,177,259,223,196,211,201,267,216,247,224,212,226,268,225,251
83,210,58,219,106,189,119,191,165,182,209,252,120,258,179,258,224,195,213,199,268,214,249,224,214,225,272,225,254
84,210,58,219,106,189,119,189,164,181,208,253,120,258,179,255,225,195,212,197,271,215,247,223,213,225,272,223,254
85,211,59,219,106,189,118,189,163,179,207,253,121,257,181,254,226,194,211,194,269,217,246,223,213,224,269,223,252
86,211,59,219,107,188,118,189,163,178,207,254,122,258,182,252,227,193,212,189,267,212,242,222,214,223,269,222,253
87,212,59,219,107,188,118,187,163,176,209,254,122,258,182,251,226,192,215,186,265,206,240,221,217,223,268,220,236
88,213,59,219,108,187,118,186,163,174,209,254,123,256,179,250,226,191,214,183,264,202,239,220,217,225,264,218,234
89,213,60,219,108,186,118,185,161,173,207,253,123,257,180,250,228,188,215,181,262,200,237,220,217,225,262,218,232
90,213,61,219,109,186,118,180,164,171,208,253,123,256,181,251,228,189,217,180,263,199,240,220,220,224,268,216,237
91,213,60,219,108,185,118,179,164,169,208,253,124,255,181,251,228,188,218,178,264,197,239,219,220,224,267,215,235
92,212,60,218,109,183,117,178,165,168,207,253,124,255,180,251,229,185,217,177,266,195,242,218,220,223,271,214,239
93,211,60,217,108,182,117,176,164,166,207,252,123,253,179,252,229,185,215,176,265,194,241,219,217,223,269,214,236
94,211,60,215,109,181,117,174,164,165,207,251,123,254,180,252,229,182,215,175,266,193,243,219,217,222,274,214,240
95,209,60,214,108,179,117,171,164,162,209,250,123,254,182,253,229,181,214,175,267,193,243,218,215,222,271,214,239
96,208,60,213,109,178,117,170,164,160,209,249,123,253,179,253,230,179,216,173,266,192,242,218,217,221,272,212,241
97,206,60,211,109,175,117,167,166,159,209,247,123,253,180,254,229,178,217,174,265,191,241,218,217,221,273,211,241
98,204,61,209,109,173,117,164,165,157,210,246,123,252,180,254,229,177,212,174,266,190,240,216,213,221,269,209,237
99,202,61,206,110,171,117,162,166,155,211,244,124,250,180,254,228,175,213,172,265,189,242,214,214,220,270,209,242
100,199,60,204,109,168,118,159,169,153,212,242,124,249,180,254,227,174,214,170,268,188,243,214,214,218,270,208,249
101,197,61,201,110,165,118,156,169,150,214,238,123,248,179,252,226,172,215,169,276,187,250,211,215,219,274,207,253
102,194,60,197,110,161,119,153,170,148,216,235,122,246,178,251,225,169,215,164,277,162,340,210,213,217,273,206,252
103,191,61,194,110,158,119,149,171,145,216,232,121,243,174,249,224,166,213,165,272,181,248,206,213,213,264,202,244
104,187,60,190,110,154,120,147,176,143,218,228,121,240,175,247,222,163,217,160,282,159,341,202,216,212,266,201,246
105,183,61,187,110,151,119,144,174,140,219,226,119,237,174,244,220,162,217,158,284,157,343,200,217,208,267,198,247
106,180,61,183,110,147,120,140,176,138,220,222,118,234,173,241,218,158,218,156,281,168,243,197,217,206,264,190,242
107,176,60,180,109,143,120,137,175,135,220,219,117,230,171,237,217,156,216,155,282,166,244,196,215,204,264,189,242
108,171,60,177,108,140,120,133,175,130,221,216,116,228,171,234,216,155,213,153,278,166,242,194,213,202,264,188,242
109,168,59,174,108,136,121,132,174,127,222,213,116,224,169,231,215,153,216,152,284,150,341,192,215,202,265,189,246
110,165,59,171,108,133,121,126,173,124,224,210,115,220,168,227,213,151,215,151,287,152,341,190,214,200,264,192,244
111,163,60,168,109,131,121,125,174,123,223,207,116,218,167,224,212,150,213,150,285,147,342,189,213,199,265,192,242
112,161,59,165,108,128,121,122,173,121,224,204,115,216,168,222,213,148,213,148,288,147,341,188,212,199,266,186,250
113,159,59,163,108,125,122,119,174,119,224,201,114,212,168,220,212,148,214,148,291,157,252,186,213,199,268,191,249
114,157,59,160,108,123,122,118,176,117,225,198,113,211,168,218,212,147,213,148,284,148,340,186,212,197,267,188,248
115,156,58,158,108,121,121,116,176,116,225,196,113,210,168,216,211,146,214,147,287,145,341,184,212,196,268,187,249
116,155,59,157,108,119,122,114,177,114,226,195,113,208,166,214,211,146,214,148,277,149,337,182,212,195,265,178,248
117,154,59,156,108,118,122,112,178,114,226,193,113,206,166,212,210,145,213,147,275,146,337,182,211,195,265,175,243
118,153,59,154,108,116,122,111,180,113,227,192,113,205,166,211,209,144,217,145,283,145,340,181,213,193,266,182,246
119,152,58,153,107,116,122,109,180,112,227,190,113,204,167,211,210,143,215,146,286,147,343,181,211,193,266,181,238
120,152,59,153,108,116,122,110,179,111,227,190,113,203,166,210,209,143,216,146,289,149,343,181,212,192,267,181,239
121,151,60,152,109,115,121,109,179,111,229,189,113,202,166,209,209,142,216,145,278,149,337,180,211,189,264,173,240
122,151,59,152,108,114,122,108,180,111,228,188,113,202,165,209,210,142,215,146,272,156,239,179,211,187,263,173,238
123,151,59,151,108,114,122,108,180,111,228,188,113,201,166,209,210,141,214,147,272,151,332,179,209,187,263,173,239
124,151,58,150,107,113,121,109,177,111,227,187,113,200,165,210,210,141,213,146,271,153,330,179,208,188,264,172,239
125,151,58,150,107,113,121,109,179,111,228,187,112,200,165,210,209,141,215,147,276,151,333,179,209,188,263,171,240
126,152,59,150,108,113,121,108,179,112,228,186,113,199,166,209,208,143,216,147,274,149,336,180,211,189,264,173,241
127,152,58,150,108,112,121,109,178,112,228,186,112,199,164,209,208,143,215,147,270,151,330,179,210,189,265,176,241
128,153,59,150,109,112,121,109,178,112,228,186,112,199,165,209,208,143,215,147,272,150,335,180,210,191,267,175,242
129,154,60,150,109,113,121,108,180,112,230,185,113,200,166,209,208,144,218,146,270,149,333,180,214,192,266,177,239
130,155,59,150,109,113,122,109,180,112,229,185,112,199,165,210,207,144,216,147,270,152,328,180,213,191,266,177,241
131,155,60,151,109,114,122,109,181,113,230,186,113,200,167,210,208,145,218,147,272,148,333,181,213,193,265,180,239
132,157,60,151,109,114,122,109,180,113,230,186,113,200,164,210,208,145,218,148,273,149,334,181,213,193,265,178,240
133,158,61,152,110,115,122,110,179,113,230,187,113,201,166,211,208,146,218,148,274,150,334,182,213,194,265,181,239
134,158,59,153,108,115,122,110,180,114,229,188,114,203,167,212,209,146,215,148,276,147,338,181,211,195,267,180,241
135,160,59,154,108,116,122,111,180,114,228,190,114,204,166,213,209,147,218,150,281,151,339,183,213,196,267,185,249
136,163,61,156,110,118,121,112,178,115,229,192,113,205,166,213,209,148,218,149,280,149,339,184,214,197,267,183,245
137,164,61,158,110,119,121,114,176,116,229,195,114,209,167,216,210,149,216,150,275,149,334,185,213,198,267,182,243
138,166,63,159,111,121,121,113,176,116,228,196,114,210,167,217,210,150,217,150,272,149,334,187,213,199,266,186,243
139,167,62,162,111,123,122,115,176,117,227,199,115,211,168,219,211,152,219,150,287,147,340,189,216,201,269,190,247
140,169,61,164,110,126,122,118,176,118,228,201,116,213,168,222,212,153,217,152,279,148,338,191,213,202,266,190,245
141,172,62,168,111,129,122,120,175,120,226,204,116,216,168,224,213,155,218,153,279,150,338,193,214,203,268,191,245
142,176,63,171,112,132,121,122,176,122,227,207,117,219,170,226,214,157,217,154,279,152,337,195,214,205,267,193,245
143,180,62,175,111,136,122,127,175,125,227,212,117,222,172,229,216,160,218,156,284,171,243,197,214,206,266,194,240
144,184,61,178,110,139,122,131,177,127,227,215,118,226,172,232,217,162,221,158,273,157,334,201,217,210,266,198,243
145,188,62,182,110,143,122,134,175,130,226,219,118,228,171,235,217,165,218,161,282,177,244,203,213,212,267,200,241
146,193,61,186,109,146,121,137,174,134,225,222,118,232,172,239,217,167,217,163,282,180,245,205,213,215,270,202,245
147,196,61,189,109,150,120,141,173,137,223,226,119,235,174,242,219,170,216,166,275,164,341,208,214,216,272,202,249
148,202,59,193,108,153,121,145,173,140,222,229,121,239,175,246,219,173,217,168,268,187,240,213,214,218,272,206,241
149,205,58,196,106,156,120,147,174,143,223,233,120,242,175,249,221,175,216,169,270,186,241,215,214,218,271,207,244
150,209,56,200,105,160,119,151,176,145,223,236,121,244,175,252,220,176,214,171,268,189,239,219,213,220,271,209,240
151,212,56,203,105,163,119,154,174,148,222,239,121,247,175,255,221,179,212,173,269,193,243,220,211,221,272,213,244
152,214,54,206,102,166,118,156,173,151,222,242,120,250,175,258,221,182,211,174,267,193,239,221,211,221,267,213,239
153,216,53,209,101,168,118,158,173,153,221,245,121,253,175,261,222,184,213,176,267,194,238,223,213,223,267,215,238
154,218,51,211,99,170,118,161,174,155,221,248,121,256,175,264,221,185,212,177,266,195,238,226,213,224,267,216,236
155,220,50,213,99,172,118,162,174,157,221,250,121,259,175,266,222,186,214,178,266,194,236,227,214,226,267,217,235
156,221,50,215,98,174,118,164,175,159,221,252,121,260,176,268,223,186,212,179,265,194,234,229,212,227,265,219,234
157,222,50,217,98,176,118,165,173,161,221,253,122,262,175,269,222,187,212,180,266,194,235,229,212,227,263,220,233
158,223,49,219,97,178,118,167,174,162,221,254,122,263,177,271,222,188,215,180,264,196,237,230,215,228,264,219,235
159,224,49,219,97,179,117,168,172,163,221,255,121,264,176,272,223,189,217,181,265,196,238,230,217,228,269,220,237
160,224,48,220,96,179,118,169,174,164,221,256,121,265,176,272,222,190,215,180,264,196,237,231,217,226,273,221,239
161,225,48,220,96,180,118,170,174,164,222,257,121,266,176,273,222,190,219,182,263,198,238,231,221,226,274,222,239
162,225,48,221,96,180,118,170,174,164,222,257,121,266,176,273,223,190,219,183,264,198,238,231,221,226,273,223,239
163,226,48,221,96,181,118,170,174,164,221,257,121,266,175,273,221,191,213,184,264,197,234,233,214,227,269,222,235
164,226,48,221,96,181,117,169,174,164,221,257,121,265,175,273,221,191,214,185,264,197,234,233,215,227,272,222,238
165,226,47,221,95,181,117,169,174,164,221,257,121,265,175,272,222,191,215,185,266,198,235,232,215,227,272,221,239
166,226,47,221,95,180,118,169,174,163,222,257,121,264,175,271,222,192,213,186,265,201,237,231,215,226,270,221,239
167,225,47,220,96,179,118,168,174,164,220,256,122,264,177,270,222,190,215,187,268,199,238,232,215,227,267,220,238
168,224,47,220,96,180,118,167,173,163,222,255,122,263,178,269,223,190,211,188,268,200,235,232,212,228,267,219,235
169,223,47,219,96,179,118,166,173,162,223,253,122,261,179,267,223,189,216,187,267,201,236,230,216,228,268,220,235
170,222,47,218,95,178,119,165,174,160,223,254,122,260,179,265,222,189,210,185,265,199,234,231,211,227,264,219,233
171,220,47,217,95,177,118,166,172,160,223,252,121,259,177,263,222,188,215,183,264,200,236,226,216,226,270,220,235
172,219,46,215,95,176,117,164,174,158,223,252,120,258,178,260,222,187,212,180,264,198,234,227,215,226,267,220,232
173,217,46,214,94,174,119,163,174,158,223,251,120,257,176,258,221,186,215,182,264,197,235,226,216,225,266,220,233
174,215,45,213,94,174,118,164,173,156,224,251,121,255,177,256,220,185,218,182,263,198,237,224,218,223,269,217,236
175,213,45,212,93,172,118,163,174,156,223,249,121,253,177,254,220,182,213,180,263,197,234,224,214,223,268,218,232
176,212,45,211,93,171,119,162,174,155,223,248,120,252,177,252,221,181,215,180,263,195,236,222,215,223,269,216,234
177,210,45,209,94,169,118,160,174,155,223,247,120,251,176,251,220,182,216,180,263,195,238,220,216,222,269,215,236
178,209,45,208,93,169,118,160,174,154,223,245,119,249,176,250,220,179,214,179,264,194,238,221,214,222,271,215,237
179,207,44,206,93,167,118,159,174,153,224,244,119,249,176,249,220,178,215,178,264,193,238,220,214,221,271,214,237
180,205,44,204,92,166,118,157,175,152,223,242,118,248,175,249,220,177,212,178,263,195,238,218,214,220,270,213,235
181,203,44,203,92,164,119,156,175,152,224,241,119,247,174,249,220,177,214,177,264,193,237,216,214,219,272,212,237
182,201,44,201,92,163,119,155,176,151,224,240,118,246,173,249,219,176,216,177,264,192,237,216,214,219,271,211,235
183,199,44,200,92,162,119,155,176,149,225,239,118,246,175,249,221,173,208,176,263,192,235,217,210,218,267,210,235
184,197,44,198,92,160,119,155,176,149,225,238,118,245,175,250,221,172,207,174,263,192,236,216,209,218,269,209,235
185,195,44,197,93,159,119,153,178,148,225,236,118,245,177,250,219,173,215,174,264,188,238,214,215,218,272,208,238
186,193,45,195,93,158,119,152,177,147,224,235,118,244,176,250,221,171,212,173,263,188,236,212,212,217,271,207,237
187,191,44,194,93,157,119,151,177,145,225,234,117,243,175,250,221,171,214,173,265,189,238,212,212,216,271,205,239
188,189,44,193,93,155,120,150,176,145,225,233,117,242,175,250,220,170,213,173,265,190,241,211,212,215,272,207,243
189,187,44,191,92,154,119,148,178,144,225,233,117,242,175,249,220,169,213,172,266,187,240,211,212,214,268,205,241
190,185,44,189,93,153,120,148,176,144,224,231,116,241,173,248,220,167,214,171,268,184,238,212,212,215,269,204,239
191,182,45,188,94,152,120,146,177,143,225,230,116,241,174,247,220,166,214,172,274,184,241,211,212,214,269,204,245
192,178,45,186,94,153,121,145,179,142,224,230,116,240,174,246,220,165,211,169,263,183,234,209,211,212,265,200,231
193,176,46,185,94,152,121,147,179,141,224,229,116,239,174,244,220,166,214,169,266,182,236,208,213,212,266,200,234
194,173,47,185,96,153,122,147,179,141,223,228,115,238,175,243,222,164,219,170,272,179,242,205,220,212,271,199,242
195,171,47,183,96,153,122,148,178,141,221,227,115,238,174,241,223,164,217,169,267,180,240,205,218,210,270,199,239
196,169,48,183,96,153,123,149,177,142,220,227,116,237,173,240,223,164,219,170,267,179,241,202,222,208,268,198,238
197,167,48,183,96,155,123,149,175,142,218,227,116,237,174,239,224,165,222,172,275,179,244,203,222,209,273,198,243
198,166,49,184,95,157,123,150,174,143,218,228,116,236,175,238,223,165,217,170,279,170,338,203,218,209,273,200,247
199,166,49,185,95,158,123,153,172,146,216,229,117,237,177,238,223,165,219,173,281,177,339,200,220,210,273,199,247
200,166,50,186,95,161,122,155,171,147,217,230,117,237,177,239,222,167,219,171,269,181,244,202,220,208,273,201,239
201,167,50,187,95,164,122,161,170,150,215,230,116,237,177,238,223,169,221,171,275,185,253,203,222,209,275,204,247
202,168,50,189,95,166,122,164,169,153,214,232,117,237,179,238,224,171,222,173,278,176,340,204,223,210,278,208,258
203,169,50,190,95,170,121,171,168,157,214,232,119,238,177,238,226,173,219,174,269,188,252,204,224,212,278,207,252
204,171,51,193,95,172,122,175,169,160,213,234,119,240,179,237,228,174,220,175,273,178,340,206,223,212,279,195,335
205,173,50,195,95,177,121,180,170,163,215,236,120,241,179,236,231,178,220,177,269,196,249,208,224,213,278,220,234
206,176,50,198,95,181,121,186,170,169,215,238,121,242,183,236,233,180,219,179,267,200,247,208,224,213,276,229,237
207,178,52,200,95,183,121,190,169,177,213,239,121,242,181,236,230,184,218,179,272,206,248,212,221,214,275,225,234
208,181,51,203,95,188,120,193,169,186,210,241,122,244,184,235,234,184,216,182,264,198,239,211,220,214,271,230,236
209,183,52,205,95,189,122,195,170,189,210,243,122,245,184,235,235,188,215,184,266,206,239,216,219,216,270,231,236
210,185,52,207,95,193,121,197,169,193,210,245,123,246,185,234,234,192,213,187,266,211,245,220,218,217,270,229,236
211,188,52,210,96,196,121,200,167,199,209,246,123,248,186,234,234,196,217,189,274,189,342,223,221,220,275,227,245
212,190,53,212,96,199,121,202,169,201,214,247,124,248,189,232,238,199,216,191,275,197,343,226,219,225,276,230,259
213,191,54,214,97,202,121,208,169,203,217,248,123,249,187,232,236,200,217,190,280,190,347,226,221,225,283,203,347
214,193,53,216,97,204,121,207,167,205,215,249,124,249,188,233,235,203,216,195,276,195,338,228,219,228,280,232,263
215,194,54,217,97,207,121,212,168,209,214,249,123,250,187,233,236,204,215,196,276,191,340,228,218,228,282,233,265
216,195,54,219,97,210,120,212,167,211,214,251,123,251,187,234,236,207,213,202,277,205,345,230,216,231,282,233,350
217,196,54,220,97,212,120,218,167,212,214,250,122,252,188,234,236,208,213,202,276,194,337,230,216,230,283,235,265
218,198,54,221,96,214,120,220,168,214,212,251,123,253,186,236,237,209,213,203,271,193,334,231,216,228,280,201,343
219,199,53,223,96,217,120,224,169,213,211,250,122,255,186,238,235,210,212,203,274,193,337,233,216,229,282,214,346
220,200,54,224,96,219,119,227,170,215,211,250,121,256,186,239,235,211,211,206,273,222,221,234,215,228,280,201,342
221,201,53,225,96,222,116,226,161,217,209,249,122,256,184,242,236,213,210,207,270,195,329,233,213,227,278,223,329
222,202,52,226,96,225,113,232,162,222,205,249,121,257,183,246,232,215,208,210,250,212,281,231,210,225,258,228,285
223,204,52,227,96,226,114,236,165,225,206,248,120,257,182,247,234,218,209,212,255,211,285,231,211,224,260,222,301
224,205,52,228,96,228,116,237,169,224,212,247,120,256,182,248,234,219,211,216,274,222,338,231,213,224,277,235,339
225,206,52,229,96,232,115,240,170,227,212,246,121,255,183,248,234,223,208,221,265,226,326,229,209,226,266,232,334
226,207,52,229,96,231,113,241,169,232,213,245,118,254,182,249,234,227,207,222,266,228,329,232,207,225,270,235,335
227,209,52,230,97,233,115,241,170,231,213,244,119,254,180,249,232,228,207,226,264,228,327,232,206,228,267,234,331
228,209,53,230,97,236,115,239,173,229,214,243,119,253,181,248,231,228,206,227,264,227,327,231,206,228,266,230,329
229,210,53,230,97,236,115,240,171,227,213,242,118,252,180,247,231,227,205,227,264,232,327,235,206,238,266,241,327
230,212,53,231,97,236,115,239,169,234,212,242,118,249,175,247,227,229,208,230,270,232,329,235,208,237,270,237,330
231,212,53,231,98,235,115,237,169,227,212,242,118,250,179,243,227,227,205,227,266,233,328,238,205,240,268,237,333
232,213,53,232,97,236,115,239,170,230,214,242,117,247,177,240,226,228,203,227,266,232,326,240,203,241,267,240,329
233,214,52,232,97,237,115,239,170,234,215,243,117,246,176,238,224,230,202,229,273,230,337,241,202,242,270,237,340
234,215,53,233,97,237,114,239,168,232,216,242,116,245,174,235,221,231,200,228,265,232,327,240,200,239,264,246,330
235,215,53,232,98,237,115,240,170,232,215,242,117,245,174,232,221,234,204,230,269,232,330,240,205,236,268,244,334
236,217,54,233,98,238,115,242,171,231,214,242,117,245,173,229,217,236,203,233,272,232,335,239,205,235,272,234,338
237,217,54,234,99,237,115,242,170,231,211,243,117,243,173,225,218,238,201,233,270,230,334,242,203,237,270,236,337
238,217,55,235,98,238,114,244,170,230,210,244,116,244,173,223,215,237,201,230,265,229,329,241,203,235,266,238,335
239,218,55,235,99,238,113,242,168,229,207,244,116,243,172,221,213,237,200,233,263,237,327,241,201,236,264,240,333
240,219,55,235,99,238,113,241,167,228,206,244,115,243,171,221,210,239,199,239,263,242,327,241,201,233,267,232,332
241,220,54,236,99,238,113,241,167,227,205,244,114,244,170,221,209,239,201,237,268,239,333,240,203,231,271,231,338
242,221,54,235,99,237,113,241,167,228,204,244,114,243,169,220,208,241,200,240,267,244,334,240,201,228,273,231,338
243,223,54,236,99,237,113,241,167,227,204,244,114,243,169,221,207,239,200,240,266,243,331,239,201,227,272,232,337
244,224,54,236,98,237,113,238,166,226,205,243,113,242,170,221,208,239,199,241,265,247,328,238,200,227,271,235,334
245,226,54,236,99,238,112,241,165,228,204,242,114,242,168,221,208,237,198,238,265,241,329,239,199,227,271,236,336
246,227,55,237,99,241,113,243,166,228,205,241,114,241,167,223,208,237,199,237,260,245,317,238,200,233,263,240,325
247,228,54,238,100,243,112,244,164,233,202,239,114,241,165,225,207,243,198,245,253,253,300,236,200,232,259,241,307
248,229,54,239,100,244,113,244,164,232,203,239,115,240,165,225,207,243,198,246,250,251,291,236,199,231,260,239,300
249,231,54,239,98,245,113,243,165,232,206,238,115,238,165,225,209,246,200,246,251,248,295,237,201,229,261,234,305
250,232,54,239,98,245,113,243,165,231,207,238,115,237,165,225,210,244,201,245,259,247,315,236,202,230,266,241,325
251,233,53,240,99,249,113,243,164,233,206,237,115,236,164,226,210,246,200,245,258,247,320,236,201,228,270,238,330
252,233,53,240,98,251,113,247,160,234,205,236,114,237,161,226,209,246,200,246,260,249,321,237,201,228,270,239,331
253,234,53,240,99,252,113,247,162,235,206,235,115,237,163,226,211,245,200,246,255,246,313,236,201,228,266,239,326
254,234,53,241,99,252,114,248,162,235,205,235,114,237,163,226,210,246,200,247,252,247,301,236,201,229,264,235,314
255,234,53,240,99,251,113,248,160,237,201,235,114,238,164,226,208,247,198,247,250,251,291,237,200,230,259,235,297
256,234,53,241,100,253,114,251,161,238,201,234,115,237,163,225,208,248,197,247,248,252,290,236,200,230,256,235,294
257,234,54,241,99,252,113,247,161,236,201,236,114,239,164,224,209,246,198,248,249,253,292,236,201,230,257,237,297
258,235,53,241,98,249,112,246,165,233,204,237,114,239,167,224,209,245,199,246,253,246,313,237,200,230,265,238,326
259,234,53,240,99,248,112,243,164,231,204,236,115,238,165,224,209,247,197,247,251,251,304,237,199,230,263,241,316
260,234,53,241,99,248,112,245,164,231,202,237,115,239,167,222,207,250,197,247,250,250,299,238,199,231,262,239,307
261,235,53,240,98,245,113,241,167,228,205,238,116,239,168,221,209,246,198,245,253,247,303,238,199,232,263,241,316
262,234,53,241,98,247,112,244,166,230,205,238,115,240,169,221,209,245,197,244,254,249,312,239,198,233,261,241,321
263,234,53,240,99,244,113,241,167,228,205,239,115,239,169,221,209,245,197,245,253,248,311,239,198,233,261,240,321
264,234,53,240,98,244,113,243,166,229,204,239,115,240,168,221,208,245,197,244,258,248,319,239,198,233,265,238,327
265,233,53,241,99,247,112,243,165,229,204,239,115,240,168,221,208,245,197,244,254,253,303,238,198,234,260,244,313
266,233,53,240,100,245,112,242,165,229,203,239,115,239,168,222,209,246,197,247,251,253,296,238,198,233,259,242,304
267,233,53,241,99,246,113,243,166,230,203,239,116,240,167,223,208,246,198,245,253,247,304,238,200,234,260,241,315
268,232,54,240,100,245,112,242,164,231,203,239,115,239,166,223,209,246,197,246,252,252,296,239,199,234,259,242,305
269,232,54,240,99,245,113,242,164,232,203,240,115,239,166,224,209,246,196,246,251,251,300,240,198,235,258,244,309
270,232,54,240,99,244,113,241,163,231,204,240,115,240,165,224,208,245,196,245,251,252,301,240,197,235,259,244,310
271,232,54,241,99,246,113,243,164,233,204,240,115,240,165,225,209,245,199,247,251,251,299,238,200,234,259,240,307
272,231,54,240,100,245,113,244,164,233,204,240,116,240,164,225,209,246,197,246,248,251,294,238,198,234,259,243,301
273,231,54,240,99,245,114,244,163,234,205,241,115,241,163,225,209,246,197,246,250,250,295,239,199,234,259,240,303
274,231,54,240,99,245,115,243,166,232,207,240,115,240,165,225,210,245,198,246,251,248,293,238,200,233,260,237,301
275,231,54,239,98,244,114,242,166,231,207,240,115,240,165,226,211,242,199,241,258,245,311,239,199,234,264,242,324
276,231,54,239,99,244,114,242,165,231,207,240,115,240,165,226,210,241,199,241,260,245,315,238,199,233,266,241,327
277,230,54,239,99,244,114,243,166,231,208,240,115,241,165,227,210,240,200,241,263,243,323,238,200,232,268,235,330
278,230,55,239,99,244,114,243,166,231,207,240,115,241,165,227,209,239,199,242,263,244,324,237,200,231,267,235,330
279,230,55,239,99,244,114,243,166,231,206,241,115,241,166,226,209,238,199,239,263,245,322,238,200,233,267,240,331
280,229,55,239,99,243,114,242,165,230,207,242,114,242,165,226,210,238,199,240,265,246,324,238,199,232,269,240,331
281,228,55,239,100,243,112,243,164,231,206,242,113,242,164,227,210,238,198,240,263,245,318,237,199,230,267,239,326
282,228,54,239,100,242,113,242,163,231,205,242,114,242,163,227,208,237,199,239,258,244,310,237,201,232,264,241,325
283,228,55,238,100,241,113,241,163,232,205,242,114,242,164,227,208,241,199,245,254,248,299,236,200,229,265,241,317
284,228,55,238,100,242,112,242,163,231,205,242,114,242,164,226,209,241,199,245,258,250,308,237,199,227,267,241,322
285,227,55,238,100,240,113,241,163,232,204,242,114,242,164,227,208,241,199,245,254,248,296,236,200,226,266,240,317
286,226,55,237,100,239,114,242,161,231,204,243,114,243,161,227,207,239,199,245,254,248,301,235,200,226,264,239,315
287,225,56,237,100,240,112,242,163,231,205,242,113,243,164,226,208,240,200,245,257,253,310,236,201,221,272,239,337
288,224,56,237,100,240,113,242,163,231,204,242,113,243,164,227,207,240,200,245,258,266,314,236,201,219,273,232,341
289,223,55,236,100,238,113,242,162,231,204,242,113,243,163,226,207,240,200,244,258,256,312,235,201,218,272,234,343
290,221,56,236,100,239,112,242,163,231,205,242,113,243,164,226,208,240,200,244,259,258,311,236,201,217,273,231,345
291,220,56,235,100,237,112,240,161,231,204,241,113,243,162,227,207,240,202,244,258,258,306,235,202,215,274,258,295
292,219,57,235,100,238,113,241,163,231,205,241,113,242,164,227,208,239,200,243,262,261,314,235,200,215,273,225,336
293,216,57,234,100,239,112,242,162,231,204,241,113,242,163,228,208,240,199,244,259,261,309,235,199,214,273,223,337
294,215,57,234,100,237,112,241,162,231,205,241,112,242,163,227,208,239,200,243,261,257,313,234,200,216,274,224,337
295,213,58,233,100,237,113,240,163,230,206,240,113,241,163,227,209,237,199,243,258,261,314,234,199,215,276,230,346
296,211,58,232,100,236,113,239,164,229,206,239,114,240,164,227,210,235,199,243,261,263,318,233,199,215,276,230,345
297,210,58,230,101,234,114,238,163,230,205,237,114,239,164,227,209,235,200,242,261,258,322,231,201,214,275,230,350
298,207,58,228,101,232,114,236,164,228,207,236,114,238,165,226,211,233,198,242,259,261,316,230,199,214,276,229,348
299,205,60,228,101,232,113,236,164,227,205,235,114,237,166,226,210,232,200,240,258,259,310,228,200,213,270,223,337
300,203,59,226,101,230,115,233,166,225,209,234,115,236,167,224,213,230,199,239,259,263,313,228,199,212,275,225,341
301,201,60,225,101,230,114,232,167,224,209,233,116,235,168,223,214,228,200,238,260,223,324,227,201,212,274,230,342
302,199,60,223,102,228,115,231,168,222,210,231,117,233,169,221,215,226,198,237,258,223,322,224,199,211,271,228,337
303,197,60,221,101,227,115,229,168,221,211,230,117,232,169,219,216,225,200,235,258,259,311,223,201,209,272,222,332
304,195,61,220,101,225,115,227,168,218,210,229,116,230,169,217,217,224,198,234,258,221,320,223,199,208,270,225,336
305,192,60,218,101,224,116,226,170,216,212,227,117,227,171,215,219,223,200,230,257,254,299,222,201,205,271,251,292
306,191,60,217,102,222,115,223,169,212,211,226,116,226,171,213,217,219,197,229,258,218,319,221,198,205,271,222,337
307,188,60,215,101,222,116,222,169,212,210,224,117,224,171,211,217,218,199,226,257,219,287,217,200,200,271,206,278
308,187,60,214,101,219,116,219,168,209,210,224,117,222,172,209,217,214,197,222,258,222,300,215,199,202,269,205,331
309,185,60,212,101,216,115,215,168,207,210,222,116,221,174,207,218,212,198,212,265,194,327,216,199,203,268,176,334
310,183,61,211,101,215,113,216,167,207,210,222,115,220,171,205,218,211,197,209,265,192,326,216,199,201,267,176,333
311,182,60,209,102,212,114,208,166,201,211,220,118,219,176,203,218,207,198,202,268,200,334,213,200,204,268,202,337
312,181,61,208,102,210,115,208,167,201,212,220,118,218,176,201,219,206,200,203,268,198,331,212,201,204,269,200,334
313,180,61,206,103,205,117,204,167,198,212,220,119,218,176,199,220,204,202,201,271,197,335,210,203,202,271,197,338
314,178,62,205,103,205,117,207,167,196,212,220,120,218,176,198,220,199,201,195,273,192,338,209,203,202,273,203,342
315,178,62,205,103,204,117,202,168,193,212,221,120,217,179,198,222,193,202,189,267,192,336,208,204,204,272,196,342
316,177,62,204,103,202,114,202,163,190,205,221,120,220,177,197,222,190,201,182,263,190,204,208,202,204,270,213,257
317,177,60,203,103,199,115,198,163,190,206,221,120,218,178,198,222,190,202,180,264,189,206,209,203,203,271,173,334
318,177,60,202,103,197,114,197,163,187,204,221,121,220,176,199,221,187,203,179,265,185,330,206,203,202,270,191,336
319,176,60,201,103,194,112,193,158,185,204,222,122,220,179,201,223,184,204,176,266,174,327,203,205,201,272,187,334
320,176,60,200,103,192,110,189,156,184,205,222,123,220,181,204,223,182,205,174,266,169,325,201,207,202,271,199,326
321,176,60,198,103,189,113,189,147,177,164,221,122,220,180,206,224,180,206,172,265,161,320,199,209,200,271,180,323
322,175,60,196,104,186,116,189,151,177,166,220,123,221,180,209,224,178,205,170,265,157,322,199,209,201,270,203,251
323,174,59,195,104,182,117,185,151,175,169,220,123,222,179,211,225,176,206,170,264,191,246,198,210,200,270,205,236
324,175,58,192,104,177,118,178,157,173,200,219,122,223,177,214,223,176,206,169,263,189,244,198,209,198,270,203,252
325,173,59,191,103,174,118,175,158,170,202,218,121,223,179,217,222,174,208,165,263,159,323,197,212,202,265,202,266
326,172,58,188,103,170,118,173,159,167,200,218,120,223,176,219,221,171,206,164,261,156,313,196,210,201,262,202,245
327,171,57,186,103,165,119,168,163,160,203,218,120,222,172,222,220,169,208,163,263,156,319,196,210,202,266,197,250
328,171,57,184,103,163,119,164,162,155,204,214,118,222,172,224,218,167,209,160,267,159,328,195,210,203,267,205,326
329,169,56,182,102,159,119,161,163,151,204,214,118,222,170,226,217,165,209,158,267,154,327,193,210,201,267,203,326
330,168,55,179,102,154,119,153,163,147,204,211,117,222,169,226,214,162,207,157,266,156,331,192,208,202,267,189,246
331,166,54,176,100,150,119,146,161,142,204,210,116,221,167,226,211,160,209,156,272,156,336,189,209,199,266,190,249
332,165,53,173,100,146,119,144,162,139,205,208,116,220,166,226,209,159,208,157,271,155,335,188,208,198,268,183,342
333,163,51,171,99,143,119,139,162,135,205,205,114,218,163,226,208,157,207,155,269,156,335,187,206,197,269,180,336
334,162,51,169,98,140,119,137,165,130,207,203,113,217,163,225,208,156,205,156,264,157,320,186,204,194,263,192,282
335,160,50,167,98,138,119,133,165,127,207,202,113,216,162,224,207,155,205,156,262,157,313,186,203,193,261,193,300
336,157,51,164,97,135,119,132,167,123,207,200,112,215,162,223,204,154,205,156,263,158,322,185,204,192,263,177,319
337,156,50,163,97,134,119,130,165,121,207,198,112,213,161,222,203,153,204,157,265,156,329,184,203,192,266,173,323
338,154,50,162,97,132,119,126,167,118,208,197,111,211,159,220,201,153,202,156,264,159,318,184,200,191,265,182,318
339,152,50,160,97,130,120,126,167,117,209,197,111,210,159,219,201,153,205,156,267,157,331,184,203,191,269,175,324
340,151,50,158,97,129,120,124,169,115,209,195,110,209,158,217,200,152,206,156,267,155,332,183,204,190,269,179,336
341,150,50,157,96,127,119,122,168,115,210,194,109,207,158,215,199,152,207,156,267,159,329,183,204,190,267,189,327
342,149,50,156,96,126,120,120,168,114,211,193,109,206,158,213,199,152,207,155,267,157,331,184,204,191,268,182,330
343,148,50,155,97,124,120,120,168,114,211,192,109,204,157,212,197,151,207,155,266,158,328,184,203,191,266,187,325
344,147,49,154,96,123,121,120,168,114,212,191,109,204,157,211,197,151,206,156,267,159,329,184,202,191,266,183,328
345,147,49,153,96,122,121,120,169,115,213,189,109,202,157,210,196,151,206,155,268,157,331,183,202,192,267,192,327
346,147,50,153,96,122,121,119,169,116,214,189,109,202,157,210,195,151,206,156,268,158,331,183,202,193,267,191,327
347,146,50,153,96,121,121,120,170,117,214,188,109,201,157,210,195,150,205,155,268,158,332,183,200,193,267,193,329
348,146,50,152,96,121,121,120,169,119,214,188,109,201,156,209,195,150,205,155,266,159,328,183,201,192,265,189,326
349,145,49,152,96,121,121,120,168,120,214,187,108,201,156,209,196,150,204,156,265,160,321,183,198,192,262,156,323
350,145,49,152,96,120,121,120,170,121,213,187,108,200,156,209,195,151,205,157,267,161,322,183,200,192,261,155,322
351,146,49,152,96,120,121,121,169,122,212,187,109,201,157,209,195,151,206,156,267,159,325,184,200,192,262,200,319
352,146,50,152,96,121,121,121,170,124,212,187,109,201,157,210,196,151,205,155,266,159,322,184,200,193,261,200,318
353,146,50,152,96,122,122,122,170,126,214,187,109,201,157,210,196,152,206,156,267,158,328,185,201,194,262,202,319
354,147,50,153,96,122,121,123,170,128,213,187,109,202,157,211,197,152,205,156,267,159,328,185,200,194,261,205,320
355,147,50,154,97,123,121,123,171,129,214,188,109,202,157,211,196,152,204,156,268,159,330,185,199,195,261,203,319
356,149,49,155,96,123,122,124,170,130,214,189,109,203,157,212,197,153,205,157,268,157,328,186,200,195,260,207,319
357,150,50,155,97,124,122,124,170,130,214,190,109,204,157,212,196,153,205,156,265,157,326,186,200,196,260,205,318
358,152,50,156,97,125,121,124,167,130,213,191,110,205,157,213,197,154,205,156,266,156,330,186,201,197,263,208,320
359,154,50,158,97,127,120,124,166,131,213,193,110,207,158,214,197,155,206,157,266,157,324,187,201,197,259,207,317
360,156,50,160,97,129,120,126,166,131,213,195,110,209,159,215,198,156,206,158,266,155,328,188,202,197,257,208,318
361,159,50,162,97,130,120,127,167,131,213,196,112,209,158,216,197,156,207,159,263,158,313,189,202,198,256,209,291
362,162,51,165,99,132,119,128,166,131,211,198,113,212,159,216,196,158,205,159,264,159,325,190,202,199,260,209,315
363,166,52,167,100,133,120,130,167,131,212,201,113,214,158,218,195,158,205,161,264,160,320,192,202,200,258,210,308
364,169,53,170,101,135,120,131,167,131,212,203,114,217,159,218,193,160,206,162,264,159,324,193,203,201,260,213,327
365,173,55,172,103,139,120,132,166,132,211,205,114,220,159,218,190,162,206,163,265,161,323,195,203,202,263,198,283
366,177,56,175,103,140,120,134,167,133,210,208,114,222,159,216,187,163,204,164,264,160,325,197,201,203,264,209,325
367,182,56,178,104,144,120,136,167,135,211,210,115,227,161,215,183,165,203,165,262,165,322,200,200,205,262,210,317
368,185,57,181,105,146,119,139,163,137,208,213,115,231,160,213,180,168,205,167,265,167,322,201,203,206,264,204,282
369,189,58,184,105,149,119,141,165,139,208,216,115,234,158,212,174,170,203,168,264,169,321,202,202,207,261,207,281
370,192,58,187,106,152,118,146,162,140,208,218,116,236,158,211,170,172,203,169,264,172,322,203,202,208,261,208,282
371,194,59,189,106,156,119,147,164,142,207,221,116,239,156,212,166,173,204,170,263,176,321,204,204,209,261,206,330
372,198,58,192,106,157,118,148,164,144,208,224,117,241,156,211,163,176,203,170,263,173,321,206,203,209,257,214,278
373,200,59,194,106,160,119,150,163,146,207,226,117,244,155,212,161,176,202,171,261,174,309,207,201,209,256,217,287
374,202,59,196,106,163,118,153,162,148,206,228,117,246,154,212,159,178,202,172,260,177,308,209,201,210,256,216,288
375,204,59,198,107,165,119,154,163,150,207,230,117,248,154,213,157,180,202,173,260,174,299,211,202,211,255,217,284
376,206,59,201,106,167,119,157,164,152,207,233,117,250,154,213,156,181,203,173,260,174,321,212,203,212,257,217,285
377,209,59,203,107,169,118,159,164,155,206,234,117,251,154,214,155,181,203,173,262,181,320,213,203,213,258,216,282
378,210,59,205,107,171,117,161,165,156,205,237,118,252,155,215,155,182,203,175,259,179,310,215,204,213,258,217,284
379,213,60,206,108,173,117,162,166,157,206,238,119,255,155,217,155,183,202,175,259,180,275,215,203,213,256,219,283
380,214,60,208,108,174,118,164,165,159,205,240,118,256,154,219,156,184,202,176,259,179,277,216,202,214,256,221,290
381,216,60,210,108,175,118,163,165,160,205,241,118,257,155,219,156,185,201,177,260,186,238,217,202,215,257,218,281
382,218,60,211,108,177,117,166,163,161,205,242,119,258,155,221,156,186,202,178,259,183,310,217,203,215,257,219,288
383,219,61,212,108,178,117,167,161,162,204,243,120,258,154,222,157,187,201,179,259,180,278,218,203,215,257,219,287
384,221,62,213,108,179,116,167,161,162,204,244,120,258,156,222,157,188,201,179,259,188,240,219,202,215,259,218,281
385,223,61,214,109,180,117,167,162,162,204,245,121,260,156,223,156,188,199,180,259,190,238,219,201,215,259,217,278
386,224,62,215,109,181,116,167,164,162,205,246,121,260,157,224,156,188,201,179,261,187,240,220,202,216,259,219,283
387,226,63,217,110,182,116,168,162,161,205,247,121,260,157,225,157,189,200,179,261,188,239,220,201,216,260,218,280
388,228,64,217,110,182,115,169,161,162,204,248,121,262,157,225,157,190,199,179,261,189,240,221,201,217,259,218,281
389,229,64,218,110,183,115,169,160,161,203,248,122,262,159,226,156,189,200,180,260,191,240,221,202,216,260,218,280
390,231,64,218,110,184,115,169,161,161,202,248,123,262,159,227,156,190,201,180,260,194,241,221,203,216,259,217,278
391,233,64,219,110,185,115,169,161,161,202,249,122,262,158,227,156,191,201,180,260,192,239,221,203,216,262,217,280
392,234,64,219,110,185,115,169,160,161,202,249,123,262,158,227,156,191,202,180,259,193,239,221,203,217,262,217,280
393,234,64,220,110,186,114,169,160,161,202,249,124,263,159,228,157,191,199,180,260,194,238,221,201,217,260,216,279
394,235,64,220,110,186,115,169,160,161,202,250,124,263,159,228,157,191,199,180,261,193,236,221,201,217,260,211,243
395,236,64,220,110,186,114,170,159,161,201,250,124,264,159,229,157,191,199,180,261,192,239,222,201,217,259,219,280
396,236,64,220,110,186,114,170,159,161,202,250,124,264,159,229,158,191,200,180,261,190,239,222,202,217,259,219,291
397,236,64,221,110,187,115,169,160,161,202,250,124,264,161,229,159,191,201,180,260,192,239,223,203,217,259,218,278
398,236,64,221,110,187,114,170,159,162,201,250,125,265,161,230,160,191,200,180,260,193,236,222,203,218,260,217,279
399,237,64,222,110,187,115,170,160,162,202,250,125,264,161,231,162,191,200,179,261,193,237,222,203,218,261,217,279
400,237,64,222,110,187,115,170,161,162,201,250,124,263,162,231,164,192,201,180,260,193,239,223,202,217,259,218,281
401,238,64,222,110,187,115,170,161,162,201,250,124,263,163,230,167,192,201,181,260,194,239,222,202,217,260,217,281
402,238,65,222,110,187,115,170,160,162,201,250,124,260,165,231,172,191,203,181,259,189,238,223,205,217,258,218,280
403,238,65,222,109,187,114,171,159,163,201,249,124,261,166,232,176,191,202,181,258,194,238,223,204,217,258,219,287
404,238,64,222,109,187,114,170,160,163,202,249,124,262,167,232,182,191,204,181,258,187,240,224,206,216,259,217,282
405,237,64,222,109,187,114,170,160,163,202,250,124,261,169,237,189,190,198,181,259,195,237,226,200,216,260,215,280
406,236,64,222,109,187,114,170,160,163,201,250,124,260,170,239,195,190,199,181,260,191,241,224,202,216,258,217,283
407,236,63,221,109,186,115,170,160,163,202,250,124,258,171,242,200,190,200,181,260,192,241,223,203,216,257,220,287
408,235,62,221,109,187,114,170,162,162,203,250,124,255,171,243,204,190,202,180,260,193,237,223,205,217,260,212,242
409,235,62,221,109,186,114,170,160,162,203,250,124,253,172,245,207,190,203,180,260,193,238,221,206,217,261,212,243
410,234,62,220,108,186,114,170,160,162,202,249,124,252,172,247,210,189,202,180,262,193,239,220,205,216,262,206,238
411,233,62,220,107,186,114,169,161,162,202,249,124,251,172,248,211,189,203,180,263,194,239,220,207,216,265,209,246
412,232,62,219,108,185,115,169,159,161,203,249,124,250,172,249,212,188,205,180,263,193,241,219,207,216,261,216,282
413,231,61,218,108,184,114,168,159,161,202,248,123,248,172,250,212,188,204,181,261,183,293,219,206,215,260,217,287
414,230,61,217,108,183,114,167,161,159,203,247,123,247,172,249,212,187,206,182,261,186,291,218,208,215,258,217,287
415,228,61,217,108,182,115,166,162,158,204,246,123,246,171,249,211,187,205,182,262,186,292,219,207,214,260,215,288
416,226,61,216,107,181,114,165,162,157,204,245,123,246,170,247,211,187,203,182,263,186,310,219,206,214,261,216,300
417,224,61,214,108,179,115,164,162,158,205,245,122,245,171,247,211,186,208,182,264,184,294,216,209,214,262,216,283
418,222,60,213,107,177,116,163,162,156,206,243,122,243,171,246,211,186,208,182,265,186,304,216,210,214,261,216,298
419,220,60,211,108,175,117,162,163,156,206,241,122,242,171,245,211,186,210,182,263,195,241,215,210,214,262,209,239
420,217,60,209,108,173,116,160,164,154,207,240,122,242,170,244,210,184,209,181,262,193,241,215,210,213,260,209,241
421,214,59,207,107,172,117,159,164,154,208,239,121,241,169,243,209,183,209,180,262,193,240,214,209,213,260,207,239
422,211,59,205,107,170,117,158,164,153,210,237,121,240,169,242,209,183,210,180,262,192,241,214,210,212,262,205,239
423,208,60,204,108,168,118,157,164,152,210,236,120,238,166,241,207,182,208,180,261,192,241,214,209,212,262,203,240
424,205,59,201,107,166,118,155,166,151,213,234,119,237,166,240,208,181,212,179,263,190,243,213,212,212,265,205,246
425,202,58,199,106,164,119,154,167,151,213,233,118,236,167,239,207,179,211,177,262,188,242,212,212,211,263,205,243
426,200,58,197,106,162,120,153,167,150,214,231,117,235,166,239,207,178,213,177,265,182,320,211,213,211,265,213,314
427,198,58,195,106,159,119,152,167,149,214,229,116,234,165,238,207,178,212,176,265,179,325,211,211,212,269,205,245
428,195,58,194,106,158,119,149,169,149,216,227,115,233,165,237,206,177,212,176,264,179,322,211,211,214,267,216,323
429,192,57,191,105,155,120,148,170,148,216,225,115,232,164,237,206,175,214,175,266,177,324,210,212,215,268,204,246
430,190,56,189,105,153,119,148,168,148,218,223,114,230,164,237,206,175,213,174,264,187,239,210,211,217,269,208,237
431,187,56,188,105,152,120,147,172,148,220,222,115,229,164,236,205,173,214,173,266,177,333,210,212,218,271,222,331
432,186,57,186,105,150,121,146,173,147,222,221,114,229,163,236,207,173,215,173,269,178,336,210,212,219,273,209,246
433,184,57,185,106,149,122,145,174,147,222,220,115,229,165,235,206,172,213,171,262,183,240,209,212,217,268,207,240
434,182,57,184,106,147,123,144,176,147,223,220,115,228,164,235,205,172,214,172,265,177,330,209,212,216,269,220,329
435,180,57,182,106,147,123,143,177,147,224,219,114,228,164,235,206,172,216,172,265,183,240,208,213,214,265,207,239
436,179,57,182,106,146,123,142,178,147,224,219,113,228,163,236,207,172,214,172,264,183,240,208,211,212,265,206,238
437,178,56,181,105,146,125,142,178,147,224,219,113,230,164,236,207,172,217,172,266,179,241,208,215,211,265,203,242
438,178,57,181,106,145,125,143,179,147,225,220,113,231,165,237,208,171,215,172,264,182,241,209,214,210,264,204,240
439,178,57,182,106,146,125,142,179,148,225,220,114,232,165,238,208,171,215,173,264,183,242,208,213,211,268,203,244
440,179,57,182,106,146,126,143,180,148,225,221,114,233,166,238,209,172,215,173,264,184,241,209,212,210,269,203,243
441,180,58,183,106,147,125,144,180,148,226,222,115,234,168,239,210,172,216,173,264,183,239,209,215,210,270,201,241
442,180,58,184,106,147,124,145,181,150,226,223,114,235,170,240,212,172,218,173,265,181,241,208,218,211,270,202,242
443,182,57,186,107,148,124,146,178,153,227,225,115,235,170,240,214,173,216,171,260,185,237,208,216,211,267,203,238
444,184,58,188,107,150,124,148,181,154,227,228,116,237,171,241,216,174,218,173,263,184,238,209,219,212,269,201,239
445,186,59,189,108,153,124,149,179,155,228,229,117,239,173,241,219,174,217,173,260,183,236,210,219,213,270,204,239
446,188,59,192,108,155,124,151,180,156,228,231,118,241,173,241,220,175,216,173,262,176,234,210,218,212,268,204,241
447,191,58,195,107,157,122,153,180,158,228,234,119,242,175,241,223,176,221,175,262,185,239,211,224,215,273,205,241
448,194,59,197,108,160,122,155,178,160,228,236,119,242,175,240,224,178,222,175,269,186,242,212,225,216,276,206,241
449,198,60,199,108,162,122,157,180,162,229,238,120,243,179,241,227,177,218,174,267,188,243,214,222,217,274,209,240
450,200,60,201,109,164,121,159,181,164,230,240,122,244,181,240,229,178,219,175,266,189,240,214,223,219,276,210,237
451,203,62,203,111,165,121,161,178,167,231,241,122,244,180,240,231,177,216,174,267,182,233,215,220,219,277,211,238
452,204,63,205,113,168,120,163,177,168,230,243,122,244,181,239,233,179,216,172,267,184,235,214,220,219,275,212,235
453,206,66,206,116,169,121,165,180,170,232,245,124,245,184,239,236,179,217,174,269,182,235,217,222,219,278,213,238
454,208,68,207,117,170,121,167,180,171,233,245,124,245,182,239,237,181,219,175,268,183,235,216,224,219,277,213,237
455,208,68,209,117,171,121,169,180,172,234,246,124,246,184,238,237,182,218,174,266,183,238,217,221,219,277,213,234
456,210,69,210,118,172,122,170,182,173,237,248,125,246,183,238,238,182,222,176,272,182,240,217,226,220,279,213,238
457,209,71,211,120,173,121,170,180,174,240,248,126,246,184,238,240,182,221,175,265,182,243,217,225,219,279,216,240
458,210,70,211,119,173,122,171,182,175,242,249,126,246,184,238,240,183,221,176,268,183,243,217,224,220,277,229,241
459,212,74,211,122,173,122,171,182,175,241,250,128,246,186,237,242,183,225,180,274,182,248,215,226,222,279,218,242
460,211,73,210,122,172,122,171,183,176,243,249,128,246,186,236,242,183,225,180,275,184,248,217,226,220,280,219,244
461,211,74,210,122,172,123,172,184,176,244,249,128,245,185,236,241,183,224,180,275,184,246,217,225,220,281,219,243
462,211,73,210,123,171,123,171,184,176,245,248,129,244,185,236,242,184,226,182,280,185,247,217,227,220,281,222,241
463,210,74,210,123,171,123,171,185,177,244,249,129,244,185,236,241,184,224,178,271,184,247,216,224,220,280,223,242
464,210,73,209,122,171,124,170,184,177,245,248,128,244,184,235,242,184,223,178,272,185,248,216,224,219,280,223,243
465,209,73,208,122,170,124,171,184,177,245,247,128,243,184,234,243,185,224,176,270,185,247,216,224,219,280,224,243
466,208,73,208,123,170,124,171,185,177,246,246,128,243,185,234,243,184,224,176,269,184,248,215,225,219,280,223,243
467,207,73,208,123,169,124,171,184,177,246,247,128,243,185,233,244,184,224,177,270,184,247,217,224,219,279,224,244
468,207,73,207,123,169,124,170,185,177,246,246,128,242,185,233,244,184,225,176,270,184,247,216,225,219,280,224,243
469,206,75,207,125,169,125,170,184,176,247,245,127,241,186,233,245,183,228,179,280,183,350,215,227,219,283,226,347
470,204,76,207,125,169,125,170,184,177,246,244,127,242,185,233,243,183,224,176,271,184,246,216,225,219,280,222,243
471,203,73,207,123,168,124,169,185,176,247,245,128,242,186,233,244,183,223,177,273,183,249,215,223,219,281,222,243
472,203,74,206,124,168,125,169,185,176,247,244,128,241,187,232,244,183,224,177,274,183,249,215,223,219,281,222,244
473,203,72,205,123,167,125,170,187,177,247,243,127,241,188,232,243,182,224,177,273,182,249,215,223,219,280,223,242
474,202,74,205,124,166,126,171,188,177,247,243,127,241,188,233,244,181,225,176,277,178,354,214,224,219,282,224,351
475,200,73,204,124,166,127,170,188,176,247,243,127,241,187,232,244,181,225,175,272,180,253,214,224,219,280,217,244
476,200,74,204,124,166,126,169,188,176,248,243,128,241,187,233,243,181,223,175,272,180,250,214,222,217,278,218,239
477,199,72,203,122,165,126,169,186,176,247,242,126,241,187,233,243,180,223,174,273,183,337,214,223,218,279,219,338
478,197,76,203,125,165,125,168,186,175,246,241,126,240,188,233,243,180,226,175,275,183,340,214,225,217,280,222,341
479,196,76,202,124,164,126,167,186,175,247,240,125,240,187,233,242,180,226,178,282,185,354,214,225,216,284,228,351
480,194,77,202,124,163,126,166,185,174,246,240,126,240,187,233,242,179,224,176,280,187,347,212,224,216,283,222,346
481,194,76,201,125,163,125,164,186,172,245,239,125,240,187,233,239,179,225,177,282,185,350,213,224,215,283,222,349
482,195,75,200,123,162,126,165,186,172,244,237,123,239,186,231,238,179,226,176,281,185,345,214,226,213,283,219,344
483,193,76,199,123,161,127,163,186,170,243,237,123,239,186,230,238,178,224,174,273,171,328,212,224,213,278,218,237
484,191,74,198,122,160,127,161,187,167,242,236,122,238,183,228,237,177,223,172,276,175,343,214,224,211,280,208,343
485,188,74,197,122,159,126,158,185,164,241,235,122,237,183,227,237,175,223,171,274,170,338,210,225,209,278,207,339
486,187,72,196,120,158,125,156,183,162,239,235,124,236,184,225,237,175,222,171,277,174,338,211,223,208,280,208,337
487,187,71,195,119,156,126,155,185,159,239,234,122,235,182,222,237,174,226,165,285,160,352,208,229,205,287,181,354
488,185,71,193,120,155,126,153,184,156,238,232,122,234,182,220,237,174,226,165,283,163,350,208,229,207,284,201,337
489,181,73,192,120,154,126,151,187,154,238,231,122,233,182,218,236,173,227,167,283,168,351,207,228,210,283,202,332
490,179,72,191,119,153,125,149,186,150,236,230,123,231,183,215,235,172,227,182,277,161,243,207,228,192,282,218,236
491,177,71,189,118,151,125,148,183,147,236,228,123,230,182,213,235,170,227,163,289,159,355,206,228,208,286,180,355
492,174,72,188,118,150,125,146,182,145,236,227,123,228,182,209,235,169,228,161,291,155,367,207,228,208,286,185,356
493,171,72,187,118,150,125,145,183,142,237,226,124,226,183,207,235,167,230,158,291,163,355,208,227,208,287,208,357
494,171,73,186,119,148,125,144,183,140,235,226,126,224,184,204,235,166,227,163,287,166,351,207,225,207,284,209,348
495,167,73,183,118,147,125,144,183,136,235,224,128,222,183,201,235,165,228,161,287,164,352,206,226,207,283,210,348
496,164,73,182,118,146,126,143,184,133,235,224,130,220,185,197,236,164,227,163,283,169,345,205,223,208,274,190,340
497,162,72,181,118,145,126,140,185,131,234,223,130,218,186,194,237,164,228,163,284,173,344,205,223,208,274,208,342
498,160,73,179,117,144,126,138,185,129,235,221,130,216,187,190,239,162,224,163,280,173,342,204,220,207,273,207,342
499,158,72,178,117,142,128,136,186,126,235,220,130,214,188,188,238,163,224,163,283,172,345,204,220,205,275,209,341
500,155,73,177,118,141,127,136,185,124,235,219,131,212,190,184,239,163,220,161,281,170,341,202,218,205,273,207,339
501,153,74,175,118,140,128,134,187,123,235,217,129,210,192,181,241,163,218,162,278,169,337,201,216,203,273,205,336
502,150,75,174,117,139,128,134,186,121,236,217,130,207,195,179,240,162,215,162,277,171,338,199,214,204,271,207,335
503,148,75,172,118,138,128,132,185,118,237,215,128,207,192,178,241,162,211,168,272,173,336,199,210,203,272,206,335
504,145,75,170,118,137,128,131,185,117,237,214,129,206,190,176,240,161,211,163,274,170,340,199,209,203,271,207,337
505,143,76,170,118,136,129,132,185,116,238,213,129,205,190,174,241,161,210,162,274,168,338,201,206,202,270,203,335
506,140,78,168,118,136,129,131,184,115,238,211,128,203,189,172,242,161,210,161,274,165,338,200,207,202,271,203,336
507,138,77,166,118,134,130,129,185,114,239,208,127,202,188,170,243,162,210,160,275,162,339,204,206,203,273,201,339
508,136,78,164,119,134,131,127,187,113,239,206,129,200,191,169,244,161,210,160,274,162,338,204,204,203,272,199,339
509,133,81,163,120,133,130,127,187,112,240,205,128,199,191,168,245,162,209,161,271,159,337,205,203,203,272,196,339
510,131,82,162,121,131,131,126,189,110,241,203,129,197,192,167,245,162,208,160,270,160,339,204,202,203,271,201,339
511,129,82,161,121,131,133,124,189,110,242,202,129,195,193,164,247,161,210,159,273,164,341,204,204,202,272,205,341
512,126,84,159,121,130,132,124,189,110,241,201,128,197,188,164,248,162,207,158,273,163,341,204,200,203,271,204,341
513,125,85,159,122,129,134,124,189,109,241,200,128,195,188,162,250,163,206,159,267,161,337,202,202,203,269,202,339
514,123,88,158,123,130,132,123,189,109,242,198,128,195,183,162,250,163,206,157,268,161,337,201,203,202,269,204,339
515,123,89,157,123,129,133,123,189,109,243,198,129,195,184,161,251,163,208,157,268,160,338,200,204,202,270,203,338
516,121,88,156,124,128,134,123,191,108,244,197,130,193,189,160,252,163,207,160,265,152,337,200,205,202,272,210,231
517,120,91,156,124,127,134,122,190,108,244,197,130,192,188,160,252,163,207,158,263,153,336,200,205,203,268,195,336
518,119,90,155,125,127,135,122,191,108,245,196,130,192,191,160,254,162,208,159,265,175,238,200,206,202,271,207,232
519,119,91,155,125,127,135,122,191,108,245,195,130,191,192,161,253,163,208,160,264,157,337,200,204,202,270,197,338
520,117,91,154,126,126,136,122,191,108,246,195,131,191,195,160,254,162,209,159,266,177,244,200,205,202,274,208,234
521,118,92,155,127,126,136,122,192,108,246,195,132,190,193,160,255,162,209,158,266,175,238,200,204,202,273,208,234
522,117,93,154,127,125,137,122,192,108,247,194,131,190,194,159,256,162,209,159,266,174,239,199,205,202,273,208,234
523,116,94,154,127,126,137,121,192,108,246,194,131,189,191,159,255,163,207,160,263,174,235,200,204,202,270,209,231
524,115,96,154,128,125,137,122,192,108,249,194,132,189,193,159,256,162,209,157,267,173,239,200,205,202,273,207,235
525,116,96,155,128,125,136,122,192,108,248,194,132,190,193,159,256,163,208,160,265,173,237,200,206,202,270,206,232
526,117,96,155,128,125,136,122,192,108,249,194,132,189,192,159,256,163,208,160,265,174,236,201,204,202,271,206,233
527,117,95,155,128,126,136,122,193,108,249,194,133,190,192,159,255,163,208,159,263,173,237,200,205,203,268,205,233
528,118,95,155,128,126,136,121,193,108,249,195,133,190,193,160,256,163,208,160,263,174,238,200,206,203,271,207,234
529,119,97,156,129,126,137,122,193,108,249,195,132,191,193,160,256,163,208,161,264,176,236,200,205,202,273,210,233
530,118,95,156,128,126,137,123,192,109,249,195,132,190,195,160,255,163,209,156,268,174,238,199,205,203,273,208,235
531,121,96,157,128,128,136,122,192,109,248,196,132,190,196,160,255,163,208,163,262,175,236,200,206,203,270,209,231
532,122,94,157,128,128,135,123,193,110,247,196,131,192,194,162,254,164,207,162,264,178,240,200,206,203,271,210,232
533,124,93,159,127,129,133,124,192,111,245,197,131,192,193,162,253,164,207,161,264,161,338,202,204,203,270,201,339
534,125,92,160,127,130,132,124,192,112,244,198,131,194,190,164,252,164,207,161,268,168,337,203,202,202,272,203,341
535,129,89,160,126,130,134,125,192,113,242,199,131,194,188,165,250,163,209,164,270,174,340,204,202,203,271,208,341
536,131,90,162,127,129,134,126,191,113,242,202,132,195,196,167,249,163,210,163,271,173,336,204,203,203,271,206,338
537,132,87,162,125,130,133,128,190,115,240,202,131,197,196,170,248,163,210,163,272,175,339,206,202,203,272,208,340
538,134,86,164,124,131,132,131,189,117,239,205,132,198,192,173,246,162,210,163,275,179,339,208,203,204,270,210,336
539,137,85,166,125,132,133,132,189,119,239,205,130,201,189,177,244,162,211,163,275,177,340,201,208,204,270,210,338
540,141,81,166,124,133,133,133,190,121,239,206,129,204,189,181,244,162,215,164,275,176,341,199,212,205,272,209,341
541,142,80,168,123,134,133,134,189,124,236,210,128,208,190,187,243,163,217,163,272,177,338,200,216,206,269,208,335
542,145,80,170,123,134,132,135,189,127,236,211,129,210,192,192,241,162,226,165,287,178,350,201,223,205,278,216,348
543,150,76,170,122,135,133,137,188,130,236,211,127,213,190,199,240,163,225,164,285,168,349,202,224,202,284,206,348
544,153,75,171,121,136,133,138,189,133,235,212,126,216,189,203,240,163,226,168,287,179,348,200,225,204,282,212,343
545,155,72,172,120,137,132,139,187,138,235,213,124,219,187,209,239,164,225,165,285,179,343,200,224,209,278,216,337
546,159,74,174,121,138,133,141,189,141,235,214,123,222,187,213,239,165,225,169,279,181,338,200,224,210,274,218,332
547,162,73,176,120,139,134,141,189,144,236,217,125,224,186,218,237,165,225,167,282,178,338,199,224,210,277,216,333
548,164,71,177,119,141,133,143,190,146,236,217,122,226,185,220,238,167,225,167,280,177,340,201,223,213,279,218,339
549,167,70,178,119,142,132,145,190,150,238,218,123,228,185,225,238,167,223,168,275,174,337,201,223,213,277,217,336
550,170,72,180,120,144,131,145,188,153,237,219,123,230,186,227,238,169,222,171,270,175,330,203,222,216,275,208,240
551,171,71,182,119,146,132,146,190,155,238,222,124,231,186,228,237,171,223,169,272,169,333,206,223,215,276,217,336
552,174,73,184,121,148,131,148,189,158,238,223,123,232,186,230,239,172,222,170,277,178,339,207,222,216,276,221,341
553,176,72,185,120,149,130,151,192,161,240,224,124,233,186,231,240,172,220,173,272,172,332,207,221,216,275,215,343
554,179,72,187,121,150,131,152,191,164,240,226,124,233,185,232,240,174,221,174,271,178,331,208,221,216,274,214,238
555,181,74,189,123,152,131,156,191,166,242,228,125,235,186,231,239,176,223,175,269,179,328,210,223,216,276,216,329
556,183,72,189,121,153,131,156,191,168,242,228,124,235,186,232,240,177,220,177,273,183,331,210,219,217,274,219,331
557,185,73,191,122,155,132,158,190,171,245,229,125,235,186,232,240,179,219,173,272,179,331,211,220,218,276,217,334
558,188,75,192,124,156,132,159,189,172,246,230,125,236,187,231,240,180,221,174,273,183,336,212,220,216,276,220,336
559,190,77,194,125,157,132,162,191,174,247,232,126,237,186,231,240,181,219,174,273,182,336,214,218,217,276,220,337
560,192,75,195,125,159,131,163,190,175,248,234,127,237,187,230,240,181,222,172,273,181,339,215,221,220,278,224,342
561,193,78,197,126,160,131,164,190,175,247,234,126,238,186,230,241,182,220,172,270,180,334,216,220,220,279,223,342
562,194,75,197,125,161,131,165,191,176,248,236,128,238,186,230,240,183,220,173,274,183,339,216,219,221,279,227,343
563,197,79,199,127,162,132,166,190,177,247,236,127,239,188,229,241,185,218,174,271,180,334,216,219,221,278,223,343
564,197,80,200,128,163,131,167,190,178,247,237,128,239,187,229,241,185,220,174,270,181,334,217,220,221,279,221,340
565,200,78,200,127,164,132,168,192,179,246,238,128,240,187,229,241,186,219,174,273,181,342,217,218,221,279,225,345
566,200,76,201,126,164,132,168,192,179,246,238,128,239,187,230,241,186,220,175,275,183,344,218,220,221,279,227,345
567,201,77,202,127,165,132,169,192,180,247,240,129,240,188,230,242,186,221,175,276,182,344,218,221,221,279,226,346
568,202,77,202,127,166,131,170,191,180,247,240,129,240,188,230,241,187,219,175,271,185,332,219,219,220,277,222,335
569,203,78,203,128,166,131,171,191,181,247,240,128,240,187,230,241,186,219,177,273,186,335,218,219,221,278,223,337
570,203,77,204,127,167,131,170,190,183,246,241,129,240,187,230,242,185,221,178,278,189,346,218,221,221,280,231,346
571,204,78,204,127,168,132,171,191,183,247,241,129,240,187,230,242,186,222,178,278,189,343,219,221,222,278,231,344
572,204,77,204,127,168,130,171,189,184,248,241,128,241,188,230,242,188,220,177,272,186,335,219,221,222,279,225,338
573,203,79,205,128,169,131,173,191,184,248,242,129,241,187,231,242,188,221,178,277,187,338,219,221,222,279,226,339
574,204,79,206,128,169,131,173,190,184,248,243,130,241,189,232,242,187,221,178,278,187,340,219,221,221,281,226,341
575,205,77,206,126,169,131,172,191,185,248,243,129,242,189,232,242,187,220,179,277,188,339,220,220,221,281,225,341
576,205,77,206,127,169,131,172,191,185,248,243,129,243,188,233,242,189,219,179,275,183,339,220,219,220,281,220,343
577,204,78,207,127,170,131,172,191,184,247,243,129,243,187,233,242,189,220,179,277,187,342,221,219,220,282,225,344
578,206,77,206,126,170,131,171,191,185,246,243,129,244,187,234,241,189,220,180,278,189,345,221,220,221,281,226,346
579,206,75,206,125,170,131,171,190,184,246,244,129,244,187,234,240,189,220,180,276,187,342,222,219,220,282,224,345
580,206,77,207,126,170,130,171,189,184,246,244,128,245,186,235,240,188,219,180,278,188,346,221,219,219,281,222,347
581,207,76,207,125,170,130,171,189,184,245,244,127,245,187,235,239,188,219,181,280,183,345,222,219,219,281,219,351
582,209,74,207,123,170,130,171,189,183,244,244,127,246,185,235,238,188,219,182,279,190,346,222,219,219,280,222,347
583,208,73,208,123,170,130,171,188,183,244,245,126,246,187,236,236,189,220,186,277,192,342,223,219,220,276,215,343
584,210,72,208,122,170,130,170,189,182,242,245,126,246,186,236,236,188,219,181,274,184,339,225,219,220,276,221,343
585,211,71,208,122,170,130,170,189,182,241,245,126,248,185,238,236,187,220,180,276,181,340,223,221,219,280,217,340
586,211,72,208,121,170,130,169,189,182,240,246,127,248,185,239,234,186,218,180,274,182,338,221,219,218,278,218,340
587,212,70,208,120,171,128,169,189,181,237,246,126,249,184,239,233,186,221,184,278,189,342,220,222,219,281,223,343
588,214,71,209,119,171,129,169,187,181,236,247,126,250,184,240,232,185,222,180,278,180,341,220,225,220,282,222,345
589,216,69,209,118,171,127,169,188,182,236,246,125,250,183,241,230,186,220,180,271,180,338,222,223,220,278,221,341
590,218,68,210,117,171,127,169,189,183,235,247,124,251,183,242,228,186,221,179,270,174,343,222,225,218,278,216,338
591,218,69,210,117,171,128,169,188,183,234,247,125,252,184,243,228,186,220,177,279,181,352,223,225,219,283,219,354
592,220,68,210,117,172,126,169,187,184,233,248,125,252,183,244,227,186,219,177,272,176,345,223,224,218,279,191,344
593,222,67,211,116,172,126,170,187,186,234,248,124,252,183,244,226,185,220,177,269,175,344,223,226,217,279,191,343
594,223,66,212,115,172,128,170,188,186,233,249,125,253,182,245,226,185,219,179,270,179,343,223,224,219,278,204,344
595,225,67,212,115,173,127,171,187,188,233,249,125,253,181,246,225,186,218,180,269,180,343,223,223,219,277,207,343
596,228,68,213,114,173,127,171,187,189,232,250,126,253,181,247,225,187,215,179,266,176,341,226,220,222,275,227,246
597,230,67,214,113,174,127,172,186,192,233,250,126,253,179,248,224,188,216,180,267,178,342,226,219,222,275,209,342
598,232,67,216,114,175,125,173,187,194,234,250,125,254,179,249,224,188,218,182,267,177,339,227,222,221,272,224,246
599,233,67,216,114,176,124,175,190,199,236,250,124,254,178,250,224,189,215,183,269,181,342,227,218,225,273,215,340
600,235,68,217,114,177,126,177,191,201,237,251,125,255,179,251,225,190,213,183,267,176,339,228,217,226,272,248,340
601,238,68,219,114,178,125,179,192,204,237,252,125,257,178,252,224,189,210,183,266,177,340,228,214,228,272,214,341
602,240,69,220,114,180,125,181,193,206,238,253,127,257,179,253,225,188,210,182,267,181,343,228,213,224,276,216,358
603,243,70,221,115,182,124,183,193,208,238,253,127,257,180,254,226,189,209,182,266,180,340,227,212,229,276,229,341
604,245,71,222,115,181,127,184,193,212,241,254,127,257,179,256,227,189,210,183,267,188,344,227,212,224,275,219,358
605,248,72,223,116,183,127,187,194,214,242,254,128,258,179,257,227,188,209,184,267,189,343,227,211,225,274,217,351
606,249,72,225,116,185,126,187,192,216,243,255,128,258,180,258,228,186,211,184,267,179,339,228,214,225,277,234,342
607,252,74,226,116,187,127,189,190,219,245,255,127,259,180,260,229,186,213,183,270,178,340,228,215,224,275,218,259
608,255,75,227,116,187,128,193,191,220,245,256,129,259,181,261,229,187,212,182,270,184,341,227,214,225,277,197,344
609,259,77,228,117,189,130,194,190,223,247,257,127,260,180,262,230,189,213,182,271,186,345,227,216,221,279,204,243
610,261,79,230,118,192,130,196,189,224,246,258,128,260,181,264,231,188,214,182,272,186,343,227,217,222,279,206,358
611,263,80,231,118,192,130,197,190,227,248,259,130,261,182,264,232,189,215,183,271,187,344,228,217,224,277,208,238
612,265,81,232,119,194,130,199,192,229,250,259,129,261,182,266,234,189,215,183,272,187,347,227,217,224,279,209,239
613,267,83,233,120,195,130,201,194,230,250,260,130,262,183,266,234,189,217,185,272,187,345,227,218,225,279,209,241
614,269,84,234,121,196,130,202,193,231,251,261,131,262,185,267,235,188,218,184,270,190,236,227,218,225,278,212,240
615,272,86,235,122,197,132,203,193,232,251,261,133,262,184,268,237,188,217,184,270,188,348,225,220,231,279,231,346
616,273,88,236,123,199,133,203,192,234,253,262,133,262,184,270,239,189,219,182,270,190,351,224,222,233,281,232,351
617,275,90,237,124,199,133,205,191,236,256,262,134,262,183,270,239,188,220,183,270,185,353,221,222,230,283,230,351
618,275,91,238,126,200,133,206,193,238,257,263,136,262,186,270,241,188,219,183,268,199,243,220,222,232,277,210,244
619,276,93,238,126,200,135,206,192,239,257,263,136,263,187,271,242,188,219,181,272,186,344,218,222,233,280,232,349
620,278,93,239,127,201,135,207,193,239,258,264,137,264,187,271,242,187,220,180,272,187,348,217,224,235,283,236,351
621,279,95,240,128,201,135,207,192,239,258,264,138,264,188,271,242,186,220,180,271,184,345,217,223,237,283,212,249
622,279,95,240,128,202,136,207,192,239,259,264,137,264,189,270,243,186,221,180,271,183,346,217,224,237,286,236,355
623,279,95,240,129,202,137,208,193,239,259,264,138,264,187,270,243,187,220,181,272,184,342,217,223,237,284,237,352
624,280,97,240,129,202,137,208,194,239,260,263,137,264,187,271,244,187,221,180,273,177,345,218,224,232,286,230,352
625,281,97,240,129,202,137,208,194,240,260,263,138,263,188,271,244,187,221,180,277,182,350,218,224,231,287,232,354
626,280,97,240,128,202,137,208,194,240,259,263,137,263,187,271,244,187,220,180,274,184,349,218,223,232,284,232,352
627,280,97,240,128,201,138,208,194,240,260,263,137,262,185,271,244,187,220,180,274,182,347,218,222,231,284,231,351
628,280,98,239,128,202,137,207,193,240,259,262,137,262,185,270,244,187,221,180,277,182,350,218,223,231,287,232,354
629,279,97,239,128,201,137,207,193,240,259,262,137,263,185,270,244,186,221,180,277,182,351,217,224,229,289,232,355
630,278,96,239,128,201,137,207,193,239,259,263,137,262,187,270,243,186,220,181,273,183,345,217,224,232,283,233,350
631,277,95,238,128,200,136,206,192,239,258,263,137,262,188,270,243,186,221,180,271,186,343,216,223,235,280,235,350
632,275,94,237,128,199,135,205,191,238,258,262,138,261,187,270,243,186,219,181,270,182,341,216,222,232,280,229,348
633,273,93,236,128,198,135,204,191,237,257,262,137,260,188,269,242,186,220,181,269,185,341,217,224,228,280,228,346
634,273,92,235,126,198,134,202,190,234,255,261,135,260,187,269,242,187,219,181,272,185,343,220,222,229,283,231,349
635,270,90,235,125,196,133,200,192,232,254,261,136,259,187,267,241,187,217,181,269,184,348,222,220,228,283,228,350
636,269,90,233,125,195,133,200,193,229,252,260,135,258,186,267,240,186,218,180,269,184,348,224,219,228,283,229,347
637,266,87,232,124,194,132,200,200,228,252,260,134,258,184,266,239,186,215,182,271,188,348,224,218,223,281,227,345
638,263,86,230,124,193,132,197,200,225,250,258,133,256,185,264,238,185,214,180,269,182,342,224,216,226,281,227,343
639,261,84,230,123,193,131,195,200,223,249,258,132,257,186,263,237,185,214,180,268,185,344,224,216,227,275,229,339
640,259,82,228,122,189,131,193,200,220,248,258,134,255,184,261,236,185,213,181,267,188,342,225,216,228,278,229,341
641,254,81,228,122,189,131,190,200,217,246,258,135,254,184,261,235,184,214,181,266,181,227,226,216,226,273,228,341
642,252,80,227,121,187,131,188,198,212,242,257,134,253,184,260,235,186,214,181,266,190,341,225,216,226,272,230,336
643,250,77,225,120,187,129,186,196,210,241,256,131,253,183,258,234,186,212,181,266,191,339,225,215,224,270,227,339
644,246,75,224,119,185,129,182,197,207,241,256,131,253,182,257,234,186,211,181,266,192,335,223,214,224,269,229,337
645,244,74,222,117,183,129,180,196,205,239,254,130,253,182,256,233,185,211,181,266,190,336,224,215,224,267,228,336
646,242,72,221,116,182,127,177,193,202,237,254,129,253,181,255,232,186,212,179,264,195,235,225,216,223,267,213,235
647,239,71,220,117,181,126,174,192,197,234,253,128,252,180,254,232,189,211,180,264,195,234,226,214,225,267,215,234
648,238,70,219,116,180,126,173,190,194,234,253,128,253,180,254,231,189,211,181,263,194,234,227,214,225,267,219,234
649,234,69,218,115,179,124,169,187,192,232,252,126,253,181,253,232,189,211,180,264,186,246,226,215,224,271,223,240
650,231,67,217,114,178,122,168,187,191,232,252,126,254,181,252,231,189,212,179,265,184,344,228,215,224,271,221,239
651,230,65,216,113,177,123,167,187,190,232,251,125,254,181,251,231,188,212,179,267,186,341,228,215,224,273,225,340
652,226,66,216,113,177,123,166,185,187,230,251,125,253,181,251,230,187,212,180,266,186,336,226,217,223,272,224,335
653,224,62,215,111,176,123,165,184,186,229,251,125,253,181,251,231,187,212,181,266,188,335,228,214,224,271,227,334
654,223,64,214,112,175,123,165,185,184,229,250,124,253,181,250,231,186,212,181,266,186,335,228,217,225,272,227,334
655,220,64,214,113,175,123,165,185,183,229,250,125,253,183,249,232,186,214,180,266,189,335,227,219,225,273,228,335
656,219,62,213,111,174,123,164,184,182,229,251,125,252,181,248,232,184,213,181,266,187,335,226,219,223,272,225,334
657,217,62,212,112,174,124,164,183,181,229,250,124,252,181,247,233,184,217,181,267,187,334,224,221,223,272,226,332
658,216,63,212,113,174,123,164,184,180,230,250,124,252,181,246,233,185,214,182,268,190,335,226,219,224,271,227,334
659,214,63,212,113,174,124,164,184,179,230,250,124,251,181,245,234,186,217,183,267,188,333,225,221,223,271,227,333
660,213,64,211,114,174,124,164,184,179,230,250,124,251,181,244,234,186,216,183,265,188,331,225,221,222,271,225,333
661,212,65,211,113,173,125,164,184,178,230,250,125,251,181,244,234,186,214,182,265,189,333,225,217,223,271,227,333
662,210,64,211,113,174,125,165,185,178,230,250,125,251,182,243,235,185,212,182,264,188,330,226,215,221,270,224,331
663,209,64,211,114,174,125,165,185,178,231,250,125,250,182,242,235,186,213,182,264,188,330,225,215,222,271,225,333
664,207,66,211,115,174,126,166,185,178,232,250,126,250,184,241,236,186,212,182,265,189,332,225,213,222,271,226,335
665,207,67,210,116,174,126,167,186,178,232,249,125,249,183,240,236,187,216,185,269,191,333,223,218,222,276,227,334
666,204,66,210,116,174,126,168,185,177,233,249,126,249,184,239,236,188,217,185,266,189,327,224,219,222,272,222,330
667,203,68,210,118,174,127,167,185,177,232,249,126,249,186,238,237,189,216,185,266,190,330,225,217,223,271,224,334
668,203,71,210,119,173,128,168,186,177,233,249,126,249,186,237,237,188,217,186,269,192,333,223,218,224,273,227,334
669,201,70,210,118,174,127,168,186,177,234,249,126,248,186,237,237,189,219,186,272,190,333,222,219,223,274,228,334
670,200,72,210,120,174,128,168,187,176,235,249,127,248,186,237,237,190,220,185,273,189,334,221,222,223,276,226,334
671,197,73,209,121,174,129,169,189,175,237,248,128,248,187,237,238,189,219,185,272,192,336,221,220,224,277,230,336
672,196,73,209,121,174,130,169,189,175,238,248,129,248,187,237,239,189,219,185,271,193,336,223,220,225,277,233,337
673,194,76,209,123,173,130,169,189,174,239,247,128,248,187,237,240,190,222,187,275,192,337,222,223,226,277,232,337
674,194,76,209,123,173,131,170,189,174,240,247,129,247,186,237,241,191,222,185,272,189,337,223,224,227,278,233,340
675,192,79,209,124,174,131,170,189,174,241,247,129,248,186,237,243,192,221,185,270,188,335,224,223,226,279,231,339
676,192,79,209,126,173,132,169,190,173,242,246,128,247,185,237,243,192,221,186,271,190,332,223,221,225,278,231,335
677,191,81,209,126,173,132,170,189,174,242,246,128,247,185,237,244,191,221,186,272,189,334,223,221,226,278,231,336
678,189,82,209,127,173,133,169,190,173,244,247,130,247,186,238,244,191,222,187,272,193,337,225,223,228,279,235,339
679,188,86,209,130,172,134,170,190,173,245,246,131,247,187,238,244,192,223,187,271,192,336,224,224,228,279,235,340
680,188,86,208,131,172,134,169,192,174,245,246,131,247,187,239,246,192,221,186,272,191,339,224,223,228,281,233,344
681,188,88,208,132,172,135,170,192,174,246,246,131,247,187,239,246,193,220,184,271,189,335,224,221,226,280,231,339
682,186,88,208,132,172,135,171,193,173,247,245,131,247,186,238,246,193,220,184,275,193,342,223,221,228,281,234,344
683,186,90,208,133,172,136,170,193,173,247,246,132,247,187,239,247,192,220,184,273,190,339,223,221,228,281,233,343
684,186,92,209,133,172,135,170,192,173,250,245,131,247,187,238,247,193,221,184,272,190,342,224,221,230,281,237,346
685,186,91,208,133,172,136,170,192,173,250,245,131,247,187,238,247,193,220,184,272,188,338,224,221,228,280,233,342
686,184,92,209,133,172,136,170,192,173,251,245,131,247,187,238,247,193,220,184,273,188,341,224,220,230,280,235,345
687,184,94,210,134,172,136,171,192,173,251,245,131,247,188,238,248,193,221,184,272,188,340,224,222,230,280,235,345
688,184,94,209,135,172,136,171,194,173,252,245,131,247,188,238,247,193,220,184,273,189,342,224,221,230,281,235,346
689,184,96,210,135,172,136,171,193,174,251,245,131,247,188,238,247,193,220,185,272,189,343,224,221,230,281,234,347
690,185,95,210,136,172,136,171,193,175,252,245,131,247,189,237,247,193,221,185,272,187,337,224,221,229,281,233,343
691,183,96,210,135,172,137,172,192,174,253,245,132,246,189,237,248,194,220,184,271,189,337,225,221,230,281,237,344
692,184,96,211,136,172,137,172,191,174,253,245,131,247,188,237,248,194,220,185,271,190,338,224,221,232,280,242,344
693,184,95,210,136,172,137,173,193,175,252,245,131,247,188,237,248,194,220,185,271,189,335,224,222,228,280,232,340
694,185,95,210,136,172,137,172,193,175,252,245,131,247,188,237,248,194,219,186,270,191,336,224,220,229,278,233,339
695,185,95,210,136,172,137,173,193,175,251,245,131,247,188,237,247,194,220,185,270,190,336,225,220,230,279,237,342
696,184,97,211,136,172,136,173,193,176,252,245,131,247,188,237,247,194,220,186,272,192,337,224,221,230,279,237,342
697,185,96,211,136,172,136,173,192,176,251,244,131,247,189,237,246,194,220,186,270,192,335,224,221,230,279,235,340
698,184,97,211,136,172,136,174,192,176,250,244,131,246,189,237,246,194,220,186,270,192,334,224,221,228,277,233,338
699,186,92,210,135,173,136,174,193,177,250,245,132,246,190,236,246,194,221,186,269,191,330,224,221,227,276,231,333
700,184,95,210,136,172,136,174,192,177,250,245,131,246,190,235,246,195,221,186,270,193,333,224,222,226,277,232,336
701,185,92,210,135,172,136,173,193,178,250,245,131,246,190,235,246,194,220,187,269,195,334,224,220,227,276,235,336
702,186,91,210,135,172,136,173,193,178,249,244,132,246,191,235,246,194,221,187,269,195,332,224,221,227,275,232,333
703,186,90,209,134,173,136,174,192,178,250,244,131,245,192,235,246,194,221,187,270,194,331,224,222,227,276,232,333
704,186,91,209,135,173,136,174,192,179,250,245,132,245,191,235,245,194,221,186,270,191,329,224,222,226,276,227,332
705,187,91,209,135,173,136,174,192,179,250,244,131,245,191,235,246,194,221,187,270,194,332,224,221,226,275,231,334
706,186,92,209,135,172,135,174,192,179,250,244,131,245,191,235,245,194,222,186,270,194,334,224,222,227,276,234,336
707,186,92,209,135,172,136,174,192,179,250,245,131,245,189,236,245,194,220,186,268,193,327,223,220,226,273,230,327
708,185,91,209,134,172,136,174,191,179,250,244,131,245,189,236,244,194,221,186,269,193,327,224,221,226,275,230,330
709,185,89,208,133,171,135,174,191,179,250,244,131,246,187,236,244,193,220,187,267,194,324,222,219,226,269,231,322
710,186,89,208,133,171,135,173,192,179,248,244,131,245,187,236,243,194,221,188,265,194,317,223,220,226,271,230,318
711,185,88,208,131,171,136,171,192,178,248,244,132,245,188,236,242,194,220,186,267,194,326,224,219,226,271,231,324
712,185,87,207,131,171,135,171,189,177,247,244,131,245,188,236,242,194,221,188,268,195,322,223,220,226,270,229,319
713,186,86,207,130,171,135,170,189,177,245,244,131,245,188,236,241,194,221,188,268,194,321,224,219,227,268,232,317
714,185,86,206,130,170,134,171,189,175,245,243,130,246,187,235,240,193,218,187,267,191,326,223,218,227,267,229,324
715,185,85,206,130,170,134,169,189,175,243,243,131,246,188,235,238,191,219,188,269,195,327,223,217,225,267,224,247
716,185,83,205,129,169,135,168,190,172,242,243,131,246,188,234,237,191,219,187,268,194,242,224,218,224,267,225,245
717,185,84,204,129,169,134,168,189,171,240,242,130,245,186,232,237,191,220,185,270,185,335,223,220,222,273,221,243
718,185,82,204,128,169,134,167,189,170,238,241,129,245,187,231,236,190,219,185,269,194,240,223,220,223,273,222,239
719,184,81,203,127,168,134,168,188,167,238,241,130,244,187,230,236,190,220,186,269,189,233,222,221,226,272,219,237
720,184,81,202,126,167,134,164,187,165,235,240,129,243,187,228,236,188,219,184,269,195,239,223,219,227,267,221,238
721,183,79,201,125,166,134,166,190,162,237,240,130,242,188,225,237,188,221,188,271,193,240,223,221,231,269,218,241
722,183,79,200,125,166,133,165,188,160,236,239,130,240,188,223,237,187,221,187,272,190,237,223,220,228,269,217,238
723,181,78,198,125,164,134,164,190,157,237,238,129,239,188,221,237,186,222,188,274,191,240,223,220,228,269,214,239
724,179,77,197,124,163,133,162,189,154,238,237,129,238,187,218,238,184,223,188,276,191,239,221,221,227,270,211,241
725,177,77,195,123,162,134,161,189,153,235,235,129,236,188,215,239,183,223,185,272,190,238,221,221,226,266,212,238
726,176,77,194,123,160,134,160,188,151,236,234,130,234,187,213,238,182,222,184,272,189,238,221,219,225,265,212,238
727,172,80,194,124,160,134,156,189,147,236,233,130,233,188,210,239,181,219,180,272,186,238,217,218,223,264,207,237
728,171,80,192,124,158,135,156,188,146,236,231,130,229,193,207,241,180,218,181,271,188,240,217,217,222,265,207,240
729,169,79,190,124,156,135,153,190,141,239,229,130,228,192,205,241,179,219,180,270,188,238,216,216,221,265,209,238
730,166,79,187,125,154,135,152,191,139,240,227,129,226,193,202,242,178,216,179,267,190,241,216,214,220,265,213,240
731,163,80,185,125,152,135,150,192,137,242,225,129,224,193,200,244,177,217,177,270,192,244,216,214,219,267,215,242
732,160,82,184,125,150,136,148,194,135,243,223,128,222,191,198,245,174,218,176,270,188,342,214,213,219,265,223,341
733,157,82,182,126,148,137,147,192,133,244,221,130,220,192,196,247,173,218,175,271,180,337,214,214,217,267,217,343
734,153,84,179,126,146,138,145,196,130,247,219,128,218,191,194,247,175,216,175,274,186,242,214,212,217,264,209,244
735,151,84,177,127,143,138,142,196,129,248,218,132,217,189,193,249,172,218,174,272,184,244,211,214,215,265,208,246
736,148,85,175,127,143,138,140,193,127,251,215,130,216,188,191,251,173,216,174,270,181,245,212,212,215,266,206,247
737,144,88,173,128,140,141,137,194,124,253,213,129,213,190,189,253,173,215,172,267,181,242,211,213,215,266,210,337
738,142,89,171,130,138,142,137,193,122,256,211,130,211,189,186,255,171,217,172,272,178,252,213,213,214,266,209,339
739,138,92,169,131,136,143,133,197,120,258,209,130,210,190,185,257,170,216,172,274,183,340,211,213,213,266,211,247
740,135,95,167,132,134,144,131,197,119,260,206,131,208,190,183,258,169,216,173,275,187,337,211,212,212,268,216,333
741,132,97,166,134,133,144,129,196,117,262,204,131,207,187,182,259,169,218,175,277,182,342,208,214,212,271,212,337
742,130,99,165,135,131,145,127,199,115,264,203,132,205,188,181,260,168,218,175,277,185,342,206,213,211,269,215,336
743,128,101,164,137,130,146,125,200,114,267,202,133,204,190,181,261,167,217,173,277,181,344,205,214,210,269,213,340
744,125,106,163,138,129,147,124,202,113,268,200,133,202,189,178,265,166,216,176,276,183,344,205,214,210,269,208,340
745,124,107,162,140,128,148,123,203,112,270,198,133,201,193,177,266,166,215,177,277,186,344,203,214,210,269,212,339
746,122,109,161,141,126,149,122,202,111,271,197,135,201,192,176,267,165,216,177,278,181,247,203,212,209,271,211,340
747,121,111,161,141,125,149,121,204,111,272,197,137,200,194,177,268,163,217,175,276,181,247,202,212,208,272,208,339
748,119,114,160,142,124,150,120,205,110,274,196,137,199,195,177,269,163,217,175,277,180,249,200,214,209,275,209,342
749,118,114,159,144,123,151,119,206,110,275,195,138,197,195,177,271,163,219,176,279,188,346,200,215,208,274,216,343
750,116,118,158,145,123,151,119,207,110,276,195,138,196,197,177,271,163,218,175,277,181,249,202,216,208,274,209,343
751,116,117,157,146,122,153,117,208,110,277,194,139,196,198,177,271,162,218,174,276,180,249,202,215,208,275,210,343
752,116,119,157,146,122,153,118,207,109,278,194,139,196,197,177,272,162,218,175,278,178,250,200,216,208,275,212,337
753,116,117,155,147,122,154,117,208,110,279,193,139,196,198,177,272,162,218,174,276,179,250,201,215,206,273,197,243
754,114,120,155,146,121,153,117,208,110,278,193,140,195,199,177,272,161,217,173,275,178,249,200,215,206,273,209,338
755,114,118,155,146,121,155,117,209,110,278,192,140,196,199,178,273,161,217,172,272,179,249,201,213,205,272,196,243
756,113,120,155,146,121,153,117,208,110,278,192,140,196,198,179,271,160,218,171,273,177,251,200,215,206,272,196,243
757,114,116,155,146,120,154,116,208,110,277,192,139,196,198,180,270,160,218,170,273,177,250,198,216,206,273,196,242
758,113,117,154,145,120,153,116,209,109,278,192,138,196,197,179,271,160,219,173,270,175,253,197,217,206,272,201,242
759,113,114,155,143,119,151,117,207,109,277,193,138,197,196,180,271,160,220,168,277,174,253,197,218,206,272,201,241
760,114,113,155,142,120,149,118,205,110,275,193,137,197,193,180,268,160,224,167,285,180,351,195,220,207,279,215,348
761,114,111,155,140,120,149,120,203,110,272,192,135,198,193,182,265,159,222,166,287,180,350,196,218,207,278,214,347
762,115,109,155,139,120,149,119,204,109,271,192,133,200,194,185,262,158,222,166,284,182,347,195,217,209,278,215,341
763,115,105,155,137,121,148,120,205,109,269,192,131,203,197,187,260,158,221,166,282,183,348,194,216,208,277,217,342
764,117,103,156,136,122,146,122,202,110,266,192,130,204,195,189,258,158,223,166,278,173,254,194,219,206,276,217,344
765,120,98,156,134,122,145,122,203,110,264,194,130,204,194,193,256,157,224,165,281,181,348,192,219,207,275,216,342
766,122,94,156,132,121,144,122,201,111,261,195,128,207,196,197,252,157,224,164,283,184,348,193,220,208,275,219,337
767,124,91,156,131,121,143,122,201,113,257,196,127,210,195,200,249,156,226,164,286,180,349,192,221,209,276,221,340
768,127,87,156,128,122,142,122,198,114,252,197,125,212,193,203,246,157,226,164,285,179,348,193,221,208,280,220,342
769,129,83,157,125,122,141,121,197,115,249,198,124,212,189,205,244,155,225,164,284,182,345,193,221,207,278,218,335
770,131,78,157,122,123,138,121,192,117,246,199,124,214,189,207,241,155,224,163,285,178,344,194,220,203,275,215,333
771,133,75,157,119,124,135,122,190,118,242,199,123,215,186,210,238,155,225,163,283,179,341,192,221,199,275,213,330
772,135,70,157,116,124,134,122,190,120,238,202,122,216,186,213,236,154,223,163,283,180,338,193,220,199,273,213,327
773,137,66,157,112,125,133,123,188,122,234,203,120,217,183,215,233,155,224,163,281,180,337,194,221,200,272,215,328
774,140,62,158,109,125,131,123,185,124,231,203,119,217,180,216,233,152,223,162,280,176,335,192,221,201,270,214,326
775,143,59,158,107,125,130,124,184,125,231,204,119,217,178,218,232,153,224,162,285,176,344,191,223,201,274,215,331
776,145,56,160,104,126,129,123,182,126,228,205,118,219,178,220,230,154,229,162,291,174,356,192,228,202,285,214,344
777,161,44,166,93,130,121,127,179,123,229,209,114,220,168,227,219,152,221,160,278,174,343,193,218,203,272,213,334
778,162,43,166,92,131,122,128,179,124,229,210,115,222,169,228,218,154,221,161,279,171,337,193,219,203,272,211,331
779,163,43,167,92,132,121,129,178,125,228,211,115,222,170,230,219,153,219,160,277,169,339,193,217,203,273,210,334
780,165,43,169,92,132,121,131,181,126,229,212,115,223,171,231,220,152,215,160,277,174,343,196,213,203,270,210,336
781,165,44,169,92,134,121,131,181,128,229,213,114,224,173,233,221,153,218,161,282,174,350,197,216,203,277,213,341
782,166,43,171,92,134,121,132,180,130,228,213,114,224,170,234,221,155,219,161,279,175,344,197,216,203,272,211,335
783,168,42,171,91,136,121,132,178,130,228,214,114,227,170,235,221,157,218,162,279,175,346,197,216,203,274,208,340
784,169,42,173,91,136,120,135,179,132,228,215,114,227,170,236,220,157,218,163,280,177,352,199,215,205,271,209,340
785,171,42,174,91,137,121,136,180,134,227,217,115,228,171,237,221,157,217,163,281,176,352,201,214,205,273,211,341
786,171,42,175,90,138,121,137,180,134,228,217,114,230,172,238,220,159,219,164,281,175,350,201,216,206,272,211,340
787,172,42,176,90,139,121,138,181,135,229,218,114,230,171,239,221,159,215,163,280,181,250,201,213,206,273,195,256
788,173,42,177,90,139,121,138,181,136,228,218,114,231,172,239,220,160,219,165,279,180,253,202,215,206,269,197,249
789,174,41,177,90,140,122,139,182,136,228,219,114,232,172,240,221,161,215,165,279,176,344,202,213,206,271,212,336
790,175,42,177,90,141,121,138,182,136,228,220,114,234,173,241,222,162,218,162,281,170,348,202,216,207,274,212,338
791,176,42,179,91,141,122,140,182,136,228,221,115,235,174,241,221,161,217,165,278,180,252,205,214,207,270,198,251
792,176,42,179,90,142,121,141,182,137,229,221,115,235,175,241,222,163,217,163,280,174,344,202,216,208,272,199,256
793,177,42,180,90,143,122,140,181,137,228,222,114,236,173,241,223,163,218,163,279,170,344,203,216,207,275,209,337
794,178,41,180,90,144,121,141,180,137,228,223,115,235,174,241,223,163,216,166,278,178,342,204,214,208,268,214,336
795,178,41,181,90,144,121,141,181,138,229,223,115,236,174,241,222,164,217,164,277,172,343,205,215,209,270,199,252
796,179,41,181,90,145,121,141,181,138,229,224,115,236,176,241,223,163,215,165,278,178,343,206,214,209,270,199,251
797,179,42,182,90,145,121,142,180,138,228,224,115,237,174,241,223,165,217,165,278,174,344,205,215,208,274,211,336
798,180,41,182,90,145,121,143,181,138,228,225,116,237,175,241,223,164,218,166,278,174,343,206,217,209,272,212,334
799,180,42,183,90,146,120,142,180,138,229,225,115,237,175,241,224,164,216,166,277,173,342,206,215,209,271,201,252
800,180,41,183,90,146,121,143,181,139,229,226,116,237,176,241,224,164,217,166,277,176,341,207,216,209,271,211,336
801,181,42,184,90,147,121,144,181,139,228,226,115,237,175,241,224,165,217,166,276,174,339,206,216,209,272,212,332
802,181,41,184,90,147,120,144,181,139,229,226,116,237,175,241,224,165,216,166,276,175,341,207,216,210,272,212,332
803,182,41,185,90,148,120,145,179,139,228,226,116,237,174,241,224,166,217,166,277,175,342,206,217,210,273,212,334
804,183,42,186,90,148,120,144,180,140,229,227,116,238,175,242,224,166,219,167,277,177,337,207,218,209,273,214,331
