1,203,59,203,109,165,142,168,200,202,186,242,129,257,182,265,174,194,242,210,304,201,354,242,233,252,295,278,354
2,203,59,204,109,166,142,168,201,204,186,243,129,258,181,265,172,193,238,207,299,203,355,243,232,251,291,259,355
3,203,58,204,108,166,141,170,201,206,186,243,130,258,179,263,172,192,245,211,305,203,357,243,235,255,295,279,357
4,204,58,204,108,167,140,170,201,207,186,243,130,258,180,263,171,195,236,207,303,201,357,243,233,253,297,275,357
5,204,59,204,109,167,140,170,201,209,186,243,129,258,182,263,171,193,243,211,303,204,356,244,235,253,294,275,356
6,203,58,204,108,168,139,170,200,211,185,243,129,258,179,262,177,193,238,208,299,201,355,244,233,251,294,274,355
7,204,59,204,108,167,140,171,200,211,185,244,130,259,174,262,175,194,239,208,299,202,352,243,230,253,289,275,352
8,204,58,205,108,168,140,171,201,212,185,244,130,257,178,264,174,193,241,208,301,206,356,244,232,255,289,276,356
9,204,58,205,108,168,140,171,200,212,185,244,130,258,173,264,175,193,240,208,300,202,352,244,231,253,290,277,352
10,205,58,205,108,169,139,171,199,212,185,244,129,259,174,266,175,194,246,211,303,202,353,244,235,252,293,276,353
11,205,58,205,108,169,139,171,199,213,185,244,129,259,173,264,174,194,238,209,302,203,353,242,231,254,293,276,353
12,205,58,206,108,168,140,171,199,212,186,245,130,259,176,265,173,194,239,210,303,200,351,244,232,255,295,280,351
13,205,58,206,109,168,139,172,199,211,185,245,129,259,174,264,176,195,239,208,302,199,354,241,232,252,294,274,354
14,206,58,206,108,169,140,172,199,211,185,245,129,259,174,263,177,194,237,209,301,202,353,241,231,253,292,277,353
15,205,58,206,108,168,139,171,199,211,186,245,129,260,174,261,179,195,241,210,303,204,356,243,233,255,292,276,356
16,206,58,205,108,168,139,172,199,210,186,245,129,260,173,260,179,192,236,208,301,197,352,243,230,253,293,276,352
17,207,59,206,109,169,138,171,199,211,185,245,129,259,175,259,181,196,238,209,302,201,354,244,233,253,296,277,354
18,205,58,206,108,168,139,171,199,209,186,246,130,261,173,258,182,192,240,207,299,201,351,245,230,253,291,276,351
19,206,58,206,109,168,139,171,198,209,185,245,130,259,174,259,179,195,237,208,301,197,352,244,230,252,294,276,352
20,206,59,206,109,169,138,171,198,208,185,245,129,260,174,258,181,194,239,208,302,200,353,243,231,253,293,275,353
21,205,59,206,109,168,139,171,198,209,184,246,130,261,171,255,182,194,237,208,303,196,351,243,231,252,295,276,351
22,206,60,206,109,168,138,171,198,206,184,245,130,260,171,253,182,193,232,208,302,197,352,243,227,254,292,276,352
23,205,59,206,109,169,138,170,198,206,185,246,130,259,170,253,183,197,236,209,301,199,350,243,229,253,293,277,350
24,204,61,206,110,169,138,171,197,206,183,245,130,259,171,252,181,194,234,208,301,197,350,244,229,253,294,279,350
25,204,61,205,111,168,138,170,198,203,184,246,130,259,168,257,175,194,234,206,302,196,349,243,229,253,295,276,349
26,203,62,206,110,169,138,169,197,202,182,246,130,258,168,246,184,196,237,208,301,201,353,242,229,254,293,276,353
27,203,62,205,110,169,137,169,198,200,182,246,130,259,169,259,173,195,236,207,302,199,352,242,229,254,293,276,352
28,201,62,205,111,169,138,169,197,200,182,245,130,259,164,250,178,196,231,206,300,200,350,243,226,254,291,277,350
29,201,63,205,112,169,138,168,197,198,182,246,129,259,165,248,178,196,240,210,307,190,350,242,231,255,297,281,350
30,198,63,204,111,169,138,168,197,197,181,246,129,259,165,246,181,195,234,206,303,195,351,242,229,254,295,280,351
31,198,64,204,112,169,138,169,196,196,182,246,130,259,164,252,175,196,235,206,299,201,356,242,229,252,291,273,356
32,197,64,204,112,169,137,168,197,196,182,246,129,260,164,248,178,195,234,207,301,198,351,243,228,253,293,277,351
33,197,64,204,112,169,136,168,198,196,182,246,129,259,166,244,182,194,239,209,302,201,353,242,230,255,293,277,353
34,197,64,203,112,169,137,167,196,195,183,246,129,259,164,248,180,196,233,207,299,204,355,241,228,253,292,274,355
35,197,64,203,112,168,137,167,197,194,184,246,129,259,164,249,181,196,239,208,303,200,354,241,231,252,293,274,354
36,197,64,203,112,167,139,167,196,192,184,246,130,260,164,250,180,194,239,205,303,203,357,241,232,253,295,275,357
37,196,64,203,113,167,139,166,196,193,185,246,129,260,165,254,182,194,236,206,299,203,358,243,228,253,290,273,358
38,195,63,203,112,167,139,166,196,192,186,246,129,259,177,256,188,192,237,205,296,204,359,243,228,253,288,264,359
39,195,64,203,113,166,139,167,196,190,188,246,130,258,180,255,190,194,233,205,300,203,357,242,231,253,292,274,357
40,195,64,202,113,166,139,167,196,191,189,245,129,259,181,253,188,193,232,207,299,207,359,241,228,253,290,272,359
41,195,64,203,113,167,139,166,196,194,190,245,129,260,183,250,188,195,234,207,301,204,359,243,229,253,292,266,359
42,195,64,202,113,166,139,166,196,190,192,246,129,259,184,251,188,197,235,207,300,215,364,242,231,253,292,260,364
43,195,64,202,113,165,139,166,196,191,194,246,130,259,182,251,190,195,238,208,300,211,364,242,230,252,290,263,364
44,195,64,202,113,165,140,166,196,194,195,245,129,259,183,251,190,193,239,206,301,222,365,242,229,254,291,266,365
45,194,64,202,113,166,139,166,195,190,198,245,129,259,182,251,192,192,237,205,301,217,365,241,230,252,293,261,365
46,194,64,202,113,165,141,166,196,188,202,245,129,258,182,251,194,194,242,205,304,219,366,243,235,253,296,260,366
47,194,64,202,113,165,140,165,195,190,205,244,129,259,184,250,195,190,245,207,305,213,365,243,229,254,293,262,365
48,193,64,201,113,164,140,165,196,188,206,244,129,258,185,250,196,191,244,207,302,221,366,243,230,252,292,256,366
49,193,63,201,112,165,140,164,197,186,208,243,128,259,184,249,199,189,217,205,300,213,369,237,210,250,292,256,359
50,191,63,200,113,165,141,165,197,185,211,244,129,259,185,249,202,188,231,208,303,218,367,240,222,252,292,261,367
51,193,64,200,112,165,141,165,198,185,214,244,129,259,185,249,204,188,236,207,304,216,370,240,228,252,296,260,355
52,193,64,200,112,165,141,165,198,184,215,243,128,260,185,250,206,192,211,205,298,203,369,234,207,253,292,260,354
53,193,65,200,113,165,140,165,199,184,218,244,129,260,186,250,210,193,209,205,292,217,357,232,206,255,282,266,351
54,192,65,200,114,163,142,166,199,184,222,243,129,260,186,249,212,192,217,206,298,220,372,234,215,257,287,269,355
55,193,65,200,114,163,141,165,200,185,226,243,129,259,186,250,215,193,212,207,296,218,361,231,211,257,285,265,354
56,193,65,200,114,163,142,165,201,185,228,243,129,260,186,250,218,192,210,183,251,197,297,231,209,262,285,264,286
57,192,65,199,114,162,143,165,201,184,230,242,129,259,187,250,221,193,221,209,303,208,356,234,220,257,286,253,357
58,192,65,199,114,162,144,166,202,183,234,242,129,259,187,250,224,194,219,204,296,214,359,235,220,255,288,265,354
59,192,66,199,114,162,144,166,202,184,235,243,128,259,187,251,226,192,218,207,297,215,363,235,219,255,287,268,354
60,191,65,199,114,162,144,166,203,183,238,242,128,259,188,250,229,192,223,179,253,194,289,233,224,259,284,243,242
61,191,65,199,114,162,144,167,202,183,240,242,129,258,189,250,232,197,232,196,274,206,296,236,233,265,279,202,292
62,191,64,199,114,162,143,168,204,183,243,242,129,258,189,250,235,198,233,199,275,241,244,236,233,262,276,202,296
63,191,65,198,114,162,143,168,202,183,245,243,130,257,189,251,236,199,238,198,274,210,301,235,237,206,287,203,297
64,191,66,199,114,162,143,169,202,183,247,243,129,257,192,251,238,194,205,186,211,247,217,238,195,244,193,243,224
65,191,66,199,115,162,143,169,203,182,249,243,129,256,191,251,240,194,215,185,213,186,232,240,210,243,200,242,227
66,190,66,198,115,162,144,170,204,183,251,243,129,255,191,251,242,190,210,187,213,179,215,240,201,179,221,250,263
67,189,67,198,115,162,144,170,205,184,254,243,129,254,192,251,244,205,253,245,247,195,263,231,250,242,248,250,246
68,191,68,199,116,162,144,170,205,184,255,243,129,253,193,251,246,204,257,186,215,193,270,242,187,187,254,248,263
69,192,67,198,115,162,144,171,205,186,258,243,131,252,194,251,248,205,259,184,218,195,272,235,254,251,194,249,266
70,191,67,199,116,162,144,171,206,186,259,244,131,251,195,251,249,212,254,186,220,194,274,232,252,241,251,251,249
71,192,67,199,116,162,144,172,205,186,260,243,131,251,195,251,250,187,209,187,219,189,253,235,203,246,195,248,268
72,192,68,199,116,161,146,172,207,186,261,243,130,251,195,251,251,191,210,187,218,243,200,235,201,235,200,249,270
73,193,68,199,116,162,145,172,207,187,261,243,131,251,196,252,252,190,208,188,216,244,204,235,202,236,205,248,269
74,193,68,199,116,161,145,172,208,187,262,244,131,251,196,252,253,208,254,203,293,195,261,232,252,210,296,251,253
75,192,68,199,117,162,145,172,209,187,263,244,132,251,198,253,254,205,248,203,292,238,243,236,246,211,297,239,243
76,194,68,199,116,161,146,173,209,187,263,244,132,250,196,253,254,215,261,187,220,192,258,235,206,235,205,246,275
77,194,69,199,118,161,145,172,208,188,264,243,132,250,199,253,254,203,249,200,292,237,244,235,248,236,211,237,244
78,193,69,199,117,161,147,173,210,188,265,244,131,249,197,254,255,204,252,201,292,239,243,234,250,200,295,238,244
79,194,70,199,118,161,146,173,211,188,265,244,132,249,198,254,255,200,243,200,292,244,243,236,243,213,293,245,243
80,196,71,200,119,160,146,173,210,188,265,245,133,249,198,253,256,206,253,202,294,237,243,235,249,211,296,237,243
81,194,69,199,118,160,146,174,209,188,265,244,133,249,197,253,257,210,269,185,222,200,276,221,264,185,222,251,256
82,194,70,199,119,160,146,174,210,189,267,245,133,248,198,254,256,204,249,247,256,239,244,235,248,238,212,238,245
83,194,71,199,120,161,146,173,209,188,267,244,132,248,199,254,257,198,232,190,220,246,236,236,231,252,277,246,237
84,196,73,199,121,160,147,173,210,188,266,244,132,249,199,253,257,209,259,223,210,236,249,233,254,236,209,251,256
85,196,73,200,121,161,146,173,210,188,267,245,133,248,199,253,257,205,256,202,294,237,244,234,252,237,211,252,255
86,196,72,200,121,161,147,175,211,188,267,245,133,248,198,254,258,196,206,190,214,248,217,233,197,231,197,246,223
87,195,72,200,120,161,145,174,209,188,268,245,133,248,197,254,257,196,205,189,209,201,204,233,200,231,199,241,229
88,196,73,200,121,161,147,174,208,188,268,244,133,249,199,253,257,191,211,188,219,245,211,234,207,228,206,249,275
89,196,72,200,120,160,147,174,210,187,267,244,133,249,199,253,258,200,241,188,225,237,248,235,244,234,207,238,249
90,196,71,200,120,160,146,175,210,187,267,245,133,248,199,254,257,194,215,185,224,240,194,234,208,230,202,266,251
91,194,73,200,121,160,147,174,210,188,268,245,133,248,198,254,257,192,211,190,218,239,200,233,204,227,204,270,255
92,194,72,199,121,160,146,174,210,187,268,244,132,248,198,254,257,193,214,190,221,238,198,234,207,228,203,254,258
93,195,73,199,121,160,146,174,210,187,268,243,131,247,197,254,257,194,212,188,216,252,227,234,208,230,203,238,243
94,195,74,200,121,160,145,174,209,187,269,244,132,248,198,254,257,203,251,223,212,238,247,233,251,224,210,239,247
95,195,73,199,121,160,146,174,210,187,269,244,132,248,199,253,258,189,210,189,220,246,211,234,206,231,205,250,276
96,194,73,199,121,160,146,174,209,187,269,243,132,247,199,253,256,203,247,199,297,240,242,236,245,259,242,246,247
97,195,74,198,122,159,147,174,210,187,269,243,131,247,198,253,257,190,215,189,219,246,211,237,211,232,206,252,275
98,194,73,198,121,160,146,174,209,187,270,243,131,249,200,252,257,207,256,222,213,236,249,233,252,229,209,251,257
99,195,72,198,120,159,147,175,209,187,270,243,132,248,200,252,257,198,231,188,224,244,238,235,228,233,208,250,279
100,195,73,198,121,159,146,174,210,188,270,242,131,247,197,252,257,192,218,186,224,245,210,233,213,232,204,249,275
101,195,74,198,121,160,145,174,208,187,270,242,132,248,198,252,256,194,209,185,218,246,225,232,204,234,202,239,232
102,195,73,198,120,159,146,175,210,188,269,241,131,247,198,251,257,192,213,187,222,243,205,232,205,228,204,250,276
103,194,72,197,120,159,146,174,209,188,270,242,131,247,198,251,256,195,229,187,224,243,208,234,212,231,204,238,263
104,194,72,197,121,159,146,174,210,189,269,241,131,247,197,252,256,197,230,189,220,245,235,235,223,246,283,237,248
105,195,73,197,121,159,147,174,209,189,269,242,133,248,198,251,256,196,232,187,223,244,237,234,226,233,207,238,247
106,196,73,197,121,158,146,174,211,189,268,241,132,248,198,251,256,196,231,188,221,213,260,234,225,223,209,229,258
107,196,72,197,120,158,146,173,212,190,269,240,132,247,197,251,254,192,207,182,215,244,227,230,200,227,200,236,231
108,196,72,197,121,158,146,173,210,189,267,239,131,248,198,251,254,194,223,183,223,213,263,234,213,226,205,229,264
109,197,71,197,120,157,145,172,211,190,268,239,131,248,197,251,253,191,208,182,213,243,228,230,204,227,203,236,236
110,198,72,197,121,158,146,173,212,190,267,239,131,249,199,251,253,199,234,188,225,245,233,236,229,234,209,236,251
111,198,71,198,121,158,146,174,212,190,268,240,131,248,196,252,252,198,233,233,282,245,234,237,228,245,279,240,245
112,200,72,199,121,158,146,174,212,191,268,239,131,249,195,252,251,194,207,188,213,246,226,233,199,231,196,239,232
113,201,72,199,121,160,146,174,211,191,267,238,129,250,194,253,250,195,205,186,212,247,226,233,196,258,251,241,229
114,201,71,199,121,159,148,174,212,192,268,239,130,251,195,254,248,194,208,187,214,246,228,234,204,232,202,239,236
115,202,70,201,121,160,146,176,211,193,268,241,130,252,195,255,248,218,266,192,221,240,260,235,257,265,269,241,260
116,203,70,201,120,161,147,177,212,193,268,241,130,253,194,257,246,215,271,193,221,197,263,241,202,187,227,253,266
117,205,71,203,121,162,149,179,212,194,268,243,130,255,193,259,246,197,215,194,223,252,224,240,202,236,201,258,264
118,207,71,204,120,165,147,180,212,195,269,244,130,257,192,261,245,217,261,190,223,206,278,238,258,198,267,260,247
119,208,69,207,119,169,145,181,210,195,269,246,129,258,189,263,245,213,269,194,221,209,275,251,183,257,188,261,261
120,211,70,209,119,171,144,182,212,196,268,249,130,261,189,265,243,216,271,197,224,205,280,248,195,254,188,260,264
121,214,70,213,119,174,142,184,210,196,267,251,130,263,186,269,242,203,208,198,219,204,260,248,197,239,195,263,263
122,216,69,214,118,176,143,185,208,196,265,253,128,265,185,273,240,208,210,195,223,235,261,249,198,236,196,242,260
123,218,67,217,116,178,143,186,208,196,264,257,129,267,182,276,238,210,209,202,216,266,217,254,196,284,226,271,256
124,221,67,220,116,180,142,187,207,197,263,260,129,269,183,281,237,213,217,203,218,203,213,257,205,285,236,276,258
125,224,66,223,116,182,142,189,208,197,261,262,128,273,181,287,237,214,210,203,218,235,261,259,198,291,250,266,228
126,227,66,226,115,185,141,190,207,197,260,266,130,278,184,290,235,215,216,228,287,234,288,262,208,270,275,277,338
127,231,65,228,114,188,140,191,206,199,260,268,128,280,183,295,234,216,217,231,297,261,357,265,211,273,286,280,353
128,234,65,231,115,190,141,192,205,199,257,270,128,283,183,299,230,221,232,232,300,247,361,268,227,273,290,280,345
129,238,64,234,113,193,141,192,204,201,256,273,129,285,182,304,228,218,228,232,298,251,360,269,226,274,288,282,347
130,239,64,236,114,195,139,192,203,202,254,276,128,286,181,309,225,223,230,236,298,250,359,273,224,278,291,282,349
131,243,65,239,113,198,139,194,201,203,252,278,128,289,181,314,224,223,230,236,299,251,358,272,229,276,294,284,351
132,246,62,242,111,201,138,196,200,205,251,281,128,291,181,318,222,223,223,238,295,257,358,273,220,279,285,283,352
133,249,64,245,113,203,138,197,198,207,248,283,128,293,180,323,221,222,208,238,290,258,354,275,207,278,280,283,343
134,253,63,247,112,204,138,199,197,210,247,285,128,297,182,326,218,226,211,240,288,268,352,277,207,281,277,296,337
135,255,63,250,111,207,137,200,197,212,246,288,129,300,182,331,217,233,235,243,298,257,360,282,231,284,292,287,347
136,259,64,251,113,208,138,202,195,214,246,289,129,301,181,335,218,238,241,245,298,272,356,285,234,295,295,287,358
137,260,62,254,111,211,137,203,196,216,243,292,130,303,181,338,216,232,205,242,286,263,351,281,199,289,273,291,335
138,263,63,256,112,213,137,207,194,217,242,292,129,306,182,340,216,231,211,238,295,224,226,284,215,287,291,292,353
139,265,63,258,112,214,137,209,193,219,241,295,129,309,182,345,217,234,209,240,290,263,353,284,205,288,280,304,330
140,267,60,259,109,216,137,212,192,222,241,296,129,311,182,346,217,235,217,238,294,255,354,288,228,287,290,302,348
141,268,62,261,110,217,136,213,192,224,239,298,129,313,181,348,218,235,208,236,291,225,221,284,203,266,278,217,219
142,269,61,262,110,218,137,214,192,225,239,299,129,314,182,352,221,238,208,240,290,237,355,284,204,290,274,219,219
143,271,62,263,111,219,137,216,192,226,238,301,129,317,184,353,223,239,212,238,291,263,356,285,211,286,279,292,347
144,272,61,264,110,220,136,217,191,227,238,303,130,318,185,354,225,241,234,241,299,253,366,288,234,284,299,292,351
145,273,62,266,111,223,133,217,192,227,238,304,129,318,184,348,222,239,218,239,291,255,355,289,227,284,289,285,352
146,274,62,266,111,223,134,218,191,227,237,304,129,319,185,348,222,240,223,239,294,241,368,288,228,282,296,280,352
147,275,62,267,110,222,136,218,191,228,237,305,130,319,186,350,227,241,207,238,288,254,354,288,208,286,282,286,347
148,276,62,268,111,224,134,219,191,228,237,306,130,319,186,350,228,241,218,239,290,243,359,290,223,282,292,281,353
149,276,63,268,112,225,133,219,191,228,237,306,130,320,186,351,230,242,221,240,291,240,357,290,226,283,294,280,354
150,277,63,269,112,225,133,219,190,229,237,307,130,320,185,348,228,242,214,242,294,252,361,292,226,284,294,274,361
151,277,62,269,111,226,132,219,189,228,236,308,131,321,186,350,229,243,203,238,288,241,358,290,204,285,287,281,354
152,277,63,269,112,227,132,220,189,228,236,307,130,322,186,349,227,243,207,237,288,250,354,290,212,286,287,279,355
153,278,62,270,111,226,133,220,189,227,236,308,131,322,184,351,228,242,224,240,291,246,356,291,227,284,295,282,351
154,276,62,269,111,226,132,220,189,227,236,308,131,322,184,352,227,243,220,239,293,246,368,292,225,285,296,278,358
155,277,62,269,111,227,132,220,188,228,236,308,131,324,184,350,221,244,205,239,288,254,357,290,207,287,283,289,346
156,277,62,270,111,227,132,220,188,228,236,308,131,324,183,351,221,243,225,242,294,252,367,290,227,286,293,283,351
157,275,61,270,110,228,131,220,188,227,236,309,132,324,182,356,225,242,221,241,292,254,359,289,225,288,294,276,367
158,276,61,270,110,228,131,220,189,227,235,309,131,325,181,354,220,243,216,243,290,260,357,291,219,288,287,283,355
159,275,61,269,110,227,132,220,188,227,235,308,131,325,179,356,218,243,222,242,296,252,366,288,225,285,294,289,351
160,274,61,269,110,226,133,220,188,227,235,309,131,325,179,357,214,242,215,241,294,254,366,289,220,287,292,293,351
161,273,62,269,110,226,131,220,188,226,235,309,132,326,179,358,212,243,217,244,293,262,366,290,218,290,290,298,352
162,273,62,268,111,226,132,220,188,226,235,308,132,327,178,359,211,244,226,242,293,260,366,288,224,290,292,296,350
163,271,62,268,111,226,131,220,188,226,235,309,132,327,177,360,208,243,221,247,292,264,366,287,221,291,288,298,353
164,270,62,267,111,226,131,219,189,226,235,308,132,328,176,361,206,243,219,241,293,255,366,289,222,290,291,292,357
165,269,64,266,112,225,132,220,188,226,235,308,132,327,175,359,203,242,225,244,294,254,367,288,225,289,292,289,354
166,268,62,266,111,225,132,220,188,225,234,308,131,327,173,360,201,242,222,239,291,246,367,288,224,288,290,288,358
167,267,62,266,111,225,132,220,188,226,234,308,132,328,173,361,199,240,217,240,295,247,368,288,221,289,292,283,359
168,266,63,266,111,225,131,220,189,225,232,308,131,328,172,360,195,242,216,239,289,250,358,289,222,284,290,286,354
169,264,63,265,112,225,131,220,188,225,234,308,131,328,171,358,191,241,214,241,292,252,365,288,219,286,290,287,356
170,264,63,265,112,224,132,219,189,225,232,307,131,328,171,361,189,240,219,238,293,249,367,286,225,284,292,282,359
171,261,64,265,112,225,132,219,188,225,231,308,132,328,170,360,187,240,221,240,294,256,365,288,226,287,291,288,356
172,261,64,264,112,224,132,218,189,227,231,308,132,328,170,356,187,240,223,242,293,257,366,288,225,289,290,291,352
173,261,63,264,112,224,132,218,190,229,230,307,131,333,174,361,189,240,208,241,281,265,353,288,217,290,285,314,348
174,262,63,263,112,223,133,217,191,233,229,307,130,333,175,354,188,242,209,242,287,258,353,291,215,288,286,313,347
175,260,64,263,112,223,133,217,192,240,230,306,129,325,173,341,174,239,244,246,291,240,290,290,245,298,293,239,290
176,258,64,263,113,223,133,217,192,244,228,305,129,332,180,316,182,237,239,247,304,235,360,287,237,293,300,303,360
177,259,63,262,112,224,132,219,193,250,227,305,130,326,177,328,188,247,226,241,288,260,356,298,227,303,289,318,346
178,258,63,262,112,223,132,220,194,253,221,303,128,328,167,306,178,238,236,238,289,226,350,289,235,281,294,293,350
179,258,64,261,112,222,134,220,194,255,218,305,130,331,180,319,189,239,256,237,287,232,276,286,252,229,208,223,192
180,256,63,261,112,223,133,221,194,257,215,305,129,328,181,317,195,239,239,239,288,239,290,286,240,287,304,276,293
181,255,63,261,112,223,133,221,195,258,212,305,129,323,186,334,179,237,231,241,291,240,349,289,231,291,292,322,340
182,255,63,261,111,224,132,222,195,257,211,304,129,327,178,308,206,239,238,244,287,233,346,289,238,299,294,288,345
183,252,63,260,111,224,132,221,195,258,211,305,130,318,182,301,218,241,254,237,280,243,298,288,247,300,275,298,218
184,252,64,260,112,222,133,221,194,257,210,305,129,320,180,330,177,243,250,240,287,243,297,290,244,296,291,285,293
185,251,62,259,111,222,133,220,194,255,211,304,129,316,181,330,174,239,242,241,293,236,349,290,242,289,293,279,303
186,250,63,260,111,222,132,220,195,255,211,304,129,323,179,332,176,239,247,242,293,231,359,291,248,290,295,277,299
187,249,63,259,111,222,133,221,195,255,211,303,127,319,177,330,176,239,237,242,296,246,360,289,235,290,297,318,344
188,248,64,259,111,222,134,220,195,255,212,304,128,326,179,330,177,239,247,242,291,238,353,289,244,291,289,276,295
189,248,64,258,111,221,134,221,194,255,213,303,129,329,181,331,175,239,243,243,293,247,355,292,242,292,295,291,351
190,247,64,258,111,222,133,221,195,255,213,303,128,326,179,326,178,236,238,244,298,256,366,289,239,290,297,296,348
191,247,64,258,111,221,134,221,196,254,214,301,126,326,175,325,176,237,241,243,308,218,359,289,240,289,308,281,351
192,246,64,256,111,221,134,222,195,254,216,301,126,323,166,325,174,238,228,242,292,263,357,291,225,296,288,309,348
193,245,65,256,112,220,134,221,196,254,216,300,126,322,167,325,182,240,238,237,281,239,289,287,231,304,276,325,183
194,245,65,256,112,220,134,221,195,253,217,300,127,326,182,324,183,237,249,236,285,250,293,286,245,253,218,240,210
195,244,64,255,111,219,134,221,196,254,219,301,127,324,181,323,183,237,248,241,289,243,303,286,248,250,295,287,249
196,242,64,254,111,219,134,221,196,253,220,299,126,327,183,322,184,232,246,235,266,240,280,292,216,253,220,242,278
197,243,65,254,112,218,135,221,196,252,220,299,126,328,182,323,181,239,225,236,279,238,286,283,223,299,273,263,275
198,242,66,254,113,217,135,222,196,251,224,298,126,324,175,322,179,242,207,233,273,247,222,282,208,323,188,284,224
199,239,67,253,113,217,136,221,197,251,225,297,125,324,172,322,183,241,210,236,281,248,225,278,208,323,191,288,225
200,239,67,252,113,217,135,222,196,250,226,298,127,323,171,324,184,243,210,235,280,250,227,281,206,323,190,289,229
201,238,67,251,114,216,137,222,198,252,230,297,126,323,171,324,186,243,209,233,275,252,229,279,206,323,191,290,234
202,235,68,250,114,215,136,222,198,257,235,296,127,322,172,323,187,243,210,235,281,259,234,284,206,322,195,286,234
203,233,68,249,114,215,136,222,200,253,233,295,127,324,174,321,189,243,215,238,289,245,352,286,214,288,290,311,346
204,232,70,249,115,214,137,221,200,247,230,295,127,325,174,321,189,241,215,235,287,233,351,287,217,288,287,283,246
205,231,70,248,115,213,138,221,201,247,233,294,127,326,175,320,190,238,241,235,289,233,294,289,235,280,288,275,285
206,229,71,247,116,212,138,221,201,246,236,294,128,326,173,321,191,234,242,243,306,224,366,283,239,287,308,311,348
207,226,71,246,116,212,139,222,202,247,238,294,127,328,173,321,191,242,205,238,276,240,344,281,198,280,266,300,343
208,226,73,245,117,211,139,221,202,246,237,294,128,330,172,321,191,235,250,240,293,238,296,286,243,271,290,324,187
209,223,73,244,118,210,139,221,202,246,238,293,127,331,171,322,191,244,242,239,286,240,289,288,237,269,275,252,289
210,222,74,243,118,209,140,221,202,246,240,289,126,332,171,321,191,245,215,239,285,232,291,283,211,279,270,277,348
211,220,75,242,119,209,140,222,203,247,240,289,125,333,170,320,191,243,213,238,283,255,350,284,208,281,275,294,346
212,219,74,241,119,208,141,221,203,246,240,288,124,335,169,320,190,249,207,261,258,255,302,284,195,300,251,315,318
213,219,75,242,119,207,141,221,204,246,241,289,125,334,169,320,190,246,210,250,268,244,306,285,200,285,263,279,326
214,216,76,241,120,207,141,222,205,245,242,287,124,334,169,318,192,247,219,259,266,252,298,290,217,289,261,297,243
215,216,76,240,121,206,142,222,204,245,242,284,124,336,168,319,192,243,216,241,280,237,294,283,209,282,265,300,343
216,214,78,240,121,206,142,221,204,245,245,289,126,335,167,317,194,251,253,279,333,248,302,298,245,290,339,287,353
217,214,77,239,121,206,143,221,204,244,243,284,124,335,167,319,193,246,252,252,294,238,298,292,245,291,299,283,298
218,213,78,239,121,205,142,221,205,244,246,286,126,335,166,317,195,254,250,258,292,244,300,295,243,228,220,317,194
219,212,78,238,121,205,142,220,204,246,246,285,125,335,166,316,196,244,215,254,263,252,237,279,206,287,258,288,235
220,212,78,237,121,204,143,220,204,244,249,284,124,334,166,316,195,243,211,254,264,272,330,279,198,291,260,296,326
221,211,79,238,121,204,143,220,205,246,251,285,125,335,167,316,196,251,255,253,295,238,300,299,247,224,212,313,195
222,210,79,237,121,204,143,220,206,244,252,286,125,333,167,316,197,245,221,259,281,280,343,283,209,298,271,321,327
223,211,79,237,122,204,144,220,207,245,255,283,124,333,168,316,198,253,235,259,290,252,252,298,231,271,285,270,285
224,210,79,236,121,203,144,220,207,245,253,283,124,333,168,316,199,245,219,259,269,246,294,283,208,296,260,287,243
225,210,79,236,121,203,144,219,205,245,254,283,125,333,168,316,200,250,237,260,286,251,251,293,231,221,211,259,245
226,211,79,236,122,203,144,219,206,244,252,280,123,333,168,316,200,245,218,251,271,242,303,282,207,300,254,289,241
227,210,78,235,121,203,144,219,206,245,254,282,124,332,168,316,202,251,233,256,290,250,252,294,225,274,280,259,244
228,209,79,235,121,203,144,219,206,244,251,281,124,332,168,314,201,242,217,244,280,269,344,281,207,284,270,301,333
229,208,79,234,121,203,143,218,206,246,251,281,125,333,168,313,202,240,225,247,288,272,349,282,215,289,277,294,345
230,210,80,236,122,203,145,218,204,245,251,282,125,332,169,312,201,242,223,240,288,236,305,282,213,305,259,255,236
231,209,80,236,122,203,144,218,204,242,250,281,124,332,170,312,201,237,239,243,290,276,349,281,217,286,275,308,337
232,209,79,235,121,203,144,218,204,241,249,282,125,332,170,310,200,241,214,252,278,278,344,278,206,291,268,311,328
233,208,79,235,121,203,144,218,205,241,251,282,126,332,170,308,199,240,218,242,284,266,349,277,209,289,272,291,343
234,209,80,235,122,203,145,218,204,241,251,282,125,331,170,306,198,232,252,239,295,276,357,285,253,290,306,303,340
235,207,80,235,122,204,144,219,207,242,251,282,125,332,171,306,197,244,219,251,279,271,343,283,209,293,267,307,336
236,208,80,235,122,203,145,219,206,242,252,282,125,331,170,304,196,244,220,250,280,272,343,284,210,295,267,307,335
237,208,80,236,123,203,145,219,208,244,253,282,125,331,171,303,196,248,257,257,318,236,287,297,248,287,352,275,356
238,207,80,235,123,203,145,218,207,245,247,281,125,331,170,302,196,244,215,261,279,280,347,282,205,297,261,302,343
239,209,81,235,123,203,145,218,207,243,246,281,124,331,171,301,195,245,214,254,281,272,349,283,205,297,269,302,341
240,208,81,235,123,202,146,219,207,243,245,283,125,331,170,302,195,242,217,247,287,221,297,288,216,292,261,279,360
241,207,81,235,123,203,144,218,206,241,241,282,125,331,169,303,195,244,210,257,271,279,341,281,196,299,259,314,329
242,208,81,236,123,203,145,218,206,242,242,282,126,331,170,304,195,242,214,236,283,266,348,284,206,290,268,304,335
243,208,81,236,123,202,145,218,207,246,246,282,126,332,170,304,195,237,246,241,301,269,359,294,244,291,312,293,348
244,207,80,236,123,203,145,217,206,244,245,283,127,332,170,304,194,250,237,235,284,230,287,298,239,269,276,263,264
245,207,81,236,123,203,145,217,205,244,245,284,127,331,170,303,194,236,223,236,289,260,352,284,217,284,276,300,338
246,209,81,235,123,203,145,218,206,246,247,281,125,331,171,304,194,241,219,245,281,266,345,282,211,292,265,311,330
247,207,81,236,123,203,145,218,207,245,247,282,126,331,171,304,194,246,223,245,285,246,246,291,219,293,258,294,245
248,208,82,236,122,203,144,218,206,242,247,285,127,330,171,304,194,246,219,255,275,276,338,284,209,294,263,315,325
249,208,82,236,123,203,145,218,206,242,251,284,126,330,171,305,194,249,254,245,301,261,359,295,245,295,321,267,362
250,208,81,236,123,203,145,217,206,246,250,284,126,330,171,305,194,242,231,244,292,270,352,294,234,293,290,284,356
251,208,82,236,123,203,145,217,207,243,251,284,126,330,170,305,194,244,252,239,290,237,290,294,247,261,291,304,194
252,206,82,235,123,203,145,219,208,245,251,283,125,331,170,305,194,244,217,249,278,268,346,284,204,295,269,298,342
253,207,82,236,123,203,145,218,207,245,248,283,126,329,171,304,193,245,219,249,284,268,353,284,210,296,276,295,353
254,207,83,236,124,203,144,218,207,247,248,284,126,330,170,305,193,244,216,243,288,261,356,283,207,295,271,290,356
255,207,82,235,123,203,145,218,207,245,250,285,126,330,171,304,193,239,224,246,291,271,355,285,218,297,259,292,356
256,207,82,235,123,203,145,219,207,246,251,284,126,330,171,304,193,241,222,242,290,263,354,285,217,292,286,290,352
257,206,83,236,124,202,146,219,208,244,247,283,125,329,171,303,193,246,249,243,295,237,293,293,244,295,318,281,358
258,206,83,235,123,203,145,219,207,243,244,283,125,329,171,305,193,244,217,244,281,266,344,286,211,284,273,300,345
259,206,83,235,123,202,145,219,208,243,245,283,125,329,171,304,192,245,220,249,287,270,351,288,215,296,279,295,347
260,205,82,234,123,203,145,219,208,241,242,282,126,330,170,303,192,246,220,252,285,270,350,288,214,301,277,301,348
261,206,83,235,123,202,145,219,207,242,244,283,125,328,171,302,193,246,214,252,281,275,348,285,204,298,274,296,346
262,206,83,235,124,203,145,219,208,241,241,282,125,328,171,301,193,246,215,253,283,265,350,285,204,300,274,299,347
263,207,81,235,123,202,145,218,206,239,239,280,125,329,170,302,194,246,215,249,282,261,349,286,204,301,273,300,348
264,206,82,235,123,202,145,218,206,240,242,282,126,329,170,303,194,246,215,255,276,282,344,286,206,303,263,316,333
265,205,82,235,123,203,145,218,207,242,245,282,126,328,170,303,195,245,214,248,277,273,345,283,203,300,262,316,331
266,206,81,235,123,202,145,218,206,246,250,281,125,329,170,303,195,246,216,253,281,273,347,284,206,298,270,296,341
267,206,82,235,123,202,145,218,205,243,245,282,125,328,171,303,196,244,212,252,278,271,343,280,199,296,265,313,329
268,206,81,235,123,203,145,218,205,242,245,281,126,328,171,304,196,244,214,249,277,272,344,281,203,297,261,306,332
269,206,83,235,124,203,145,219,205,243,247,281,126,329,172,304,197,246,214,243,281,266,341,283,204,293,260,290,235
270,207,82,234,123,202,146,219,204,242,251,280,125,328,172,305,197,240,213,243,284,253,350,278,202,289,271,285,347
271,206,83,235,124,203,145,220,206,241,253,282,126,329,172,306,197,246,215,250,281,265,344,281,205,294,267,304,327
272,207,82,235,124,203,145,218,204,240,257,281,126,329,173,307,199,239,248,246,300,236,281,278,243,290,303,276,361
273,207,83,236,124,204,145,219,206,241,256,283,126,328,172,309,199,237,216,241,278,266,342,276,207,282,270,299,333
274,208,82,235,123,203,145,219,204,240,251,283,126,328,172,311,200,240,214,242,269,245,309,276,206,284,263,292,330
275,208,83,235,124,203,145,219,205,241,255,283,126,328,172,312,202,241,220,246,271,241,306,278,213,290,264,281,245
276,207,82,235,123,203,145,219,205,238,251,283,126,327,173,314,203,242,214,243,265,251,236,278,206,287,259,273,233
277,208,82,236,124,203,145,218,206,238,250,282,127,327,173,316,205,241,216,237,272,244,346,279,206,290,264,285,238
278,207,82,236,123,203,145,218,206,238,250,283,126,327,174,316,207,244,218,237,269,245,243,281,208,272,263,277,252
279,208,82,236,123,204,145,218,206,237,251,282,126,327,174,318,207,243,222,234,268,240,250,283,215,265,270,275,254
280,207,82,236,124,203,145,218,206,237,249,282,125,325,174,318,208,244,221,232,265,243,255,283,215,281,215,264,260
281,208,81,236,124,203,146,217,206,235,251,282,126,326,175,318,208,242,226,229,265,233,260,284,218,254,271,256,257
282,210,82,237,124,204,146,217,205,236,251,282,126,324,175,318,210,243,227,230,269,233,262,286,217,283,213,262,260
283,211,81,237,123,205,145,217,206,234,250,282,125,324,176,318,210,244,231,233,269,239,253,285,224,256,274,259,259
284,211,82,237,123,204,145,217,205,233,247,282,126,323,175,317,210,243,226,234,267,240,248,284,221,261,270,270,252
285,211,81,237,123,205,145,217,205,233,248,282,126,323,177,317,210,243,224,232,260,242,254,286,218,255,265,265,253
286,211,81,237,123,205,145,216,205,229,245,282,125,322,177,316,211,242,227,234,263,234,254,285,222,259,267,273,253
287,212,80,238,123,204,145,216,204,226,241,283,127,321,177,315,211,244,227,239,260,238,255,287,222,261,271,274,256
288,213,80,238,123,204,145,216,204,226,240,284,126,321,177,315,211,245,226,238,261,236,256,285,220,276,220,275,255
289,213,81,239,123,205,144,215,204,224,239,285,127,320,178,315,211,248,226,242,255,247,249,287,221,275,221,270,255
290,214,80,238,122,205,144,215,203,223,239,285,128,318,179,314,212,237,253,249,285,237,297,288,247,275,274,239,295
291,215,79,239,123,205,144,214,204,221,239,285,127,317,180,313,211,242,238,237,271,242,253,290,235,271,274,278,253
292,216,79,239,123,205,144,212,204,220,238,285,127,316,180,313,210,243,239,241,265,247,253,287,235,271,270,270,254
293,215,79,239,123,205,145,213,204,220,239,285,127,316,179,313,208,239,252,250,284,239,298,290,248,309,209,241,299
294,216,79,239,122,204,145,212,205,220,240,285,127,316,179,311,207,240,253,248,287,239,300,290,246,308,210,241,300
295,217,80,240,123,205,144,212,203,219,240,285,127,315,180,310,206,240,224,240,257,243,247,283,219,283,231,280,246
296,216,78,238,122,204,145,212,203,220,242,285,127,316,179,310,205,241,256,248,295,240,300,286,248,307,204,242,299
297,217,80,239,123,205,145,212,204,219,242,285,127,315,179,309,204,238,229,236,271,243,246,282,229,262,271,281,244
298,216,78,238,123,204,146,212,204,220,242,286,128,316,179,309,203,243,227,243,264,246,246,285,220,272,268,285,242
299,215,80,239,123,204,145,212,205,220,241,286,128,316,179,307,202,235,226,246,268,243,245,279,223,285,248,280,243
300,214,80,238,123,203,146,212,206,222,241,284,126,316,178,306,202,237,248,244,283,242,297,279,245,269,288,234,293
301,214,80,237,123,203,146,213,206,222,242,284,126,317,177,305,202,238,225,244,260,245,247,281,220,281,236,267,255
302,212,81,237,124,203,146,213,205,223,241,283,126,316,177,304,201,236,230,242,272,242,249,280,232,273,224,268,248
303,212,81,236,124,203,146,213,207,224,243,284,127,316,176,304,202,239,219,234,259,239,254,278,206,283,210,271,254
304,213,81,236,124,203,147,213,208,224,244,283,127,316,177,303,202,243,240,250,274,248,253,287,236,277,226,263,260
305,212,81,236,124,202,147,212,207,225,244,283,127,316,177,303,201,238,220,235,268,251,244,277,209,282,212,271,255
306,211,82,236,124,202,147,212,207,225,244,283,128,315,177,302,199,237,222,233,260,236,256,277,214,284,210,272,257
307,211,82,236,125,202,146,212,207,227,246,283,128,315,176,300,199,237,224,229,264,239,248,276,217,283,209,273,252
308,211,83,236,125,201,147,212,208,230,249,281,127,315,178,299,199,237,221,232,262,237,253,275,214,285,205,268,251
309,208,84,235,125,202,146,214,208,232,250,280,126,314,179,298,197,238,222,233,269,239,246,280,216,288,203,278,250
310,208,83,234,125,200,147,215,209,232,248,281,125,314,178,296,198,244,207,241,262,244,303,278,195,279,256,285,251
311,211,83,235,125,200,147,216,210,235,252,281,126,313,180,292,199,244,214,247,264,229,295,284,204,288,255,289,243
312,211,82,236,124,202,146,215,207,236,256,282,125,317,179,294,202,240,214,237,275,218,279,279,203,280,268,286,337
313,211,81,237,124,202,146,216,206,233,251,282,126,318,179,297,201,241,222,232,274,223,294,279,214,268,265,267,248
314,211,81,236,124,202,147,216,205,233,248,283,126,319,179,300,200,238,214,234,273,252,342,277,206,287,264,275,351
315,211,81,236,123,202,145,216,205,233,245,283,127,319,179,303,200,237,214,231,273,249,235,275,207,283,255,285,236
316,213,80,237,123,202,145,215,205,232,242,283,126,318,179,305,201,239,211,232,268,250,236,276,199,282,203,294,248
317,212,80,237,123,203,146,214,205,239,249,284,127,316,179,307,202,236,211,233,274,249,237,277,200,294,254,275,235
318,214,79,237,122,203,145,214,202,232,237,283,126,315,180,308,203,235,208,232,279,250,233,276,200,307,253,271,236
319,214,79,237,122,204,144,214,205,232,236,285,128,313,180,310,203,236,212,234,274,275,264,279,206,302,254,271,262
320,215,78,238,122,204,144,214,205,232,235,284,126,310,178,311,202,235,214,237,283,269,348,282,210,285,268,270,258
321,219,78,239,121,204,144,215,204,233,233,287,128,307,178,313,202,234,212,235,280,246,251,280,205,286,268,269,253
322,220,76,240,121,205,144,215,204,233,231,286,128,306,177,312,203,233,222,238,284,266,355,285,216,293,268,302,340
323,222,76,240,121,205,145,215,204,232,229,287,128,305,178,312,202,231,225,237,283,262,342,284,217,299,257,287,252
324,223,76,241,121,206,142,214,204,234,229,286,127,304,176,312,201,233,221,236,289,255,357,284,216,280,278,274,251
325,235,72,246,120,209,140,215,202,236,224,290,128,304,175,314,196,236,227,233,284,248,349,286,229,281,284,297,345
326,237,73,246,120,209,141,215,203,238,221,289,125,304,176,315,196,239,222,235,276,236,283,289,221,281,263,279,251
327,238,71,248,118,210,141,217,203,240,221,290,126,305,176,317,197,239,240,241,281,238,286,290,236,313,198,244,285
328,239,72,248,119,211,140,217,202,241,221,290,125,304,175,317,195,239,218,235,277,237,343,287,212,298,263,301,346
329,242,71,249,119,211,140,217,202,241,219,290,126,305,174,319,196,240,242,236,289,240,300,288,234,269,281,268,279
330,244,72,251,119,213,140,218,201,241,218,294,128,305,176,320,194,240,239,236,285,238,298,291,229,290,304,282,346
331,243,71,251,118,213,139,219,202,245,218,293,127,306,176,322,202,239,216,234,279,229,344,283,211,278,271,275,254
332,246,69,252,117,213,140,220,203,246,218,293,127,307,177,323,207,242,252,240,287,245,304,292,242,252,296,323,207
333,248,70,253,117,214,139,220,202,248,217,294,127,307,178,323,205,241,252,241,287,244,305,290,243,283,288,321,205
334,249,69,254,118,216,139,222,201,252,217,296,128,307,175,324,198,239,250,245,292,237,302,287,247,283,289,322,198
335,252,69,255,117,217,139,222,201,253,216,296,127,308,175,328,197,237,241,241,304,243,368,284,241,284,305,288,352
336,252,69,256,117,218,138,224,201,257,217,297,128,308,175,328,198,238,252,246,297,248,308,277,253,278,293,325,198
337,253,68,256,116,218,139,225,202,260,217,298,127,308,175,332,196,236,241,242,307,243,367,282,242,285,307,280,367
338,253,68,257,116,219,138,226,201,262,216,299,128,309,176,334,197,238,238,238,290,239,296,286,237,294,306,312,349
339,254,68,258,116,220,139,228,202,265,217,300,128,309,176,335,197,237,237,241,304,235,351,279,239,283,305,290,358
340,254,67,258,116,220,138,229,202,268,217,300,128,310,176,337,198,239,227,243,291,258,357,284,226,297,295,319,350
341,254,68,260,116,221,138,230,203,270,218,301,128,311,176,338,196,239,232,245,296,261,366,285,232,295,296,320,350
342,257,68,260,117,222,138,232,203,272,217,302,128,313,177,339,199,238,232,244,295,263,358,284,227,293,293,290,344
343,255,68,261,116,223,138,232,203,274,218,302,128,313,176,342,197,238,232,242,295,252,360,286,231,287,298,292,351
344,258,67,261,115,223,138,234,203,277,218,302,127,315,177,344,199,239,243,240,294,237,289,288,243,287,305,279,360
345,259,69,262,116,224,138,233,203,277,219,304,128,316,177,346,199,240,233,242,296,243,357,289,233,286,297,284,353
346,260,66,263,115,224,137,233,202,278,219,303,128,318,176,348,200,239,237,242,299,224,364,289,234,291,305,282,313
347,259,68,264,116,225,138,233,203,275,220,306,128,320,176,348,198,240,233,242,289,236,289,292,226,307,255,314,256
348,262,67,265,115,226,136,232,201,274,219,306,129,322,176,351,200,241,238,242,283,246,290,292,239,291,294,244,275
349,263,67,265,115,227,137,231,202,273,220,306,129,323,176,355,201,241,234,242,298,224,358,292,236,283,305,278,348
350,263,67,266,115,227,137,230,201,270,221,307,129,325,176,358,202,241,228,240,286,235,284,293,228,286,284,276,276
351,266,68,266,116,227,137,228,199,267,222,307,130,329,178,361,203,243,231,242,293,239,359,293,232,287,299,297,359
352,265,66,267,115,228,137,227,198,264,221,308,130,331,178,364,203,243,245,238,285,234,269,292,242,279,291,364,203
353,266,66,267,115,228,137,226,197,262,222,309,131,332,179,365,203,243,245,239,284,243,298,293,243,286,292,365,203
354,267,66,268,115,228,137,224,197,261,223,310,131,333,178,367,203,243,246,244,306,225,366,293,244,287,309,288,358
355,267,66,268,114,229,136,223,196,258,223,310,131,335,178,370,205,243,229,244,297,249,372,292,234,283,299,283,356
356,269,67,269,115,229,137,223,195,257,223,310,132,336,177,371,205,244,229,244,293,254,360,293,234,287,299,290,354
357,269,67,269,116,229,137,222,194,255,222,310,131,338,178,373,206,243,248,241,295,246,355,293,244,287,307,280,354
358,269,67,269,116,229,137,221,194,252,222,311,132,340,179,375,207,242,250,246,308,245,354,292,247,289,308,288,353
359,271,67,270,116,229,136,221,192,252,222,312,133,340,179,375,207,243,248,243,307,231,359,292,246,287,310,282,357
360,271,66,271,115,230,136,221,191,251,222,312,133,341,179,376,208,244,226,243,295,248,368,294,231,285,296,282,352
361,271,67,271,116,231,134,221,190,250,221,312,133,341,178,375,208,242,240,243,303,247,368,292,238,286,302,285,351
362,272,65,271,114,230,137,221,191,250,221,312,133,344,179,376,210,245,229,241,287,250,356,294,233,284,295,285,348
363,271,67,271,116,231,135,221,190,249,221,312,133,344,180,376,213,243,237,242,303,245,368,291,238,285,302,282,353
364,272,66,271,115,231,135,221,190,248,220,313,133,344,181,375,213,242,231,241,300,243,368,292,236,282,300,280,351
365,272,66,271,115,229,138,222,190,248,221,313,133,344,180,374,214,245,226,242,297,239,368,293,230,285,300,280,356
366,272,66,272,115,231,136,222,189,247,220,314,133,345,181,373,214,245,228,239,300,242,367,292,235,283,302,271,367
367,272,67,271,115,232,135,223,189,247,220,313,133,344,180,372,215,245,225,241,296,242,367,293,230,284,299,277,367
368,272,67,272,115,232,134,223,188,246,220,313,133,345,182,371,217,247,209,241,294,246,366,295,205,284,295,275,358
369,272,66,271,115,231,136,222,189,246,220,312,133,343,181,370,217,245,228,241,295,245,366,292,234,281,297,273,366
370,272,66,272,115,232,134,223,188,245,219,313,133,345,182,370,218,245,225,239,297,239,366,292,232,280,302,270,366
371,271,66,271,114,231,133,223,188,246,220,313,133,343,181,370,218,247,218,241,293,247,366,293,221,285,294,283,353
372,273,66,272,114,231,135,223,188,244,219,311,131,344,182,369,218,246,215,241,291,246,365,294,215,287,291,280,357
373,271,65,271,114,231,134,223,188,245,220,312,133,344,182,369,218,246,205,244,291,253,366,293,201,287,288,282,356
374,271,65,271,114,231,134,223,188,245,219,312,133,344,181,369,217,246,208,240,289,246,366,293,207,285,289,279,356
375,271,65,271,113,231,135,224,188,244,219,312,133,344,181,369,216,246,216,241,293,249,365,292,216,287,292,283,351
376,272,65,271,114,231,133,223,188,245,220,311,132,343,181,369,218,245,209,241,293,250,367,293,203,288,291,275,358
377,270,64,271,114,231,133,224,188,244,220,311,131,343,181,369,217,244,223,241,294,247,367,291,224,287,294,286,345
378,270,63,271,113,231,135,224,188,244,220,313,132,344,181,369,217,247,217,240,294,248,366,293,215,287,295,285,350
379,270,65,270,114,231,135,224,188,244,220,311,131,342,180,369,217,244,229,239,298,245,366,291,235,283,301,274,358
380,270,65,270,113,231,135,224,188,245,219,312,132,344,181,369,217,241,235,238,299,243,365,289,241,281,302,276,365
381,269,63,271,113,232,134,224,188,244,220,311,131,344,180,369,217,243,227,241,297,246,366,289,232,283,300,283,349
382,269,65,270,114,231,135,223,188,245,220,310,131,344,181,369,217,246,221,241,296,247,366,291,221,283,296,283,349
383,268,65,271,114,231,134,224,188,244,220,313,133,345,182,369,218,245,225,241,295,246,366,291,231,283,298,283,352
384,269,65,270,113,231,133,224,188,245,221,312,132,343,181,368,217,244,222,239,294,244,365,288,234,278,295,270,365
385,267,64,270,113,230,136,224,188,244,220,311,132,344,182,368,218,246,204,239,290,245,365,291,201,282,289,279,354
386,267,63,270,113,230,134,223,188,245,221,312,133,343,182,367,218,241,229,241,296,248,365,288,231,281,295,274,365
387,265,63,269,113,231,133,223,187,244,220,312,134,341,182,367,219,243,222,242,294,249,366,288,224,284,294,284,356
388,263,64,269,113,230,134,222,188,244,221,311,132,339,182,365,220,244,225,240,296,240,368,289,231,280,296,276,352
389,263,63,268,113,229,134,222,188,244,221,311,133,336,183,363,219,238,232,239,297,248,365,288,234,284,298,285,348
390,261,63,268,112,229,132,221,188,244,221,310,133,334,183,361,219,241,226,238,294,242,367,289,228,280,295,280,346
391,260,63,266,112,227,134,220,188,242,221,309,133,332,185,357,219,238,233,238,296,244,359,288,236,279,296,278,346
392,258,63,265,112,228,132,219,188,241,221,308,132,328,185,355,219,241,216,239,293,245,366,289,218,281,291,281,352
393,257,63,264,112,226,133,219,188,241,221,307,133,325,185,352,220,239,246,240,301,235,357,289,239,292,319,278,356
394,255,62,262,111,225,133,218,188,239,221,305,131,323,187,348,220,237,248,239,298,243,366,287,244,285,304,280,355
395,253,63,261,112,223,135,217,188,238,222,304,131,318,185,343,221,241,211,239,291,251,357,291,211,290,287,273,353
396,251,64,259,112,222,134,216,188,235,220,303,132,316,187,340,220,239,213,240,293,250,366,288,219,284,289,288,348
397,245,65,255,113,219,133,213,189,231,222,300,132,309,186,332,222,238,206,235,285,237,352,285,205,286,282,286,345
398,243,65,254,113,216,135,212,188,230,223,299,133,307,187,327,222,235,210,235,287,247,357,284,210,279,282,285,347
399,240,65,251,113,214,134,209,188,228,223,297,132,305,187,324,223,235,205,235,286,244,355,283,206,280,279,282,344
400,237,66,250,113,213,134,208,188,225,222,295,132,301,186,319,222,234,205,234,284,235,352,281,206,287,276,279,346
401,233,65,247,112,210,135,206,188,221,222,294,132,299,185,314,222,231,203,231,282,239,354,279,204,276,277,277,349
402,230,66,245,114,209,134,204,188,217,221,291,132,296,186,311,223,230,219,231,289,240,365,278,218,273,285,278,348
403,227,67,242,114,208,133,202,188,214,222,289,131,295,184,307,222,229,209,228,285,231,354,275,212,272,278,275,346
404,225,65,239,112,204,135,201,187,211,222,286,131,292,184,303,224,227,217,228,284,227,355,272,220,270,283,268,350
405,221,65,237,112,203,135,199,187,206,221,284,131,290,183,300,224,225,226,229,291,235,359,270,225,272,286,274,352
406,219,65,234,112,200,135,198,186,201,222,282,131,289,182,296,224,221,224,226,292,230,364,268,223,270,287,269,356
407,215,66,231,113,197,134,196,184,195,221,278,129,286,181,293,225,218,213,223,279,219,346,268,212,267,276,270,342
408,213,66,229,113,195,136,194,186,188,221,276,128,285,180,289,223,217,219,223,282,219,344,265,216,265,277,267,343
409,209,67,227,113,193,135,191,186,182,219,273,128,283,180,286,222,215,223,219,285,215,348,261,222,261,283,264,345
410,206,66,224,112,190,137,189,186,174,218,271,128,280,181,284,222,212,220,220,286,220,352,257,223,259,284,261,349
411,204,66,221,112,188,137,186,187,168,219,269,128,279,180,281,221,211,225,218,294,223,365,254,225,260,289,266,351
412,200,66,219,112,187,137,184,189,161,218,267,127,277,180,277,221,209,226,215,293,213,358,255,229,258,290,266,352
413,199,66,217,113,184,138,180,190,155,217,265,127,275,179,275,220,207,225,213,292,222,354,252,225,256,290,256,353
414,195,66,214,112,183,138,178,190,150,218,262,126,274,179,274,219,203,227,211,297,207,351,255,233,254,297,247,356
415,193,66,212,112,180,139,174,190,142,220,260,125,273,179,272,219,203,220,214,290,216,350,252,218,256,283,268,346
416,191,66,211,112,179,140,171,192,136,221,257,125,270,178,269,219,203,230,213,297,211,367,251,230,255,294,257,353
417,188,67,209,112,178,140,167,192,131,221,256,124,269,178,268,219,205,228,212,293,208,351,246,228,252,291,249,347
418,187,66,207,112,176,140,161,193,128,222,254,125,268,177,266,217,206,227,212,296,210,356,246,227,251,292,254,349
419,187,66,205,113,175,142,160,194,124,221,252,124,267,177,266,218,199,244,210,306,208,365,249,239,248,300,246,355
420,179,67,200,113,169,144,149,194,114,228,248,125,263,177,260,217,198,244,208,305,202,369,247,242,247,301,247,354
421,178,67,198,112,167,143,145,195,112,230,247,125,263,178,260,217,200,233,207,298,203,351,243,232,247,294,241,347
422,176,67,198,112,167,141,145,193,111,230,246,125,261,177,259,216,194,241,205,303,204,359,241,236,245,298,242,353
423,175,68,196,114,165,143,143,194,110,231,244,124,260,178,258,217,194,241,210,289,123,229,244,232,251,278,205,284
424,173,68,195,113,164,145,140,195,109,233,243,124,259,178,258,217,195,227,204,294,202,354,240,224,246,291,243,350
425,172,68,194,114,163,145,139,196,109,233,242,124,259,177,257,216,195,228,203,294,202,353,237,224,244,292,239,351
426,170,69,192,114,162,146,138,197,108,237,240,124,258,176,256,214,194,222,204,292,203,356,241,219,246,291,240,355
427,164,71,185,116,156,147,151,203,124,235,232,123,254,172,251,202,195,241,204,304,206,372,245,234,248,298,230,363
428,164,71,186,116,157,147,152,204,125,233,232,123,254,172,251,201,192,248,206,325,130,225,246,241,247,292,237,289
429,165,71,186,116,157,147,152,203,126,232,231,123,255,173,251,201,191,240,204,312,195,371,245,235,246,299,235,360
430,165,71,186,116,157,146,153,202,126,231,233,123,255,172,250,201,191,239,206,300,195,371,243,231,250,288,260,353
431,166,70,187,116,158,146,153,202,126,229,232,123,255,173,249,202,191,222,204,293,205,359,242,217,248,289,233,358
432,166,71,187,116,158,147,153,201,127,228,232,123,256,173,248,201,190,228,204,296,211,358,243,223,248,290,237,356
433,166,71,187,116,158,147,155,201,127,227,232,123,256,175,247,200,192,242,202,311,203,372,243,238,247,301,231,362
434,167,72,188,116,158,145,156,200,131,225,232,124,256,174,245,199,193,244,204,325,206,327,243,242,245,305,246,243
435,168,72,188,116,158,146,156,200,133,223,233,124,256,176,243,198,194,243,203,300,208,361,244,237,248,292,260,355
436,168,71,187,116,157,146,157,200,135,224,233,126,257,176,241,197,191,240,203,302,207,360,243,236,247,293,260,355
437,168,70,187,116,157,148,160,199,136,222,232,125,256,178,239,197,192,237,200,305,205,365,243,234,247,296,233,367
438,169,70,188,116,157,146,161,199,140,219,233,126,256,179,235,196,192,231,200,293,206,359,242,229,247,287,237,361
439,170,70,187,115,156,146,162,196,141,216,232,125,255,180,233,195,196,235,201,296,208,363,243,231,246,292,229,362
440,170,69,188,115,157,144,163,198,144,216,232,126,254,181,230,194,197,238,201,305,204,361,245,232,246,298,259,359
441,171,69,188,115,157,143,162,194,147,212,233,126,254,182,227,193,196,234,203,290,195,354,243,229,246,286,256,353
442,171,68,188,115,157,143,164,196,149,213,233,126,255,183,225,192,196,236,202,297,199,354,241,230,246,290,258,353
443,171,69,189,115,158,142,164,193,149,207,233,126,254,183,225,191,194,233,201,299,195,349,240,228,243,291,254,350
444,172,69,188,115,157,143,163,194,150,210,233,126,255,184,223,191,198,235,210,287,197,296,241,228,246,289,245,290
445,173,68,189,115,156,143,158,194,145,210,233,126,255,183,223,190,194,238,198,300,193,317,241,231,245,293,247,292
446,173,68,189,115,156,142,163,192,152,207,234,127,255,185,221,191,197,236,203,299,196,312,241,229,245,295,242,299
447,174,68,189,115,156,142,162,196,150,213,234,127,254,184,222,191,196,238,242,298,241,230,241,230,244,285,244,231
448,174,69,189,115,157,142,162,195,153,211,234,127,255,184,222,192,197,240,204,285,153,195,241,232,244,295,243,300
449,174,68,189,115,156,142,160,194,149,214,234,126,257,184,223,192,198,242,153,209,154,197,242,235,241,273,243,237
450,176,68,189,115,156,143,162,192,156,204,234,128,257,184,223,192,200,241,162,201,155,192,242,234,244,276,243,234
451,177,68,190,115,156,142,159,193,152,214,235,128,258,184,223,192,202,238,215,291,206,302,243,230,249,289,251,304
452,176,68,190,115,157,142,158,193,151,206,234,127,257,184,224,192,203,234,220,292,207,348,241,227,247,287,261,350
453,177,68,190,115,157,142,154,193,152,208,234,127,258,184,224,191,203,236,220,292,151,195,241,229,247,291,246,291
454,178,67,190,115,157,141,156,191,153,199,235,128,260,185,223,189,198,230,207,293,193,304,240,225,246,290,245,291
455,177,68,191,115,157,140,147,189,154,212,235,128,260,184,225,188,202,231,220,294,207,348,242,225,246,291,219,348
456,178,68,191,115,157,140,151,191,155,199,234,127,260,185,223,187,201,228,207,291,185,345,240,223,245,287,257,346
457,178,69,192,115,158,140,159,194,157,198,235,128,260,184,223,186,199,228,203,289,184,355,241,223,245,287,262,345
458,178,67,191,114,157,140,144,190,154,196,235,128,260,185,224,186,196,230,197,294,193,357,241,224,244,291,243,291
459,179,68,192,115,158,142,145,190,155,197,236,128,260,184,223,185,195,230,198,290,173,354,241,224,245,286,264,343
460,180,68,192,115,158,141,145,187,156,191,236,128,261,186,223,186,195,230,197,291,196,347,241,225,244,288,260,346
461,180,68,192,115,158,140,144,187,152,196,236,128,261,185,223,186,195,242,199,285,143,187,242,234,248,282,198,289
462,180,68,192,115,158,141,147,188,154,195,236,127,261,184,221,187,195,227,198,293,193,347,240,224,244,289,257,348
463,181,68,193,115,159,140,145,189,150,203,235,127,260,185,220,187,196,230,200,292,191,345,241,226,245,287,260,346
464,182,67,193,115,158,141,144,189,151,198,235,127,260,186,219,186,196,228,196,293,199,356,241,224,243,292,221,356
465,182,68,193,116,159,141,144,188,143,207,235,127,260,186,218,186,195,231,198,295,199,354,242,226,244,291,217,354
466,182,66,193,114,159,141,149,191,145,204,235,127,259,186,217,186,196,230,196,295,196,357,241,225,242,293,219,357
467,182,67,193,115,159,139,144,186,142,205,236,128,259,185,215,185,196,233,197,292,187,312,241,226,245,287,245,289
468,182,67,193,115,159,140,143,188,148,205,236,127,259,186,215,186,195,230,194,295,191,358,241,226,242,293,218,357
469,182,67,193,115,158,141,146,191,141,207,236,128,258,186,213,186,194,236,196,298,200,357,242,230,243,293,257,352
470,0,0,0,0,0,0,0,0,0,0,0,0,0,0,0,0,0,0,0,0,0,0,0,0,0,0,0,0
471,184,67,194,115,159,140,148,189,140,205,236,128,258,185,213,186,194,232,200,292,185,293,240,227,244,291,243,290
472,184,67,194,115,159,139,146,189,140,207,237,128,258,186,212,185,196,232,202,276,142,190,241,231,245,283,245,286
473,183,68,194,116,159,140,146,186,144,202,237,128,257,185,210,185,196,232,204,296,198,299,242,227,244,292,242,293
474,184,68,194,115,159,140,156,192,146,201,236,127,258,186,210,185,193,232,205,283,144,187,241,227,246,288,244,288
475,184,68,194,116,158,140,146,188,137,207,237,128,258,186,209,185,194,239,198,283,191,279,242,234,245,295,248,306
476,0,0,0,0,0,0,0,0,0,0,0,0,0,0,0,0,0,0,0,0,0,0,0,0,0,0,0,0
477,184,68,194,116,158,140,149,191,140,206,237,129,256,185,208,185,192,230,194,294,193,355,241,229,242,294,212,355
478,0,0,0,0,0,0,0,0,0,0,0,0,0,0,0,0,0,0,0,0,0,0,0,0,0,0,0,0
479,0,0,0,0,0,0,0,0,0,0,0,0,0,0,0,0,0,0,0,0,0,0,0,0,0,0,0,0
480,0,0,0,0,0,0,0,0,0,0,0,0,0,0,0,0,0,0,0,0,0,0,0,0,0,0,0,0
481,182,69,193,116,159,141,152,194,141,207,237,127,255,184,206,182,195,228,197,294,192,355,242,225,242,293,216,357
482,183,69,194,116,159,140,153,190,143,206,237,128,256,184,205,181,195,227,199,283,183,322,241,224,245,285,257,350
483,0,0,0,0,0,0,0,0,0,0,0,0,0,0,0,0,0,0,0,0,0,0,0,0,0,0,0,0
484,184,68,193,116,159,140,144,189,139,209,237,128,257,183,205,179,195,229,195,292,196,355,240,226,240,292,217,356
485,185,69,194,116,158,140,148,187,142,206,236,127,256,182,205,178,196,234,245,307,143,189,240,230,245,299,245,307
486,0,0,0,0,0,0,0,0,0,0,0,0,0,0,0,0,0,0,0,0,0,0,0,0,0,0,0,0
487,183,69,193,116,158,141,149,190,141,208,237,127,256,183,205,175,192,231,201,291,184,295,241,227,242,293,242,293
488,183,69,193,116,158,141,144,191,140,208,236,128,255,183,204,175,194,230,197,295,199,355,242,225,244,292,255,353
489,184,69,193,116,158,140,154,193,148,197,236,128,253,183,202,174,191,229,154,196,240,228,241,228,243,294,244,295
490,183,68,193,116,157,140,147,187,142,203,236,128,252,184,202,173,192,230,197,298,179,366,241,227,243,295,259,348
491,183,67,193,115,158,142,147,189,142,207,236,128,251,184,201,174,197,228,221,282,223,276,242,228,245,286,258,350
492,183,66,192,114,158,143,150,195,143,207,236,128,251,184,200,173,197,227,221,281,223,276,242,226,246,288,261,351
493,182,67,192,115,158,142,150,194,148,201,236,128,250,184,199,172,194,225,219,280,193,295,242,228,244,287,245,291
494,182,68,192,115,157,142,144,188,139,207,236,127,250,184,199,171,197,234,205,294,201,356,243,225,243,291,222,354
495,181,67,192,115,157,142,148,192,146,202,235,127,249,184,197,170,198,239,206,285,194,273,243,232,245,290,262,351
496,180,68,191,115,157,143,147,191,145,203,236,127,249,183,197,170,196,240,203,297,199,357,243,229,243,294,257,355
497,181,67,191,115,156,143,144,189,141,205,235,126,248,183,196,170,196,229,217,286,214,354,243,226,243,288,258,351
498,179,67,190,115,156,144,144,192,146,205,236,127,247,184,196,170,197,236,203,299,191,357,243,229,243,296,257,355
499,180,68,191,116,156,145,150,196,146,204,236,127,247,184,196,169,197,245,216,288,142,191,244,233,247,292,251,311
500,180,67,191,115,156,144,146,192,140,208,235,127,247,183,195,169,198,236,219,281,203,300,244,230,248,281,250,263
501,180,67,190,115,156,144,146,193,144,204,235,127,247,184,195,169,197,237,205,296,214,355,243,227,245,291,257,354
502,179,67,190,115,156,144,149,195,142,208,236,127,246,184,195,169,197,235,218,284,191,305,243,228,246,289,257,353
503,180,67,191,115,157,143,148,191,145,204,235,128,246,184,195,170,196,233,222,292,215,355,242,226,246,294,261,358
504,180,67,191,115,156,144,150,194,142,207,235,127,247,184,195,171,196,235,218,291,209,356,243,229,244,292,257,355
505,181,68,191,115,157,141,145,188,143,207,235,126,247,183,195,172,195,237,209,299,201,356,241,228,246,293,262,354
506,181,67,192,115,158,141,151,193,143,206,235,127,247,184,195,172,194,232,203,294,198,352,240,226,243,290,258,350
507,179,67,190,115,157,142,150,193,142,207,236,127,249,185,196,173,194,237,207,291,143,190,241,229,243,292,243,293
508,181,67,191,115,157,140,148,188,143,202,235,127,248,185,197,174,193,243,197,283,144,187,240,236,247,290,242,296
509,180,68,191,115,156,142,161,197,147,202,235,127,249,185,200,175,195,234,204,297,172,352,241,226,243,293,263,352
510,181,67,192,115,157,142,159,199,148,202,234,127,249,185,200,177,195,234,206,295,195,363,241,227,245,291,259,351
511,180,68,191,115,157,142,150,191,147,201,235,127,250,186,203,179,193,234,204,301,167,351,241,228,243,295,259,351
512,180,68,191,115,157,141,150,190,138,206,235,126,250,186,204,181,192,230,202,292,172,332,241,224,244,290,269,343
513,183,67,192,115,157,141,150,189,142,200,234,127,250,186,206,182,191,226,200,294,174,351,241,223,243,291,263,351
514,182,68,191,115,157,142,150,189,141,202,234,126,251,186,207,184,190,214,196,284,185,307,241,224,244,286,246,284
515,183,68,192,116,158,141,152,190,142,198,234,127,252,185,208,187,192,243,194,286,140,219,240,237,198,294,197,294
516,184,68,192,116,157,140,148,189,135,205,234,126,251,186,210,188,190,228,201,294,166,350,240,228,243,292,243,292
517,185,68,193,116,157,140,150,190,136,203,235,127,251,185,210,190,191,241,203,310,174,350,241,234,245,296,236,315
518,186,67,193,115,157,140,148,186,137,203,235,127,251,185,210,191,195,233,245,303,137,223,240,230,245,288,246,292
519,186,68,193,116,157,140,147,187,135,202,235,126,251,186,209,193,192,230,199,287,188,279,240,231,245,290,243,291
520,186,67,193,116,158,139,149,184,139,199,234,127,251,186,207,194,194,247,195,291,143,186,242,240,246,288,198,296
521,186,68,194,116,158,140,146,186,135,204,235,127,250,186,208,195,193,243,196,283,134,222,242,237,246,296,244,299
522,188,68,194,116,158,140,148,185,136,204,235,127,249,186,206,197,193,240,203,299,142,189,241,234,243,297,251,298
523,187,68,194,116,158,141,146,188,132,209,235,127,249,187,206,197,194,237,199,296,199,357,242,231,244,290,224,356
524,188,68,194,116,158,140,150,182,140,198,235,127,249,187,206,198,194,237,198,279,136,220,241,235,252,230,245,289
525,187,68,193,116,158,142,146,186,139,201,236,127,249,187,207,200,194,238,193,276,143,190,241,235,251,230,242,236
526,187,68,194,116,159,140,146,185,138,201,236,128,250,187,208,200,192,236,196,279,243,234,241,236,242,288,241,238
527,187,68,194,116,158,141,144,187,138,203,236,128,251,187,208,201,195,243,195,282,244,235,242,237,250,234,245,242
528,187,68,194,116,158,141,143,188,136,204,236,128,252,186,210,201,196,241,195,281,139,196,242,238,250,234,242,241
529,189,68,194,116,157,141,142,189,136,205,236,127,253,186,212,202,195,248,201,292,255,243,242,243,252,237,244,244
530,188,68,194,116,157,142,140,191,135,207,236,128,254,186,215,202,196,244,195,280,138,199,242,238,251,235,243,237
531,190,68,194,116,158,141,138,192,135,207,237,127,256,185,219,202,196,242,201,284,135,200,242,237,244,286,130,220
532,190,68,194,116,159,141,136,194,135,209,237,129,257,185,222,203,196,234,200,296,190,334,243,232,244,293,265,349
533,189,68,194,116,157,143,135,194,135,211,236,128,258,185,226,202,196,243,200,281,132,202,242,238,246,235,243,242
534,189,68,194,116,157,145,133,195,134,213,236,127,259,183,228,204,196,242,204,287,131,200,242,238,246,298,243,301
535,190,67,195,116,157,144,132,196,136,217,237,128,259,183,232,204,195,244,201,284,131,204,243,239,247,300,250,303
536,192,68,195,116,157,144,130,196,136,217,237,128,259,183,235,204,193,248,196,282,132,204,243,243,251,243,244,244
537,191,67,196,116,157,144,129,195,135,218,238,129,259,181,237,205,200,252,250,298,244,204,244,249,253,248,245,250
538,192,69,195,117,157,144,128,197,135,219,238,128,259,182,242,205,198,259,200,293,131,206,244,253,251,251,244,254
539,192,67,196,116,159,143,127,195,134,218,238,129,259,182,244,206,196,256,197,287,127,209,244,250,254,248,244,255
540,194,69,196,117,159,145,126,196,135,223,239,130,259,182,247,206,198,257,202,290,144,236,244,253,254,252,247,253
541,194,69,197,117,159,145,127,196,136,223,240,130,258,182,248,205,198,259,192,278,143,236,244,253,254,252,247,253
542,195,69,197,117,159,143,126,196,135,223,239,129,257,183,249,207,193,252,202,329,199,336,243,246,243,305,236,329
543,196,69,197,117,159,146,125,197,137,226,240,130,257,182,251,208,189,212,181,269,270,346,234,207,247,287,246,292
544,198,70,198,118,160,146,126,196,139,226,242,131,256,181,255,211,189,229,197,301,184,358,240,230,246,295,256,359
545,199,69,199,118,159,146,126,197,141,228,240,130,255,182,257,213,191,240,195,320,193,328,242,237,243,298,199,331
546,198,71,199,119,158,147,126,197,143,228,241,130,256,181,259,217,192,250,179,269,247,234,243,245,242,289,249,234
547,201,69,201,119,161,145,129,197,146,230,242,131,258,185,261,224,190,236,181,270,175,285,241,236,248,285,243,222
548,202,72,201,120,160,148,130,198,146,230,243,132,258,187,262,226,192,248,180,274,173,287,240,249,242,291,250,242
549,202,71,201,120,160,146,130,199,146,229,244,132,259,187,262,230,193,248,180,274,244,250,237,247,240,295,243,235
550,203,71,202,120,161,146,130,198,146,230,243,132,259,188,263,232,192,246,180,270,244,246,239,248,240,295,246,244
551,204,71,203,120,162,146,131,198,147,230,244,132,259,190,263,235,191,246,178,324,182,341,237,248,216,332,200,340
552,205,71,203,121,162,144,131,199,148,231,244,132,259,190,264,237,194,251,184,273,205,340,241,254,236,298,243,250
553,221,73,215,122,171,140,143,197,176,230,255,137,258,198,256,254,194,224,207,260,194,242,241,225,254,277,240,248
554,222,74,215,123,172,140,143,197,176,231,255,138,258,201,256,255,192,239,198,267,195,251,236,240,241,286,235,262
555,221,75,215,123,171,141,143,197,176,231,255,136,258,199,255,255,197,216,194,266,190,247,242,212,247,279,234,248
556,223,74,215,123,170,142,144,198,177,231,256,138,258,200,256,256,195,232,190,277,201,258,241,231,243,286,241,263
557,222,75,215,124,172,141,143,198,175,231,255,137,258,200,256,254,194,238,202,266,197,250,241,235,252,282,240,253
558,223,75,215,124,171,141,143,197,177,231,255,138,258,201,256,255,195,222,201,269,198,248,241,222,248,281,235,251
559,223,75,215,124,171,141,143,197,175,231,255,137,258,199,256,254,193,235,209,257,196,249,239,234,257,276,237,258
560,224,75,215,124,171,141,143,197,175,231,255,137,259,199,257,255,194,235,223,288,217,287,242,230,258,276,238,256
561,225,76,215,125,171,141,143,197,175,231,255,137,259,201,256,254,196,219,249,211,192,247,241,218,246,211,248,267
562,223,75,215,123,171,141,143,198,176,231,256,137,259,200,256,255,193,234,190,266,191,249,242,230,248,284,246,267
563,223,75,215,124,171,141,144,199,177,232,256,137,259,201,257,255,195,232,195,270,196,257,243,230,248,281,243,264
564,224,76,216,125,172,141,143,198,177,230,255,137,259,198,256,254,192,240,200,285,239,267,239,240,247,285,241,263
565,225,75,216,123,172,141,144,197,177,231,255,137,259,201,256,255,195,215,198,276,191,246,241,215,248,283,237,246
566,224,75,215,124,172,140,144,199,177,231,256,137,259,199,256,255,194,245,193,267,195,264,240,239,252,284,244,268
567,223,76,216,125,173,140,144,198,177,231,256,137,259,199,257,254,195,227,193,249,193,239,241,226,256,275,249,272
568,225,75,216,124,172,140,144,199,177,232,256,137,259,200,256,255,195,236,201,279,222,283,243,229,251,281,244,266
569,224,75,215,124,171,141,144,199,179,233,256,137,259,200,257,255,194,239,196,266,235,262,240,237,245,284,236,264
570,225,75,215,124,172,140,144,199,178,232,256,137,259,200,257,254,195,241,198,262,199,289,241,240,260,275,245,266
571,225,75,215,124,172,140,144,198,178,232,256,136,259,199,256,254,196,217,181,247,193,243,241,215,246,207,238,246
572,223,77,216,125,171,141,144,200,177,233,256,137,259,200,257,253,195,227,190,258,197,246,241,226,246,277,235,253
573,224,76,216,125,170,142,144,199,177,233,257,138,259,201,257,254,193,241,196,263,241,267,241,239,248,284,243,267
574,224,76,216,124,172,140,144,199,177,233,256,137,259,199,256,254,193,223,197,271,191,245,241,223,253,276,240,257
575,223,76,215,124,173,139,144,199,176,232,255,138,259,201,256,255,195,242,225,287,237,266,242,238,249,285,239,265
576,224,75,216,124,172,140,144,199,178,234,256,137,258,199,257,254,193,239,202,283,240,268,240,234,245,284,242,268
577,224,75,216,124,171,141,144,199,178,234,256,138,258,199,256,254,195,223,189,255,193,245,241,223,255,274,238,253
578,225,76,215,124,172,141,144,199,179,233,255,137,258,201,256,254,194,215,251,211,191,243,241,213,246,209,252,273
579,225,76,215,124,172,141,144,199,178,233,255,137,259,202,256,254,196,236,226,288,187,242,242,231,250,283,250,271
580,224,75,215,124,171,141,145,200,177,233,255,137,259,201,256,254,197,237,227,286,191,244,244,228,251,282,240,253
581,224,76,215,124,171,141,145,200,178,233,255,136,258,200,256,255,194,246,196,268,205,299,241,243,258,283,244,269
582,223,75,215,124,171,141,145,200,178,233,255,137,258,198,257,254,195,238,203,283,194,244,242,233,249,283,249,270
583,222,76,214,125,172,140,144,200,178,233,254,137,258,201,256,255,193,244,195,265,191,265,241,241,250,285,244,267
584,222,75,214,124,170,141,144,200,178,233,255,137,258,200,257,255,195,249,195,268,178,251,240,247,259,258,243,268
585,222,76,214,125,169,142,144,201,177,233,255,137,257,199,256,254,193,223,190,263,193,246,241,225,243,278,236,257
586,222,77,214,125,169,142,144,200,177,233,254,136,258,200,256,254,195,230,202,280,194,244,241,227,250,280,242,261
587,223,76,214,125,171,142,144,200,178,233,254,137,258,199,257,254,193,226,179,245,189,246,242,229,258,277,250,275
588,223,75,214,124,171,142,144,200,178,234,254,137,258,201,256,254,194,247,199,271,199,269,242,241,252,285,245,270
589,222,76,214,124,170,142,143,200,177,233,254,137,258,201,256,255,196,229,198,283,188,244,242,226,249,283,249,271
590,222,76,213,124,169,142,143,201,177,234,254,137,258,200,256,254,195,228,189,262,193,246,242,225,255,276,239,255
591,223,75,214,124,170,141,144,199,178,234,254,136,258,199,257,254,195,236,204,283,218,285,242,231,258,277,253,276
592,220,76,214,124,169,143,144,200,178,235,255,137,258,197,256,254,195,211,188,251,192,245,240,207,246,207,228,245
593,221,75,213,124,169,144,144,201,176,233,255,137,258,198,256,254,196,254,197,272,206,268,239,254,256,284,248,270
594,221,75,213,124,170,142,144,201,176,233,254,136,258,200,257,254,196,225,181,249,190,247,242,220,257,273,237,252
595,220,74,213,124,168,143,143,200,176,233,254,137,257,200,257,254,195,227,197,277,194,246,241,225,247,281,235,252
596,219,76,213,124,168,142,143,202,176,233,254,137,258,200,256,254,194,245,195,271,193,267,240,241,243,290,241,265
597,221,76,212,125,167,143,143,201,176,234,253,136,257,200,256,254,195,254,192,271,191,269,240,250,255,286,247,269
598,221,75,212,125,168,143,143,200,176,233,254,137,258,200,257,255,195,246,196,268,194,266,242,240,258,280,252,276
599,219,76,213,124,169,142,143,201,176,234,253,135,257,199,256,254,196,215,191,224,192,245,239,211,243,207,226,247
600,220,75,213,124,169,142,143,200,176,234,253,136,258,200,256,254,196,249,197,269,193,268,243,243,258,284,257,276
601,219,75,212,124,169,142,143,201,175,234,253,135,257,198,256,254,192,240,200,286,181,245,236,242,240,286,247,271
602,219,75,212,124,168,143,143,201,175,233,254,136,258,200,256,254,197,261,195,275,193,274,240,262,254,257,249,273
603,219,76,212,124,169,142,143,200,175,233,253,135,257,198,257,254,195,219,187,230,189,246,241,213,244,208,251,273
604,220,76,212,125,169,142,143,200,175,234,253,136,257,199,256,253,194,217,188,232,189,246,241,213,244,207,251,272
605,220,77,212,125,168,142,143,200,176,234,253,135,257,197,256,253,196,210,180,249,191,244,240,203,242,206,248,230
606,220,75,212,124,167,143,142,201,174,233,253,136,257,200,256,255,193,250,192,272,187,267,238,247,254,287,243,267
607,219,76,212,125,168,143,143,200,176,235,254,136,257,199,256,254,194,217,179,249,192,245,240,215,247,210,232,246
608,220,76,212,124,169,141,142,201,174,233,252,136,258,200,256,255,192,249,191,271,190,268,239,245,256,286,243,268
609,218,75,212,124,168,144,142,200,174,233,253,136,257,199,257,255,193,244,196,271,192,266,239,240,258,281,252,278
610,218,76,212,124,168,143,142,201,173,233,253,136,258,201,257,254,192,241,191,267,191,266,242,231,246,285,245,269
611,218,76,212,124,167,143,142,201,173,233,253,136,258,201,256,255,195,257,193,274,192,268,241,253,243,297,246,275
612,218,76,212,124,169,142,142,200,174,233,252,136,257,199,257,254,195,236,196,278,190,250,243,227,258,274,250,276
613,219,75,211,124,168,142,142,200,174,233,253,136,257,199,256,254,195,239,201,288,191,261,243,232,255,281,251,275
614,219,76,212,125,168,143,142,200,173,233,253,135,257,197,256,254,195,208,181,247,188,245,240,203,243,205,251,273
615,219,75,212,124,168,143,142,200,172,233,253,137,257,199,256,254,192,243,200,288,192,259,241,239,257,280,253,275
616,218,75,212,124,168,143,141,201,173,233,253,136,257,200,256,255,200,260,198,273,202,270,244,258,238,304,257,255
617,219,74,212,123,169,143,142,200,171,232,252,136,257,199,257,254,193,232,201,266,193,251,242,227,257,276,243,263
618,219,76,211,124,168,143,141,201,171,234,252,135,257,198,256,254,195,221,187,237,198,247,242,213,245,207,243,246
619,219,75,211,124,169,142,141,201,170,234,251,135,257,198,256,254,196,214,188,255,195,250,241,206,251,275,231,243
620,217,76,211,125,168,143,142,202,170,234,253,136,257,198,255,254,194,212,182,252,191,254,240,208,252,277,224,250
621,219,75,212,124,168,144,141,201,170,233,252,135,257,200,256,254,196,221,188,244,201,254,241,215,254,272,235,249
622,218,76,211,124,169,143,142,201,166,234,252,136,257,199,256,254,198,253,195,275,198,269,242,254,239,305,258,254
623,218,75,211,124,169,140,142,200,165,234,251,135,257,197,256,253,198,246,195,271,197,297,240,245,256,283,202,307
624,217,76,211,125,168,143,141,201,164,233,252,135,257,200,256,255,195,255,192,278,192,271,239,254,236,304,254,255
625,217,76,211,125,167,144,142,199,163,235,251,135,257,197,256,254,194,233,195,266,195,247,241,221,251,284,253,275
626,216,76,210,125,167,143,143,199,164,235,252,137,257,198,257,254,195,233,194,255,194,245,241,222,249,213,256,275
627,216,76,211,125,168,142,142,200,161,232,252,137,257,199,256,255,194,250,189,274,191,294,240,253,236,303,256,253
628,216,75,210,124,168,143,143,200,159,230,252,136,258,201,256,255,194,255,191,277,190,275,237,257,236,305,255,255
629,215,76,210,125,167,144,144,199,158,231,251,135,257,199,256,254,196,237,195,275,194,293,241,231,256,279,250,278
630,215,76,210,124,167,143,144,198,156,228,251,136,257,198,256,256,194,220,190,258,191,251,240,215,249,213,237,250
631,216,75,210,124,166,144,145,198,154,226,251,136,257,200,256,255,195,232,191,255,194,246,242,222,249,283,251,272
632,215,75,210,124,167,144,145,197,154,227,251,135,257,197,255,256,194,213,192,271,195,245,240,203,245,271,245,273
633,213,74,209,123,167,144,146,198,153,225,251,136,257,201,256,255,195,258,190,275,191,274,238,261,236,305,255,255
634,213,75,208,124,166,143,146,198,152,225,251,134,256,199,255,255,195,221,188,258,190,255,241,215,243,268,239,252
635,213,74,208,123,166,146,146,198,150,225,250,135,256,198,255,255,193,235,188,256,191,253,241,224,248,213,242,247
636,211,75,208,123,166,145,146,198,150,223,250,135,256,199,255,255,194,254,185,270,187,272,236,258,254,254,254,258
637,210,74,208,122,166,144,146,198,151,226,250,135,256,198,255,255,192,215,186,254,186,256,241,214,243,208,235,251
638,211,73,208,122,165,145,148,196,149,225,251,136,257,200,256,254,195,256,194,280,184,267,237,255,249,252,254,253
639,209,73,208,122,164,146,148,198,148,228,250,135,257,198,256,253,233,266,247,256,159,237,233,260,243,269,242,270
640,208,72,206,121,164,146,149,196,146,225,249,135,257,196,257,251,197,263,190,282,188,281,238,261,258,251,250,268
641,207,72,206,121,164,145,149,195,147,224,249,134,258,198,258,251,192,241,184,256,183,260,239,244,261,269,253,272
642,206,72,205,121,164,146,149,195,146,223,248,134,258,197,258,251,197,265,189,279,245,267,240,262,209,307,256,251
643,205,72,204,121,163,148,150,196,143,224,248,135,258,197,258,250,198,263,190,278,153,232,240,261,258,249,257,251
644,204,71,204,121,163,147,149,196,143,222,248,133,258,197,258,250,195,263,202,302,247,267,241,263,259,252,255,251
645,204,71,204,121,164,146,150,195,142,223,247,134,259,196,259,248,193,257,204,301,244,260,239,257,209,303,248,259
646,202,72,203,121,162,148,150,195,142,221,247,134,258,196,258,247,194,257,206,302,249,261,241,257,258,251,258,267
647,201,70,202,120,162,147,150,197,143,221,246,133,258,194,257,244,190,262,205,308,241,262,237,264,208,308,256,245
648,199,69,203,119,162,145,151,195,141,223,247,134,257,194,256,242,196,261,201,306,244,260,239,261,210,308,254,243
649,198,71,201,120,162,146,149,198,142,219,246,133,257,194,255,238,191,254,194,292,242,254,239,255,241,298,244,250
650,184,71,195,119,158,140,156,196,145,206,239,131,250,195,206,187,196,253,203,328,200,372,245,241,247,305,234,336
651,184,69,195,117,157,141,155,195,144,200,239,131,250,194,205,186,194,232,201,285,195,354,245,233,244,290,246,267
652,182,69,194,117,158,141,138,197,146,199,240,132,249,195,203,185,194,249,201,323,189,366,244,238,244,307,229,337
653,184,70,194,118,157,141,142,194,147,199,239,132,250,194,204,184,195,230,200,290,199,354,243,227,245,289,223,350
654,184,70,194,118,157,140,149,191,139,200,238,132,249,195,204,184,195,234,199,293,192,354,242,230,243,291,227,350
655,183,70,193,117,156,142,148,192,139,200,239,132,249,195,203,183,196,228,198,287,186,345,242,226,242,291,224,352
656,182,70,193,118,158,140,137,196,138,202,239,132,249,194,203,182,192,246,198,305,190,367,243,237,242,300,240,354
657,182,70,193,118,157,140,146,190,143,198,238,131,250,194,203,182,192,234,200,295,194,358,242,230,244,294,224,368
658,181,70,193,118,157,139,144,188,137,200,238,131,249,194,203,183,193,234,200,291,198,357,243,228,243,292,219,359
659,182,71,193,118,156,140,140,192,137,200,237,131,250,194,203,182,192,239,200,297,199,358,243,232,245,293,257,356
660,181,70,193,118,156,141,147,193,140,199,238,131,249,194,203,182,193,247,199,308,201,365,243,236,241,302,236,363
661,0,0,0,0,0,0,0,0,0,0,0,0,0,0,0,0,0,0,0,0,0,0,0,0,0,0,0,0
662,182,70,193,117,157,140,144,189,141,197,237,131,249,194,202,181,192,239,196,297,191,356,242,230,243,292,222,355
663,181,70,193,118,157,140,143,188,133,202,237,130,249,193,202,182,192,238,199,297,195,355,242,230,245,290,228,353
664,180,70,192,117,158,140,145,185,157,193,238,131,249,193,202,182,197,234,199,291,199,358,243,227,243,292,217,356
665,181,69,192,117,156,141,146,189,135,203,236,131,249,193,202,181,191,245,199,320,191,365,242,235,245,299,235,354
666,182,70,193,117,157,140,144,186,134,201,237,130,249,193,203,182,191,250,201,324,206,327,242,241,248,288,203,328
667,180,70,193,117,157,139,143,188,162,194,237,131,250,193,204,183,194,254,199,334,191,372,244,243,245,303,226,343
668,180,69,193,117,157,140,143,190,139,198,237,130,250,193,203,182,193,246,196,313,191,367,242,234,245,294,264,349
669,179,70,193,118,158,138,142,185,162,193,237,130,250,192,204,183,192,241,200,295,200,360,243,233,244,294,219,361
670,180,70,193,118,157,141,145,189,135,201,237,130,250,192,203,183,192,241,201,290,184,344,243,233,246,288,258,350
671,180,70,193,117,158,139,140,189,143,197,237,130,250,191,204,183,191,247,197,317,195,365,243,238,245,298,233,354
672,181,70,193,117,157,140,139,189,134,201,237,130,250,192,202,183,193,235,198,297,191,364,241,230,244,292,260,353
673,182,70,193,118,157,142,134,194,138,197,238,130,250,191,202,183,192,249,198,294,137,183,243,236,246,297,246,295
674,183,69,193,117,157,141,139,191,157,200,237,130,251,191,203,182,194,238,199,298,193,359,242,233,244,297,257,355
675,181,69,193,117,158,140,135,194,146,193,237,129,250,190,201,182,194,249,199,322,195,366,242,238,245,305,231,336
676,183,69,193,117,156,141,139,191,152,192,237,130,250,190,203,182,193,240,201,314,193,359,241,235,246,297,232,347
677,183,69,193,117,156,141,135,194,149,193,237,129,250,190,203,182,192,241,200,313,185,359,241,233,243,300,231,350
678,183,70,194,117,158,140,144,190,149,196,236,129,250,190,202,182,192,244,203,305,198,322,241,233,246,294,248,315
679,184,69,194,117,157,140,145,190,148,199,236,129,250,189,203,182,191,241,202,313,173,341,241,232,246,294,238,316
680,182,70,194,117,157,140,140,188,134,197,237,129,249,190,203,184,193,240,201,312,167,356,241,232,245,296,232,327
681,182,70,194,117,158,140,139,189,155,190,237,128,251,190,204,183,193,246,199,289,173,193,240,238,197,291,197,292
682,181,69,193,117,159,139,138,191,148,195,238,129,250,190,203,184,192,243,247,298,167,199,241,234,245,292,247,291
683,183,70,194,117,158,139,146,187,144,196,237,129,250,189,203,184,192,237,201,300,161,342,240,231,242,294,227,307
684,183,70,194,117,158,139,141,191,153,196,237,129,250,189,203,184,192,244,250,299,140,186,240,235,246,295,249,297
685,182,70,193,117,156,142,140,192,137,200,237,128,250,190,202,184,192,243,199,289,138,184,241,233,245,289,248,295
686,182,69,193,117,157,140,144,186,134,201,237,129,250,190,202,185,193,241,197,283,140,186,240,235,243,284,221,184
687,182,69,194,117,159,138,144,187,139,197,236,129,249,190,202,185,193,242,200,292,142,183,241,234,246,292,236,284
688,181,70,193,117,158,139,141,189,135,201,237,130,249,192,202,185,194,243,195,287,140,187,240,237,245,288,247,294
689,181,70,193,117,159,139,145,188,134,202,236,130,248,192,201,185,192,239,200,293,138,188,240,233,244,292,242,291
690,182,69,193,117,158,140,146,188,135,200,236,130,247,191,201,185,192,243,197,291,144,189,240,235,244,283,252,287
691,181,69,193,117,158,140,143,192,141,199,237,130,247,192,200,185,193,243,195,286,189,290,239,237,245,284,196,292
692,181,69,193,117,158,141,150,195,137,201,237,130,246,192,199,186,192,245,196,290,143,188,241,238,242,284,204,169
693,180,68,193,116,158,140,151,193,138,201,238,130,246,192,197,186,189,245,143,197,142,188,239,240,241,289,237,261
694,180,69,193,116,159,140,154,192,147,199,238,130,245,192,197,186,190,239,153,197,142,185,240,237,246,285,248,290
695,180,68,192,116,157,143,151,196,147,205,237,130,245,192,195,186,192,244,142,207,143,189,240,239,203,187,214,185
696,180,68,192,116,158,139,151,188,143,197,237,131,245,192,196,187,189,233,147,196,204,187,240,236,245,285,197,284
697,180,68,192,116,157,141,149,190,133,209,237,131,245,193,196,188,191,237,189,275,139,227,240,237,245,285,198,285
698,179,68,191,116,158,141,148,189,143,199,237,131,245,192,194,189,192,240,197,285,142,185,241,237,245,285,198,286
699,179,69,192,116,157,142,144,190,136,206,237,131,244,191,194,190,192,243,194,285,140,191,240,238,195,286,196,285
700,179,69,192,116,158,141,145,190,132,208,236,129,244,192,192,192,193,241,204,301,145,210,240,235,245,296,249,320
701,179,68,192,116,157,142,141,191,128,208,237,130,243,191,190,194,193,242,193,280,137,197,240,236,196,285,198,285
702,177,69,192,116,158,141,141,193,128,211,236,129,241,191,188,196,191,243,195,283,137,195,243,239,244,288,197,288
703,178,68,191,116,158,141,138,195,122,215,235,130,240,192,186,196,193,245,193,285,135,197,241,238,241,282,201,292
704,177,67,190,115,157,143,138,195,121,212,236,130,239,192,184,199,192,245,201,326,202,325,242,237,242,309,252,319
705,176,68,189,116,157,143,135,196,114,219,235,129,234,191,179,203,193,241,200,310,186,359,243,231,243,300,201,359
706,176,68,188,116,155,144,133,197,113,221,234,130,232,191,176,205,194,240,199,294,203,361,243,229,244,291,227,363
707,175,67,188,115,155,145,132,196,112,222,233,129,230,191,173,208,193,241,200,303,202,364,242,231,246,296,244,348
708,174,68,187,116,153,144,130,198,109,225,232,129,228,191,169,210,193,242,201,301,206,364,243,232,245,295,256,358
709,173,69,187,117,153,145,129,199,108,229,232,128,226,191,167,211,195,244,197,309,180,332,243,232,246,296,225,362
710,173,67,186,116,153,146,129,198,105,229,231,128,224,191,166,213,194,240,200,297,201,361,242,227,247,291,256,356
711,172,69,186,117,152,146,128,200,104,232,230,128,221,191,164,215,196,240,204,301,208,364,242,228,245,292,261,357
712,170,69,185,117,152,146,129,200,103,234,229,128,219,191,162,217,199,241,203,300,199,361,244,228,244,296,257,359
713,170,68,184,117,151,146,127,201,100,236,228,128,218,191,160,218,197,242,205,302,207,364,245,229,247,294,260,358
714,169,69,183,117,151,146,127,201,100,238,228,128,216,192,159,220,197,222,202,291,201,355,241,216,245,290,223,356
715,168,70,182,117,151,146,126,202,99,240,227,128,215,192,158,221,197,241,203,300,200,372,245,228,245,295,220,363
716,168,70,183,118,150,147,127,201,97,243,226,127,214,191,157,222,197,252,199,287,203,326,247,239,248,290,205,323
717,168,70,182,118,150,148,125,203,97,243,226,128,213,191,156,223,198,243,210,301,209,359,245,227,248,292,255,357
718,166,71,181,118,150,147,125,202,97,244,226,128,211,192,156,223,195,235,207,294,214,357,243,217,249,286,264,351
719,166,70,180,118,149,149,125,204,96,246,225,126,211,192,154,225,200,249,206,291,206,355,248,226,246,290,257,353
720,165,71,181,119,149,148,125,204,96,248,225,127,210,191,154,224,199,236,203,288,197,354,246,223,245,288,257,352
721,165,72,180,119,149,148,126,205,96,249,225,127,210,192,153,226,198,245,205,294,199,353,248,228,247,291,258,354
722,164,73,181,120,149,147,125,205,97,250,224,127,210,191,152,227,198,246,207,291,201,354,247,228,247,288,259,352
723,164,73,180,120,149,149,127,205,97,250,223,127,209,192,153,227,195,244,205,310,193,366,246,228,246,298,260,354
724,163,73,180,120,148,149,127,205,98,252,224,127,209,192,154,227,196,244,205,302,194,355,246,227,247,293,260,352
725,163,73,180,120,149,149,128,206,97,252,223,128,208,192,153,229,198,247,205,293,199,326,249,235,247,296,256,359
726,163,75,180,121,149,149,127,206,98,253,222,127,209,192,154,229,199,226,204,290,207,356,243,217,244,290,228,355
727,162,73,180,120,149,148,127,207,98,253,223,128,208,193,153,230,198,239,207,297,211,359,246,223,246,292,261,356
728,162,76,180,122,149,148,127,206,96,254,223,127,209,193,153,229,200,234,205,289,202,355,247,224,244,290,221,356
729,162,75,178,121,148,150,127,207,95,254,223,128,208,193,152,229,200,252,210,285,207,299,249,231,245,288,240,316
730,162,75,179,122,148,150,127,206,95,255,223,128,208,193,153,229,197,232,205,292,203,353,245,216,246,287,257,352
731,161,76,179,122,148,150,127,206,95,255,223,128,207,194,151,229,199,230,204,291,205,356,248,222,246,290,247,355
732,162,76,179,123,147,150,127,206,95,255,222,127,207,193,152,229,198,219,205,288,208,354,241,210,245,289,229,355
733,160,76,179,122,148,149,127,206,94,255,222,128,206,194,150,230,197,233,205,289,209,355,244,216,246,288,230,356
734,162,76,179,123,148,150,126,207,94,256,221,128,207,192,151,229,198,237,205,296,201,358,246,223,246,291,258,354
735,161,77,179,123,147,150,127,206,94,255,222,128,206,193,151,229,198,244,207,298,197,352,248,227,248,291,260,351
736,161,76,179,123,146,150,127,206,94,255,222,128,205,194,150,229,198,230,202,290,205,354,247,221,243,291,228,356
737,161,78,179,123,148,149,127,206,93,257,223,129,206,193,151,229,197,245,210,300,193,366,249,229,249,292,261,353
738,160,75,178,121,147,148,126,207,95,254,221,129,206,193,150,230,196,240,209,298,215,359,248,225,248,290,264,353
739,162,76,179,122,148,148,126,206,93,255,222,128,206,193,149,230,196,232,206,293,210,356,242,217,245,289,241,355
740,162,77,179,122,148,148,126,206,95,255,223,128,207,192,152,229,200,232,203,291,203,358,246,223,243,292,222,357
741,162,76,180,122,148,148,126,206,93,255,223,128,207,193,152,229,195,240,203,299,202,358,245,224,245,293,257,354
742,162,75,180,122,148,147,126,205,94,255,223,128,207,193,152,229,197,241,205,298,191,355,247,228,246,291,258,354
743,163,74,179,120,148,148,128,205,94,255,223,128,209,193,155,229,196,237,205,299,201,358,246,227,245,294,258,354
744,164,72,180,120,148,147,127,206,94,255,223,128,211,192,156,230,196,245,206,305,196,358,246,232,245,297,258,357
745,164,73,180,120,148,147,129,203,98,254,224,128,212,193,157,229,196,229,205,294,213,357,243,220,246,290,261,355
746,165,73,180,120,147,147,129,205,97,256,224,129,214,193,159,230,195,223,204,291,213,357,242,219,247,289,235,360
747,164,71,179,118,148,147,130,204,97,255,225,129,216,194,162,230,198,237,204,293,200,357,244,227,244,292,259,354
748,165,70,180,118,147,147,130,205,98,255,225,128,219,193,165,229,196,234,202,295,200,360,243,227,245,289,259,355
749,166,70,180,118,148,146,131,205,94,257,225,129,222,194,171,231,187,216,200,288,206,359,239,216,245,288,223,352
750,167,69,180,117,147,147,131,205,98,255,226,129,226,194,176,230,194,235,205,294,199,358,242,230,245,292,261,356
751,166,69,180,117,147,147,132,205,98,256,226,129,230,194,181,231,185,221,202,287,197,346,242,223,246,287,255,347
752,166,69,180,117,147,147,131,206,98,256,226,128,234,194,186,231,190,237,213,279,110,251,244,240,244,283,200,308
753,168,68,181,117,147,147,133,205,100,256,226,128,238,194,191,231,185,215,197,279,191,331,229,208,244,272,247,270
754,168,68,181,116,147,147,133,205,99,256,226,129,243,193,198,230,187,229,199,282,244,241,242,241,246,283,245,244
