1,4,2,341,639,477,
2,4,2,341,639,477,
3,4,2,341,639,477,
4,4,2,341,639,477,
5,4,2,341,639,477,
6,4,2,341,639,477,
7,4,2,341,639,477,
8,4,2,341,639,477,
9,4,2,341,639,477,
10,4,2,341,639,477,
11,4,2,341,639,477,
12,4,2,341,639,477,
13,4,2,341,639,477,
14,4,2,341,639,477,
15,4,2,341,639,477,
16,4,2,341,639,477,
17,4,2,341,639,477,
18,4,2,341,639,477,
19,4,2,341,639,477,
20,4,2,341,639,477,
21,4,2,341,639,477,
22,4,2,341,639,477,
23,4,2,341,639,477,
24,4,2,341,639,477,
25,4,2,341,639,477,
26,4,2,341,639,477,
27,4,2,341,639,477,
28,4,2,341,639,477,
29,4,2,341,639,477,
30,4,2,341,639,477,
31,4,2,341,639,477,
32,4,2,341,639,477,
33,4,2,341,639,477,
34,4,2,341,639,477,
35,4,2,341,639,477,
36,4,2,341,639,477,
37,4,2,341,639,477,
38,4,2,341,639,477,
39,4,2,341,639,477,
40,4,2,341,639,477,
41,4,2,341,639,477,
42,4,2,341,639,477,
43,4,2,341,639,477,
44,4,2,341,639,477,
45,4,2,341,639,477,
46,4,2,341,639,477,
47,4,2,341,639,477,
48,4,2,341,639,477,
49,4,2,341,639,477,
50,4,2,341,639,477,
51,4,2,341,639,477,
52,4,2,341,639,477,
53,4,2,341,639,477,
54,4,2,341,639,477,
55,4,2,341,639,477,
56,4,2,341,639,477,
57,4,2,341,639,477,
58,4,2,341,639,477,
59,4,2,341,639,477,
60,4,2,341,639,477,
61,4,2,341,639,477,
62,4,2,341,639,477,
63,4,2,341,639,477,
64,4,2,341,639,477,
65,4,2,341,639,477,
66,4,2,341,639,477,
67,4,2,341,639,477,
68,4,2,341,639,477,
69,4,2,341,639,477,
70,4,2,341,639,477,
71,4,2,341,639,477,
72,4,2,341,639,477,
73,4,2,341,639,477,
74,4,2,341,639,477,
75,4,2,341,639,477,
76,4,2,341,639,477,
77,4,2,341,639,477,
78,4,2,341,639,477,
79,4,2,341,639,477,
80,4,2,341,639,477,
81,4,2,341,639,477,
82,4,2,341,639,477,
83,4,2,341,639,477,
84,4,2,341,639,477,
85,4,2,341,639,477,
86,4,2,341,639,477,
87,4,2,341,639,477,
88,4,2,341,639,477,
89,4,2,341,639,477,
90,4,2,341,639,477,
91,4,2,341,639,477,
92,4,2,341,639,477,
93,4,2,341,639,477,
94,4,2,341,639,477,
95,4,2,341,639,477,
96,4,2,341,639,477,
97,4,2,341,639,477,
98,4,2,341,639,477,
99,4,2,341,639,477,
100,4,2,341,639,477,
101,4,2,341,639,477,
102,4,2,341,639,477,
103,4,2,341,639,477,
104,4,2,341,639,477,
105,4,2,341,639,477,
106,4,2,341,639,477,
107,4,2,341,639,477,
108,4,2,341,639,477,
109,4,2,341,639,477,
110,4,2,341,639,477,
111,4,2,341,639,477,
112,4,2,341,639,477,
113,4,2,341,639,477,
114,4,2,341,639,477,
115,4,2,341,639,477,
116,4,2,341,639,477,
117,4,2,341,639,477,
118,4,2,341,639,477,
119,4,2,341,639,477,
120,4,2,341,639,477,
121,4,2,341,639,477,
122,4,2,341,639,477,
123,4,2,341,639,477,
124,4,2,341,639,477,
125,4,2,341,639,477,
126,4,2,341,639,477,
127,4,2,341,639,477,
128,4,2,341,639,477,
129,4,2,341,639,477,
130,4,2,341,639,477,
131,4,2,341,639,477,
132,4,2,341,639,477,
133,4,2,341,639,477,
134,4,2,341,639,477,
135,4,2,341,639,477,
136,4,2,341,639,477,
137,4,2,341,639,477,
138,4,2,341,639,477,
139,4,2,341,639,477,
140,4,2,341,639,477,
141,4,2,341,639,477,
142,4,2,341,639,477,
143,4,2,341,639,477,
144,4,2,341,639,477,
145,4,2,341,639,477,
146,4,2,341,639,477,
147,4,2,341,639,477,
148,4,2,341,639,477,
149,4,2,341,639,477,
150,4,2,341,639,477,
151,4,2,341,639,477,
152,4,2,341,639,477,
153,4,2,341,639,477,
154,4,2,341,639,477,
155,4,2,341,639,477,
156,4,2,341,639,477,
157,4,2,341,639,477,
158,4,2,341,639,477,
159,4,2,341,639,477,
160,4,2,341,639,477,
161,4,2,341,639,477,
162,4,2,341,639,477,
163,4,2,341,639,477,
164,4,2,341,639,477,
165,4,2,341,639,477,
166,4,2,341,639,477,
167,4,2,341,639,477,
168,4,2,341,639,477,
169,4,2,341,639,477,
170,4,2,341,639,477,
171,4,2,341,639,477,
172,4,2,341,639,477,
173,4,2,341,639,477,
174,4,2,341,639,477,
175,4,2,341,639,477,
176,4,2,341,639,477,
177,4,2,341,639,477,
178,4,2,341,639,477,
179,4,2,341,639,477,
180,4,2,341,639,477,
181,4,2,341,639,477,
182,4,2,341,639,477,
183,4,2,341,639,477,
184,4,2,341,639,477,
185,4,2,341,639,477,
186,4,2,341,639,477,
187,4,2,341,639,477,
188,4,2,341,639,477,
189,4,2,341,639,477,
190,4,2,341,639,477,
191,4,2,341,639,477,
192,4,2,341,639,477,
193,4,2,341,639,477,
194,4,2,341,639,477,
195,4,2,341,639,477,
196,4,2,341,639,477,
197,4,2,341,639,477,
198,4,2,341,639,477,
199,4,2,341,639,477,
200,4,2,341,639,477,
201,4,2,341,639,477,
202,4,2,341,639,477,
203,4,2,341,639,477,
204,4,2,341,639,477,
205,4,2,341,639,477,
206,4,2,341,639,477,
207,4,2,341,639,477,
208,4,2,341,639,477,
209,4,2,341,639,477,
210,4,2,341,639,477,
211,4,2,341,639,477,
212,4,2,341,639,477,
213,4,2,341,639,477,
214,4,2,341,639,477,
215,4,2,341,639,477,
216,4,2,341,639,477,
217,4,2,341,639,477,
218,4,2,341,639,477,
219,4,2,341,639,477,
220,4,2,341,639,477,
221,4,2,341,639,477,
222,4,2,341,639,477,
223,4,2,341,639,477,
224,4,2,341,639,477,
225,4,2,341,639,477,
226,4,2,341,639,477,
227,4,2,341,639,477,
228,4,2,341,639,477,
229,4,2,341,639,477,
230,4,2,341,639,477,
231,4,2,341,639,477,
232,4,2,341,639,477,
233,4,2,341,639,477,
234,4,2,341,639,477,
235,4,2,341,639,477,
236,4,2,341,639,477,
237,4,2,341,639,477,
238,4,2,341,639,477,
239,4,2,341,639,477,
240,4,2,341,639,477,
241,4,2,341,639,477,
242,4,2,341,639,477,
243,4,2,341,639,477,
244,4,2,341,639,477,
245,4,2,341,639,477,
246,4,2,341,639,477,
247,4,2,341,639,477,
248,4,2,341,639,477,
249,4,2,341,639,477,
250,4,2,341,639,477,
251,4,2,341,639,477,
252,4,2,341,639,477,
253,4,2,341,639,477,
254,4,2,341,639,477,
255,4,2,341,639,477,
256,4,2,341,639,477,
257,4,2,341,639,477,
258,4,2,341,639,477,
259,4,2,341,639,477,
260,4,2,341,639,477,
261,4,2,341,639,477,
262,4,2,341,639,477,
263,4,2,341,639,477,
264,4,2,341,639,477,
265,4,2,341,639,477,
266,4,2,341,639,477,
267,4,2,341,639,477,
268,4,2,341,639,477,
269,4,2,341,639,477,
270,4,2,341,639,477,
271,4,2,341,639,477,
272,4,2,341,639,477,
273,4,2,341,639,477,
274,4,2,341,639,477,
275,4,2,341,639,477,
276,4,2,341,639,477,
277,4,2,341,639,477,
278,4,2,341,639,477,
279,4,2,341,639,477,
280,4,2,341,639,477,
281,4,2,341,639,477,
282,4,2,341,639,477,
283,4,2,341,639,477,
284,4,2,341,639,477,
285,4,2,341,639,477,
286,4,2,341,639,477,
287,4,2,341,639,477,
288,4,2,341,639,477,
289,4,2,341,639,477,
290,4,2,341,639,477,
291,4,2,341,639,477,
292,4,2,341,639,477,
293,4,2,341,639,477,
294,4,2,341,639,477,
295,4,2,341,639,477,
296,4,2,341,639,477,
297,4,2,341,639,477,
298,4,2,341,639,477,
299,4,2,341,639,477,
300,4,2,341,639,477,
301,4,2,341,639,477,
302,4,2,341,639,477,
303,4,2,341,639,477,
304,4,2,341,639,477,
305,4,2,341,639,477,
306,4,2,341,639,477,
307,4,2,341,639,477,
308,4,2,341,639,477,
309,4,2,341,639,477,
310,4,2,341,639,477,
311,4,2,341,639,477,
312,4,2,341,639,477,
313,4,2,341,639,477,
314,4,2,341,639,477,
315,4,2,341,639,477,
316,4,2,341,639,477,
317,4,2,341,639,477,
318,4,2,341,639,477,
319,4,2,341,639,477,
320,4,2,341,639,477,
321,4,2,341,639,477,
322,4,2,341,639,477,
323,4,2,341,639,477,
324,4,2,341,639,477,
325,4,2,341,639,477,
326,4,2,341,639,477,
327,4,2,341,639,477,
328,4,2,341,639,477,
329,4,2,341,639,477,
330,4,2,341,639,477,
331,4,2,341,639,477,
332,4,2,341,639,477,
333,4,2,341,639,477,
334,4,2,341,639,477,
335,4,2,341,639,477,
336,4,2,341,639,477,
337,4,2,341,639,477,
338,4,2,341,639,477,
339,4,2,341,639,477,
340,4,2,341,639,477,
341,4,2,341,639,477,
342,4,2,341,639,477,
343,4,2,341,639,477,
344,4,2,341,639,477,
345,4,2,341,639,477,
346,4,2,341,639,477,
347,4,2,341,639,477,
348,4,2,341,639,477,
349,4,2,341,639,477,
350,4,2,341,639,477,
351,4,2,341,639,477,
352,4,2,341,639,477,
353,4,2,341,639,477,
354,4,2,341,639,477,
355,4,2,341,639,477,
356,4,2,341,639,477,
357,4,2,341,639,477,
358,4,2,341,639,477,
359,4,2,341,639,477,
360,4,2,341,639,477,
361,4,2,341,639,477,
362,4,2,341,639,477,
363,4,2,341,639,477,
364,4,2,341,639,477,
365,4,2,341,639,477,
366,4,2,341,639,477,
367,4,2,341,639,477,
368,4,2,341,639,477,
369,4,2,341,639,477,
370,4,2,341,639,477,
371,4,2,341,639,477,
372,4,2,341,639,477,
373,4,2,341,639,477,
374,4,2,341,639,477,
375,4,2,341,639,477,
376,4,2,341,639,477,
377,4,2,341,639,477,
378,4,2,341,639,477,
379,4,2,341,639,477,
380,4,2,341,639,477,
381,4,2,341,639,477,
382,4,2,341,639,477,
383,4,2,341,639,477,
384,4,2,341,639,477,
385,4,2,341,639,477,
386,4,2,341,639,477,
387,4,2,341,639,477,
388,4,2,341,639,477,
389,4,2,341,639,477,
390,4,2,341,639,477,
391,4,2,341,639,477,
392,4,2,341,639,477,
393,4,2,341,639,477,
394,4,2,341,639,477,
395,4,2,341,639,477,
396,4,2,341,639,477,
397,4,2,341,639,477,
398,4,2,341,639,477,
399,4,2,341,639,477,
400,4,2,341,639,477,
401,4,2,341,639,477,
402,4,2,341,639,477,
403,4,2,341,639,477,
404,4,2,341,639,477,
405,4,2,341,639,477,
406,4,2,341,639,477,
407,4,2,341,639,477,
408,4,2,341,639,477,
409,4,2,341,639,477,
410,4,2,341,639,477,
411,4,2,341,639,477,
412,4,2,341,639,477,
413,4,2,341,639,477,
414,4,2,341,639,477,
415,4,2,341,639,477,
416,4,2,341,639,477,
417,4,2,341,639,477,
418,4,2,341,639,477,
419,4,2,341,639,477,
420,4,2,341,639,477,
421,4,2,341,639,477,
422,4,2,341,639,477,
423,4,2,341,639,477,
424,4,2,341,639,477,
425,4,2,341,639,477,
426,4,2,341,639,477,
427,4,2,341,639,477,
428,4,2,341,639,477,
429,4,2,341,639,477,
430,4,2,341,639,477,
431,4,2,341,639,477,
432,4,2,341,639,477,
433,4,2,341,639,477,
434,4,2,341,639,477,
435,4,2,341,639,477,
436,4,2,341,639,477,
437,4,2,341,639,477,
438,4,2,341,639,477,
439,4,2,341,639,477,
440,4,2,341,639,477,
441,4,2,341,639,477,
442,4,2,341,639,477,
443,4,2,341,639,477,
444,4,2,341,639,477,
445,4,2,341,639,477,
446,4,2,341,639,477,
447,4,2,341,639,477,
448,4,2,341,639,477,
449,4,2,341,639,477,
450,4,2,341,639,477,
451,4,2,341,639,477,
452,4,2,341,639,477,
453,4,2,341,639,477,
454,4,2,341,639,477,
455,4,2,341,639,477,
456,4,2,341,639,477,
457,4,2,341,639,477,
458,4,2,341,639,477,
459,4,2,341,639,477,
460,4,2,341,639,477,
461,4,2,341,639,477,
462,4,2,341,639,477,
463,4,2,341,639,477,
464,4,2,341,639,477,
465,4,2,341,639,477,
466,4,2,341,639,477,
467,4,2,341,639,477,
468,4,2,341,639,477,
469,4,2,341,639,477,
470,4,2,341,639,477,
471,4,2,341,639,477,
472,4,2,341,639,477,
473,4,2,341,639,477,
474,4,2,341,639,477,
475,4,2,341,639,477,
476,4,2,341,639,477,
477,4,2,341,639,477,
478,4,2,341,639,477,
479,4,2,341,639,477,
480,4,2,341,639,477,
481,4,2,341,639,477,
482,4,2,341,639,477,
483,4,2,341,639,477,
484,4,2,341,639,477,
485,4,2,341,639,477,
486,4,2,341,639,477,
487,4,2,341,639,477,
488,4,2,341,639,477,
489,4,2,341,639,477,
490,4,2,341,639,477,
491,4,2,341,639,477,
492,4,2,341,639,477,
493,4,2,341,639,477,
494,4,2,341,639,477,
495,4,2,341,639,477,
496,4,2,341,639,477,
497,4,2,341,639,477,
498,4,2,341,639,477,
499,4,2,341,639,477,
500,4,2,341,639,477,
501,4,2,341,639,477,
502,4,2,341,639,477,
503,4,2,341,639,477,
504,4,2,341,639,477,
505,4,2,341,639,477,
506,4,2,341,639,477,
507,4,2,341,639,477,
508,4,2,341,639,477,
509,4,2,341,639,477,
510,4,2,341,639,477,
511,4,2,341,639,477,
512,4,2,341,639,477,
513,4,2,341,639,477,
514,4,2,341,639,477,
515,4,2,341,639,477,
516,4,2,341,639,477,
517,4,2,341,639,477,
518,4,2,341,639,477,
519,4,2,341,639,477,
520,4,2,341,639,477,
521,4,2,341,639,477,
522,4,2,341,639,477,
523,4,2,341,639,477,
524,4,2,341,639,477,
525,4,2,341,639,477,
526,4,2,341,639,477,
527,4,2,341,639,477,
528,4,2,341,639,477,
529,4,2,341,639,477,
530,4,2,341,639,477,
531,4,2,341,639,477,
532,4,2,341,639,477,
533,4,2,341,639,477,
534,4,2,341,639,477,
535,4,2,341,639,477,
536,4,2,341,639,477,
537,4,2,341,639,477,
538,4,2,341,639,477,
539,4,2,341,639,477,
540,4,2,341,639,477,
541,4,2,341,639,477,
542,4,2,341,639,477,
543,4,2,341,639,477,
544,4,2,341,639,477,
545,4,2,341,639,477,
546,4,2,341,639,477,
547,4,2,341,639,477,
548,4,2,341,639,477,
549,4,2,341,639,477,
550,4,2,341,639,477,
551,4,2,341,639,477,
552,4,2,341,639,477,
553,4,2,341,639,477,
554,4,2,341,639,477,
555,4,2,341,639,477,
556,4,2,341,639,477,
557,4,2,341,639,477,
558,4,2,341,639,477,
559,4,2,341,639,477,
560,4,2,341,639,477,
561,4,2,341,639,477,
562,4,2,341,639,477,
563,4,2,341,639,477,
564,4,2,341,639,477,
565,4,2,341,639,477,
566,4,2,341,639,477,
567,4,2,341,639,477,
568,4,2,341,639,477,
569,4,2,341,639,477,
570,4,2,341,639,477,
571,4,2,341,639,477,
572,4,2,341,639,477,
573,4,2,341,639,477,
574,4,2,341,639,477,
575,4,2,341,639,477,
576,4,2,341,639,477,
577,4,2,341,639,477,
578,4,2,341,639,477,
579,4,2,341,639,477,
580,4,2,341,639,477,
581,4,2,341,639,477,
582,4,2,341,639,477,
583,4,2,341,639,477,
584,4,2,341,639,477,
585,4,2,341,639,477,
586,4,2,341,639,477,
587,4,2,341,639,477,
588,4,2,341,639,477,
589,4,2,341,639,477,
590,4,2,341,639,477,
591,4,2,341,639,477,
592,4,2,341,639,477,
593,4,2,341,639,477,
594,4,2,341,639,477,
595,4,2,341,639,477,
596,4,2,341,639,477,
597,4,2,341,639,477,
598,4,2,341,639,477,
599,4,2,341,639,477,
600,4,2,341,639,477,
601,4,2,341,639,477,
602,4,2,341,639,477,
603,4,2,341,639,477,
604,4,2,341,639,477,
605,4,2,341,639,477,
606,4,2,341,639,477,
607,4,2,341,639,477,
608,4,2,341,639,477,
609,4,2,341,639,477,
610,4,2,341,639,477,
611,4,2,341,639,477,
612,4,2,341,639,477,
613,4,2,341,639,477,
614,4,2,341,639,477,
615,4,2,341,639,477,
616,4,2,341,639,477,
617,4,2,341,639,477,
618,4,2,341,639,477,
619,4,2,341,639,477,
620,4,2,341,639,477,
621,4,2,341,639,477,
622,4,2,341,639,477,
623,4,2,341,639,477,
624,4,2,341,639,477,
625,4,2,341,639,477,
626,4,2,341,639,477,
627,4,2,341,639,477,
628,4,2,341,639,477,
629,4,2,341,639,477,
630,4,2,341,639,477,
631,4,2,341,639,477,
632,4,2,341,639,477,
633,4,2,341,639,477,
634,4,2,341,639,477,
635,4,2,341,639,477,
636,4,2,341,639,477,
637,4,2,341,639,477,
638,4,2,341,639,477,
639,4,2,341,639,477,
640,4,2,341,639,477,
641,4,2,341,639,477,
642,4,2,341,639,477,
643,4,2,341,639,477,
644,4,2,341,639,477,
645,4,2,341,639,477,
646,4,2,341,639,477,
647,4,2,341,639,477,
648,4,2,341,639,477,
649,4,2,341,639,477,
650,4,2,341,639,477,
651,4,2,341,639,477,
652,4,2,341,639,477,
653,4,2,341,639,477,
654,4,2,341,639,477,
655,4,2,341,639,477,
656,4,2,341,639,477,
657,4,2,341,639,477,
658,4,2,341,639,477,
659,4,2,341,639,477,
660,4,2,341,639,477,
661,4,2,341,639,477,
662,4,2,341,639,477,
663,4,2,341,639,477,
664,4,2,341,639,477,
665,4,2,341,639,477,
666,4,2,341,639,477,
667,4,2,341,639,477,
668,4,2,341,639,477,
669,4,2,341,639,477,
670,4,2,341,639,477,
671,4,2,341,639,477,
672,4,2,341,639,477,
673,4,2,341,639,477,
674,4,2,341,639,477,
675,4,2,341,639,477,
676,4,2,341,639,477,
677,4,2,341,639,477,
678,4,2,341,639,477,
679,4,2,341,639,477,
680,4,2,341,639,477,
681,4,2,341,639,477,
682,4,2,341,639,477,
683,4,2,341,639,477,
684,4,2,341,639,477,
685,4,2,341,639,477,
686,4,2,341,639,477,
687,4,2,341,639,477,
688,4,2,341,639,477,
689,4,2,341,639,477,
690,4,2,341,639,477,
691,4,2,341,639,477,
692,4,2,341,639,477,
693,4,2,341,639,477,
694,4,2,341,639,477,
695,4,2,341,639,477,
696,4,2,341,639,477,
697,4,2,341,639,477,
698,4,2,341,639,477,
699,4,2,341,639,477,
700,4,2,341,639,477,
701,4,2,341,639,477,
702,4,2,341,639,477,
703,4,2,341,639,477,
704,4,2,341,639,477,
705,4,2,341,639,477,
706,4,2,341,639,477,
707,4,2,341,639,477,
708,4,2,341,639,477,
709,4,2,341,639,477,
710,4,2,341,639,477,
711,4,2,341,639,477,
712,4,2,341,639,477,
713,4,2,341,639,477,
714,4,2,341,639,477,
715,4,2,341,639,477,
716,4,2,341,639,477,
717,4,2,341,639,477,
718,4,2,341,639,477,
719,4,2,341,639,477,
720,4,2,341,639,477,
721,4,2,341,639,477,
722,4,2,341,639,477,
723,4,2,341,639,477,
724,4,2,341,639,477,
725,4,2,341,639,477,
726,4,2,341,639,477,
727,4,2,341,639,477,
728,4,2,341,639,477,
729,4,2,341,639,477,
730,4,2,341,639,477,
731,4,2,341,639,477,
732,4,2,341,639,477,
733,4,2,341,639,477,
734,4,2,341,639,477,
735,4,2,341,639,477,
736,4,2,341,639,477,
737,4,2,341,639,477,
738,4,2,341,639,477,
739,4,2,341,639,477,
740,4,2,341,639,477,
741,4,2,341,639,477,
742,4,2,341,639,477,
743,4,2,341,639,477,
744,4,2,341,639,477,
745,4,2,341,639,477,
746,4,2,341,639,477,
747,4,2,341,639,477,
748,4,2,341,639,477,
749,4,2,341,639,477,
750,4,2,341,639,477,
751,4,2,341,639,477,
752,4,2,341,639,477,
753,4,2,341,639,477,
754,4,2,341,639,477,
