1,269,51,266,102,224,129,217,184,216,236,305,135,310,191,310,241,245,226,234,283,227,345,287,224,291,291,287,353
2,269,51,266,101,222,130,217,184,216,236,304,134,308,189,310,241,245,228,232,284,229,343,286,225,298,294,249,336
3,269,52,266,101,223,130,217,183,216,236,306,137,310,192,310,242,245,227,232,285,231,345,288,224,291,272,263,323
4,270,52,265,101,223,129,216,185,216,236,305,135,309,191,311,242,244,227,233,282,231,341,288,223,287,282,259,314
5,269,51,266,101,223,129,217,184,215,236,305,135,308,188,310,241,245,228,233,283,229,342,286,226,296,296,277,311
6,269,52,266,101,222,130,216,185,216,236,304,134,309,189,310,242,245,227,234,287,226,352,288,224,292,299,289,367
7,269,51,266,100,222,130,216,184,216,236,305,135,308,189,310,242,245,227,233,286,229,351,287,225,292,299,292,366
8,269,51,266,101,222,130,216,186,215,236,303,133,308,188,310,241,245,227,233,283,229,348,286,225,291,299,288,365
9,269,52,266,101,223,129,216,183,215,236,304,134,309,190,309,241,244,225,233,284,231,342,288,222,289,291,263,322
10,269,51,266,101,222,129,216,185,215,236,304,134,308,188,309,241,244,227,233,285,230,351,286,224,291,300,288,365
11,269,52,266,101,223,129,216,184,215,236,304,134,309,190,310,243,244,225,232,285,230,344,287,222,291,273,263,319
12,269,52,266,100,221,130,216,185,216,236,303,133,308,188,309,241,244,228,232,288,229,356,286,226,291,301,289,366
13,269,51,266,101,221,130,216,186,216,237,304,135,308,188,309,241,245,226,233,286,230,356,287,224,291,297,292,365
14,269,51,266,101,222,129,216,185,215,236,304,134,308,187,309,241,244,227,233,286,228,344,286,224,292,301,292,364
15,269,51,266,101,222,129,216,185,215,236,304,135,307,186,309,240,244,226,233,282,228,345,287,222,296,292,295,364
16,269,52,266,101,222,130,216,185,215,236,303,134,308,187,309,242,244,225,233,284,225,347,287,222,292,294,292,357
17,270,52,265,102,222,130,216,185,215,237,304,135,308,187,309,241,244,225,232,281,229,344,287,221,296,295,284,314
18,270,52,265,102,222,129,215,184,215,236,305,136,308,191,310,240,244,226,232,282,227,343,287,224,291,277,231,336
19,270,52,266,102,222,130,216,185,215,236,304,134,308,187,309,242,244,227,232,288,231,354,287,223,292,298,291,366
20,270,52,266,103,223,129,216,185,215,237,304,135,308,187,309,241,244,225,232,283,228,344,287,221,294,291,283,313
21,270,52,266,102,221,130,216,185,215,236,303,134,308,190,310,241,244,226,232,286,226,352,287,222,295,297,294,367
22,270,53,265,104,221,130,216,185,215,236,303,135,308,188,310,240,244,226,234,282,229,348,286,223,291,297,289,365
23,270,53,266,103,222,129,216,182,215,236,304,136,308,189,311,239,243,226,231,288,225,353,287,223,295,298,287,359
24,0,0,0,0,0,0,0,0,0,0,0,0,0,0,0,0,0,0,0,0,0,0,0,0,0,0,0,0
25,271,54,266,104,221,130,215,185,215,235,303,136,309,187,315,239,244,226,232,285,227,350,287,223,291,295,284,359
26,271,54,266,105,221,130,215,184,215,235,303,136,310,188,316,237,244,227,232,285,230,348,286,225,288,297,283,355
27,272,54,266,104,222,129,214,183,214,235,303,136,311,187,319,235,244,227,231,286,224,351,286,224,292,294,287,358
28,272,54,266,105,222,129,214,182,214,235,302,135,312,186,321,233,243,224,232,283,226,346,286,222,289,293,282,353
29,273,54,266,105,222,130,215,183,214,235,303,136,314,186,322,230,243,224,232,280,225,349,286,222,286,292,278,356
30,274,54,266,105,221,130,214,184,213,234,303,135,313,185,323,227,243,225,231,281,225,347,286,223,289,294,282,357
31,274,54,266,104,222,129,213,182,213,234,303,134,315,186,323,225,243,226,230,283,223,347,285,225,288,293,283,356
32,275,54,267,104,222,128,214,182,213,234,304,135,316,184,323,224,243,224,230,286,224,350,285,224,288,296,284,357
33,275,54,267,104,222,129,214,182,213,234,305,136,316,184,323,223,242,225,229,288,224,349,285,224,286,295,283,354
34,276,54,267,105,222,128,215,181,213,233,305,137,317,184,323,223,241,224,228,292,222,356,285,224,287,299,284,361
35,276,55,268,105,222,128,215,181,212,233,305,136,317,184,322,224,241,225,228,292,227,365,285,225,287,299,290,365
36,277,55,267,106,222,129,214,182,211,232,305,135,317,186,322,225,241,223,228,293,222,358,285,223,288,299,288,360
37,277,55,267,105,222,127,213,182,211,233,305,135,317,187,323,225,241,223,227,294,225,360,284,223,290,298,295,360
38,277,55,268,106,223,126,213,182,211,231,304,135,317,186,322,227,241,224,228,294,225,360,283,224,289,302,297,360
39,278,54,268,105,222,127,213,180,210,232,303,133,316,183,321,228,241,222,227,294,225,358,282,221,286,300,288,358
40,278,55,268,105,222,127,213,181,210,231,305,135,315,186,320,229,241,224,227,296,225,360,283,224,287,302,286,360
41,278,55,268,105,221,128,213,181,210,231,305,136,315,185,320,228,241,226,227,295,224,363,282,226,287,299,292,363
42,278,54,268,105,221,128,213,181,209,231,304,135,315,185,320,229,240,225,227,294,225,358,282,226,284,300,287,366
43,278,55,268,105,221,128,213,181,209,231,305,136,315,186,320,231,240,224,227,295,225,365,283,226,283,302,287,365
44,279,55,268,106,222,126,213,179,209,231,305,135,315,187,320,232,240,223,226,298,223,359,282,224,284,303,279,359
45,279,56,268,106,222,127,213,180,209,230,304,135,315,185,320,231,240,224,227,297,223,361,281,225,282,304,280,361
46,279,55,268,105,223,126,213,180,209,230,305,136,315,186,319,232,240,225,226,295,225,360,281,225,282,299,287,360
47,279,56,269,106,223,126,214,178,208,230,306,137,316,189,320,234,240,223,225,295,222,363,282,223,288,294,292,363
48,279,55,268,105,222,126,213,180,208,231,305,136,315,188,319,235,239,224,227,297,226,367,282,224,283,302,282,367
49,280,55,269,105,222,127,213,179,208,230,305,137,315,187,319,234,239,225,226,296,221,364,281,225,285,303,288,364
50,279,55,268,106,223,126,213,179,209,230,305,136,315,188,321,235,239,224,226,297,228,366,283,224,285,302,287,366
51,279,55,269,105,222,127,213,180,208,230,306,137,314,186,319,233,239,225,227,295,223,364,281,225,285,300,292,364
52,280,56,268,106,222,126,212,179,209,230,305,135,314,186,320,231,239,222,225,298,223,359,281,223,284,304,284,359
53,279,55,268,106,223,126,212,180,210,229,305,135,315,185,319,229,239,222,226,297,222,359,281,223,280,304,276,359
54,279,56,268,106,224,126,213,180,210,229,305,135,315,187,318,228,240,223,226,295,222,361,280,224,282,303,284,361
55,279,55,268,106,222,126,212,180,211,228,305,135,315,186,317,224,239,222,226,290,222,360,281,223,287,273,265,317
56,278,56,268,105,222,127,212,178,213,227,306,135,315,185,316,221,240,223,226,291,220,347,280,224,288,303,271,316
57,278,55,268,105,221,127,212,178,215,225,305,135,316,186,316,220,238,221,226,293,224,355,281,222,286,271,240,343
58,277,54,268,105,222,127,212,179,217,222,306,136,315,184,315,218,240,221,227,291,223,357,279,224,283,298,285,359
59,278,54,268,105,222,126,213,179,220,222,304,134,314,183,316,214,241,220,227,293,224,354,282,221,280,298,283,357
60,277,55,268,106,222,127,213,179,225,221,304,135,314,182,316,213,242,220,227,289,221,351,282,221,280,294,280,355
61,276,55,267,106,220,128,213,178,228,216,305,135,314,182,314,213,240,218,226,290,223,352,282,220,281,294,284,354
62,276,53,267,104,221,127,213,179,233,213,304,133,314,181,314,211,241,218,226,291,226,358,281,220,281,298,287,365
63,275,55,266,105,221,127,213,178,236,209,304,134,313,182,314,209,239,222,227,289,226,350,279,224,285,290,286,353
64,274,55,266,105,222,127,213,179,242,205,303,132,313,180,314,207,239,223,226,291,226,356,275,226,284,294,290,356
65,273,53,265,104,221,128,214,179,244,201,303,133,312,178,313,203,240,225,227,290,226,349,276,228,286,299,292,365
66,272,53,265,104,222,127,215,178,248,198,303,133,313,179,313,203,240,226,226,288,219,344,275,230,286,295,289,364
67,272,52,265,103,221,127,217,178,252,195,304,133,313,177,313,200,241,226,227,285,219,345,276,228,283,290,284,353
68,271,53,265,104,221,128,218,178,256,194,303,131,313,177,314,197,242,226,227,284,217,345,279,228,284,293,284,353
69,271,53,265,104,221,128,221,179,258,193,303,132,312,177,313,197,243,225,226,287,220,349,284,228,282,296,283,355
70,270,53,265,104,222,127,221,179,259,192,302,132,311,176,313,195,243,226,227,284,219,345,281,228,283,290,286,351
71,269,52,264,104,221,128,220,178,261,192,302,131,311,175,312,195,243,225,229,278,217,339,281,227,284,288,283,349
72,269,53,264,103,221,127,220,179,262,191,302,132,310,175,312,194,242,225,228,285,219,350,282,229,283,292,281,354
73,269,52,264,104,221,127,220,178,262,192,302,131,310,173,311,194,243,226,229,280,216,340,278,227,284,288,285,351
74,270,52,264,103,221,127,221,178,263,192,301,131,310,174,312,195,243,225,229,284,219,344,279,226,285,290,286,349
75,270,52,264,103,223,126,221,178,262,191,302,132,311,175,311,196,242,226,229,286,220,349,277,228,285,292,283,354
76,270,52,264,103,221,127,221,177,263,191,301,132,311,174,312,199,242,224,228,286,218,349,281,227,284,294,285,355
77,270,52,264,102,221,126,221,175,262,190,302,133,311,175,312,196,242,224,229,283,220,345,279,226,284,290,284,351
78,269,53,264,104,222,125,220,176,262,188,301,132,312,173,312,195,242,226,227,287,219,347,280,228,283,295,285,356
79,269,53,263,104,221,126,220,176,262,187,301,131,312,174,313,194,241,227,227,287,222,345,278,230,283,294,285,355
80,268,53,264,104,221,126,220,175,262,187,301,131,313,174,313,193,242,226,227,287,220,345,279,229,283,296,286,356
81,269,53,263,104,222,125,220,173,261,187,301,131,312,174,313,193,241,226,227,289,223,347,279,229,284,296,287,355
82,269,53,263,104,221,125,220,174,260,187,301,131,313,174,313,193,241,227,226,292,224,348,281,230,283,299,285,365
83,268,52,264,103,222,124,220,173,260,188,301,131,313,175,313,194,242,227,226,290,222,349,281,230,283,298,286,356
84,268,53,264,104,222,124,219,173,261,188,301,131,313,175,313,193,242,227,227,287,221,345,280,231,283,296,287,356
85,269,53,264,103,222,124,219,172,259,189,301,132,314,173,313,193,242,226,226,289,218,350,281,229,283,297,284,354
86,268,53,264,104,222,124,219,173,260,189,301,132,314,174,313,192,241,226,226,290,223,350,280,228,283,296,283,356
87,268,53,264,104,222,124,218,173,260,190,301,132,314,173,314,191,242,227,226,290,221,352,282,229,283,295,283,354
88,270,52,263,102,221,126,218,175,259,190,301,132,315,174,314,190,241,225,227,289,216,351,280,228,283,296,282,355
89,269,52,263,103,220,126,219,176,261,192,301,131,315,172,315,188,241,224,227,284,218,347,280,226,283,293,279,354
90,269,53,263,103,220,126,219,176,260,192,301,131,314,169,314,186,241,225,227,285,219,348,279,226,283,291,280,352
91,269,53,264,103,222,125,218,176,259,191,301,131,314,169,313,186,241,225,226,287,215,351,281,226,283,290,282,352
92,269,52,264,104,222,126,219,177,259,192,302,130,314,169,313,188,240,226,227,284,219,346,280,227,283,290,282,350
93,268,53,264,104,221,126,221,178,258,192,302,131,314,171,312,189,241,226,228,281,220,341,281,227,282,287,277,348
94,269,53,264,103,221,126,220,177,258,192,302,131,314,169,310,193,241,225,226,287,215,348,284,225,283,290,282,352
95,269,53,263,103,222,126,222,178,257,190,302,131,313,172,309,195,241,223,227,286,219,347,283,223,282,292,283,352
96,269,53,264,103,222,126,222,178,257,191,301,131,313,173,308,195,242,223,228,283,214,347,284,224,282,292,281,352
97,269,52,263,103,222,126,222,179,255,190,301,131,312,173,309,196,241,223,227,289,222,348,287,224,282,294,284,353
98,269,53,263,102,222,125,221,179,255,190,301,131,312,173,306,199,242,223,226,288,217,349,286,225,282,294,282,354
99,270,53,263,104,221,126,221,178,254,191,302,132,312,173,308,196,241,225,227,289,220,348,287,227,281,297,284,356
100,270,53,263,103,222,124,220,178,254,191,301,131,312,174,305,198,241,222,227,288,219,350,288,224,282,293,287,355
101,269,53,263,104,222,124,219,178,254,193,302,132,312,172,307,197,241,225,226,288,220,351,288,226,281,296,283,355
102,270,52,264,104,222,124,219,177,255,193,302,132,313,172,307,198,241,226,226,289,217,349,287,228,281,298,280,357
103,270,54,264,104,222,124,219,176,258,195,301,130,314,174,305,198,242,225,226,288,215,360,288,228,282,294,278,360
104,270,53,264,103,222,123,219,177,258,196,303,132,314,176,303,200,242,226,226,291,217,359,288,228,282,298,277,359
105,271,54,264,104,222,124,219,177,258,196,301,129,313,174,304,198,242,225,226,288,215,360,287,228,282,296,279,360
106,271,54,264,104,223,123,220,177,257,197,302,131,314,177,303,200,242,225,226,287,215,348,287,229,282,298,279,363
107,272,53,265,104,222,124,220,178,258,197,303,131,313,176,303,201,242,227,227,281,217,340,287,230,282,295,279,351
108,271,54,265,104,223,125,221,178,258,199,304,133,313,174,303,201,242,225,227,286,216,346,287,230,282,299,274,361
109,272,55,266,105,222,125,220,178,259,199,303,133,313,176,305,201,241,227,226,289,219,347,287,231,280,299,279,364
110,272,54,265,105,223,124,219,179,259,200,303,132,313,175,306,202,241,228,226,290,219,349,286,231,282,298,284,356
111,272,54,266,105,224,123,220,178,257,201,303,132,313,176,305,202,242,226,226,291,224,347,287,231,281,298,284,356
112,274,54,266,104,224,123,219,179,258,202,304,133,313,174,306,200,242,226,227,288,222,348,290,229,283,296,284,354
113,275,54,266,105,224,123,218,178,257,201,304,133,314,178,305,203,243,226,226,287,220,346,286,229,281,297,283,356
114,275,55,267,106,223,124,218,178,258,200,304,134,314,176,306,201,241,225,226,288,217,353,286,229,283,296,281,355
115,276,54,267,106,224,123,217,177,257,198,305,134,315,177,306,201,242,226,227,288,221,347,287,230,283,296,281,354
116,276,55,267,106,226,122,217,178,257,200,305,134,315,178,306,202,242,226,226,288,220,345,286,229,282,293,282,351
117,276,54,268,106,226,123,217,178,256,200,305,134,315,178,306,202,242,225,226,289,220,346,286,228,283,295,284,355
118,277,56,268,107,225,123,216,177,254,200,307,136,315,178,307,201,242,224,227,284,216,347,286,227,282,295,277,363
119,277,55,269,106,225,123,215,175,253,199,306,135,315,178,309,201,242,222,226,286,215,348,286,224,281,297,273,362
120,278,56,269,106,225,124,213,174,251,197,305,134,315,176,309,201,242,221,228,283,219,344,286,224,282,288,278,350
121,279,56,269,106,225,123,213,173,251,197,306,134,315,177,308,202,241,222,226,288,217,359,286,226,282,297,277,359
122,279,55,269,106,225,124,213,175,251,197,305,134,315,179,308,202,241,223,226,290,217,359,286,226,282,297,280,359
123,279,54,269,105,225,124,211,175,250,196,305,133,314,179,309,202,241,225,226,292,217,358,285,227,280,297,275,358
124,280,53,269,104,225,124,211,174,247,194,306,134,315,179,307,204,241,226,226,291,218,358,285,228,281,296,276,358
125,280,55,270,105,225,124,210,174,246,192,306,136,313,179,307,202,241,228,227,284,220,357,282,230,282,293,277,357
126,281,54,270,104,226,123,210,176,244,190,305,135,312,177,307,203,239,229,225,293,218,356,284,232,281,299,277,356
127,281,55,270,105,226,124,210,175,242,189,305,135,312,178,308,201,240,224,228,284,221,352,282,229,283,294,277,352
128,281,55,270,105,226,123,211,176,242,189,305,135,310,177,308,202,240,226,228,284,223,352,281,227,284,291,277,352
129,281,54,270,104,226,123,212,176,244,189,305,135,309,176,308,199,240,225,227,287,221,358,282,225,283,293,277,358
130,282,54,270,104,225,123,213,178,248,189,305,136,310,178,307,204,241,227,227,285,221,358,283,227,283,292,276,358
131,281,55,269,105,224,125,216,179,252,189,304,135,309,178,309,204,242,225,227,285,220,344,285,225,283,288,280,350
132,280,55,269,104,225,125,217,178,256,189,305,136,310,179,308,205,242,226,227,283,218,343,283,226,282,291,277,361
133,280,55,269,105,225,125,219,179,258,189,305,135,310,177,306,203,242,225,228,281,217,339,283,226,283,287,278,346
134,280,54,269,104,226,125,219,179,259,189,305,135,311,178,306,201,241,227,227,284,219,343,283,226,283,290,281,352
135,280,55,268,105,225,125,219,180,260,189,305,135,312,178,306,202,241,227,227,286,220,346,283,226,283,288,280,352
136,279,56,268,106,225,125,219,180,262,190,304,134,312,177,307,202,242,226,228,282,218,341,282,227,283,288,278,348
137,278,54,269,105,224,125,219,180,260,191,304,134,311,176,309,202,242,227,227,285,218,346,282,228,284,290,281,350
138,278,54,268,105,224,126,219,180,261,194,303,133,311,176,308,202,241,227,227,287,217,359,284,226,283,296,272,359
139,279,53,268,103,224,126,218,179,259,195,304,134,311,176,307,200,242,227,228,284,218,343,281,227,283,294,274,361
140,278,54,269,104,224,126,217,180,257,197,304,134,310,177,308,199,241,227,228,287,220,346,284,226,283,294,277,360
141,280,54,269,104,224,126,216,181,254,195,304,134,310,177,310,201,241,226,227,289,221,346,282,226,283,295,286,355
142,279,55,268,104,225,126,214,180,251,196,305,135,311,177,305,200,241,227,227,286,214,347,284,225,283,292,279,355
143,280,55,269,104,224,126,213,180,248,195,304,135,311,176,306,199,241,228,228,286,219,344,282,227,283,294,273,361
144,280,55,268,105,225,125,213,179,245,194,304,135,310,177,308,199,241,225,229,284,222,345,280,225,283,288,276,359
145,280,55,268,105,223,126,212,178,244,193,303,134,310,177,308,199,241,228,229,286,223,342,280,227,284,293,277,359
146,280,55,268,105,224,124,212,178,246,191,304,135,310,178,308,201,239,229,228,287,221,358,282,228,283,294,275,358
147,280,55,268,104,223,125,212,179,248,190,304,136,310,179,308,202,240,229,228,286,222,343,280,228,284,286,282,345
148,279,54,268,104,224,124,213,179,251,189,304,135,310,179,308,203,241,226,228,284,220,344,282,225,283,287,281,349
149,279,55,267,105,223,126,214,179,252,189,303,134,309,179,308,203,242,226,228,284,220,345,283,226,283,289,281,351
150,279,55,267,105,223,126,217,178,256,189,303,135,309,177,307,203,242,226,228,282,217,345,282,225,283,289,277,354
151,278,54,267,104,223,126,218,179,259,190,303,135,310,177,307,202,241,228,227,287,216,361,282,228,283,293,278,361
152,278,54,267,104,223,127,219,181,261,190,303,134,310,177,307,200,241,227,227,283,221,344,282,228,283,291,277,360
153,278,54,267,105,223,126,219,181,260,190,303,134,309,178,308,203,240,228,226,288,221,358,281,227,282,288,276,358
154,277,55,267,105,223,126,219,180,260,192,304,135,310,178,307,203,241,227,227,283,219,342,280,227,283,288,276,359
155,278,55,267,106,224,126,218,180,260,192,303,134,310,178,306,202,241,227,228,281,220,343,280,227,283,288,280,349
156,278,54,268,105,223,126,218,180,260,192,303,134,310,179,308,203,240,227,227,288,219,359,280,228,283,294,276,359
157,278,54,268,105,223,125,218,180,257,193,304,135,310,179,308,203,241,227,227,288,218,359,281,226,283,294,278,359
158,278,55,268,105,223,126,217,180,257,194,304,135,309,179,308,204,240,226,227,287,219,360,281,227,283,295,280,360
159,279,54,268,104,222,127,217,179,257,194,303,134,309,177,307,203,241,225,227,286,219,345,282,225,284,292,281,353
160,278,54,268,104,222,126,217,179,256,196,304,135,310,179,308,203,241,225,228,288,221,360,281,225,283,294,278,360
161,279,54,268,103,223,125,217,179,255,196,303,135,309,180,307,205,241,225,228,286,220,344,281,225,283,296,274,361
162,279,55,268,105,224,125,217,179,255,197,304,135,310,181,306,207,242,226,227,288,220,360,281,227,283,296,276,360
163,280,55,269,104,224,125,217,178,254,199,304,137,310,182,306,209,242,225,228,283,217,341,281,226,283,294,277,354
164,280,55,269,105,224,125,217,179,254,200,303,134,310,182,306,212,241,225,227,289,221,350,280,226,281,296,284,355
165,281,55,269,105,225,126,218,178,252,202,304,136,311,183,307,214,241,224,227,289,222,349,281,226,283,296,278,355
166,281,56,270,105,225,126,219,178,252,203,305,137,310,185,307,215,240,224,227,285,218,346,282,226,283,298,280,354
167,283,56,271,106,225,125,220,180,251,205,305,138,310,187,308,217,241,223,226,291,218,354,283,226,281,299,276,356
168,284,56,271,106,226,125,221,179,251,209,306,138,310,188,307,217,241,223,227,291,221,350,282,227,283,300,282,357
169,286,56,273,105,227,125,223,180,250,211,307,141,310,190,306,217,240,223,228,283,217,347,278,228,284,296,283,354
170,289,57,274,106,227,125,224,181,248,213,308,143,310,193,306,220,238,226,226,290,223,350,276,230,284,296,287,356
171,294,60,277,108,230,123,225,182,249,219,310,146,310,195,308,229,238,226,224,295,224,365,279,234,277,305,280,365
172,297,61,279,109,231,123,226,183,250,221,310,147,310,197,308,232,237,227,223,296,226,365,283,237,276,307,289,365
173,300,63,280,110,232,122,227,182,249,223,310,147,309,197,308,234,236,226,224,292,221,365,282,236,275,304,286,365
174,301,64,281,111,233,122,228,183,250,225,311,147,310,196,309,234,235,220,225,289,223,350,282,230,273,306,258,307
175,303,66,282,112,234,122,229,184,251,227,311,148,310,197,310,238,235,219,226,287,223,351,280,224,279,286,268,353
176,305,66,284,113,235,122,228,182,252,230,312,150,311,200,310,240,236,219,225,288,222,351,281,225,278,293,267,353
177,307,68,284,114,235,124,229,182,252,233,312,151,311,203,311,243,236,219,226,288,224,352,281,223,279,292,266,352
178,308,70,285,115,236,124,230,184,252,235,312,151,311,201,312,238,236,219,225,290,224,354,280,223,275,295,267,353
179,310,74,285,119,236,125,232,187,252,238,314,153,312,202,313,241,235,218,226,286,222,353,280,224,276,292,266,352
180,313,76,286,120,236,125,233,187,252,240,314,155,312,204,314,243,234,216,226,285,223,352,278,222,277,283,270,348
181,315,76,287,121,237,125,233,187,252,243,313,155,312,204,314,244,235,217,226,284,219,352,278,223,278,279,271,349
182,316,82,288,124,238,126,234,188,252,244,314,156,312,206,314,243,234,216,225,284,220,352,277,222,280,280,270,349
183,319,84,288,125,239,126,234,188,253,246,314,157,313,209,315,245,236,216,227,271,220,346,278,223,278,284,268,347
184,321,84,290,125,238,129,234,190,253,248,315,159,312,211,314,245,235,215,227,265,214,334,278,224,278,283,265,348
185,322,87,290,128,239,128,234,191,253,251,315,162,313,210,314,241,235,217,227,272,219,348,277,225,278,286,267,351
186,323,90,290,129,240,129,235,194,254,252,315,162,312,212,314,245,236,216,227,268,217,341,277,224,278,283,269,348
187,323,90,290,130,240,130,235,195,254,254,316,163,312,211,313,246,235,217,227,267,216,336,278,224,278,285,267,346
188,324,92,291,131,241,131,235,196,254,254,316,164,312,213,314,251,235,215,227,263,218,324,277,224,277,282,266,340
189,325,93,291,131,241,131,236,198,254,255,316,163,310,212,314,249,235,216,227,266,215,327,277,225,278,284,266,343
190,325,95,291,133,240,133,236,198,254,256,316,164,310,213,313,251,236,216,226,266,214,330,276,225,277,286,265,346
191,325,96,290,133,241,132,237,196,254,257,316,163,310,211,312,249,237,214,226,267,213,336,277,223,276,289,262,350
192,325,96,290,133,241,132,236,197,254,258,316,162,310,211,312,250,237,213,226,264,216,325,276,223,274,284,263,346
193,324,96,290,134,241,132,235,195,254,257,316,163,310,210,313,253,238,213,226,263,214,323,277,221,274,281,259,343
194,323,96,288,134,240,133,236,198,254,256,315,160,309,210,312,252,235,219,227,271,209,342,277,225,275,287,260,350
195,323,93,289,131,239,133,235,197,254,254,315,161,309,209,313,251,235,218,225,281,213,352,277,225,270,291,261,354
196,322,92,289,131,239,131,235,196,254,253,315,162,309,209,312,251,236,217,226,273,214,349,277,224,269,290,259,352
197,320,92,286,131,236,132,236,196,254,252,315,159,309,209,313,253,236,215,226,270,212,343,276,221,277,282,264,349
198,317,91,285,131,236,132,235,196,255,254,314,157,309,206,312,252,235,219,226,278,216,354,276,225,273,286,263,355
199,316,88,285,128,235,132,235,196,255,252,314,155,309,206,313,253,235,218,226,270,216,346,277,226,269,288,260,349
200,313,86,283,128,233,133,234,194,255,250,314,155,309,206,312,251,235,218,225,273,214,345,277,225,271,287,258,348
201,311,84,282,126,232,132,234,195,255,253,313,154,309,203,312,251,235,218,225,278,217,355,277,226,272,291,262,355
202,307,82,281,125,232,133,233,195,255,251,312,152,309,202,312,250,235,219,225,288,222,359,277,226,270,293,263,360
203,294,76,273,123,226,134,229,195,251,251,309,147,308,199,309,244,237,216,227,269,218,347,276,221,277,281,265,350
204,291,72,272,120,224,133,226,194,248,249,308,146,307,197,308,242,236,219,226,279,218,352,275,223,274,285,264,353
205,288,71,270,120,223,134,224,194,246,250,307,146,305,195,307,240,239,218,225,276,222,350,274,221,276,279,268,351
206,285,69,268,119,221,132,222,195,243,251,306,144,306,193,307,237,240,220,227,279,229,350,275,221,275,281,270,351
207,282,64,267,114,220,132,220,193,240,249,304,141,304,191,305,236,239,222,228,281,231,350,274,223,278,281,273,351
208,279,62,265,113,219,132,216,191,236,247,304,140,303,189,306,231,240,220,226,280,229,349,274,221,276,283,270,350
209,276,58,264,109,217,132,214,193,233,249,301,140,302,190,305,231,238,218,226,277,230,346,273,218,277,280,270,346
210,273,57,263,107,216,132,212,191,230,249,301,140,302,189,306,228,238,218,222,277,225,346,274,219,276,278,268,348
211,270,54,261,105,215,131,211,191,226,249,300,138,301,187,304,227,236,220,220,284,225,351,274,221,276,283,270,351
212,267,54,260,104,214,130,209,190,223,248,299,138,300,187,305,225,235,220,223,279,228,348,272,221,278,274,270,347
213,264,53,258,103,213,131,208,190,221,247,297,136,300,186,305,223,235,220,224,282,228,349,271,221,277,277,270,349
214,262,52,256,103,212,129,205,190,219,246,296,135,300,186,306,222,233,220,227,286,233,352,271,221,276,284,274,348
215,260,51,254,101,211,130,205,190,217,245,294,134,300,184,305,220,234,218,225,284,229,352,270,219,276,280,272,349
216,258,51,253,101,208,131,203,190,215,246,294,134,301,185,306,220,233,220,222,284,228,353,271,221,276,283,274,351
217,256,51,252,102,208,131,203,190,214,245,293,134,301,183,307,219,231,223,222,288,227,350,270,224,276,281,272,344
218,254,49,251,100,207,131,202,189,213,245,291,131,302,184,306,218,230,221,219,289,220,354,270,222,275,282,269,351
219,253,49,250,100,208,130,202,189,212,244,291,131,302,181,307,218,230,221,219,288,220,353,269,222,275,283,271,350
220,253,49,250,100,204,132,202,189,212,243,291,131,303,181,309,218,230,224,222,287,222,353,270,225,276,284,273,351
221,252,49,249,99,205,131,201,190,211,243,290,129,304,182,309,218,229,221,222,283,226,350,270,224,275,284,274,349
222,251,50,248,99,203,133,201,189,210,243,289,129,304,180,311,218,228,220,224,284,229,355,269,223,275,283,262,256
223,251,49,248,99,203,132,201,188,210,243,289,130,306,181,312,218,228,221,221,281,233,249,269,224,275,284,272,350
224,250,48,248,98,201,133,201,189,209,243,288,129,307,182,313,218,228,223,220,282,233,252,269,226,274,283,262,255
225,250,49,247,99,202,132,200,187,209,242,288,128,308,181,313,219,227,223,220,281,234,251,269,226,274,282,272,348
226,251,49,247,99,202,132,200,186,207,242,288,129,308,182,314,222,228,223,219,281,235,252,268,225,274,284,265,254
227,251,48,247,98,202,131,199,187,207,241,287,128,308,182,315,224,226,221,219,283,224,351,268,222,274,282,264,253
228,252,48,247,98,202,130,197,187,205,240,286,129,308,182,315,228,227,222,220,282,221,349,268,224,273,282,264,254
229,0,0,0,0,0,0,0,0,0,0,0,0,0,0,0,0,0,0,0,0,0,0,0,0,0,0,0,0
230,253,49,248,100,202,130,199,184,204,238,288,131,308,186,315,234,226,223,220,283,220,349,268,225,274,283,271,349
231,254,49,249,99,202,129,198,183,204,237,288,130,307,185,316,236,225,221,219,280,233,250,267,222,273,281,261,251
232,256,49,249,99,202,128,196,184,203,236,287,130,307,187,316,238,226,219,219,280,221,350,267,219,274,282,264,253
233,0,0,0,0,0,0,0,0,0,0,0,0,0,0,0,0,0,0,0,0,0,0,0,0,0,0,0,0
234,258,51,250,100,203,127,196,181,202,235,288,132,304,186,316,244,226,222,219,280,224,351,266,225,273,284,269,349
235,259,51,251,101,203,127,196,182,202,234,289,133,304,188,316,248,225,221,218,283,216,354,266,221,273,283,273,351
236,260,51,252,101,205,126,197,180,201,231,289,133,304,187,315,244,225,221,216,281,220,352,267,222,271,280,268,351
237,261,52,252,101,204,126,197,181,200,231,288,134,303,189,316,247,225,223,216,282,220,350,266,224,271,282,267,348
238,262,51,253,101,204,125,197,178,199,230,290,136,302,190,315,244,224,221,216,281,217,349,266,225,271,284,270,348
239,264,52,253,101,204,125,196,180,200,230,290,136,303,191,315,250,225,223,214,286,215,356,266,226,271,289,269,353
240,265,52,253,102,206,124,197,178,199,230,290,136,302,190,315,248,223,219,216,279,231,246,266,221,271,282,262,246
241,266,52,254,101,205,124,197,179,198,230,291,137,302,191,315,249,224,221,215,282,220,354,266,223,270,285,269,351
242,267,54,254,103,206,123,197,177,198,230,291,136,303,190,315,250,222,221,213,290,227,251,266,224,270,280,260,247
243,266,53,255,101,207,124,197,177,199,229,290,135,303,191,315,251,224,223,214,291,216,357,264,226,271,285,270,350
244,267,53,254,102,205,124,196,179,197,229,291,135,303,192,315,251,223,224,215,286,217,353,265,227,270,281,268,348
245,266,52,254,101,205,124,196,180,197,229,291,136,304,193,315,250,223,224,215,287,215,352,265,227,270,284,270,346
246,266,51,254,100,206,123,196,179,197,231,291,136,303,189,315,245,223,223,215,286,219,355,265,226,270,283,258,253
247,265,51,253,100,205,124,196,179,197,231,291,135,304,190,315,243,222,221,215,288,230,252,266,225,270,281,259,247
248,263,51,253,101,205,124,196,181,197,232,290,134,304,191,315,246,223,224,215,284,232,252,265,226,270,282,260,251
249,258,49,250,99,203,125,195,180,197,233,288,131,305,188,315,241,222,222,215,281,231,250,265,225,270,281,259,250
250,256,48,250,98,203,126,194,181,196,233,287,131,306,187,315,237,221,221,214,283,219,351,265,226,270,283,267,348
251,255,48,248,99,202,126,194,181,197,234,287,130,304,187,315,236,222,222,216,282,218,348,264,224,270,282,267,345
252,253,48,248,98,203,126,194,181,196,235,287,130,304,186,314,232,221,223,216,282,221,350,264,226,269,282,270,348
253,251,47,246,98,201,125,193,181,197,235,286,129,302,184,313,230,221,222,215,284,224,353,264,226,270,286,272,350
254,250,47,245,98,201,125,194,182,196,236,285,129,300,183,312,226,220,222,216,282,233,253,265,227,269,282,260,267
255,246,46,243,97,199,126,193,182,196,236,284,129,296,182,309,220,219,224,215,282,227,251,263,227,269,285,261,266
256,243,45,240,95,197,127,191,184,195,237,283,129,292,174,299,196,217,222,216,283,212,352,263,224,269,278,221,261
257,243,45,241,95,197,127,192,183,194,237,283,129,293,170,297,189,218,223,216,287,210,352,264,226,269,278,258,260
258,242,45,240,96,196,128,191,183,193,238,282,128,294,168,296,183,217,225,216,282,213,356,264,227,269,280,256,252
259,242,45,240,95,197,127,191,183,193,238,281,126,296,165,295,174,218,224,215,288,227,253,264,226,269,278,256,258
260,244,46,240,97,196,129,190,182,189,237,278,123,298,179,284,158,219,228,215,292,208,358,263,228,269,287,255,265
261,245,46,240,95,197,127,190,183,188,238,275,124,300,176,282,150,218,227,213,292,223,257,264,227,269,280,257,260
262,246,45,240,96,199,126,190,181,188,238,276,123,298,174,279,144,217,226,215,293,222,254,263,227,270,284,253,263
263,247,45,239,96,199,126,190,180,187,237,272,117,296,172,277,134,217,226,214,294,211,349,263,226,270,285,259,264
264,248,46,239,96,199,126,189,180,186,238,272,116,295,170,274,127,217,227,215,296,212,348,262,225,270,283,259,264
265,248,47,239,96,199,127,190,181,185,239,272,114,293,167,273,124,218,227,213,295,211,347,263,225,270,282,280,347
266,248,46,239,95,198,127,188,181,185,239,272,117,293,167,272,121,217,226,214,301,204,346,262,224,270,285,262,317
267,247,45,239,96,198,127,188,181,184,237,275,119,293,164,272,119,217,227,215,291,227,253,262,225,269,282,259,265
268,245,45,241,96,197,127,188,182,183,237,276,120,293,164,291,164,217,227,213,291,209,350,263,225,269,286,257,266
269,245,45,241,95,198,126,188,182,183,238,277,119,290,162,298,167,217,228,215,296,210,346,263,225,270,285,263,315
270,245,45,241,96,198,126,187,181,183,237,276,119,293,160,290,165,216,226,213,284,209,349,264,225,269,283,257,265
271,244,44,242,96,197,127,187,184,182,238,277,118,293,161,288,164,217,227,214,290,209,350,264,226,269,286,254,265
272,245,46,241,97,197,128,188,181,182,238,277,119,292,160,288,165,218,227,214,292,210,349,263,225,270,283,257,265
273,245,45,240,96,198,127,188,183,182,239,276,118,291,159,289,164,217,227,214,288,211,348,263,226,270,282,258,264
274,245,46,240,97,197,127,188,184,181,239,275,118,292,160,288,164,217,226,214,288,210,348,263,225,269,284,254,263
275,244,45,240,96,197,128,188,182,181,239,276,118,292,160,289,163,217,227,216,290,211,344,263,224,269,280,259,260
276,244,46,239,97,197,127,188,184,181,240,274,117,292,160,289,164,217,226,214,290,208,348,263,224,270,284,255,264
277,243,45,238,97,197,127,188,183,181,241,276,119,293,161,289,164,217,226,214,290,210,348,263,224,269,281,259,264
278,243,45,237,96,197,127,188,184,180,241,273,119,293,164,271,115,217,226,213,286,209,350,262,223,269,283,259,265
279,242,45,236,94,197,128,188,184,181,241,270,118,295,165,270,117,217,228,216,294,213,344,263,225,270,282,277,344
280,242,45,234,96,196,129,186,186,181,242,267,114,297,167,271,121,216,226,213,284,208,349,263,225,270,283,262,253
281,240,45,234,96,194,130,187,186,181,242,268,116,299,170,273,130,217,227,213,284,209,349,263,225,269,283,263,253
282,238,45,234,95,195,129,186,185,181,244,271,121,298,171,274,136,217,227,215,288,209,352,263,225,269,280,263,257
283,236,45,234,96,195,130,187,185,180,242,273,120,300,172,279,150,216,225,213,287,209,356,262,224,269,282,262,252
284,235,45,234,95,194,130,185,188,181,244,274,123,305,174,281,160,217,227,215,290,213,359,262,226,269,284,257,267
285,233,45,233,95,193,131,185,188,180,244,273,121,296,159,290,168,216,228,215,287,231,257,263,227,270,282,259,255
286,0,0,0,0,0,0,0,0,0,0,0,0,0,0,0,0,0,0,0,0,0,0,0,0,0,0,0,0
287,0,0,0,0,0,0,0,0,0,0,0,0,0,0,0,0,0,0,0,0,0,0,0,0,0,0,0,0
288,0,0,0,0,0,0,0,0,0,0,0,0,0,0,0,0,0,0,0,0,0,0,0,0,0,0,0,0
289,229,45,231,96,195,131,185,188,180,247,273,122,287,170,289,203,217,228,215,290,222,354,261,226,269,282,270,347
290,228,46,231,96,193,133,185,189,180,247,273,122,286,170,288,210,218,226,215,287,223,357,262,223,270,280,268,350
291,227,46,231,96,192,133,185,189,180,246,273,121,284,172,288,213,218,227,215,289,220,354,260,223,270,282,268,349
292,227,46,230,95,193,133,186,188,180,247,272,121,283,172,288,216,219,224,215,287,217,352,260,222,269,284,264,350
293,226,47,230,96,193,133,185,188,180,248,272,121,283,173,287,218,220,226,215,291,221,352,260,223,270,283,267,346
294,222,47,227,98,193,134,186,190,180,251,270,119,282,171,287,219,219,227,214,286,216,349,260,225,270,284,269,344
295,221,47,227,97,192,134,186,189,180,250,269,119,282,171,287,218,218,226,214,287,217,351,260,223,270,284,270,346
296,222,47,226,97,193,133,185,190,180,252,269,119,281,171,288,218,219,225,215,290,220,353,260,221,270,282,267,347
297,222,48,227,97,191,135,184,192,180,250,269,119,281,170,287,217,219,224,214,289,219,353,260,222,270,284,268,349
298,221,47,226,97,192,133,185,190,180,250,269,118,282,172,288,218,220,224,215,291,217,352,260,223,270,286,266,349
299,220,48,227,98,192,134,186,189,179,250,268,118,282,171,289,217,219,225,214,284,216,349,260,222,269,284,268,346
300,220,48,226,99,192,134,185,190,179,251,268,118,282,171,289,217,219,223,216,287,220,352,260,220,270,278,267,346
301,220,48,226,98,193,133,185,189,179,250,267,118,282,171,289,217,219,224,215,284,215,350,260,222,270,283,268,346
302,220,48,226,99,192,135,185,189,178,249,267,118,281,171,289,218,219,225,215,285,221,352,261,221,270,283,268,348
303,220,48,226,98,192,134,185,189,179,251,267,117,282,171,290,217,219,224,215,285,215,349,261,221,270,283,268,344
304,220,48,226,98,193,133,185,188,179,249,267,118,282,171,289,216,219,225,214,281,215,349,261,222,270,281,266,347
305,220,48,225,98,190,136,184,191,180,250,268,118,282,172,288,218,219,225,214,291,218,354,260,223,270,287,268,349
306,220,47,226,99,192,134,185,190,179,249,267,118,282,172,289,217,219,224,214,285,218,352,260,221,270,282,266,348
307,220,47,226,98,191,135,184,189,179,247,267,118,282,172,289,218,218,225,215,290,217,354,259,221,270,282,268,349
308,221,47,225,98,192,134,184,188,179,246,268,119,281,172,288,218,219,227,216,295,220,355,261,222,270,286,269,351
309,221,47,225,97,191,135,182,189,179,243,268,118,281,172,287,218,218,224,216,293,218,355,260,221,270,287,267,350
310,222,47,227,98,191,134,182,190,179,240,268,119,282,173,287,220,218,223,217,294,217,352,260,222,270,285,267,348
311,222,47,226,97,191,134,179,188,179,237,268,119,282,173,288,219,218,226,218,295,216,353,259,221,270,282,239,260
312,223,47,227,98,191,134,180,188,179,233,269,120,281,172,287,220,217,225,215,295,215,355,259,222,269,289,267,351
313,224,47,227,97,191,132,178,185,180,231,270,121,281,175,287,220,218,224,211,291,210,353,259,222,270,287,266,352
314,225,46,228,96,189,133,178,184,179,222,269,120,282,175,288,222,219,221,211,294,208,352,259,220,270,282,265,348
315,225,46,227,97,190,132,176,182,179,215,271,122,282,174,288,222,219,227,211,299,207,358,259,222,270,286,269,353
316,226,46,228,97,189,132,174,180,178,208,271,122,283,176,288,223,219,227,209,296,206,354,259,224,270,282,267,350
317,227,47,228,97,190,130,172,179,178,202,271,122,283,176,288,224,219,228,210,294,205,354,258,225,270,283,266,350
318,227,46,229,97,190,129,170,179,179,196,272,122,283,175,287,224,218,228,211,297,209,354,258,226,269,289,267,352
319,226,46,229,97,190,129,166,177,180,188,273,123,284,178,288,225,218,224,210,292,207,354,258,222,269,281,268,351
320,226,46,229,97,191,127,163,180,180,182,273,123,284,178,288,224,217,224,210,292,206,360,258,223,270,282,246,262
321,227,46,230,97,192,125,163,180,184,174,273,123,284,178,288,225,216,224,210,292,211,358,258,223,269,285,224,266
322,226,46,230,97,192,126,163,180,184,167,273,123,284,178,288,225,217,224,210,292,208,360,259,223,269,282,257,255
323,228,47,229,97,190,126,165,179,185,161,274,123,285,178,287,226,216,225,210,291,204,350,259,225,269,282,246,261
324,227,48,230,98,193,124,167,178,185,155,274,123,285,178,287,226,216,226,210,291,210,353,259,226,268,285,269,351
325,227,46,230,98,192,124,171,179,188,147,274,123,285,179,288,227,216,226,210,290,212,352,259,226,268,284,266,350
326,227,48,230,99,192,123,174,180,188,143,273,122,285,177,287,227,216,223,211,289,211,353,258,224,268,279,271,343
327,227,48,231,98,194,122,175,179,191,136,273,122,286,176,288,226,215,225,210,289,209,357,258,225,268,284,273,357
328,226,47,231,97,194,122,179,178,192,133,275,123,286,178,289,227,215,225,210,291,209,355,258,225,268,281,274,355
329,226,47,231,97,192,122,178,177,194,128,275,123,286,178,290,227,215,224,210,294,210,350,259,225,268,285,223,266
330,226,47,231,98,192,121,180,176,195,128,275,123,286,178,290,227,215,224,210,293,210,350,259,225,268,285,244,267
331,224,48,232,98,195,119,180,177,196,127,275,122,286,177,291,227,215,224,210,293,210,348,259,224,268,282,262,251
332,225,47,232,97,192,120,184,174,196,126,274,123,287,176,290,227,216,224,210,300,202,343,259,225,267,297,262,331
333,225,46,232,97,190,121,183,174,197,124,275,122,286,176,291,227,215,222,210,296,209,343,260,225,268,291,261,323
334,224,46,231,97,191,121,184,174,198,123,276,123,286,176,292,227,215,223,211,297,206,343,260,225,267,299,262,343
335,224,47,231,97,191,121,185,173,198,123,276,123,287,175,292,227,215,222,211,297,205,342,259,225,268,295,262,323
336,225,46,232,96,192,120,185,172,198,123,276,122,287,176,293,227,215,226,212,298,205,341,259,226,268,289,262,321
337,226,47,233,96,192,119,188,170,200,120,276,122,288,176,293,227,215,226,211,304,212,279,260,227,269,292,212,277
338,226,45,233,95,194,118,187,172,201,119,275,122,289,176,294,227,215,222,211,297,213,274,260,225,269,296,214,274
339,227,45,234,94,194,118,187,171,201,119,275,122,289,175,294,227,215,222,211,296,213,274,260,225,264,295,212,275
340,227,44,234,93,194,117,188,168,201,116,275,122,289,177,294,227,215,223,211,298,210,275,260,226,267,291,213,273
341,227,44,233,94,193,118,188,166,201,115,275,122,288,175,294,227,216,224,211,298,211,274,260,226,266,285,216,274
342,227,43,233,93,196,116,188,164,200,114,275,122,289,174,294,226,216,225,211,299,210,274,259,226,267,288,216,274
343,227,43,233,93,194,116,189,164,200,110,275,123,288,176,294,227,215,224,211,304,210,275,259,226,267,292,212,275
344,226,43,234,93,198,112,187,162,201,108,275,122,289,175,294,227,216,225,211,296,211,273,259,226,266,287,217,272
345,228,43,234,93,197,114,190,160,200,103,276,123,288,176,293,227,215,225,211,299,210,273,260,227,267,287,214,274
346,228,43,234,92,198,112,190,157,201,101,276,123,288,176,293,227,215,225,211,299,212,274,260,226,268,288,214,274
347,227,44,235,93,200,116,190,155,201,99,276,123,287,174,293,227,216,224,211,299,211,275,260,226,267,296,212,275
348,227,43,234,91,201,114,191,154,201,98,277,123,287,175,293,228,216,225,211,299,209,274,259,227,267,289,207,281
349,226,44,235,94,202,114,192,155,201,97,276,123,287,175,292,227,216,225,211,294,213,274,259,227,268,288,215,269
350,226,43,234,94,202,114,193,154,202,96,275,122,287,175,291,227,216,224,210,294,202,339,259,224,267,281,247,264
351,225,45,235,95,203,112,190,152,202,96,275,122,287,174,291,228,216,224,210,295,204,339,259,224,268,281,249,262
352,224,46,236,94,206,115,191,152,202,95,275,121,287,174,291,228,216,225,209,302,183,339,259,225,267,283,258,307
353,226,44,235,94,207,116,190,152,203,94,275,122,287,175,291,227,217,223,210,295,206,340,259,224,268,281,243,264
354,226,45,235,94,207,116,192,152,203,93,275,122,288,175,291,227,217,223,210,298,201,340,259,224,268,283,243,266
355,226,45,235,94,206,115,190,151,203,90,275,121,287,174,291,227,217,224,210,299,195,82,259,224,267,281,247,265
356,226,45,235,94,206,114,189,151,202,94,276,122,287,175,291,227,216,223,209,295,202,340,259,223,267,282,243,265
357,225,46,235,94,207,115,187,151,203,90,277,123,288,175,292,227,217,224,210,295,195,83,258,225,268,281,248,261
358,227,46,235,94,206,116,189,150,202,93,276,122,288,174,292,227,216,225,210,297,195,84,259,225,267,285,243,267
359,226,47,235,94,206,116,187,150,203,91,275,121,288,173,292,226,216,223,210,292,195,84,258,224,267,282,244,264
360,227,46,235,94,205,116,188,150,202,92,275,121,288,173,293,227,216,224,210,294,211,341,259,225,268,286,244,267
361,226,47,235,94,205,116,187,150,203,91,276,121,288,175,293,227,217,223,210,294,195,84,259,224,267,282,243,265
362,227,46,235,93,204,117,188,148,203,91,275,121,288,174,293,227,216,224,209,293,195,85,259,225,268,284,243,266
363,228,44,235,92,204,116,188,148,203,91,276,121,288,175,293,227,216,223,210,295,196,86,260,224,268,283,244,265
364,227,45,235,93,205,116,187,148,202,91,276,121,288,174,293,226,216,223,210,296,195,86,260,224,268,284,244,266
365,227,44,235,93,205,115,187,151,202,91,276,121,289,174,293,226,217,223,211,299,195,86,260,224,268,283,245,266
366,226,45,235,93,205,116,188,151,202,91,277,122,289,174,294,226,217,225,211,300,196,83,259,225,268,282,198,86
367,227,44,236,93,205,115,189,153,202,91,276,122,288,176,293,227,217,223,210,295,204,340,260,225,268,284,244,265
368,228,44,236,94,204,116,189,154,202,91,276,121,288,174,293,227,216,224,211,299,196,85,261,225,268,285,199,88
369,228,44,235,93,203,117,191,156,201,93,276,121,288,174,293,227,217,225,211,300,196,85,260,225,268,284,197,88
370,228,44,235,93,201,121,193,157,199,96,276,121,288,174,292,227,217,224,210,299,212,274,260,224,268,287,217,272
371,228,44,235,93,201,121,194,163,197,101,277,123,288,174,292,226,216,224,210,294,215,273,260,226,268,293,217,270
372,228,43,235,92,199,118,193,163,196,106,277,122,288,174,292,227,216,224,211,297,212,274,261,227,267,294,253,306
373,229,43,235,93,197,118,194,165,195,112,277,122,287,177,292,227,216,224,211,298,205,341,260,226,268,286,245,267
374,228,43,235,94,200,109,194,167,195,116,277,122,287,176,292,226,216,225,210,297,205,341,261,226,268,288,262,319
375,227,45,235,95,202,113,194,171,194,123,277,122,288,175,291,226,216,225,210,298,208,347,261,225,267,283,257,258
376,228,44,235,95,202,117,194,173,194,133,277,122,288,177,292,226,216,225,210,296,209,348,261,226,269,285,259,258
377,229,44,234,94,196,121,194,176,194,140,277,122,287,177,292,227,217,225,211,296,211,350,261,227,268,290,281,350
378,229,44,234,94,197,121,194,179,195,147,277,122,287,176,292,226,217,225,210,294,209,350,261,226,268,291,280,350
379,230,44,234,94,197,121,194,180,194,154,277,122,287,176,292,225,217,226,212,294,215,357,261,226,268,287,274,357
380,229,45,234,96,196,122,194,182,195,163,276,121,288,175,292,226,217,225,210,294,211,357,260,225,269,285,242,264
381,230,44,234,95,196,122,190,172,196,170,276,122,287,177,292,225,217,225,211,297,211,357,260,226,270,287,243,265
382,230,45,233,95,196,123,188,166,194,177,277,123,288,176,293,224,217,225,209,293,211,359,260,225,269,285,275,359
383,229,45,233,95,196,122,190,173,200,176,277,122,288,177,293,225,217,226,209,292,210,357,260,226,269,286,275,357
384,229,45,233,96,195,124,192,173,197,180,276,122,288,174,293,224,217,226,210,294,212,358,260,226,269,285,220,267
385,229,45,233,96,196,124,194,168,191,183,277,122,287,175,293,224,218,225,210,294,211,358,260,226,269,288,277,358
386,228,44,233,95,196,124,194,170,191,186,275,121,287,175,292,223,218,226,210,295,209,357,260,225,269,286,278,357
387,228,45,232,95,195,125,193,172,191,190,275,120,287,174,293,223,218,224,210,296,212,359,260,224,269,283,274,359
388,228,45,232,96,195,126,192,173,191,196,274,120,287,175,293,223,220,222,209,296,204,363,259,222,269,283,274,346
389,227,44,232,95,195,126,192,175,191,202,274,120,287,173,292,222,221,223,210,293,211,355,259,223,269,284,271,349
390,227,45,231,95,196,127,192,178,190,207,275,120,286,175,292,222,220,225,210,300,206,360,260,223,270,282,259,255
391,226,45,231,96,195,128,191,180,190,211,274,120,286,174,293,222,219,226,209,303,206,363,260,224,270,284,272,338
392,226,46,230,96,195,129,192,182,190,218,273,119,285,174,292,221,220,226,210,304,207,363,260,224,270,285,274,344
393,225,45,230,96,195,130,191,184,189,222,273,119,285,172,292,220,220,226,210,300,214,366,260,223,269,286,273,348
394,225,46,229,97,195,129,190,187,188,226,273,119,285,173,292,220,220,224,210,301,208,368,261,223,270,284,272,352
395,224,46,229,97,194,130,190,186,188,229,272,118,286,175,292,220,219,224,210,300,207,359,260,222,270,284,267,353
396,224,46,229,97,195,131,191,185,188,232,271,118,285,173,292,218,220,224,213,288,209,351,260,222,269,282,266,348
397,222,47,227,97,194,134,190,187,187,243,268,115,284,170,292,216,221,225,214,293,214,356,260,222,270,285,270,349
398,221,47,227,97,194,134,190,190,186,243,267,115,283,170,291,214,221,225,214,296,211,364,260,222,269,282,246,258
399,220,48,227,97,194,135,189,192,186,246,268,115,284,169,291,214,221,224,215,294,215,363,260,222,270,282,248,259
400,220,48,226,98,191,137,189,193,186,245,267,115,284,169,292,212,222,224,215,291,208,351,260,221,270,283,266,349
401,220,48,226,99,193,137,189,194,186,247,267,115,283,169,291,211,222,225,216,290,212,350,261,222,270,282,265,346
402,219,48,225,98,192,138,188,194,185,249,266,114,283,167,291,211,221,225,215,294,212,353,260,221,270,281,268,347
403,217,48,224,99,192,136,190,195,185,250,265,114,283,169,290,211,222,223,216,294,216,356,260,220,271,285,269,351
404,218,49,225,100,192,138,189,196,185,251,265,114,282,168,290,211,221,222,216,291,213,355,260,219,270,280,268,351
405,216,49,224,99,192,138,189,197,185,252,265,114,283,168,290,210,221,222,215,292,213,356,260,220,270,283,271,350
406,215,50,224,100,192,137,190,196,184,252,265,114,282,167,290,210,222,221,216,290,215,356,260,219,271,286,272,351
407,213,50,223,100,191,139,189,196,184,253,265,113,282,166,290,210,222,222,216,291,215,355,260,218,271,282,269,352
408,213,50,222,100,190,141,188,197,184,253,264,113,282,167,290,209,222,223,216,292,217,354,260,219,270,287,272,351
409,212,52,222,101,190,140,188,200,184,254,264,113,282,166,290,208,222,223,216,294,214,356,261,219,270,282,269,352
410,211,52,221,102,190,141,188,199,183,255,264,114,282,167,290,209,221,223,216,289,215,353,260,219,271,286,271,349
411,210,52,220,102,190,142,187,199,182,254,264,113,283,166,290,208,222,225,215,289,216,353,260,220,270,282,268,348
412,210,53,220,104,190,141,187,200,182,256,264,114,282,167,290,208,221,222,215,289,216,353,260,219,270,283,272,349
413,208,54,220,104,191,142,186,201,183,256,264,113,282,166,289,208,222,223,215,293,221,355,261,219,272,286,272,352
414,207,55,220,104,191,142,187,200,182,257,264,114,282,168,290,208,222,221,215,289,216,353,260,219,271,286,271,350
415,205,54,220,104,190,142,187,200,181,256,263,113,283,166,290,208,221,223,214,290,216,355,261,219,271,284,269,351
416,204,56,219,105,190,142,188,197,181,258,263,113,282,165,289,208,222,222,214,290,215,354,261,219,270,286,267,351
417,202,57,218,105,190,142,187,202,181,258,263,113,282,168,290,208,221,219,215,283,219,351,260,217,271,284,270,349
418,200,59,217,106,189,143,187,201,181,259,262,113,281,165,289,208,221,221,215,288,213,352,262,218,271,285,268,349
419,198,61,218,108,189,143,187,201,180,259,263,114,283,166,290,208,222,223,214,289,213,354,261,219,271,284,269,350
420,196,61,216,108,189,143,187,199,181,260,262,113,282,166,289,208,222,221,214,286,215,352,261,217,271,283,264,349
421,194,62,216,108,189,144,187,202,179,260,262,113,282,165,290,207,221,223,215,288,217,353,261,220,271,283,269,349
422,192,65,216,110,189,143,186,202,179,260,262,112,281,165,289,206,222,221,215,289,217,353,261,218,272,282,266,349
423,191,67,215,110,189,143,186,203,179,261,261,112,281,164,289,206,222,221,215,291,219,354,261,218,272,285,268,350
424,190,67,215,111,188,143,185,201,179,260,261,113,281,164,288,206,222,222,214,288,214,351,261,217,271,284,266,348
425,189,69,215,112,188,144,186,202,179,261,262,113,281,165,288,206,221,221,215,288,219,352,261,215,271,280,266,348
426,187,69,214,112,187,146,185,206,178,262,260,112,281,164,289,205,222,222,216,290,221,350,261,218,272,283,268,345
427,188,69,213,112,186,147,185,205,179,263,260,112,281,164,290,206,222,221,215,291,217,350,261,216,271,280,267,343
428,187,71,213,113,186,147,184,206,179,262,259,112,281,165,290,206,222,223,215,289,220,350,261,217,271,282,269,344
429,186,71,213,114,186,146,185,204,178,262,260,112,281,164,289,204,222,220,215,289,221,354,261,216,272,283,271,349
430,186,72,212,114,186,147,184,204,178,263,259,112,281,163,290,204,222,222,216,290,217,352,261,218,271,286,270,349
431,186,71,212,113,185,150,185,206,178,263,259,112,281,164,290,204,221,223,217,290,217,350,261,218,270,282,267,345
432,0,0,0,0,0,0,0,0,0,0,0,0,0,0,0,0,0,0,0,0,0,0,0,0,0,0,0,0
433,185,70,211,113,185,147,184,205,177,264,258,112,280,164,289,204,221,220,216,288,220,351,261,218,271,285,271,349
434,186,70,212,114,185,149,184,206,178,264,258,112,281,163,290,204,221,222,214,291,216,353,260,218,270,284,268,349
435,186,70,212,114,185,148,184,205,178,265,257,112,281,163,290,204,221,222,215,291,218,353,260,218,270,284,267,348
436,186,70,211,114,185,149,184,207,177,264,258,112,280,164,289,204,221,223,216,289,219,352,260,218,270,283,269,349
437,187,71,212,114,185,146,184,203,177,264,258,113,280,162,289,204,221,224,214,290,218,352,260,219,270,284,270,347
438,188,71,212,115,185,150,183,207,177,263,257,112,280,163,289,205,220,223,216,291,216,352,260,219,270,281,267,348
439,188,70,212,114,184,149,183,206,176,264,257,112,281,163,289,206,221,224,215,284,211,347,259,219,269,283,268,346
440,189,69,212,114,185,148,183,207,176,264,257,112,280,165,288,206,220,221,215,285,211,345,259,217,270,281,264,343
441,191,69,212,114,183,150,183,207,176,262,258,113,280,163,288,205,220,223,215,287,214,347,260,218,271,285,267,347
442,192,69,213,114,184,147,182,205,176,260,258,113,280,165,288,207,220,223,215,287,213,347,259,218,270,282,267,345
443,193,69,214,114,184,147,182,205,177,258,258,112,281,164,288,207,219,222,215,284,218,351,259,218,270,281,268,348
444,194,68,214,114,184,147,183,205,176,256,259,114,280,166,287,207,218,222,215,285,213,349,258,218,271,284,269,348
445,195,66,214,112,184,148,182,207,177,254,259,114,280,167,286,208,218,223,214,288,214,350,259,218,270,283,266,348
446,196,64,215,112,184,146,184,203,178,251,261,115,280,166,287,209,218,222,214,286,214,347,258,217,269,279,266,343
447,198,64,215,111,183,145,183,202,179,250,260,114,281,167,287,211,217,222,215,287,217,349,258,216,269,279,267,343
448,201,62,216,110,184,145,182,204,180,250,261,115,281,166,286,211,217,221,214,285,217,351,259,219,269,282,266,347
449,203,58,217,108,184,143,183,199,181,249,262,115,280,167,286,213,217,223,212,291,218,350,259,219,269,282,267,345
450,206,56,217,107,184,142,183,196,183,248,262,116,281,167,286,213,217,222,212,284,216,349,258,219,269,277,264,346
451,209,56,218,106,184,141,182,197,185,249,263,116,281,170,286,215,217,221,212,286,217,351,258,219,269,281,267,347
452,212,53,220,104,186,140,182,199,185,250,265,117,282,171,285,216,217,221,212,293,216,354,258,218,268,283,269,348
453,213,51,220,103,186,139,182,196,186,249,266,118,282,172,285,217,216,222,213,294,213,352,258,218,269,283,267,346
454,215,50,221,101,186,137,181,191,187,248,266,119,282,173,285,218,216,223,213,293,212,353,258,219,269,282,267,346
455,220,50,224,102,186,137,183,191,186,244,266,119,282,173,285,219,214,224,211,291,215,354,257,222,268,281,266,350
456,226,48,226,99,186,135,182,186,185,243,268,121,282,178,286,223,215,222,212,290,217,355,256,221,268,282,268,350
457,226,48,227,99,187,134,183,188,184,244,270,122,282,179,285,223,214,222,213,293,219,358,257,222,268,282,268,351
458,227,48,228,99,188,135,182,191,183,242,270,122,281,178,285,223,214,225,212,294,214,357,256,223,268,282,267,349
459,228,48,229,99,188,134,182,190,183,242,271,122,281,179,285,224,214,225,213,294,218,356,256,224,269,282,269,348
460,229,46,229,99,189,133,182,188,183,242,270,122,281,179,284,225,215,225,213,292,219,359,256,224,267,283,270,350
461,229,46,230,97,189,133,183,188,184,242,271,123,281,178,284,225,215,225,212,291,217,355,257,224,267,282,269,349
462,230,46,230,97,190,131,182,188,184,242,271,123,282,179,284,226,215,225,213,295,219,358,257,224,267,283,269,350
463,231,46,230,97,189,132,184,187,185,242,272,123,282,179,284,227,215,227,212,294,215,356,258,225,267,285,267,349
464,232,45,231,97,190,131,183,188,185,241,272,123,281,182,284,227,214,224,212,293,213,353,258,224,267,281,264,349
465,233,45,232,96,190,132,183,188,185,240,272,124,281,181,285,228,215,228,215,294,219,357,257,225,267,285,269,351
466,233,46,232,97,191,131,183,186,186,241,273,124,282,181,286,228,215,227,215,294,219,358,258,226,267,286,268,352
467,234,45,233,96,191,130,184,186,186,240,273,124,282,182,286,228,216,227,214,293,215,356,258,226,268,284,270,349
468,234,46,233,97,190,131,184,183,187,240,273,124,282,181,287,228,216,228,215,295,218,358,258,228,267,285,268,350
469,234,45,233,96,191,130,184,184,187,240,273,124,282,181,287,229,215,229,216,298,222,358,258,228,268,289,269,352
470,236,45,233,97,191,130,185,186,187,241,273,124,282,181,287,229,216,230,215,293,215,354,258,228,268,286,270,349
471,235,46,233,96,192,130,185,188,188,241,273,125,282,182,287,229,216,229,213,294,214,355,258,228,268,282,268,347
472,236,45,234,97,191,131,186,186,188,241,274,125,282,180,287,229,216,230,214,296,217,360,259,229,268,287,273,351
473,236,46,234,96,192,130,185,185,188,240,273,124,282,181,287,229,216,229,215,296,217,358,258,228,267,287,269,352
474,236,46,234,96,191,130,186,187,188,241,274,126,282,181,287,230,217,231,213,294,212,356,258,230,268,283,267,347
