1,3,3,363,641,478,
2,3,3,363,641,478,
3,3,3,363,641,478,
4,3,3,363,641,478,
5,3,3,363,641,478,
6,3,3,363,641,478,
7,3,3,363,641,478,
8,3,3,363,641,478,
9,3,3,363,641,478,
10,3,3,363,641,478,
11,3,3,363,641,478,
12,3,3,363,641,478,
13,3,3,363,641,478,
14,3,3,363,641,478,
15,3,3,363,641,478,
16,3,3,363,641,478,
17,3,3,363,641,478,
18,3,3,363,641,478,
19,3,3,363,641,478,
20,3,3,363,641,478,
21,3,3,363,641,478,
22,3,3,363,641,478,
23,3,3,363,641,478,
24,3,3,363,641,478,
25,3,3,363,641,478,
26,3,3,363,641,478,
27,3,3,363,641,478,
28,3,3,363,641,478,
29,3,3,363,641,478,
30,3,3,363,641,478,
31,3,3,363,641,478,
32,3,3,363,641,478,
33,3,3,363,641,478,
34,3,3,363,641,478,
35,3,3,363,641,478,
36,3,3,363,641,478,
37,3,3,363,641,478,
38,3,3,363,641,478,
39,3,3,363,641,478,
40,3,3,363,641,478,
41,3,3,363,641,478,
42,3,3,363,641,478,
43,3,3,363,641,478,
44,3,3,363,641,478,
45,3,3,363,641,478,
46,3,3,363,641,478,
47,3,3,363,641,478,
48,3,3,363,641,478,
49,3,3,363,641,478,
50,3,3,363,641,478,
51,3,3,363,641,478,
52,3,3,363,641,478,
53,3,3,363,641,478,
54,3,3,363,641,478,
55,3,3,363,641,478,
56,3,3,363,641,478,
57,3,3,363,641,478,
58,3,3,363,641,478,
59,3,3,363,641,478,
60,3,3,363,641,478,
61,3,3,363,641,478,
62,3,3,363,641,478,
63,3,3,363,641,478,
64,3,3,363,641,478,
65,3,3,363,641,478,
66,3,3,363,641,478,
67,3,3,363,641,478,
68,3,3,363,641,478,
69,3,3,363,641,478,
70,3,3,363,641,478,
71,3,3,363,641,478,
72,3,3,363,641,478,
73,3,3,363,641,478,
74,3,3,363,641,478,
75,3,3,363,641,478,
76,3,3,363,641,478,
77,3,3,363,641,478,
78,3,3,363,641,478,
79,3,3,363,641,478,
80,3,3,363,641,478,
81,3,3,363,641,478,
82,3,3,363,641,478,
83,3,3,363,641,478,
84,3,3,363,641,478,
85,3,3,363,641,478,
86,3,3,363,641,478,
87,3,3,363,641,478,
88,3,3,363,641,478,
89,3,3,363,641,478,
90,3,3,363,641,478,
91,3,3,363,641,478,
92,3,3,363,641,478,
93,3,3,363,641,478,
94,3,3,363,641,478,
95,3,3,363,641,478,
96,3,3,363,641,478,
97,3,3,363,641,478,
98,3,3,363,641,478,
99,3,3,363,641,478,
100,3,3,363,641,478,
101,3,3,363,641,478,
102,3,3,363,641,478,
103,3,3,363,641,478,
104,3,3,363,641,478,
105,3,3,363,641,478,
106,3,3,363,641,478,
107,3,3,363,641,478,
108,3,3,363,641,478,
109,3,3,363,641,478,
110,3,3,363,641,478,
111,3,3,363,641,478,
112,3,3,363,641,478,
113,3,3,363,641,478,
114,3,3,363,641,478,
115,3,3,363,641,478,
116,3,3,363,641,478,
117,3,3,363,641,478,
118,3,3,363,641,478,
119,3,3,363,641,478,
120,3,3,363,641,478,
121,3,3,363,641,478,
122,3,3,363,641,478,
123,3,3,363,641,478,
124,3,3,363,641,478,
125,3,3,363,641,478,
126,3,3,363,641,478,
127,3,3,363,641,478,
128,3,3,363,641,478,
129,3,3,363,641,478,
130,3,3,363,641,478,
131,3,3,363,641,478,
132,3,3,363,641,478,
133,3,3,363,641,478,
134,3,3,363,641,478,
135,3,3,363,641,478,
136,3,3,363,641,478,
137,3,3,363,641,478,
138,3,3,363,641,478,
139,3,3,363,641,478,
140,3,3,363,641,478,
141,3,3,363,641,478,
142,3,3,363,641,478,
143,3,3,363,641,478,
144,3,3,363,641,478,
145,3,3,363,641,478,
146,3,3,363,641,478,
147,3,3,363,641,478,
148,3,3,363,641,478,
149,3,3,363,641,478,
150,3,3,363,641,478,
151,3,3,363,641,478,
152,3,3,363,641,478,
153,3,3,363,641,478,
154,3,3,363,641,478,
155,3,3,363,641,478,
156,3,3,363,641,478,
157,3,3,363,641,478,
158,3,3,363,641,478,
159,3,3,363,641,478,
160,3,3,363,641,478,
161,3,3,363,641,478,
162,3,3,363,641,478,
163,3,3,363,641,478,
164,3,3,363,641,478,
165,3,3,363,641,478,
166,3,3,363,641,478,
167,3,3,363,641,478,
168,3,3,363,641,478,
169,3,3,363,641,478,
170,3,3,363,641,478,
171,3,3,363,641,478,
172,3,3,363,641,478,
173,3,3,363,641,478,
174,3,3,363,641,478,
175,3,3,363,641,478,
176,3,3,363,641,478,
177,3,3,363,641,478,
178,3,3,363,641,478,
179,3,3,363,641,478,
180,3,3,363,641,478,
181,3,3,363,641,478,
182,3,3,363,641,478,
183,3,3,363,641,478,
184,3,3,363,641,478,
185,3,3,363,641,478,
186,3,3,363,641,478,
187,3,3,363,641,478,
188,3,3,363,641,478,
189,3,3,363,641,478,
190,3,3,363,641,478,
191,3,3,363,641,478,
192,3,3,363,641,478,
193,3,3,363,641,478,
194,3,3,363,641,478,
195,3,3,363,641,478,
196,3,3,363,641,478,
197,3,3,363,641,478,
198,3,3,363,641,478,
199,3,3,363,641,478,
200,3,3,363,641,478,
201,3,3,363,641,478,
202,3,3,363,641,478,
203,3,3,363,641,478,
204,3,3,363,641,478,
205,3,3,363,641,478,
206,3,3,363,641,478,
207,3,3,363,641,478,
208,3,3,363,641,478,
209,3,3,363,641,478,
210,3,3,363,641,478,
211,3,3,363,641,478,
212,3,3,363,641,478,
213,3,3,363,641,478,
214,3,3,363,641,478,
215,3,3,363,641,478,
216,3,3,363,641,478,
217,3,3,363,641,478,
218,3,3,363,641,478,
219,3,3,363,641,478,
220,3,3,363,641,478,
221,3,3,363,641,478,
222,3,3,363,641,478,
223,3,3,363,641,478,
224,3,3,363,641,478,
225,3,3,363,641,478,
226,3,3,363,641,478,
227,3,3,363,641,478,
228,3,3,363,641,478,
229,3,3,363,641,478,
230,3,3,363,641,478,
231,3,3,363,641,478,
232,3,3,363,641,478,
233,3,3,363,641,478,
234,3,3,363,641,478,
235,3,3,363,641,478,
236,3,3,363,641,478,
237,3,3,363,641,478,
238,3,3,363,641,478,
239,3,3,363,641,478,
240,3,3,363,641,478,
241,3,3,363,641,478,
242,3,3,363,641,478,
243,3,3,363,641,478,
244,3,3,363,641,478,
245,3,3,363,641,478,
246,3,3,363,641,478,
247,3,3,363,641,478,
248,3,3,363,641,478,
249,3,3,363,641,478,
250,3,3,363,641,478,
251,3,3,363,641,478,
252,3,3,363,641,478,
253,3,3,363,641,478,
254,3,3,363,641,478,
255,3,3,363,641,478,
256,3,3,363,641,478,
257,3,3,363,641,478,
258,3,3,363,641,478,
259,3,3,363,641,478,
260,3,3,363,641,478,
261,3,3,363,641,478,
262,3,3,363,641,478,
263,3,3,363,641,478,
264,3,3,363,641,478,
265,3,3,363,641,478,
266,3,3,363,641,478,
267,3,3,363,641,478,
268,3,3,363,641,478,
269,3,3,363,641,478,
270,3,3,363,641,478,
271,3,3,363,641,478,
272,3,3,363,641,478,
273,3,3,363,641,478,
274,3,3,363,641,478,
275,3,3,363,641,478,
276,3,3,363,641,478,
277,3,3,363,641,478,
278,3,3,363,641,478,
279,3,3,363,641,478,
280,3,3,363,641,478,
281,3,3,363,641,478,
282,3,3,363,641,478,
283,3,3,363,641,478,
284,3,3,363,641,478,
285,3,3,363,641,478,
286,3,3,363,641,478,
287,3,3,363,641,478,
288,3,3,363,641,478,
289,3,3,363,641,478,
290,3,3,363,641,478,
291,3,3,363,641,478,
292,3,3,363,641,478,
293,3,3,363,641,478,
294,3,3,363,641,478,
295,3,3,363,641,478,
296,3,3,363,641,478,
297,3,3,363,641,478,
298,3,3,363,641,478,
299,3,3,363,641,478,
300,3,3,363,641,478,
301,3,3,363,641,478,
302,3,3,363,641,478,
303,3,3,363,641,478,
304,3,3,363,641,478,
305,3,3,363,641,478,
306,3,3,363,641,478,
307,3,3,363,641,478,
308,3,3,363,641,478,
309,3,3,363,641,478,
310,3,3,363,641,478,
311,3,3,363,641,478,
312,3,3,363,641,478,
313,3,3,363,641,478,
314,3,3,363,641,478,
315,3,3,363,641,478,
316,3,3,363,641,478,
317,3,3,363,641,478,
318,3,3,363,641,478,
319,3,3,363,641,478,
320,3,3,363,641,478,
321,3,3,363,641,478,
322,3,3,363,641,478,
323,3,3,363,641,478,
324,3,3,363,641,478,
325,3,3,363,641,478,
326,3,3,363,641,478,
327,3,3,363,641,478,
328,3,3,363,641,478,
329,3,3,363,641,478,
330,3,3,363,641,478,
331,3,3,363,641,478,
332,3,3,363,641,478,
333,3,3,363,641,478,
334,3,3,363,641,478,
335,3,3,363,641,478,
336,3,3,363,641,478,
337,3,3,363,641,478,
338,3,3,363,641,478,
339,3,3,363,641,478,
340,3,3,363,641,478,
341,3,3,363,641,478,
342,3,3,363,641,478,
343,3,3,363,641,478,
344,3,3,363,641,478,
345,3,3,363,641,478,
346,3,3,363,641,478,
347,3,3,363,641,478,
348,3,3,363,641,478,
349,3,3,363,641,478,
350,3,3,363,641,478,
351,3,3,363,641,478,
352,3,3,363,641,478,
353,3,3,363,641,478,
354,3,3,363,641,478,
355,3,3,363,641,478,
356,3,3,363,641,478,
357,3,3,363,641,478,
358,3,3,363,641,478,
359,3,3,363,641,478,
360,3,3,363,641,478,
361,3,3,363,641,478,
362,3,3,363,641,478,
363,3,3,363,641,478,
364,3,3,363,641,478,
365,3,3,363,641,478,
366,3,3,363,641,478,
367,3,3,363,641,478,
368,3,3,363,641,478,
369,3,3,363,641,478,
370,3,3,363,641,478,
371,3,3,363,641,478,
372,3,3,363,641,478,
373,3,3,363,641,478,
374,3,3,363,641,478,
375,3,3,363,641,478,
376,3,3,363,641,478,
377,3,3,363,641,478,
378,3,3,363,641,478,
379,3,3,363,641,478,
380,3,3,363,641,478,
381,3,3,363,641,478,
382,3,3,363,641,478,
383,3,3,363,641,478,
384,3,3,363,641,478,
385,3,3,363,641,478,
386,3,3,363,641,478,
387,3,3,363,641,478,
388,3,3,363,641,478,
389,3,3,363,641,478,
390,3,3,363,641,478,
391,3,3,363,641,478,
392,3,3,363,641,478,
393,3,3,363,641,478,
394,3,3,363,641,478,
395,3,3,363,641,478,
396,3,3,363,641,478,
397,3,3,363,641,478,
398,3,3,363,641,478,
399,3,3,363,641,478,
400,3,3,363,641,478,
401,3,3,363,641,478,
402,3,3,363,641,478,
403,3,3,363,641,478,
404,3,3,363,641,478,
405,3,3,363,641,478,
406,3,3,363,641,478,
407,3,3,363,641,478,
408,3,3,363,641,478,
409,3,3,363,641,478,
410,3,3,363,641,478,
411,3,3,363,641,478,
412,3,3,363,641,478,
413,3,3,363,641,478,
414,3,3,363,641,478,
415,3,3,363,641,478,
416,3,3,363,641,478,
417,3,3,363,641,478,
418,3,3,363,641,478,
419,3,3,363,641,478,
420,3,3,363,641,478,
421,3,3,363,641,478,
422,3,3,363,641,478,
423,3,3,363,641,478,
424,3,3,363,641,478,
425,3,3,363,641,478,
426,3,3,363,641,478,
427,3,3,363,641,478,
428,3,3,363,641,478,
429,3,3,363,641,478,
430,3,3,363,641,478,
431,3,3,363,641,478,
432,3,3,363,641,478,
433,3,3,363,641,478,
434,3,3,363,641,478,
435,3,3,363,641,478,
436,3,3,363,641,478,
437,3,3,363,641,478,
438,3,3,363,641,478,
439,3,3,363,641,478,
440,3,3,363,641,478,
441,3,3,363,641,478,
442,3,3,363,641,478,
443,3,3,363,641,478,
444,3,3,363,641,478,
445,3,3,363,641,478,
446,3,3,363,641,478,
447,3,3,363,641,478,
448,3,3,363,641,478,
449,3,3,363,641,478,
450,3,3,363,641,478,
451,3,3,363,641,478,
452,3,3,363,641,478,
453,3,3,363,641,478,
454,3,3,363,641,478,
455,3,3,363,641,478,
456,3,3,363,641,478,
457,3,3,363,641,478,
458,3,3,363,641,478,
459,3,3,363,641,478,
460,3,3,363,641,478,
461,3,3,363,641,478,
462,3,3,363,641,478,
463,3,3,363,641,478,
464,3,3,363,641,478,
465,3,3,363,641,478,
466,3,3,363,641,478,
467,3,3,363,641,478,
468,3,3,363,641,478,
469,3,3,363,641,478,
470,3,3,363,641,478,
471,3,3,363,641,478,
472,3,3,363,641,478,
473,3,3,363,641,478,
474,3,3,363,641,478,
475,3,3,363,641,478,
476,3,3,363,641,478,
477,3,3,363,641,478,
478,3,3,363,641,478,
479,3,3,363,641,478,
480,3,3,363,641,478,
481,3,3,363,641,478,
482,3,3,363,641,478,
483,3,3,363,641,478,
484,3,3,363,641,478,
485,3,3,363,641,478,
486,3,3,363,641,478,
487,3,3,363,641,478,
488,3,3,363,641,478,
489,3,3,363,641,478,
490,3,3,363,641,478,
491,3,3,363,641,478,
492,3,3,363,641,478,
493,3,3,363,641,478,
494,3,3,363,641,478,
495,3,3,363,641,478,
496,3,3,363,641,478,
497,3,3,363,641,478,
498,3,3,363,641,478,
499,3,3,363,641,478,
