1,3,86,236,340,421,
2,3,86,236,340,421,
3,3,86,236,340,421,
4,3,86,236,340,421,
5,3,86,236,340,421,
6,3,86,236,340,421,
7,3,86,236,340,421,
8,3,86,236,340,421,
9,3,86,236,340,421,
10,3,86,236,340,421,
11,3,86,236,340,421,
12,3,86,236,340,421,
13,3,86,236,340,421,
14,3,86,236,340,421,
15,3,86,236,340,421,
16,3,86,236,340,421,
17,3,86,236,340,421,
18,3,86,236,340,421,
19,3,86,236,340,421,
20,3,86,236,340,421,
21,3,86,236,340,421,
22,3,86,236,340,421,
23,3,86,236,340,421,
24,3,86,236,340,421,
25,3,86,236,340,421,
26,3,86,236,340,421,
27,3,86,236,340,421,
28,3,86,236,340,421,
29,3,86,236,340,421,
30,3,86,236,340,421,
31,3,86,236,340,421,
32,3,86,236,340,421,
33,3,86,236,340,421,
34,3,86,236,340,421,
35,3,86,236,340,421,
36,3,86,236,340,421,
37,3,86,236,340,421,
38,3,86,236,340,421,
39,3,86,236,340,421,
40,3,86,236,340,421,
41,3,86,236,340,421,
42,3,86,236,340,421,
43,3,86,236,340,421,
44,3,86,236,340,421,
45,3,86,236,340,421,
46,3,86,236,340,421,
47,3,86,236,340,421,
48,3,86,236,340,421,
49,3,86,236,340,421,
50,3,86,236,340,421,
51,3,86,236,340,421,
52,3,86,236,340,421,
53,3,86,236,340,421,
54,3,86,236,340,421,
55,3,86,236,340,421,
56,3,86,236,340,421,
57,3,86,236,340,421,
58,3,86,236,340,421,
59,3,86,236,340,421,
60,3,86,236,340,421,
61,3,86,236,340,421,
62,3,86,236,340,421,
63,3,86,236,340,421,
64,3,86,236,340,421,
65,3,86,236,340,421,
66,3,86,236,340,421,
67,3,86,236,340,421,
68,3,86,236,340,421,
69,3,86,236,340,421,
70,3,86,236,340,421,
71,3,86,236,340,421,
72,3,86,236,340,421,
73,3,86,236,340,421,
74,3,86,236,340,421,
75,3,86,236,340,421,
76,3,86,236,340,421,
77,3,86,236,340,421,
78,3,86,236,340,421,
79,3,86,236,340,421,
80,3,86,236,340,421,
81,3,86,236,340,421,
82,3,86,236,340,421,
83,3,86,236,340,421,
84,3,86,236,340,421,
85,3,86,236,340,421,
86,3,86,236,340,421,
87,3,86,236,340,421,
88,3,86,236,340,421,
89,3,86,236,340,421,
90,3,86,236,340,421,
91,3,86,236,340,421,
92,3,86,236,340,421,
93,3,86,236,340,421,
94,3,86,236,340,421,
95,3,86,236,340,421,
96,3,86,236,340,421,
97,3,86,236,340,421,
98,3,86,236,340,421,
99,3,86,236,340,421,
100,3,86,236,340,421,
101,3,86,236,340,421,
102,3,86,236,340,421,
103,3,86,236,340,421,
104,3,86,236,340,421,
105,3,86,236,340,421,
106,3,86,236,340,421,
107,3,86,236,340,421,
108,3,86,236,340,421,
109,3,86,236,340,421,
110,3,86,236,340,421,
111,3,86,236,340,421,
112,3,86,236,340,421,
113,3,86,236,340,421,
114,3,86,236,340,421,
115,3,86,236,340,421,
116,3,86,236,340,421,
117,3,86,236,340,421,
118,3,86,236,340,421,
119,3,86,236,340,421,
120,3,86,236,340,421,
121,3,86,236,340,421,
122,3,86,236,340,421,
123,3,86,236,340,421,
124,3,86,236,340,421,
125,3,86,236,340,421,
126,3,86,236,340,421,
127,3,86,236,340,421,
128,3,86,236,340,421,
129,3,86,236,340,421,
130,3,86,236,340,421,
131,3,86,236,340,421,
132,3,86,236,340,421,
133,3,86,236,340,421,
134,3,86,236,340,421,
135,3,86,236,340,421,
136,3,86,236,340,421,
137,3,86,236,340,421,
138,3,86,236,340,421,
139,3,86,236,340,421,
140,3,86,236,340,421,
141,3,86,236,340,421,
142,3,86,236,340,421,
143,3,86,236,340,421,
144,3,86,236,340,421,
145,3,86,236,340,421,
146,3,86,236,340,421,
147,3,86,236,340,421,
148,3,86,236,340,421,
149,3,86,236,340,421,
150,3,86,236,340,421,
151,3,86,236,340,421,
152,3,86,236,340,421,
153,3,86,236,340,421,
154,3,86,236,340,421,
155,3,86,236,340,421,
156,3,86,236,340,421,
157,3,86,236,340,421,
158,3,86,236,340,421,
159,3,86,236,340,421,
160,3,86,236,340,421,
161,3,86,236,340,421,
162,3,86,236,340,421,
163,3,86,236,340,421,
164,3,86,236,340,421,
165,3,86,236,340,421,
166,3,86,236,340,421,
167,3,86,236,340,421,
168,3,86,236,340,421,
169,3,86,236,340,421,
170,3,86,236,340,421,
171,3,86,236,340,421,
172,3,86,236,340,421,
173,3,86,236,340,421,
174,3,86,236,340,421,
175,3,86,236,340,421,
176,3,86,236,340,421,
177,3,86,236,340,421,
178,3,86,236,340,421,
179,3,86,236,340,421,
180,3,86,236,340,421,
181,3,86,236,340,421,
182,3,86,236,340,421,
183,3,86,236,340,421,
184,3,86,236,340,421,
185,3,86,236,340,421,
186,3,86,236,340,421,
187,3,86,236,340,421,
188,3,86,236,340,421,
189,3,86,236,340,421,
190,3,86,236,340,421,
191,3,86,236,340,421,
192,3,86,236,340,421,
193,3,86,236,340,421,
194,3,86,236,340,421,
195,3,86,236,340,421,
196,3,86,236,340,421,
197,3,86,236,340,421,
198,3,86,236,340,421,
199,3,86,236,340,421,
200,3,86,236,340,421,
201,3,86,236,340,421,
202,3,86,236,340,421,
203,3,86,236,340,421,
204,3,86,236,340,421,
205,3,86,236,340,421,
206,3,86,236,340,421,
207,3,86,236,340,421,
208,3,86,236,340,421,
209,3,86,236,340,421,
210,3,86,236,340,421,
211,3,86,236,340,421,
212,3,86,236,340,421,
213,3,86,236,340,421,
214,3,86,236,340,421,
215,3,86,236,340,421,
216,3,86,236,340,421,
217,3,86,236,340,421,
218,3,86,236,340,421,
219,3,86,236,340,421,
220,3,86,236,340,421,
221,3,86,236,340,421,
222,3,86,236,340,421,
223,3,86,236,340,421,
224,3,86,236,340,421,
225,3,86,236,340,421,
226,3,86,236,340,421,
227,3,86,236,340,421,
228,3,86,236,340,421,
229,3,86,236,340,421,
230,3,86,236,340,421,
231,3,86,236,340,421,
232,3,86,236,340,421,
233,3,86,236,340,421,
234,3,86,236,340,421,
235,3,86,236,340,421,
236,3,86,236,340,421,
237,3,86,236,340,421,
238,3,86,236,340,421,
239,3,86,236,340,421,
240,3,86,236,340,421,
241,3,86,236,340,421,
242,3,86,236,340,421,
243,3,86,236,340,421,
244,3,86,236,340,421,
245,3,86,236,340,421,
246,3,86,236,340,421,
247,3,86,236,340,421,
248,3,86,236,340,421,
249,3,86,236,340,421,
250,3,86,236,340,421,
251,3,86,236,340,421,
252,3,86,236,340,421,
253,3,86,236,340,421,
254,3,86,236,340,421,
255,3,86,236,340,421,
256,3,86,236,340,421,
257,3,86,236,340,421,
258,3,86,236,340,421,
259,3,86,236,340,421,
260,3,86,236,340,421,
261,3,86,236,340,421,
262,3,86,236,340,421,
263,3,86,236,340,421,
264,3,86,236,340,421,
265,3,86,236,340,421,
266,3,86,236,340,421,
267,3,86,236,340,421,
268,3,86,236,340,421,
269,3,86,236,340,421,
270,3,86,236,340,421,
271,3,86,236,340,421,
272,3,86,236,340,421,
273,3,86,236,340,421,
274,3,86,236,340,421,
275,3,86,236,340,421,
276,3,86,236,340,421,
277,3,86,236,340,421,
278,3,86,236,340,421,
279,3,86,236,340,421,
280,3,86,236,340,421,
281,3,86,236,340,421,
282,3,86,236,340,421,
283,3,86,236,340,421,
284,3,86,236,340,421,
285,3,86,236,340,421,
286,3,86,236,340,421,
287,3,86,236,340,421,
288,3,86,236,340,421,
289,3,86,236,340,421,
290,3,86,236,340,421,
291,3,86,236,340,421,
292,3,86,236,340,421,
293,3,86,236,340,421,
294,3,86,236,340,421,
295,3,86,236,340,421,
296,3,86,236,340,421,
297,3,86,236,340,421,
298,3,86,236,340,421,
299,3,86,236,340,421,
300,3,86,236,340,421,
301,3,86,236,340,421,
302,3,86,236,340,421,
303,3,86,236,340,421,
304,3,86,236,340,421,
305,3,86,236,340,421,
306,3,86,236,340,421,
307,3,86,236,340,421,
308,3,86,236,340,421,
309,3,86,236,340,421,
310,3,86,236,340,421,
311,3,86,236,340,421,
312,3,86,236,340,421,
313,3,86,236,340,421,
314,3,86,236,340,421,
315,3,86,236,340,421,
316,3,86,236,340,421,
317,3,86,236,340,421,
318,3,86,236,340,421,
319,3,86,236,340,421,
320,3,86,236,340,421,
321,3,86,236,340,421,
322,3,86,236,340,421,
323,3,86,236,340,421,
324,3,86,236,340,421,
325,3,86,236,340,421,
326,3,86,236,340,421,
327,3,86,236,340,421,
328,3,86,236,340,421,
329,3,86,236,340,421,
330,3,86,236,340,421,
331,3,86,236,340,421,
332,3,86,236,340,421,
333,3,86,236,340,421,
334,3,86,236,340,421,
335,3,86,236,340,421,
336,3,86,236,340,421,
337,3,86,236,340,421,
338,3,86,236,340,421,
339,3,86,236,340,421,
340,3,86,236,340,421,
341,3,86,236,340,421,
342,3,86,236,340,421,
343,3,86,236,340,421,
344,3,86,236,340,421,
345,3,86,236,340,421,
346,3,86,236,340,421,
347,3,86,236,340,421,
348,3,86,236,340,421,
349,3,86,236,340,421,
350,3,86,236,340,421,
351,3,86,236,340,421,
352,3,86,236,340,421,
353,3,86,236,340,421,
354,3,86,236,340,421,
355,3,86,236,340,421,
356,3,86,236,340,421,
357,3,86,236,340,421,
358,3,86,236,340,421,
359,3,86,236,340,421,
360,3,86,236,340,421,
361,3,86,236,340,421,
362,3,86,236,340,421,
363,3,86,236,340,421,
364,3,86,236,340,421,
365,3,86,236,340,421,
366,3,86,236,340,421,
367,3,86,236,340,421,
368,3,86,236,340,421,
369,3,86,236,340,421,
370,3,86,236,340,421,
371,3,86,236,340,421,
372,3,86,236,340,421,
373,3,86,236,340,421,
374,3,86,236,340,421,
375,3,86,236,340,421,
376,3,86,236,340,421,
377,3,86,236,340,421,
378,3,86,236,340,421,
379,3,86,236,340,421,
380,3,86,236,340,421,
381,3,86,236,340,421,
382,3,86,236,340,421,
383,3,86,236,340,421,
384,3,86,236,340,421,
385,3,86,236,340,421,
386,3,86,236,340,421,
387,3,86,236,340,421,
388,3,86,236,340,421,
389,3,86,236,340,421,
390,3,86,236,340,421,
391,3,86,236,340,421,
392,3,86,236,340,421,
393,3,86,236,340,421,
394,3,86,236,340,421,
395,3,86,236,340,421,
396,3,86,236,340,421,
397,3,86,236,340,421,
398,3,86,236,340,421,
399,3,86,236,340,421,
400,3,86,236,340,421,
401,3,86,236,340,421,
402,3,86,236,340,421,
403,3,86,236,340,421,
404,3,86,236,340,421,
405,3,86,236,340,421,
406,3,86,236,340,421,
407,3,86,236,340,421,
408,3,86,236,340,421,
409,3,86,236,340,421,
410,3,86,236,340,421,
411,3,86,236,340,421,
412,3,86,236,340,421,
413,3,86,236,340,421,
414,3,86,236,340,421,
415,3,86,236,340,421,
416,3,86,236,340,421,
417,3,86,236,340,421,
418,3,86,236,340,421,
419,3,86,236,340,421,
420,3,86,236,340,421,
421,3,86,236,340,421,
422,3,86,236,340,421,
423,3,86,236,340,421,
424,3,86,236,340,421,
425,3,86,236,340,421,
426,3,86,236,340,421,
427,3,86,236,340,421,
428,3,86,236,340,421,
429,3,86,236,340,421,
430,3,86,236,340,421,
431,3,86,236,340,421,
432,3,86,236,340,421,
433,3,86,236,340,421,
434,3,86,236,340,421,
435,3,86,236,340,421,
436,3,86,236,340,421,
437,3,86,236,340,421,
438,3,86,236,340,421,
439,3,86,236,340,421,
440,3,86,236,340,421,
441,3,86,236,340,421,
442,3,86,236,340,421,
443,3,86,236,340,421,
444,3,86,236,340,421,
445,3,86,236,340,421,
446,3,86,236,340,421,
447,3,86,236,340,421,
448,3,86,236,340,421,
449,3,86,236,340,421,
450,3,86,236,340,421,
451,3,86,236,340,421,
452,3,86,236,340,421,
453,3,86,236,340,421,
454,3,86,236,340,421,
455,3,86,236,340,421,
456,3,86,236,340,421,
457,3,86,236,340,421,
458,3,86,236,340,421,
459,3,86,236,340,421,
460,3,86,236,340,421,
461,3,86,236,340,421,
462,3,86,236,340,421,
463,3,86,236,340,421,
464,3,86,236,340,421,
465,3,86,236,340,421,
466,3,86,236,340,421,
467,3,86,236,340,421,
468,3,86,236,340,421,
469,3,86,236,340,421,
470,3,86,236,340,421,
471,3,86,236,340,421,
472,3,86,236,340,421,
473,3,86,236,340,421,
474,3,86,236,340,421,
475,3,86,236,340,421,
476,3,86,236,340,421,
477,3,86,236,340,421,
478,3,86,236,340,421,
479,3,86,236,340,421,
480,3,86,236,340,421,
481,3,86,236,340,421,
482,3,86,236,340,421,
483,3,86,236,340,421,
484,3,86,236,340,421,
485,3,86,236,340,421,
486,3,86,236,340,421,
487,3,86,236,340,421,
488,3,86,236,340,421,
489,3,86,236,340,421,
490,3,86,236,340,421,
491,3,86,236,340,421,
492,3,86,236,340,421,
493,3,86,236,340,421,
494,3,86,236,340,421,
495,3,86,236,340,421,
496,3,86,236,340,421,
497,3,86,236,340,421,
498,3,86,236,340,421,
499,3,86,236,340,421,
500,3,86,236,340,421,
501,3,86,236,340,421,
502,3,86,236,340,421,
503,3,86,236,340,421,
504,3,86,236,340,421,
505,3,86,236,340,421,
506,3,86,236,340,421,
507,3,86,236,340,421,
508,3,86,236,340,421,
509,3,86,236,340,421,
510,3,86,236,340,421,
511,3,86,236,340,421,
512,3,86,236,340,421,
513,3,86,236,340,421,
514,3,86,236,340,421,
515,3,86,236,340,421,
516,3,86,236,340,421,
517,3,86,236,340,421,
518,3,86,236,340,421,
519,3,86,236,340,421,
520,3,86,236,340,421,
521,3,86,236,340,421,
522,3,86,236,340,421,
523,3,86,236,340,421,
524,3,86,236,340,421,
525,3,86,236,340,421,
526,3,86,236,340,421,
527,3,86,236,340,421,
528,3,86,236,340,421,
529,3,86,236,340,421,
530,3,86,236,340,421,
531,3,86,236,340,421,
532,3,86,236,340,421,
533,3,86,236,340,421,
534,3,86,236,340,421,
535,3,86,236,340,421,
536,3,86,236,340,421,
537,3,86,236,340,421,
538,3,86,236,340,421,
539,3,86,236,340,421,
540,3,86,236,340,421,
541,3,86,236,340,421,
542,3,86,236,340,421,
543,3,86,236,340,421,
544,3,86,236,340,421,
545,3,86,236,340,421,
546,3,86,236,340,421,
547,3,86,236,340,421,
548,3,86,236,340,421,
549,3,86,236,340,421,
550,3,86,236,340,421,
551,3,86,236,340,421,
552,3,86,236,340,421,
553,3,86,236,340,421,
554,3,86,236,340,421,
555,3,86,236,340,421,
556,3,86,236,340,421,
557,3,86,236,340,421,
558,3,86,236,340,421,
559,3,86,236,340,421,
560,3,86,236,340,421,
561,3,86,236,340,421,
562,3,86,236,340,421,
563,3,86,236,340,421,
564,3,86,236,340,421,
565,3,86,236,340,421,
566,3,86,236,340,421,
567,3,86,236,340,421,
568,3,86,236,340,421,
569,3,86,236,340,421,
570,3,86,236,340,421,
571,3,86,236,340,421,
572,3,86,236,340,421,
573,3,86,236,340,421,
574,3,86,236,340,421,
575,3,86,236,340,421,
576,3,86,236,340,421,
577,3,86,236,340,421,
578,3,86,236,340,421,
579,3,86,236,340,421,
580,3,86,236,340,421,
581,3,86,236,340,421,
582,3,86,236,340,421,
583,3,86,236,340,421,
584,3,86,236,340,421,
585,3,86,236,340,421,
586,3,86,236,340,421,
587,3,86,236,340,421,
588,3,86,236,340,421,
589,3,86,236,340,421,
590,3,86,236,340,421,
591,3,86,236,340,421,
592,3,86,236,340,421,
593,3,86,236,340,421,
594,3,86,236,340,421,
595,3,86,236,340,421,
596,3,86,236,340,421,
597,3,86,236,340,421,
598,3,86,236,340,421,
599,3,86,236,340,421,
600,3,86,236,340,421,
601,3,86,236,340,421,
602,3,86,236,340,421,
603,3,86,236,340,421,
604,3,86,236,340,421,
605,3,86,236,340,421,
606,3,86,236,340,421,
607,3,86,236,340,421,
608,3,86,236,340,421,
609,3,86,236,340,421,
610,3,86,236,340,421,
611,3,86,236,340,421,
612,3,86,236,340,421,
613,3,86,236,340,421,
614,3,86,236,340,421,
615,3,86,236,340,421,
616,3,86,236,340,421,
617,3,86,236,340,421,
618,3,86,236,340,421,
619,3,86,236,340,421,
620,3,86,236,340,421,
621,3,86,236,340,421,
622,3,86,236,340,421,
623,3,86,236,340,421,
624,3,86,236,340,421,
625,3,86,236,340,421,
626,3,86,236,340,421,
627,3,86,236,340,421,
628,3,86,236,340,421,
629,3,86,236,340,421,
630,3,86,236,340,421,
631,3,86,236,340,421,
632,3,86,236,340,421,
633,3,86,236,340,421,
634,3,86,236,340,421,
635,3,86,236,340,421,
636,3,86,236,340,421,
637,3,86,236,340,421,
638,3,86,236,340,421,
639,3,86,236,340,421,
640,3,86,236,340,421,
641,3,86,236,340,421,
642,3,86,236,340,421,
643,3,86,236,340,421,
644,3,86,236,340,421,
645,3,86,236,340,421,
646,3,86,236,340,421,
647,3,86,236,340,421,
648,3,86,236,340,421,
649,3,86,236,340,421,
650,3,86,236,340,421,
651,3,86,236,340,421,
652,3,86,236,340,421,
653,3,86,236,340,421,
654,3,86,236,340,421,
655,3,86,236,340,421,
656,3,86,236,340,421,
657,3,86,236,340,421,
658,3,86,236,340,421,
659,3,86,236,340,421,
660,3,86,236,340,421,
661,3,86,236,340,421,
662,3,86,236,340,421,
663,3,86,236,340,421,
664,3,86,236,340,421,
665,3,86,236,340,421,
666,3,86,236,340,421,
667,3,86,236,340,421,
668,3,86,236,340,421,
669,3,86,236,340,421,
670,3,86,236,340,421,
671,3,86,236,340,421,
672,3,86,236,340,421,
673,3,86,236,340,421,
674,3,86,236,340,421,
675,3,86,236,340,421,
676,3,86,236,340,421,
677,3,86,236,340,421,
678,3,86,236,340,421,
679,3,86,236,340,421,
680,3,86,236,340,421,
681,3,86,236,340,421,
682,3,86,236,340,421,
683,3,86,236,340,421,
684,3,86,236,340,421,
685,3,86,236,340,421,
686,3,86,236,340,421,
687,3,86,236,340,421,
688,3,86,236,340,421,
689,3,86,236,340,421,
690,3,86,236,340,421,
691,3,86,236,340,421,
692,3,86,236,340,421,
693,3,86,236,340,421,
694,3,86,236,340,421,
695,3,86,236,340,421,
696,3,86,236,340,421,
697,3,86,236,340,421,
698,3,86,236,340,421,
699,3,86,236,340,421,
700,3,86,236,340,421,
701,3,86,236,340,421,
702,3,86,236,340,421,
703,3,86,236,340,421,
704,3,86,236,340,421,
705,3,86,236,340,421,
706,3,86,236,340,421,
707,3,86,236,340,421,
708,3,86,236,340,421,
709,3,86,236,340,421,
710,3,86,236,340,421,
711,3,86,236,340,421,
712,3,86,236,340,421,
713,3,86,236,340,421,
714,3,86,236,340,421,
715,3,86,236,340,421,
716,3,86,236,340,421,
717,3,86,236,340,421,
718,3,86,236,340,421,
719,3,86,236,340,421,
720,3,86,236,340,421,
721,3,86,236,340,421,
722,3,86,236,340,421,
723,3,86,236,340,421,
724,3,86,236,340,421,
725,3,86,236,340,421,
726,3,86,236,340,421,
727,3,86,236,340,421,
728,3,86,236,340,421,
729,3,86,236,340,421,
730,3,86,236,340,421,
731,3,86,236,340,421,
732,3,86,236,340,421,
733,3,86,236,340,421,
734,3,86,236,340,421,
735,3,86,236,340,421,
736,3,86,236,340,421,
737,3,86,236,340,421,
738,3,86,236,340,421,
739,3,86,236,340,421,
740,3,86,236,340,421,
741,3,86,236,340,421,
742,3,86,236,340,421,
743,3,86,236,340,421,
744,3,86,236,340,421,
745,3,86,236,340,421,
746,3,86,236,340,421,
747,3,86,236,340,421,
748,3,86,236,340,421,
749,3,86,236,340,421,
750,3,86,236,340,421,
751,3,86,236,340,421,
752,3,86,236,340,421,
753,3,86,236,340,421,
754,3,86,236,340,421,
755,3,86,236,340,421,
756,3,86,236,340,421,
757,3,86,236,340,421,
758,3,86,236,340,421,
759,3,86,236,340,421,
760,3,86,236,340,421,
761,3,86,236,340,421,
762,3,86,236,340,421,
763,3,86,236,340,421,
764,3,86,236,340,421,
765,3,86,236,340,421,
766,3,86,236,340,421,
767,3,86,236,340,421,
768,3,86,236,340,421,
769,3,86,236,340,421,
770,3,86,236,340,421,
771,3,86,236,340,421,
772,3,86,236,340,421,
773,3,86,236,340,421,
774,3,86,236,340,421,
775,3,86,236,340,421,
776,3,86,236,340,421,
777,3,86,236,340,421,
778,3,86,236,340,421,
779,3,86,236,340,421,
780,3,86,236,340,421,
781,3,86,236,340,421,
782,3,86,236,340,421,
783,3,86,236,340,421,
784,3,86,236,340,421,
785,3,86,236,340,421,
786,3,86,236,340,421,
787,3,86,236,340,421,
788,3,86,236,340,421,
789,3,86,236,340,421,
790,3,86,236,340,421,
791,3,86,236,340,421,
792,3,86,236,340,421,
793,3,86,236,340,421,
794,3,86,236,340,421,
795,3,86,236,340,421,
796,3,86,236,340,421,
797,3,86,236,340,421,
798,3,86,236,340,421,
799,3,86,236,340,421,
800,3,86,236,340,421,
801,3,86,236,340,421,
802,3,86,236,340,421,
803,3,86,236,340,421,
804,3,86,236,340,421,
805,3,86,236,340,421,
806,3,86,236,340,421,
807,3,86,236,340,421,
808,3,86,236,340,421,
809,3,86,236,340,421,
810,3,86,236,340,421,
811,3,86,236,340,421,
812,3,86,236,340,421,
813,3,86,236,340,421,
814,3,86,236,340,421,
815,3,86,236,340,421,
816,3,86,236,340,421,
817,3,86,236,340,421,
818,3,86,236,340,421,
819,3,86,236,340,421,
820,3,86,236,340,421,
821,3,86,236,340,421,
822,3,86,236,340,421,
823,3,86,236,340,421,
824,3,86,236,340,421,
825,3,86,236,340,421,
826,3,86,236,340,421,
827,3,86,236,340,421,
828,3,86,236,340,421,
829,3,86,236,340,421,
830,3,86,236,340,421,
831,3,86,236,340,421,
832,3,86,236,340,421,
833,3,86,236,340,421,
834,3,86,236,340,421,
835,3,86,236,340,421,
836,3,86,236,340,421,
837,3,86,236,340,421,
838,3,86,236,340,421,
839,3,86,236,340,421,
840,3,86,236,340,421,
841,3,86,236,340,421,
842,3,86,236,340,421,
843,3,86,236,340,421,
844,3,86,236,340,421,
845,3,86,236,340,421,
846,3,86,236,340,421,
847,3,86,236,340,421,
848,3,86,236,340,421,
849,3,86,236,340,421,
850,3,86,236,340,421,
851,3,86,236,340,421,
852,3,86,236,340,421,
853,3,86,236,340,421,
854,3,86,236,340,421,
855,3,86,236,340,421,
856,3,86,236,340,421,
857,3,86,236,340,421,
858,3,86,236,340,421,
859,3,86,236,340,421,
860,3,86,236,340,421,
861,3,86,236,340,421,
862,3,86,236,340,421,
863,3,86,236,340,421,
864,3,86,236,340,421,
865,3,86,236,340,421,
866,3,86,236,340,421,
867,3,86,236,340,421,
868,3,86,236,340,421,
869,3,86,236,340,421,
870,3,86,236,340,421,
871,3,86,236,340,421,
872,3,86,236,340,421,
873,3,86,236,340,421,
874,3,86,236,340,421,
875,3,86,236,340,421,
876,3,86,236,340,421,
877,3,86,236,340,421,
878,3,86,236,340,421,
879,3,86,236,340,421,
880,3,86,236,340,421,
881,3,86,236,340,421,
882,3,86,236,340,421,
883,3,86,236,340,421,
884,3,86,236,340,421,
885,3,86,236,340,421,
886,3,86,236,340,421,
887,3,86,236,340,421,
888,3,86,236,340,421,
