1,1,140,216,306,321,0.0000,0.0000,0.0000,0.0000,0.0000,0.0000,
2,1,140,216,306,321,0.0000,0.0000,0.0000,0.0000,0.0000,0.0000,
3,1,140,216,306,321,0.0000,0.0000,0.0000,0.0000,0.0000,0.0000,
4,1,140,216,306,321,0.0000,0.0000,0.0000,0.0000,0.0000,0.0000,
5,1,140,216,306,321,0.0000,0.0000,0.0000,0.0000,0.0000,0.0000,
6,1,140,216,306,321,0.0000,0.0000,0.0000,0.0000,0.0000,0.0000,
7,1,140,216,306,321,0.0000,0.0000,0.0000,0.0000,0.0000,0.0000,
8,1,140,216,306,321,0.0000,0.0000,0.0000,0.0000,0.0000,0.0000,
9,1,140,216,306,321,0.0000,0.0000,0.0000,0.0000,0.0000,0.0000,
10,1,140,216,306,321,0.0000,0.0000,0.0000,0.0000,0.0000,0.0000,
11,1,140,216,306,321,0.0000,0.0000,0.0000,0.0000,0.0000,0.0000,
12,1,140,216,306,321,0.0000,0.0000,0.0000,0.0000,0.0000,0.0000,
13,1,140,216,306,321,0.0000,0.0000,0.0000,0.0000,0.0000,0.0000,
14,1,140,216,306,321,0.0000,0.0000,0.0000,0.0000,0.0000,0.0000,
15,1,140,216,306,321,0.0000,0.0000,0.0000,0.0000,0.0000,0.0000,
16,1,140,216,306,321,0.0000,0.0000,0.0000,0.0000,0.0000,0.0000,
17,1,140,216,306,321,0.0000,0.0000,0.0000,0.0000,0.0000,0.0000,
18,1,140,216,306,321,0.0000,0.0000,0.0000,0.0000,0.0000,0.0000,
19,1,140,216,306,321,0.0000,0.0000,0.0000,0.0000,0.0000,0.0000,
20,1,140,216,306,321,0.0000,0.0000,0.0000,0.0000,0.0000,0.0000,
21,1,140,216,306,321,0.0000,0.0000,0.0000,0.0000,0.0000,0.0000,
22,1,140,216,306,321,0.0000,0.0000,0.0000,0.0000,0.0000,0.0000,
23,1,140,216,306,321,0.0000,0.0000,0.0000,0.0000,0.0000,0.0000,
24,1,140,216,306,321,0.0000,0.0000,0.0000,0.0000,0.0000,0.0000,
25,1,140,216,306,321,0.0000,0.0000,0.0000,0.0000,0.0000,0.0000,
26,1,140,216,306,321,0.0000,0.0000,0.0000,0.0000,0.0000,0.0000,
27,1,140,216,306,321,0.0000,0.0000,0.0000,0.0000,0.0000,0.0000,
28,1,140,216,306,321,0.0000,0.0000,0.0000,0.0000,0.0000,0.0000,
29,1,140,216,306,321,0.0000,0.0000,0.0000,0.0000,0.0000,0.0000,
30,1,140,216,306,321,0.0000,0.0000,0.0000,0.0000,0.0000,0.0000,
31,1,140,216,306,321,0.0000,0.0000,0.0000,0.0000,0.0000,0.0000,
32,1,140,216,306,321,0.0000,0.0000,0.0000,0.0000,0.0000,0.0000,
33,1,140,216,306,321,0.0000,0.0000,0.0000,0.0000,0.0000,0.0000,
34,1,140,216,306,321,0.0000,0.0000,0.0000,0.0000,0.0000,0.0000,
35,1,140,216,306,321,0.0000,0.0000,0.0000,0.0000,0.0000,0.0000,
36,1,140,216,306,321,0.0000,0.0000,0.0000,0.0000,0.0000,0.0000,
37,1,140,216,306,321,0.0000,0.0000,0.0000,0.0000,0.0000,0.0000,
38,1,140,216,306,321,0.0000,0.0000,0.0000,0.0000,0.0000,0.0000,
39,1,140,216,306,321,0.0000,0.0000,0.0000,0.0000,0.0000,0.0000,
40,1,140,216,306,321,0.0000,0.0000,0.0000,0.0000,0.0000,0.0000,
41,1,140,216,306,321,0.0000,0.0000,0.0000,0.0000,0.0000,0.0000,
42,1,140,216,306,321,0.0000,0.0000,0.0000,0.0000,0.0000,0.0000,
43,1,140,216,306,321,0.0000,0.0000,0.0000,0.0000,0.0000,0.0000,
44,1,140,216,306,321,0.0000,0.0000,0.0000,0.0000,0.0000,0.0000,
45,1,140,216,306,321,0.0000,0.0000,0.0000,0.0000,0.0000,0.0000,
46,1,140,216,306,321,0.0000,0.0000,0.0000,0.0000,0.0000,0.0000,
47,1,140,216,306,321,0.0000,0.0000,0.0000,0.0000,0.0000,0.0000,
48,1,140,216,306,321,0.0000,0.0000,0.0000,0.0000,0.0000,0.0000,
49,1,140,216,306,321,0.0000,0.0000,0.0000,0.0000,0.0000,0.0000,
50,1,140,216,306,321,0.0000,0.0000,0.0000,0.0000,0.0000,0.0000,
51,1,140,216,306,321,0.0000,0.0000,0.0000,0.0000,0.0000,0.0000,
52,1,140,216,306,321,0.0000,0.0000,0.0000,0.0000,0.0000,0.0000,
53,1,140,216,306,321,0.0000,0.0000,0.0000,0.0000,0.0000,0.0000,
54,1,140,216,306,321,0.0000,0.0000,0.0000,0.0000,0.0000,0.0000,
55,1,140,216,306,321,0.0000,0.0000,0.0000,0.0000,0.0000,0.0000,
56,1,140,216,306,321,0.0000,0.0000,0.0000,0.0000,0.0000,0.0000,
57,1,140,216,306,321,0.0000,0.0000,0.0000,0.0000,0.0000,0.0000,
58,1,140,216,306,321,0.0000,0.0000,0.0000,0.0000,0.0000,0.0000,
59,1,140,216,306,321,0.0000,0.0000,0.0000,0.0000,0.0000,0.0000,
60,1,140,216,306,321,0.0000,0.0000,0.0000,0.0000,0.0000,0.0000,
61,1,140,216,306,321,0.0000,0.0000,0.0000,0.0000,0.0000,0.0000,
62,1,140,216,306,321,0.0000,0.0000,0.0000,0.0000,0.0000,0.0000,
63,1,140,216,306,321,0.0000,0.0000,0.0000,0.0000,0.0000,0.0000,
64,1,140,216,306,321,0.0000,0.0000,0.0000,0.0000,0.0000,0.0000,
65,1,140,216,306,321,0.0000,0.0000,0.0000,0.0000,0.0000,0.0000,
66,1,140,216,306,321,0.0000,0.0000,0.0000,0.0000,0.0000,0.0000,
67,1,140,216,306,321,0.0000,0.0000,0.0000,0.0000,0.0000,0.0000,
68,1,140,216,306,321,0.0000,0.0000,0.0000,0.0000,0.0000,0.0000,
69,1,140,216,306,321,0.0000,0.0000,0.0000,0.0000,0.0000,0.0000,
70,1,140,216,306,321,0.0000,0.0000,0.0000,0.0000,0.0000,0.0000,
71,1,140,216,306,321,0.0000,0.0000,0.0000,0.0000,0.0000,0.0000,
72,1,140,216,306,321,0.0000,0.0000,0.0000,0.0000,0.0000,0.0000,
73,1,140,216,306,321,0.0000,0.0000,0.0000,0.0000,0.0000,0.0000,
74,1,140,216,306,321,0.0000,0.0000,0.0000,0.0000,0.0000,0.0000,
75,1,140,216,306,321,0.0000,0.0000,0.0000,0.0000,0.0000,0.0000,
76,1,140,216,306,321,0.0000,0.0000,0.0000,0.0000,0.0000,0.0000,
77,1,140,216,306,321,0.0000,0.0000,0.0000,0.0000,0.0000,0.0000,
78,1,140,216,306,321,0.0000,0.0000,0.0000,0.0000,0.0000,0.0000,
79,1,140,216,306,321,0.0000,0.0000,0.0000,0.0000,0.0000,0.0000,
80,1,140,216,306,321,0.0000,0.0000,0.0000,0.0000,0.0000,0.0000,
81,1,140,216,306,321,0.0000,0.0000,0.0000,0.0000,0.0000,0.0000,
82,1,140,216,306,321,0.0000,0.0000,0.0000,0.0000,0.0000,0.0000,
83,1,140,216,306,321,0.0000,0.0000,0.0000,0.0000,0.0000,0.0000,
84,1,140,216,306,321,0.0000,0.0000,0.0000,0.0000,0.0000,0.0000,
85,1,140,216,306,321,0.0000,0.0000,0.0000,0.0000,0.0000,0.0000,
86,1,140,216,306,321,0.0000,0.0000,0.0000,0.0000,0.0000,0.0000,
87,1,140,216,306,321,0.0000,0.0000,0.0000,0.0000,0.0000,0.0000,
88,1,140,216,306,321,0.0000,0.0000,0.0000,0.0000,0.0000,0.0000,
89,1,140,216,306,321,0.0000,0.0000,0.0000,0.0000,0.0000,0.0000,
90,1,140,216,306,321,0.0000,0.0000,0.0000,0.0000,0.0000,0.0000,
91,1,140,216,306,321,0.0000,0.0000,0.0000,0.0000,0.0000,0.0000,
92,1,140,216,306,321,0.0000,0.0000,0.0000,0.0000,0.0000,0.0000,
93,1,140,216,306,321,0.0000,0.0000,0.0000,0.0000,0.0000,0.0000,
94,1,140,216,306,321,0.0000,0.0000,0.0000,0.0000,0.0000,0.0000,
95,1,140,216,306,321,0.0000,0.0000,0.0000,0.0000,0.0000,0.0000,
96,1,140,216,306,321,0.0000,0.0000,0.0000,0.0000,0.0000,0.0000,
97,1,140,216,306,321,0.0000,0.0000,0.0000,0.0000,0.0000,0.0000,
98,1,140,216,306,321,0.0000,0.0000,0.0000,0.0000,0.0000,0.0000,
99,1,140,216,306,321,0.0000,0.0000,0.0000,0.0000,0.0000,0.0000,
100,1,140,216,306,321,0.0000,0.0000,0.0000,0.0000,0.0000,0.0000,
101,1,140,216,306,321,0.0000,0.0000,0.0000,0.0000,0.0000,0.0000,
102,1,140,216,306,321,0.0000,0.0000,0.0000,0.0000,0.0000,0.0000,
103,1,140,216,306,321,0.0000,0.0000,0.0000,0.0000,0.0000,0.0000,
104,1,140,216,306,321,0.0000,0.0000,0.0000,0.0000,0.0000,0.0000,
105,1,140,216,306,321,0.0000,0.0000,0.0000,0.0000,0.0000,0.0000,
106,1,140,216,306,321,0.0000,0.0000,0.0000,0.0000,0.0000,0.0000,
107,1,140,216,306,321,0.0000,0.0000,0.0000,0.0000,0.0000,0.0000,
108,1,140,216,306,321,0.0000,0.0000,0.0000,0.0000,0.0000,0.0000,
109,1,140,216,306,321,0.0000,0.0000,0.0000,0.0000,0.0000,0.0000,
110,1,140,216,306,321,0.0000,0.0000,0.0000,0.0000,0.0000,0.0000,
111,1,140,216,306,321,0.0000,0.0000,0.0000,0.0000,0.0000,0.0000,
112,1,140,216,306,321,0.0000,0.0000,0.0000,0.0000,0.0000,0.0000,
113,1,140,216,306,321,0.0000,0.0000,0.0000,0.0000,0.0000,0.0000,
114,1,140,216,306,321,0.0000,0.0000,0.0000,0.0000,0.0000,0.0000,
115,1,140,216,306,321,0.0000,0.0000,0.0000,0.0000,0.0000,0.0000,
116,1,140,216,306,321,0.0000,0.0000,0.0000,0.0000,0.0000,0.0000,
117,1,140,216,306,321,0.0000,0.0000,0.0000,0.0000,0.0000,0.0000,
118,1,140,216,306,321,0.0000,0.0000,0.0000,0.0000,0.0000,0.0000,
119,1,140,216,306,321,0.0000,0.0000,0.0000,0.0000,0.0000,0.0000,
120,1,140,216,306,321,0.0000,0.0000,0.0000,0.0000,0.0000,0.0000,
121,1,140,216,306,321,0.0000,0.0000,0.0000,0.0000,0.0000,0.0000,
122,1,140,216,306,321,0.0000,0.0000,0.0000,0.0000,0.0000,0.0000,
123,1,140,216,306,321,0.0000,0.0000,0.0000,0.0000,0.0000,0.0000,
124,1,140,216,306,321,0.0000,0.0000,0.0000,0.0000,0.0000,0.0000,
125,1,140,216,306,321,0.0000,0.0000,0.0000,0.0000,0.0000,0.0000,
126,1,140,216,306,321,0.0000,0.0000,0.0000,0.0000,0.0000,0.0000,
127,1,140,216,306,321,0.0000,0.0000,0.0000,0.0000,0.0000,0.0000,
128,1,140,216,306,321,0.0000,0.0000,0.0000,0.0000,0.0000,0.0000,
129,1,140,216,306,321,0.0000,0.0000,0.0000,0.0000,0.0000,0.0000,
130,1,140,216,306,321,0.0000,0.0000,0.0000,0.0000,0.0000,0.0000,
131,1,140,216,306,321,0.0000,0.0000,0.0000,0.0000,0.0000,0.0000,
132,1,140,216,306,321,0.0000,0.0000,0.0000,0.0000,0.0000,0.0000,
133,1,140,216,306,321,0.0000,0.0000,0.0000,0.0000,0.0000,0.0000,
134,1,140,216,306,321,0.0000,0.0000,0.0000,0.0000,0.0000,0.0000,
135,1,140,216,306,321,0.0000,0.0000,0.0000,0.0000,0.0000,0.0000,
136,1,140,216,306,321,0.0000,0.0000,0.0000,0.0000,0.0000,0.0000,
137,1,140,216,306,321,0.0000,0.0000,0.0000,0.0000,0.0000,0.0000,
138,1,140,216,306,321,0.0000,0.0000,0.0000,0.0000,0.0000,0.0000,
139,1,140,216,306,321,0.0000,0.0000,0.0000,0.0000,0.0000,0.0000,
140,1,140,216,306,321,0.0000,0.0000,0.0000,0.0000,0.0000,0.0000,
141,1,140,216,306,321,0.0000,0.0000,0.0000,0.0000,0.0000,0.0000,
142,1,140,216,306,321,0.0000,0.0000,0.0000,0.0000,0.0000,0.0000,
143,1,140,216,306,321,0.0000,0.0000,0.0000,0.0000,0.0000,0.0000,
144,1,140,216,306,321,0.0000,0.0000,0.0000,0.0000,0.0000,0.0000,
145,1,140,216,306,321,0.0000,0.0000,0.0000,0.0000,0.0000,0.0000,
146,1,140,216,306,321,0.0000,0.0000,0.0000,0.0000,0.0000,0.0000,
147,1,140,216,306,321,0.0000,0.0000,0.0000,0.0000,0.0000,0.0000,
148,1,140,216,306,321,0.0000,0.0000,0.0000,0.0000,0.0000,0.0000,
149,1,140,216,306,321,0.0000,0.0000,0.0000,0.0000,0.0000,0.0000,
150,1,140,216,306,321,0.0000,0.0000,0.0000,0.0000,0.0000,0.0000,
151,1,140,216,306,321,0.0000,0.0000,0.0000,0.0000,0.0000,0.0000,
152,1,140,216,306,321,0.0000,0.0000,0.0000,0.0000,0.0000,0.0000,
153,1,140,216,306,321,0.0000,0.0000,0.0000,0.0000,0.0000,0.0000,
154,1,140,216,306,321,0.0000,0.0000,0.0000,0.0000,0.0000,0.0000,
155,1,140,216,306,321,0.0000,0.0000,0.0000,0.0000,0.0000,0.0000,
156,1,140,216,306,321,0.0000,0.0000,0.0000,0.0000,0.0000,0.0000,
157,1,140,216,306,321,0.0000,0.0000,0.0000,0.0000,0.0000,0.0000,
158,1,140,216,306,321,0.0000,0.0000,0.0000,0.0000,0.0000,0.0000,
159,1,140,216,306,321,0.0000,0.0000,0.0000,0.0000,0.0000,0.0000,
160,1,140,216,306,321,0.0000,0.0000,0.0000,0.0000,0.0000,0.0000,
161,1,140,216,306,321,0.0000,0.0000,0.0000,0.0000,0.0000,0.0000,
162,1,140,216,306,321,0.0000,0.0000,0.0000,0.0000,0.0000,0.0000,
163,1,140,216,306,321,0.0000,0.0000,0.0000,0.0000,0.0000,0.0000,
164,1,140,216,306,321,0.0000,0.0000,0.0000,0.0000,0.0000,0.0000,
165,1,140,216,306,321,0.0000,0.0000,0.0000,0.0000,0.0000,0.0000,
166,1,140,216,306,321,0.0000,0.0000,0.0000,0.0000,0.0000,0.0000,
167,1,140,216,306,321,0.0000,0.0000,0.0000,0.0000,0.0000,0.0000,
168,1,140,216,306,321,0.0000,0.0000,0.0000,0.0000,0.0000,0.0000,
169,1,140,216,306,321,0.0000,0.0000,0.0000,0.0000,0.0000,0.0000,
170,1,140,216,306,321,0.0000,0.0000,0.0000,0.0000,0.0000,0.0000,
171,1,140,216,306,321,0.0000,0.0000,0.0000,0.0000,0.0000,0.0000,
172,1,140,216,306,321,0.0000,0.0000,0.0000,0.0000,0.0000,0.0000,
173,1,140,216,306,321,0.0000,0.0000,0.0000,0.0000,0.0000,0.0000,
174,1,140,216,306,321,0.0000,0.0000,0.0000,0.0000,0.0000,0.0000,
175,1,140,216,306,321,0.0000,0.0000,0.0000,0.0000,0.0000,0.0000,
176,1,140,216,306,321,0.0000,0.0000,0.0000,0.0000,0.0000,0.0000,
177,1,140,216,306,321,0.0000,0.0000,0.0000,0.0000,0.0000,0.0000,
178,1,140,216,306,321,0.0000,0.0000,0.0000,0.0000,0.0000,0.0000,
179,1,140,216,306,321,0.0000,0.0000,0.0000,0.0000,0.0000,0.0000,
180,1,140,216,306,321,0.0000,0.0000,0.0000,0.0000,0.0000,0.0000,
181,1,140,216,306,321,0.0000,0.0000,0.0000,0.0000,0.0000,0.0000,
182,1,140,216,306,321,0.0000,0.0000,0.0000,0.0000,0.0000,0.0000,
183,1,140,216,306,321,0.0000,0.0000,0.0000,0.0000,0.0000,0.0000,
184,1,140,216,306,321,0.0000,0.0000,0.0000,0.0000,0.0000,0.0000,
185,1,140,216,306,321,0.0000,0.0000,0.0000,0.0000,0.0000,0.0000,
186,1,140,216,306,321,0.0000,0.0000,0.0000,0.0000,0.0000,0.0000,
187,1,140,216,306,321,0.0000,0.0000,0.0000,0.0000,0.0000,0.0000,
188,1,140,216,306,321,0.0000,0.0000,0.0000,0.0000,0.0000,0.0000,
189,1,140,216,306,321,0.0000,0.0000,0.0000,0.0000,0.0000,0.0000,
190,1,140,216,306,321,0.0000,0.0000,0.0000,0.0000,0.0000,0.0000,
191,1,140,216,306,321,0.0000,0.0000,0.0000,0.0000,0.0000,0.0000,
192,1,140,216,306,321,0.0000,0.0000,0.0000,0.0000,0.0000,0.0000,
193,1,140,216,306,321,0.0000,0.0000,0.0000,0.0000,0.0000,0.0000,
194,1,140,216,306,321,0.0000,0.0000,0.0000,0.0000,0.0000,0.0000,
195,1,140,216,306,321,0.0000,0.0000,0.0000,0.0000,0.0000,0.0000,
196,1,140,216,306,321,0.0000,0.0000,0.0000,0.0000,0.0000,0.0000,
197,1,140,216,306,321,0.0000,0.0000,0.0000,0.0000,0.0000,0.0000,
198,1,140,216,306,321,0.0000,0.0000,0.0000,0.0000,0.0000,0.0000,
199,1,140,216,306,321,0.0000,0.0000,0.0000,0.0000,0.0000,0.0000,
200,1,140,216,306,321,0.0000,0.0000,0.0000,0.0000,0.0000,0.0000,
201,1,140,216,306,321,0.0000,0.0000,0.0000,0.0000,0.0000,0.0000,
202,1,140,216,306,321,0.0000,0.0000,0.0000,0.0000,0.0000,0.0000,
203,1,140,216,306,321,0.0000,0.0000,0.0000,0.0000,0.0000,0.0000,
204,1,140,216,306,321,0.0000,0.0000,0.0000,0.0000,0.0000,0.0000,
205,1,140,216,306,321,0.0000,0.0000,0.0000,0.0000,0.0000,0.0000,
206,1,140,216,306,321,0.0000,0.0000,0.0000,0.0000,0.0000,0.0000,
207,1,140,216,306,321,0.0000,0.0000,0.0000,0.0000,0.0000,0.0000,
208,1,140,216,306,321,0.0000,0.0000,0.0000,0.0000,0.0000,0.0000,
209,1,140,216,306,321,0.0000,0.0000,0.0000,0.0000,0.0000,0.0000,
210,1,140,216,306,321,0.0000,0.0000,0.0000,0.0000,0.0000,0.0000,
211,1,140,216,306,321,0.0000,0.0000,0.0000,0.0000,0.0000,0.0000,
212,1,140,216,306,321,0.0000,0.0000,0.0000,0.0000,0.0000,0.0000,
213,1,140,216,306,321,0.0000,0.0000,0.0000,0.0000,0.0000,0.0000,
214,1,140,216,306,321,0.0000,0.0000,0.0000,0.0000,0.0000,0.0000,
215,1,140,216,306,321,0.0000,0.0000,0.0000,0.0000,0.0000,0.0000,
216,1,140,216,306,321,0.0000,0.0000,0.0000,0.0000,0.0000,0.0000,
217,1,140,216,306,321,0.0000,0.0000,0.0000,0.0000,0.0000,0.0000,
218,1,140,216,306,321,0.0000,0.0000,0.0000,0.0000,0.0000,0.0000,
219,1,140,216,306,321,0.0000,0.0000,0.0000,0.0000,0.0000,0.0000,
220,1,140,216,306,321,0.0000,0.0000,0.0000,0.0000,0.0000,0.0000,
221,1,140,216,306,321,0.0000,0.0000,0.0000,0.0000,0.0000,0.0000,
222,1,140,216,306,321,0.0000,0.0000,0.0000,0.0000,0.0000,0.0000,
223,1,140,216,306,321,0.0000,0.0000,0.0000,0.0000,0.0000,0.0000,
224,1,140,216,306,321,0.0000,0.0000,0.0000,0.0000,0.0000,0.0000,
225,1,140,216,306,321,0.0000,0.0000,0.0000,0.0000,0.0000,0.0000,
226,1,140,216,306,321,0.0000,0.0000,0.0000,0.0000,0.0000,0.0000,
227,1,140,216,306,321,0.0000,0.0000,0.0000,0.0000,0.0000,0.0000,
228,1,140,216,306,321,0.0000,0.0000,0.0000,0.0000,0.0000,0.0000,
229,1,140,216,306,321,0.0000,0.0000,0.0000,0.0000,0.0000,0.0000,
230,1,140,216,306,321,0.0000,0.0000,0.0000,0.0000,0.0000,0.0000,
231,1,140,216,306,321,0.0000,0.0000,0.0000,0.0000,0.0000,0.0000,
232,1,140,216,306,321,0.0000,0.0000,0.0000,0.0000,0.0000,0.0000,
233,1,140,216,306,321,0.0000,0.0000,0.0000,0.0000,0.0000,0.0000,
234,1,140,216,306,321,0.0000,0.0000,0.0000,0.0000,0.0000,0.0000,
235,1,140,216,306,321,0.0000,0.0000,0.0000,0.0000,0.0000,0.0000,
236,1,140,216,306,321,0.0000,0.0000,0.0000,0.0000,0.0000,0.0000,
237,1,140,216,306,321,0.0000,0.0000,0.0000,0.0000,0.0000,0.0000,
238,1,140,216,306,321,0.0000,0.0000,0.0000,0.0000,0.0000,0.0000,
239,1,140,216,306,321,0.0000,0.0000,0.0000,0.0000,0.0000,0.0000,
240,1,140,216,306,321,0.0000,0.0000,0.0000,0.0000,0.0000,0.0000,
241,1,140,216,306,321,0.0000,0.0000,0.0000,0.0000,0.0000,0.0000,
242,1,140,216,306,321,0.0000,0.0000,0.0000,0.0000,0.0000,0.0000,
243,1,140,216,306,321,0.0000,0.0000,0.0000,0.0000,0.0000,0.0000,
244,1,140,216,306,321,0.0000,0.0000,0.0000,0.0000,0.0000,0.0000,
245,1,140,216,306,321,0.0000,0.0000,0.0000,0.0000,0.0000,0.0000,
246,1,140,216,306,321,0.0000,0.0000,0.0000,0.0000,0.0000,0.0000,
247,1,140,216,306,321,0.0000,0.0000,0.0000,0.0000,0.0000,0.0000,
248,1,140,216,306,321,0.0000,0.0000,0.0000,0.0000,0.0000,0.0000,
249,1,140,216,306,321,0.0000,0.0000,0.0000,0.0000,0.0000,0.0000,
250,1,140,216,306,321,0.0000,0.0000,0.0000,0.0000,0.0000,0.0000,
251,1,140,216,306,321,0.0000,0.0000,0.0000,0.0000,0.0000,0.0000,
252,1,140,216,306,321,0.0000,0.0000,0.0000,0.0000,0.0000,0.0000,
253,1,140,216,306,321,0.0000,0.0000,0.0000,0.0000,0.0000,0.0000,
254,1,140,216,306,321,0.0000,0.0000,0.0000,0.0000,0.0000,0.0000,
255,1,140,216,306,321,0.0000,0.0000,0.0000,0.0000,0.0000,0.0000,
256,1,140,216,306,321,0.0000,0.0000,0.0000,0.0000,0.0000,0.0000,
257,1,140,216,306,321,0.0000,0.0000,0.0000,0.0000,0.0000,0.0000,
258,1,140,216,306,321,0.0000,0.0000,0.0000,0.0000,0.0000,0.0000,
259,1,140,216,306,321,0.0000,0.0000,0.0000,0.0000,0.0000,0.0000,
260,1,140,216,306,321,0.0000,0.0000,0.0000,0.0000,0.0000,0.0000,
261,1,140,216,306,321,0.0000,0.0000,0.0000,0.0000,0.0000,0.0000,
262,1,140,216,306,321,0.0000,0.0000,0.0000,0.0000,0.0000,0.0000,
263,1,140,216,306,321,0.0000,0.0000,0.0000,0.0000,0.0000,0.0000,
264,1,140,216,306,321,0.0000,0.0000,0.0000,0.0000,0.0000,0.0000,
265,1,140,216,306,321,0.0000,0.0000,0.0000,0.0000,0.0000,0.0000,
266,1,140,216,306,321,0.0000,0.0000,0.0000,0.0000,0.0000,0.0000,
267,1,140,216,306,321,0.0000,0.0000,0.0000,0.0000,0.0000,0.0000,
268,1,140,216,306,321,0.0000,0.0000,0.0000,0.0000,0.0000,0.0000,
269,1,140,216,306,321,0.0000,0.0000,0.0000,0.0000,0.0000,0.0000,
270,1,140,216,306,321,0.0000,0.0000,0.0000,0.0000,0.0000,0.0000,
271,1,140,216,306,321,0.0000,0.0000,0.0000,0.0000,0.0000,0.0000,
272,1,140,216,306,321,0.0000,0.0000,0.0000,0.0000,0.0000,0.0000,
273,1,140,216,306,321,0.0000,0.0000,0.0000,0.0000,0.0000,0.0000,
274,1,140,216,306,321,0.0000,0.0000,0.0000,0.0000,0.0000,0.0000,
275,1,140,216,306,321,0.0000,0.0000,0.0000,0.0000,0.0000,0.0000,
276,1,140,216,306,321,0.0000,0.0000,0.0000,0.0000,0.0000,0.0000,
277,1,140,216,306,321,0.0000,0.0000,0.0000,0.0000,0.0000,0.0000,
278,1,140,216,306,321,0.0000,0.0000,0.0000,0.0000,0.0000,0.0000,
279,1,140,216,306,321,0.0000,0.0000,0.0000,0.0000,0.0000,0.0000,
280,1,140,216,306,321,0.0000,0.0000,0.0000,0.0000,0.0000,0.0000,
281,1,140,216,306,321,0.0000,0.0000,0.0000,0.0000,0.0000,0.0000,
282,1,140,216,306,321,0.0000,0.0000,0.0000,0.0000,0.0000,0.0000,
283,1,140,216,306,321,0.0000,0.0000,0.0000,0.0000,0.0000,0.0000,
284,1,140,216,306,321,0.0000,0.0000,0.0000,0.0000,0.0000,0.0000,
285,1,140,216,306,321,0.0000,0.0000,0.0000,0.0000,0.0000,0.0000,
286,1,140,216,306,321,0.0000,0.0000,0.0000,0.0000,0.0000,0.0000,
287,1,140,216,306,321,0.0000,0.0000,0.0000,0.0000,0.0000,0.0000,
288,1,140,216,306,321,0.0000,0.0000,0.0000,0.0000,0.0000,0.0000,
289,1,140,216,306,321,0.0000,0.0000,0.0000,0.0000,0.0000,0.0000,
290,1,140,216,306,321,0.0000,0.0000,0.0000,0.0000,0.0000,0.0000,
291,1,140,216,306,321,0.0000,0.0000,0.0000,0.0000,0.0000,0.0000,
292,1,140,216,306,321,0.0000,0.0000,0.0000,0.0000,0.0000,0.0000,
293,1,140,216,306,321,0.0000,0.0000,0.0000,0.0000,0.0000,0.0000,
294,1,140,216,306,321,0.0000,0.0000,0.0000,0.0000,0.0000,0.0000,
295,1,140,216,306,321,0.0000,0.0000,0.0000,0.0000,0.0000,0.0000,
296,1,140,216,306,321,0.0000,0.0000,0.0000,0.0000,0.0000,0.0000,
297,1,140,216,306,321,0.0000,0.0000,0.0000,0.0000,0.0000,0.0000,
298,1,140,216,306,321,0.0000,0.0000,0.0000,0.0000,0.0000,0.0000,
299,1,140,216,306,321,0.0000,0.0000,0.0000,0.0000,0.0000,0.0000,
300,1,140,216,306,321,0.0000,0.0000,0.0000,0.0000,0.0000,0.0000,
301,1,140,216,306,321,0.0000,0.0000,0.0000,0.0000,0.0000,0.0000,
302,1,140,216,306,321,0.0000,0.0000,0.0000,0.0000,0.0000,0.0000,
303,1,140,216,306,321,0.0000,0.0000,0.0000,0.0000,0.0000,0.0000,
304,1,140,216,306,321,0.0000,0.0000,0.0000,0.0000,0.0000,0.0000,
305,1,140,216,306,321,0.0000,0.0000,0.0000,0.0000,0.0000,0.0000,
306,1,140,216,306,321,0.0000,0.0000,0.0000,0.0000,0.0000,0.0000,
307,1,140,216,306,321,0.0000,0.0000,0.0000,0.0000,0.0000,0.0000,
308,1,140,216,306,321,0.0000,0.0000,0.0000,0.0000,0.0000,0.0000,
309,1,140,216,306,321,0.0000,0.0000,0.0000,0.0000,0.0000,0.0000,
310,1,140,216,306,321,0.0000,0.0000,0.0000,0.0000,0.0000,0.0000,
311,1,140,216,306,321,0.0000,0.0000,0.0000,0.0000,0.0000,0.0000,
312,1,140,216,306,321,0.0000,0.0000,0.0000,0.0000,0.0000,0.0000,
313,1,140,216,306,321,0.0000,0.0000,0.0000,0.0000,0.0000,0.0000,
314,1,140,216,306,321,0.0000,0.0000,0.0000,0.0000,0.0000,0.0000,
315,1,140,216,306,321,0.0000,0.0000,0.0000,0.0000,0.0000,0.0000,
316,1,140,216,306,321,0.0000,0.0000,0.0000,0.0000,0.0000,0.0000,
317,1,140,216,306,321,0.0000,0.0000,0.0000,0.0000,0.0000,0.0000,
318,1,140,216,306,321,0.0000,0.0000,0.0000,0.0000,0.0000,0.0000,
319,1,140,216,306,321,0.0000,0.0000,0.0000,0.0000,0.0000,0.0000,
320,1,140,216,306,321,0.0000,0.0000,0.0000,0.0000,0.0000,0.0000,
321,1,140,216,306,321,0.0000,0.0000,0.0000,0.0000,0.0000,0.0000,
322,1,140,216,306,321,0.0000,0.0000,0.0000,0.0000,0.0000,0.0000,
323,1,140,216,306,321,0.0000,0.0000,0.0000,0.0000,0.0000,0.0000,
324,1,140,216,306,321,0.0000,0.0000,0.0000,0.0000,0.0000,0.0000,
325,1,140,216,306,321,0.0000,0.0000,0.0000,0.0000,0.0000,0.0000,
326,1,140,216,306,321,0.0000,0.0000,0.0000,0.0000,0.0000,0.0000,
327,1,140,216,306,321,0.0000,0.0000,0.0000,0.0000,0.0000,0.0000,
328,1,140,216,306,321,0.0000,0.0000,0.0000,0.0000,0.0000,0.0000,
329,1,140,216,306,321,0.0000,0.0000,0.0000,0.0000,0.0000,0.0000,
330,1,140,216,306,321,0.0000,0.0000,0.0000,0.0000,0.0000,0.0000,
331,1,140,216,306,321,0.0000,0.0000,0.0000,0.0000,0.0000,0.0000,
332,1,140,216,306,321,0.0000,0.0000,0.0000,0.0000,0.0000,0.0000,
333,1,140,216,306,321,0.0000,0.0000,0.0000,0.0000,0.0000,0.0000,
334,1,140,216,306,321,0.0000,0.0000,0.0000,0.0000,0.0000,0.0000,
335,1,140,216,306,321,0.0000,0.0000,0.0000,0.0000,0.0000,0.0000,
336,1,140,216,306,321,0.0000,0.0000,0.0000,0.0000,0.0000,0.0000,
337,1,140,216,306,321,0.0000,0.0000,0.0000,0.0000,0.0000,0.0000,
338,1,140,216,306,321,0.0000,0.0000,0.0000,0.0000,0.0000,0.0000,
339,1,140,216,306,321,0.0000,0.0000,0.0000,0.0000,0.0000,0.0000,
340,1,140,216,306,321,0.0000,0.0000,0.0000,0.0000,0.0000,0.0000,
341,1,140,216,306,321,0.0000,0.0000,0.0000,0.0000,0.0000,0.0000,
342,1,140,216,306,321,0.0000,0.0000,0.0000,0.0000,0.0000,0.0000,
343,1,140,216,306,321,0.0000,0.0000,0.0000,0.0000,0.0000,0.0000,
344,1,140,216,306,321,0.0000,0.0000,0.0000,0.0000,0.0000,0.0000,
345,1,140,216,306,321,0.0000,0.0000,0.0000,0.0000,0.0000,0.0000,
346,1,140,216,306,321,0.0000,0.0000,0.0000,0.0000,0.0000,0.0000,
347,1,140,216,306,321,0.0000,0.0000,0.0000,0.0000,0.0000,0.0000,
348,1,140,216,306,321,0.0000,0.0000,0.0000,0.0000,0.0000,0.0000,
349,1,140,216,306,321,0.0000,0.0000,0.0000,0.0000,0.0000,0.0000,
350,1,140,216,306,321,0.0000,0.0000,0.0000,0.0000,0.0000,0.0000,
351,1,140,216,306,321,0.0000,0.0000,0.0000,0.0000,0.0000,0.0000,
352,1,140,216,306,321,0.0000,0.0000,0.0000,0.0000,0.0000,0.0000,
353,1,140,216,306,321,0.0000,0.0000,0.0000,0.0000,0.0000,0.0000,
354,1,140,216,306,321,0.0000,0.0000,0.0000,0.0000,0.0000,0.0000,
355,1,140,216,306,321,0.0000,0.0000,0.0000,0.0000,0.0000,0.0000,
356,1,140,216,306,321,0.0000,0.0000,0.0000,0.0000,0.0000,0.0000,
357,1,140,216,306,321,0.0000,0.0000,0.0000,0.0000,0.0000,0.0000,
358,1,140,216,306,321,0.0000,0.0000,0.0000,0.0000,0.0000,0.0000,
359,1,140,216,306,321,0.0000,0.0000,0.0000,0.0000,0.0000,0.0000,
360,1,140,216,306,321,0.0000,0.0000,0.0000,0.0000,0.0000,0.0000,
361,1,140,216,306,321,0.0000,0.0000,0.0000,0.0000,0.0000,0.0000,
362,1,140,216,306,321,0.0000,0.0000,0.0000,0.0000,0.0000,0.0000,
363,1,140,216,306,321,0.0000,0.0000,0.0000,0.0000,0.0000,0.0000,
364,1,140,216,306,321,0.0000,0.0000,0.0000,0.0000,0.0000,0.0000,
365,1,140,216,306,321,0.0000,0.0000,0.0000,0.0000,0.0000,0.0000,
366,1,140,216,306,321,0.0000,0.0000,0.0000,0.0000,0.0000,0.0000,
367,1,140,216,306,321,0.0000,0.0000,0.0000,0.0000,0.0000,0.0000,
368,1,140,216,306,321,0.0000,0.0000,0.0000,0.0000,0.0000,0.0000,
369,1,140,216,306,321,0.0000,0.0000,0.0000,0.0000,0.0000,0.0000,
370,1,140,216,306,321,0.0000,0.0000,0.0000,0.0000,0.0000,0.0000,
371,1,140,216,306,321,0.0000,0.0000,0.0000,0.0000,0.0000,0.0000,
372,1,140,216,306,321,0.0000,0.0000,0.0000,0.0000,0.0000,0.0000,
373,1,140,216,306,321,0.0000,0.0000,0.0000,0.0000,0.0000,0.0000,
374,1,140,216,306,321,0.0000,0.0000,0.0000,0.0000,0.0000,0.0000,
375,1,140,216,306,321,0.0000,0.0000,0.0000,0.0000,0.0000,0.0000,
376,1,140,216,306,321,0.0000,0.0000,0.0000,0.0000,0.0000,0.0000,
377,1,140,216,306,321,0.0000,0.0000,0.0000,0.0000,0.0000,0.0000,
378,1,140,216,306,321,0.0000,0.0000,0.0000,0.0000,0.0000,0.0000,
379,1,140,216,306,321,0.0000,0.0000,0.0000,0.0000,0.0000,0.0000,
380,1,140,216,306,321,0.0000,0.0000,0.0000,0.0000,0.0000,0.0000,
381,1,140,216,306,321,0.0000,0.0000,0.0000,0.0000,0.0000,0.0000,
382,1,140,216,306,321,0.0000,0.0000,0.0000,0.0000,0.0000,0.0000,
383,1,140,216,306,321,0.0000,0.0000,0.0000,0.0000,0.0000,0.0000,
384,1,140,216,306,321,0.0000,0.0000,0.0000,0.0000,0.0000,0.0000,
385,1,140,216,306,321,0.0000,0.0000,0.0000,0.0000,0.0000,0.0000,
386,1,140,216,306,321,0.0000,0.0000,0.0000,0.0000,0.0000,0.0000,
387,1,140,216,306,321,0.0000,0.0000,0.0000,0.0000,0.0000,0.0000,
388,1,140,216,306,321,0.0000,0.0000,0.0000,0.0000,0.0000,0.0000,
389,1,140,216,306,321,0.0000,0.0000,0.0000,0.0000,0.0000,0.0000,
390,1,140,216,306,321,0.0000,0.0000,0.0000,0.0000,0.0000,0.0000,
391,1,140,216,306,321,0.0000,0.0000,0.0000,0.0000,0.0000,0.0000,
392,1,140,216,306,321,0.0000,0.0000,0.0000,0.0000,0.0000,0.0000,
393,1,140,216,306,321,0.0000,0.0000,0.0000,0.0000,0.0000,0.0000,
394,1,140,216,306,321,0.0000,0.0000,0.0000,0.0000,0.0000,0.0000,
395,1,140,216,306,321,0.0000,0.0000,0.0000,0.0000,0.0000,0.0000,
396,1,140,216,306,321,0.0000,0.0000,0.0000,0.0000,0.0000,0.0000,
397,1,140,216,306,321,0.0000,0.0000,0.0000,0.0000,0.0000,0.0000,
398,1,140,216,306,321,0.0000,0.0000,0.0000,0.0000,0.0000,0.0000,
399,1,140,216,306,321,0.0000,0.0000,0.0000,0.0000,0.0000,0.0000,
400,1,140,216,306,321,0.0000,0.0000,0.0000,0.0000,0.0000,0.0000,
401,1,140,216,306,321,0.0000,0.0000,0.0000,0.0000,0.0000,0.0000,
402,1,140,216,306,321,0.0000,0.0000,0.0000,0.0000,0.0000,0.0000,
403,1,140,216,306,321,0.0000,0.0000,0.0000,0.0000,0.0000,0.0000,
404,1,140,216,306,321,0.0000,0.0000,0.0000,0.0000,0.0000,0.0000,
405,1,140,216,306,321,0.0000,0.0000,0.0000,0.0000,0.0000,0.0000,
406,1,140,216,306,321,0.0000,0.0000,0.0000,0.0000,0.0000,0.0000,
407,1,140,216,306,321,0.0000,0.0000,0.0000,0.0000,0.0000,0.0000,
408,1,140,216,306,321,0.0000,0.0000,0.0000,0.0000,0.0000,0.0000,
409,1,140,216,306,321,0.0000,0.0000,0.0000,0.0000,0.0000,0.0000,
410,1,140,216,306,321,0.0000,0.0000,0.0000,0.0000,0.0000,0.0000,
411,1,140,216,306,321,0.0000,0.0000,0.0000,0.0000,0.0000,0.0000,
412,1,140,216,306,321,0.0000,0.0000,0.0000,0.0000,0.0000,0.0000,
413,1,140,216,306,321,0.0000,0.0000,0.0000,0.0000,0.0000,0.0000,
414,1,140,216,306,321,0.0000,0.0000,0.0000,0.0000,0.0000,0.0000,
415,1,140,216,306,321,0.0000,0.0000,0.0000,0.0000,0.0000,0.0000,
416,1,140,216,306,321,0.0000,0.0000,0.0000,0.0000,0.0000,0.0000,
417,1,140,216,306,321,0.0000,0.0000,0.0000,0.0000,0.0000,0.0000,
418,1,140,216,306,321,0.0000,0.0000,0.0000,0.0000,0.0000,0.0000,
419,1,140,216,306,321,0.0000,0.0000,0.0000,0.0000,0.0000,0.0000,
420,1,140,216,306,321,0.0000,0.0000,0.0000,0.0000,0.0000,0.0000,
421,1,140,216,306,321,0.0000,0.0000,0.0000,0.0000,0.0000,0.0000,
422,1,140,216,306,321,0.0000,0.0000,0.0000,0.0000,0.0000,0.0000,
423,1,140,216,306,321,0.0000,0.0000,0.0000,0.0000,0.0000,0.0000,
424,1,140,216,306,321,0.0000,0.0000,0.0000,0.0000,0.0000,0.0000,
425,1,140,216,306,321,0.0000,0.0000,0.0000,0.0000,0.0000,0.0000,
426,1,140,216,306,321,0.0000,0.0000,0.0000,0.0000,0.0000,0.0000,
427,1,140,216,306,321,0.0000,0.0000,0.0000,0.0000,0.0000,0.0000,
428,1,140,216,306,321,0.0000,0.0000,0.0000,0.0000,0.0000,0.0000,
429,1,140,216,306,321,0.0000,0.0000,0.0000,0.0000,0.0000,0.0000,
430,1,140,216,306,321,0.0000,0.0000,0.0000,0.0000,0.0000,0.0000,
431,1,140,216,306,321,0.0000,0.0000,0.0000,0.0000,0.0000,0.0000,
432,1,140,216,306,321,0.0000,0.0000,0.0000,0.0000,0.0000,0.0000,
433,1,140,216,306,321,0.0000,0.0000,0.0000,0.0000,0.0000,0.0000,
434,1,140,216,306,321,0.0000,0.0000,0.0000,0.0000,0.0000,0.0000,
435,1,140,216,306,321,0.0000,0.0000,0.0000,0.0000,0.0000,0.0000,
436,1,140,216,306,321,0.0000,0.0000,0.0000,0.0000,0.0000,0.0000,
437,1,140,216,306,321,0.0000,0.0000,0.0000,0.0000,0.0000,0.0000,
438,1,140,216,306,321,0.0000,0.0000,0.0000,0.0000,0.0000,0.0000,
439,1,140,216,306,321,0.0000,0.0000,0.0000,0.0000,0.0000,0.0000,
440,1,140,216,306,321,0.0000,0.0000,0.0000,0.0000,0.0000,0.0000,
441,1,140,216,306,321,0.0000,0.0000,0.0000,0.0000,0.0000,0.0000,
442,1,140,216,306,321,0.0000,0.0000,0.0000,0.0000,0.0000,0.0000,
443,1,140,216,306,321,0.0000,0.0000,0.0000,0.0000,0.0000,0.0000,
444,1,140,216,306,321,0.0000,0.0000,0.0000,0.0000,0.0000,0.0000,
445,1,140,216,306,321,0.0000,0.0000,0.0000,0.0000,0.0000,0.0000,
446,1,140,216,306,321,0.0000,0.0000,0.0000,0.0000,0.0000,0.0000,
447,1,140,216,306,321,0.0000,0.0000,0.0000,0.0000,0.0000,0.0000,
448,1,140,216,306,321,0.0000,0.0000,0.0000,0.0000,0.0000,0.0000,
449,1,140,216,306,321,0.0000,0.0000,0.0000,0.0000,0.0000,0.0000,
450,1,140,216,306,321,0.0000,0.0000,0.0000,0.0000,0.0000,0.0000,
451,1,140,216,306,321,0.0000,0.0000,0.0000,0.0000,0.0000,0.0000,
452,1,140,216,306,321,0.0000,0.0000,0.0000,0.0000,0.0000,0.0000,
453,1,140,216,306,321,0.0000,0.0000,0.0000,0.0000,0.0000,0.0000,
454,1,140,216,306,321,0.0000,0.0000,0.0000,0.0000,0.0000,0.0000,
455,1,140,216,306,321,0.0000,0.0000,0.0000,0.0000,0.0000,0.0000,
456,1,140,216,306,321,0.0000,0.0000,0.0000,0.0000,0.0000,0.0000,
457,1,140,216,306,321,0.0000,0.0000,0.0000,0.0000,0.0000,0.0000,
458,1,140,216,306,321,0.0000,0.0000,0.0000,0.0000,0.0000,0.0000,
459,1,140,216,306,321,0.0000,0.0000,0.0000,0.0000,0.0000,0.0000,
460,1,140,216,306,321,0.0000,0.0000,0.0000,0.0000,0.0000,0.0000,
461,1,140,216,306,321,0.0000,0.0000,0.0000,0.0000,0.0000,0.0000,
462,1,140,216,306,321,0.0000,0.0000,0.0000,0.0000,0.0000,0.0000,
463,1,140,216,306,321,0.0000,0.0000,0.0000,0.0000,0.0000,0.0000,
464,1,140,216,306,321,0.0000,0.0000,0.0000,0.0000,0.0000,0.0000,
465,1,140,216,306,321,0.0000,0.0000,0.0000,0.0000,0.0000,0.0000,
466,1,140,216,306,321,0.0000,0.0000,0.0000,0.0000,0.0000,0.0000,
467,1,140,216,306,321,0.0000,0.0000,0.0000,0.0000,0.0000,0.0000,
468,1,140,216,306,321,0.0000,0.0000,0.0000,0.0000,0.0000,0.0000,
469,1,140,216,306,321,0.0000,0.0000,0.0000,0.0000,0.0000,0.0000,
470,1,140,216,306,321,0.0000,0.0000,0.0000,0.0000,0.0000,0.0000,
471,1,140,216,306,321,0.0000,0.0000,0.0000,0.0000,0.0000,0.0000,
472,1,140,216,306,321,0.0000,0.0000,0.0000,0.0000,0.0000,0.0000,
473,1,140,216,306,321,0.0000,0.0000,0.0000,0.0000,0.0000,0.0000,
474,1,140,216,306,321,0.0000,0.0000,0.0000,0.0000,0.0000,0.0000,
475,1,140,216,306,321,0.0000,0.0000,0.0000,0.0000,0.0000,0.0000,
476,1,140,216,306,321,0.0000,0.0000,0.0000,0.0000,0.0000,0.0000,
477,1,140,216,306,321,0.0000,0.0000,0.0000,0.0000,0.0000,0.0000,
478,1,140,216,306,321,0.0000,0.0000,0.0000,0.0000,0.0000,0.0000,
479,1,140,216,306,321,0.0000,0.0000,0.0000,0.0000,0.0000,0.0000,
480,1,140,216,306,321,0.0000,0.0000,0.0000,0.0000,0.0000,0.0000,
481,1,140,216,306,321,0.0000,0.0000,0.0000,0.0000,0.0000,0.0000,
482,1,140,216,306,321,0.0000,0.0000,0.0000,0.0000,0.0000,0.0000,
483,1,140,216,306,321,0.0000,0.0000,0.0000,0.0000,0.0000,0.0000,
484,1,140,216,306,321,0.0000,0.0000,0.0000,0.0000,0.0000,0.0000,
485,1,140,216,306,321,0.0000,0.0000,0.0000,0.0000,0.0000,0.0000,
486,1,140,216,306,321,0.0000,0.0000,0.0000,0.0000,0.0000,0.0000,
487,1,140,216,306,321,0.0000,0.0000,0.0000,0.0000,0.0000,0.0000,
488,1,140,216,306,321,0.0000,0.0000,0.0000,0.0000,0.0000,0.0000,
489,1,140,216,306,321,0.0000,0.0000,0.0000,0.0000,0.0000,0.0000,
490,1,140,216,306,321,0.0000,0.0000,0.0000,0.0000,0.0000,0.0000,
491,1,140,216,306,321,0.0000,0.0000,0.0000,0.0000,0.0000,0.0000,
492,1,140,216,306,321,0.0000,0.0000,0.0000,0.0000,0.0000,0.0000,
493,1,140,216,306,321,0.0000,0.0000,0.0000,0.0000,0.0000,0.0000,
494,1,140,216,306,321,0.0000,0.0000,0.0000,0.0000,0.0000,0.0000,
495,1,140,216,306,321,0.0000,0.0000,0.0000,0.0000,0.0000,0.0000,
496,1,140,216,306,321,0.0000,0.0000,0.0000,0.0000,0.0000,0.0000,
497,1,140,216,306,321,0.0000,0.0000,0.0000,0.0000,0.0000,0.0000,
498,1,140,216,306,321,0.0000,0.0000,0.0000,0.0000,0.0000,0.0000,
499,1,140,216,306,321,0.0000,0.0000,0.0000,0.0000,0.0000,0.0000,
500,1,140,216,306,321,0.0000,0.0000,0.0000,0.0000,0.0000,0.0000,
501,1,140,216,306,321,0.0000,0.0000,0.0000,0.0000,0.0000,0.0000,
502,1,140,216,306,321,0.0000,0.0000,0.0000,0.0000,0.0000,0.0000,
503,1,140,216,306,321,0.0000,0.0000,0.0000,0.0000,0.0000,0.0000,
504,1,140,216,306,321,0.0000,0.0000,0.0000,0.0000,0.0000,0.0000,
505,1,140,216,306,321,0.0000,0.0000,0.0000,0.0000,0.0000,0.0000,
506,1,140,216,306,321,0.0000,0.0000,0.0000,0.0000,0.0000,0.0000,
507,1,140,216,306,321,0.0000,0.0000,0.0000,0.0000,0.0000,0.0000,
508,1,140,216,306,321,0.0000,0.0000,0.0000,0.0000,0.0000,0.0000,
509,1,140,216,306,321,0.0000,0.0000,0.0000,0.0000,0.0000,0.0000,
510,1,140,216,306,321,0.0000,0.0000,0.0000,0.0000,0.0000,0.0000,
511,1,140,216,306,321,0.0000,0.0000,0.0000,0.0000,0.0000,0.0000,
512,1,140,216,306,321,0.0000,0.0000,0.0000,0.0000,0.0000,0.0000,
513,1,140,216,306,321,0.0000,0.0000,0.0000,0.0000,0.0000,0.0000,
514,1,140,216,306,321,0.0000,0.0000,0.0000,0.0000,0.0000,0.0000,
515,1,140,216,306,321,0.0000,0.0000,0.0000,0.0000,0.0000,0.0000,
516,1,140,216,306,321,0.0000,0.0000,0.0000,0.0000,0.0000,0.0000,
517,1,140,216,306,321,0.0000,0.0000,0.0000,0.0000,0.0000,0.0000,
518,1,140,216,306,321,0.0000,0.0000,0.0000,0.0000,0.0000,0.0000,
519,1,140,216,306,321,0.0000,0.0000,0.0000,0.0000,0.0000,0.0000,
520,1,140,216,306,321,0.0000,0.0000,0.0000,0.0000,0.0000,0.0000,
521,1,140,216,306,321,0.0000,0.0000,0.0000,0.0000,0.0000,0.0000,
522,1,140,216,306,321,0.0000,0.0000,0.0000,0.0000,0.0000,0.0000,
523,1,140,216,306,321,0.0000,0.0000,0.0000,0.0000,0.0000,0.0000,
524,1,140,216,306,321,0.0000,0.0000,0.0000,0.0000,0.0000,0.0000,
525,1,140,216,306,321,0.0000,0.0000,0.0000,0.0000,0.0000,0.0000,
526,1,140,216,306,321,0.0000,0.0000,0.0000,0.0000,0.0000,0.0000,
527,1,140,216,306,321,0.0000,0.0000,0.0000,0.0000,0.0000,0.0000,
528,1,140,216,306,321,0.0000,0.0000,0.0000,0.0000,0.0000,0.0000,
529,1,140,216,306,321,0.0000,0.0000,0.0000,0.0000,0.0000,0.0000,
530,1,140,216,306,321,0.0000,0.0000,0.0000,0.0000,0.0000,0.0000,
531,1,140,216,306,321,0.0000,0.0000,0.0000,0.0000,0.0000,0.0000,
532,1,140,216,306,321,0.0000,0.0000,0.0000,0.0000,0.0000,0.0000,
533,1,140,216,306,321,0.0000,0.0000,0.0000,0.0000,0.0000,0.0000,
534,1,140,216,306,321,0.0000,0.0000,0.0000,0.0000,0.0000,0.0000,
535,1,140,216,306,321,0.0000,0.0000,0.0000,0.0000,0.0000,0.0000,
536,1,140,216,306,321,0.0000,0.0000,0.0000,0.0000,0.0000,0.0000,
537,1,140,216,306,321,0.0000,0.0000,0.0000,0.0000,0.0000,0.0000,
538,1,140,216,306,321,0.0000,0.0000,0.0000,0.0000,0.0000,0.0000,
539,1,140,216,306,321,0.0000,0.0000,0.0000,0.0000,0.0000,0.0000,
540,1,140,216,306,321,0.0000,0.0000,0.0000,0.0000,0.0000,0.0000,
541,1,140,216,306,321,0.0000,0.0000,0.0000,0.0000,0.0000,0.0000,
542,1,140,216,306,321,0.0000,0.0000,0.0000,0.0000,0.0000,0.0000,
543,1,140,216,306,321,0.0000,0.0000,0.0000,0.0000,0.0000,0.0000,
544,1,140,216,306,321,0.0000,0.0000,0.0000,0.0000,0.0000,0.0000,
545,1,140,216,306,321,0.0000,0.0000,0.0000,0.0000,0.0000,0.0000,
546,1,140,216,306,321,0.0000,0.0000,0.0000,0.0000,0.0000,0.0000,
547,1,140,216,306,321,0.0000,0.0000,0.0000,0.0000,0.0000,0.0000,
548,1,140,216,306,321,0.0000,0.0000,0.0000,0.0000,0.0000,0.0000,
549,1,140,216,306,321,0.0000,0.0000,0.0000,0.0000,0.0000,0.0000,
550,1,140,216,306,321,0.0000,0.0000,0.0000,0.0000,0.0000,0.0000,
551,1,140,216,306,321,0.0000,0.0000,0.0000,0.0000,0.0000,0.0000,
552,1,140,216,306,321,0.0000,0.0000,0.0000,0.0000,0.0000,0.0000,
553,1,140,216,306,321,0.0000,0.0000,0.0000,0.0000,0.0000,0.0000,
554,1,140,216,306,321,0.0000,0.0000,0.0000,0.0000,0.0000,0.0000,
555,1,140,216,306,321,0.0000,0.0000,0.0000,0.0000,0.0000,0.0000,
556,1,140,216,306,321,0.0000,0.0000,0.0000,0.0000,0.0000,0.0000,
557,1,140,216,306,321,0.0000,0.0000,0.0000,0.0000,0.0000,0.0000,
558,1,140,216,306,321,0.0000,0.0000,0.0000,0.0000,0.0000,0.0000,
559,1,140,216,306,321,0.0000,0.0000,0.0000,0.0000,0.0000,0.0000,
560,1,140,216,306,321,0.0000,0.0000,0.0000,0.0000,0.0000,0.0000,
561,1,140,216,306,321,0.0000,0.0000,0.0000,0.0000,0.0000,0.0000,
562,1,140,216,306,321,0.0000,0.0000,0.0000,0.0000,0.0000,0.0000,
563,1,140,216,306,321,0.0000,0.0000,0.0000,0.0000,0.0000,0.0000,
564,1,140,216,306,321,0.0000,0.0000,0.0000,0.0000,0.0000,0.0000,
565,1,140,216,306,321,0.0000,0.0000,0.0000,0.0000,0.0000,0.0000,
566,1,140,216,306,321,0.0000,0.0000,0.0000,0.0000,0.0000,0.0000,
567,1,140,216,306,321,0.0000,0.0000,0.0000,0.0000,0.0000,0.0000,
568,1,140,216,306,321,0.0000,0.0000,0.0000,0.0000,0.0000,0.0000,
569,1,140,216,306,321,0.0000,0.0000,0.0000,0.0000,0.0000,0.0000,
570,1,140,216,306,321,0.0000,0.0000,0.0000,0.0000,0.0000,0.0000,
571,1,140,216,306,321,0.0000,0.0000,0.0000,0.0000,0.0000,0.0000,
572,1,140,216,306,321,0.0000,0.0000,0.0000,0.0000,0.0000,0.0000,
573,1,140,216,306,321,0.0000,0.0000,0.0000,0.0000,0.0000,0.0000,
574,1,140,216,306,321,0.0000,0.0000,0.0000,0.0000,0.0000,0.0000,
575,1,140,216,306,321,0.0000,0.0000,0.0000,0.0000,0.0000,0.0000,
576,1,140,216,306,321,0.0000,0.0000,0.0000,0.0000,0.0000,0.0000,
577,1,140,216,306,321,0.0000,0.0000,0.0000,0.0000,0.0000,0.0000,
578,1,140,216,306,321,0.0000,0.0000,0.0000,0.0000,0.0000,0.0000,
579,1,140,216,306,321,0.0000,0.0000,0.0000,0.0000,0.0000,0.0000,
580,1,140,216,306,321,0.0000,0.0000,0.0000,0.0000,0.0000,0.0000,
581,1,140,216,306,321,0.0000,0.0000,0.0000,0.0000,0.0000,0.0000,
582,1,140,216,306,321,0.0000,0.0000,0.0000,0.0000,0.0000,0.0000,
583,1,140,216,306,321,0.0000,0.0000,0.0000,0.0000,0.0000,0.0000,
584,1,140,216,306,321,0.0000,0.0000,0.0000,0.0000,0.0000,0.0000,
585,1,140,216,306,321,0.0000,0.0000,0.0000,0.0000,0.0000,0.0000,
586,1,140,216,306,321,0.0000,0.0000,0.0000,0.0000,0.0000,0.0000,
587,1,140,216,306,321,0.0000,0.0000,0.0000,0.0000,0.0000,0.0000,
588,1,140,216,306,321,0.0000,0.0000,0.0000,0.0000,0.0000,0.0000,
589,1,140,216,306,321,0.0000,0.0000,0.0000,0.0000,0.0000,0.0000,
590,1,140,216,306,321,0.0000,0.0000,0.0000,0.0000,0.0000,0.0000,
591,1,140,216,306,321,0.0000,0.0000,0.0000,0.0000,0.0000,0.0000,
592,1,140,216,306,321,0.0000,0.0000,0.0000,0.0000,0.0000,0.0000,
593,1,140,216,306,321,0.0000,0.0000,0.0000,0.0000,0.0000,0.0000,
594,1,140,216,306,321,0.0000,0.0000,0.0000,0.0000,0.0000,0.0000,
595,1,140,216,306,321,0.0000,0.0000,0.0000,0.0000,0.0000,0.0000,
596,1,140,216,306,321,0.0000,0.0000,0.0000,0.0000,0.0000,0.0000,
597,1,140,216,306,321,0.0000,0.0000,0.0000,0.0000,0.0000,0.0000,
598,1,140,216,306,321,0.0000,0.0000,0.0000,0.0000,0.0000,0.0000,
599,1,140,216,306,321,0.0000,0.0000,0.0000,0.0000,0.0000,0.0000,
600,1,140,216,306,321,0.0000,0.0000,0.0000,0.0000,0.0000,0.0000,
601,1,140,216,306,321,0.0000,0.0000,0.0000,0.0000,0.0000,0.0000,
602,1,140,216,306,321,0.0000,0.0000,0.0000,0.0000,0.0000,0.0000,
603,1,140,216,306,321,0.0000,0.0000,0.0000,0.0000,0.0000,0.0000,
604,1,140,216,306,321,0.0000,0.0000,0.0000,0.0000,0.0000,0.0000,
605,1,140,216,306,321,0.0000,0.0000,0.0000,0.0000,0.0000,0.0000,
606,1,140,216,306,321,0.0000,0.0000,0.0000,0.0000,0.0000,0.0000,
607,1,140,216,306,321,0.0000,0.0000,0.0000,0.0000,0.0000,0.0000,
608,1,140,216,306,321,0.0000,0.0000,0.0000,0.0000,0.0000,0.0000,
609,1,140,216,306,321,0.0000,0.0000,0.0000,0.0000,0.0000,0.0000,
610,1,140,216,306,321,0.0000,0.0000,0.0000,0.0000,0.0000,0.0000,
611,1,140,216,306,321,0.0000,0.0000,0.0000,0.0000,0.0000,0.0000,
612,1,140,216,306,321,0.0000,0.0000,0.0000,0.0000,0.0000,0.0000,
613,1,140,216,306,321,0.0000,0.0000,0.0000,0.0000,0.0000,0.0000,
614,1,140,216,306,321,0.0000,0.0000,0.0000,0.0000,0.0000,0.0000,
615,1,140,216,306,321,0.0000,0.0000,0.0000,0.0000,0.0000,0.0000,
616,1,140,216,306,321,0.0000,0.0000,0.0000,0.0000,0.0000,0.0000,
617,1,140,216,306,321,0.0000,0.0000,0.0000,0.0000,0.0000,0.0000,
618,1,140,216,306,321,0.0000,0.0000,0.0000,0.0000,0.0000,0.0000,
619,1,140,216,306,321,0.0000,0.0000,0.0000,0.0000,0.0000,0.0000,
620,1,140,216,306,321,0.0000,0.0000,0.0000,0.0000,0.0000,0.0000,
621,1,140,216,306,321,0.0000,0.0000,0.0000,0.0000,0.0000,0.0000,
622,1,140,216,306,321,0.0000,0.0000,0.0000,0.0000,0.0000,0.0000,
623,1,140,216,306,321,0.0000,0.0000,0.0000,0.0000,0.0000,0.0000,
624,1,140,216,306,321,0.0000,0.0000,0.0000,0.0000,0.0000,0.0000,
625,1,140,216,306,321,0.0000,0.0000,0.0000,0.0000,0.0000,0.0000,
626,1,140,216,306,321,0.0000,0.0000,0.0000,0.0000,0.0000,0.0000,
627,1,140,216,306,321,0.0000,0.0000,0.0000,0.0000,0.0000,0.0000,
628,1,140,216,306,321,0.0000,0.0000,0.0000,0.0000,0.0000,0.0000,
629,1,140,216,306,321,0.0000,0.0000,0.0000,0.0000,0.0000,0.0000,
630,1,140,216,306,321,0.0000,0.0000,0.0000,0.0000,0.0000,0.0000,
631,1,140,216,306,321,0.0000,0.0000,0.0000,0.0000,0.0000,0.0000,
632,1,140,216,306,321,0.0000,0.0000,0.0000,0.0000,0.0000,0.0000,
633,1,140,216,306,321,0.0000,0.0000,0.0000,0.0000,0.0000,0.0000,
634,1,140,216,306,321,0.0000,0.0000,0.0000,0.0000,0.0000,0.0000,
635,1,140,216,306,321,0.0000,0.0000,0.0000,0.0000,0.0000,0.0000,
636,1,140,216,306,321,0.0000,0.0000,0.0000,0.0000,0.0000,0.0000,
637,1,140,216,306,321,0.0000,0.0000,0.0000,0.0000,0.0000,0.0000,
638,1,140,216,306,321,0.0000,0.0000,0.0000,0.0000,0.0000,0.0000,
639,1,140,216,306,321,0.0000,0.0000,0.0000,0.0000,0.0000,0.0000,
640,1,140,216,306,321,0.0000,0.0000,0.0000,0.0000,0.0000,0.0000,
641,1,140,216,306,321,0.0000,0.0000,0.0000,0.0000,0.0000,0.0000,
642,1,140,216,306,321,0.0000,0.0000,0.0000,0.0000,0.0000,0.0000,
643,1,140,216,306,321,0.0000,0.0000,0.0000,0.0000,0.0000,0.0000,
644,1,140,216,306,321,0.0000,0.0000,0.0000,0.0000,0.0000,0.0000,
645,1,140,216,306,321,0.0000,0.0000,0.0000,0.0000,0.0000,0.0000,
646,1,140,216,306,321,0.0000,0.0000,0.0000,0.0000,0.0000,0.0000,
647,1,140,216,306,321,0.0000,0.0000,0.0000,0.0000,0.0000,0.0000,
648,1,140,216,306,321,0.0000,0.0000,0.0000,0.0000,0.0000,0.0000,
649,1,140,216,306,321,0.0000,0.0000,0.0000,0.0000,0.0000,0.0000,
650,1,140,216,306,321,0.0000,0.0000,0.0000,0.0000,0.0000,0.0000,
651,1,140,216,306,321,0.0000,0.0000,0.0000,0.0000,0.0000,0.0000,
652,1,140,216,306,321,0.0000,0.0000,0.0000,0.0000,0.0000,0.0000,
653,1,140,216,306,321,0.0000,0.0000,0.0000,0.0000,0.0000,0.0000,
654,1,140,216,306,321,0.0000,0.0000,0.0000,0.0000,0.0000,0.0000,
655,1,140,216,306,321,0.0000,0.0000,0.0000,0.0000,0.0000,0.0000,
656,1,140,216,306,321,0.0000,0.0000,0.0000,0.0000,0.0000,0.0000,
657,1,140,216,306,321,0.0000,0.0000,0.0000,0.0000,0.0000,0.0000,
658,1,140,216,306,321,0.0000,0.0000,0.0000,0.0000,0.0000,0.0000,
659,1,140,216,306,321,0.0000,0.0000,0.0000,0.0000,0.0000,0.0000,
660,1,140,216,306,321,0.0000,0.0000,0.0000,0.0000,0.0000,0.0000,
661,1,140,216,306,321,0.0000,0.0000,0.0000,0.0000,0.0000,0.0000,
662,1,140,216,306,321,0.0000,0.0000,0.0000,0.0000,0.0000,0.0000,
663,1,140,216,306,321,0.0000,0.0000,0.0000,0.0000,0.0000,0.0000,
664,1,140,216,306,321,0.0000,0.0000,0.0000,0.0000,0.0000,0.0000,
665,1,140,216,306,321,0.0000,0.0000,0.0000,0.0000,0.0000,0.0000,
666,1,140,216,306,321,0.0000,0.0000,0.0000,0.0000,0.0000,0.0000,
667,1,140,216,306,321,0.0000,0.0000,0.0000,0.0000,0.0000,0.0000,
668,1,140,216,306,321,0.0000,0.0000,0.0000,0.0000,0.0000,0.0000,
669,1,140,216,306,321,0.0000,0.0000,0.0000,0.0000,0.0000,0.0000,
670,1,140,216,306,321,0.0000,0.0000,0.0000,0.0000,0.0000,0.0000,
671,1,140,216,306,321,0.0000,0.0000,0.0000,0.0000,0.0000,0.0000,
672,1,140,216,306,321,0.0000,0.0000,0.0000,0.0000,0.0000,0.0000,
673,1,140,216,306,321,0.0000,0.0000,0.0000,0.0000,0.0000,0.0000,
674,1,140,216,306,321,0.0000,0.0000,0.0000,0.0000,0.0000,0.0000,
675,1,140,216,306,321,0.0000,0.0000,0.0000,0.0000,0.0000,0.0000,
676,1,140,216,306,321,0.0000,0.0000,0.0000,0.0000,0.0000,0.0000,
677,1,140,216,306,321,0.0000,0.0000,0.0000,0.0000,0.0000,0.0000,
678,1,140,216,306,321,0.0000,0.0000,0.0000,0.0000,0.0000,0.0000,
679,1,140,216,306,321,0.0000,0.0000,0.0000,0.0000,0.0000,0.0000,
680,1,140,216,306,321,0.0000,0.0000,0.0000,0.0000,0.0000,0.0000,
681,1,140,216,306,321,0.0000,0.0000,0.0000,0.0000,0.0000,0.0000,
682,1,140,216,306,321,0.0000,0.0000,0.0000,0.0000,0.0000,0.0000,
683,1,140,216,306,321,0.0000,0.0000,0.0000,0.0000,0.0000,0.0000,
684,1,140,216,306,321,0.0000,0.0000,0.0000,0.0000,0.0000,0.0000,
685,1,140,216,306,321,0.0000,0.0000,0.0000,0.0000,0.0000,0.0000,
686,1,140,216,306,321,0.0000,0.0000,0.0000,0.0000,0.0000,0.0000,
687,1,140,216,306,321,0.0000,0.0000,0.0000,0.0000,0.0000,0.0000,
688,1,140,216,306,321,0.0000,0.0000,0.0000,0.0000,0.0000,0.0000,
689,1,140,216,306,321,0.0000,0.0000,0.0000,0.0000,0.0000,0.0000,
690,1,140,216,306,321,0.0000,0.0000,0.0000,0.0000,0.0000,0.0000,
691,1,140,216,306,321,0.0000,0.0000,0.0000,0.0000,0.0000,0.0000,
692,1,140,216,306,321,0.0000,0.0000,0.0000,0.0000,0.0000,0.0000,
693,1,140,216,306,321,0.0000,0.0000,0.0000,0.0000,0.0000,0.0000,
694,1,140,216,306,321,0.0000,0.0000,0.0000,0.0000,0.0000,0.0000,
695,1,140,216,306,321,0.0000,0.0000,0.0000,0.0000,0.0000,0.0000,
696,1,140,216,306,321,0.0000,0.0000,0.0000,0.0000,0.0000,0.0000,
697,1,140,216,306,321,0.0000,0.0000,0.0000,0.0000,0.0000,0.0000,
698,1,140,216,306,321,0.0000,0.0000,0.0000,0.0000,0.0000,0.0000,
699,1,140,216,306,321,0.0000,0.0000,0.0000,0.0000,0.0000,0.0000,
700,1,140,216,306,321,0.0000,0.0000,0.0000,0.0000,0.0000,0.0000,
701,1,140,216,306,321,0.0000,0.0000,0.0000,0.0000,0.0000,0.0000,
702,1,140,216,306,321,0.0000,0.0000,0.0000,0.0000,0.0000,0.0000,
703,1,140,216,306,321,0.0000,0.0000,0.0000,0.0000,0.0000,0.0000,
704,1,140,216,306,321,0.0000,0.0000,0.0000,0.0000,0.0000,0.0000,
705,1,140,216,306,321,0.0000,0.0000,0.0000,0.0000,0.0000,0.0000,
706,1,140,216,306,321,0.0000,0.0000,0.0000,0.0000,0.0000,0.0000,
707,1,140,216,306,321,0.0000,0.0000,0.0000,0.0000,0.0000,0.0000,
708,1,140,216,306,321,0.0000,0.0000,0.0000,0.0000,0.0000,0.0000,
709,1,140,216,306,321,0.0000,0.0000,0.0000,0.0000,0.0000,0.0000,
710,1,140,216,306,321,0.0000,0.0000,0.0000,0.0000,0.0000,0.0000,
711,1,140,216,306,321,0.0000,0.0000,0.0000,0.0000,0.0000,0.0000,
712,1,140,216,306,321,0.0000,0.0000,0.0000,0.0000,0.0000,0.0000,
713,1,140,216,306,321,0.0000,0.0000,0.0000,0.0000,0.0000,0.0000,
714,1,140,216,306,321,0.0000,0.0000,0.0000,0.0000,0.0000,0.0000,
715,1,140,216,306,321,0.0000,0.0000,0.0000,0.0000,0.0000,0.0000,
716,1,140,216,306,321,0.0000,0.0000,0.0000,0.0000,0.0000,0.0000,
717,1,140,216,306,321,0.0000,0.0000,0.0000,0.0000,0.0000,0.0000,
718,1,140,216,306,321,0.0000,0.0000,0.0000,0.0000,0.0000,0.0000,
719,1,140,216,306,321,0.0000,0.0000,0.0000,0.0000,0.0000,0.0000,
720,1,140,216,306,321,0.0000,0.0000,0.0000,0.0000,0.0000,0.0000,
721,1,140,216,306,321,0.0000,0.0000,0.0000,0.0000,0.0000,0.0000,
722,1,140,216,306,321,0.0000,0.0000,0.0000,0.0000,0.0000,0.0000,
723,1,140,216,306,321,0.0000,0.0000,0.0000,0.0000,0.0000,0.0000,
724,1,140,216,306,321,0.0000,0.0000,0.0000,0.0000,0.0000,0.0000,
725,1,140,216,306,321,0.0000,0.0000,0.0000,0.0000,0.0000,0.0000,
726,1,140,216,306,321,0.0000,0.0000,0.0000,0.0000,0.0000,0.0000,
727,1,140,216,306,321,0.0000,0.0000,0.0000,0.0000,0.0000,0.0000,
728,1,140,216,306,321,0.0000,0.0000,0.0000,0.0000,0.0000,0.0000,
729,1,140,216,306,321,0.0000,0.0000,0.0000,0.0000,0.0000,0.0000,
730,1,140,216,306,321,0.0000,0.0000,0.0000,0.0000,0.0000,0.0000,
731,1,140,216,306,321,0.0000,0.0000,0.0000,0.0000,0.0000,0.0000,
732,1,140,216,306,321,0.0000,0.0000,0.0000,0.0000,0.0000,0.0000,
733,1,140,216,306,321,0.0000,0.0000,0.0000,0.0000,0.0000,0.0000,
734,1,140,216,306,321,0.0000,0.0000,0.0000,0.0000,0.0000,0.0000,
735,1,140,216,306,321,0.0000,0.0000,0.0000,0.0000,0.0000,0.0000,
736,1,140,216,306,321,0.0000,0.0000,0.0000,0.0000,0.0000,0.0000,
737,1,140,216,306,321,0.0000,0.0000,0.0000,0.0000,0.0000,0.0000,
738,1,140,216,306,321,0.0000,0.0000,0.0000,0.0000,0.0000,0.0000,
739,1,140,216,306,321,0.0000,0.0000,0.0000,0.0000,0.0000,0.0000,
740,1,140,216,306,321,0.0000,0.0000,0.0000,0.0000,0.0000,0.0000,
741,1,140,216,306,321,0.0000,0.0000,0.0000,0.0000,0.0000,0.0000,
742,1,140,216,306,321,0.0000,0.0000,0.0000,0.0000,0.0000,0.0000,
743,1,140,216,306,321,0.0000,0.0000,0.0000,0.0000,0.0000,0.0000,
744,1,140,216,306,321,0.0000,0.0000,0.0000,0.0000,0.0000,0.0000,
745,1,140,216,306,321,0.0000,0.0000,0.0000,0.0000,0.0000,0.0000,
746,1,140,216,306,321,0.0000,0.0000,0.0000,0.0000,0.0000,0.0000,
747,1,140,216,306,321,0.0000,0.0000,0.0000,0.0000,0.0000,0.0000,
748,1,140,216,306,321,0.0000,0.0000,0.0000,0.0000,0.0000,0.0000,
749,1,140,216,306,321,0.0000,0.0000,0.0000,0.0000,0.0000,0.0000,
750,1,140,216,306,321,0.0000,0.0000,0.0000,0.0000,0.0000,0.0000,
751,1,140,216,306,321,0.0000,0.0000,0.0000,0.0000,0.0000,0.0000,
752,1,140,216,306,321,0.0000,0.0000,0.0000,0.0000,0.0000,0.0000,
753,1,140,216,306,321,0.0000,0.0000,0.0000,0.0000,0.0000,0.0000,
754,1,140,216,306,321,0.0000,0.0000,0.0000,0.0000,0.0000,0.0000,
755,1,140,216,306,321,0.0000,0.0000,0.0000,0.0000,0.0000,0.0000,
756,1,140,216,306,321,0.0000,0.0000,0.0000,0.0000,0.0000,0.0000,
757,1,140,216,306,321,0.0000,0.0000,0.0000,0.0000,0.0000,0.0000,
758,1,140,216,306,321,0.0000,0.0000,0.0000,0.0000,0.0000,0.0000,
759,1,140,216,306,321,0.0000,0.0000,0.0000,0.0000,0.0000,0.0000,
760,1,140,216,306,321,0.0000,0.0000,0.0000,0.0000,0.0000,0.0000,
761,1,140,216,306,321,0.0000,0.0000,0.0000,0.0000,0.0000,0.0000,
762,1,140,216,306,321,0.0000,0.0000,0.0000,0.0000,0.0000,0.0000,
763,1,140,216,306,321,0.0000,0.0000,0.0000,0.0000,0.0000,0.0000,
764,1,140,216,306,321,0.0000,0.0000,0.0000,0.0000,0.0000,0.0000,
765,1,140,216,306,321,0.0000,0.0000,0.0000,0.0000,0.0000,0.0000,
766,1,140,216,306,321,0.0000,0.0000,0.0000,0.0000,0.0000,0.0000,
767,1,140,216,306,321,0.0000,0.0000,0.0000,0.0000,0.0000,0.0000,
768,1,140,216,306,321,0.0000,0.0000,0.0000,0.0000,0.0000,0.0000,
769,1,140,216,306,321,0.0000,0.0000,0.0000,0.0000,0.0000,0.0000,
770,1,140,216,306,321,0.0000,0.0000,0.0000,0.0000,0.0000,0.0000,
771,1,140,216,306,321,0.0000,0.0000,0.0000,0.0000,0.0000,0.0000,
772,1,140,216,306,321,0.0000,0.0000,0.0000,0.0000,0.0000,0.0000,
773,1,140,216,306,321,0.0000,0.0000,0.0000,0.0000,0.0000,0.0000,
774,1,140,216,306,321,0.0000,0.0000,0.0000,0.0000,0.0000,0.0000,
775,1,140,216,306,321,0.0000,0.0000,0.0000,0.0000,0.0000,0.0000,
776,1,140,216,306,321,0.0000,0.0000,0.0000,0.0000,0.0000,0.0000,
777,1,140,216,306,321,0.0000,0.0000,0.0000,0.0000,0.0000,0.0000,
778,1,140,216,306,321,0.0000,0.0000,0.0000,0.0000,0.0000,0.0000,
779,1,140,216,306,321,0.0000,0.0000,0.0000,0.0000,0.0000,0.0000,
780,1,140,216,306,321,0.0000,0.0000,0.0000,0.0000,0.0000,0.0000,
781,1,140,216,306,321,0.0000,0.0000,0.0000,0.0000,0.0000,0.0000,
782,1,140,216,306,321,0.0000,0.0000,0.0000,0.0000,0.0000,0.0000,
783,1,140,216,306,321,0.0000,0.0000,0.0000,0.0000,0.0000,0.0000,
784,1,140,216,306,321,0.0000,0.0000,0.0000,0.0000,0.0000,0.0000,
785,1,140,216,306,321,0.0000,0.0000,0.0000,0.0000,0.0000,0.0000,
786,1,140,216,306,321,0.0000,0.0000,0.0000,0.0000,0.0000,0.0000,
787,1,140,216,306,321,0.0000,0.0000,0.0000,0.0000,0.0000,0.0000,
788,1,140,216,306,321,0.0000,0.0000,0.0000,0.0000,0.0000,0.0000,
789,1,140,216,306,321,0.0000,0.0000,0.0000,0.0000,0.0000,0.0000,
790,1,140,216,306,321,0.0000,0.0000,0.0000,0.0000,0.0000,0.0000,
791,1,140,216,306,321,0.0000,0.0000,0.0000,0.0000,0.0000,0.0000,
792,1,140,216,306,321,0.0000,0.0000,0.0000,0.0000,0.0000,0.0000,
793,1,140,216,306,321,0.0000,0.0000,0.0000,0.0000,0.0000,0.0000,
794,1,140,216,306,321,0.0000,0.0000,0.0000,0.0000,0.0000,0.0000,
795,1,140,216,306,321,0.0000,0.0000,0.0000,0.0000,0.0000,0.0000,
796,1,140,216,306,321,0.0000,0.0000,0.0000,0.0000,0.0000,0.0000,
797,1,140,216,306,321,0.0000,0.0000,0.0000,0.0000,0.0000,0.0000,
798,1,140,216,306,321,0.0000,0.0000,0.0000,0.0000,0.0000,0.0000,
799,1,140,216,306,321,0.0000,0.0000,0.0000,0.0000,0.0000,0.0000,
800,1,140,216,306,321,0.0000,0.0000,0.0000,0.0000,0.0000,0.0000,
801,1,140,216,306,321,0.0000,0.0000,0.0000,0.0000,0.0000,0.0000,
802,1,140,216,306,321,0.0000,0.0000,0.0000,0.0000,0.0000,0.0000,
803,1,140,216,306,321,0.0000,0.0000,0.0000,0.0000,0.0000,0.0000,
804,1,140,216,306,321,0.0000,0.0000,0.0000,0.0000,0.0000,0.0000,
805,1,140,216,306,321,0.0000,0.0000,0.0000,0.0000,0.0000,0.0000,
806,1,140,216,306,321,0.0000,0.0000,0.0000,0.0000,0.0000,0.0000,
807,1,140,216,306,321,0.0000,0.0000,0.0000,0.0000,0.0000,0.0000,
808,1,140,216,306,321,0.0000,0.0000,0.0000,0.0000,0.0000,0.0000,
809,1,140,216,306,321,0.0000,0.0000,0.0000,0.0000,0.0000,0.0000,
810,1,140,216,306,321,0.0000,0.0000,0.0000,0.0000,0.0000,0.0000,
811,1,140,216,306,321,0.0000,0.0000,0.0000,0.0000,0.0000,0.0000,
812,1,140,216,306,321,0.0000,0.0000,0.0000,0.0000,0.0000,0.0000,
813,1,140,216,306,321,0.0000,0.0000,0.0000,0.0000,0.0000,0.0000,
814,1,140,216,306,321,0.0000,0.0000,0.0000,0.0000,0.0000,0.0000,
815,1,140,216,306,321,0.0000,0.0000,0.0000,0.0000,0.0000,0.0000,
816,1,140,216,306,321,0.0000,0.0000,0.0000,0.0000,0.0000,0.0000,
817,1,140,216,306,321,0.0000,0.0000,0.0000,0.0000,0.0000,0.0000,
818,1,140,216,306,321,0.0000,0.0000,0.0000,0.0000,0.0000,0.0000,
819,1,140,216,306,321,0.0000,0.0000,0.0000,0.0000,0.0000,0.0000,
820,1,140,216,306,321,0.0000,0.0000,0.0000,0.0000,0.0000,0.0000,
821,1,140,216,306,321,0.0000,0.0000,0.0000,0.0000,0.0000,0.0000,
822,1,140,216,306,321,0.0000,0.0000,0.0000,0.0000,0.0000,0.0000,
823,1,140,216,306,321,0.0000,0.0000,0.0000,0.0000,0.0000,0.0000,
824,1,140,216,306,321,0.0000,0.0000,0.0000,0.0000,0.0000,0.0000,
825,1,140,216,306,321,0.0000,0.0000,0.0000,0.0000,0.0000,0.0000,
826,1,140,216,306,321,0.0000,0.0000,0.0000,0.0000,0.0000,0.0000,
827,1,140,216,306,321,0.0000,0.0000,0.0000,0.0000,0.0000,0.0000,
828,1,140,216,306,321,0.0000,0.0000,0.0000,0.0000,0.0000,0.0000,
829,1,140,216,306,321,0.0000,0.0000,0.0000,0.0000,0.0000,0.0000,
830,1,140,216,306,321,0.0000,0.0000,0.0000,0.0000,0.0000,0.0000,
831,1,140,216,306,321,0.0000,0.0000,0.0000,0.0000,0.0000,0.0000,
832,1,140,216,306,321,0.0000,0.0000,0.0000,0.0000,0.0000,0.0000,
833,1,140,216,306,321,0.0000,0.0000,0.0000,0.0000,0.0000,0.0000,
834,1,140,216,306,321,0.0000,0.0000,0.0000,0.0000,0.0000,0.0000,
835,1,140,216,306,321,0.0000,0.0000,0.0000,0.0000,0.0000,0.0000,
836,1,140,216,306,321,0.0000,0.0000,0.0000,0.0000,0.0000,0.0000,
837,1,140,216,306,321,0.0000,0.0000,0.0000,0.0000,0.0000,0.0000,
838,1,140,216,306,321,0.0000,0.0000,0.0000,0.0000,0.0000,0.0000,
839,1,140,216,306,321,0.0000,0.0000,0.0000,0.0000,0.0000,0.0000,
840,1,140,216,306,321,0.0000,0.0000,0.0000,0.0000,0.0000,0.0000,
841,1,140,216,306,321,0.0000,0.0000,0.0000,0.0000,0.0000,0.0000,
842,1,140,216,306,321,0.0000,0.0000,0.0000,0.0000,0.0000,0.0000,
843,1,140,216,306,321,0.0000,0.0000,0.0000,0.0000,0.0000,0.0000,
844,1,140,216,306,321,0.0000,0.0000,0.0000,0.0000,0.0000,0.0000,
845,1,140,216,306,321,0.0000,0.0000,0.0000,0.0000,0.0000,0.0000,
846,1,140,216,306,321,0.0000,0.0000,0.0000,0.0000,0.0000,0.0000,
847,1,140,216,306,321,0.0000,0.0000,0.0000,0.0000,0.0000,0.0000,
848,1,140,216,306,321,0.0000,0.0000,0.0000,0.0000,0.0000,0.0000,
849,1,140,216,306,321,0.0000,0.0000,0.0000,0.0000,0.0000,0.0000,
850,1,140,216,306,321,0.0000,0.0000,0.0000,0.0000,0.0000,0.0000,
851,1,140,216,306,321,0.0000,0.0000,0.0000,0.0000,0.0000,0.0000,
852,1,140,216,306,321,0.0000,0.0000,0.0000,0.0000,0.0000,0.0000,
853,1,140,216,306,321,0.0000,0.0000,0.0000,0.0000,0.0000,0.0000,
854,1,140,216,306,321,0.0000,0.0000,0.0000,0.0000,0.0000,0.0000,
855,1,140,216,306,321,0.0000,0.0000,0.0000,0.0000,0.0000,0.0000,
856,1,140,216,306,321,0.0000,0.0000,0.0000,0.0000,0.0000,0.0000,
857,1,140,216,306,321,0.0000,0.0000,0.0000,0.0000,0.0000,0.0000,
858,1,140,216,306,321,0.0000,0.0000,0.0000,0.0000,0.0000,0.0000,
859,1,140,216,306,321,0.0000,0.0000,0.0000,0.0000,0.0000,0.0000,
860,1,140,216,306,321,0.0000,0.0000,0.0000,0.0000,0.0000,0.0000,
861,1,140,216,306,321,0.0000,0.0000,0.0000,0.0000,0.0000,0.0000,
862,1,140,216,306,321,0.0000,0.0000,0.0000,0.0000,0.0000,0.0000,
863,1,140,216,306,321,0.0000,0.0000,0.0000,0.0000,0.0000,0.0000,
864,1,140,216,306,321,0.0000,0.0000,0.0000,0.0000,0.0000,0.0000,
865,1,140,216,306,321,0.0000,0.0000,0.0000,0.0000,0.0000,0.0000,
866,1,140,216,306,321,0.0000,0.0000,0.0000,0.0000,0.0000,0.0000,
867,1,140,216,306,321,0.0000,0.0000,0.0000,0.0000,0.0000,0.0000,
868,1,140,216,306,321,0.0000,0.0000,0.0000,0.0000,0.0000,0.0000,
869,1,140,216,306,321,0.0000,0.0000,0.0000,0.0000,0.0000,0.0000,
870,1,140,216,306,321,0.0000,0.0000,0.0000,0.0000,0.0000,0.0000,
871,1,140,216,306,321,0.0000,0.0000,0.0000,0.0000,0.0000,0.0000,
872,1,140,216,306,321,0.0000,0.0000,0.0000,0.0000,0.0000,0.0000,
873,1,140,216,306,321,0.0000,0.0000,0.0000,0.0000,0.0000,0.0000,
874,1,140,216,306,321,0.0000,0.0000,0.0000,0.0000,0.0000,0.0000,
875,1,140,216,306,321,0.0000,0.0000,0.0000,0.0000,0.0000,0.0000,
876,1,140,216,306,321,0.0000,0.0000,0.0000,0.0000,0.0000,0.0000,
877,1,140,216,306,321,0.0000,0.0000,0.0000,0.0000,0.0000,0.0000,
878,1,140,216,306,321,0.0000,0.0000,0.0000,0.0000,0.0000,0.0000,
879,1,140,216,306,321,0.0000,0.0000,0.0000,0.0000,0.0000,0.0000,
880,1,140,216,306,321,0.0000,0.0000,0.0000,0.0000,0.0000,0.0000,
881,1,140,216,306,321,0.0000,0.0000,0.0000,0.0000,0.0000,0.0000,
882,1,140,216,306,321,0.0000,0.0000,0.0000,0.0000,0.0000,0.0000,
883,1,140,216,306,321,0.0000,0.0000,0.0000,0.0000,0.0000,0.0000,
884,1,140,216,306,321,0.0000,0.0000,0.0000,0.0000,0.0000,0.0000,
885,1,140,216,306,321,0.0000,0.0000,0.0000,0.0000,0.0000,0.0000,
886,1,140,216,306,321,0.0000,0.0000,0.0000,0.0000,0.0000,0.0000,
887,1,140,216,306,321,0.0000,0.0000,0.0000,0.0000,0.0000,0.0000,
888,1,140,216,306,321,0.0000,0.0000,0.0000,0.0000,0.0000,0.0000,
