1,1,0.999704,83,146,341,477,
2,1,0.999667,85,145,342,477,
3,1,0.999784,82,147,341,477,
4,1,0.999835,80,147,344,476,
5,1,0.999721,84,146,343,476,
6,1,0.999756,83,146,342,476,
7,1,0.999800,81,146,344,476,
8,1,0.999788,81,147,344,475,
9,1,0.999719,83,145,342,477,
10,1,0.999718,77,144,341,476,
11,1,0.999537,79,148,343,476,
12,1,0.999800,83,145,340,478,
13,1,0.999478,77,145,342,479,
14,1,0.999714,80,146,342,478,
15,1,0.999652,83,146,342,476,
16,1,0.999725,81,147,344,478,
17,1,0.999683,89,145,343,477,
18,1,0.999801,79,145,342,478,
19,1,0.999794,78,144,341,476,
20,1,0.999723,82,144,343,480,
21,1,0.999791,83,146,344,474,
22,1,0.999710,85,146,343,479,
23,1,0.999688,84,146,343,476,
24,1,0.999493,91,145,341,478,
25,1,0.999730,80,144,342,480,
26,1,0.999732,85,147,342,478,
27,1,0.999607,85,144,341,480,
28,1,0.999754,86,147,343,478,
29,1,0.999340,80,147,344,474,
30,1,0.999748,78,143,341,478,
31,1,0.999703,81,146,342,480,
32,1,0.999719,79,144,343,479,
33,1,0.999389,88,148,342,473,
34,1,0.999791,79,143,340,478,
35,1,0.999785,82,146,344,476,
36,1,0.999519,87,144,339,480,
37,1,0.999701,85,146,345,480,
38,1,0.999565,78,145,342,480,
39,1,0.999778,86,146,343,478,
40,1,0.999814,84,146,345,475,
41,1,0.999788,78,145,342,477,
42,1,0.999776,81,147,345,476,
43,1,0.999681,87,146,342,480,
44,1,0.999827,83,147,345,476,
45,1,0.999675,83,146,345,477,
46,1,0.999637,83,145,343,480,
47,1,0.999772,80,146,346,478,
48,1,0.999712,86,146,342,480,
49,1,0.999780,84,145,344,477,
50,1,0.999651,85,147,342,480,
51,1,0.999509,87,146,344,477,
52,1,0.999739,80,147,341,476,
53,1,0.999802,88,147,341,476,
54,1,0.999617,88,147,342,477,
55,1,0.999767,80,146,344,476,
56,1,0.999782,89,147,343,477,
57,1,0.999727,82,147,341,476,
58,1,0.999538,76,142,339,477,
59,1,0.999791,84,147,344,478,
60,1,0.999738,86,147,341,477,
61,1,0.999641,78,144,341,477,
62,1,0.999828,80,145,344,476,
63,1,0.999755,81,146,343,477,
64,1,0.999603,84,146,342,477,
65,1,0.999656,82,145,340,480,
66,1,0.999700,79,145,341,480,
67,1,0.999484,77,144,341,480,
68,1,0.999761,79,147,345,480,
69,1,0.999314,82,149,342,474,
70,1,0.999415,77,149,342,478,
71,1,0.999707,85,147,341,480,
72,1,0.999703,85,146,342,478,
73,1,0.999720,84,147,342,476,
74,1,0.999684,86,145,343,478,
75,1,0.999724,86,147,341,480,
76,1,0.999753,83,146,342,476,
77,1,0.999675,85,145,344,477,
78,1,0.999690,85,146,343,477,
79,1,0.999698,85,147,342,476,
80,1,0.999830,85,146,343,476,
81,1,0.999567,104,147,342,480,
82,1,0.999778,103,147,343,476,
83,1,0.999809,108,146,344,476,
84,1,0.999852,122,148,344,475,
85,1,0.999837,128,145,343,474,
86,1,0.999831,137,145,344,476,
87,1,0.999747,139,146,344,476,
88,1,0.999775,144,146,343,474,
89,1,0.999541,140,144,344,476,
90,1,0.999692,143,144,343,476,
91,1,0.999619,142,144,344,476,
92,1,0.999605,144,146,344,475,
93,1,0.999650,141,143,343,474,
94,1,0.999295,140,145,340,478,
95,1,0.999637,143,145,344,476,
96,1,0.999531,142,144,343,476,
97,1,0.999691,138,147,342,475,
98,1,0.999809,144,147,344,475,
99,1,0.999802,141,147,342,476,
100,1,0.999717,145,145,344,477,
101,1,0.999692,142,146,345,476,
102,1,0.999846,148,147,343,473,
103,1,0.999534,142,146,344,476,
104,1,0.999587,140,146,344,475,
105,1,0.999688,151,145,344,476,
106,1,0.999586,156,143,344,476,
107,1,0.999341,158,143,343,474,
108,1,0.999528,158,143,345,476,
109,1,0.999362,160,145,341,477,
110,1,0.999207,162,144,343,475,
111,1,0.999480,167,144,344,477,
112,1,0.999046,167,144,344,475,
113,1,0.999190,169,148,344,476,
114,1,0.999133,168,145,344,475,
115,1,0.998875,171,146,344,476,
116,1,0.999252,170,145,345,475,
117,1,0.998952,168,147,344,476,
118,1,0.999155,162,146,344,476,
119,1,0.999282,159,146,345,476,
120,1,0.999435,159,147,344,475,
121,1,0.999343,161,145,343,477,
122,1,0.998696,159,144,343,476,
123,1,0.999340,158,145,344,477,
124,1,0.999138,158,143,342,475,
125,1,0.999183,158,141,343,475,
126,1,0.999204,157,145,343,475,
127,1,0.999287,157,144,343,474,
128,1,0.999111,156,143,344,473,
129,1,0.999009,157,142,342,474,
130,1,0.998858,157,144,343,477,
131,1,0.999273,156,144,344,474,
132,1,0.999384,156,142,343,473,
133,1,0.999332,157,141,344,474,
134,1,0.999323,156,142,344,474,
135,1,0.999245,157,143,343,474,
136,1,0.999203,156,142,343,473,
137,1,0.999245,156,143,344,474,
138,1,0.999147,155,143,344,474,
139,1,0.999132,156,141,343,474,
140,1,0.999235,154,143,343,473,
141,1,0.999479,155,142,344,474,
142,1,0.999247,156,143,343,474,
143,1,0.999104,155,142,345,474,
144,1,0.999305,154,143,344,474,
145,1,0.998947,155,142,343,473,
146,1,0.999169,154,141,343,474,
147,1,0.999378,154,142,344,474,
148,1,0.999257,155,142,343,473,
149,1,0.999253,155,140,344,474,
150,1,0.999381,155,141,343,474,
151,1,0.998824,156,141,343,475,
152,1,0.999310,155,142,342,474,
153,1,0.999150,156,141,343,475,
154,1,0.999369,156,140,344,477,
155,1,0.999453,154,143,344,475,
156,1,0.999217,155,143,344,475,
157,1,0.999278,157,139,344,476,
158,1,0.999370,154,142,344,474,
159,1,0.999160,155,143,343,475,
160,1,0.999415,154,141,344,474,
161,1,0.999270,155,141,344,476,
162,1,0.999183,155,140,344,476,
163,1,0.999252,154,141,344,474,
164,1,0.999392,154,144,344,474,
165,1,0.999455,155,141,344,474,
166,1,0.999063,155,140,342,474,
167,1,0.999132,155,141,343,476,
168,1,0.999256,156,139,343,477,
169,1,0.999243,155,141,343,474,
170,1,0.999146,155,140,343,475,
171,1,0.998993,154,139,343,474,
172,1,0.999279,154,142,343,475,
173,1,0.999157,156,142,343,475,
174,1,0.998964,156,140,343,474,
175,1,0.998914,156,141,344,471,
176,1,0.999326,156,143,344,474,
177,1,0.998586,156,141,343,474,
178,1,0.999115,156,142,343,475,
179,1,0.999301,156,144,343,474,
180,1,0.998847,158,142,343,477,
181,1,0.998359,158,144,343,475,
182,1,0.998787,160,143,343,474,
183,1,0.999245,159,147,343,480,
184,1,0.999007,159,145,344,476,
185,1,0.998932,160,143,344,475,
186,1,0.999276,158,145,344,474,
187,1,0.999009,156,144,343,475,
188,1,0.999285,154,144,343,475,
189,1,0.999245,158,144,344,476,
190,1,0.999372,165,145,339,479,
191,1,0.999366,162,144,342,475,
192,1,0.999640,156,144,344,476,
193,1,0.999488,158,145,343,475,
194,1,0.999491,145,144,343,474,
195,1,0.999590,149,144,343,476,
196,1,0.999694,155,145,343,475,
197,1,0.999534,155,144,343,476,
198,1,0.999520,152,145,342,476,
199,1,0.999835,137,146,342,474,
200,1,0.999813,138,147,341,474,
201,1,0.999822,139,147,342,475,
202,1,0.999591,141,146,343,475,
203,1,0.999692,140,145,345,476,
204,1,0.999647,142,145,341,475,
205,1,0.999480,140,145,343,476,
206,1,0.999653,135,147,339,475,
207,1,0.999522,134,148,344,475,
208,1,0.999397,135,148,343,475,
209,1,0.999771,131,147,343,475,
210,1,0.999830,126,147,343,475,
211,1,0.999813,121,148,341,475,
212,1,0.999808,122,148,342,477,
213,1,0.999802,124,147,342,476,
214,1,0.999715,125,147,342,476,
215,1,0.999825,128,149,342,475,
216,1,0.999725,123,147,342,475,
217,1,0.999319,125,149,342,474,
218,1,0.999529,124,145,341,474,
219,1,0.999547,116,147,342,477,
220,1,0.999498,121,148,337,473,
221,1,0.999763,119,146,334,480,
222,1,0.999797,119,145,334,476,
223,1,0.999633,118,146,333,477,
224,1,0.999563,114,147,333,478,
225,1,0.999503,119,145,330,478,
226,1,0.999524,117,146,330,477,
227,1,0.999521,121,148,327,476,
228,1,0.999371,118,148,329,476,
229,1,0.999603,117,148,325,474,
230,1,0.999564,117,148,325,477,
231,1,0.999542,122,148,322,476,
232,1,0.999453,121,143,325,480,
233,1,0.999293,116,145,319,475,
234,1,0.999525,116,145,324,476,
235,1,0.999376,115,146,321,474,
236,1,0.999432,118,146,321,476,
237,1,0.999664,114,148,316,471,
238,1,0.999540,118,144,319,476,
239,1,0.999606,115,146,316,473,
240,1,0.999518,116,146,319,475,
241,1,0.999576,118,145,318,471,
242,1,0.999523,118,147,320,474,
243,1,0.999629,119,144,318,476,
244,1,0.999639,117,145,315,473,
245,1,0.999612,120,146,316,474,
246,1,0.999506,117,144,318,474,
247,1,0.999603,116,147,316,470,
248,1,0.999532,118,143,317,476,
249,1,0.999604,115,147,317,474,
250,1,0.999689,119,146,321,474,
251,1,0.999570,121,145,318,473,
252,1,0.999538,124,145,321,474,
253,1,0.999625,127,145,322,474,
254,1,0.999340,130,145,319,471,
255,1,0.999460,132,144,323,473,
256,1,0.999315,122,142,324,473,
257,1,0.999507,113,143,322,474,
258,1,0.999051,111,145,322,475,
259,1,0.999015,107,141,325,473,
260,1,0.999088,113,144,322,473,
261,1,0.999016,117,144,324,474,
262,1,0.999368,114,140,324,475,
263,1,0.999370,111,140,322,473,
264,1,0.999222,110,145,328,477,
265,1,0.999490,116,139,325,474,
266,1,0.999015,114,142,325,475,
267,1,0.999383,116,142,324,474,
268,1,0.999311,119,141,325,475,
269,1,0.999519,119,141,327,477,
270,1,0.999566,121,141,327,474,
271,1,0.999598,115,142,326,475,
272,1,0.999522,115,143,326,475,
273,1,0.999068,116,144,329,474,
274,1,0.999304,116,146,327,476,
275,1,0.999361,119,142,327,474,
276,1,0.999498,118,142,330,475,
277,1,0.999570,117,143,325,476,
278,1,0.999467,118,143,328,475,
279,1,0.999578,115,143,326,475,
280,1,0.999551,119,141,326,473,
281,1,0.999267,114,141,330,475,
282,1,0.999365,116,142,327,473,
283,1,0.999529,117,142,328,474,
284,1,0.999374,115,142,329,474,
285,1,0.999515,117,141,327,474,
286,1,0.999402,112,140,330,475,
287,1,0.999355,121,143,327,473,
288,1,0.999427,117,143,327,473,
289,1,0.999478,117,144,327,474,
290,1,0.999261,122,142,327,474,
291,1,0.999334,112,142,328,474,
292,1,0.999455,115,143,329,476,
293,1,0.998949,116,144,328,474,
294,1,0.999506,119,140,328,473,
295,1,0.999619,118,143,330,474,
296,1,0.999350,113,140,327,474,
297,1,0.999412,119,143,328,474,
298,1,0.999488,113,144,330,474,
299,1,0.999530,118,145,328,475,
300,1,0.999285,111,139,328,475,
301,1,0.999616,119,144,329,473,
302,1,0.999476,117,144,330,475,
303,1,0.999646,118,144,329,473,
304,1,0.999325,113,140,326,475,
305,1,0.999618,119,143,330,475,
306,1,0.999546,118,143,327,474,
307,1,0.999173,113,145,328,476,
308,1,0.999395,117,143,328,474,
309,1,0.999452,124,142,327,473,
310,1,0.999221,117,143,328,475,
311,1,0.999119,118,141,327,476,
312,1,0.999032,113,138,328,475,
313,1,0.999545,116,142,330,475,
314,1,0.999625,117,140,329,473,
315,1,0.999487,117,142,330,476,
316,1,0.999645,117,142,330,474,
317,1,0.999542,118,142,330,476,
318,1,0.999402,120,142,330,480,
319,1,0.999482,118,141,329,476,
320,1,0.999620,119,145,327,474,
321,1,0.999555,122,143,329,473,
322,1,0.999484,117,143,330,480,
323,1,0.999465,119,142,329,473,
324,1,0.999578,117,142,330,475,
325,1,0.999540,117,143,329,476,
326,1,0.999576,117,145,328,476,
327,1,0.999701,119,143,330,475,
328,1,0.999557,118,144,331,473,
329,1,0.999399,118,143,330,480,
330,1,0.999564,117,142,330,474,
331,1,0.999445,120,141,332,473,
332,1,0.999080,113,136,327,474,
333,1,0.999442,119,143,333,472,
334,1,0.999260,113,137,329,476,
335,1,0.999430,120,142,332,477,
336,1,0.999540,116,142,331,473,
337,1,0.999470,118,140,326,472,
338,1,0.999500,117,144,332,475,
339,1,0.999549,119,142,331,476,
340,1,0.999231,114,136,326,476,
341,1,0.999539,118,140,331,475,
342,1,0.999313,120,139,329,477,
343,1,0.999575,120,142,331,474,
344,1,0.999219,122,141,329,480,
345,1,0.999577,122,143,328,473,
346,1,0.999685,118,143,329,474,
347,1,0.999084,119,141,328,475,
348,1,0.999547,119,144,329,474,
349,1,0.999143,118,143,326,471,
350,1,0.999136,113,136,327,475,
351,1,0.999408,119,139,329,475,
352,1,0.999496,117,140,329,476,
353,1,0.999390,117,138,330,477,
354,1,0.999177,118,140,327,475,
355,1,0.999347,113,138,327,477,
356,1,0.999553,117,138,332,477,
357,1,0.999472,119,141,330,477,
358,1,0.999363,120,138,330,480,
359,1,0.999619,118,138,331,475,
360,1,0.999560,120,138,330,475,
361,1,0.999120,120,142,329,475,
362,1,0.999422,118,138,331,480,
363,1,0.999351,121,138,331,476,
364,1,0.999160,119,142,331,475,
365,1,0.999326,123,142,328,474,
366,1,0.999407,118,143,330,475,
367,1,0.999580,122,142,334,474,
368,1,0.999738,117,145,333,476,
369,1,0.999611,126,144,333,474,
370,1,0.999621,118,143,334,476,
371,1,0.999725,121,144,333,474,
372,1,0.999395,120,144,333,477,
373,1,0.999659,117,145,333,474,
374,1,0.999706,118,144,333,476,
375,1,0.999407,114,144,331,476,
376,1,0.999591,118,143,333,480,
377,1,0.999511,113,145,332,476,
378,1,0.999631,120,145,334,475,
379,1,0.999676,119,144,332,474,
380,1,0.999487,119,143,334,480,
381,1,0.999614,118,144,334,477,
382,1,0.999560,121,143,334,475,
383,1,0.999376,120,144,336,476,
384,1,0.999541,119,144,334,478,
385,1,0.999021,117,142,332,477,
386,1,0.999646,120,145,335,476,
387,1,0.999685,120,144,334,475,
388,1,0.999402,123,144,336,477,
389,1,0.999461,122,143,333,480,
390,1,0.999591,115,146,335,477,
391,1,0.999571,121,144,334,473,
392,1,0.999615,119,145,335,476,
393,1,0.999445,116,146,333,477,
394,1,0.999665,116,145,335,472,
395,1,0.999629,121,146,334,473,
396,1,0.999562,113,146,335,475,
397,1,0.999289,119,143,335,477,
398,1,0.999588,119,143,334,476,
399,1,0.999591,120,146,334,476,
400,1,0.999393,117,144,336,473,
401,1,0.999486,119,143,336,475,
402,1,0.999581,118,144,335,475,
403,1,0.999586,120,147,334,476,
404,1,0.999662,120,143,336,477,
405,1,0.999552,121,145,334,477,
406,1,0.999499,117,146,336,474,
407,1,0.999795,118,148,335,473,
408,1,0.999412,115,146,335,477,
409,1,0.999558,120,144,335,476,
410,1,0.999578,112,146,334,477,
411,1,0.999692,121,146,335,475,
412,1,0.999374,116,146,334,476,
413,1,0.999625,120,144,335,476,
414,1,0.999489,112,144,335,476,
415,1,0.999472,114,146,334,476,
416,1,0.999344,116,143,335,477,
417,1,0.999709,118,147,335,473,
418,1,0.999267,115,144,333,480,
419,1,0.999521,115,146,335,476,
420,1,0.999700,115,146,334,473,
421,1,0.999456,114,146,334,474,
422,1,0.999728,117,145,335,475,
423,1,0.999492,115,143,334,472,
424,1,0.999501,119,143,334,475,
425,1,0.999242,118,143,334,474,
426,1,0.999418,116,143,334,474,
427,1,0.999453,119,143,335,474,
428,1,0.999329,118,144,336,478,
429,1,0.999517,114,145,334,476,
430,1,0.999365,117,144,336,475,
431,1,0.999565,114,145,335,474,
432,1,0.999717,121,144,334,475,
433,1,0.999460,118,144,335,476,
434,1,0.999714,114,147,335,477,
435,1,0.999330,114,145,334,480,
436,1,0.999726,118,146,331,477,
437,1,0.999498,120,144,336,475,
438,1,0.999472,118,144,334,476,
439,1,0.999490,119,144,334,477,
440,1,0.999558,121,144,334,476,
441,1,0.999656,118,145,336,477,
442,1,0.999456,118,145,335,477,
443,1,0.999637,113,146,336,476,
444,1,0.999748,119,144,335,476,
445,1,0.999703,117,146,335,476,
446,1,0.999664,125,144,334,475,
447,1,0.999663,125,143,334,475,
448,1,0.999521,123,143,335,480,
449,1,0.999315,131,144,335,476,
450,1,0.999640,133,144,335,473,
451,1,0.999733,138,144,336,475,
452,1,0.999461,140,142,336,476,
453,1,0.999790,142,145,338,475,
454,1,0.999340,142,144,337,474,
455,1,0.999157,150,144,337,476,
456,1,0.999164,158,143,336,475,
457,1,0.999481,153,143,336,478,
458,1,0.999219,159,143,336,475,
459,1,0.999049,162,142,335,475,
460,1,0.997973,160,145,333,475,
461,1,0.998917,163,143,336,476,
462,1,0.999013,161,146,336,475,
463,1,0.997579,166,142,335,480,
464,1,0.998193,160,143,338,474,
465,1,0.998611,153,144,334,475,
466,1,0.998717,158,143,337,473,
467,1,0.998256,159,142,336,474,
468,1,0.998841,168,143,336,477,
469,1,0.998628,161,143,337,476,
470,1,0.998681,157,143,336,473,
471,1,0.998616,159,141,337,480,
472,1,0.998907,155,140,338,473,
473,1,0.998571,157,142,335,473,
474,1,0.998597,157,140,336,480,
475,1,0.999159,157,142,337,475,
476,1,0.999050,157,143,338,474,
477,1,0.999346,158,143,338,473,
478,1,0.998725,156,140,337,470,
479,1,0.999059,156,143,338,471,
480,1,0.998859,156,141,336,473,
481,1,0.998476,156,140,337,472,
482,1,0.998738,157,143,336,474,
483,1,0.998819,158,143,336,474,
484,1,0.998893,157,142,338,470,
485,1,0.998964,157,145,336,471,
486,1,0.998756,158,144,335,472,
487,1,0.998983,156,142,338,471,
488,1,0.998991,157,141,339,471,
489,1,0.998926,155,140,338,471,
490,1,0.999057,157,137,338,470,
491,1,0.998599,155,140,337,473,
492,1,0.998910,156,140,337,472,
493,1,0.998630,157,136,338,475,
494,1,0.999174,156,140,338,472,
495,1,0.998326,155,140,337,472,
496,1,0.999081,158,142,335,474,
497,1,0.998493,156,142,337,472,
498,1,0.998319,159,143,334,473,
499,1,0.998992,159,143,333,475,
500,1,0.998455,155,141,337,472,
501,1,0.999193,155,140,337,471,
502,1,0.998454,158,143,334,474,
503,1,0.998836,154,142,337,471,
504,1,0.998358,155,140,337,473,
505,1,0.999136,156,140,337,472,
506,1,0.998826,156,141,337,472,
507,1,0.998786,157,140,336,470,
508,1,0.998822,156,141,337,471,
509,1,0.998448,155,140,335,473,
510,1,0.998823,156,141,336,471,
511,1,0.999033,157,139,336,474,
512,1,0.998618,157,140,337,473,
513,1,0.999314,156,140,337,473,
514,1,0.999197,156,141,337,473,
515,1,0.999139,158,140,337,475,
516,1,0.998957,156,143,337,475,
517,1,0.999029,158,141,337,473,
518,1,0.999155,158,144,336,474,
519,1,0.998795,160,144,336,475,
520,1,0.998681,166,142,336,477,
521,1,0.998419,164,142,335,474,
522,1,0.998881,156,142,336,476,
523,1,0.998678,158,141,337,475,
524,1,0.998856,157,143,337,473,
525,1,0.998201,161,145,336,474,
526,1,0.998678,172,142,336,477,
527,1,0.999120,172,143,334,474,
528,1,0.999327,163,142,336,478,
529,1,0.999117,165,142,336,474,
530,1,0.999336,161,143,333,477,
531,1,0.999402,164,141,336,477,
532,1,0.999116,161,140,335,474,
533,1,0.999412,155,142,333,476,
534,1,0.999261,156,140,334,474,
535,1,0.999537,154,143,333,477,
536,1,0.999485,156,142,332,475,
537,1,0.999374,147,143,333,474,
538,1,0.999433,147,143,334,475,
539,1,0.999642,147,140,333,476,
540,1,0.999456,150,139,332,476,
541,1,0.999589,146,140,331,477,
542,1,0.999359,144,142,330,476,
543,1,0.999437,143,137,332,476,
544,1,0.999531,142,138,331,475,
545,1,0.999523,135,140,333,475,
546,1,0.999639,135,141,332,475,
547,1,0.999517,131,141,331,473,
548,1,0.999602,128,140,331,474,
549,1,0.999373,131,139,331,475,
550,1,0.999330,132,139,331,475,
551,1,0.999409,135,143,331,473,
552,1,0.999443,138,141,329,474,
553,1,0.999348,133,144,329,472,
554,1,0.999469,133,144,330,473,
555,1,0.999475,136,141,330,474,
556,1,0.999404,135,140,330,474,
557,1,0.999380,134,141,329,474,
558,1,0.999209,130,139,328,473,
559,1,0.999283,127,142,326,474,
560,1,0.999433,127,142,330,473,
561,1,0.999472,129,143,329,473,
562,1,0.999572,127,142,331,475,
563,1,0.999421,132,141,328,475,
564,1,0.999481,132,142,328,473,
565,1,0.999587,131,144,329,472,
566,1,0.999557,137,143,330,473,
567,1,0.999310,135,142,329,474,
568,1,0.999471,135,141,329,473,
569,1,0.999106,133,143,326,471,
570,1,0.999411,136,140,328,474,
571,1,0.999636,133,143,326,470,
572,1,0.999376,128,140,328,472,
573,1,0.999462,132,140,328,474,
574,1,0.999555,134,141,329,475,
575,1,0.999393,134,141,329,475,
576,1,0.999274,137,140,328,472,
577,1,0.999376,137,141,327,472,
578,1,0.999056,136,139,328,480,
579,1,0.999038,134,141,329,471,
580,1,0.999282,136,140,329,476,
581,1,0.999145,136,143,327,473,
582,1,0.999355,125,140,329,474,
583,1,0.999457,135,143,325,471,
584,1,0.999172,135,143,329,474,
585,1,0.999230,136,142,328,473,
586,1,0.999281,135,143,326,473,
587,1,0.999318,133,143,328,473,
588,1,0.999226,136,143,328,472,
589,1,0.999221,134,142,328,473,
590,1,0.999476,133,142,328,473,
591,1,0.999405,133,141,329,474,
592,1,0.999054,134,142,329,472,
593,1,0.999458,133,142,329,475,
594,1,0.999307,135,144,328,475,
595,1,0.998929,135,140,326,473,
596,1,0.999329,135,143,329,476,
597,1,0.999482,138,145,328,472,
598,1,0.999061,135,142,329,473,
599,1,0.999459,136,143,331,474,
600,1,0.999209,136,142,333,475,
601,1,0.999482,131,143,333,474,
602,1,0.999482,136,140,336,473,
603,1,0.999700,129,140,338,476,
604,1,0.999606,130,143,335,473,
605,1,0.999440,133,146,336,474,
606,1,0.999591,142,147,342,476,
607,1,0.999696,149,143,342,476,
608,1,0.999350,146,145,339,476,
609,1,0.999633,151,146,344,475,
610,1,0.999573,150,142,341,476,
611,1,0.999670,143,146,342,477,
612,1,0.999457,147,145,339,479,
613,1,0.999316,149,145,340,476,
614,1,0.999178,150,147,341,474,
615,1,0.999516,149,146,340,477,
616,1,0.999511,144,145,339,477,
617,1,0.999354,149,144,341,475,
618,1,0.999437,149,146,341,474,
619,1,0.999250,148,147,341,475,
620,1,0.999517,152,145,343,477,
621,1,0.999703,146,147,341,478,
622,1,0.999571,153,144,341,477,
623,1,0.999412,150,143,342,477,
624,1,0.999526,151,145,343,477,
625,1,0.999524,149,141,341,480,
626,1,0.999677,150,143,341,477,
627,1,0.999319,146,146,341,475,
628,1,0.999615,151,145,343,478,
629,1,0.999493,146,146,341,475,
630,1,0.999413,147,147,342,475,
631,1,0.999670,151,143,342,477,
632,1,0.999200,147,146,342,476,
633,1,0.999337,150,148,341,475,
634,1,0.999267,148,146,343,476,
635,1,0.999600,146,143,343,477,
636,1,0.999183,148,146,341,477,
637,1,0.999742,150,142,342,478,
638,1,0.999384,151,142,341,480,
639,1,0.999737,143,146,341,475,
640,1,0.999573,141,146,342,478,
641,1,0.999501,148,147,343,476,
642,1,0.999275,146,147,342,475,
643,1,0.999636,146,146,342,477,
644,1,0.999641,148,147,343,475,
645,1,0.999577,150,144,341,477,
646,1,0.999204,147,147,342,475,
647,1,0.999687,149,141,341,478,
648,1,0.999512,146,147,343,475,
649,1,0.999546,146,146,343,476,
650,1,0.999687,142,146,341,475,
651,1,0.999729,145,147,341,477,
652,1,0.999650,150,143,342,478,
653,1,0.999651,144,147,342,479,
654,1,0.999532,145,147,343,476,
655,1,0.999731,144,145,341,477,
656,1,0.999529,146,146,343,476,
657,1,0.999642,145,147,343,476,
658,1,0.999727,148,144,342,477,
659,1,0.999429,143,146,344,477,
660,1,0.999201,151,144,342,480,
661,1,0.999698,145,147,342,477,
662,1,0.999751,149,144,342,475,
663,1,0.999444,147,145,342,476,
664,1,0.999395,148,145,342,476,
665,1,0.999609,147,145,343,476,
666,1,0.999602,150,142,342,476,
667,1,0.999576,148,146,342,475,
668,1,0.999570,150,144,342,477,
669,1,0.999547,146,146,341,475,
670,1,0.999330,147,145,342,475,
671,1,0.999629,151,145,344,477,
672,1,0.999489,146,145,342,475,
673,1,0.998902,146,146,341,476,
