1,78,0.998494,91,207,237,304,
2,78,0.998523,92,207,239,303,
3,78,0.998795,91,206,239,304,
4,78,0.998859,93,206,239,304,
5,78,0.998240,94,206,239,304,
6,78,0.998365,91,206,239,304,
7,78,0.998414,92,207,237,303,
8,78,0.998568,91,207,239,304,
9,78,0.998820,93,207,238,304,
10,78,0.998875,92,207,239,303,
11,78,0.998244,92,206,238,304,
12,78,0.998727,93,206,237,304,
13,78,0.998354,93,205,237,304,
14,78,0.998810,92,206,240,304,
15,78,0.998618,94,206,238,304,
16,78,0.998696,93,206,239,304,
17,78,0.998819,92,206,238,304,
18,78,0.998596,92,207,238,303,
19,78,0.998669,92,206,238,304,
20,78,0.998875,93,206,239,304,
21,78,0.998507,94,206,239,304,
22,78,0.998743,93,206,240,304,
23,78,0.998655,91,206,239,304,
24,78,0.998618,94,206,239,303,
25,78,0.998881,91,206,238,304,
26,78,0.998653,94,206,239,304,
27,78,0.998444,93,205,239,304,
28,78,0.998615,94,205,239,304,
29,78,0.998217,93,206,239,304,
30,78,0.998537,93,205,239,303,
31,78,0.998580,92,206,237,304,
32,78,0.998775,92,207,239,304,
33,78,0.998624,92,206,238,304,
34,78,0.998510,92,206,239,303,
35,78,0.998387,92,207,238,303,
36,78,0.998753,93,206,238,304,
37,78,0.998694,93,206,239,304,
38,78,0.998564,92,207,238,303,
39,78,0.998628,92,205,238,304,
40,78,0.998418,93,206,239,304,
41,78,0.998375,92,207,239,304,
42,78,0.998587,92,206,238,303,
43,78,0.998488,91,206,239,304,
44,78,0.998481,92,206,238,304,
45,78,0.998194,93,206,237,304,
46,78,0.998577,92,206,239,303,
47,78,0.998428,91,207,238,304,
48,78,0.998733,90,207,238,303,
49,78,0.998640,91,208,237,303,
50,78,0.998564,91,208,238,304,
51,78,0.998556,92,207,238,303,
52,78,0.998459,93,207,238,304,
53,78,0.997890,92,207,239,304,
54,78,0.998332,93,206,239,303,
55,78,0.998417,93,206,241,304,
56,78,0.998143,93,207,239,304,
57,78,0.998203,93,206,240,304,
58,78,0.998758,92,206,239,304,
59,78,0.998462,94,206,240,304,
60,78,0.998431,93,206,240,304,
61,78,0.997933,91,207,237,303,
62,78,0.997990,91,207,238,303,
63,78,0.998182,93,206,239,303,
64,78,0.998266,94,207,239,304,
65,78,0.998240,91,207,239,303,
66,78,0.998722,93,206,238,304,
67,78,0.998817,93,207,238,304,
68,78,0.998085,93,206,241,303,
69,78,0.998016,94,207,238,303,
70,78,0.998400,91,207,240,303,
71,78,0.998338,92,206,239,304,
72,78,0.998321,93,207,240,303,
73,78,0.998496,93,207,238,304,
74,78,0.998517,93,206,238,303,
75,78,0.998262,93,207,240,304,
76,78,0.998070,93,207,239,303,
77,78,0.998551,93,206,240,304,
78,78,0.998618,92,207,240,304,
79,78,0.998557,93,207,240,304,
80,78,0.998356,93,207,240,303,
81,78,0.998593,93,207,240,303,
82,78,0.998347,92,206,240,303,
83,78,0.998339,92,206,240,304,
84,78,0.998418,93,207,240,303,
85,78,0.998643,92,206,240,303,
86,78,0.997708,91,206,242,304,
87,78,0.998434,93,207,240,303,
88,78,0.998385,93,207,241,304,
89,78,0.998493,93,207,239,303,
90,78,0.998245,94,206,242,304,
91,78,0.998378,92,207,239,304,
92,78,0.998498,90,206,240,304,
93,78,0.998499,93,207,240,303,
94,78,0.998705,95,207,240,303,
95,78,0.998411,93,206,239,303,
96,78,0.998460,91,207,240,303,
97,78,0.998764,92,206,239,303,
98,78,0.998602,92,206,239,304,
99,78,0.998575,93,207,240,304,
100,78,0.998348,91,207,239,303,
101,78,0.998467,94,206,241,304,
102,78,0.998395,92,207,239,303,
103,78,0.998627,93,206,240,303,
104,78,0.998655,92,207,241,304,
105,78,0.998638,94,206,240,304,
106,78,0.998583,93,206,240,303,
107,78,0.998417,92,207,240,303,
108,78,0.998452,92,207,241,303,
109,78,0.998554,92,207,240,303,
110,78,0.998348,92,207,242,304,
111,78,0.998353,93,206,242,303,
112,78,0.998240,91,206,241,303,
113,78,0.998311,94,206,242,304,
114,78,0.998649,93,207,242,303,
115,78,0.998270,92,207,242,303,
116,78,0.998477,91,206,243,304,
117,78,0.998407,94,207,242,303,
118,78,0.998054,92,207,243,303,
119,78,0.998316,93,207,241,304,
120,78,0.998385,95,206,242,303,
121,78,0.998821,93,206,242,304,
122,78,0.998398,93,207,241,303,
123,78,0.998529,93,206,241,303,
124,78,0.998744,93,207,242,303,
125,78,0.998502,93,206,241,303,
126,78,0.998746,93,206,242,304,
127,78,0.998553,91,207,241,304,
128,78,0.998648,92,206,242,303,
129,78,0.998329,93,206,242,303,
130,78,0.998646,94,206,240,303,
131,78,0.998525,91,207,240,303,
132,78,0.998553,93,206,240,303,
133,78,0.998794,93,206,240,303,
134,78,0.998552,92,206,241,303,
135,78,0.998866,93,206,240,303,
136,78,0.998965,94,206,241,303,
137,78,0.998828,94,207,242,304,
138,78,0.998682,94,207,242,303,
139,78,0.998911,93,206,241,303,
140,78,0.999044,94,207,242,303,
141,78,0.998416,91,207,242,303,
142,78,0.998796,93,206,241,303,
143,78,0.998680,93,206,241,303,
144,78,0.998679,93,206,242,303,
145,78,0.998190,91,208,241,303,
146,78,0.998422,91,207,241,303,
147,78,0.998582,94,206,241,304,
148,78,0.998783,93,207,241,303,
149,78,0.998839,93,206,240,304,
150,78,0.998577,93,207,241,303,
151,78,0.998742,94,207,240,303,
152,78,0.998609,94,206,240,303,
153,78,0.998751,92,207,240,304,
154,78,0.998561,94,207,240,303,
155,78,0.998672,93,206,241,303,
156,78,0.998855,93,206,240,303,
157,78,0.998940,93,206,240,303,
158,78,0.998521,92,206,240,303,
159,78,0.998475,93,206,240,303,
160,78,0.998829,93,207,240,303,
161,78,0.998950,93,207,240,303,
162,78,0.998725,91,206,239,303,
163,78,0.998782,92,207,239,303,
164,78,0.998726,94,206,240,303,
165,78,0.998601,92,206,239,303,
166,78,0.998757,92,205,241,304,
167,78,0.998852,93,207,240,303,
168,78,0.998660,91,207,240,304,
169,78,0.998784,93,206,240,304,
170,78,0.998746,91,207,240,303,
171,78,0.999089,93,207,240,304,
172,78,0.998460,95,207,240,303,
173,78,0.998563,93,207,240,304,
174,78,0.998744,93,207,240,303,
175,78,0.998432,93,207,239,303,
176,78,0.998521,93,207,240,304,
177,78,0.998435,92,207,240,304,
178,78,0.998812,92,207,240,303,
179,78,0.998474,93,207,239,304,
180,78,0.998435,94,207,240,304,
181,78,0.998536,91,207,240,303,
182,78,0.998331,92,208,239,303,
183,78,0.998439,90,208,240,304,
184,78,0.998382,91,207,239,304,
185,78,0.998449,93,207,239,304,
186,78,0.998219,91,207,239,304,
187,78,0.997820,91,208,239,303,
188,78,0.998478,93,208,238,303,
189,78,0.998653,92,207,240,303,
190,78,0.998553,93,206,240,303,
191,78,0.998547,93,207,238,304,
192,78,0.998510,93,207,239,304,
193,78,0.998351,93,207,239,303,
194,78,0.998367,92,208,239,304,
195,78,0.998264,93,207,239,304,
196,78,0.998844,90,208,239,304,
197,78,0.998402,92,207,239,303,
198,78,0.998583,92,208,239,304,
199,78,0.998221,92,208,239,304,
200,78,0.998867,92,207,238,304,
201,78,0.998732,90,208,239,303,
202,78,0.998768,92,207,240,303,
203,78,0.998629,93,206,238,304,
204,78,0.998510,91,207,240,303,
205,78,0.998475,92,205,241,303,
206,78,0.998755,92,206,240,303,
207,78,0.998471,91,206,240,303,
208,78,0.998706,92,206,241,303,
209,78,0.998646,93,206,241,303,
210,78,0.998544,92,205,240,304,
211,78,0.998317,92,206,242,303,
212,78,0.998666,92,206,240,303,
213,78,0.998646,93,205,240,303,
214,78,0.998852,92,205,241,303,
215,78,0.998989,91,206,241,303,
216,78,0.999048,92,205,241,303,
217,78,0.999110,92,206,241,303,
218,78,0.999171,91,206,241,304,
219,78,0.999039,93,205,240,303,
220,78,0.998971,92,205,240,303,
221,78,0.998900,92,206,240,303,
222,78,0.998804,93,205,240,303,
223,78,0.998817,93,205,240,303,
224,78,0.999115,91,206,238,303,
225,78,0.999034,94,205,239,303,
226,78,0.999115,92,205,239,303,
227,78,0.999080,92,205,240,303,
228,78,0.998986,92,206,240,303,
229,78,0.999072,91,206,240,303,
230,78,0.999092,91,206,240,303,
231,78,0.998801,93,206,240,303,
232,78,0.999110,92,206,240,302,
233,78,0.998916,92,206,240,303,
234,78,0.999147,90,205,239,302,
235,78,0.998828,91,205,240,303,
236,78,0.998661,93,205,240,303,
237,78,0.998920,93,206,240,303,
238,78,0.999097,94,205,240,303,
239,78,0.998996,93,205,240,303,
240,78,0.998870,93,206,240,303,
241,78,0.999073,92,204,239,303,
242,78,0.998885,92,205,239,302,
243,78,0.999129,91,206,240,303,
244,78,0.998895,91,204,239,303,
245,78,0.999103,94,205,240,303,
246,78,0.998918,92,204,240,303,
247,78,0.999100,92,205,239,303,
248,78,0.998881,91,205,240,303,
249,78,0.998811,93,203,239,303,
250,78,0.999092,92,206,240,303,
251,78,0.999073,92,205,240,303,
252,78,0.999112,92,205,239,303,
253,78,0.998904,93,205,239,303,
254,78,0.998903,93,205,239,303,
255,78,0.999017,94,205,239,303,
256,78,0.998791,92,205,239,302,
257,78,0.998706,93,204,240,303,
258,78,0.998943,93,205,239,303,
259,78,0.999036,91,206,239,303,
260,78,0.999204,92,205,240,303,
261,78,0.998893,92,205,240,302,
262,78,0.998904,92,205,239,302,
263,78,0.999202,91,205,240,303,
264,78,0.999188,92,205,240,303,
265,78,0.998983,92,204,239,303,
266,78,0.998962,92,205,239,303,
267,78,0.999006,91,205,240,303,
268,78,0.999085,92,205,239,303,
269,78,0.999092,92,205,240,303,
270,78,0.999073,91,204,240,303,
271,78,0.999147,92,205,239,303,
272,78,0.998983,91,206,240,303,
273,78,0.999034,94,206,240,302,
274,78,0.998804,93,206,240,303,
275,78,0.999000,93,206,241,303,
276,78,0.998956,93,205,240,303,
277,78,0.998954,91,206,241,303,
278,78,0.998711,90,205,241,303,
279,78,0.998766,93,205,241,303,
280,78,0.998923,93,205,240,303,
281,78,0.998944,92,206,240,303,
282,78,0.998504,92,207,241,303,
283,78,0.998567,92,206,240,303,
284,78,0.998233,92,207,241,304,
285,78,0.997727,92,206,241,304,
286,78,0.997988,91,206,240,304,
287,78,0.997450,90,205,241,305,
288,78,0.997681,91,205,241,305,
289,78,0.997235,91,206,240,304,
290,78,0.998117,93,207,240,305,
291,78,0.997795,90,207,240,304,
292,78,0.997568,93,208,240,304,
293,78,0.997872,90,205,240,304,
294,78,0.997602,92,206,241,304,
295,78,0.998129,90,206,240,304,
296,78,0.997709,93,206,241,304,
297,78,0.997658,93,206,240,304,
298,78,0.998209,93,207,240,303,
299,78,0.997775,93,206,240,303,
300,78,0.997885,93,205,242,304,
301,78,0.997782,92,206,241,304,
302,78,0.998367,91,206,241,304,
303,78,0.997844,95,206,240,303,
304,78,0.997945,93,206,240,304,
305,78,0.997946,90,205,240,304,
306,78,0.997857,93,206,241,304,
307,78,0.998058,92,207,241,303,
308,78,0.998460,93,207,241,304,
309,78,0.997295,94,205,241,305,
310,78,0.997699,93,206,241,304,
311,78,0.998069,91,207,240,303,
312,78,0.997779,94,206,240,304,
313,78,0.998463,93,205,240,304,
314,78,0.998438,94,205,241,304,
315,78,0.997932,94,206,240,304,
316,78,0.998143,91,206,241,304,
317,78,0.997762,91,206,240,304,
318,78,0.997956,92,206,240,304,
319,78,0.998316,92,206,240,304,
320,78,0.998410,93,206,240,304,
321,78,0.998196,94,206,240,304,
322,78,0.998169,93,207,240,304,
323,78,0.997772,93,206,239,304,
324,78,0.997838,92,206,240,304,
325,78,0.998099,93,206,241,304,
326,78,0.997976,91,206,240,304,
327,78,0.997830,92,207,240,304,
328,78,0.998081,92,207,241,304,
329,78,0.998391,92,205,240,304,
330,78,0.998185,93,207,241,303,
331,78,0.998154,91,205,240,303,
332,78,0.997572,92,206,240,304,
333,78,0.997762,92,205,241,304,
334,78,0.997008,92,206,241,304,
335,78,0.997667,91,206,239,304,
336,78,0.997807,92,207,239,303,
337,78,0.998131,91,207,240,303,
338,78,0.998246,92,206,239,303,
339,78,0.998116,92,206,239,304,
340,78,0.998685,90,206,240,303,
341,78,0.998499,92,205,242,304,
342,78,0.998327,91,207,240,303,
343,78,0.997673,91,206,241,304,
344,78,0.997795,94,206,241,304,
345,78,0.998287,92,205,239,304,
346,78,0.998380,90,207,239,304,
347,78,0.998532,92,207,240,303,
348,78,0.998185,93,208,239,304,
349,78,0.998756,91,206,239,304,
350,78,0.998461,93,207,240,304,
351,78,0.998338,92,208,238,303,
352,78,0.997689,93,208,239,303,
353,78,0.997996,92,207,240,304,
354,78,0.998381,93,207,239,303,
355,78,0.998508,92,208,240,303,
356,78,0.998263,93,208,238,303,
357,78,0.998520,92,207,239,304,
358,78,0.998773,91,208,239,303,
359,78,0.998381,92,207,239,303,
360,78,0.998193,92,208,239,303,
361,78,0.998154,93,208,239,303,
362,78,0.998553,92,207,239,303,
363,78,0.997861,92,208,238,303,
364,78,0.998476,91,207,238,303,
365,78,0.998021,90,209,240,303,
366,78,0.998269,92,206,240,304,
367,78,0.998040,93,207,239,304,
368,78,0.998192,92,207,238,303,
369,78,0.998070,90,208,239,304,
370,78,0.998489,92,207,238,303,
371,78,0.998147,91,208,239,303,
372,78,0.998849,92,207,238,303,
373,78,0.998499,92,208,239,303,
374,78,0.998024,93,207,240,304,
375,78,0.998589,92,207,240,303,
376,78,0.998551,92,207,238,303,
377,78,0.998349,91,208,239,304,
378,78,0.998289,92,208,240,303,
379,78,0.998354,92,208,239,303,
380,78,0.998414,92,207,239,303,
381,78,0.998588,92,207,239,303,
382,78,0.998633,93,208,240,303,
383,78,0.998253,92,207,241,304,
384,78,0.998769,93,208,239,303,
385,78,0.998506,93,208,240,303,
386,78,0.998399,93,206,240,303,
387,78,0.998460,93,208,240,303,
388,78,0.998423,91,207,238,303,
389,78,0.998611,92,207,240,303,
390,78,0.998538,92,208,239,303,
391,78,0.998609,91,208,239,303,
392,78,0.998033,93,208,239,303,
393,78,0.998352,92,207,239,303,
394,78,0.998432,91,207,238,303,
395,78,0.998569,93,208,239,303,
396,78,0.998549,93,207,239,304,
397,78,0.998808,92,206,240,303,
398,78,0.998451,91,207,238,303,
399,78,0.998216,92,208,240,303,
400,78,0.998672,93,208,239,303,
401,78,0.998500,92,207,240,303,
402,78,0.998367,92,208,238,303,
403,78,0.998202,93,207,239,303,
404,78,0.998477,92,207,239,303,
405,78,0.998730,92,206,238,303,
406,78,0.998744,90,206,241,303,
407,78,0.998326,91,207,240,303,
408,78,0.998543,92,207,240,303,
409,78,0.998119,91,208,239,303,
410,78,0.998466,92,207,240,303,
411,78,0.998444,92,208,240,304,
412,78,0.998636,91,206,239,304,
413,78,0.998664,91,207,239,303,
414,78,0.998199,93,207,238,303,
415,78,0.998457,91,207,239,303,
416,78,0.998848,92,208,239,303,
417,78,0.998521,91,207,240,303,
418,78,0.998616,91,207,239,304,
419,78,0.998107,91,206,239,303,
420,78,0.998499,90,208,239,303,
421,78,0.998251,92,207,239,304,
422,78,0.998486,93,207,239,302,
423,78,0.998647,93,207,240,303,
424,78,0.998443,92,208,238,302,
425,78,0.998682,92,208,239,302,
426,78,0.998449,93,208,240,303,
427,78,0.998184,92,207,239,303,
428,78,0.998091,93,208,239,303,
429,78,0.998278,93,207,239,303,
430,78,0.998663,92,207,239,303,
431,78,0.998628,92,208,240,302,
432,78,0.998447,92,207,239,303,
433,78,0.998344,91,207,239,303,
434,78,0.997919,92,207,239,303,
435,78,0.998805,90,207,240,303,
436,78,0.998646,91,208,240,303,
437,78,0.998716,92,207,239,303,
438,78,0.998371,92,206,239,303,
439,78,0.998639,93,208,240,303,
440,78,0.998743,93,207,240,303,
441,78,0.998471,92,208,239,303,
442,78,0.998808,94,207,239,303,
443,78,0.998733,91,207,239,303,
444,78,0.998339,93,207,238,302,
445,78,0.998386,91,207,239,303,
446,78,0.998114,92,207,239,303,
447,78,0.998456,92,208,240,304,
448,78,0.998649,93,208,239,302,
449,78,0.998694,92,207,239,304,
450,78,0.998446,93,208,239,303,
451,78,0.997969,92,207,239,303,
452,78,0.998268,92,207,239,303,
453,78,0.998361,92,208,239,303,
454,78,0.998472,91,207,239,303,
455,78,0.998530,92,208,239,303,
456,78,0.998733,93,207,240,303,
457,78,0.998431,94,207,239,303,
458,78,0.998393,92,207,239,303,
459,78,0.998379,92,207,239,304,
460,78,0.998247,92,207,239,303,
461,78,0.998269,92,207,239,303,
462,78,0.998692,91,208,238,303,
463,78,0.998256,92,207,238,303,
464,78,0.998633,93,208,239,303,
465,78,0.998592,93,207,239,303,
466,78,0.998789,92,206,239,303,
467,78,0.998338,92,207,240,303,
468,78,0.998596,92,207,239,303,
469,78,0.998373,93,208,239,303,
470,78,0.998495,92,207,240,303,
471,78,0.998527,91,208,238,303,
472,78,0.998001,92,208,241,303,
473,78,0.998345,92,207,239,303,
474,78,0.998350,92,206,239,304,
475,78,0.998371,92,207,240,304,
476,78,0.998450,92,207,239,303,
477,78,0.998421,91,208,239,303,
478,78,0.998153,90,208,239,303,
479,78,0.998383,91,207,240,303,
480,78,0.998553,91,207,239,303,
481,78,0.998561,93,208,240,304,
482,78,0.998289,91,207,239,303,
483,78,0.998739,92,207,239,303,
484,78,0.998430,92,208,240,304,
485,78,0.998461,92,206,239,304,
486,78,0.998443,90,208,238,303,
487,78,0.998396,92,207,239,303,
488,78,0.998301,90,208,239,303,
489,78,0.998082,92,207,239,303,
490,78,0.998698,92,208,239,303,
491,78,0.998533,91,208,239,303,
492,78,0.998189,92,207,239,303,
493,78,0.997798,92,208,238,302,
494,78,0.998210,92,207,239,303,
495,78,0.998618,91,207,239,303,
496,78,0.998733,93,206,239,304,
497,78,0.998688,93,207,239,303,
498,78,0.998574,92,206,238,303,
499,78,0.998660,93,207,239,304,
500,78,0.998580,90,207,238,303,
501,78,0.998425,91,208,238,302,
502,78,0.998117,94,208,240,304,
503,78,0.998205,91,208,239,303,
504,78,0.998609,92,208,239,303,
505,78,0.998243,92,207,239,304,
506,78,0.998310,92,208,238,303,
507,78,0.998331,91,207,239,303,
508,78,0.998148,93,207,239,304,
509,78,0.998429,93,208,239,303,
510,78,0.998360,91,208,239,303,
511,78,0.998348,92,207,240,304,
512,78,0.998418,93,207,239,303,
513,78,0.997788,93,208,239,304,
514,78,0.998601,92,207,239,304,
515,78,0.998741,92,207,239,303,
516,78,0.998643,91,207,239,303,
517,78,0.998531,90,207,240,303,
518,78,0.998208,92,207,239,302,
519,78,0.998439,91,208,239,303,
520,78,0.998154,90,208,239,303,
521,78,0.998358,93,207,240,304,
522,78,0.998303,92,208,240,304,
523,78,0.998612,91,208,239,303,
524,78,0.998462,93,208,239,303,
525,78,0.998148,90,207,239,303,
526,78,0.998505,91,207,239,304,
527,78,0.998620,91,206,240,303,
528,78,0.998473,92,206,239,304,
529,78,0.998870,90,205,240,303,
530,78,0.998574,91,206,242,303,
531,78,0.998444,92,206,240,303,
532,78,0.998709,94,206,240,303,
533,78,0.998658,91,206,239,302,
534,78,0.999180,94,204,241,303,
535,78,0.998961,91,206,241,303,
536,78,0.999103,92,206,241,303,
537,78,0.999308,92,205,242,303,
538,78,0.999005,92,205,241,303,
539,78,0.999158,90,206,240,303,
540,78,0.999100,92,205,240,304,
541,78,0.999010,93,205,241,303,
542,78,0.999009,91,206,240,303,
543,78,0.998894,91,205,240,303,
544,78,0.999150,94,205,240,303,
545,78,0.999150,92,205,240,303,
546,78,0.999076,94,205,240,303,
547,78,0.998895,94,206,240,303,
548,78,0.999142,91,205,240,303,
549,78,0.999090,92,205,240,303,
550,78,0.999090,91,205,240,303,
551,78,0.999137,91,205,240,303,
552,78,0.999031,92,204,240,303,
553,78,0.999027,92,205,240,303,
554,78,0.998919,91,205,239,303,
555,78,0.998876,93,205,240,303,
556,78,0.998855,94,205,240,303,
557,78,0.999123,93,205,240,303,
558,78,0.999063,93,204,240,303,
559,78,0.999155,92,204,240,303,
560,78,0.999026,93,205,239,303,
561,78,0.998986,92,205,239,303,
562,78,0.998710,93,205,240,303,
563,78,0.999127,91,204,239,303,
564,78,0.999069,93,205,240,303,
565,78,0.999031,92,206,241,303,
566,78,0.999052,91,204,240,303,
567,78,0.999126,92,205,241,302,
568,78,0.999074,94,206,241,304,
569,78,0.999130,89,206,241,303,
570,78,0.999162,91,206,241,303,
571,78,0.998998,92,207,240,303,
572,78,0.998947,94,207,241,303,
573,78,0.998924,92,206,240,303,
574,78,0.998955,93,207,241,303,
575,78,0.998806,93,205,241,304,
576,78,0.996401,90,206,242,305,
577,78,0.996787,91,205,245,305,
578,78,0.998624,91,205,245,303,
579,78,0.998007,89,206,240,304,
580,78,0.997379,90,204,242,304,
581,78,0.998538,91,205,239,304,
582,78,0.998383,90,205,239,304,
583,78,0.997933,90,206,239,304,
584,78,0.998544,89,206,237,303,
585,78,0.998263,91,205,237,303,
586,78,0.998867,89,206,238,304,
587,78,0.998792,90,205,237,304,
588,78,0.998623,91,207,238,305,
589,78,0.998830,91,206,238,305,
590,78,0.998904,90,206,240,305,
591,78,0.998665,87,206,238,304,
592,78,0.998655,91,206,239,305,
593,78,0.998750,88,205,239,304,
594,78,0.998980,90,206,238,305,
595,78,0.998953,91,207,238,304,
596,78,0.999216,93,206,240,304,
597,78,0.998944,89,207,238,303,
598,78,0.998618,89,207,239,304,
599,78,0.998914,89,207,239,304,
600,78,0.998615,90,207,239,303,
601,78,0.998564,89,206,238,304,
602,78,0.998699,90,206,238,304,
603,78,0.998530,90,206,238,305,
604,78,0.998860,89,206,239,305,
605,78,0.998732,91,207,238,304,
606,78,0.998536,88,207,239,304,
607,78,0.998792,90,207,238,304,
608,78,0.998669,89,206,239,304,
609,78,0.998579,90,207,238,304,
610,78,0.998690,89,207,239,304,
611,78,0.998972,88,207,239,304,
612,78,0.998663,88,207,241,303,
613,78,0.998430,88,206,239,304,
614,78,0.998609,90,206,240,304,
615,78,0.998172,88,207,239,304,
616,78,0.998409,88,207,241,305,
617,78,0.998574,90,206,242,306,
618,78,0.998297,89,206,241,305,
619,78,0.997698,88,205,243,306,
620,78,0.998525,89,205,242,306,
621,78,0.998500,89,206,241,305,
622,78,0.998599,89,207,240,304,
623,78,0.998724,90,208,239,304,
624,78,0.998913,90,208,239,304,
625,78,0.998857,89,207,240,304,
626,78,0.999039,91,207,240,304,
627,78,0.999065,89,207,241,304,
628,78,0.999093,90,208,240,304,
629,78,0.999112,89,208,239,303,
630,78,0.999125,89,207,240,304,
631,78,0.999043,90,207,240,304,
632,78,0.999198,91,208,240,304,
633,78,0.999049,90,207,239,304,
634,78,0.999014,90,208,240,304,
635,78,0.999020,89,208,240,303,
636,78,0.998923,91,208,240,303,
637,78,0.999051,89,208,240,304,
638,78,0.999095,89,207,240,304,
639,78,0.998998,91,208,240,303,
640,78,0.999083,89,208,240,303,
641,78,0.999114,90,208,240,304,
642,78,0.998975,91,208,239,304,
643,78,0.999272,91,208,240,303,
644,78,0.999081,91,208,240,304,
645,78,0.999184,89,208,239,304,
646,78,0.999034,90,207,240,304,
647,78,0.999024,89,208,240,304,
648,78,0.999031,89,208,240,304,
649,78,0.999004,91,208,240,304,
650,78,0.999061,89,207,241,304,
651,78,0.998956,90,207,240,303,
