1,62,0.982784,485,253,631,410,
2,62,0.945139,479,253,634,408,
3,62,0.977598,493,259,630,411,
4,62,0.979310,481,254,635,409,
5,62,0.977661,489,252,630,413,
6,62,0.974057,493,259,631,413,
7,62,0.966368,482,253,632,407,
8,62,0.976479,493,258,632,409,
9,62,0.972587,491,254,631,413,
10,62,0.939253,456,242,628,405,
11,62,0.984355,486,255,634,407,
12,62,0.959756,488,254,631,407,
13,62,0.970747,485,253,632,407,
14,62,0.957515,489,259,631,412,
15,62,0.972879,494,262,631,410,
16,62,0.982422,483,253,632,410,
17,62,0.981581,486,253,631,411,
18,62,0.967455,488,254,633,408,
19,62,0.979582,485,255,631,410,
20,62,0.968106,487,251,632,412,
21,62,0.985455,485,253,632,408,
22,62,0.973546,490,253,629,415,
23,62,0.975895,481,255,633,407,
24,62,0.968663,489,253,632,410,
25,62,0.960875,487,251,632,412,
26,62,0.972440,491,250,628,412,
27,62,0.982840,484,253,634,409,
28,62,0.975896,484,251,634,410,
29,62,0.978560,488,250,631,414,
30,62,0.983697,484,253,635,410,
31,62,0.965921,491,253,630,411,
32,62,0.976733,482,253,633,408,
33,62,0.971100,490,256,630,413,
34,62,0.967745,483,253,633,408,
35,62,0.961999,481,254,628,414,
36,62,0.980394,489,252,632,410,
37,62,0.976886,485,254,633,408,
38,62,0.980906,483,253,633,409,
39,62,0.982026,487,254,633,409,
40,62,0.962089,484,254,631,413,
41,62,0.942107,491,249,633,411,
42,62,0.960673,492,258,632,411,
43,62,0.976408,492,260,631,410,
44,62,0.983195,488,252,632,411,
45,62,0.982544,485,253,634,410,
46,62,0.965843,483,253,633,410,
47,62,0.988331,486,254,630,408,
48,62,0.983849,492,256,629,412,
49,62,0.976102,484,252,633,410,
50,62,0.986254,488,254,631,409,
51,62,0.972235,482,253,634,409,
52,62,0.979925,486,251,631,411,
53,62,0.979062,491,260,629,413,
54,62,0.966925,486,252,632,411,
55,62,0.983876,490,254,634,409,
56,62,0.987345,486,254,633,409,
57,62,0.965870,486,253,633,408,
58,62,0.974236,486,254,632,408,
59,62,0.959964,488,253,631,408,
60,62,0.969979,490,257,633,412,
61,62,0.983550,483,252,633,411,
62,62,0.976646,482,252,633,410,
63,62,0.971156,487,252,633,409,
64,62,0.972327,487,253,636,409,
65,62,0.984722,488,253,631,410,
66,62,0.974951,487,249,630,414,
67,62,0.970698,485,254,634,406,
68,62,0.978477,482,253,633,409,
69,62,0.978299,485,253,633,408,
70,62,0.976835,483,253,634,409,
71,62,0.942424,486,249,627,411,
72,62,0.975412,489,257,630,412,
73,62,0.971141,489,255,632,410,
74,62,0.982184,485,253,633,410,
75,62,0.972369,485,252,633,408,
76,62,0.963709,486,253,633,411,
77,62,0.935279,483,252,630,413,
78,62,0.984476,493,257,629,411,
79,62,0.979467,490,251,632,414,
80,62,0.955080,487,256,631,411,
81,62,0.970574,485,254,632,407,
82,62,0.974322,490,249,632,412,
83,62,0.977076,488,252,631,407,
84,62,0.979026,485,252,634,410,
85,62,0.955931,493,255,631,410,
86,62,0.979052,487,254,633,407,
87,62,0.980186,486,254,633,407,
88,62,0.974252,489,260,630,411,
89,62,0.978576,484,251,632,409,
90,62,0.985024,485,254,631,407,
91,62,0.977029,490,252,627,413,
92,62,0.982915,486,254,631,410,
93,62,0.973863,488,252,631,410,
94,62,0.965986,483,252,632,410,
95,62,0.942224,485,252,629,411,
96,62,0.950387,485,250,631,410,
97,62,0.982772,488,257,630,406,
98,62,0.973729,492,258,631,412,
99,62,0.978592,489,252,630,411,
100,62,0.976286,493,258,632,411,
101,62,0.991021,487,253,632,411,
102,62,0.987073,487,251,634,410,
103,62,0.979112,486,254,631,408,
104,62,0.971650,483,252,631,411,
105,62,0.969565,490,254,629,412,
106,62,0.972100,485,252,631,410,
107,62,0.972463,490,248,630,412,
108,62,0.984048,487,252,633,408,
109,62,0.974846,490,260,630,413,
110,62,0.979985,485,254,631,405,
111,62,0.978094,486,253,632,408,
112,62,0.986241,489,253,632,406,
113,62,0.953007,483,254,628,414,
114,62,0.974312,488,252,630,411,
115,62,0.980987,486,254,631,409,
116,62,0.969546,488,250,631,412,
117,62,0.974959,489,250,632,415,
118,62,0.973087,489,257,629,413,
119,62,0.976544,481,253,634,409,
120,62,0.982945,486,255,632,406,
121,62,0.975208,487,253,630,409,
122,62,0.971091,490,252,628,412,
123,62,0.941547,484,250,633,412,
124,62,0.973767,483,253,629,411,
125,62,0.983442,488,255,632,408,
126,62,0.974985,484,251,633,412,
127,62,0.963058,486,253,634,412,
128,62,0.975172,487,254,629,410,
129,62,0.972239,483,253,633,410,
130,62,0.935788,482,253,627,414,
131,62,0.982174,488,253,630,406,
132,62,0.977853,492,259,630,410,
133,62,0.969156,486,254,631,409,
134,62,0.987643,487,254,630,409,
135,62,0.967735,490,253,626,414,
136,62,0.980141,487,254,630,411,
137,62,0.979279,486,253,632,411,
138,62,0.943222,488,248,634,411,
139,62,0.980730,488,252,633,407,
140,62,0.981675,485,253,631,408,
141,62,0.953599,485,253,627,413,
142,62,0.968356,491,258,631,414,
143,62,0.973476,487,255,630,409,
144,62,0.974612,490,252,630,410,
145,62,0.988143,489,253,633,410,
146,62,0.970445,494,260,631,410,
147,62,0.970540,490,257,633,411,
148,62,0.972890,490,251,632,413,
149,62,0.978666,484,253,632,408,
150,62,0.971908,490,251,632,412,
151,62,0.977836,484,255,632,407,
152,62,0.984687,489,252,633,408,
153,62,0.972276,487,253,631,410,
154,62,0.957708,486,253,632,409,
155,62,0.967792,486,258,631,412,
156,62,0.956118,484,253,634,408,
157,62,0.980166,493,262,628,414,
158,62,0.982364,485,253,633,407,
159,62,0.970260,484,254,633,410,
160,62,0.959652,487,252,633,410,
161,62,0.976292,490,261,632,412,
162,62,0.987156,488,254,631,411,
163,62,0.981595,486,254,630,409,
164,62,0.977703,485,253,630,410,
165,62,0.978669,485,253,631,409,
166,62,0.973425,486,251,632,409,
167,62,0.976788,483,254,631,411,
168,62,0.971060,484,250,631,412,
169,62,0.983514,487,254,634,408,
170,62,0.969052,490,260,630,411,
171,62,0.956166,483,256,633,412,
172,62,0.972813,492,257,631,412,
173,62,0.979918,484,254,633,408,
174,62,0.964489,489,247,629,410,
175,62,0.938551,485,253,626,411,
176,62,0.964669,482,253,632,408,
177,62,0.988585,484,252,633,408,
178,62,0.986666,486,254,632,410,
179,62,0.960756,489,252,628,412,
180,62,0.979901,489,251,632,412,
181,62,0.974035,489,256,631,412,
182,62,0.969037,487,254,631,409,
183,62,0.964442,491,254,631,410,
184,62,0.979921,487,253,630,410,
185,62,0.973730,486,250,632,413,
186,62,0.982911,489,251,630,410,
187,62,0.977484,481,254,634,405,
188,62,0.982756,487,254,633,410,
189,62,0.937783,484,259,632,412,
190,62,0.967513,481,249,627,410,
191,62,0.980517,485,253,632,410,
192,62,0.971034,481,254,634,405,
193,62,0.975047,489,252,631,411,
194,62,0.965161,486,255,631,412,
195,62,0.954515,488,258,632,411,
196,62,0.987756,484,254,634,405,
197,62,0.978182,489,250,631,412,
198,62,0.971379,491,260,630,411,
199,62,0.979130,484,253,633,410,
200,62,0.968942,488,254,629,411,
201,62,0.969718,492,260,631,410,
202,62,0.977294,487,253,629,411,
203,62,0.964191,486,253,633,411,
204,62,0.974485,485,253,631,408,
205,62,0.988986,488,254,633,410,
206,62,0.972604,484,253,632,412,
207,62,0.984628,486,253,633,407,
208,62,0.966759,487,257,631,413,
209,62,0.960054,488,259,630,410,
210,62,0.982907,484,252,636,409,
211,62,0.976803,487,259,631,414,
212,62,0.971379,486,253,633,411,
213,62,0.962256,489,252,632,409,
214,62,0.964137,485,252,632,409,
215,62,0.983545,485,253,633,406,
216,62,0.951528,483,252,632,413,
217,62,0.986209,490,253,632,412,
218,62,0.972064,485,252,635,409,
219,62,0.979478,486,257,631,414,
220,62,0.982206,489,254,632,410,
221,62,0.978148,484,253,633,411,
222,62,0.973450,483,250,630,411,
223,62,0.969883,491,257,630,414,
224,62,0.976122,487,252,634,408,
225,62,0.965335,490,255,630,414,
226,62,0.963991,493,254,635,407,
227,62,0.975759,492,260,630,410,
228,62,0.973065,484,254,634,407,
229,62,0.970086,490,261,631,413,
230,62,0.988365,489,253,632,408,
231,62,0.974055,485,254,629,412,
232,62,0.964417,486,253,633,410,
233,62,0.987741,487,252,634,410,
234,62,0.967464,487,252,632,411,
235,62,0.964428,490,258,632,410,
236,62,0.934500,482,252,632,410,
237,62,0.972321,488,250,633,409,
238,62,0.980089,488,254,631,410,
239,62,0.982514,487,253,631,410,
240,62,0.987804,487,253,633,408,
241,62,0.977994,489,257,628,415,
242,62,0.984173,495,256,629,412,
243,62,0.970271,485,253,632,409,
244,62,0.984814,490,251,632,413,
245,62,0.983146,492,255,630,412,
246,62,0.953993,483,248,631,412,
247,62,0.979872,488,252,631,410,
248,62,0.982819,485,253,631,409,
249,62,0.976236,487,251,630,411,
250,62,0.973085,487,255,632,407,
251,62,0.979124,488,255,628,414,
252,62,0.972797,489,255,630,412,
253,62,0.971416,490,259,632,412,
254,62,0.979183,487,255,631,413,
255,62,0.972356,491,259,629,412,
256,62,0.980265,487,255,633,407,
257,62,0.985825,488,254,632,410,
258,62,0.976060,487,254,632,410,
259,62,0.977128,486,252,633,410,
260,62,0.971758,483,252,631,414,
261,62,0.970323,491,252,632,412,
262,62,0.968152,484,251,631,412,
263,62,0.980411,488,252,631,415,
264,62,0.974898,489,254,629,414,
265,62,0.965946,490,262,632,413,
266,62,0.960881,483,251,633,411,
267,62,0.964651,490,260,631,414,
268,62,0.972817,484,257,631,409,
269,62,0.977117,487,253,632,410,
270,62,0.955774,485,251,632,410,
271,62,0.977689,485,253,633,409,
272,62,0.979308,492,258,634,412,
273,62,0.983473,488,252,632,410,
274,62,0.963825,491,257,631,410,
275,62,0.972671,488,253,631,407,
276,62,0.979935,483,253,631,410,
277,62,0.973193,492,259,631,412,
278,62,0.953664,487,257,633,412,
279,62,0.972700,480,253,630,411,
280,62,0.975260,484,254,631,411,
281,62,0.977918,490,252,630,411,
282,62,0.959755,492,259,631,410,
283,62,0.969024,487,256,630,415,
284,62,0.979977,486,254,633,407,
285,62,0.979263,485,252,630,410,
286,62,0.987949,490,253,631,410,
287,62,0.986346,484,253,634,409,
288,62,0.969494,492,260,631,411,
289,62,0.974463,489,251,632,410,
290,62,0.974430,487,253,633,410,
291,62,0.951701,483,252,633,410,
292,62,0.978943,481,255,632,408,
293,62,0.979194,488,252,632,410,
294,62,0.968995,490,254,631,413,
295,62,0.971312,490,252,632,413,
296,62,0.946845,482,246,630,414,
297,62,0.979959,485,255,628,413,
298,62,0.980278,489,251,632,413,
299,62,0.978938,483,254,633,408,
300,62,0.973885,484,250,629,412,
301,62,0.974175,491,260,629,412,
302,62,0.984015,485,253,632,410,
303,62,0.980129,486,253,633,408,
304,62,0.966044,487,252,633,411,
305,62,0.969868,488,252,630,411,
306,62,0.984566,484,253,635,408,
307,62,0.944830,483,250,627,414,
308,62,0.990468,487,254,631,410,
309,62,0.961510,484,249,634,411,
310,62,0.977554,485,252,632,409,
311,62,0.955931,488,250,632,409,
312,62,0.973028,490,258,630,411,
313,62,0.976571,488,252,632,410,
314,62,0.962378,490,252,630,413,
315,62,0.987509,485,255,633,406,
316,62,0.963683,488,257,631,412,
317,62,0.989262,486,254,633,410,
318,62,0.979602,485,254,630,409,
319,62,0.967021,489,258,631,413,
320,62,0.982434,485,253,634,408,
321,62,0.969831,489,259,629,412,
322,62,0.985634,484,254,631,409,
323,62,0.981485,487,253,632,408,
324,62,0.965058,488,258,632,412,
325,62,0.986608,485,253,633,409,
326,62,0.973188,487,254,631,410,
327,62,0.981936,490,252,632,411,
328,62,0.979278,486,253,635,409,
329,62,0.977930,484,253,634,410,
330,62,0.950720,488,256,628,416,
331,62,0.982078,487,253,635,410,
332,62,0.971542,485,255,633,408,
333,62,0.979841,491,258,632,413,
334,62,0.969672,491,254,635,413,
335,62,0.978248,489,259,630,412,
336,62,0.972042,489,260,634,414,
337,62,0.950385,489,250,627,414,
338,62,0.977379,487,253,628,409,
339,62,0.976896,491,251,629,413,
340,62,0.962185,486,252,631,411,
341,62,0.982476,486,253,634,408,
342,62,0.971885,487,254,630,410,
343,62,0.985785,486,255,631,408,
344,62,0.943271,491,264,630,413,
345,62,0.979772,489,253,632,415,
346,62,0.987576,486,252,632,409,
347,62,0.976174,487,252,632,411,
348,62,0.954724,490,258,631,410,
349,62,0.978646,485,254,633,410,
350,62,0.972580,484,249,630,410,
351,62,0.982098,488,252,632,410,
352,62,0.975684,487,253,632,410,
353,62,0.960891,491,255,630,412,
354,62,0.974495,484,252,632,410,
355,62,0.972740,487,252,634,410,
356,62,0.973946,490,252,630,411,
357,62,0.975190,490,253,629,412,
358,62,0.970136,493,260,629,415,
359,62,0.983208,487,254,633,405,
360,62,0.975734,486,253,631,410,
361,62,0.982377,486,252,633,409,
362,62,0.986879,486,252,632,410,
363,62,0.969314,484,251,633,410,
364,62,0.961583,489,251,632,412,
365,62,0.981555,488,253,631,411,
366,62,0.982783,487,253,635,407,
367,62,0.970997,485,254,631,407,
368,62,0.952106,495,255,631,411,
369,62,0.962058,487,250,630,414,
370,62,0.968874,484,250,631,413,
371,62,0.977340,481,251,634,409,
372,62,0.966996,492,262,630,415,
373,62,0.981795,485,254,630,408,
374,62,0.974963,480,253,633,407,
375,62,0.965847,489,251,631,413,
376,62,0.983583,484,255,633,408,
377,62,0.990938,486,253,633,408,
378,62,0.954107,491,258,630,411,
379,62,0.987285,487,253,634,408,
380,62,0.963422,489,252,634,409,
381,62,0.984824,487,252,629,413,
382,62,0.965133,489,253,629,414,
383,62,0.955954,484,253,634,410,
384,62,0.960726,494,262,630,413,
385,62,0.983625,491,252,632,413,
386,62,0.962726,487,258,632,413,
387,62,0.987205,484,253,634,406,
388,62,0.959628,486,252,632,410,
389,62,0.982546,487,253,633,410,
390,62,0.967046,493,257,631,411,
391,62,0.971127,486,248,631,414,
392,62,0.978361,488,251,631,409,
393,62,0.972121,487,252,633,409,
394,62,0.982129,486,253,631,411,
395,62,0.984450,492,258,630,412,
396,62,0.984786,491,253,631,413,
397,62,0.968218,491,258,632,411,
398,62,0.976325,484,254,631,409,
399,62,0.985184,483,253,632,410,
400,62,0.968703,487,252,633,413,
401,62,0.981895,485,252,635,409,
402,62,0.979841,483,253,633,410,
403,62,0.982845,485,254,632,408,
404,62,0.982501,487,254,631,410,
405,62,0.974169,492,260,630,412,
406,62,0.944824,486,254,632,410,
407,62,0.967297,481,251,631,413,
408,62,0.972036,489,257,632,410,
409,62,0.976590,485,252,632,410,
410,62,0.976025,483,254,633,408,
411,62,0.964087,485,252,633,407,
412,62,0.978847,485,251,635,409,
413,62,0.974971,485,252,634,409,
414,62,0.969720,491,253,628,414,
415,62,0.977134,488,254,633,410,
416,62,0.959646,491,258,629,413,
417,62,0.981588,484,253,633,411,
418,62,0.975807,490,251,630,414,
419,62,0.955161,493,258,632,412,
420,62,0.947290,481,248,633,412,
421,62,0.986295,487,253,633,410,
422,62,0.966834,488,254,631,412,
423,62,0.967198,486,252,630,411,
424,62,0.983363,486,254,634,406,
425,62,0.982005,485,255,634,409,
426,62,0.972159,492,252,632,413,
427,62,0.984504,491,260,630,412,
428,62,0.971912,488,251,631,412,
429,62,0.978201,487,253,632,408,
430,62,0.969645,487,253,629,410,
431,62,0.958050,477,251,630,411,
432,62,0.986867,485,255,632,407,
433,62,0.957107,486,255,628,411,
434,62,0.930963,486,256,632,416,
435,62,0.972834,490,257,631,410,
436,62,0.973855,484,256,631,410,
437,62,0.968501,486,252,631,412,
438,62,0.973859,495,259,631,408,
439,62,0.977654,486,253,633,406,
440,62,0.971441,489,248,631,412,
441,62,0.965467,483,252,634,408,
442,62,0.988134,489,254,630,412,
443,62,0.983582,489,253,629,410,
444,62,0.967872,486,253,632,411,
445,62,0.976947,483,253,633,407,
446,62,0.977716,490,252,633,412,
447,62,0.977912,491,259,632,412,
448,62,0.980166,485,253,635,410,
449,62,0.977310,492,257,631,414,
450,62,0.970756,483,253,635,410,
451,62,0.985079,484,252,633,409,
452,62,0.944970,483,243,632,414,
453,62,0.960450,491,255,632,411,
454,62,0.980498,489,253,628,414,
455,62,0.968247,491,258,631,410,
456,62,0.950701,484,253,632,412,
457,62,0.974854,486,253,632,409,
458,62,0.970314,487,257,632,410,
459,62,0.982033,486,253,634,409,
460,62,0.976688,493,258,632,410,
461,62,0.966086,496,259,631,410,
462,62,0.958248,484,254,630,411,
463,62,0.969759,488,252,635,410,
464,62,0.973044,487,252,632,414,
465,62,0.980023,483,252,633,409,
466,62,0.980288,486,254,631,408,
467,62,0.981990,487,253,633,408,
468,62,0.975625,488,255,630,411,
469,62,0.991731,487,252,631,409,
470,62,0.962625,485,251,631,412,
471,62,0.963047,486,252,633,410,
472,62,0.966364,488,253,631,410,
473,62,0.975920,490,251,629,413,
474,62,0.974153,482,253,634,409,
475,62,0.966504,485,253,631,408,
476,62,0.985741,486,252,633,406,
477,62,0.977629,487,254,631,411,
478,62,0.962242,482,253,635,408,
479,62,0.977302,484,253,632,407,
480,62,0.934561,483,251,626,411,
481,62,0.975135,490,253,630,411,
482,62,0.974278,482,252,630,412,
483,62,0.971122,490,257,630,411,
484,62,0.968063,486,252,633,409,
485,62,0.969284,486,252,629,410,
486,62,0.954484,488,250,629,412,
487,62,0.969180,481,254,630,410,
488,62,0.982373,486,255,634,406,
489,62,0.966793,490,252,630,414,
490,62,0.985411,486,254,630,409,
491,62,0.982285,486,253,633,408,
492,62,0.978785,484,253,632,410,
493,62,0.970492,491,258,629,409,
494,62,0.954947,492,260,633,414,
495,62,0.968885,486,253,633,410,
496,62,0.949231,480,252,631,412,
497,62,0.966895,486,252,631,409,
498,62,0.970611,485,255,633,407,
499,62,0.965898,488,261,632,414,
500,62,0.975483,486,255,631,409,
501,62,0.963867,488,251,628,414,
502,62,0.988727,487,255,630,410,
503,62,0.971523,482,253,628,407,
504,62,0.969670,485,251,632,410,
505,62,0.960153,489,259,631,411,
506,62,0.983282,490,253,630,415,
507,62,0.954388,486,253,632,411,
508,62,0.973268,485,253,631,410,
509,62,0.968575,489,253,632,407,
510,62,0.967925,482,254,631,411,
511,62,0.971325,487,254,632,410,
512,62,0.977423,486,254,631,410,
513,62,0.978122,487,254,631,411,
514,62,0.965815,490,258,632,412,
515,62,0.979405,490,255,630,414,
516,62,0.986103,487,253,634,411,
517,62,0.968538,481,252,635,410,
518,62,0.985338,487,254,633,409,
519,62,0.984929,487,252,630,408,
520,62,0.982009,488,254,632,409,
521,62,0.977344,482,253,633,410,
522,62,0.975938,486,252,636,410,
523,62,0.964453,495,256,631,409,
524,62,0.970834,488,253,628,411,
525,62,0.967809,495,261,632,410,
526,62,0.983834,486,252,633,410,
527,62,0.975952,484,251,631,411,
528,62,0.982994,486,252,631,409,
529,62,0.965081,488,250,631,413,
530,62,0.982091,488,254,633,410,
531,62,0.960336,489,251,630,413,
532,62,0.966302,491,259,632,412,
533,62,0.977411,481,253,632,408,
534,62,0.980926,483,254,634,407,
535,62,0.957872,486,255,631,408,
536,62,0.969131,487,253,629,415,
537,62,0.980621,486,253,631,409,
538,62,0.987129,492,255,630,411,
539,62,0.973467,486,255,631,409,
540,62,0.985733,488,255,632,410,
541,62,0.962428,478,252,631,412,
542,62,0.978533,484,254,633,407,
543,62,0.974548,492,254,632,408,
544,62,0.967485,492,256,630,410,
545,62,0.975399,485,253,632,408,
546,62,0.981303,485,253,632,410,
547,62,0.969396,492,256,629,412,
548,62,0.964949,485,251,632,412,
549,62,0.960582,482,252,631,415,
550,62,0.975840,487,252,632,411,
551,62,0.966319,484,248,629,414,
552,62,0.983893,489,253,631,410,
553,62,0.982387,489,256,632,412,
554,62,0.976521,485,253,633,410,
555,62,0.969502,483,255,630,411,
556,62,0.976130,486,252,629,412,
557,62,0.970433,483,252,632,410,
558,62,0.974772,485,253,629,414,
559,62,0.960788,489,256,632,411,
560,62,0.960520,483,252,632,411,
561,62,0.966206,486,247,632,411,
562,62,0.939651,490,254,632,413,
563,62,0.976000,492,259,631,411,
564,62,0.981626,486,252,629,409,
565,62,0.968290,488,257,632,412,
566,62,0.976919,495,262,629,412,
567,62,0.974147,487,259,632,413,
568,62,0.963224,487,253,626,413,
569,62,0.950589,483,254,632,414,
570,62,0.987558,487,254,633,407,
571,62,0.967913,486,251,634,411,
572,62,0.980473,486,253,630,412,
573,62,0.953374,488,250,632,411,
574,62,0.951147,488,251,629,413,
575,62,0.976935,487,253,630,408,
576,62,0.979597,482,252,632,410,
577,62,0.976030,493,256,631,414,
578,62,0.975994,484,254,632,409,
579,62,0.975965,486,253,632,409,
580,62,0.980858,484,254,632,408,
581,62,0.977948,485,253,633,411,
582,62,0.984921,490,255,629,410,
583,62,0.973449,483,252,633,407,
584,62,0.963840,485,253,633,409,
585,62,0.982926,487,254,632,408,
586,62,0.972025,488,250,630,413,
587,62,0.985565,488,253,630,410,
588,62,0.976538,484,252,634,410,
589,62,0.966176,484,253,633,408,
590,62,0.967612,490,259,630,411,
591,62,0.981652,485,254,635,408,
592,62,0.979993,490,252,632,413,
593,62,0.967213,490,258,630,412,
594,62,0.973250,488,258,629,412,
595,62,0.947009,484,251,632,409,
596,62,0.984138,486,254,631,408,
597,62,0.978089,486,252,632,413,
598,62,0.972598,486,252,632,410,
599,62,0.987689,486,253,632,406,
600,62,0.978064,484,256,628,411,
601,62,0.984494,488,254,630,410,
602,62,0.984231,485,254,632,408,
603,62,0.975928,486,252,635,410,
604,62,0.973922,483,254,632,406,
605,62,0.972922,485,253,634,407,
606,62,0.979082,486,252,634,409,
607,62,0.974543,492,259,630,409,
608,62,0.973181,485,253,635,409,
609,62,0.970171,485,253,631,410,
610,62,0.970961,490,257,633,412,
611,62,0.980733,485,254,633,409,
612,62,0.963564,492,254,631,413,
613,62,0.980851,487,252,633,410,
614,62,0.968741,486,259,631,412,
615,62,0.980624,489,253,632,412,
616,62,0.985232,489,254,632,407,
617,62,0.982648,485,253,633,408,
618,62,0.973156,482,252,633,408,
619,62,0.967054,484,252,633,410,
620,62,0.978265,486,253,629,412,
621,62,0.964297,485,246,636,413,
622,62,0.968794,485,256,630,408,
623,62,0.969352,487,251,630,413,
624,62,0.982509,485,255,632,408,
625,62,0.985409,486,254,632,410,
626,62,0.982998,484,253,634,409,
627,62,0.985357,485,253,634,407,
628,62,0.972705,486,252,632,413,
629,62,0.983707,485,253,634,407,
630,62,0.977601,485,253,634,409,
631,62,0.977057,488,251,631,413,
632,62,0.942458,473,248,628,409,
633,62,0.973214,496,260,630,412,
634,62,0.972309,491,257,627,412,
635,62,0.987811,491,252,631,409,
636,62,0.989662,487,254,633,406,
637,62,0.981449,484,253,634,409,
638,62,0.988685,487,253,632,409,
639,62,0.973180,490,253,629,414,
640,62,0.979977,484,252,632,410,
641,62,0.974758,486,252,632,412,
642,62,0.974879,485,253,633,409,
643,62,0.979838,485,253,631,408,
644,62,0.985873,483,253,634,410,
645,62,0.978487,484,254,633,411,
646,62,0.973446,487,253,628,413,
647,62,0.979729,486,254,633,406,
648,62,0.936424,486,254,630,415,
649,62,0.974856,486,253,634,411,
650,62,0.970251,488,257,632,414,
651,62,0.987143,488,253,631,411,
