1,44,0.754838,474,172,503,251,
2,44,0.866955,479,170,505,246,
3,44,0.750047,478,169,506,246,
4,44,0.751793,475,171,503,241,
5,44,0.798577,480,170,506,245,
6,44,0.855734,478,170,505,245,
7,44,0.503429,472,172,504,252,
8,44,0.701736,477,168,503,238,
9,44,0.516602,473,172,503,242,
10,44,0.717687,475,170,503,243,
12,44,0.539901,474,172,503,240,
13,44,0.576067,475,172,503,239,
14,44,0.771968,479,170,505,244,
15,44,0.621288,475,171,502,239,
16,44,0.560995,471,173,504,258,
17,44,0.811235,479,171,505,243,
19,44,0.700024,473,171,504,256,
20,44,0.594877,471,173,504,258,
21,44,0.547853,472,173,504,260,
22,44,0.640248,474,172,503,243,
23,44,0.634435,475,171,503,238,
24,44,0.537018,473,172,504,245,
25,44,0.762001,476,171,503,238,
26,44,0.599581,474,171,503,241,
27,44,0.550812,474,172,503,251,
28,44,0.624908,477,170,504,237,
29,44,0.666862,472,172,504,254,
30,44,0.560498,471,173,505,256,
31,44,0.634633,474,171,503,244,
32,44,0.536107,468,175,507,269,
33,44,0.743834,476,170,503,242,
34,44,0.743873,476,171,502,239,
35,44,0.631171,474,172,503,246,
36,44,0.534589,473,171,503,245,
37,44,0.705179,469,173,506,269,
40,44,0.505947,473,171,504,250,
41,44,0.523882,470,175,505,268,
42,44,0.557112,471,172,504,263,
43,44,0.641720,475,171,503,240,
45,44,0.649901,475,171,503,245,
46,44,0.554968,471,172,503,253,
47,44,0.718616,468,172,505,270,
48,44,0.617294,475,172,503,244,
49,44,0.637826,474,171,503,242,
51,44,0.522075,473,172,504,249,
52,44,0.690910,474,172,503,245,
53,44,0.712323,479,171,506,246,
54,44,0.540483,474,172,503,246,
56,44,0.707545,476,170,503,240,
57,44,0.594698,472,173,504,256,
58,44,0.660476,477,171,503,238,
59,44,0.593034,476,172,502,238,
60,44,0.668335,474,171,503,241,
61,44,0.755633,480,170,506,244,
62,44,0.620841,474,172,503,246,
63,44,0.558788,472,171,504,248,
64,44,0.796353,479,170,506,241,
65,44,0.720981,472,173,505,266,
66,44,0.677298,472,171,504,252,
67,44,0.615789,468,170,505,274,
68,44,0.705110,469,174,506,268,
69,44,0.620745,475,172,503,241,
70,44,0.598368,473,172,505,252,
71,44,0.562857,473,171,504,245,
72,44,0.567584,474,171,503,239,
73,44,0.632972,475,171,503,240,
74,44,0.747498,474,170,503,246,
75,44,0.557924,474,172,503,243,
76,44,0.603651,473,172,504,247,
77,44,0.684913,471,172,504,258,
78,44,0.549235,473,171,503,244,
79,44,0.583317,474,171,503,238,
80,44,0.694174,476,171,503,238,
81,44,0.595602,472,171,503,249,
82,44,0.557397,475,171,503,238,
83,44,0.650849,474,172,503,245,
84,44,0.562393,471,172,504,263,
85,44,0.639368,471,175,504,267,
86,44,0.691682,471,173,505,268,
87,44,0.602537,473,171,503,247,
88,44,0.582740,474,171,503,244,
89,44,0.714976,468,173,506,270,
90,44,0.727141,478,170,505,242,
91,44,0.568932,471,172,504,256,
92,44,0.612114,471,172,504,257,
93,44,0.534792,470,174,505,264,
94,44,0.681082,472,172,504,257,
95,44,0.606285,475,173,503,242,
96,44,0.657402,475,172,503,242,
97,44,0.680570,475,171,503,246,
98,44,0.543557,477,169,503,239,
99,44,0.564301,477,170,503,236,
100,44,0.793768,476,170,503,238,
101,44,0.685671,475,170,504,242,
102,44,0.741341,474,172,503,248,
105,44,0.665547,474,170,504,244,
106,44,0.855177,479,169,506,244,
107,44,0.714325,476,171,503,240,
108,44,0.581388,473,173,504,252,
109,44,0.597199,472,172,504,249,
110,44,0.644974,473,172,503,247,
111,44,0.710464,474,172,504,251,
113,44,0.595752,472,172,504,255,
114,44,0.505564,472,173,503,248,
115,44,0.622614,473,172,504,255,
118,44,0.646326,473,171,504,253,
119,44,0.536375,474,172,504,244,
120,44,0.548963,471,172,504,255,
121,44,0.653982,470,174,506,268,
122,44,0.501241,474,172,503,249,
123,44,0.591619,473,172,504,249,
124,44,0.679953,474,171,504,247,
125,44,0.567531,473,172,504,246,
126,44,0.811887,470,171,505,263,
127,44,0.755652,475,170,503,243,
128,44,0.648120,474,170,503,243,
129,44,0.502146,471,172,504,251,
130,44,0.622127,472,172,504,255,
131,44,0.610233,473,170,504,244,
132,44,0.670699,476,171,503,239,
133,44,0.684557,474,170,503,244,
134,44,0.604780,477,169,503,239,
135,44,0.617156,473,173,503,247,
136,44,0.707990,474,171,503,245,
137,44,0.824719,478,168,506,242,
138,44,0.596833,477,168,504,238,
139,44,0.632926,476,168,504,239,
140,44,0.776402,475,170,502,241,
141,44,0.621432,473,171,504,254,
142,44,0.846526,478,169,505,243,
143,44,0.679496,474,172,503,246,
144,44,0.702840,476,170,503,235,
145,44,0.532603,474,173,503,240,
146,44,0.539517,472,172,505,255,
147,44,0.668020,474,171,503,243,
148,44,0.565850,473,172,504,248,
149,44,0.696962,475,170,503,239,
150,44,0.636720,474,172,503,241,
152,44,0.721440,477,168,504,239,
153,44,0.722362,476,171,503,241,
154,44,0.629337,477,169,504,240,
155,44,0.617909,476,171,504,240,
156,44,0.665101,471,172,505,261,
157,44,0.680427,469,175,505,268,
158,44,0.665577,475,172,503,243,
159,44,0.768054,479,171,506,242,
160,44,0.716138,475,171,504,244,
161,44,0.575448,472,172,504,248,
162,44,0.800087,479,170,505,243,
164,44,0.548073,474,172,503,242,
165,44,0.749633,479,171,506,242,
166,44,0.642739,474,171,504,246,
167,44,0.595003,474,172,503,242,
168,44,0.594424,473,172,504,244,
169,44,0.636124,472,172,504,250,
170,44,0.613855,473,172,503,250,
171,44,0.630190,474,171,503,245,
172,44,0.595120,471,173,504,258,
173,44,0.637183,475,172,504,241,
174,44,0.800594,479,170,506,243,
175,44,0.704240,475,172,504,245,
177,44,0.672335,474,172,503,244,
179,44,0.622915,472,172,504,253,
180,44,0.700966,475,171,503,238,
181,44,0.579711,472,171,503,249,
182,44,0.523332,471,171,504,254,
183,44,0.625667,472,170,504,255,
184,44,0.638266,474,172,503,243,
185,44,0.592225,473,172,503,245,
188,44,0.510067,471,171,504,255,
189,44,0.508173,472,173,504,257,
190,44,0.597395,469,173,505,268,
191,44,0.562178,475,172,503,245,
193,44,0.674979,472,173,504,268,
194,44,0.713146,476,171,503,241,
195,44,0.700863,475,172,503,245,
196,44,0.566305,473,172,503,247,
198,44,0.781703,479,171,506,243,
199,44,0.523905,475,172,503,241,
200,44,0.745654,479,170,506,244,
201,44,0.562700,476,172,502,238,
202,44,0.574753,476,169,504,240,
203,44,0.823205,479,170,506,243,
204,44,0.581694,475,172,502,240,
205,44,0.558413,476,169,504,237,
206,44,0.636786,476,170,503,238,
207,44,0.649220,475,171,503,239,
208,44,0.803234,479,170,506,247,
209,44,0.636462,474,172,503,247,
210,44,0.600837,473,171,503,252,
211,44,0.729393,476,170,503,237,
212,44,0.619737,477,168,504,237,
213,44,0.523181,473,173,504,244,
214,44,0.563828,472,173,504,256,
215,44,0.619102,473,172,504,256,
216,44,0.677573,468,173,506,269,
217,44,0.692886,470,174,506,269,
218,44,0.770078,476,170,502,238,
219,44,0.629318,471,172,504,260,
220,44,0.564921,470,174,506,268,
221,44,0.537548,473,172,504,246,
222,44,0.720377,475,171,503,241,
223,44,0.656055,470,174,505,268,
224,44,0.645345,474,170,503,242,
225,44,0.549789,471,173,504,257,
226,44,0.531776,473,172,504,251,
227,44,0.679226,475,170,504,244,
228,44,0.646433,474,172,503,249,
229,44,0.738218,469,173,506,266,
230,44,0.665113,474,170,502,240,
231,44,0.600606,474,171,503,245,
232,44,0.685227,471,171,505,268,
233,44,0.506766,470,173,505,261,
234,44,0.583329,474,172,503,245,
237,44,0.587502,474,171,503,247,
238,44,0.520619,471,172,504,262,
239,44,0.622421,469,173,506,268,
240,44,0.568644,472,172,503,249,
241,44,0.705720,476,171,502,240,
243,44,0.702707,473,172,504,251,
244,44,0.534292,474,172,503,241,
246,44,0.681970,477,169,504,237,
247,44,0.675952,472,173,505,267,
248,44,0.520090,477,169,503,239,
249,44,0.622390,473,172,504,251,
250,44,0.841113,479,169,505,245,
251,44,0.717125,477,170,503,237,
252,44,0.625913,473,174,504,264,
253,44,0.715838,473,172,504,259,
254,44,0.694275,471,174,505,267,
255,44,0.716059,476,170,503,239,
256,44,0.536903,473,171,503,247,
257,44,0.605011,474,172,503,242,
258,44,0.802426,475,171,504,247,
259,44,0.611452,473,172,503,249,
260,44,0.653762,476,168,504,240,
261,44,0.598368,472,172,504,258,
262,44,0.567227,471,172,504,256,
263,44,0.561712,473,172,503,245,
264,44,0.546831,473,171,503,247,
265,44,0.629908,474,172,503,244,
266,44,0.576498,472,172,504,250,
267,44,0.520392,467,172,505,273,
268,44,0.682615,474,170,503,244,
269,44,0.591932,475,171,503,239,
270,44,0.751943,471,172,505,267,
271,44,0.506452,471,173,504,256,
272,44,0.680993,473,172,503,246,
273,44,0.573534,468,174,507,269,
274,44,0.666938,469,170,505,274,
275,44,0.530296,473,172,503,248,
276,44,0.558141,473,171,503,246,
277,44,0.604128,470,173,505,266,
278,44,0.595682,472,171,504,252,
279,44,0.689295,468,174,506,271,
280,44,0.572614,472,172,503,249,
281,44,0.670288,476,171,503,238,
282,44,0.706196,470,175,505,271,
283,44,0.634328,473,172,503,248,
284,44,0.604816,473,172,503,244,
285,44,0.641867,474,171,504,248,
286,44,0.625461,475,171,503,242,
287,44,0.632854,473,170,504,246,
288,44,0.584558,472,173,503,253,
289,44,0.589546,474,171,503,244,
290,44,0.630737,476,170,503,240,
291,44,0.550777,475,171,504,242,
292,44,0.638930,475,171,503,237,
293,44,0.605596,473,172,503,247,
294,44,0.690370,476,170,503,238,
295,44,0.697596,474,172,504,246,
296,44,0.661428,476,168,504,240,
297,44,0.594538,473,172,503,247,
298,44,0.526823,471,172,504,253,
300,44,0.833281,479,170,506,243,
301,44,0.819053,479,170,506,246,
303,44,0.524124,470,173,504,259,
305,44,0.528463,474,173,503,242,
307,44,0.642236,474,171,504,248,
308,44,0.722808,476,172,503,238,
309,44,0.605639,473,172,504,249,
310,44,0.665695,468,173,506,269,
311,44,0.531399,473,172,503,248,
312,44,0.510849,474,172,503,246,
313,44,0.795611,469,172,506,271,
314,44,0.514766,473,172,503,243,
315,44,0.583228,476,169,503,241,
317,44,0.662333,477,171,503,239,
318,44,0.583617,473,171,503,245,
319,44,0.743125,474,171,503,249,
320,44,0.641701,473,171,503,245,
323,44,0.507937,472,172,504,250,
324,44,0.525035,475,171,503,241,
325,44,0.622241,474,171,503,248,
327,44,0.621548,472,172,504,253,
328,44,0.711535,476,170,503,239,
329,44,0.704391,475,171,503,239,
330,44,0.570931,471,172,503,257,
331,44,0.564178,473,172,504,251,
332,44,0.649277,472,171,503,251,
333,44,0.740342,474,172,503,246,
334,44,0.592474,473,173,504,253,
335,44,0.579149,474,171,503,243,
336,44,0.692538,477,168,504,239,
337,44,0.586746,477,169,505,239,
338,44,0.766324,479,171,506,246,
339,44,0.711012,476,171,502,244,
340,44,0.621340,478,168,503,236,
341,44,0.562070,474,171,503,241,
342,44,0.735224,477,168,504,239,
343,44,0.665761,475,171,503,240,
344,44,0.765667,477,170,503,238,
345,44,0.730278,475,171,503,243,
346,44,0.719732,473,172,504,254,
347,44,0.739824,477,171,503,238,
348,44,0.687137,476,172,503,239,
349,44,0.754299,476,170,502,238,
350,44,0.561725,476,172,503,238,
351,44,0.744822,475,172,503,245,
352,44,0.746718,472,171,503,255,
353,44,0.671609,474,171,504,246,
354,44,0.650347,473,171,503,247,
355,44,0.696112,476,171,502,237,
356,44,0.648862,475,171,503,242,
357,44,0.709261,474,172,504,249,
358,44,0.640582,475,171,503,241,
359,44,0.591837,473,172,504,247,
361,44,0.655447,473,172,504,252,
362,44,0.719980,473,172,504,252,
364,44,0.573889,474,172,504,245,
365,44,0.647026,474,172,503,242,
367,44,0.621087,475,172,503,240,
368,44,0.535152,473,172,503,244,
370,44,0.558227,473,172,504,248,
371,44,0.648078,470,174,505,268,
372,44,0.610900,475,171,503,238,
373,44,0.662901,470,174,505,268,
374,44,0.679609,474,172,504,250,
375,44,0.713705,471,171,504,255,
378,44,0.584986,474,171,503,244,
379,44,0.601373,474,171,504,244,
380,44,0.634567,470,173,506,268,
381,44,0.664620,468,172,506,269,
383,44,0.555375,473,172,504,244,
386,44,0.581382,473,172,503,247,
387,44,0.509975,474,171,503,241,
388,44,0.677931,475,171,503,245,
389,44,0.535664,470,173,505,263,
391,44,0.750202,469,172,505,269,
392,44,0.601229,472,171,504,253,
393,44,0.695646,476,171,502,238,
394,44,0.690988,477,170,503,236,
396,44,0.679820,474,171,504,245,
397,44,0.685553,476,170,503,236,
398,44,0.647613,476,170,504,246,
399,44,0.630262,473,171,504,246,
400,44,0.677312,477,171,503,239,
401,44,0.568024,475,172,503,240,
402,44,0.594120,471,171,505,258,
403,44,0.718669,477,169,504,234,
404,44,0.639990,474,172,503,245,
405,44,0.781212,477,168,504,239,
406,44,0.547275,473,172,503,248,
407,44,0.700444,474,173,503,245,
408,44,0.812256,479,170,506,240,
409,44,0.567456,474,173,504,246,
410,44,0.647473,476,172,502,239,
411,44,0.516218,473,173,504,252,
413,44,0.654156,474,171,504,251,
414,44,0.540345,472,173,504,251,
415,44,0.642827,473,171,503,243,
416,44,0.638648,468,174,506,268,
417,44,0.519902,469,173,505,265,
418,44,0.538532,471,171,505,259,
419,44,0.558483,472,171,503,250,
420,44,0.662495,474,171,504,248,
421,44,0.685017,473,171,504,253,
422,44,0.651141,471,173,505,258,
423,44,0.575437,470,172,504,263,
424,44,0.595052,474,170,503,246,
425,44,0.663233,469,172,505,268,
426,44,0.502480,469,174,506,269,
427,44,0.731290,473,171,503,247,
428,44,0.535805,473,173,503,248,
429,44,0.593851,474,172,503,245,
430,44,0.630938,473,171,503,247,
431,44,0.566530,473,172,503,247,
432,44,0.788183,478,169,505,244,
433,44,0.610850,470,172,504,258,
434,44,0.597026,472,172,504,255,
435,44,0.541380,474,171,503,243,
437,44,0.704957,474,172,504,251,
438,44,0.720102,474,171,502,240,
440,44,0.638399,475,171,503,244,
441,44,0.764847,479,171,506,246,
442,44,0.594496,476,171,503,237,
443,44,0.618566,476,171,503,239,
444,44,0.715773,476,168,504,240,
445,44,0.690917,476,171,503,240,
446,44,0.689571,476,168,504,240,
447,44,0.582354,478,169,504,237,
448,44,0.704641,474,171,504,249,
449,44,0.693841,474,170,504,251,
450,44,0.700411,475,171,503,241,
451,44,0.558378,473,173,504,250,
452,44,0.546281,473,173,504,250,
453,44,0.662077,476,170,503,237,
454,44,0.678772,474,172,503,243,
455,44,0.735626,476,170,503,243,
456,44,0.689787,474,172,504,246,
457,44,0.573237,474,172,504,247,
458,44,0.523166,472,172,504,250,
459,44,0.519746,477,169,504,242,
460,44,0.633932,473,172,504,250,
461,44,0.503364,477,170,504,239,
462,44,0.653258,473,172,504,247,
463,44,0.741853,479,171,506,246,
464,44,0.642445,475,171,503,239,
465,44,0.575407,474,172,504,244,
466,44,0.619345,473,172,504,248,
467,44,0.613092,473,171,503,247,
468,44,0.589007,472,172,504,256,
469,44,0.521339,472,172,505,253,
470,44,0.589374,475,171,503,243,
471,44,0.680031,476,171,503,240,
472,44,0.604397,475,172,503,241,
473,44,0.721947,476,171,503,239,
474,44,0.643714,475,171,503,241,
475,44,0.529638,473,174,503,248,
476,44,0.628688,470,175,506,269,
477,44,0.519424,473,172,504,248,
478,44,0.672964,475,170,503,239,
479,44,0.548224,473,171,503,241,
482,44,0.762438,476,170,503,241,
484,44,0.658207,475,171,503,242,
486,44,0.528146,471,172,504,258,
487,44,0.606034,469,174,506,268,
488,44,0.663487,475,172,503,239,
490,44,0.645521,473,171,504,249,
491,44,0.592360,474,171,503,247,
492,44,0.519771,476,171,503,237,
494,44,0.576304,472,172,503,251,
495,44,0.591854,474,172,503,241,
496,44,0.655002,469,175,506,269,
497,44,0.540453,468,176,506,269,
498,44,0.679436,474,172,503,245,
499,44,0.756953,476,171,503,240,
500,44,0.661162,476,172,503,241,
501,44,0.588608,475,171,503,244,
502,44,0.833992,479,170,506,247,
503,44,0.533647,476,168,504,244,
504,44,0.607486,477,169,503,237,
505,44,0.715276,476,170,503,241,
506,44,0.772231,480,170,506,240,
507,44,0.577731,476,169,504,236,
508,44,0.570915,474,172,503,247,
509,44,0.653610,477,169,503,239,
510,44,0.604356,476,169,504,242,
511,44,0.596075,473,171,504,246,
512,44,0.561149,474,172,503,243,
513,44,0.600620,474,170,503,240,
514,44,0.644623,474,172,504,248,
515,44,0.545950,473,172,504,249,
516,44,0.579497,472,172,504,252,
518,44,0.664784,475,172,503,245,
519,44,0.619943,473,172,504,247,
521,44,0.645981,472,172,504,253,
522,44,0.667676,472,173,505,261,
523,44,0.603761,472,172,504,255,
524,44,0.565794,474,171,503,247,
525,44,0.688700,473,172,504,253,
527,44,0.803718,470,173,506,269,
528,44,0.512353,472,172,504,252,
529,44,0.515187,472,172,503,250,
530,44,0.594491,474,170,504,245,
531,44,0.521794,471,172,505,258,
532,44,0.698414,469,173,505,269,
534,44,0.612503,472,171,504,252,
538,44,0.603090,474,171,503,243,
539,44,0.527466,469,174,506,268,
540,44,0.520969,473,172,503,246,
541,44,0.587296,476,170,503,240,
542,44,0.579452,472,171,503,252,
543,44,0.655174,474,171,502,240,
544,44,0.699977,470,172,505,265,
546,44,0.699424,476,172,503,241,
548,44,0.573360,472,173,504,249,
549,44,0.574501,471,173,505,261,
550,44,0.821499,478,170,506,244,
551,44,0.686547,476,171,503,239,
552,44,0.724035,477,168,504,236,
553,44,0.802458,479,169,505,243,
554,44,0.515755,474,172,503,241,
555,44,0.565883,474,172,504,242,
556,44,0.600878,472,172,504,259,
557,44,0.627632,475,172,504,246,
559,44,0.811363,480,170,506,243,
560,44,0.587042,473,172,504,253,
561,44,0.652331,476,172,503,240,
562,44,0.594390,473,172,504,247,
563,44,0.668852,474,172,503,247,
565,44,0.633853,473,171,504,245,
566,44,0.712925,479,171,505,245,
567,44,0.584838,475,172,504,241,
568,44,0.710525,477,171,503,238,
569,44,0.685028,477,169,504,239,
570,44,0.529274,475,173,502,238,
571,44,0.525621,473,173,504,247,
572,44,0.532450,473,172,503,246,
573,44,0.516136,471,172,504,254,
575,44,0.522220,473,172,504,247,
576,44,0.617109,475,172,503,244,
578,44,0.663913,471,171,505,260,
579,44,0.577155,474,173,503,246,
581,44,0.700795,475,171,503,242,
582,44,0.607221,474,171,504,247,
583,44,0.698893,473,171,504,248,
584,44,0.539484,473,172,503,246,
585,44,0.599819,474,172,503,242,
587,44,0.610061,474,171,503,241,
589,44,0.649337,473,171,503,247,
590,44,0.663183,470,173,506,269,
592,44,0.515956,471,173,504,254,
595,44,0.525837,472,171,503,248,
596,44,0.532740,472,172,504,255,
597,44,0.518437,476,169,504,240,
599,44,0.567097,476,172,503,241,
601,44,0.796600,480,170,506,242,
602,44,0.537489,474,172,503,241,
603,44,0.741608,476,171,503,244,
605,44,0.665556,476,171,503,238,
606,44,0.689392,475,172,502,245,
607,44,0.652830,474,172,504,250,
608,44,0.696876,475,172,504,243,
609,44,0.651909,475,171,503,243,
610,44,0.692709,476,171,503,241,
611,44,0.558320,473,172,504,250,
613,44,0.791411,479,170,506,243,
616,44,0.630591,474,172,503,247,
617,44,0.685229,474,171,504,248,
618,44,0.518356,474,172,503,240,
619,44,0.589591,472,172,503,250,
620,44,0.601918,474,172,503,242,
621,44,0.597165,471,172,504,260,
622,44,0.658046,473,172,504,253,
623,44,0.668254,473,172,503,249,
624,44,0.551088,473,171,504,246,
628,44,0.712992,474,171,503,245,
630,44,0.711282,474,171,503,249,
631,44,0.611806,468,174,506,268,
634,44,0.674932,475,172,503,244,
636,44,0.657353,474,172,503,248,
637,44,0.577373,472,172,503,254,
638,44,0.750378,475,169,503,242,
639,44,0.614239,475,171,503,244,
641,44,0.514197,472,172,503,249,
642,44,0.632562,476,168,504,242,
643,44,0.554280,472,170,503,248,
644,44,0.656999,477,169,503,237,
645,44,0.700573,475,171,503,241,
646,44,0.732158,477,169,504,238,
647,44,0.575245,475,171,504,242,
648,44,0.707442,477,170,504,240,
649,44,0.748288,476,170,503,237,
650,44,0.623485,472,171,505,259,
651,44,0.693398,477,172,503,239,
652,44,0.607764,476,172,503,241,
653,44,0.675184,475,170,503,238,
655,44,0.610423,476,171,503,239,
656,44,0.779808,476,168,504,239,
657,44,0.618208,474,171,503,244,
658,44,0.619877,473,173,504,251,
659,44,0.783267,471,173,506,269,
660,44,0.600007,475,168,505,243,
661,44,0.700686,472,173,505,264,
662,44,0.615912,475,172,503,241,
663,44,0.698671,475,172,503,242,
664,44,0.647300,474,171,503,242,
665,44,0.598055,475,171,503,242,
667,44,0.672520,474,170,503,241,
668,44,0.605540,470,173,505,261,
669,44,0.679722,476,172,502,240,
670,44,0.655634,474,171,503,245,
671,44,0.557555,474,171,503,243,
672,44,0.733994,474,170,503,247,
673,44,0.583419,472,171,505,253,
