81,44,0.732590,366,287,436,397,
82,44,0.824055,366,283,438,398,
83,44,0.774185,366,283,437,399,
84,44,0.691266,366,288,436,398,
85,44,0.726581,366,287,437,398,
86,44,0.517266,367,284,437,398,
87,44,0.739714,366,287,437,398,
88,44,0.809010,366,286,436,400,
89,44,0.786862,366,282,437,398,
90,44,0.789106,366,274,437,399,
91,44,0.703610,366,290,437,398,
92,44,0.740638,367,291,436,399,
93,44,0.693795,366,292,435,399,
94,44,0.596255,366,291,437,397,
100,44,0.627570,365,291,436,398,
108,44,0.536459,368,292,436,397,
113,44,0.612994,367,294,436,397,
242,44,0.601295,363,293,435,399,
251,44,0.534468,362,293,436,398,
253,44,0.506543,362,294,435,397,
272,44,0.626132,363,293,436,398,
278,44,0.565991,362,294,437,397,
289,44,0.575021,362,293,436,397,
290,44,0.522644,361,293,436,397,
291,44,0.543936,363,291,435,398,
292,44,0.555500,362,294,436,396,
293,44,0.635522,363,293,436,397,
294,44,0.618877,362,293,435,397,
295,44,0.654736,362,293,436,397,
296,44,0.559298,363,292,435,395,
297,44,0.549468,362,292,436,397,
298,44,0.529752,362,293,436,397,
299,44,0.525071,362,293,436,398,
302,44,0.521526,363,293,437,397,
303,44,0.587629,362,293,436,396,
423,44,0.534860,363,292,436,397,
424,44,0.545812,363,292,436,396,
428,44,0.657004,363,292,436,398,
431,44,0.519888,363,292,436,398,
435,44,0.607546,361,293,437,397,
436,44,0.502963,363,291,435,398,
446,44,0.564787,362,293,437,396,
449,44,0.509008,362,293,436,396,
450,44,0.585074,363,292,435,397,
451,44,0.570267,362,292,436,398,
459,44,0.620980,362,292,435,398,
461,44,0.518599,363,294,436,397,
462,44,0.529871,363,293,435,397,
463,44,0.525744,364,292,436,397,
470,44,0.507276,364,292,435,397,
473,44,0.511687,364,293,436,397,
475,44,0.507759,364,292,437,397,
476,44,0.549682,365,291,435,398,
491,44,0.548483,364,291,435,397,
511,44,0.513571,364,291,435,398,
522,44,0.541584,363,294,436,397,
