1,67,0.935744,4,349,610,476,
2,67,0.868590,13,354,598,472,
3,67,0.920651,2,348,608,475,
4,67,0.915758,0,347,606,475,
5,67,0.885939,7,347,605,475,
6,67,0.872502,2,350,609,473,
7,67,0.871481,5,343,605,476,
8,67,0.860565,0,346,599,476,
9,67,0.854740,2,351,614,475,
10,67,0.822602,5,341,614,475,
11,67,0.875931,0,344,627,475,
12,67,0.869274,3,343,610,476,
13,67,0.926569,0,349,619,476,
14,67,0.896897,5,348,619,477,
15,67,0.935444,0,349,617,474,
16,67,0.838957,0,342,613,477,
17,67,0.878464,3,349,612,476,
18,67,0.844879,0,344,607,476,
19,67,0.889941,0,340,616,474,
20,67,0.918949,0,348,609,476,
21,67,0.861662,0,343,604,478,
22,67,0.890252,0,349,628,477,
23,67,0.735513,0,348,615,476,
24,67,0.923849,4,352,621,477,
25,67,0.876702,4,348,611,474,
26,67,0.774771,0,347,623,477,
27,67,0.852067,0,342,611,476,
28,67,0.887046,1,349,612,475,
29,67,0.858609,0,343,618,479,
30,67,0.863651,13,349,616,473,
31,67,0.855193,0,348,611,478,
32,67,0.903106,0,350,615,477,
33,67,0.918024,0,348,613,476,
34,67,0.921648,7,348,622,474,
35,67,0.917418,1,349,609,475,
36,67,0.824476,0,340,612,474,
37,67,0.844200,0,342,615,475,
38,67,0.926915,0,346,616,474,
39,67,0.900758,0,342,609,474,
40,67,0.867911,13,350,608,472,
41,67,0.901096,0,342,610,476,
42,67,0.841372,0,343,610,474,
43,67,0.874838,1,344,614,479,
44,67,0.834367,0,344,621,478,
45,67,0.896136,0,349,617,475,
46,67,0.934884,0,344,610,476,
47,67,0.919424,5,355,602,475,
48,67,0.886107,0,343,621,475,
49,67,0.883795,0,351,604,474,
50,67,0.859681,0,342,619,478,
51,67,0.873516,0,350,603,473,
52,67,0.896280,0,345,626,477,
53,67,0.925600,4,345,606,474,
54,67,0.883145,0,343,622,477,
55,67,0.868140,0,345,619,477,
56,67,0.925375,4,350,611,476,
57,67,0.859286,0,339,621,476,
58,67,0.872397,4,347,603,474,
59,67,0.786121,0,347,612,472,
60,67,0.845053,0,340,613,475,
61,67,0.871405,2,348,605,477,
62,67,0.872969,9,346,613,476,
63,67,0.873013,2,347,607,473,
64,67,0.834108,0,342,606,475,
65,67,0.834150,10,353,594,471,
66,67,0.856895,9,346,608,476,
67,67,0.866110,2,342,616,474,
68,67,0.886364,1,343,623,477,
69,67,0.798750,0,343,626,479,
70,67,0.916984,3,347,610,475,
71,67,0.872104,10,353,597,471,
72,67,0.801579,0,343,631,474,
73,67,0.864424,6,350,604,478,
74,67,0.872036,0,342,609,475,
75,67,0.799392,0,337,621,475,
76,67,0.847873,3,348,615,477,
77,67,0.844138,3,349,597,475,
78,67,0.847758,1,350,615,478,
79,67,0.863391,0,342,625,475,
80,67,0.862604,10,350,609,478,
81,67,0.936171,0,349,616,477,
82,67,0.883642,16,350,599,477,
83,67,0.897378,0,350,626,474,
84,67,0.867909,0,345,623,475,
85,67,0.857942,11,351,618,478,
86,67,0.879547,0,346,624,474,
87,67,0.822738,9,352,585,472,
88,67,0.903182,8,347,613,476,
89,67,0.899977,0,349,625,476,
90,67,0.803505,3,348,619,477,
91,67,0.881299,4,346,616,474,
92,67,0.930537,12,355,618,471,
93,67,0.896166,5,348,603,474,
94,67,0.923859,0,350,616,475,
95,67,0.863754,4,346,625,474,
96,67,0.890928,1,345,618,477,
97,67,0.884870,15,350,613,476,
98,67,0.827858,0,344,628,477,
99,67,0.870931,3,350,624,477,
100,67,0.880462,1,347,616,474,
101,67,0.892784,5,347,608,476,
102,67,0.877659,9,353,614,476,
103,67,0.852686,5,342,618,476,
104,67,0.912700,9,353,618,475,
105,67,0.833031,0,349,629,473,
106,67,0.838700,1,349,606,475,
107,67,0.906750,3,347,621,474,
108,67,0.908596,0,345,629,474,
109,67,0.876421,1,346,622,474,
110,67,0.893333,6,348,607,476,
111,67,0.869603,0,351,624,477,
112,67,0.830075,1,343,612,475,
113,67,0.739688,0,343,616,476,
114,67,0.896359,0,347,621,473,
115,67,0.852007,0,346,615,475,
116,67,0.883175,4,347,600,475,
117,67,0.812233,9,353,602,473,
118,67,0.871465,1,352,616,473,
119,67,0.836662,8,347,597,476,
120,67,0.830798,1,344,621,477,
121,67,0.885362,8,354,607,475,
122,67,0.889053,8,348,614,476,
123,67,0.879942,7,349,617,476,
124,67,0.870567,3,349,612,476,
125,67,0.850303,12,349,606,477,
126,67,0.885866,9,349,603,477,
127,67,0.897536,7,350,604,476,
128,67,0.785572,3,346,617,474,
129,67,0.881527,0,346,614,474,
130,67,0.842227,14,348,616,478,
131,67,0.869695,7,352,593,472,
132,67,0.912361,5,348,614,477,
133,67,0.873178,10,348,616,476,
134,67,0.902135,0,345,617,474,
135,67,0.909912,0,346,626,474,
136,67,0.852456,0,346,626,475,
137,67,0.915356,9,355,599,474,
138,67,0.855356,0,347,624,475,
139,67,0.809123,4,348,606,480,
140,67,0.904154,7,347,607,476,
141,67,0.882276,2,346,621,475,
142,67,0.833124,5,353,593,470,
143,67,0.851123,11,348,603,476,
144,67,0.916755,4,349,617,475,
145,67,0.913310,7,347,599,474,
146,67,0.831102,0,347,615,478,
147,67,0.881083,1,351,589,473,
148,67,0.838614,0,342,625,478,
149,67,0.745752,14,351,598,473,
150,67,0.912574,0,347,617,475,
151,67,0.873911,1,343,621,474,
152,67,0.866083,6,348,609,476,
153,67,0.879340,5,348,608,474,
154,67,0.859511,1,346,607,476,
155,67,0.872485,13,348,614,475,
156,67,0.922361,0,347,616,474,
157,67,0.885273,2,351,586,474,
158,67,0.832745,3,348,616,474,
159,67,0.855965,7,348,610,478,
160,67,0.851763,10,348,611,478,
161,67,0.827231,17,351,615,476,
162,67,0.839167,0,346,622,476,
163,67,0.905991,3,348,616,474,
164,67,0.837264,4,347,613,473,
165,67,0.869213,11,346,605,475,
166,67,0.898984,6,353,569,470,
167,67,0.847276,0,344,615,476,
168,67,0.819424,2,348,620,476,
169,67,0.864221,0,346,626,475,
170,67,0.864159,0,348,621,472,
171,67,0.826057,0,347,632,473,
172,67,0.857074,0,349,621,473,
173,67,0.880405,10,340,618,477,
174,67,0.807480,17,349,601,474,
175,67,0.809341,0,346,618,472,
176,67,0.885823,0,345,629,473,
177,67,0.876885,5,343,621,478,
178,67,0.832890,2,348,618,480,
179,67,0.832844,1,343,624,477,
180,67,0.905630,3,349,621,472,
181,67,0.828264,25,346,627,477,
182,67,0.863665,2,349,622,474,
183,67,0.780705,8,356,624,472,
184,67,0.791515,10,347,621,472,
185,67,0.892756,4,350,617,473,
186,67,0.884465,5,356,620,474,
187,67,0.863889,8,345,622,474,
188,67,0.850973,10,349,625,476,
189,67,0.748699,13,343,640,471,
190,67,0.813514,10,353,615,467,
191,67,0.778315,6,345,619,472,
192,67,0.742053,3,354,477,475,
193,67,0.830659,0,352,623,475,
194,67,0.841598,12,353,588,467,
195,67,0.772482,14,353,452,480,
196,81,0.513870,37,354,580,476,
198,81,0.598568,23,356,572,480,
199,81,0.508055,35,355,585,478,
200,81,0.568415,29,358,614,480,
201,81,0.750667,18,356,550,480,
202,67,0.774959,12,354,589,478,
203,81,0.648500,16,356,588,480,
204,67,0.825885,12,356,445,479,
228,67,0.733179,8,351,450,480,
241,67,0.733824,10,353,435,480,
246,67,0.692482,12,353,450,480,
