1,1,243,261,273,299,0.0000,0.0000,0.0000,0.0000,0.0000,0.0000,
2,1,243,261,273,299,0.0000,0.0000,0.0000,0.0000,0.0000,0.0000,
3,1,243,261,273,299,0.0000,0.0000,0.0000,0.0000,0.0000,0.0000,
4,1,243,261,273,299,0.0000,0.0000,0.0000,0.0000,0.0000,0.0000,
5,1,243,261,273,299,0.0000,0.0000,0.0000,0.0000,0.0000,0.0000,
6,1,243,261,273,299,0.0000,0.0000,0.0000,0.0000,0.0000,0.0000,
7,1,243,261,273,299,0.0000,0.0000,0.0000,0.0000,0.0000,0.0000,
8,1,243,261,273,299,0.0000,0.0000,0.0000,0.0000,0.0000,0.0000,
9,1,243,261,273,299,0.0000,0.0000,0.0000,0.0000,0.0000,0.0000,
10,1,243,261,273,299,0.0000,0.0000,0.0000,0.0000,0.0000,0.0000,
11,1,243,261,273,299,0.0000,0.0000,0.0000,0.0000,0.0000,0.0000,
12,1,243,261,273,299,0.0000,0.0000,0.0000,0.0000,0.0000,0.0000,
13,1,243,261,273,299,0.0000,0.0000,0.0000,0.0000,0.0000,0.0000,
14,1,243,261,273,299,0.0000,0.0000,0.0000,0.0000,0.0000,0.0000,
15,1,243,261,273,299,0.0000,0.0000,0.0000,0.0000,0.0000,0.0000,
16,1,243,261,273,299,0.0000,0.0000,0.0000,0.0000,0.0000,0.0000,
17,1,243,261,273,299,0.0000,0.0000,0.0000,0.0000,0.0000,0.0000,
18,1,243,261,273,299,0.0000,0.0000,0.0000,0.0000,0.0000,0.0000,
19,1,243,261,273,299,0.0000,0.0000,0.0000,0.0000,0.0000,0.0000,
20,1,243,261,273,299,0.0000,0.0000,0.0000,0.0000,0.0000,0.0000,
21,1,243,261,273,299,0.0000,0.0000,0.0000,0.0000,0.0000,0.0000,
22,1,243,261,273,299,0.0000,0.0000,0.0000,0.0000,0.0000,0.0000,
23,1,243,261,273,299,0.0000,0.0000,0.0000,0.0000,0.0000,0.0000,
24,1,243,261,273,299,0.0000,0.0000,0.0000,0.0000,0.0000,0.0000,
25,1,243,261,273,299,0.0000,0.0000,0.0000,0.0000,0.0000,0.0000,
26,1,243,261,273,299,0.0000,0.0000,0.0000,0.0000,0.0000,0.0000,
27,1,243,261,273,299,0.0000,0.0000,0.0000,0.0000,0.0000,0.0000,
28,1,243,261,273,299,0.0000,0.0000,0.0000,0.0000,0.0000,0.0000,
29,1,243,261,273,299,0.0000,0.0000,0.0000,0.0000,0.0000,0.0000,
30,1,243,261,273,299,0.0000,0.0000,0.0000,0.0000,0.0000,0.0000,
31,1,243,261,273,299,0.0000,0.0000,0.0000,0.0000,0.0000,0.0000,
32,1,243,261,273,299,0.0000,0.0000,0.0000,0.0000,0.0000,0.0000,
33,1,243,261,273,299,0.0000,0.0000,0.0000,0.0000,0.0000,0.0000,
34,1,243,261,273,299,0.0000,0.0000,0.0000,0.0000,0.0000,0.0000,
35,1,243,261,273,299,0.0000,0.0000,0.0000,0.0000,0.0000,0.0000,
36,1,243,261,273,299,0.0000,0.0000,0.0000,0.0000,0.0000,0.0000,
37,1,243,261,273,299,0.0000,0.0000,0.0000,0.0000,0.0000,0.0000,
38,1,243,261,273,299,0.0000,0.0000,0.0000,0.0000,0.0000,0.0000,
39,1,243,261,273,299,0.0000,0.0000,0.0000,0.0000,0.0000,0.0000,
40,1,243,261,273,299,0.0000,0.0000,0.0000,0.0000,0.0000,0.0000,
41,1,243,261,273,299,0.0000,0.0000,0.0000,0.0000,0.0000,0.0000,
42,1,243,261,273,299,0.0000,0.0000,0.0000,0.0000,0.0000,0.0000,
43,1,243,261,273,299,0.0000,0.0000,0.0000,0.0000,0.0000,0.0000,
44,1,243,261,273,299,0.0000,0.0000,0.0000,0.0000,0.0000,0.0000,
45,1,243,261,273,299,0.0000,0.0000,0.0000,0.0000,0.0000,0.0000,
46,1,243,261,273,299,0.0000,0.0000,0.0000,0.0000,0.0000,0.0000,
47,1,243,261,273,299,0.0000,0.0000,0.0000,0.0000,0.0000,0.0000,
48,1,243,261,273,299,0.0000,0.0000,0.0000,0.0000,0.0000,0.0000,
49,1,243,261,273,299,0.0000,0.0000,0.0000,0.0000,0.0000,0.0000,
50,1,243,261,273,299,0.0000,0.0000,0.0000,0.0000,0.0000,0.0000,
51,1,245,260,273,300,0.0000,0.0000,0.0000,0.0000,0.0000,0.0000,
52,1,245,260,273,300,0.0000,0.0000,0.0000,0.0000,0.0000,0.0000,
53,1,245,260,273,300,0.0000,0.0000,0.0000,0.0000,0.0000,0.0000,
54,1,245,260,273,300,0.0000,0.0000,0.0000,0.0000,0.0000,0.0000,
55,1,245,260,273,300,0.0000,0.0000,0.0000,0.0000,0.0000,0.0000,
56,1,245,260,273,300,0.0000,0.0000,0.0000,0.0000,0.0000,0.0000,
57,1,245,260,273,300,0.0000,0.0000,0.0000,0.0000,0.0000,0.0000,
58,1,245,260,273,300,0.0000,0.0000,0.0000,0.0000,0.0000,0.0000,
59,1,245,260,273,300,0.0000,0.0000,0.0000,0.0000,0.0000,0.0000,
60,1,245,260,273,300,0.0000,0.0000,0.0000,0.0000,0.0000,0.0000,
61,1,245,260,273,300,0.0000,0.0000,0.0000,0.0000,0.0000,0.0000,
62,1,245,260,273,300,0.0000,0.0000,0.0000,0.0000,0.0000,0.0000,
63,1,245,260,273,300,0.0000,0.0000,0.0000,0.0000,0.0000,0.0000,
64,1,245,260,273,300,0.0000,0.0000,0.0000,0.0000,0.0000,0.0000,
65,1,245,260,273,300,0.0000,0.0000,0.0000,0.0000,0.0000,0.0000,
66,1,245,260,273,300,0.0000,0.0000,0.0000,0.0000,0.0000,0.0000,
67,1,245,260,273,300,0.0000,0.0000,0.0000,0.0000,0.0000,0.0000,
68,1,245,260,273,300,0.0000,0.0000,0.0000,0.0000,0.0000,0.0000,
69,1,245,260,273,300,0.0000,0.0000,0.0000,0.0000,0.0000,0.0000,
70,1,245,260,273,300,0.0000,0.0000,0.0000,0.0000,0.0000,0.0000,
71,1,245,260,273,300,0.0000,0.0000,0.0000,0.0000,0.0000,0.0000,
72,1,245,260,273,300,0.0000,0.0000,0.0000,0.0000,0.0000,0.0000,
73,1,245,260,273,300,0.0000,0.0000,0.0000,0.0000,0.0000,0.0000,
74,1,245,260,273,300,0.0000,0.0000,0.0000,0.0000,0.0000,0.0000,
75,1,245,260,273,300,0.0000,0.0000,0.0000,0.0000,0.0000,0.0000,
76,1,245,260,273,300,0.0000,0.0000,0.0000,0.0000,0.0000,0.0000,
77,1,245,260,273,300,0.0000,0.0000,0.0000,0.0000,0.0000,0.0000,
78,1,245,260,273,300,0.0000,0.0000,0.0000,0.0000,0.0000,0.0000,
79,1,245,260,273,300,0.0000,0.0000,0.0000,0.0000,0.0000,0.0000,
80,1,245,260,273,300,0.0000,0.0000,0.0000,0.0000,0.0000,0.0000,
81,1,245,260,273,300,0.0000,0.0000,0.0000,0.0000,0.0000,0.0000,
82,1,245,260,273,300,0.0000,0.0000,0.0000,0.0000,0.0000,0.0000,
83,1,245,260,273,300,0.0000,0.0000,0.0000,0.0000,0.0000,0.0000,
84,1,245,260,273,300,0.0000,0.0000,0.0000,0.0000,0.0000,0.0000,
85,1,245,260,273,300,0.0000,0.0000,0.0000,0.0000,0.0000,0.0000,
86,1,245,260,273,300,0.0000,0.0000,0.0000,0.0000,0.0000,0.0000,
87,1,245,260,273,300,0.0000,0.0000,0.0000,0.0000,0.0000,0.0000,
88,1,245,260,273,300,0.0000,0.0000,0.0000,0.0000,0.0000,0.0000,
89,1,245,260,273,300,0.0000,0.0000,0.0000,0.0000,0.0000,0.0000,
90,1,245,260,273,300,0.0000,0.0000,0.0000,0.0000,0.0000,0.0000,
91,1,245,260,273,300,0.0000,0.0000,0.0000,0.0000,0.0000,0.0000,
92,1,245,260,273,300,0.0000,0.0000,0.0000,0.0000,0.0000,0.0000,
93,1,245,260,273,300,0.0000,0.0000,0.0000,0.0000,0.0000,0.0000,
94,1,245,260,273,300,0.0000,0.0000,0.0000,0.0000,0.0000,0.0000,
95,1,245,260,273,300,0.0000,0.0000,0.0000,0.0000,0.0000,0.0000,
96,1,245,260,273,300,0.0000,0.0000,0.0000,0.0000,0.0000,0.0000,
97,1,245,260,273,300,0.0000,0.0000,0.0000,0.0000,0.0000,0.0000,
98,1,245,260,273,300,0.0000,0.0000,0.0000,0.0000,0.0000,0.0000,
99,1,245,260,273,300,0.0000,0.0000,0.0000,0.0000,0.0000,0.0000,
100,1,245,260,273,300,0.0000,0.0000,0.0000,0.0000,0.0000,0.0000,
101,1,248,259,272,297,0.0000,0.0000,0.0000,0.0000,0.0000,0.0000,
102,1,248,259,272,297,0.0000,0.0000,0.0000,0.0000,0.0000,0.0000,
103,1,248,259,272,297,0.0000,0.0000,0.0000,0.0000,0.0000,0.0000,
104,1,248,259,272,297,0.0000,0.0000,0.0000,0.0000,0.0000,0.0000,
105,1,248,259,272,297,0.0000,0.0000,0.0000,0.0000,0.0000,0.0000,
106,1,248,259,272,297,0.0000,0.0000,0.0000,0.0000,0.0000,0.0000,
107,1,248,259,272,297,0.0000,0.0000,0.0000,0.0000,0.0000,0.0000,
108,1,248,259,272,297,0.0000,0.0000,0.0000,0.0000,0.0000,0.0000,
109,1,248,259,272,297,0.0000,0.0000,0.0000,0.0000,0.0000,0.0000,
110,1,248,259,272,297,0.0000,0.0000,0.0000,0.0000,0.0000,0.0000,
111,1,248,259,272,297,0.0000,0.0000,0.0000,0.0000,0.0000,0.0000,
112,1,248,259,272,297,0.0000,0.0000,0.0000,0.0000,0.0000,0.0000,
113,1,248,259,272,297,0.0000,0.0000,0.0000,0.0000,0.0000,0.0000,
114,1,248,259,272,297,0.0000,0.0000,0.0000,0.0000,0.0000,0.0000,
115,1,248,259,272,297,0.0000,0.0000,0.0000,0.0000,0.0000,0.0000,
116,1,248,259,272,297,0.0000,0.0000,0.0000,0.0000,0.0000,0.0000,
117,1,248,259,272,297,0.0000,0.0000,0.0000,0.0000,0.0000,0.0000,
118,1,248,259,272,297,0.0000,0.0000,0.0000,0.0000,0.0000,0.0000,
119,1,248,259,272,297,0.0000,0.0000,0.0000,0.0000,0.0000,0.0000,
120,1,248,259,272,297,0.0000,0.0000,0.0000,0.0000,0.0000,0.0000,
121,1,248,259,272,297,0.0000,0.0000,0.0000,0.0000,0.0000,0.0000,
122,1,248,259,272,297,0.0000,0.0000,0.0000,0.0000,0.0000,0.0000,
123,1,248,259,272,297,0.0000,0.0000,0.0000,0.0000,0.0000,0.0000,
124,1,248,259,272,297,0.0000,0.0000,0.0000,0.0000,0.0000,0.0000,
125,1,248,259,272,297,0.0000,0.0000,0.0000,0.0000,0.0000,0.0000,
126,1,248,259,272,297,0.0000,0.0000,0.0000,0.0000,0.0000,0.0000,
127,1,248,259,272,297,0.0000,0.0000,0.0000,0.0000,0.0000,0.0000,
128,1,248,259,272,297,0.0000,0.0000,0.0000,0.0000,0.0000,0.0000,
129,1,248,259,272,297,0.0000,0.0000,0.0000,0.0000,0.0000,0.0000,
130,1,248,259,272,297,0.0000,0.0000,0.0000,0.0000,0.0000,0.0000,
131,1,248,259,272,297,0.0000,0.0000,0.0000,0.0000,0.0000,0.0000,
132,1,248,259,272,297,0.0000,0.0000,0.0000,0.0000,0.0000,0.0000,
133,1,248,259,272,297,0.0000,0.0000,0.0000,0.0000,0.0000,0.0000,
134,1,248,259,272,297,0.0000,0.0000,0.0000,0.0000,0.0000,0.0000,
135,1,248,259,272,297,0.0000,0.0000,0.0000,0.0000,0.0000,0.0000,
136,1,248,259,272,297,0.0000,0.0000,0.0000,0.0000,0.0000,0.0000,
137,1,248,259,272,297,0.0000,0.0000,0.0000,0.0000,0.0000,0.0000,
138,1,248,259,272,297,0.0000,0.0000,0.0000,0.0000,0.0000,0.0000,
139,1,248,259,272,297,0.0000,0.0000,0.0000,0.0000,0.0000,0.0000,
140,1,248,259,272,297,0.0000,0.0000,0.0000,0.0000,0.0000,0.0000,
141,1,248,259,272,297,0.0000,0.0000,0.0000,0.0000,0.0000,0.0000,
142,1,248,259,272,297,0.0000,0.0000,0.0000,0.0000,0.0000,0.0000,
143,1,248,259,272,297,0.0000,0.0000,0.0000,0.0000,0.0000,0.0000,
144,1,248,259,272,297,0.0000,0.0000,0.0000,0.0000,0.0000,0.0000,
145,1,248,259,272,297,0.0000,0.0000,0.0000,0.0000,0.0000,0.0000,
146,1,248,259,272,297,0.0000,0.0000,0.0000,0.0000,0.0000,0.0000,
147,1,248,259,272,297,0.0000,0.0000,0.0000,0.0000,0.0000,0.0000,
148,1,248,259,272,297,0.0000,0.0000,0.0000,0.0000,0.0000,0.0000,
149,1,248,259,272,297,0.0000,0.0000,0.0000,0.0000,0.0000,0.0000,
150,1,248,259,272,297,0.0000,0.0000,0.0000,0.0000,0.0000,0.0000,
151,1,246,257,282,291,0.0000,0.0000,0.0000,0.0000,0.0000,0.0000,
152,1,248,253,280,292,0.0000,0.0000,0.0000,0.0000,0.0000,0.0000,
153,1,248,256,280,294,0.0000,0.0000,0.0000,0.0000,0.0000,0.0000,
154,1,249,255,285,289,0.0000,0.0000,0.0000,0.0000,0.0000,0.0000,
155,1,246,256,285,291,0.0000,0.0000,0.0000,0.0000,0.0000,0.0000,
156,1,246,256,286,291,0.0000,0.0000,0.0000,0.0000,0.0000,0.0000,
157,1,248,255,285,295,0.0000,0.0000,0.0000,0.0000,0.0000,0.0000,
158,1,248,255,285,295,1.0188,-0.0048,-0.0090,0.9914,9.5105,10.5160,
159,1,244,255,287,297,0.0000,0.0000,0.0000,0.0000,0.0000,0.0000,
160,1,247,255,285,294,0.9977,0.0252,-0.0050,1.0055,9.1315,9.9145,
161,1,247,253,290,294,0.0000,0.0000,0.0000,0.0000,0.0000,0.0000,
162,1,245,250,283,292,1.5236,-0.3836,0.3003,0.8063,14.3817,11.7949,
163,1,244,252,285,294,0.0000,0.0000,0.0000,0.0000,0.0000,0.0000,
164,1,230,253,267,281,0.3099,-0.8733,-0.2531,0.6579,26.9365,16.2753,
165,1,229,252,269,284,1.0805,0.1989,0.1115,1.1608,5.8581,5.9449,
166,1,229,252,271,284,1.0633,-0.0306,-0.0590,0.9940,9.8768,10.7702,
167,1,229,252,271,284,0.9919,-0.0138,0.0002,1.0116,10.3982,9.8088,
168,1,229,252,271,284,1.0128,0.0172,0.0110,0.9920,9.4450,9.9231,
169,1,229,252,271,284,1.0255,0.0607,-0.0009,0.9662,8.5559,10.5791,
170,1,229,255,271,282,0.9971,0.0743,-0.0266,0.8651,8.6426,12.8727,
171,1,249,252,285,290,0.0000,0.0000,0.0000,0.0000,0.0000,0.0000,
172,1,246,251,290,293,0.0000,0.0000,0.0000,0.0000,0.0000,0.0000,
173,1,253,248,267,292,0.3375,0.1209,-0.2004,1.0384,14.0255,11.4205,
174,1,242,251,285,299,0.0000,0.0000,0.0000,0.0000,0.0000,0.0000,
175,1,238,252,288,292,1.0090,-0.0107,0.0079,0.9911,10.2573,9.9980,
176,1,244,252,283,295,0.0000,0.0000,0.0000,0.0000,0.0000,0.0000,
177,1,243,255,285,295,0.0000,0.0000,0.0000,0.0000,0.0000,0.0000,
178,1,241,252,287,299,1.0465,-0.1944,0.2578,0.1465,15.3920,32.2952,
179,1,245,252,286,293,0.9877,-0.0024,-0.0252,0.9993,10.7556,10.8940,
180,1,248,255,287,298,0.0000,0.0000,0.0000,0.0000,0.0000,0.0000,
181,1,243,251,288,296,1.2293,-0.0626,-0.8408,1.5888,8.9320,1.6168,
182,1,245,252,287,294,0.0000,0.0000,0.0000,0.0000,0.0000,0.0000,
183,1,247,252,282,295,0.8326,0.0377,0.0170,1.0080,11.0839,9.3387,
184,1,247,253,285,296,1.1046,-0.0179,0.0477,0.9901,9.4521,9.6512,
185,1,249,253,286,298,1.0527,-0.0664,-0.0120,1.0132,10.7084,9.9056,
186,1,248,250,284,299,0.9894,-0.0280,-0.0237,1.1323,11.2464,5.7984,
187,1,245,250,283,295,0.0000,0.0000,0.0000,0.0000,0.0000,0.0000,
188,1,248,250,284,294,0.0000,0.0000,0.0000,0.0000,0.0000,0.0000,
189,1,248,250,284,294,0.9896,0.0121,-0.0138,1.0109,10.0162,10.0291,
190,1,246,248,283,290,0.0000,0.0000,0.0000,0.0000,0.0000,0.0000,
191,1,248,247,282,299,0.0000,0.0000,0.0000,0.0000,0.0000,0.0000,
192,1,249,248,289,298,1.1730,-0.0140,0.0533,1.0002,8.3960,9.4250,
193,1,246,250,286,295,0.8799,-0.0086,0.0037,1.0094,13.2571,9.7414,
194,1,243,247,284,295,0.0000,0.0000,0.0000,0.0000,0.0000,0.0000,
195,1,248,247,287,295,0.9929,-0.0074,-0.0301,0.9958,10.4546,10.4779,
196,1,244,248,283,295,1.0094,-0.0128,-0.0680,1.0645,9.6159,10.2219,
197,1,243,249,284,293,0.0000,0.0000,0.0000,0.0000,0.0000,0.0000,
198,1,243,246,286,296,0.0000,0.0000,0.0000,0.0000,0.0000,0.0000,
199,1,247,248,279,295,0.7644,0.1204,-0.0660,0.9578,10.1217,12.5387,
200,1,249,246,279,296,0.9353,0.0109,-0.1848,1.0576,10.9217,10.3052,
201,1,255,249,287,291,1.6016,-0.0430,0.6952,1.0352,7.3109,2.3132,
202,1,252,249,289,289,0.0000,0.0000,0.0000,0.0000,0.0000,0.0000,
203,1,255,244,290,289,0.0000,0.0000,0.0000,0.0000,0.0000,0.0000,
204,1,256,242,293,286,0.0000,0.0000,0.0000,0.0000,0.0000,0.0000,
205,1,258,238,297,284,-0.1282,-0.3804,-0.8760,0.5974,25.7016,20.0062,
206,1,261,240,298,279,1.0549,-0.1190,0.0507,1.0431,13.6713,6.9045,
207,1,262,240,302,277,0.0000,0.0000,0.0000,0.0000,0.0000,0.0000,
208,1,267,234,299,277,0.0000,0.0000,0.0000,0.0000,0.0000,0.0000,
209,1,264,234,303,276,0.0000,0.0000,0.0000,0.0000,0.0000,0.0000,
210,1,265,228,306,276,0.9650,-0.0239,-0.1470,1.0644,12.4171,8.2902,
211,1,266,226,308,278,0.0000,0.0000,0.0000,0.0000,0.0000,0.0000,
212,1,268,225,309,276,1.2714,-0.1135,1.4720,0.7195,11.3264,-1.5779,
213,1,273,222,309,271,0.0000,0.0000,0.0000,0.0000,0.0000,0.0000,
214,1,275,221,314,266,1.1124,-0.0843,0.0557,1.0017,12.2461,7.0761,
215,1,278,216,315,260,0.9590,0.0032,-0.3522,0.9825,12.3854,11.0799,
216,1,280,217,318,261,2.4798,0.9311,-1.2444,0.2125,-13.2093,28.8434,
217,1,278,213,321,257,1.0001,-0.2074,-0.0317,1.4730,14.6416,1.5637,
218,1,282,212,323,258,0.9803,-0.0980,0.1117,1.1344,13.5994,4.3526,
219,1,286,206,323,248,0.0000,0.0000,0.0000,0.0000,0.0000,0.0000,
220,1,286,207,329,250,0.0000,0.0000,0.0000,0.0000,0.0000,0.0000,
221,1,291,204,328,246,1.0095,-0.0073,-0.0223,1.0281,11.1475,8.1848,
222,1,290,203,326,243,0.0000,0.0000,0.0000,0.0000,0.0000,0.0000,
223,1,295,200,324,245,0.8130,-0.1184,0.1110,1.1148,17.0345,4.6325,
224,1,294,202,331,240,-5.3776,-0.7766,-6.0479,1.7561,131.2908,91.5590,
225,1,293,201,333,241,1.0995,0.0735,0.1583,1.0474,6.5718,5.8233,
226,1,296,202,331,240,0.8884,0.0558,0.3266,0.9473,11.3405,4.1646,
227,1,298,202,330,240,0.9229,-0.0295,0.1561,1.0128,12.1958,6.2116,
228,1,298,204,331,238,1.0412,0.0158,-0.1709,0.8870,9.1149,14.7773,
229,1,298,204,331,238,0.9673,0.0027,-0.0043,0.9561,10.5902,10.4388,
230,1,298,204,334,236,1.0989,0.0230,-0.1638,0.9278,8.7343,12.4969,
231,1,298,204,334,236,0.9885,-0.0013,0.0099,0.9622,10.1592,10.3471,
232,1,298,204,334,236,0.9899,-0.0014,-0.0149,0.9723,10.2014,10.4435,
233,1,296,201,340,234,1.2027,-0.0385,-0.3383,1.0295,8.4921,12.8377,
234,1,296,201,340,234,0.9947,0.0036,0.0331,0.9693,10.1773,9.6362,
235,1,297,199,340,237,0.9731,-0.0360,0.1085,1.1360,11.4015,5.2282,
236,1,298,201,339,237,0.9652,0.0191,0.0279,0.9323,10.0128,11.2023,
237,1,298,201,339,237,0.9980,0.0058,0.0294,0.9509,10.1643,9.9400,
238,1,298,201,339,237,0.9996,-0.0101,0.0247,1.0242,10.4380,8.6463,
239,1,296,193,337,232,1.0774,-0.0583,-0.0730,1.0450,10.6175,9.4186,
240,1,307,184,328,241,0.5363,-0.3194,0.7237,1.4672,26.4415,-15.0512,
241,1,313,183,323,243,0.5091,-0.0300,0.6634,1.0381,16.2795,1.5002,
242,1,297,194,338,232,0.0000,0.0000,0.0000,0.0000,0.0000,0.0000,
243,1,297,194,338,232,0.9767,-0.0427,0.0379,1.0444,11.6482,7.6606,
244,1,298,196,337,232,0.9652,0.0089,0.0302,0.9363,10.1113,11.0361,
245,1,298,196,337,232,0.9813,-0.0011,0.0070,1.0105,10.2819,9.3670,
246,1,298,196,337,232,0.9687,0.0110,-0.0104,0.9833,10.1950,10.4196,
247,1,298,196,337,232,1.0032,0.0089,-0.0075,0.9992,9.8259,10.0420,
248,1,298,196,337,232,1.0271,-0.0121,-0.0195,1.0046,9.9139,9.9724,
249,1,301,200,332,233,0.7800,0.0520,0.2893,0.9308,11.8727,7.5376,
250,1,298,192,338,230,3.7899,-2.0836,2.3698,2.7393,-54.6015,-163.4925,
251,1,299,191,328,233,1.0000,-0.0000,0.0000,1.0000,10.0000,10.0000,
252,1,299,191,330,234,1.0569,-0.0044,-0.0221,1.0169,9.4635,9.9207,
253,1,302,192,325,234,0.7698,-0.0204,0.0159,0.9818,12.6422,10.1111,
254,1,302,192,327,234,1.0628,0.0183,0.0028,0.9968,9.3082,9.9608,
255,1,302,192,327,234,1.0267,0.0012,-0.0860,1.0055,9.7243,10.7343,
256,1,302,192,327,234,1.0250,-0.0056,0.0836,0.9828,9.8667,9.3525,
257,1,302,192,327,234,1.0102,-0.0085,0.1037,0.9823,10.0138,9.3131,
258,1,302,192,327,234,1.0085,-0.0094,-0.0640,1.0147,10.0316,10.2865,
259,1,302,192,327,234,0.9878,0.0101,-0.0100,0.9988,9.8843,10.1769,
260,1,302,192,329,234,1.0748,-0.0109,-0.0909,1.0035,9.4645,10.8439,
261,1,298,191,336,233,6.8624,-5.8122,7.9046,-9.3712,-0.4347,16.1522,
262,1,298,191,336,235,0.9933,-0.0189,0.0166,1.0479,10.3166,8.7176,
263,1,298,191,336,235,1.0004,0.0173,0.0386,1.0105,9.2907,9.4708,
264,1,296,190,335,232,1.0397,-0.0361,-0.0632,1.0364,10.5242,9.8520,
265,1,296,190,335,232,0.9795,-0.0066,0.0082,1.0096,10.2345,10.0223,
266,1,296,192,337,234,1.1518,0.0076,-0.1980,1.0268,7.9184,11.9447,
267,1,296,192,337,234,1.0060,-0.0066,0.0033,1.0278,9.9309,9.4471,
268,1,296,192,337,234,1.0208,0.0086,-0.0162,1.0083,9.5254,10.0929,
269,1,296,192,337,234,0.9771,-0.0170,-0.0010,1.0114,10.6516,9.8905,
270,1,296,192,337,234,1.0199,-0.0107,-0.0097,1.0248,9.8336,9.6956,
271,1,292,194,333,236,1.1846,0.2044,-0.0424,1.0271,0.8959,10.8406,
272,1,292,194,332,238,0.9817,0.0488,0.0362,1.0475,8.2356,9.1726,
273,1,292,195,330,240,0.9485,-0.0109,0.0564,1.0316,9.8582,9.0870,
274,1,291,196,328,243,0.9883,0.0042,0.0258,1.0420,8.2972,10.0964,
275,1,287,197,326,238,1.0148,0.0212,-0.0425,1.0373,7.2982,11.6546,
276,1,288,194,323,244,0.8973,-0.0530,0.2044,1.2050,11.4467,2.8928,
277,1,284,199,321,243,1.0519,0.0236,-0.1018,1.0385,6.3871,12.2406,
278,1,281,201,320,245,1.0665,0.0466,-0.1330,1.0042,5.3447,13.8106,
279,1,279,205,318,247,0.9958,0.0577,0.0158,0.9582,6.1388,12.7543,
280,1,275,211,313,249,0.0000,0.0000,0.0000,0.0000,0.0000,0.0000,
281,1,271,212,312,253,0.0000,0.0000,0.0000,0.0000,0.0000,0.0000,
282,1,268,214,309,251,0.0000,0.0000,0.0000,0.0000,0.0000,0.0000,
283,1,267,216,308,257,0.0000,0.0000,0.0000,0.0000,0.0000,0.0000,
284,1,261,222,299,261,0.0000,0.0000,0.0000,0.0000,0.0000,0.0000,
285,1,262,226,298,260,0.9563,0.1563,0.0185,0.8791,7.0176,13.4339,
286,1,258,226,295,267,0.0000,0.0000,0.0000,0.0000,0.0000,0.0000,
287,1,257,229,293,269,0.9622,-0.0218,-0.0159,0.9695,8.9240,12.8671,
288,1,250,232,294,271,0.0000,0.0000,0.0000,0.0000,0.0000,0.0000,
289,1,249,234,293,274,0.9960,-0.0720,0.0011,1.0335,10.0427,11.3981,
290,1,247,240,293,263,1.0285,-0.0902,0.1083,0.5915,9.7697,13.3038,
291,1,248,236,290,277,0.0000,0.0000,0.0000,0.0000,0.0000,0.0000,
292,1,249,239,291,278,1.9940,-0.0699,-1.2826,1.2314,-24.7395,53.1252,
293,1,247,235,291,278,0.0000,0.0000,0.0000,0.0000,0.0000,0.0000,
294,1,246,237,289,277,0.9658,0.0423,-0.0242,1.0226,9.6104,10.3494,
295,1,245,237,291,278,0.0000,0.0000,0.0000,0.0000,0.0000,0.0000,
296,1,248,238,290,282,0.0000,0.0000,0.0000,0.0000,0.0000,0.0000,
297,1,244,238,291,278,1.0287,0.0416,0.0763,1.0767,8.1003,6.5503,
298,1,246,238,290,282,0.0000,0.0000,0.0000,0.0000,0.0000,0.0000,
299,1,247,236,290,279,0.9994,-0.0073,0.0164,1.0071,10.2362,9.5625,
300,1,244,235,290,279,0.0000,0.0000,0.0000,0.0000,0.0000,0.0000,
301,1,251,241,285,279,0.0000,0.0000,0.0000,0.0000,0.0000,0.0000,
302,1,251,241,285,279,0.0000,0.0000,0.0000,0.0000,0.0000,0.0000,
303,1,251,241,285,279,0.0000,0.0000,0.0000,0.0000,0.0000,0.0000,
304,1,251,241,285,279,0.0000,0.0000,0.0000,0.0000,0.0000,0.0000,
305,1,251,241,285,279,0.0000,0.0000,0.0000,0.0000,0.0000,0.0000,
306,1,251,241,285,279,0.0000,0.0000,0.0000,0.0000,0.0000,0.0000,
307,1,251,241,285,279,0.0000,0.0000,0.0000,0.0000,0.0000,0.0000,
308,1,251,241,285,279,0.0000,0.0000,0.0000,0.0000,0.0000,0.0000,
309,1,251,241,285,279,0.0000,0.0000,0.0000,0.0000,0.0000,0.0000,
310,1,251,241,285,279,0.0000,0.0000,0.0000,0.0000,0.0000,0.0000,
311,1,251,241,285,279,0.0000,0.0000,0.0000,0.0000,0.0000,0.0000,
312,1,251,241,285,279,0.0000,0.0000,0.0000,0.0000,0.0000,0.0000,
313,1,251,241,285,279,0.0000,0.0000,0.0000,0.0000,0.0000,0.0000,
314,1,251,241,285,279,0.0000,0.0000,0.0000,0.0000,0.0000,0.0000,
315,1,251,241,285,279,0.0000,0.0000,0.0000,0.0000,0.0000,0.0000,
316,1,251,241,285,279,0.0000,0.0000,0.0000,0.0000,0.0000,0.0000,
317,1,251,241,285,279,0.0000,0.0000,0.0000,0.0000,0.0000,0.0000,
318,1,251,241,285,279,0.0000,0.0000,0.0000,0.0000,0.0000,0.0000,
319,1,251,241,285,279,0.0000,0.0000,0.0000,0.0000,0.0000,0.0000,
320,1,251,241,285,279,0.0000,0.0000,0.0000,0.0000,0.0000,0.0000,
321,1,251,241,285,279,0.0000,0.0000,0.0000,0.0000,0.0000,0.0000,
322,1,251,241,285,279,0.0000,0.0000,0.0000,0.0000,0.0000,0.0000,
323,1,251,241,285,279,0.0000,0.0000,0.0000,0.0000,0.0000,0.0000,
324,1,251,241,285,279,0.0000,0.0000,0.0000,0.0000,0.0000,0.0000,
325,1,251,241,285,279,0.0000,0.0000,0.0000,0.0000,0.0000,0.0000,
326,1,251,241,285,279,0.0000,0.0000,0.0000,0.0000,0.0000,0.0000,
327,1,251,241,285,279,0.0000,0.0000,0.0000,0.0000,0.0000,0.0000,
328,1,251,241,285,279,0.0000,0.0000,0.0000,0.0000,0.0000,0.0000,
329,1,251,241,285,279,0.0000,0.0000,0.0000,0.0000,0.0000,0.0000,
330,1,251,241,285,279,0.0000,0.0000,0.0000,0.0000,0.0000,0.0000,
331,1,251,241,285,279,0.0000,0.0000,0.0000,0.0000,0.0000,0.0000,
332,1,251,241,285,279,0.0000,0.0000,0.0000,0.0000,0.0000,0.0000,
333,1,251,241,285,279,0.0000,0.0000,0.0000,0.0000,0.0000,0.0000,
334,1,251,241,285,279,0.0000,0.0000,0.0000,0.0000,0.0000,0.0000,
335,1,251,241,285,279,0.0000,0.0000,0.0000,0.0000,0.0000,0.0000,
336,1,251,241,285,279,0.0000,0.0000,0.0000,0.0000,0.0000,0.0000,
337,1,251,241,285,279,0.0000,0.0000,0.0000,0.0000,0.0000,0.0000,
338,1,251,241,285,279,0.0000,0.0000,0.0000,0.0000,0.0000,0.0000,
339,1,251,241,285,279,0.0000,0.0000,0.0000,0.0000,0.0000,0.0000,
340,1,251,241,285,279,0.0000,0.0000,0.0000,0.0000,0.0000,0.0000,
341,1,251,241,285,279,0.0000,0.0000,0.0000,0.0000,0.0000,0.0000,
342,1,251,241,285,279,0.0000,0.0000,0.0000,0.0000,0.0000,0.0000,
343,1,251,241,285,279,0.0000,0.0000,0.0000,0.0000,0.0000,0.0000,
344,1,251,241,285,279,0.0000,0.0000,0.0000,0.0000,0.0000,0.0000,
345,1,251,241,285,279,0.0000,0.0000,0.0000,0.0000,0.0000,0.0000,
346,1,251,241,285,279,0.0000,0.0000,0.0000,0.0000,0.0000,0.0000,
347,1,251,241,285,279,0.0000,0.0000,0.0000,0.0000,0.0000,0.0000,
348,1,251,241,285,279,0.0000,0.0000,0.0000,0.0000,0.0000,0.0000,
349,1,251,241,285,279,0.0000,0.0000,0.0000,0.0000,0.0000,0.0000,
350,1,251,241,285,279,0.0000,0.0000,0.0000,0.0000,0.0000,0.0000,
351,1,247,247,280,286,0.0000,0.0000,0.0000,0.0000,0.0000,0.0000,
352,1,247,247,280,286,0.0000,0.0000,0.0000,0.0000,0.0000,0.0000,
353,1,247,247,280,286,0.0000,0.0000,0.0000,0.0000,0.0000,0.0000,
354,1,247,247,280,286,0.0000,0.0000,0.0000,0.0000,0.0000,0.0000,
355,1,247,247,280,286,0.0000,0.0000,0.0000,0.0000,0.0000,0.0000,
356,1,247,247,280,286,0.0000,0.0000,0.0000,0.0000,0.0000,0.0000,
357,1,247,247,280,286,0.0000,0.0000,0.0000,0.0000,0.0000,0.0000,
358,1,247,247,280,286,0.0000,0.0000,0.0000,0.0000,0.0000,0.0000,
359,1,247,247,280,286,0.0000,0.0000,0.0000,0.0000,0.0000,0.0000,
360,1,247,247,280,286,0.0000,0.0000,0.0000,0.0000,0.0000,0.0000,
361,1,247,247,280,286,0.0000,0.0000,0.0000,0.0000,0.0000,0.0000,
362,1,247,247,280,286,0.0000,0.0000,0.0000,0.0000,0.0000,0.0000,
363,1,247,247,280,286,0.0000,0.0000,0.0000,0.0000,0.0000,0.0000,
364,1,247,247,280,286,0.0000,0.0000,0.0000,0.0000,0.0000,0.0000,
365,1,247,247,280,286,0.0000,0.0000,0.0000,0.0000,0.0000,0.0000,
366,1,247,247,280,286,0.0000,0.0000,0.0000,0.0000,0.0000,0.0000,
367,1,247,247,280,286,0.0000,0.0000,0.0000,0.0000,0.0000,0.0000,
368,1,247,247,280,286,0.0000,0.0000,0.0000,0.0000,0.0000,0.0000,
369,1,247,247,280,286,0.0000,0.0000,0.0000,0.0000,0.0000,0.0000,
370,1,247,247,280,286,0.0000,0.0000,0.0000,0.0000,0.0000,0.0000,
371,1,247,247,280,286,0.0000,0.0000,0.0000,0.0000,0.0000,0.0000,
372,1,247,247,280,286,0.0000,0.0000,0.0000,0.0000,0.0000,0.0000,
373,1,247,247,280,286,0.0000,0.0000,0.0000,0.0000,0.0000,0.0000,
374,1,247,247,280,286,0.0000,0.0000,0.0000,0.0000,0.0000,0.0000,
375,1,247,247,280,286,0.0000,0.0000,0.0000,0.0000,0.0000,0.0000,
376,1,247,247,280,286,0.0000,0.0000,0.0000,0.0000,0.0000,0.0000,
377,1,247,247,280,286,0.0000,0.0000,0.0000,0.0000,0.0000,0.0000,
378,1,247,247,280,286,0.0000,0.0000,0.0000,0.0000,0.0000,0.0000,
379,1,247,247,280,286,0.0000,0.0000,0.0000,0.0000,0.0000,0.0000,
380,1,247,247,280,286,0.0000,0.0000,0.0000,0.0000,0.0000,0.0000,
381,1,247,247,280,286,0.0000,0.0000,0.0000,0.0000,0.0000,0.0000,
382,1,247,247,280,286,0.0000,0.0000,0.0000,0.0000,0.0000,0.0000,
383,1,247,247,280,286,0.0000,0.0000,0.0000,0.0000,0.0000,0.0000,
384,1,247,247,280,286,0.0000,0.0000,0.0000,0.0000,0.0000,0.0000,
385,1,247,247,280,286,0.0000,0.0000,0.0000,0.0000,0.0000,0.0000,
386,1,247,247,280,286,0.0000,0.0000,0.0000,0.0000,0.0000,0.0000,
387,1,247,247,280,286,0.0000,0.0000,0.0000,0.0000,0.0000,0.0000,
388,1,247,247,280,286,0.0000,0.0000,0.0000,0.0000,0.0000,0.0000,
389,1,247,247,280,286,0.0000,0.0000,0.0000,0.0000,0.0000,0.0000,
390,1,247,247,280,286,0.0000,0.0000,0.0000,0.0000,0.0000,0.0000,
391,1,247,247,280,286,0.0000,0.0000,0.0000,0.0000,0.0000,0.0000,
392,1,247,247,280,286,0.0000,0.0000,0.0000,0.0000,0.0000,0.0000,
393,1,247,247,280,286,0.0000,0.0000,0.0000,0.0000,0.0000,0.0000,
394,1,247,247,280,286,0.0000,0.0000,0.0000,0.0000,0.0000,0.0000,
395,1,247,247,280,286,0.0000,0.0000,0.0000,0.0000,0.0000,0.0000,
396,1,247,247,280,286,0.0000,0.0000,0.0000,0.0000,0.0000,0.0000,
397,1,247,247,280,286,0.0000,0.0000,0.0000,0.0000,0.0000,0.0000,
398,1,247,247,280,286,0.0000,0.0000,0.0000,0.0000,0.0000,0.0000,
399,1,247,247,280,286,0.0000,0.0000,0.0000,0.0000,0.0000,0.0000,
400,1,247,247,280,286,0.0000,0.0000,0.0000,0.0000,0.0000,0.0000,
401,1,250,249,282,287,0.0000,0.0000,0.0000,0.0000,0.0000,0.0000,
402,1,250,249,282,287,0.0000,0.0000,0.0000,0.0000,0.0000,0.0000,
403,1,250,249,282,287,0.0000,0.0000,0.0000,0.0000,0.0000,0.0000,
404,1,250,249,282,287,0.0000,0.0000,0.0000,0.0000,0.0000,0.0000,
405,1,250,249,282,287,0.0000,0.0000,0.0000,0.0000,0.0000,0.0000,
406,1,250,249,282,287,0.0000,0.0000,0.0000,0.0000,0.0000,0.0000,
407,1,250,249,282,287,0.0000,0.0000,0.0000,0.0000,0.0000,0.0000,
408,1,250,249,282,287,0.0000,0.0000,0.0000,0.0000,0.0000,0.0000,
409,1,250,249,282,287,0.0000,0.0000,0.0000,0.0000,0.0000,0.0000,
410,1,250,249,282,287,0.0000,0.0000,0.0000,0.0000,0.0000,0.0000,
411,1,250,249,282,287,0.0000,0.0000,0.0000,0.0000,0.0000,0.0000,
412,1,250,249,282,287,0.0000,0.0000,0.0000,0.0000,0.0000,0.0000,
413,1,250,249,282,287,0.0000,0.0000,0.0000,0.0000,0.0000,0.0000,
414,1,250,249,282,287,0.0000,0.0000,0.0000,0.0000,0.0000,0.0000,
415,1,250,249,282,287,0.0000,0.0000,0.0000,0.0000,0.0000,0.0000,
416,1,250,249,282,287,0.0000,0.0000,0.0000,0.0000,0.0000,0.0000,
417,1,250,249,282,287,0.0000,0.0000,0.0000,0.0000,0.0000,0.0000,
418,1,250,249,282,287,0.0000,0.0000,0.0000,0.0000,0.0000,0.0000,
419,1,250,249,282,287,0.0000,0.0000,0.0000,0.0000,0.0000,0.0000,
420,1,250,249,282,287,0.0000,0.0000,0.0000,0.0000,0.0000,0.0000,
421,1,250,249,282,287,0.0000,0.0000,0.0000,0.0000,0.0000,0.0000,
422,1,250,249,282,287,0.0000,0.0000,0.0000,0.0000,0.0000,0.0000,
423,1,250,249,282,287,0.0000,0.0000,0.0000,0.0000,0.0000,0.0000,
424,1,250,249,282,287,0.0000,0.0000,0.0000,0.0000,0.0000,0.0000,
425,1,250,249,282,287,0.0000,0.0000,0.0000,0.0000,0.0000,0.0000,
426,1,250,249,282,287,0.0000,0.0000,0.0000,0.0000,0.0000,0.0000,
427,1,250,249,282,287,0.0000,0.0000,0.0000,0.0000,0.0000,0.0000,
428,1,250,249,282,287,0.0000,0.0000,0.0000,0.0000,0.0000,0.0000,
429,1,250,249,282,287,0.0000,0.0000,0.0000,0.0000,0.0000,0.0000,
430,1,250,249,282,287,0.0000,0.0000,0.0000,0.0000,0.0000,0.0000,
431,1,250,249,282,287,0.0000,0.0000,0.0000,0.0000,0.0000,0.0000,
432,1,250,249,282,287,0.0000,0.0000,0.0000,0.0000,0.0000,0.0000,
433,1,250,249,282,287,0.0000,0.0000,0.0000,0.0000,0.0000,0.0000,
434,1,250,249,282,287,0.0000,0.0000,0.0000,0.0000,0.0000,0.0000,
435,1,250,249,282,287,0.0000,0.0000,0.0000,0.0000,0.0000,0.0000,
436,1,250,249,282,287,0.0000,0.0000,0.0000,0.0000,0.0000,0.0000,
437,1,250,249,282,287,0.0000,0.0000,0.0000,0.0000,0.0000,0.0000,
438,1,250,249,282,287,0.0000,0.0000,0.0000,0.0000,0.0000,0.0000,
439,1,250,249,282,287,0.0000,0.0000,0.0000,0.0000,0.0000,0.0000,
440,1,250,249,282,287,0.0000,0.0000,0.0000,0.0000,0.0000,0.0000,
441,1,250,249,282,287,0.0000,0.0000,0.0000,0.0000,0.0000,0.0000,
442,1,250,249,282,287,0.0000,0.0000,0.0000,0.0000,0.0000,0.0000,
443,1,250,249,282,287,0.0000,0.0000,0.0000,0.0000,0.0000,0.0000,
444,1,250,249,282,287,0.0000,0.0000,0.0000,0.0000,0.0000,0.0000,
445,1,250,249,282,287,0.0000,0.0000,0.0000,0.0000,0.0000,0.0000,
446,1,250,249,282,287,0.0000,0.0000,0.0000,0.0000,0.0000,0.0000,
447,1,250,249,282,287,0.0000,0.0000,0.0000,0.0000,0.0000,0.0000,
448,1,250,249,282,287,0.0000,0.0000,0.0000,0.0000,0.0000,0.0000,
449,1,250,249,282,287,0.0000,0.0000,0.0000,0.0000,0.0000,0.0000,
450,1,250,249,282,287,0.0000,0.0000,0.0000,0.0000,0.0000,0.0000,
451,1,246,248,282,289,0.0000,0.0000,0.0000,0.0000,0.0000,0.0000,
452,1,246,248,282,289,0.0000,0.0000,0.0000,0.0000,0.0000,0.0000,
453,1,246,248,282,289,0.0000,0.0000,0.0000,0.0000,0.0000,0.0000,
454,1,246,248,282,289,0.0000,0.0000,0.0000,0.0000,0.0000,0.0000,
455,1,246,248,282,289,0.0000,0.0000,0.0000,0.0000,0.0000,0.0000,
456,1,246,248,282,289,0.0000,0.0000,0.0000,0.0000,0.0000,0.0000,
457,1,246,248,282,289,0.0000,0.0000,0.0000,0.0000,0.0000,0.0000,
458,1,246,248,282,289,0.0000,0.0000,0.0000,0.0000,0.0000,0.0000,
459,1,246,248,282,289,0.0000,0.0000,0.0000,0.0000,0.0000,0.0000,
460,1,246,248,282,289,0.0000,0.0000,0.0000,0.0000,0.0000,0.0000,
461,1,246,248,282,289,0.0000,0.0000,0.0000,0.0000,0.0000,0.0000,
462,1,246,248,282,289,0.0000,0.0000,0.0000,0.0000,0.0000,0.0000,
463,1,246,248,282,289,0.0000,0.0000,0.0000,0.0000,0.0000,0.0000,
464,1,246,248,282,289,0.0000,0.0000,0.0000,0.0000,0.0000,0.0000,
465,1,246,248,282,289,0.0000,0.0000,0.0000,0.0000,0.0000,0.0000,
466,1,246,248,282,289,0.0000,0.0000,0.0000,0.0000,0.0000,0.0000,
467,1,246,248,282,289,0.0000,0.0000,0.0000,0.0000,0.0000,0.0000,
468,1,246,248,282,289,0.0000,0.0000,0.0000,0.0000,0.0000,0.0000,
469,1,246,248,282,289,0.0000,0.0000,0.0000,0.0000,0.0000,0.0000,
470,1,246,248,282,289,0.0000,0.0000,0.0000,0.0000,0.0000,0.0000,
471,1,246,248,282,289,0.0000,0.0000,0.0000,0.0000,0.0000,0.0000,
472,1,246,248,282,289,0.0000,0.0000,0.0000,0.0000,0.0000,0.0000,
473,1,246,248,282,289,0.0000,0.0000,0.0000,0.0000,0.0000,0.0000,
474,1,246,248,282,289,0.0000,0.0000,0.0000,0.0000,0.0000,0.0000,
475,1,246,248,282,289,0.0000,0.0000,0.0000,0.0000,0.0000,0.0000,
476,1,246,248,282,289,0.0000,0.0000,0.0000,0.0000,0.0000,0.0000,
477,1,246,248,282,289,0.0000,0.0000,0.0000,0.0000,0.0000,0.0000,
478,1,246,248,282,289,0.0000,0.0000,0.0000,0.0000,0.0000,0.0000,
479,1,246,248,282,289,0.0000,0.0000,0.0000,0.0000,0.0000,0.0000,
480,1,246,248,282,289,0.0000,0.0000,0.0000,0.0000,0.0000,0.0000,
481,1,246,248,282,289,0.0000,0.0000,0.0000,0.0000,0.0000,0.0000,
482,1,246,248,282,289,0.0000,0.0000,0.0000,0.0000,0.0000,0.0000,
483,1,246,248,282,289,0.0000,0.0000,0.0000,0.0000,0.0000,0.0000,
484,1,246,248,282,289,0.0000,0.0000,0.0000,0.0000,0.0000,0.0000,
485,1,246,248,282,289,0.0000,0.0000,0.0000,0.0000,0.0000,0.0000,
486,1,246,248,282,289,0.0000,0.0000,0.0000,0.0000,0.0000,0.0000,
487,1,246,248,282,289,0.0000,0.0000,0.0000,0.0000,0.0000,0.0000,
488,1,246,248,282,289,0.0000,0.0000,0.0000,0.0000,0.0000,0.0000,
489,1,246,248,282,289,0.0000,0.0000,0.0000,0.0000,0.0000,0.0000,
490,1,246,248,282,289,0.0000,0.0000,0.0000,0.0000,0.0000,0.0000,
491,1,246,248,282,289,0.0000,0.0000,0.0000,0.0000,0.0000,0.0000,
492,1,246,248,282,289,0.0000,0.0000,0.0000,0.0000,0.0000,0.0000,
493,1,246,248,282,289,0.0000,0.0000,0.0000,0.0000,0.0000,0.0000,
494,1,246,248,282,289,0.0000,0.0000,0.0000,0.0000,0.0000,0.0000,
495,1,246,248,282,289,0.0000,0.0000,0.0000,0.0000,0.0000,0.0000,
496,1,246,248,282,289,0.0000,0.0000,0.0000,0.0000,0.0000,0.0000,
497,1,246,248,282,289,0.0000,0.0000,0.0000,0.0000,0.0000,0.0000,
498,1,246,248,282,289,0.0000,0.0000,0.0000,0.0000,0.0000,0.0000,
499,1,246,248,282,289,0.0000,0.0000,0.0000,0.0000,0.0000,0.0000,
500,1,246,248,282,289,0.0000,0.0000,0.0000,0.0000,0.0000,0.0000,
501,1,248,251,284,288,0.0000,0.0000,0.0000,0.0000,0.0000,0.0000,
502,1,246,247,283,291,0.0000,0.0000,0.0000,0.0000,0.0000,0.0000,
503,1,247,251,287,289,1.0899,-0.2707,0.0994,0.6418,12.3941,13.6778,
504,1,247,250,288,292,0.0000,0.0000,0.0000,0.0000,0.0000,0.0000,
505,1,245,251,283,288,0.0000,0.0000,0.0000,0.0000,0.0000,0.0000,
506,1,248,251,288,290,0.0000,0.0000,0.0000,0.0000,0.0000,0.0000,
507,1,248,248,286,291,0.0000,0.0000,0.0000,0.0000,0.0000,0.0000,
508,1,248,246,285,289,0.0000,0.0000,0.0000,0.0000,0.0000,0.0000,
509,1,247,246,285,289,0.0000,0.0000,0.0000,0.0000,0.0000,0.0000,
510,1,249,247,290,290,0.0000,0.0000,0.0000,0.0000,0.0000,0.0000,
511,1,246,248,288,291,0.9879,0.1078,-0.0714,1.0954,8.1554,9.7137,
512,1,246,247,290,289,1.1855,-0.1803,0.0251,0.9616,9.2230,10.3283,
513,1,245,250,290,290,1.0200,0.0624,-0.0869,0.9451,7.4364,14.6677,
514,1,246,248,287,292,0.0000,0.0000,0.0000,0.0000,0.0000,0.0000,
515,1,243,245,287,289,0.0000,0.0000,0.0000,0.0000,0.0000,0.0000,
516,1,247,245,290,292,0.0000,0.0000,0.0000,0.0000,0.0000,0.0000,
517,1,244,247,289,289,1.0427,0.0201,-0.0223,1.0164,7.7842,9.9385,
518,1,243,246,288,290,1.1656,-0.2106,0.0188,0.9742,9.2185,10.2069,
519,1,244,245,290,289,0.0000,0.0000,0.0000,0.0000,0.0000,0.0000,
520,1,243,246,290,290,0.0000,0.0000,0.0000,0.0000,0.0000,0.0000,
521,1,243,263,291,298,1.0130,-0.0561,0.1872,-0.8043,11.0334,57.9405,
522,1,244,265,291,297,0.9930,-0.0591,-0.0069,0.9213,11.1238,11.5048,
523,1,244,265,291,297,0.9779,-0.0728,0.0068,0.9593,11.6770,10.3705,
524,1,245,241,291,287,1.5282,0.1758,-1.2338,0.7657,-1.0356,36.3107,
525,1,247,245,289,287,0.0000,0.0000,0.0000,0.0000,0.0000,0.0000,
526,1,247,245,291,283,0.0000,0.0000,0.0000,0.0000,0.0000,0.0000,
527,1,252,240,296,278,0.0000,0.0000,0.0000,0.0000,0.0000,0.0000,
528,1,255,237,296,281,0.0000,0.0000,0.0000,0.0000,0.0000,0.0000,
529,1,261,234,298,274,0.0000,0.0000,0.0000,0.0000,0.0000,0.0000,
530,1,259,231,300,273,0.0000,0.0000,0.0000,0.0000,0.0000,0.0000,
531,1,263,223,303,269,0.0000,0.0000,0.0000,0.0000,0.0000,0.0000,
532,1,263,221,303,266,0.0000,0.0000,0.0000,0.0000,0.0000,0.0000,
533,1,267,220,310,260,0.0000,0.0000,0.0000,0.0000,0.0000,0.0000,
534,1,265,214,316,260,0.0000,0.0000,0.0000,0.0000,0.0000,0.0000,
535,1,268,214,316,251,0.8941,-0.0258,0.2575,1.0043,14.5114,3.3375,
536,1,276,211,318,249,0.9603,-0.0763,0.1705,1.0845,14.2588,3.1070,
537,1,278,208,326,249,1.0927,-0.0134,-0.0693,1.0426,11.8369,7.4737,
538,1,283,206,325,245,0.0000,0.0000,0.0000,0.0000,0.0000,0.0000,
539,1,285,204,326,242,0.0000,0.0000,0.0000,0.0000,0.0000,0.0000,
540,1,287,202,330,240,1.0516,0.0081,-0.0567,0.9869,11.0991,8.7224,
541,1,290,200,330,243,0.9255,-0.0918,0.0903,1.1318,14.1161,5.1226,
542,1,292,199,333,242,1.0273,-0.0248,-0.0413,0.9916,11.6214,9.2331,
543,1,292,196,331,236,0.8729,-0.3065,-0.0483,0.0588,16.9380,19.8842,
544,1,293,198,332,235,1.0024,0.0613,-0.1500,0.9340,9.1381,14.0708,
545,1,294,199,334,233,1.0096,0.0437,-0.0379,0.9273,10.0223,10.8789,
546,1,293,206,338,226,1.1100,0.2424,-0.1822,0.5753,4.3680,20.6192,
547,1,293,203,339,230,1.0136,-0.1959,-0.0303,1.3377,11.9055,7.1214,
548,1,295,201,339,232,0.9683,-0.0638,0.0749,1.1185,12.0817,6.1556,
549,1,295,201,339,232,0.9972,-0.0088,0.0176,1.0007,10.3447,9.4651,
550,1,295,193,341,232,1.3310,0.2487,-0.9030,0.3274,-1.5174,41.2125,
551,1,298,196,335,234,1.0000,0.0000,0.0000,1.0000,10.0000,10.0000,
552,1,297,193,337,237,1.0980,0.0747,0.2238,1.1424,6.5657,2.5853,
553,1,297,193,337,237,0.9946,0.0104,-0.0041,0.9949,9.7423,9.9997,
554,1,297,193,337,237,1.0158,-0.0069,-0.0015,0.9990,9.9858,9.8153,
555,1,297,193,337,237,1.0154,0.0102,-0.0244,0.9809,9.3241,10.9089,
556,1,297,193,337,237,0.9943,0.0029,-0.0106,0.9942,9.8211,10.3108,
557,1,297,193,337,237,0.9850,-0.0143,-0.0314,0.9812,10.5486,11.0701,
558,1,297,193,337,237,1.0122,0.0011,-0.0198,1.0023,9.4559,10.2059,
559,1,297,193,337,237,1.0206,0.0188,-0.0429,0.9749,9.2247,11.0072,
560,1,297,193,337,237,0.9897,-0.0128,0.0134,1.0049,10.2720,9.6206,
561,1,297,193,337,237,0.9902,-0.0064,-0.0354,0.9791,10.2987,11.0369,
562,1,298,192,337,239,0.9841,-0.0134,0.0334,1.0502,10.4799,8.1791,
563,1,299,190,336,242,0.9570,-0.0314,0.1138,1.1113,11.2834,5.3171,
564,1,292,196,335,235,1.1498,0.1793,-0.0774,0.9523,1.0778,13.6043,
565,1,291,198,333,237,0.9693,0.0356,0.0349,0.9862,8.2882,11.1810,
566,1,291,200,330,239,0.9481,0.0299,0.0996,1.0090,8.4599,9.3617,
567,1,290,204,326,242,0.9167,0.0845,0.2091,0.9704,6.8182,9.3389,
568,1,285,201,326,242,2.3754,-0.1952,-2.4235,1.4708,-13.9691,47.2206,
569,1,281,204,323,247,1.0029,0.0246,0.0138,1.0477,5.4323,12.2441,
570,1,274,205,322,247,0.0000,0.0000,0.0000,0.0000,0.0000,0.0000,
571,1,272,208,318,239,0.9493,0.1220,-0.3117,0.7625,5.0327,19.6828,
572,1,270,211,311,250,0.0000,0.0000,0.0000,0.0000,0.0000,0.0000,
573,1,262,213,308,256,0.0000,0.0000,0.0000,0.0000,0.0000,0.0000,
574,1,262,218,303,256,0.0000,0.0000,0.0000,0.0000,0.0000,0.0000,
575,1,255,222,298,265,0.0000,0.0000,0.0000,0.0000,0.0000,0.0000,
576,1,223,261,266,296,0.0000,0.0000,0.0000,0.0000,0.0000,0.0000,
577,1,221,260,265,300,0.0000,0.0000,0.0000,0.0000,0.0000,0.0000,
578,1,224,264,264,301,0.0000,0.0000,0.0000,0.0000,0.0000,0.0000,
579,1,221,264,262,302,0.3498,1.9325,-0.1813,1.5945,-3.5548,6.4648,
580,1,220,264,262,305,1.1072,-0.2447,0.8018,-1.4607,10.6741,31.7950,
581,1,219,265,260,304,0.0000,0.0000,0.0000,0.0000,0.0000,0.0000,
582,1,218,271,262,298,1.0528,0.0520,-0.1393,0.6997,7.8694,18.5550,
583,1,221,268,259,308,0.0000,0.0000,0.0000,0.0000,0.0000,0.0000,
584,1,219,266,261,309,0.0000,0.0000,0.0000,0.0000,0.0000,0.0000,
585,1,222,267,261,310,0.0000,0.0000,0.0000,0.0000,0.0000,0.0000,
586,1,222,267,261,310,0.9745,0.0443,0.0093,1.0039,9.0715,9.9019,
587,1,229,267,254,312,0.5536,-0.6003,0.0959,1.0313,31.5146,7.7680,
588,1,220,268,261,309,0.0000,0.0000,0.0000,0.0000,0.0000,0.0000,
589,1,219,269,259,311,0.0000,0.0000,0.0000,0.0000,0.0000,0.0000,
590,1,219,269,259,310,0.0000,0.0000,0.0000,0.0000,0.0000,0.0000,
591,1,220,264,259,315,0.9644,-0.0276,0.1769,1.2342,11.4646,1.0026,
592,1,220,266,260,313,1.0282,-0.0080,-0.0570,0.9191,9.7807,12.8148,
593,1,221,265,260,315,0.9748,0.0112,0.0646,1.0570,10.0794,7.5926,
594,1,220,268,259,311,0.0000,0.0000,0.0000,0.0000,0.0000,0.0000,
595,1,220,270,258,313,0.0000,0.0000,0.0000,0.0000,0.0000,0.0000,
596,1,219,268,256,311,0.0000,0.0000,0.0000,0.0000,0.0000,0.0000,
597,1,220,270,259,310,0.0000,0.0000,0.0000,0.0000,0.0000,0.0000,
598,1,221,269,259,312,1.0242,0.0311,1.4462,1.0680,8.5321,-37.0096,
599,1,220,268,257,311,0.0000,0.0000,0.0000,0.0000,0.0000,0.0000,
600,1,220,271,258,308,1.0346,0.0072,-0.0540,0.8713,8.8417,13.1250,
601,1,220,270,257,310,0.0000,0.0000,0.0000,0.0000,0.0000,0.0000,
602,1,220,270,257,310,0.0000,0.0000,0.0000,0.0000,0.0000,0.0000,
603,1,220,270,257,310,0.0000,0.0000,0.0000,0.0000,0.0000,0.0000,
604,1,220,270,257,310,0.0000,0.0000,0.0000,0.0000,0.0000,0.0000,
605,1,220,270,257,310,0.0000,0.0000,0.0000,0.0000,0.0000,0.0000,
606,1,220,270,257,310,0.0000,0.0000,0.0000,0.0000,0.0000,0.0000,
607,1,220,270,257,310,0.0000,0.0000,0.0000,0.0000,0.0000,0.0000,
608,1,220,270,257,310,0.0000,0.0000,0.0000,0.0000,0.0000,0.0000,
609,1,220,270,257,310,0.0000,0.0000,0.0000,0.0000,0.0000,0.0000,
610,1,220,270,257,310,0.0000,0.0000,0.0000,0.0000,0.0000,0.0000,
611,1,220,270,257,310,0.0000,0.0000,0.0000,0.0000,0.0000,0.0000,
612,1,220,270,257,310,0.0000,0.0000,0.0000,0.0000,0.0000,0.0000,
613,1,220,270,257,310,0.0000,0.0000,0.0000,0.0000,0.0000,0.0000,
614,1,220,270,257,310,0.0000,0.0000,0.0000,0.0000,0.0000,0.0000,
615,1,220,270,257,310,0.0000,0.0000,0.0000,0.0000,0.0000,0.0000,
616,1,220,270,257,310,0.0000,0.0000,0.0000,0.0000,0.0000,0.0000,
617,1,220,270,257,310,0.0000,0.0000,0.0000,0.0000,0.0000,0.0000,
618,1,220,270,257,310,0.0000,0.0000,0.0000,0.0000,0.0000,0.0000,
619,1,220,270,257,310,0.0000,0.0000,0.0000,0.0000,0.0000,0.0000,
620,1,220,270,257,310,0.0000,0.0000,0.0000,0.0000,0.0000,0.0000,
621,1,220,270,257,310,0.0000,0.0000,0.0000,0.0000,0.0000,0.0000,
622,1,220,270,257,310,0.0000,0.0000,0.0000,0.0000,0.0000,0.0000,
623,1,220,270,257,310,0.0000,0.0000,0.0000,0.0000,0.0000,0.0000,
624,1,220,270,257,310,0.0000,0.0000,0.0000,0.0000,0.0000,0.0000,
625,1,220,270,257,310,0.0000,0.0000,0.0000,0.0000,0.0000,0.0000,
626,1,220,270,257,310,0.0000,0.0000,0.0000,0.0000,0.0000,0.0000,
627,1,220,270,257,310,0.0000,0.0000,0.0000,0.0000,0.0000,0.0000,
628,1,220,270,257,310,0.0000,0.0000,0.0000,0.0000,0.0000,0.0000,
629,1,220,270,257,310,0.0000,0.0000,0.0000,0.0000,0.0000,0.0000,
630,1,220,270,257,310,0.0000,0.0000,0.0000,0.0000,0.0000,0.0000,
631,1,220,270,257,310,0.0000,0.0000,0.0000,0.0000,0.0000,0.0000,
632,1,220,270,257,310,0.0000,0.0000,0.0000,0.0000,0.0000,0.0000,
633,1,220,270,257,310,0.0000,0.0000,0.0000,0.0000,0.0000,0.0000,
634,1,220,270,257,310,0.0000,0.0000,0.0000,0.0000,0.0000,0.0000,
635,1,220,270,257,310,0.0000,0.0000,0.0000,0.0000,0.0000,0.0000,
636,1,220,270,257,310,0.0000,0.0000,0.0000,0.0000,0.0000,0.0000,
637,1,220,270,257,310,0.0000,0.0000,0.0000,0.0000,0.0000,0.0000,
638,1,220,270,257,310,0.0000,0.0000,0.0000,0.0000,0.0000,0.0000,
639,1,220,270,257,310,0.0000,0.0000,0.0000,0.0000,0.0000,0.0000,
640,1,220,270,257,310,0.0000,0.0000,0.0000,0.0000,0.0000,0.0000,
641,1,220,270,257,310,0.0000,0.0000,0.0000,0.0000,0.0000,0.0000,
642,1,220,270,257,310,0.0000,0.0000,0.0000,0.0000,0.0000,0.0000,
643,1,220,270,257,310,0.0000,0.0000,0.0000,0.0000,0.0000,0.0000,
644,1,220,270,257,310,0.0000,0.0000,0.0000,0.0000,0.0000,0.0000,
645,1,220,270,257,310,0.0000,0.0000,0.0000,0.0000,0.0000,0.0000,
646,1,220,270,257,310,0.0000,0.0000,0.0000,0.0000,0.0000,0.0000,
647,1,220,270,257,310,0.0000,0.0000,0.0000,0.0000,0.0000,0.0000,
648,1,220,270,257,310,0.0000,0.0000,0.0000,0.0000,0.0000,0.0000,
649,1,220,270,257,310,0.0000,0.0000,0.0000,0.0000,0.0000,0.0000,
650,1,220,270,257,310,0.0000,0.0000,0.0000,0.0000,0.0000,0.0000,
651,1,220,270,257,310,0.0000,0.0000,0.0000,0.0000,0.0000,0.0000,
