1,3,2,247,195,478,
2,3,2,247,195,478,
3,3,2,247,195,478,
4,3,2,247,195,478,
5,3,2,247,195,478,
6,3,2,247,195,478,
7,3,2,247,195,478,
8,3,2,247,195,478,
9,3,2,247,195,478,
10,3,2,247,195,478,
11,3,2,247,195,478,
12,3,2,247,195,478,
13,3,2,247,195,478,
14,3,2,247,195,478,
15,3,2,247,195,478,
16,3,2,247,195,478,
17,3,2,247,195,478,
18,3,2,247,195,478,
19,3,2,247,195,478,
20,3,2,247,195,478,
21,3,2,247,195,478,
22,3,2,247,195,478,
23,3,2,247,195,478,
24,3,2,247,195,478,
25,3,2,247,195,478,
26,3,2,247,195,478,
27,3,2,247,195,478,
28,3,2,247,195,478,
29,3,2,247,195,478,
30,3,2,247,195,478,
31,3,2,247,195,478,
32,3,2,247,195,478,
33,3,2,247,195,478,
34,3,2,247,195,478,
35,3,2,247,195,478,
36,3,2,247,195,478,
37,3,2,247,195,478,
38,3,2,247,195,478,
39,3,2,247,195,478,
40,3,2,247,195,478,
41,3,2,247,195,478,
42,3,2,247,195,478,
43,3,2,247,195,478,
44,3,2,247,195,478,
45,3,2,247,195,478,
46,3,2,247,195,478,
47,3,2,247,195,478,
48,3,2,247,195,478,
49,3,2,247,195,478,
50,3,2,247,195,478,
51,3,2,247,195,478,
52,3,2,247,195,478,
53,3,2,247,195,478,
54,3,2,247,195,478,
55,3,2,247,195,478,
56,3,2,247,195,478,
57,3,2,247,195,478,
58,3,2,247,195,478,
59,3,2,247,195,478,
60,3,2,247,195,478,
61,3,2,247,195,478,
62,3,2,247,195,478,
63,3,2,247,195,478,
64,3,2,247,195,478,
65,3,2,247,195,478,
66,3,2,247,195,478,
67,3,2,247,195,478,
68,3,2,247,195,478,
69,3,2,247,195,478,
70,3,2,247,195,478,
71,3,2,247,195,478,
72,3,2,247,195,478,
73,3,2,247,195,478,
74,3,2,247,195,478,
75,3,2,247,195,478,
76,3,2,247,195,478,
77,3,2,247,195,478,
78,3,2,247,195,478,
79,3,2,247,195,478,
80,3,2,247,195,478,
81,3,2,247,195,478,
82,3,2,247,195,478,
83,3,2,247,195,478,
84,3,2,247,195,478,
85,3,2,247,195,478,
86,3,2,247,195,478,
87,3,2,247,195,478,
88,3,2,247,195,478,
89,3,2,247,195,478,
90,3,2,247,195,478,
91,3,2,247,195,478,
92,3,2,247,195,478,
93,3,2,247,195,478,
94,3,2,247,195,478,
95,3,2,247,195,478,
96,3,2,247,195,478,
97,3,2,247,195,478,
98,3,2,247,195,478,
99,3,2,247,195,478,
100,3,2,247,195,478,
101,3,2,247,195,478,
102,3,2,247,195,478,
103,3,2,247,195,478,
104,3,2,247,195,478,
105,3,2,247,195,478,
106,3,2,247,195,478,
107,3,2,247,195,478,
108,3,2,247,195,478,
109,3,2,247,195,478,
110,3,2,247,195,478,
111,3,2,247,195,478,
112,3,2,247,195,478,
113,3,2,247,195,478,
114,3,2,247,195,478,
115,3,2,247,195,478,
116,3,2,247,195,478,
117,3,2,247,195,478,
118,3,2,247,195,478,
119,3,2,247,195,478,
120,3,2,247,195,478,
121,3,2,247,195,478,
122,3,2,247,195,478,
123,3,2,247,195,478,
124,3,2,247,195,478,
125,3,2,247,195,478,
126,3,2,247,195,478,
127,3,2,247,195,478,
128,3,2,247,195,478,
129,3,2,247,195,478,
130,3,2,247,195,478,
131,3,2,247,195,478,
132,3,2,247,195,478,
133,3,2,247,195,478,
134,3,2,247,195,478,
135,3,2,247,195,478,
136,3,2,247,195,478,
137,3,2,247,195,478,
138,3,2,247,195,478,
139,3,2,247,195,478,
140,3,2,247,195,478,
141,3,2,247,195,478,
142,3,2,247,195,478,
143,3,2,247,195,478,
144,3,2,247,195,478,
145,3,2,247,195,478,
146,3,2,247,195,478,
147,3,2,247,195,478,
148,3,2,247,195,478,
149,3,2,247,195,478,
150,3,2,247,195,478,
151,3,2,247,195,478,
152,3,2,247,195,478,
153,3,2,247,195,478,
154,3,2,247,195,478,
155,3,2,247,195,478,
156,3,2,247,195,478,
157,3,2,247,195,478,
158,3,2,247,195,478,
159,3,2,247,195,478,
160,3,2,247,195,478,
161,3,2,247,195,478,
162,3,2,247,195,478,
163,3,2,247,195,478,
164,3,2,247,195,478,
165,3,2,247,195,478,
166,3,2,247,195,478,
167,3,2,247,195,478,
168,3,2,247,195,478,
169,3,2,247,195,478,
170,3,2,247,195,478,
171,3,2,247,195,478,
172,3,2,247,195,478,
173,3,2,247,195,478,
174,3,2,247,195,478,
175,3,2,247,195,478,
176,3,2,247,195,478,
177,3,2,247,195,478,
178,3,2,247,195,478,
179,3,2,247,195,478,
180,3,2,247,195,478,
181,3,2,247,195,478,
182,3,2,247,195,478,
183,3,2,247,195,478,
184,3,2,247,195,478,
185,3,2,247,195,478,
186,3,2,247,195,478,
187,3,2,247,195,478,
188,3,2,247,195,478,
189,3,2,247,195,478,
190,3,2,247,195,478,
191,3,2,247,195,478,
192,3,2,247,195,478,
193,3,2,247,195,478,
194,3,2,247,195,478,
195,3,2,247,195,478,
196,3,2,247,195,478,
197,3,2,247,195,478,
198,3,2,247,195,478,
199,3,2,247,195,478,
200,3,2,247,195,478,
201,3,2,247,195,478,
202,3,2,247,195,478,
203,3,2,247,195,478,
204,3,2,247,195,478,
205,3,2,247,195,478,
206,3,2,247,195,478,
207,3,2,247,195,478,
208,3,2,247,195,478,
209,3,2,247,195,478,
210,3,2,247,195,478,
211,3,2,247,195,478,
212,3,2,247,195,478,
213,3,2,247,195,478,
214,3,2,247,195,478,
215,3,2,247,195,478,
216,3,2,247,195,478,
217,3,2,247,195,478,
218,3,2,247,195,478,
219,3,2,247,195,478,
220,3,2,247,195,478,
221,3,2,247,195,478,
222,3,2,247,195,478,
223,3,2,247,195,478,
224,3,2,247,195,478,
225,3,2,247,195,478,
226,3,2,247,195,478,
227,3,2,247,195,478,
228,3,2,247,195,478,
229,3,2,247,195,478,
230,3,2,247,195,478,
231,3,2,247,195,478,
232,3,2,247,195,478,
233,3,2,247,195,478,
234,3,2,247,195,478,
235,3,2,247,195,478,
236,3,2,247,195,478,
237,3,2,247,195,478,
238,3,2,247,195,478,
239,3,2,247,195,478,
240,3,2,247,195,478,
241,3,2,247,195,478,
242,3,2,247,195,478,
243,3,2,247,195,478,
244,3,2,247,195,478,
245,3,2,247,195,478,
246,3,2,247,195,478,
247,3,2,247,195,478,
248,3,2,247,195,478,
249,3,2,247,195,478,
250,3,2,247,195,478,
251,3,2,247,195,478,
252,3,2,247,195,478,
253,3,2,247,195,478,
254,3,2,247,195,478,
255,3,2,247,195,478,
256,3,2,247,195,478,
257,3,2,247,195,478,
258,3,2,247,195,478,
259,3,2,247,195,478,
260,3,2,247,195,478,
261,3,2,247,195,478,
262,3,2,247,195,478,
263,3,2,247,195,478,
264,3,2,247,195,478,
265,3,2,247,195,478,
266,3,2,247,195,478,
267,3,2,247,195,478,
268,3,2,247,195,478,
269,3,2,247,195,478,
270,3,2,247,195,478,
271,3,2,247,195,478,
272,3,2,247,195,478,
273,3,2,247,195,478,
274,3,2,247,195,478,
275,3,2,247,195,478,
276,3,2,247,195,478,
277,3,2,247,195,478,
278,3,2,247,195,478,
279,3,2,247,195,478,
280,3,2,247,195,478,
281,3,2,247,195,478,
282,3,2,247,195,478,
283,3,2,247,195,478,
284,3,2,247,195,478,
285,3,2,247,195,478,
286,3,2,247,195,478,
287,3,2,247,195,478,
288,3,2,247,195,478,
289,3,2,247,195,478,
290,3,2,247,195,478,
291,3,2,247,195,478,
292,3,2,247,195,478,
293,3,2,247,195,478,
294,3,2,247,195,478,
295,3,2,247,195,478,
296,3,2,247,195,478,
297,3,2,247,195,478,
298,3,2,247,195,478,
299,3,2,247,195,478,
300,3,2,247,195,478,
301,3,2,247,195,478,
302,3,2,247,195,478,
303,3,2,247,195,478,
304,3,2,247,195,478,
305,3,2,247,195,478,
306,3,2,247,195,478,
307,3,2,247,195,478,
308,3,2,247,195,478,
309,3,2,247,195,478,
310,3,2,247,195,478,
311,3,2,247,195,478,
312,3,2,247,195,478,
313,3,2,247,195,478,
314,3,2,247,195,478,
315,3,2,247,195,478,
316,3,2,247,195,478,
317,3,2,247,195,478,
318,3,2,247,195,478,
319,3,2,247,195,478,
320,3,2,247,195,478,
321,3,2,247,195,478,
322,3,2,247,195,478,
323,3,2,247,195,478,
324,3,2,247,195,478,
325,3,2,247,195,478,
326,3,2,247,195,478,
327,3,2,247,195,478,
328,3,2,247,195,478,
329,3,2,247,195,478,
330,3,2,247,195,478,
331,3,2,247,195,478,
332,3,2,247,195,478,
333,3,2,247,195,478,
334,3,2,247,195,478,
335,3,2,247,195,478,
336,3,2,247,195,478,
337,3,2,247,195,478,
338,3,2,247,195,478,
339,3,2,247,195,478,
340,3,2,247,195,478,
341,3,2,247,195,478,
342,3,2,247,195,478,
343,3,2,247,195,478,
344,3,2,247,195,478,
345,3,2,247,195,478,
346,3,2,247,195,478,
347,3,2,247,195,478,
348,3,2,247,195,478,
349,3,2,247,195,478,
350,3,2,247,195,478,
351,3,2,247,195,478,
352,3,2,247,195,478,
353,3,2,247,195,478,
354,3,2,247,195,478,
355,3,2,247,195,478,
356,3,2,247,195,478,
357,3,2,247,195,478,
358,3,2,247,195,478,
359,3,2,247,195,478,
360,3,2,247,195,478,
361,3,2,247,195,478,
362,3,2,247,195,478,
363,3,2,247,195,478,
364,3,2,247,195,478,
365,3,2,247,195,478,
366,3,2,247,195,478,
367,3,2,247,195,478,
368,3,2,247,195,478,
369,3,2,247,195,478,
370,3,2,247,195,478,
371,3,2,247,195,478,
372,3,2,247,195,478,
373,3,2,247,195,478,
374,3,2,247,195,478,
375,3,2,247,195,478,
376,3,2,247,195,478,
377,3,2,247,195,478,
378,3,2,247,195,478,
379,3,2,247,195,478,
380,3,2,247,195,478,
381,3,2,247,195,478,
382,3,2,247,195,478,
383,3,2,247,195,478,
384,3,2,247,195,478,
385,3,2,247,195,478,
386,3,2,247,195,478,
387,3,2,247,195,478,
388,3,2,247,195,478,
389,3,2,247,195,478,
390,3,2,247,195,478,
391,3,2,247,195,478,
