1,232,48,233,97,195,123,187,175,184,227,270,118,275,175,276,225,208,216,209,287,213,358,246,217,247,287,251,358
2,232,48,233,97,195,123,187,172,184,227,270,118,275,174,276,226,209,213,208,286,211,351,247,214,246,288,248,351
3,232,48,233,96,195,123,187,173,183,227,270,119,275,175,276,225,209,212,209,288,211,356,248,213,246,289,250,356
4,232,47,233,96,195,122,187,174,184,227,270,119,275,176,276,225,209,212,207,284,209,356,248,214,246,286,248,356
5,232,47,233,96,195,123,187,177,184,227,270,119,275,174,276,225,208,214,207,284,210,348,248,215,247,285,252,343
6,232,48,233,97,195,123,186,174,184,227,270,118,275,174,276,226,209,214,207,286,209,358,247,214,246,287,249,358
7,232,48,233,96,195,122,187,172,183,226,270,119,275,176,276,226,209,212,208,286,209,356,248,214,246,287,248,356
8,232,48,233,96,195,123,187,174,183,227,270,119,275,174,276,225,208,212,208,286,210,356,247,215,246,287,250,356
9,232,48,233,97,195,123,187,174,184,227,270,118,275,174,276,226,209,217,208,289,210,358,248,217,247,289,249,358
10,232,48,233,96,195,123,187,173,183,226,270,119,275,175,276,225,208,211,207,288,207,354,246,213,246,289,245,354
11,232,48,233,96,195,123,186,175,183,227,270,119,275,175,276,226,208,211,208,286,208,356,246,213,247,287,249,356
12,232,48,232,97,195,123,187,173,184,225,270,119,274,175,276,224,209,213,208,289,208,355,248,215,246,289,248,355
13,232,48,233,97,195,122,187,174,184,226,270,119,274,173,276,225,210,218,207,289,207,357,246,218,246,289,249,357
14,231,48,233,97,195,123,186,173,184,227,270,118,274,173,276,225,209,216,209,289,212,358,245,217,246,287,250,358
15,231,47,232,96,195,123,186,175,183,227,270,120,274,173,276,224,208,215,207,287,209,357,246,217,246,287,250,357
16,231,48,232,97,195,123,186,176,183,228,269,119,274,175,275,225,207,218,210,290,215,358,245,218,247,288,253,358
17,231,48,232,97,194,123,186,175,183,228,269,118,274,173,275,224,207,216,208,286,210,342,245,216,246,285,251,338
18,230,48,231,96,194,122,185,174,183,227,268,119,274,175,275,225,206,215,206,287,209,346,246,216,247,285,251,340
19,230,47,230,96,194,123,185,173,181,226,268,118,273,174,275,225,206,219,207,288,213,358,244,219,246,288,252,358
20,229,47,231,96,193,122,185,172,181,226,267,118,273,175,274,226,206,214,206,285,208,338,244,215,245,285,249,336
21,229,48,230,97,193,123,184,173,180,226,267,118,272,174,273,226,204,215,205,285,208,345,243,217,246,285,251,341
22,228,48,228,97,192,123,184,172,180,226,267,118,271,175,273,226,204,219,205,289,210,359,243,219,245,289,250,350
23,228,48,228,97,191,123,183,174,178,226,266,119,271,176,272,225,203,215,205,289,209,353,242,215,244,287,248,346
24,227,47,227,96,190,122,182,174,177,225,264,118,270,174,272,224,203,211,204,284,206,347,242,212,244,283,248,340
25,227,48,227,97,189,122,180,175,177,225,263,119,268,174,271,223,204,219,204,290,209,357,241,219,244,290,249,357
26,226,48,226,97,188,122,179,174,176,223,262,118,267,174,270,224,203,218,204,289,209,358,241,218,243,287,247,347
27,225,48,224,97,186,123,177,175,176,223,260,119,266,173,270,222,202,216,203,287,205,344,238,216,243,286,247,341
28,224,49,222,98,185,123,175,174,175,220,259,117,266,174,268,225,202,218,203,290,206,349,238,216,241,289,245,347
29,223,48,221,97,183,123,174,173,174,218,257,119,264,173,267,223,201,217,201,289,201,355,238,216,240,289,241,355
30,222,49,220,98,181,123,173,171,173,216,256,118,262,174,267,223,199,216,200,286,203,349,236,216,239,286,243,344
31,222,49,219,98,181,122,171,171,173,215,254,118,261,176,266,223,199,218,200,288,203,357,236,218,240,287,243,357
32,221,50,218,99,179,123,170,172,172,214,253,119,260,175,265,221,200,217,200,288,200,350,236,216,241,286,243,347
33,221,50,217,100,178,123,167,170,172,213,252,117,259,173,263,221,200,216,200,289,201,353,234,215,241,287,240,353
34,221,50,216,100,177,123,167,172,173,211,250,117,258,173,262,221,200,216,201,290,201,350,235,215,241,287,235,350
35,220,50,215,100,176,123,167,173,175,211,250,117,258,172,261,220,199,217,202,294,196,350,234,217,241,292,235,350
36,221,50,215,100,176,122,166,173,177,209,249,117,257,172,261,220,200,217,201,290,199,355,235,217,241,288,242,355
37,220,50,215,99,176,122,167,175,180,209,249,116,257,171,260,219,199,217,202,287,205,345,235,217,242,285,245,343
38,221,50,215,99,176,122,167,176,186,210,249,117,256,172,260,219,197,216,201,288,203,357,235,215,242,286,242,357
39,221,51,215,100,177,122,168,176,191,208,249,116,257,172,260,220,196,218,201,292,200,359,236,217,242,291,240,359
40,222,51,215,100,178,122,170,177,195,207,249,117,257,174,261,219,196,217,201,285,201,357,235,218,244,283,246,348
41,224,51,217,100,178,121,171,176,199,205,249,118,257,173,262,219,198,210,199,283,201,357,235,212,243,283,246,357
42,225,51,217,101,179,122,174,175,207,203,250,117,258,174,263,219,199,215,200,285,201,352,237,216,244,284,248,350
43,227,51,218,100,180,121,176,175,212,202,251,118,258,174,265,220,201,214,200,281,198,351,239,213,245,285,242,351
44,229,51,220,100,182,121,179,174,219,201,252,118,260,174,267,218,202,217,202,283,203,352,240,214,245,285,246,351
45,231,50,223,99,184,119,184,175,228,201,254,118,261,174,268,217,203,218,202,283,201,352,240,217,247,284,249,352
46,234,51,225,99,186,121,187,174,234,198,256,118,263,172,271,216,202,219,203,284,204,350,240,218,247,285,252,351
47,237,51,227,100,188,120,191,173,241,196,257,118,264,172,272,215,204,220,204,284,205,348,239,219,248,283,249,348
48,241,52,229,100,190,120,197,174,252,198,259,119,266,173,275,212,207,216,204,283,201,347,242,216,248,283,248,348
49,244,52,232,100,193,120,202,173,258,199,261,118,268,172,272,205,207,218,204,285,200,345,244,220,249,285,250,350
50,248,51,235,99,195,120,207,172,264,201,264,120,270,171,275,201,210,216,204,281,202,342,246,216,250,281,252,340
51,251,51,238,99,200,119,211,171,273,203,265,120,272,173,280,204,211,217,207,282,201,346,249,217,252,286,256,351
52,255,52,241,100,202,120,217,172,275,203,268,120,275,174,283,204,212,220,206,286,203,359,250,220,253,290,254,359
53,259,53,243,100,204,119,220,170,279,203,270,120,277,173,285,205,214,219,208,284,203,349,250,218,253,287,254,358
54,263,53,246,100,207,118,223,168,280,203,274,120,279,173,288,205,213,214,210,283,205,344,251,213,255,286,257,350
55,267,54,249,100,209,118,227,169,285,203,275,120,281,173,291,206,216,213,209,280,204,350,256,213,255,286,252,358
56,271,54,252,100,212,118,229,169,259,207,278,121,283,174,294,209,217,214,211,274,212,323,256,215,253,272,253,316
57,275,55,255,101,214,117,232,168,289,206,281,121,285,174,295,209,218,216,210,285,202,347,258,216,255,288,253,361
58,279,55,258,100,218,116,233,169,288,206,283,121,287,176,296,210,220,212,210,278,207,336,257,215,256,283,256,342
59,282,56,260,101,219,116,234,169,289,206,285,122,289,177,297,210,220,215,210,280,211,332,257,217,256,276,258,319
60,285,58,262,101,221,116,235,169,293,209,286,122,290,176,300,213,220,213,211,282,207,340,258,215,255,285,246,358
61,287,57,264,102,223,116,235,168,290,206,289,122,292,176,298,210,222,215,211,283,205,348,259,217,257,289,255,351
62,290,58,265,102,223,117,237,170,291,206,290,123,292,176,299,212,222,211,211,281,209,349,261,214,258,285,257,350
63,292,59,267,102,224,117,238,170,290,205,291,122,293,175,299,211,223,216,212,283,208,344,260,218,261,280,263,341
64,293,60,267,103,225,117,238,170,289,205,292,122,294,176,298,210,223,215,212,279,210,331,260,216,258,275,257,326
65,295,60,269,103,227,114,238,170,284,200,294,123,295,178,299,211,224,215,211,286,202,351,259,218,256,291,256,354
66,296,60,269,103,226,116,238,170,286,202,294,123,295,177,299,210,224,214,211,281,206,343,260,218,258,286,260,346
67,296,60,270,103,228,116,239,171,293,205,295,124,295,176,300,211,224,216,213,280,209,345,260,218,258,280,256,344
68,297,61,270,104,229,114,238,171,289,203,295,124,295,177,299,210,225,212,213,281,210,337,262,217,259,283,261,335
69,298,60,271,103,228,116,239,170,290,205,295,124,295,178,299,210,224,213,214,282,210,343,260,217,259,284,262,344
70,297,62,270,105,228,115,238,172,293,205,295,124,295,176,299,210,224,214,214,280,210,345,261,218,260,286,260,346
71,298,61,271,104,228,115,239,171,289,203,295,124,295,179,299,210,224,216,215,280,219,327,261,217,260,267,260,314
72,298,62,270,104,228,116,238,171,292,204,294,123,296,178,301,211,225,216,214,285,210,348,263,219,259,290,258,349
73,297,61,270,104,228,115,238,171,295,208,294,124,295,180,303,212,224,217,212,288,212,353,260,220,259,292,256,354
74,297,61,270,104,226,117,238,171,293,205,294,124,295,180,303,212,225,216,213,285,214,353,261,219,258,291,257,353
75,297,61,270,104,228,114,236,171,283,198,294,124,295,179,304,211,225,215,215,277,213,333,262,218,259,282,260,335
76,296,61,270,104,227,116,236,171,296,207,294,124,295,181,305,212,225,215,213,290,205,353,260,217,259,296,260,356
77,296,61,269,104,228,114,236,172,289,200,293,124,295,180,304,210,225,210,214,280,217,351,260,214,259,284,259,350
78,296,60,269,103,228,114,235,171,293,202,293,123,295,180,305,212,224,215,216,281,217,349,262,216,261,278,260,347
79,295,61,268,104,228,112,234,171,291,199,293,124,295,179,305,211,224,216,212,289,207,359,261,219,258,296,246,359
80,296,62,268,104,226,115,235,171,291,200,292,124,295,178,301,206,224,215,214,289,211,360,261,217,259,294,255,360
81,295,61,268,103,227,113,234,170,292,200,292,125,294,178,300,205,224,213,212,292,209,352,263,216,259,299,255,352
82,295,61,269,103,227,113,232,170,286,195,293,124,295,175,299,203,224,215,215,287,210,342,261,217,261,290,258,359
83,294,60,268,104,226,114,232,171,291,196,293,124,294,177,299,202,225,220,213,296,213,350,261,221,259,303,252,350
84,295,60,268,103,225,116,231,171,292,196,293,123,294,177,298,202,224,218,214,290,214,349,263,220,259,295,256,349
85,295,61,268,103,226,115,229,171,291,198,292,122,295,178,300,203,224,217,214,291,211,347,263,218,260,296,258,347
86,295,61,268,104,226,115,227,171,289,197,293,124,294,177,301,201,224,216,214,292,213,348,264,218,260,298,257,348
87,295,61,268,103,227,112,227,171,289,196,292,124,294,178,301,202,224,217,213,291,214,344,263,219,261,299,260,325
88,296,61,268,103,225,116,225,172,284,195,293,124,294,177,301,201,223,216,216,290,214,349,264,218,261,294,259,349
89,295,60,269,104,225,115,224,171,283,197,293,125,294,178,298,200,224,218,215,293,212,356,262,221,264,297,257,356
90,295,61,268,105,224,116,223,172,281,196,293,124,295,178,299,199,224,219,217,291,215,358,263,223,261,294,254,358
91,295,61,268,104,224,116,222,172,279,197,293,124,294,179,298,200,225,217,214,290,212,358,263,220,262,296,255,358
92,295,61,268,104,225,115,221,173,275,198,293,124,294,177,298,200,225,221,217,295,215,359,264,222,263,298,262,359
93,296,62,269,105,227,114,221,173,272,200,293,124,293,181,308,229,225,220,215,293,212,357,264,223,264,298,260,357
94,296,62,269,104,225,115,221,173,270,202,293,124,293,178,298,206,225,222,217,292,208,352,264,223,263,297,264,358
95,297,62,269,104,225,117,220,174,266,203,294,124,293,180,304,224,225,220,217,294,212,365,264,222,264,299,264,365
96,297,62,269,105,226,117,220,175,265,207,294,125,293,181,301,218,224,219,218,292,209,354,263,220,265,297,261,358
97,298,63,269,105,227,115,221,176,264,211,294,124,294,179,303,217,224,220,217,290,215,355,260,222,266,294,263,355
98,298,62,270,105,228,116,222,178,263,216,294,123,294,181,305,221,225,222,217,295,213,359,259,224,266,299,265,358
99,298,62,270,105,227,119,223,179,263,220,294,124,294,182,305,221,225,225,219,296,216,356,259,226,266,298,264,357
100,297,63,270,106,227,119,223,179,262,224,294,124,293,179,303,217,224,218,217,292,210,357,262,222,267,298,263,358
101,299,64,270,106,229,119,225,183,263,227,294,123,294,179,304,220,225,218,218,292,214,357,264,222,268,296,265,357
102,299,66,271,107,228,122,225,181,263,231,294,123,295,179,304,218,226,217,218,291,212,358,265,220,262,294,261,360
103,299,66,271,108,228,126,226,183,262,237,294,123,295,179,304,218,226,214,219,288,210,358,266,218,262,292,262,360
104,300,67,272,108,229,124,228,185,261,239,292,123,295,179,304,219,226,215,219,288,209,357,265,218,261,293,236,365
105,300,67,271,109,228,129,229,186,261,243,293,122,295,179,304,218,228,217,221,288,216,353,266,219,269,288,268,351
106,301,68,271,110,228,130,231,187,260,244,293,123,295,179,304,219,227,217,220,286,218,350,264,218,279,281,284,283
107,301,67,272,110,229,132,232,190,262,248,295,123,295,181,304,219,228,219,219,289,215,352,265,220,282,285,288,346
108,302,70,272,111,229,134,233,190,261,252,295,124,295,180,304,220,229,220,218,285,215,351,266,220,277,283,285,298
109,304,70,273,112,229,135,235,192,263,255,295,123,295,180,305,219,228,219,220,285,215,351,266,218,289,292,263,266
110,304,72,272,112,230,134,235,190,265,258,295,123,295,179,304,219,229,221,220,288,221,349,264,219,274,282,287,347
111,305,72,273,113,230,135,236,194,264,258,295,123,296,178,304,219,228,218,220,287,217,352,264,217,279,285,265,268
112,305,73,273,113,231,135,237,194,263,222,294,123,296,178,305,219,228,220,219,288,212,352,263,217,278,288,265,268
113,305,75,273,115,230,136,238,194,263,261,295,124,295,179,304,219,229,217,220,281,216,350,264,216,281,286,270,269
114,307,76,273,115,232,136,239,194,266,264,294,123,295,178,304,219,230,220,220,286,218,349,265,219,274,284,268,273
115,307,77,273,115,234,136,239,196,263,262,293,123,295,176,305,218,229,218,220,288,214,352,265,217,276,289,283,311
116,307,78,273,117,232,138,240,198,265,266,294,125,296,179,305,219,230,220,220,287,214,353,265,218,277,286,287,306
117,306,78,273,118,232,139,240,200,263,265,294,125,296,178,305,218,230,219,221,287,215,352,265,218,277,287,287,308
118,308,79,274,117,233,138,241,197,263,267,295,125,296,179,305,219,230,221,221,285,212,352,265,220,276,288,287,309
119,309,80,274,118,233,138,241,199,262,267,294,125,296,179,306,220,231,219,222,284,214,350,266,219,274,286,271,280
120,308,82,274,120,235,140,241,199,253,242,291,126,297,180,305,219,230,219,220,281,216,348,265,220,275,286,291,316
121,310,82,273,120,233,140,241,200,254,254,293,123,296,176,304,217,231,218,220,282,212,350,265,218,275,290,285,310
122,309,83,273,121,234,140,242,201,255,243,291,125,297,179,305,219,229,220,221,285,215,349,265,219,273,284,274,284
123,309,83,273,122,235,142,242,201,255,252,291,124,297,180,305,219,232,221,220,282,211,348,266,224,271,282,276,291
124,311,83,274,120,233,141,242,202,255,251,292,124,296,179,304,219,232,218,222,279,220,329,265,220,271,282,275,296
125,309,83,274,122,234,142,243,202,258,252,291,126,296,180,305,219,230,222,221,284,221,335,265,224,268,282,272,292
126,308,84,273,123,234,143,243,202,254,255,291,127,296,182,305,220,231,218,221,280,217,334,266,222,268,284,273,293
127,309,84,274,122,235,141,242,201,253,252,291,125,296,180,305,218,230,219,220,284,213,345,265,221,270,291,275,293
128,311,83,273,122,234,141,243,203,256,272,292,123,296,179,304,219,231,226,221,288,215,343,264,226,268,294,267,290
129,311,82,274,120,235,140,242,202,253,248,293,123,296,180,305,219,230,213,223,274,219,326,265,215,268,273,274,297
130,309,84,274,123,235,141,242,203,255,274,293,126,297,181,306,220,230,222,221,284,216,338,265,222,267,292,273,296
131,310,84,274,121,233,140,242,202,252,252,292,125,297,180,304,219,231,219,221,278,216,332,265,221,268,292,272,295
132,311,83,275,120,235,139,241,202,256,247,294,125,297,180,304,219,230,217,222,272,217,324,264,219,263,274,269,294
133,310,83,273,122,232,141,241,199,252,250,292,125,297,180,305,219,233,221,221,281,219,334,265,221,265,290,270,295
134,310,82,273,120,232,141,240,200,254,243,294,123,296,179,304,219,232,223,222,285,219,334,265,223,264,291,271,294
135,308,83,272,122,233,139,240,201,251,245,294,125,296,178,304,218,230,226,221,291,213,347,265,225,265,293,266,291
136,308,82,272,121,232,140,239,201,249,255,292,124,296,177,305,218,231,225,222,290,222,341,265,225,263,291,273,308
137,308,82,272,120,233,137,237,200,246,250,292,126,295,180,305,220,234,220,223,289,217,352,267,220,264,292,276,309
138,309,79,273,117,231,139,235,198,246,251,293,125,296,180,303,219,233,223,221,290,218,347,266,225,263,293,239,349
139,309,80,273,118,233,135,234,199,249,260,293,123,296,179,304,218,232,220,224,286,225,346,265,219,264,288,254,347
140,308,78,273,116,234,131,231,198,250,265,292,126,296,179,304,218,232,218,224,287,219,346,267,219,262,283,254,346
141,307,79,272,117,231,135,230,196,248,264,293,124,296,178,304,219,232,217,225,285,220,350,267,217,267,283,261,352
142,306,78,271,116,230,134,227,194,248,262,292,124,296,178,305,218,232,220,225,285,221,343,266,219,264,283,255,344
143,306,76,271,115,231,132,225,194,245,258,293,123,296,178,305,218,232,220,226,282,224,335,266,219,263,282,253,332
144,304,75,271,115,229,133,224,191,244,258,294,123,295,178,304,218,232,221,225,282,221,343,266,218,266,280,256,266
145,303,76,271,115,231,131,222,194,243,255,293,124,296,179,305,220,230,219,222,282,215,346,266,218,268,284,244,353
146,302,75,270,115,229,130,221,192,241,251,294,124,295,179,305,219,231,222,219,283,218,350,267,220,266,286,263,354
147,301,73,269,112,228,129,219,190,241,249,292,123,296,179,305,218,231,219,220,279,215,349,267,218,268,282,265,352
148,300,74,267,114,226,129,218,191,237,245,292,122,296,179,304,218,232,222,221,284,217,351,267,221,268,289,264,358
149,298,70,268,111,227,127,215,189,237,243,292,123,296,180,305,219,232,219,219,284,212,355,267,219,267,290,249,360
150,297,71,267,112,227,126,213,188,236,239,292,122,294,178,304,215,232,219,219,285,209,356,267,219,263,290,253,360
151,295,68,267,110,226,124,211,187,237,237,292,122,294,179,303,213,231,222,219,291,209,357,267,223,261,294,253,361
152,294,68,266,110,225,125,207,184,236,235,292,123,293,177,303,213,232,220,219,289,206,357,268,221,261,293,253,361
153,292,68,265,111,224,124,206,185,235,233,290,121,293,178,305,211,232,219,218,286,209,356,267,220,259,291,248,359
154,291,67,264,110,224,122,205,183,233,230,290,121,293,176,303,207,232,219,217,289,206,355,267,221,258,293,246,367
155,290,67,263,109,224,121,203,181,232,228,291,121,292,174,304,204,232,220,219,289,211,355,267,221,262,292,255,359
156,288,65,263,109,224,120,201,181,231,228,290,120,294,175,303,201,229,217,218,288,209,354,267,217,261,293,252,359
157,287,64,263,108,222,121,200,181,230,226,290,121,294,174,304,200,231,219,219,289,212,357,267,219,264,291,255,359
158,286,63,261,108,221,120,199,180,228,226,290,121,295,174,306,197,229,215,216,289,200,354,267,217,261,292,253,367
159,284,62,261,108,221,120,200,179,226,224,289,120,297,172,307,196,230,216,217,290,201,355,267,218,262,293,250,367
160,284,63,261,107,220,120,198,178,225,223,289,119,300,171,309,199,228,215,217,290,202,353,267,216,264,292,256,366
161,283,62,260,107,218,120,195,178,224,223,290,120,301,169,309,201,227,214,218,289,205,355,267,215,263,291,254,365
162,282,63,259,108,219,118,195,176,222,221,290,120,304,171,310,203,226,213,218,289,207,358,267,212,265,289,271,358
163,281,61,260,107,219,118,196,176,221,221,291,120,304,171,309,204,227,213,218,290,210,358,267,212,265,291,273,358
164,280,60,258,106,217,119,194,175,219,221,290,119,305,172,310,207,225,211,218,290,212,354,266,211,266,290,281,354
165,281,61,258,107,217,118,194,175,219,220,289,118,306,171,310,210,225,212,218,289,208,359,266,213,265,290,267,359
166,281,61,258,107,218,118,194,173,217,220,289,118,307,171,310,212,226,212,217,290,207,359,266,212,266,292,268,359
167,281,61,258,107,217,119,194,173,217,220,289,118,309,172,309,214,226,214,217,290,208,360,266,215,265,292,266,360
168,281,62,257,108,217,118,194,173,215,219,289,117,310,171,309,218,226,214,218,289,207,359,265,214,265,291,266,359
169,281,62,257,108,217,118,194,172,214,219,289,117,311,171,310,220,227,214,217,289,202,355,266,214,264,291,252,367
170,281,63,258,107,216,121,195,171,215,219,290,117,311,172,310,222,227,216,216,291,208,357,267,217,264,292,272,357
171,279,62,259,109,218,119,195,168,214,218,293,119,311,170,309,222,228,218,216,293,208,359,265,219,264,293,279,359
172,280,63,258,109,218,118,195,167,215,217,292,117,311,170,308,223,227,214,218,291,209,360,266,214,264,291,263,360
173,282,63,259,109,219,119,195,168,214,218,292,117,311,170,307,225,228,215,217,292,206,354,266,215,264,293,255,367
174,282,63,260,109,219,119,195,167,214,217,293,116,310,170,306,226,229,217,219,292,204,365,267,218,265,293,264,365
175,283,63,260,109,219,120,196,168,215,217,293,114,309,169,311,219,230,217,218,289,207,356,268,217,263,292,256,360
176,0,0,0,0,0,0,0,0,0,0,0,0,0,0,0,0,0,0,0,0,0,0,0,0,0,0,0,0
177,283,65,261,111,221,119,198,166,215,214,296,115,308,169,310,219,231,215,217,289,205,353,268,218,267,291,260,358
178,284,66,262,114,221,121,199,166,215,214,298,116,307,172,309,224,232,217,219,288,210,355,268,219,266,291,259,357
179,284,67,262,114,223,119,200,165,216,213,298,115,307,171,310,223,234,215,219,288,208,354,270,219,267,291,260,357
180,285,69,261,114,221,121,202,168,216,214,297,113,307,171,311,222,234,216,219,288,206,363,271,217,267,291,263,363
181,286,67,263,115,224,119,202,165,217,213,298,115,307,174,308,225,234,219,220,290,206,351,270,221,265,292,257,356
182,285,70,263,115,224,121,202,164,217,214,299,115,306,172,307,223,234,218,221,290,212,356,271,219,265,294,260,360
183,287,70,263,116,224,120,202,163,218,214,299,116,307,174,308,222,234,215,219,286,206,350,271,218,265,292,256,355
184,288,71,265,116,226,120,201,164,219,214,300,116,306,174,307,223,235,217,220,289,209,355,272,220,266,295,258,360
185,286,69,265,117,226,120,203,164,219,213,300,117,306,174,309,220,234,216,219,289,205,353,271,219,266,292,259,357
186,286,70,266,117,226,122,205,166,218,213,301,118,306,176,308,227,235,216,219,290,205,355,273,220,267,293,261,359
187,287,72,265,118,225,122,204,165,219,213,301,117,306,175,310,223,235,217,221,290,210,354,272,219,266,295,260,359
188,288,72,266,118,227,121,203,164,219,213,301,118,306,175,309,221,235,217,220,289,210,355,273,220,267,293,260,360
189,288,72,265,119,226,122,205,166,219,213,302,119,307,176,309,225,235,218,221,288,211,352,272,221,267,294,257,356
190,288,72,266,119,226,122,205,167,220,214,302,120,307,176,310,224,235,216,221,288,208,352,273,219,267,294,256,359
191,289,72,267,118,227,122,203,163,220,213,302,118,307,176,310,222,236,216,220,291,204,353,273,220,267,293,237,367
192,0,0,0,0,0,0,0,0,0,0,0,0,0,0,0,0,0,0,0,0,0,0,0,0,0,0,0,0
193,289,73,266,119,226,122,204,166,219,214,302,118,308,174,310,220,235,218,221,289,211,351,273,222,266,295,255,356
194,288,71,266,117,227,121,204,165,220,215,302,117,309,176,310,220,236,218,221,289,212,354,274,221,267,293,258,358
195,287,72,265,118,226,122,205,168,220,215,301,115,309,176,310,225,236,218,222,290,214,354,273,221,266,295,257,358
196,289,72,266,117,226,122,204,168,220,216,300,115,309,174,310,222,235,218,222,290,213,356,274,221,268,294,261,360
197,288,72,264,118,225,123,206,171,220,215,301,115,310,174,310,222,237,217,221,287,208,349,274,221,266,293,254,355
198,289,71,264,116,225,122,204,169,220,216,300,114,309,170,310,222,236,217,221,289,211,355,273,219,267,295,258,359
199,287,69,264,115,223,123,203,169,220,216,300,114,309,173,308,224,235,219,220,290,209,353,272,221,266,293,256,358
200,286,68,264,115,224,122,202,168,220,216,300,114,309,170,309,220,234,217,221,290,210,355,272,219,266,295,259,361
201,286,69,262,115,223,122,201,166,220,217,298,112,310,171,308,219,235,217,220,290,208,354,272,220,266,294,257,359
202,284,69,262,114,222,122,201,167,219,215,298,112,309,168,309,216,235,218,221,287,210,349,272,221,266,293,256,352
203,284,67,261,112,221,122,200,167,219,216,296,110,310,170,307,217,233,219,220,290,208,353,272,220,267,294,260,358
204,283,66,261,113,221,122,202,170,219,217,295,111,308,166,309,216,234,214,220,289,208,355,271,217,266,292,257,359
205,282,67,259,112,220,122,200,170,218,217,294,110,309,168,306,217,234,218,220,290,208,354,270,219,266,293,259,358
206,282,64,260,111,220,122,201,171,218,217,294,110,310,164,308,211,233,215,220,287,209,353,270,216,266,293,258,357
207,280,64,259,111,219,122,200,171,218,217,293,111,310,164,307,212,233,217,219,288,209,356,269,217,266,293,258,360
208,280,63,258,109,218,122,199,169,217,217,292,110,311,163,309,204,232,218,219,290,210,355,268,219,265,292,258,358
209,278,62,257,110,218,121,197,169,217,216,291,110,311,164,304,218,231,217,218,288,206,351,268,217,265,291,255,356
210,278,62,256,109,217,121,197,171,218,217,291,111,312,164,304,218,232,219,219,294,209,359,269,219,265,294,273,359
211,277,62,256,108,216,121,196,172,217,217,290,110,311,162,306,213,231,214,219,290,210,358,267,215,267,291,279,358
212,275,60,256,108,216,121,195,172,216,216,291,112,311,159,306,211,229,215,218,291,208,360,267,214,266,292,269,360
213,274,61,254,108,215,120,195,171,216,216,289,111,311,160,306,207,228,215,219,290,210,352,267,215,264,291,283,352
214,272,60,253,107,213,121,195,170,216,218,287,111,311,159,309,201,229,213,218,292,210,357,266,212,265,291,274,357
215,271,58,253,106,214,119,194,169,216,218,287,111,309,157,310,196,229,213,218,289,210,350,266,212,266,290,282,350
216,268,55,253,104,213,119,194,171,215,217,288,111,309,158,310,193,229,214,217,292,210,351,266,214,265,291,285,351
217,268,54,253,102,212,120,194,171,214,217,287,111,308,157,311,189,228,216,217,293,210,352,266,215,266,292,286,352
218,266,52,252,101,211,119,193,171,214,217,287,111,306,157,312,187,227,214,218,291,210,351,265,213,265,292,284,351
219,265,52,251,100,211,119,192,169,214,217,286,112,305,156,312,181,228,215,217,290,207,352,264,215,265,292,281,352
220,262,50,251,99,211,119,192,170,213,217,284,111,304,156,313,179,226,214,217,294,209,350,264,213,264,292,286,350
221,261,49,250,98,210,120,190,171,213,218,284,110,303,155,312,174,227,212,217,295,211,350,263,212,265,292,286,350
222,259,48,249,97,209,119,190,169,212,216,284,111,303,153,311,170,226,214,216,291,211,347,263,214,265,291,286,347
223,258,48,249,97,209,119,189,169,211,216,281,111,302,155,311,168,225,212,217,289,212,349,263,212,264,291,281,349
224,256,46,248,96,208,120,189,169,210,215,282,111,302,158,309,166,225,214,219,292,213,349,261,213,264,290,287,349
225,255,46,247,95,208,119,190,169,209,215,281,112,303,161,306,163,225,212,216,289,211,349,262,212,263,290,283,349
226,254,45,247,95,207,120,190,169,210,215,281,110,301,159,304,158,224,214,216,289,208,349,262,213,263,291,282,349
227,252,44,247,94,206,119,189,168,209,215,282,110,300,153,300,152,223,216,216,292,209,346,263,216,263,291,289,346
228,250,43,246,94,205,120,189,168,209,214,282,110,305,150,285,143,224,214,218,283,213,346,263,214,262,283,280,346
229,249,43,245,92,204,121,189,168,207,213,281,109,300,162,307,145,223,214,217,291,210,343,262,214,263,289,289,343
230,248,43,244,92,205,120,190,166,207,213,280,108,297,159,303,134,224,211,216,289,211,349,261,211,261,289,282,349
231,246,41,245,91,204,121,189,167,206,212,283,108,304,156,299,127,223,214,216,287,211,349,259,214,263,286,281,349
232,244,41,243,91,203,121,189,167,205,211,281,101,309,152,290,104,223,214,216,285,212,349,261,214,261,286,277,349
233,245,41,242,91,204,119,188,167,205,211,275,107,311,149,294,106,222,218,215,289,210,349,260,217,262,290,283,349
234,242,41,242,91,203,120,188,167,205,212,276,104,313,144,290,98,222,213,217,285,211,351,261,212,261,283,284,339
235,242,41,242,91,203,120,188,166,205,211,279,107,314,140,290,93,222,214,216,286,208,351,260,214,261,283,284,339
236,241,40,241,90,202,121,189,167,206,211,277,105,314,134,285,85,222,212,216,283,214,357,259,212,260,283,258,357
237,241,41,241,90,202,121,189,166,204,210,276,106,314,131,282,80,221,214,215,289,209,357,259,214,261,288,268,357
238,241,41,241,90,202,120,189,166,204,211,278,107,313,127,279,76,221,215,212,288,209,358,259,215,258,286,261,358
239,239,41,241,90,202,120,189,166,204,211,279,108,313,125,279,76,221,214,212,290,208,359,260,214,260,288,265,359
240,240,41,240,90,202,121,189,165,204,211,278,107,312,123,275,69,220,213,210,289,205,358,259,213,259,286,262,358
241,239,41,240,90,202,120,190,166,204,211,276,106,312,120,273,69,221,215,212,289,207,359,258,215,259,286,263,359
242,239,41,240,90,202,120,190,166,204,210,275,106,312,119,273,68,221,214,212,286,206,359,258,213,259,286,259,359
243,239,43,240,92,202,120,190,165,204,210,277,107,312,118,272,67,221,213,211,283,203,350,258,213,259,284,257,360
244,238,42,240,92,202,121,190,166,203,210,275,106,312,116,272,67,221,213,211,287,207,358,259,214,259,285,263,358
245,237,43,239,93,203,120,189,164,204,210,277,106,311,115,271,67,220,214,209,289,204,358,259,214,258,287,264,358
246,237,44,239,92,201,120,189,164,203,209,277,106,311,114,271,65,221,213,211,283,204,348,259,215,257,285,257,354
247,237,43,239,93,202,121,190,165,203,210,275,106,312,115,272,67,221,212,214,282,213,358,258,213,259,281,260,358
248,236,44,239,94,203,121,189,166,204,210,276,105,312,114,270,65,220,212,213,283,210,351,258,212,257,285,254,360
249,237,45,239,95,202,120,190,164,204,210,276,107,311,116,272,67,221,211,209,288,205,359,259,212,259,287,264,359
250,238,44,239,94,203,120,189,164,204,209,275,106,312,115,271,67,221,213,212,283,206,349,258,215,256,286,254,354
251,236,44,239,94,203,120,189,166,205,211,276,106,312,117,270,66,220,212,211,285,206,359,259,212,256,285,252,359
252,237,43,239,93,203,119,189,165,204,210,276,105,313,118,272,67,220,212,210,288,205,359,258,213,256,286,258,359
253,236,42,239,91,202,120,190,165,203,209,278,105,313,120,272,67,221,216,210,289,202,355,259,216,258,289,257,362
254,237,42,240,91,203,120,190,165,203,209,278,106,315,122,275,68,221,213,213,285,208,350,259,215,259,286,257,364
255,237,41,240,90,202,120,191,164,203,210,279,107,314,122,276,69,220,213,210,290,207,359,259,214,258,287,262,359
256,238,42,240,90,203,120,189,165,202,209,279,109,316,125,279,73,221,213,212,285,204,360,258,214,257,286,255,360
257,239,42,240,91,202,121,190,165,202,210,279,110,316,126,280,74,220,214,210,290,204,359,259,216,258,288,259,359
258,236,41,240,90,202,121,190,165,201,209,278,107,315,128,283,77,220,212,210,289,206,357,259,215,259,289,270,357
259,237,43,240,92,201,121,191,164,200,209,279,111,318,130,285,79,219,213,209,286,202,359,259,214,258,286,261,359
260,237,41,240,90,201,122,191,166,199,208,278,108,318,132,286,81,221,215,212,286,206,356,259,216,260,287,282,344
261,236,41,240,90,202,121,190,164,197,207,280,107,318,134,290,86,219,212,210,283,204,351,258,213,258,283,280,338
262,237,42,240,91,202,122,191,165,196,206,279,106,319,136,293,91,220,214,209,285,203,350,258,214,258,287,273,350
263,236,42,241,91,201,121,192,165,194,207,282,107,320,139,295,95,219,212,211,283,206,350,259,213,258,286,273,350
264,236,43,240,92,201,121,191,163,192,206,281,108,320,140,297,98,219,217,210,284,205,349,257,217,256,288,276,349
265,236,44,240,95,201,121,192,163,189,205,279,108,317,144,300,104,218,216,211,285,205,349,258,218,258,286,274,349
266,236,46,240,96,200,121,192,166,187,206,280,109,315,149,302,109,218,216,209,287,205,347,257,217,257,290,276,347
267,237,46,239,97,200,122,191,166,185,206,278,108,313,150,304,114,217,216,208,288,204,350,257,217,257,289,277,350
268,236,45,238,97,200,121,190,167,184,207,276,109,311,152,307,120,217,215,209,287,204,348,256,216,258,289,278,348
269,234,47,237,98,200,122,191,166,182,208,276,109,307,154,310,126,216,213,208,283,203,344,256,213,257,285,275,344
270,233,49,237,100,199,123,189,168,180,209,277,109,308,156,312,132,215,214,209,283,204,344,255,215,257,287,273,344
271,231,50,236,101,199,123,189,168,179,210,275,108,302,158,313,140,215,215,208,284,204,345,256,215,256,285,272,345
272,229,51,236,101,199,123,189,169,177,210,275,107,293,150,314,145,215,213,207,288,207,350,255,214,256,288,273,350
273,227,51,235,102,199,124,189,170,175,211,275,107,292,151,317,147,214,218,208,293,207,348,255,218,257,291,279,348
274,227,52,235,102,198,123,188,171,172,214,274,107,289,148,321,154,215,218,209,288,205,349,255,218,259,289,277,349
275,225,52,234,102,197,123,188,170,172,214,274,108,289,152,324,159,215,215,207,286,202,347,254,215,256,288,273,347
276,224,53,234,103,198,123,187,172,169,216,273,107,289,153,327,165,215,212,208,282,205,343,253,212,256,287,274,343
277,222,53,233,103,197,124,186,173,167,219,272,107,289,153,326,170,214,213,208,284,202,345,255,214,256,290,277,345
278,221,52,232,103,198,124,186,173,166,221,272,107,288,156,325,176,214,216,208,286,204,347,254,216,255,290,273,347
279,219,54,232,104,197,125,185,176,162,224,272,107,288,157,323,183,214,217,208,286,204,348,253,217,255,290,273,348
280,218,54,231,104,196,126,185,177,161,225,271,107,288,157,321,186,214,217,207,287,204,349,253,215,257,289,277,349
281,218,54,230,104,196,126,183,179,156,228,270,107,286,157,318,189,214,217,205,292,200,350,253,214,254,292,278,350
282,217,56,228,105,193,128,181,179,154,229,268,106,285,157,315,193,214,218,207,287,204,349,252,217,255,289,278,349
283,215,58,227,106,192,128,179,178,151,230,267,106,283,157,312,194,215,217,208,286,204,349,252,216,255,290,276,349
284,214,57,227,107,192,128,177,178,148,230,266,106,282,156,308,194,215,218,206,284,206,349,253,216,255,288,271,349
285,212,58,225,108,191,128,173,179,148,227,264,106,281,157,306,195,215,219,207,284,206,352,252,215,254,285,280,340
286,211,60,224,109,188,130,170,181,144,234,262,105,279,157,301,193,216,219,209,288,203,356,254,217,254,290,262,356
287,209,63,222,111,187,132,169,181,147,222,260,105,277,155,300,193,217,215,208,287,202,353,254,214,254,288,129,260
288,208,63,220,112,184,132,167,182,143,230,257,105,276,154,297,193,217,219,209,287,204,357,255,217,257,289,266,357
289,206,65,218,114,182,135,166,185,138,244,254,105,275,156,297,192,218,220,210,291,207,358,255,218,256,289,258,358
290,204,67,218,116,181,135,164,186,138,243,253,104,274,154,294,190,218,219,211,289,205,354,256,216,253,289,222,354
291,201,69,216,117,179,136,164,188,137,245,251,105,272,153,292,189,219,220,210,286,205,350,254,218,257,287,255,353
292,199,70,215,118,180,136,163,188,135,246,249,105,271,152,292,189,217,221,209,290,202,360,254,217,256,291,256,360
293,199,70,214,118,178,139,162,189,134,247,248,105,270,150,291,188,216,221,210,291,206,359,255,219,257,291,258,359
294,198,74,214,120,177,138,160,190,134,247,248,105,270,152,291,188,217,219,209,291,203,360,255,215,256,291,257,360
295,198,73,212,121,177,138,160,188,134,245,247,105,268,148,290,187,217,220,210,291,207,358,254,218,256,292,254,358
296,198,75,213,122,177,138,159,190,133,246,246,105,269,150,289,188,217,222,209,290,203,360,254,219,257,291,255,360
297,198,74,212,121,176,138,159,191,134,246,247,106,267,151,289,188,216,217,210,290,205,355,255,211,255,290,267,355
298,197,74,211,121,174,142,158,192,134,246,246,105,268,151,289,188,216,222,209,290,204,358,254,219,256,291,255,358
299,197,74,211,121,174,140,158,190,134,245,246,106,268,151,288,188,217,221,208,290,202,359,253,219,257,292,257,359
300,197,73,211,121,175,140,159,190,134,246,246,106,268,151,288,189,216,217,208,287,203,357,254,212,256,290,252,357
301,197,73,212,120,176,138,160,190,135,247,247,106,267,152,288,191,216,219,209,291,206,356,254,217,256,292,262,356
302,197,71,212,119,177,138,161,190,138,244,247,106,268,151,288,191,216,218,207,290,202,351,253,216,253,292,251,351
303,197,71,212,119,177,138,162,189,140,244,247,106,268,152,288,191,215,216,208,286,204,348,254,211,254,288,253,349
304,198,69,213,117,176,139,162,189,141,241,249,107,270,154,288,194,216,220,208,287,204,350,253,217,255,291,253,352
305,200,69,213,117,177,138,164,186,143,239,250,107,269,153,288,194,216,219,208,288,204,350,253,216,254,290,254,350
306,202,67,214,116,178,138,165,186,146,235,251,107,270,154,288,196,215,221,209,291,210,349,253,219,254,292,254,350
307,203,65,214,115,179,136,165,183,148,231,251,107,270,154,288,197,215,220,210,290,204,358,253,218,254,291,251,358
308,204,63,216,113,180,134,166,180,154,224,253,107,272,156,287,198,215,221,209,289,204,352,252,220,254,291,250,359
309,207,63,217,113,181,133,168,178,156,218,255,107,273,156,288,201,215,220,211,289,210,346,250,219,253,289,252,348
310,208,61,217,111,181,133,168,176,159,210,256,107,273,157,287,202,215,223,209,288,208,345,250,222,254,289,254,344
311,211,59,220,108,184,130,168,173,163,201,259,108,275,160,287,204,214,221,211,290,208,358,251,219,253,289,253,358
312,212,57,221,107,186,128,169,171,165,199,259,107,276,160,287,205,214,219,209,287,207,346,250,217,253,286,253,347
313,215,56,222,106,188,126,169,169,169,192,260,108,277,162,286,207,215,221,208,287,207,348,250,220,252,289,251,350
314,217,55,225,104,189,126,169,166,172,183,264,110,278,161,287,209,214,220,207,286,203,346,250,219,254,286,259,345
315,219,52,226,102,191,124,165,164,173,180,266,110,278,163,286,210,213,217,207,284,202,350,250,217,253,286,256,358
316,221,52,228,101,193,122,162,163,180,169,267,110,279,164,286,211,212,217,206,285,201,350,250,217,253,287,274,350
317,222,50,229,100,194,120,160,162,174,162,269,111,279,166,286,214,212,216,208,287,203,347,251,216,253,287,274,347
318,224,50,232,100,199,116,163,162,178,155,270,112,281,164,285,214,212,215,207,282,203,343,251,216,252,282,259,340
319,226,48,233,98,198,116,164,159,185,141,272,113,281,168,286,215,212,218,208,279,205,337,250,218,252,282,256,338
320,228,48,234,98,201,116,165,156,188,133,272,112,282,168,285,216,212,218,206,283,203,342,250,218,252,285,255,342
321,229,47,235,97,200,116,165,154,189,127,274,114,283,169,285,216,212,218,206,281,203,339,250,218,252,282,258,338
322,230,47,236,96,203,111,166,151,190,124,275,114,283,171,285,217,212,214,207,283,201,349,250,216,253,285,272,349
323,231,47,239,96,209,108,165,148,195,117,275,114,282,169,285,218,211,218,205,282,202,342,250,219,253,287,273,342
324,233,44,238,93,205,107,166,144,199,110,276,114,283,169,285,218,212,212,206,282,203,343,251,213,253,286,273,343
325,235,43,240,91,205,105,167,141,202,105,276,114,282,170,285,218,212,213,208,281,205,350,251,214,253,284,270,350
326,236,42,240,90,202,104,167,137,206,98,276,114,282,170,284,218,211,216,208,284,201,346,252,217,253,288,270,346
327,238,42,240,90,202,103,168,135,205,97,277,115,283,171,284,218,212,213,207,284,202,344,252,214,253,286,274,344
328,239,41,239,91,201,105,168,133,206,92,277,115,284,172,285,218,212,214,206,283,201,343,253,215,253,290,276,343
329,239,42,241,91,204,105,169,129,207,88,278,116,283,171,284,219,212,211,207,277,203,335,253,213,252,280,253,352
330,238,43,242,91,209,105,169,127,210,85,278,115,284,171,284,219,212,211,208,282,203,350,253,212,253,284,266,350
331,238,43,242,91,207,106,169,125,211,83,278,114,284,170,285,219,212,213,208,284,201,349,252,215,252,289,265,349
332,239,43,243,92,207,106,170,123,211,83,278,114,284,171,285,220,212,213,207,281,196,347,253,214,253,288,234,357
333,239,42,243,91,209,105,170,121,212,79,279,114,284,171,285,220,212,213,207,278,205,332,252,215,254,285,271,349
334,239,49,243,96,209,107,169,119,211,79,279,114,285,172,285,219,212,215,207,280,199,353,253,217,254,289,216,353
335,240,45,242,92,207,109,169,118,207,81,279,114,284,171,286,218,212,215,207,282,202,349,253,217,254,288,273,349
336,240,43,243,92,209,108,170,115,210,78,279,114,284,172,285,219,212,215,206,282,200,349,253,217,254,289,271,349
337,240,47,242,93,207,107,170,114,210,76,279,114,284,170,286,218,212,216,207,285,201,348,252,218,254,290,273,348
338,240,46,243,94,210,106,169,113,210,75,280,114,284,170,287,217,212,216,208,282,205,348,253,217,255,287,278,348
339,242,45,243,92,207,105,169,111,200,85,279,114,284,171,286,220,212,214,206,285,200,350,254,216,253,291,275,350
340,241,45,242,92,208,104,169,109,202,81,280,115,285,173,287,218,212,215,207,283,205,350,255,215,255,288,277,350
341,241,46,242,93,206,105,168,108,201,80,279,114,285,172,287,219,213,212,206,283,201,350,254,213,254,288,275,350
342,241,44,242,92,205,107,168,108,197,83,279,114,285,172,287,219,212,214,206,281,196,349,253,216,254,288,257,358
343,242,46,242,94,207,105,169,107,199,82,280,114,285,173,287,219,211,216,207,283,199,356,253,217,255,289,281,345
344,242,47,242,95,208,104,168,105,200,78,280,114,285,173,286,219,212,215,207,283,204,345,254,217,256,289,280,345
345,242,48,243,96,206,105,167,105,202,77,279,114,285,171,287,220,213,218,207,287,202,348,253,219,254,291,278,348
346,242,44,243,93,206,105,167,105,202,76,279,114,285,171,286,220,212,214,206,283,201,350,253,216,253,288,273,350
347,240,44,243,93,206,105,168,104,201,76,279,114,284,170,286,220,211,215,206,284,201,349,253,217,254,288,272,349
348,242,44,242,93,206,105,168,104,197,78,280,114,284,171,286,218,212,214,206,282,199,349,253,215,253,289,271,349
349,241,45,242,93,207,105,168,103,203,73,280,114,284,171,286,219,212,215,207,282,203,344,253,215,253,288,277,344
350,242,44,242,93,206,106,169,103,200,78,280,114,284,170,285,219,211,212,206,281,198,351,253,213,254,286,272,351
351,242,44,242,93,207,105,169,103,198,78,280,114,284,172,285,220,211,212,206,275,199,334,252,213,252,280,252,334
352,240,43,242,92,207,105,167,102,199,78,279,114,285,172,286,220,211,213,206,284,203,350,253,214,255,289,275,350
353,240,43,242,93,205,107,168,102,200,75,279,114,283,172,285,219,211,213,206,283,200,349,252,214,253,287,271,349
354,242,43,242,94,207,103,168,102,200,75,279,114,284,171,284,220,211,212,206,281,200,344,253,213,254,287,270,344
355,240,42,242,92,206,105,167,101,201,73,279,114,284,169,285,220,212,212,206,281,201,348,252,214,253,287,272,348
356,241,44,242,93,206,106,166,100,199,76,279,114,284,170,285,220,212,214,205,286,203,343,253,215,255,291,279,343
357,241,43,242,95,204,104,167,101,197,76,279,114,283,170,284,221,211,213,206,283,200,346,251,214,253,286,271,346
358,240,42,242,93,208,104,168,100,202,72,280,114,284,171,285,218,212,211,207,282,204,348,252,212,254,284,276,348
359,241,44,242,94,206,107,166,101,203,71,279,114,284,171,285,220,212,213,206,284,201,353,251,214,255,288,274,353
360,241,43,242,92,206,105,167,99,200,73,279,114,285,170,285,219,212,210,206,281,202,342,252,211,255,287,275,342
361,241,43,242,93,206,105,167,99,203,73,279,114,285,171,285,220,212,211,205,286,201,350,252,212,254,289,277,350
362,240,47,242,97,208,104,167,100,202,73,280,114,284,172,285,219,213,213,206,280,196,349,252,214,254,287,251,359
363,241,49,242,97,207,105,167,99,199,72,279,114,284,172,285,219,211,210,206,282,203,349,253,212,253,285,273,349
364,240,47,242,96,208,104,168,98,201,72,280,113,284,173,285,220,212,215,205,289,200,347,251,216,253,294,280,347
365,239,46,242,96,207,105,166,98,200,70,279,114,285,172,285,220,212,209,207,282,203,344,253,212,254,286,274,344
366,239,53,242,99,206,105,167,98,203,71,279,114,283,170,285,220,211,210,206,284,205,341,252,212,254,287,277,341
367,239,50,243,98,209,104,167,98,202,71,280,113,283,171,285,219,212,208,207,278,203,348,252,210,253,281,279,337
368,239,53,243,97,207,105,166,97,202,71,279,113,284,170,286,220,211,209,206,282,201,348,252,211,255,286,274,348
369,238,54,243,99,207,105,167,98,202,70,279,114,284,172,286,220,211,210,206,282,203,344,252,212,255,285,275,344
370,238,58,243,100,207,104,166,97,201,71,279,114,284,169,285,219,211,213,206,289,203,348,252,215,256,291,280,348
371,238,56,242,99,207,105,167,97,200,69,279,114,285,172,286,219,211,210,207,283,203,349,251,211,254,287,274,349
372,238,57,242,99,208,105,167,97,203,69,279,113,284,171,285,220,211,215,207,288,203,356,252,214,253,289,266,356
373,238,55,243,99,209,104,167,97,199,70,280,114,283,173,285,220,212,213,206,283,205,349,251,213,254,288,276,349
374,238,57,243,99,208,104,167,97,202,70,279,114,283,171,285,220,212,214,207,284,200,348,251,216,253,286,271,348
375,239,57,243,100,207,105,166,97,201,70,279,114,284,170,285,220,212,211,206,287,200,62,252,212,254,287,279,342
376,237,57,243,99,209,104,167,97,201,70,280,114,284,172,285,219,211,209,206,283,205,348,252,211,254,285,275,348
377,237,57,242,100,209,104,168,96,203,68,280,113,283,171,285,220,211,212,205,281,197,347,252,214,254,286,276,347
378,238,55,242,99,208,103,167,97,200,71,280,114,283,172,284,222,211,216,205,286,204,349,251,216,255,289,278,349
379,238,58,243,100,207,104,167,97,201,69,279,114,284,171,285,221,211,211,206,282,203,340,252,213,254,288,275,340
380,239,55,243,99,207,104,166,98,200,68,279,114,284,169,285,221,212,212,205,284,203,342,251,213,254,286,277,342
381,239,53,243,98,207,104,166,97,201,70,279,114,284,171,286,221,211,209,206,283,199,61,252,211,254,285,276,340
382,240,46,242,95,207,105,166,98,203,69,279,114,284,172,286,221,211,212,207,285,201,61,251,214,254,287,276,341
383,239,44,241,94,206,105,166,98,204,68,279,114,284,171,286,221,211,213,205,285,202,349,252,215,254,290,275,349
384,237,46,242,97,205,106,167,98,203,68,279,114,283,171,285,221,211,213,206,282,200,349,252,214,253,286,271,349
385,239,43,242,94,206,105,166,99,200,70,279,114,284,169,285,222,211,213,205,286,203,341,251,214,254,288,279,341
386,239,43,242,95,206,105,167,100,202,69,279,114,283,171,285,222,210,215,207,289,202,63,251,216,253,288,279,340
387,240,45,242,95,207,105,166,102,199,73,279,113,283,169,284,221,211,211,206,279,199,347,252,213,251,283,268,347
388,239,45,242,94,206,106,165,103,197,73,279,114,284,170,285,220,211,210,206,282,202,64,252,212,253,286,274,341
389,240,44,242,94,205,107,165,105,196,74,279,114,283,171,285,221,211,212,206,282,201,66,252,214,252,286,273,342
390,240,45,242,94,206,106,164,107,196,78,279,114,283,172,285,220,210,212,206,287,200,70,252,215,253,290,277,342
391,239,45,242,93,206,106,164,110,192,83,279,114,283,170,284,220,211,212,206,282,199,71,251,215,253,283,271,348
392,241,44,242,93,206,106,164,112,191,87,279,114,283,170,284,221,211,215,207,288,201,348,252,217,253,289,278,348
393,241,43,242,91,203,109,163,116,193,90,279,114,283,172,284,220,211,213,206,284,199,350,252,215,253,286,271,350
394,240,42,241,91,203,108,163,118,192,93,280,115,283,172,285,220,211,214,206,282,199,351,251,215,252,288,270,351
395,241,42,241,91,202,108,163,123,201,79,280,115,283,171,284,220,211,216,207,288,200,73,252,217,255,290,277,350
396,242,42,242,90,205,107,163,127,200,81,280,114,283,172,283,221,211,217,205,287,200,74,252,218,253,291,277,347
397,243,42,242,90,207,106,164,129,198,85,280,115,282,171,284,221,211,219,205,290,201,346,251,221,254,291,279,346
398,243,42,243,90,207,106,164,134,194,90,280,114,283,172,283,219,211,216,206,283,199,348,251,217,255,289,278,348
399,241,44,243,93,206,109,165,138,192,97,279,115,284,171,285,221,211,213,206,286,204,341,253,216,254,290,277,341
400,240,44,242,94,206,109,164,142,190,100,279,114,284,172,284,221,210,213,206,285,203,341,253,217,254,290,277,341
401,240,45,241,95,207,100,163,146,189,108,280,115,282,171,284,220,212,214,207,283,203,342,253,216,253,288,272,342
402,240,47,242,97,205,110,165,152,184,115,280,114,282,172,284,221,211,218,205,289,201,341,252,219,254,291,280,341
403,241,47,241,97,201,112,165,154,194,139,280,115,282,173,284,221,211,218,205,289,201,341,252,219,254,289,278,341
404,240,47,241,97,202,116,168,157,178,130,280,115,282,172,283,220,212,218,206,290,201,341,253,219,254,292,281,341
405,237,47,242,98,205,114,170,160,177,140,279,114,282,172,284,221,212,212,205,283,205,341,253,216,253,286,273,341
406,238,48,240,98,202,117,179,164,174,146,278,114,283,170,284,219,211,216,206,284,200,347,252,218,251,288,271,347
407,238,49,239,99,199,121,189,168,175,154,278,115,282,172,283,219,211,216,205,284,203,343,252,219,252,289,276,343
408,236,49,239,99,203,119,187,165,173,159,277,114,283,171,284,221,212,216,207,284,201,349,252,218,253,289,273,349
409,235,49,239,100,203,120,185,154,173,163,277,115,282,172,284,220,210,212,206,281,202,344,254,215,251,285,269,344
410,233,50,239,100,203,119,186,152,176,162,277,114,281,169,284,219,211,212,206,282,203,342,253,216,251,287,276,342
411,233,51,238,102,202,121,185,154,174,170,276,114,282,169,283,219,211,217,208,288,201,348,251,218,251,288,272,348
412,230,52,236,102,202,121,182,160,172,176,276,113,282,170,283,219,212,217,206,285,206,349,252,218,253,288,274,349
413,230,51,236,102,202,121,183,162,170,183,275,113,281,171,283,220,211,219,207,289,203,348,250,218,251,288,271,348
414,228,51,235,102,200,121,183,163,169,188,274,112,281,169,282,220,211,221,205,288,202,346,250,221,253,288,274,346
415,227,52,234,103,200,122,183,166,167,194,274,113,280,170,282,218,211,220,206,291,204,348,250,220,254,292,278,348
416,226,53,234,103,198,124,182,168,165,199,274,113,279,171,283,218,211,219,206,285,202,349,251,219,253,288,274,349
417,225,53,234,103,198,123,181,170,163,203,274,112,280,171,282,219,210,217,205,286,201,350,251,217,253,288,273,350
418,223,53,232,104,197,124,181,170,163,207,271,112,278,171,282,218,211,220,206,290,202,349,251,219,254,291,279,349
419,223,54,232,104,196,123,181,172,162,211,271,112,278,171,282,218,211,218,205,286,201,351,250,218,252,291,275,351
420,221,54,231,104,196,123,180,173,161,214,270,112,277,171,281,217,211,218,205,287,200,357,250,219,253,291,266,357
421,219,55,230,105,196,123,181,173,158,218,269,110,277,171,281,217,211,214,205,284,200,352,250,214,252,287,271,352
422,218,55,229,105,195,124,180,174,157,219,269,111,277,171,280,217,212,218,205,287,200,349,250,218,252,290,273,349
423,217,56,228,105,194,124,179,175,157,222,267,110,276,170,280,217,211,217,205,283,199,349,250,217,251,288,265,349
424,215,56,228,106,193,125,179,176,157,225,267,110,277,171,279,216,212,219,206,289,204,356,248,218,252,290,252,356
425,215,58,227,106,192,125,179,177,154,228,266,110,275,168,278,215,212,218,205,288,199,356,249,218,250,290,250,356
426,213,57,226,106,192,125,179,178,153,230,265,109,275,169,278,214,212,218,205,284,198,349,249,218,250,288,266,349
427,212,57,225,107,191,126,178,180,153,232,264,109,274,167,276,213,211,218,203,285,200,349,250,218,250,286,251,344
428,211,60,225,109,191,125,178,179,152,234,263,109,273,169,276,213,211,217,204,284,200,352,249,217,251,287,262,352
429,210,59,224,108,190,125,177,178,152,234,262,108,272,166,276,214,211,218,206,288,202,348,250,217,252,287,269,348
430,209,60,223,109,189,126,177,179,151,236,261,108,272,168,276,213,211,215,205,283,204,357,249,215,249,285,248,357
431,208,61,223,110,188,127,176,181,149,238,261,108,271,167,275,212,210,217,204,288,201,359,248,217,250,287,249,352
432,208,61,222,110,188,127,176,181,152,236,260,107,271,165,275,211,211,219,205,285,200,357,249,218,251,288,248,357
433,206,61,221,109,188,127,176,181,151,238,259,107,270,164,274,211,210,219,205,289,200,350,249,217,250,289,266,350
434,205,62,221,110,187,128,175,182,150,239,259,108,269,164,274,210,210,219,204,287,199,359,248,218,251,289,248,359
435,205,62,220,111,186,129,175,181,149,241,258,107,269,164,273,210,211,219,204,290,202,358,247,218,252,290,253,358
436,204,62,220,112,186,129,175,182,148,243,257,108,270,165,274,210,211,219,204,290,198,352,248,218,250,290,248,353
437,203,63,220,111,186,128,174,182,147,245,256,107,269,164,273,209,210,217,203,286,200,359,248,216,249,287,247,349
438,202,63,218,112,184,130,174,181,149,244,255,107,269,165,273,209,211,220,203,289,199,358,248,218,249,290,247,358
439,202,64,218,113,184,130,174,184,148,245,255,107,268,164,273,210,211,219,203,289,203,358,247,217,252,287,250,358
440,202,65,218,113,185,129,174,182,149,243,254,107,268,162,273,210,210,219,205,289,205,360,248,217,251,289,251,360
441,200,65,219,113,184,129,174,183,148,246,254,108,268,165,273,209,210,218,205,288,200,353,247,216,251,289,258,353
442,200,66,218,114,183,130,173,183,150,244,255,107,267,163,272,209,210,218,204,290,197,356,248,217,249,291,254,356
443,199,65,217,113,183,130,173,185,148,245,253,107,267,163,273,210,211,219,205,289,202,358,247,218,250,289,246,358
444,199,66,217,114,183,130,173,185,148,245,253,107,267,162,272,208,209,216,204,288,200,356,248,215,249,290,246,356
445,200,65,217,114,182,131,172,185,147,245,253,107,268,164,272,209,209,220,204,290,203,358,246,218,251,290,250,358
446,200,66,217,114,182,130,172,184,149,244,253,107,267,164,272,209,210,221,204,289,201,355,246,219,248,290,246,349
447,200,66,217,114,183,129,172,183,146,246,253,107,267,164,272,209,208,220,204,292,202,353,246,218,250,290,254,353
448,200,65,216,113,183,129,172,183,146,245,252,107,267,165,271,210,208,219,204,287,202,359,246,217,251,288,250,359
449,201,63,216,113,182,131,172,184,151,240,253,107,267,164,271,210,208,217,203,291,201,357,246,216,248,290,247,357
450,200,63,216,111,183,129,172,183,147,244,252,107,266,165,271,210,208,216,203,286,199,350,246,215,248,289,246,350
451,202,62,216,111,182,129,171,184,150,240,252,107,266,164,271,210,208,219,202,288,196,353,245,218,247,290,246,351
452,202,61,216,111,181,130,172,184,153,235,254,107,266,164,271,210,208,219,203,289,200,350,245,218,250,288,248,351
453,204,61,216,110,182,129,172,182,150,240,254,109,267,166,271,212,208,222,203,289,201,362,245,220,248,289,248,352
454,204,60,216,109,182,129,173,182,149,240,255,107,267,165,270,212,207,219,201,294,197,356,245,218,249,291,255,356
455,205,56,215,107,182,128,172,183,149,238,254,108,266,166,270,212,207,221,202,292,198,350,244,220,249,289,268,350
456,206,57,216,107,181,128,172,182,151,236,255,109,266,167,271,213,207,221,202,287,201,360,243,220,248,287,248,344
457,209,55,216,106,181,129,172,182,153,234,255,108,267,166,270,213,206,218,202,289,199,357,244,217,246,289,245,357
458,210,54,216,104,181,128,170,180,154,232,256,109,268,168,270,214,206,221,202,291,197,350,244,219,248,289,266,350
459,211,52,217,101,181,127,171,179,157,229,257,110,267,167,270,214,206,220,202,289,200,357,243,220,246,289,245,357
460,212,52,217,102,181,126,171,179,159,226,257,109,267,169,270,215,204,222,202,293,198,350,243,221,248,290,271,350
461,214,50,218,100,180,127,170,177,162,225,258,111,267,169,271,215,204,222,200,290,195,347,243,219,246,289,271,347
462,214,48,218,99,181,125,170,174,162,225,258,110,267,170,271,217,204,218,200,284,195,343,243,218,246,287,264,343
463,216,48,218,99,181,125,171,174,165,224,258,110,267,171,272,217,204,220,200,287,196,343,242,220,246,289,271,343
464,217,48,220,98,182,124,172,172,167,223,259,112,268,170,271,217,203,218,199,287,194,348,242,218,248,289,266,348
465,218,47,219,97,182,125,173,172,168,222,259,112,268,171,272,219,201,219,200,289,196,343,243,219,247,291,273,343
466,218,48,220,98,182,124,172,171,171,220,260,112,268,172,271,218,200,215,199,284,196,343,243,216,247,288,272,343
467,219,47,221,97,182,123,174,170,172,219,261,113,269,171,272,220,200,217,199,288,196,341,242,217,247,289,272,341
468,219,45,221,96,183,123,175,171,172,220,261,113,269,172,273,220,200,217,200,284,197,342,242,218,246,286,271,342
469,220,45,221,95,183,124,174,172,173,222,261,113,268,172,273,221,202,218,200,286,196,346,242,218,247,287,269,346
470,220,45,221,95,183,123,175,172,174,224,262,114,269,172,273,221,200,215,201,286,198,344,243,215,246,286,269,344
471,220,45,222,95,183,124,175,176,176,226,262,114,271,173,274,223,201,219,201,290,197,349,242,219,247,290,269,349
472,221,46,222,96,183,123,176,173,176,227,262,114,271,173,274,223,200,214,201,289,197,350,243,218,247,290,264,350
473,221,45,223,95,184,123,176,175,177,228,263,114,271,173,274,224,202,221,201,289,197,357,241,221,248,289,255,357
474,221,44,222,94,184,122,175,174,177,228,263,114,271,172,275,224,201,220,201,289,198,349,243,220,248,291,273,349
475,221,44,222,94,184,123,176,174,176,229,263,114,271,171,275,223,200,221,201,290,196,357,242,221,247,291,252,357
476,222,44,223,94,184,123,176,175,177,229,263,114,272,170,274,224,201,217,202,287,197,350,242,217,247,288,261,350
477,222,44,224,95,184,123,178,177,178,230,264,114,272,174,274,225,202,223,202,287,198,349,243,221,247,290,251,349
478,223,45,224,94,185,123,178,176,177,230,264,113,272,173,274,224,201,219,202,287,198,347,244,218,247,289,269,347
479,223,43,223,94,185,123,178,176,176,230,264,114,271,173,275,224,201,221,202,289,200,348,244,220,250,290,273,348
480,223,44,224,94,186,123,178,177,177,230,264,114,271,171,275,224,201,224,201,289,198,349,244,221,248,291,273,349
481,223,44,224,94,185,124,179,177,177,231,264,114,271,174,275,225,202,221,201,287,198,347,244,220,247,291,273,347
482,223,44,224,93,185,124,180,178,177,232,265,116,272,175,275,226,201,218,202,285,198,343,245,219,247,289,270,343
483,223,44,224,93,186,124,179,176,177,230,265,115,272,173,274,226,201,219,202,286,197,351,245,219,247,290,259,351
484,223,44,225,94,186,124,179,180,178,233,265,114,272,174,274,227,202,225,203,288,200,349,243,224,248,290,271,349
485,223,44,224,94,185,123,179,177,178,233,265,115,272,173,274,226,201,220,203,289,198,350,244,219,247,288,260,350
486,223,44,224,93,186,124,179,180,178,232,264,116,272,175,275,227,202,222,202,289,201,360,245,221,247,292,249,360
487,223,44,225,94,186,124,180,179,179,232,265,115,273,176,275,227,203,224,203,289,199,349,245,222,248,290,271,349
488,223,44,225,94,186,124,180,179,179,233,265,115,273,176,275,226,201,216,203,284,198,356,244,218,246,286,253,356
489,223,44,225,94,186,124,180,178,179,232,265,115,273,176,275,226,202,218,203,283,204,348,244,218,248,286,250,348
490,223,43,224,93,186,124,179,175,179,230,265,115,273,174,275,225,202,222,202,289,200,358,243,220,248,290,255,358
491,223,44,225,94,186,125,179,178,179,232,265,115,273,176,274,226,201,214,202,281,203,355,244,216,247,282,250,355
492,223,44,225,94,186,125,179,180,179,232,265,115,273,175,275,225,202,218,202,284,204,363,243,218,247,287,250,354
493,223,44,225,94,186,125,180,181,179,231,266,116,273,175,275,227,203,222,202,289,199,361,243,221,249,290,254,361
494,223,45,224,94,186,125,178,178,179,232,265,116,273,173,275,226,203,220,202,286,196,354,243,219,247,287,213,354
495,223,44,225,94,186,124,180,177,179,230,266,116,274,174,275,226,203,222,203,291,200,349,244,221,249,291,274,349
496,223,44,225,93,186,124,180,179,179,230,265,115,274,174,276,226,204,227,203,289,206,358,243,225,248,290,251,358
497,223,44,224,94,186,124,179,178,179,232,265,116,273,174,275,227,202,216,202,285,197,352,243,217,248,285,215,352
498,223,44,225,93,186,124,180,179,179,232,266,116,274,174,276,227,203,224,203,290,199,350,244,223,248,290,271,350
499,223,44,225,93,186,124,180,180,179,232,266,116,274,177,276,227,202,222,202,287,200,359,244,221,249,289,252,359
500,223,44,225,95,186,125,179,178,178,233,266,116,273,176,276,228,203,219,202,285,199,347,244,219,247,288,268,347
501,224,44,226,93,187,124,180,178,179,233,266,116,274,176,276,226,201,219,203,288,199,349,244,219,249,288,269,349
502,224,45,225,94,187,124,179,177,179,231,266,117,273,175,277,227,201,220,201,287,199,345,244,220,248,291,278,345
503,224,44,226,93,186,124,181,179,179,231,266,116,274,174,277,226,203,222,203,288,199,351,244,221,248,290,272,351
504,224,44,226,94,186,125,180,176,179,231,266,117,274,175,277,228,202,222,202,288,200,346,244,221,250,290,275,346
505,224,44,226,94,186,124,180,177,179,230,266,115,274,174,277,226,202,221,202,287,198,349,244,220,248,289,271,349
506,224,45,226,95,187,124,180,178,179,232,266,116,274,175,276,228,202,221,202,288,199,347,244,222,249,290,274,347
507,224,44,226,94,186,124,181,177,179,230,266,116,274,175,277,226,202,221,203,287,199,349,244,221,248,290,271,349
508,224,44,226,93,187,124,181,179,179,232,266,116,275,176,277,227,203,223,203,289,200,350,244,222,249,289,272,350
509,225,44,226,94,187,124,181,178,179,230,266,116,275,176,277,227,202,220,201,284,195,351,244,220,248,289,266,351
510,225,45,226,95,186,125,181,179,179,232,266,116,274,175,277,226,203,217,202,283,198,347,244,218,247,286,267,347
511,224,45,226,94,187,125,181,178,179,232,267,116,275,174,276,227,203,219,202,285,198,345,244,220,248,288,266,345
512,225,44,226,94,187,124,181,179,179,231,266,116,275,174,277,226,203,221,202,286,199,351,244,221,248,289,265,351
513,224,44,226,94,187,124,180,176,179,231,266,115,274,175,276,226,203,221,203,289,200,349,245,220,249,289,273,349
514,224,44,226,95,187,124,180,177,179,232,266,115,274,176,277,226,203,218,202,284,199,348,245,218,250,284,268,348
515,224,44,226,94,187,125,180,177,179,233,266,115,274,175,277,226,203,218,203,286,200,349,245,219,249,285,269,349
516,224,45,226,95,187,125,181,178,179,232,267,116,275,174,277,225,204,223,202,285,195,355,244,223,248,289,258,355
517,224,44,226,93,187,124,180,177,180,231,266,115,274,173,277,225,204,222,203,287,199,350,244,221,248,288,270,350
518,224,44,226,94,187,124,180,177,179,231,266,115,274,174,277,226,202,218,202,285,198,349,245,218,249,285,269,349
519,225,45,226,94,187,125,180,179,179,232,266,116,274,175,277,226,203,215,202,283,194,352,245,217,249,285,262,352
520,224,44,226,94,187,124,180,178,179,231,266,115,274,173,278,226,201,214,202,285,199,350,245,216,248,286,264,350
521,224,44,226,94,187,124,180,179,179,232,266,115,274,173,276,226,203,220,202,285,200,358,244,220,248,289,253,358
522,224,44,226,93,187,124,181,178,179,231,267,116,275,174,277,226,204,220,202,286,195,351,244,220,248,289,266,351
523,224,44,226,94,187,124,180,176,179,230,267,115,274,175,277,226,202,217,202,285,202,357,244,218,249,286,260,357
524,225,45,226,94,187,124,179,176,179,230,267,116,274,175,277,226,204,218,202,285,197,352,244,219,249,284,273,341
525,224,45,226,94,187,124,180,177,179,231,267,116,274,176,277,226,202,215,201,282,194,353,245,216,249,285,212,353
526,224,44,226,94,187,124,180,176,179,231,266,115,274,174,277,226,201,214,202,281,196,357,245,216,249,283,257,357
527,224,45,226,95,187,124,180,178,179,231,267,115,274,174,277,226,203,218,203,284,198,356,244,218,250,284,260,356
528,224,44,226,95,187,124,181,176,179,231,266,115,274,174,276,227,202,219,203,287,199,348,244,219,249,287,271,348
529,224,44,226,94,187,124,180,178,179,230,266,115,274,174,277,227,202,216,202,285,199,349,244,217,249,285,268,349
530,224,45,226,95,187,124,180,176,179,231,266,115,274,174,276,226,202,218,202,282,204,356,245,218,249,282,257,356
531,224,45,226,95,187,124,180,177,179,231,266,115,274,174,277,225,201,218,202,285,194,356,244,217,249,287,260,356
532,224,44,226,94,187,124,181,178,179,232,267,115,275,174,277,226,203,220,203,288,198,357,245,219,250,288,263,357
533,224,44,226,94,187,123,180,176,180,230,267,115,274,174,276,226,202,218,202,286,199,349,244,218,249,288,272,349
534,225,44,226,93,187,124,180,177,180,231,266,115,274,172,276,226,201,216,202,285,198,350,245,217,249,285,263,350
535,224,44,226,93,187,124,180,177,179,230,267,116,274,174,276,226,204,222,202,285,200,352,244,222,250,286,267,352
536,224,45,226,94,187,124,181,178,179,232,267,116,274,175,276,225,202,215,202,285,199,355,244,217,248,286,259,355
537,224,44,226,94,188,124,180,177,179,231,266,115,274,173,276,224,202,219,202,287,201,357,244,219,249,288,261,357
538,225,44,226,93,187,124,181,177,180,231,266,115,274,174,276,226,202,218,203,284,199,350,244,219,249,285,269,350
539,224,44,226,93,187,124,181,180,180,230,267,116,275,174,277,226,203,219,202,284,197,351,244,219,249,287,265,351
540,224,45,226,94,188,125,181,178,179,232,267,116,274,175,276,227,202,216,203,283,198,355,244,217,248,288,255,355
541,225,45,226,94,188,124,180,177,180,231,267,116,274,174,276,225,205,221,202,285,196,353,244,220,249,287,214,353
