1,1,391,318,447,405,0.0000,0.0000,0.0000,0.0000,0.0000,0.0000,
2,1,391,318,447,405,0.0000,0.0000,0.0000,0.0000,0.0000,0.0000,
3,1,391,318,447,405,0.0000,0.0000,0.0000,0.0000,0.0000,0.0000,
4,1,391,318,447,405,0.0000,0.0000,0.0000,0.0000,0.0000,0.0000,
5,1,391,318,447,405,0.0000,0.0000,0.0000,0.0000,0.0000,0.0000,
6,1,391,318,447,405,0.0000,0.0000,0.0000,0.0000,0.0000,0.0000,
7,1,391,318,447,405,0.0000,0.0000,0.0000,0.0000,0.0000,0.0000,
8,1,391,318,447,405,0.0000,0.0000,0.0000,0.0000,0.0000,0.0000,
9,1,391,318,447,405,0.0000,0.0000,0.0000,0.0000,0.0000,0.0000,
10,1,391,318,447,405,0.0000,0.0000,0.0000,0.0000,0.0000,0.0000,
11,1,391,318,447,405,0.0000,0.0000,0.0000,0.0000,0.0000,0.0000,
12,1,391,318,447,405,0.0000,0.0000,0.0000,0.0000,0.0000,0.0000,
13,1,391,318,447,405,0.0000,0.0000,0.0000,0.0000,0.0000,0.0000,
14,1,391,318,447,405,0.0000,0.0000,0.0000,0.0000,0.0000,0.0000,
15,1,391,318,447,405,0.0000,0.0000,0.0000,0.0000,0.0000,0.0000,
16,1,391,318,447,405,0.0000,0.0000,0.0000,0.0000,0.0000,0.0000,
17,1,391,318,447,405,0.0000,0.0000,0.0000,0.0000,0.0000,0.0000,
18,1,391,318,447,405,0.0000,0.0000,0.0000,0.0000,0.0000,0.0000,
19,1,391,318,447,405,0.0000,0.0000,0.0000,0.0000,0.0000,0.0000,
20,1,391,318,447,405,0.0000,0.0000,0.0000,0.0000,0.0000,0.0000,
21,1,391,318,447,405,0.0000,0.0000,0.0000,0.0000,0.0000,0.0000,
22,1,391,318,447,405,0.0000,0.0000,0.0000,0.0000,0.0000,0.0000,
23,1,391,318,447,405,0.0000,0.0000,0.0000,0.0000,0.0000,0.0000,
24,1,391,318,447,405,0.0000,0.0000,0.0000,0.0000,0.0000,0.0000,
25,1,391,318,447,405,0.0000,0.0000,0.0000,0.0000,0.0000,0.0000,
26,1,391,318,447,405,0.0000,0.0000,0.0000,0.0000,0.0000,0.0000,
27,1,391,318,447,405,0.0000,0.0000,0.0000,0.0000,0.0000,0.0000,
28,1,391,318,447,405,0.0000,0.0000,0.0000,0.0000,0.0000,0.0000,
29,1,391,318,447,405,0.0000,0.0000,0.0000,0.0000,0.0000,0.0000,
30,1,391,318,447,405,0.0000,0.0000,0.0000,0.0000,0.0000,0.0000,
31,1,391,318,447,405,0.0000,0.0000,0.0000,0.0000,0.0000,0.0000,
32,1,391,318,447,405,0.0000,0.0000,0.0000,0.0000,0.0000,0.0000,
33,1,391,318,447,405,0.0000,0.0000,0.0000,0.0000,0.0000,0.0000,
34,1,391,318,447,405,0.0000,0.0000,0.0000,0.0000,0.0000,0.0000,
35,1,391,318,447,405,0.0000,0.0000,0.0000,0.0000,0.0000,0.0000,
36,1,391,318,447,405,0.0000,0.0000,0.0000,0.0000,0.0000,0.0000,
37,1,391,318,447,405,0.0000,0.0000,0.0000,0.0000,0.0000,0.0000,
38,1,391,318,447,405,0.0000,0.0000,0.0000,0.0000,0.0000,0.0000,
39,1,391,318,447,405,0.0000,0.0000,0.0000,0.0000,0.0000,0.0000,
40,1,391,318,447,405,0.0000,0.0000,0.0000,0.0000,0.0000,0.0000,
41,1,391,318,447,405,0.0000,0.0000,0.0000,0.0000,0.0000,0.0000,
42,1,391,318,447,405,0.0000,0.0000,0.0000,0.0000,0.0000,0.0000,
43,1,391,318,447,405,0.0000,0.0000,0.0000,0.0000,0.0000,0.0000,
44,1,391,318,447,405,0.0000,0.0000,0.0000,0.0000,0.0000,0.0000,
45,1,391,318,447,405,0.0000,0.0000,0.0000,0.0000,0.0000,0.0000,
46,1,391,318,447,405,0.0000,0.0000,0.0000,0.0000,0.0000,0.0000,
47,1,391,318,447,405,0.0000,0.0000,0.0000,0.0000,0.0000,0.0000,
48,1,391,318,447,405,0.0000,0.0000,0.0000,0.0000,0.0000,0.0000,
49,1,391,318,447,405,0.0000,0.0000,0.0000,0.0000,0.0000,0.0000,
50,1,391,318,447,405,0.0000,0.0000,0.0000,0.0000,0.0000,0.0000,
51,1,389,319,445,405,1.0000,-0.0000,0.0000,1.0000,10.0001,10.0001,
52,1,389,319,445,405,0.9915,-0.0048,0.0033,1.0020,10.4127,9.8121,
53,1,389,319,445,405,0.9974,0.0003,0.0042,1.0011,10.0933,9.8714,
54,1,389,319,445,405,0.9963,-0.0000,-0.0016,0.9992,10.1099,10.0616,
55,1,389,319,445,405,0.9944,0.0006,0.0010,0.9980,10.1059,10.0714,
56,1,389,319,445,405,1.0024,-0.0006,0.0044,1.0021,9.9583,9.8082,
57,1,389,319,445,405,0.9945,-0.0008,-0.0045,0.9973,10.2292,10.2134,
58,1,389,319,445,405,1.0047,0.0019,0.0042,1.0002,9.7567,9.8634,
59,1,389,319,445,405,0.9986,0.0017,-0.0058,0.9979,9.9667,10.2631,
60,1,389,319,445,405,1.0025,-0.0004,0.0091,1.0022,9.9641,9.6558,
61,1,389,319,445,405,0.9998,-0.0001,-0.0036,0.9991,10.0107,10.1593,
62,1,389,319,445,405,0.9988,-0.0018,-0.0066,0.9972,10.1077,10.2561,
63,1,389,319,445,405,1.0019,0.0036,0.0066,1.0023,9.7846,9.7408,
64,1,389,319,445,405,0.9945,-0.0032,-0.0012,0.9989,10.2966,10.0938,
65,1,389,319,445,405,1.0004,0.0006,-0.0059,0.9984,9.9889,10.2322,
66,1,389,319,445,405,1.0020,-0.0008,0.0059,1.0000,9.9859,9.8012,
67,1,389,319,445,405,1.0010,-0.0019,0.0008,1.0030,10.0599,9.8780,
68,1,389,319,445,405,1.0015,0.0017,-0.0011,1.0023,9.8697,9.9773,
69,1,389,319,445,405,1.0007,0.0032,-0.0015,0.9960,9.8087,10.1387,
70,1,389,319,445,405,1.0035,-0.0027,0.0079,1.0004,10.0664,9.7853,
71,1,389,319,445,405,0.9996,0.0030,-0.0008,1.0007,9.8420,10.0038,
72,1,389,319,445,405,1.0032,0.0002,-0.0111,0.9966,9.8690,10.5448,
73,1,389,319,445,405,1.0053,-0.0003,-0.0043,0.9977,9.9216,10.1970,
74,1,389,319,445,405,0.9997,0.0038,0.0048,1.0012,9.7309,9.8227,
75,1,389,319,445,405,0.9985,-0.0045,-0.0014,0.9995,10.3299,10.0361,
76,1,389,319,445,405,0.9940,0.0053,0.0005,0.9994,9.9063,10.0073,
77,1,389,319,445,405,0.9983,-0.0011,0.0043,0.9926,10.1438,10.2113,
78,1,389,319,445,405,1.0044,-0.0071,0.0049,0.9966,10.2389,10.1370,
79,1,389,319,445,405,0.9985,0.0024,0.0009,0.9993,9.9064,10.0210,
80,1,389,319,445,405,1.0083,-0.0122,0.0180,0.9932,10.4340,9.8410,
81,1,389,319,445,405,1.0066,-0.0093,0.0172,0.9984,10.3415,9.5364,
82,1,389,319,445,405,1.0124,-0.0130,0.0079,0.9907,10.4127,10.4020,
83,1,389,319,445,405,0.9908,-0.0252,0.0271,1.0110,11.8262,8.8763,
84,1,389,319,445,405,1.0050,-0.0024,0.0083,0.9929,10.0895,10.4362,
85,1,389,319,445,405,1.0044,0.0009,-0.0026,0.9971,9.8915,10.4865,
86,1,389,319,445,405,1.0015,-0.0004,0.0079,0.9942,10.1543,10.1395,
87,1,389,319,445,405,0.9959,0.0104,0.0020,1.0000,9.5444,9.9796,
88,1,389,319,445,405,0.9909,0.0010,0.0012,1.0007,10.2103,9.9738,
89,1,389,319,445,405,0.9991,0.0020,0.0057,1.0025,9.8841,9.7399,
90,1,389,319,445,405,1.0082,-0.0045,0.0038,0.9958,10.0710,10.1491,
91,1,389,319,445,405,0.9977,0.0021,-0.0001,1.0015,9.9358,9.9636,
92,1,389,319,445,405,1.0046,-0.0006,-0.0015,0.9990,9.8916,10.1184,
93,1,389,319,445,405,0.9855,-0.0116,0.0005,0.9924,11.0510,10.4200,
94,1,389,319,445,405,1.0027,-0.0038,-0.0064,1.0035,10.1785,10.0418,
95,1,389,319,445,405,0.9948,-0.0018,-0.0114,1.0023,10.2442,10.2446,
96,1,389,319,445,405,1.0011,-0.0027,-0.0006,1.0040,10.1114,9.8803,
97,1,389,319,445,405,0.9976,-0.0009,0.0001,1.0003,10.1257,9.9339,
98,1,389,319,445,405,0.9981,0.0005,-0.0006,1.0048,9.9962,9.7713,
99,1,389,319,445,405,1.0041,-0.0016,-0.0009,1.0015,9.9886,9.8943,
100,1,389,319,445,405,1.0019,0.0040,-0.0042,1.0020,9.7649,9.9737,
101,1,386,319,445,405,1.0061,-0.0036,0.0030,1.0029,9.9928,9.7740,
102,1,386,319,445,405,0.9984,0.0039,0.0008,0.9989,9.8807,10.0133,
103,1,386,319,445,405,1.0000,-0.0004,-0.0051,1.0030,10.0398,9.9438,
104,1,386,319,445,405,1.0025,0.0005,0.0104,0.9991,9.8552,9.7375,
105,1,386,319,445,405,1.0029,0.0010,-0.0062,0.9999,9.9048,10.0874,
106,1,386,319,445,405,0.9949,-0.0000,-0.0039,1.0109,10.1651,9.5169,
107,1,386,319,445,405,0.9938,0.0028,-0.0187,1.0093,10.0609,10.0591,
108,1,386,319,445,405,0.9942,0.0050,-0.0229,1.0085,9.8916,10.0629,
109,1,387,317,445,407,0.9842,0.0199,-0.0353,1.0349,9.3998,9.0394,
110,1,387,317,445,407,0.9918,-0.0080,-0.0115,1.0077,10.7359,9.8697,
111,1,387,317,445,407,0.9971,0.0037,0.0071,1.0000,9.8936,9.7533,
112,1,387,317,445,407,0.9973,0.0126,-0.0113,1.0117,9.2903,9.6714,
113,1,387,317,445,407,0.9934,0.0146,-0.0107,0.9997,9.4926,10.1687,
114,1,387,317,445,407,0.9953,0.0005,-0.0039,0.9991,10.0986,10.1374,
115,1,387,317,445,407,0.9996,0.0020,-0.0008,1.0026,9.9101,9.9404,
116,1,389,317,445,408,0.9719,-0.0327,0.0020,1.0068,12.7193,9.5278,
117,1,389,317,445,408,0.9954,-0.0034,-0.0023,1.0009,10.3383,10.0840,
118,1,389,317,445,408,0.9942,-0.0022,0.0057,0.9952,10.1972,10.0315,
119,1,389,317,445,408,0.9997,0.0019,-0.0038,0.9981,9.7641,10.0893,
120,1,389,317,445,408,0.9902,-0.0097,0.0026,0.9991,10.6628,10.0622,
121,1,389,317,445,408,0.9975,0.0006,-0.0017,0.9963,10.0083,10.1882,
122,1,389,317,445,408,1.0030,-0.0009,0.0003,1.0014,9.9802,9.9281,
123,1,389,317,445,408,0.9957,0.0050,0.0002,1.0008,9.8162,10.0147,
124,1,389,317,445,408,0.9944,-0.0079,-0.0020,1.0013,10.5259,10.0401,
125,1,389,317,445,408,0.9930,0.0020,-0.0039,0.9976,10.1105,10.1259,
126,1,389,317,445,408,1.0018,-0.0023,0.0028,1.0012,10.0671,9.8843,
127,1,389,317,445,408,1.0000,0.0004,0.0009,0.9987,10.0048,9.9838,
128,1,389,317,445,408,1.0030,0.0003,-0.0033,0.9989,9.9330,10.1660,
129,1,389,317,445,408,1.0027,-0.0053,-0.0001,0.9995,10.2504,10.0277,
130,1,389,317,445,408,0.9960,0.0057,0.0019,1.0011,9.7368,9.9308,
131,1,389,317,445,408,1.0005,0.0043,0.0016,0.9985,9.7365,10.0090,
132,1,389,317,445,408,1.0015,0.0005,-0.0010,1.0016,9.9490,9.9208,
133,1,389,317,445,408,0.9919,-0.0077,0.0024,0.9973,10.7150,10.0881,
134,1,389,317,445,408,1.0009,0.0007,0.0002,1.0018,9.8887,9.9335,
135,1,389,317,445,408,1.0025,0.0018,0.0033,1.0005,9.8352,9.9420,
136,1,389,317,445,408,0.9929,0.0019,0.0056,0.9954,10.1656,9.9964,
137,1,389,317,445,408,0.9935,0.0035,-0.0191,1.0017,10.0365,10.5315,
138,1,389,317,445,408,0.9937,-0.0066,-0.0027,0.9962,10.5848,10.3098,
139,1,389,317,445,408,0.9978,-0.0008,-0.0022,1.0018,10.1462,9.9515,
140,1,389,317,445,408,0.9987,0.0005,-0.0009,1.0041,9.9683,9.8935,
141,1,389,317,445,408,0.9701,0.0269,-0.0256,1.0113,9.7209,10.3264,
142,1,389,317,445,408,0.9967,-0.0089,-0.0286,1.0132,10.6108,10.4128,
143,1,389,316,446,410,1.0011,0.0006,-0.0491,1.0298,9.9376,10.2520,
144,1,389,316,446,410,0.9820,-0.0037,-0.0359,1.0154,10.8804,10.5081,
145,1,389,316,446,410,1.0035,-0.0017,-0.0075,1.0030,9.9539,10.0531,
146,1,389,316,446,410,0.9948,-0.0020,-0.0212,1.0130,10.2814,10.0966,
147,1,389,316,446,410,1.0008,0.0009,-0.0216,1.0080,9.9645,10.3858,
148,1,389,316,446,410,1.0007,0.0001,-0.0258,1.0153,9.9837,10.1685,
149,1,389,316,446,410,1.0053,-0.0000,-0.0106,1.0099,9.7971,9.8910,
150,1,389,316,446,410,1.0037,-0.0027,-0.0088,1.0127,9.9930,9.7132,
151,1,386,322,445,405,0.0000,0.0000,0.0000,0.0000,0.0000,0.0000,
152,1,386,322,445,405,0.0000,0.0000,0.0000,0.0000,0.0000,0.0000,
153,1,386,322,445,405,0.0000,0.0000,0.0000,0.0000,0.0000,0.0000,
154,1,386,322,445,405,0.0000,0.0000,0.0000,0.0000,0.0000,0.0000,
155,1,386,322,445,405,0.0000,0.0000,0.0000,0.0000,0.0000,0.0000,
156,1,386,322,445,405,0.0000,0.0000,0.0000,0.0000,0.0000,0.0000,
157,1,386,322,445,405,0.0000,0.0000,0.0000,0.0000,0.0000,0.0000,
158,1,386,322,445,405,0.0000,0.0000,0.0000,0.0000,0.0000,0.0000,
159,1,386,322,445,405,0.0000,0.0000,0.0000,0.0000,0.0000,0.0000,
160,1,386,322,445,405,0.0000,0.0000,0.0000,0.0000,0.0000,0.0000,
161,1,386,322,445,405,0.0000,0.0000,0.0000,0.0000,0.0000,0.0000,
162,1,386,322,445,405,0.0000,0.0000,0.0000,0.0000,0.0000,0.0000,
163,1,386,322,445,405,0.0000,0.0000,0.0000,0.0000,0.0000,0.0000,
164,1,386,322,445,405,0.0000,0.0000,0.0000,0.0000,0.0000,0.0000,
165,1,386,322,445,405,0.0000,0.0000,0.0000,0.0000,0.0000,0.0000,
166,1,386,322,445,405,0.0000,0.0000,0.0000,0.0000,0.0000,0.0000,
167,1,386,322,445,405,0.0000,0.0000,0.0000,0.0000,0.0000,0.0000,
168,1,386,322,445,405,0.0000,0.0000,0.0000,0.0000,0.0000,0.0000,
169,1,386,322,445,405,0.0000,0.0000,0.0000,0.0000,0.0000,0.0000,
170,1,386,322,445,405,0.0000,0.0000,0.0000,0.0000,0.0000,0.0000,
171,1,386,322,445,405,0.0000,0.0000,0.0000,0.0000,0.0000,0.0000,
172,1,386,322,445,405,0.0000,0.0000,0.0000,0.0000,0.0000,0.0000,
173,1,386,322,445,405,0.0000,0.0000,0.0000,0.0000,0.0000,0.0000,
174,1,386,322,445,405,0.0000,0.0000,0.0000,0.0000,0.0000,0.0000,
175,1,386,322,445,405,0.0000,0.0000,0.0000,0.0000,0.0000,0.0000,
176,1,386,322,445,405,0.0000,0.0000,0.0000,0.0000,0.0000,0.0000,
177,1,386,322,445,405,0.0000,0.0000,0.0000,0.0000,0.0000,0.0000,
178,1,386,322,445,405,0.0000,0.0000,0.0000,0.0000,0.0000,0.0000,
179,1,386,322,445,405,0.0000,0.0000,0.0000,0.0000,0.0000,0.0000,
180,1,386,322,445,405,0.0000,0.0000,0.0000,0.0000,0.0000,0.0000,
181,1,386,322,445,405,0.0000,0.0000,0.0000,0.0000,0.0000,0.0000,
182,1,386,322,445,405,0.0000,0.0000,0.0000,0.0000,0.0000,0.0000,
183,1,386,322,445,405,0.0000,0.0000,0.0000,0.0000,0.0000,0.0000,
184,1,386,322,445,405,0.0000,0.0000,0.0000,0.0000,0.0000,0.0000,
185,1,386,322,445,405,0.0000,0.0000,0.0000,0.0000,0.0000,0.0000,
186,1,386,322,445,405,0.0000,0.0000,0.0000,0.0000,0.0000,0.0000,
187,1,386,322,445,405,0.0000,0.0000,0.0000,0.0000,0.0000,0.0000,
188,1,386,322,445,405,0.0000,0.0000,0.0000,0.0000,0.0000,0.0000,
189,1,386,322,445,405,0.0000,0.0000,0.0000,0.0000,0.0000,0.0000,
190,1,386,322,445,405,0.0000,0.0000,0.0000,0.0000,0.0000,0.0000,
191,1,386,322,445,405,0.0000,0.0000,0.0000,0.0000,0.0000,0.0000,
192,1,386,322,445,405,0.0000,0.0000,0.0000,0.0000,0.0000,0.0000,
193,1,386,322,445,405,0.0000,0.0000,0.0000,0.0000,0.0000,0.0000,
194,1,386,322,445,405,0.0000,0.0000,0.0000,0.0000,0.0000,0.0000,
195,1,386,322,445,405,0.0000,0.0000,0.0000,0.0000,0.0000,0.0000,
196,1,386,322,445,405,0.0000,0.0000,0.0000,0.0000,0.0000,0.0000,
197,1,386,322,445,405,0.0000,0.0000,0.0000,0.0000,0.0000,0.0000,
198,1,386,322,445,405,0.0000,0.0000,0.0000,0.0000,0.0000,0.0000,
199,1,386,322,445,405,0.0000,0.0000,0.0000,0.0000,0.0000,0.0000,
200,1,386,322,445,405,0.0000,0.0000,0.0000,0.0000,0.0000,0.0000,
201,1,386,322,445,405,0.0000,0.0000,0.0000,0.0000,0.0000,0.0000,
202,1,386,322,445,405,0.0000,0.0000,0.0000,0.0000,0.0000,0.0000,
203,1,386,322,445,405,0.0000,0.0000,0.0000,0.0000,0.0000,0.0000,
204,1,386,322,445,405,0.0000,0.0000,0.0000,0.0000,0.0000,0.0000,
205,1,386,322,445,405,0.0000,0.0000,0.0000,0.0000,0.0000,0.0000,
206,1,386,322,445,405,0.0000,0.0000,0.0000,0.0000,0.0000,0.0000,
207,1,386,322,445,405,0.0000,0.0000,0.0000,0.0000,0.0000,0.0000,
208,1,386,322,445,405,0.0000,0.0000,0.0000,0.0000,0.0000,0.0000,
209,1,386,322,445,405,0.0000,0.0000,0.0000,0.0000,0.0000,0.0000,
210,1,386,322,445,405,0.0000,0.0000,0.0000,0.0000,0.0000,0.0000,
211,1,386,322,445,405,0.0000,0.0000,0.0000,0.0000,0.0000,0.0000,
212,1,386,322,445,405,0.0000,0.0000,0.0000,0.0000,0.0000,0.0000,
213,1,386,322,445,405,0.0000,0.0000,0.0000,0.0000,0.0000,0.0000,
214,1,386,322,445,405,0.0000,0.0000,0.0000,0.0000,0.0000,0.0000,
215,1,386,322,445,405,0.0000,0.0000,0.0000,0.0000,0.0000,0.0000,
216,1,386,322,445,405,0.0000,0.0000,0.0000,0.0000,0.0000,0.0000,
217,1,386,322,445,405,0.0000,0.0000,0.0000,0.0000,0.0000,0.0000,
218,1,386,322,445,405,0.0000,0.0000,0.0000,0.0000,0.0000,0.0000,
219,1,386,322,445,405,0.0000,0.0000,0.0000,0.0000,0.0000,0.0000,
220,1,386,322,445,405,0.0000,0.0000,0.0000,0.0000,0.0000,0.0000,
221,1,386,322,445,405,0.0000,0.0000,0.0000,0.0000,0.0000,0.0000,
222,1,386,322,445,405,0.0000,0.0000,0.0000,0.0000,0.0000,0.0000,
223,1,386,322,445,405,0.0000,0.0000,0.0000,0.0000,0.0000,0.0000,
224,1,386,322,445,405,0.0000,0.0000,0.0000,0.0000,0.0000,0.0000,
225,1,386,322,445,405,0.0000,0.0000,0.0000,0.0000,0.0000,0.0000,
226,1,386,322,445,405,0.0000,0.0000,0.0000,0.0000,0.0000,0.0000,
227,1,386,322,445,405,0.0000,0.0000,0.0000,0.0000,0.0000,0.0000,
228,1,386,322,445,405,0.0000,0.0000,0.0000,0.0000,0.0000,0.0000,
229,1,386,322,445,405,0.0000,0.0000,0.0000,0.0000,0.0000,0.0000,
230,1,386,322,445,405,0.0000,0.0000,0.0000,0.0000,0.0000,0.0000,
231,1,386,322,445,405,0.0000,0.0000,0.0000,0.0000,0.0000,0.0000,
232,1,386,322,445,405,0.0000,0.0000,0.0000,0.0000,0.0000,0.0000,
233,1,386,322,445,405,0.0000,0.0000,0.0000,0.0000,0.0000,0.0000,
234,1,386,322,445,405,0.0000,0.0000,0.0000,0.0000,0.0000,0.0000,
235,1,386,322,445,405,0.0000,0.0000,0.0000,0.0000,0.0000,0.0000,
236,1,386,322,445,405,0.0000,0.0000,0.0000,0.0000,0.0000,0.0000,
237,1,386,322,445,405,0.0000,0.0000,0.0000,0.0000,0.0000,0.0000,
238,1,386,322,445,405,0.0000,0.0000,0.0000,0.0000,0.0000,0.0000,
239,1,386,322,445,405,0.0000,0.0000,0.0000,0.0000,0.0000,0.0000,
240,1,386,322,445,405,0.0000,0.0000,0.0000,0.0000,0.0000,0.0000,
241,1,386,322,445,405,0.0000,0.0000,0.0000,0.0000,0.0000,0.0000,
242,1,386,322,445,405,0.0000,0.0000,0.0000,0.0000,0.0000,0.0000,
243,1,386,322,445,405,0.0000,0.0000,0.0000,0.0000,0.0000,0.0000,
244,1,386,322,445,405,0.0000,0.0000,0.0000,0.0000,0.0000,0.0000,
245,1,386,322,445,405,0.0000,0.0000,0.0000,0.0000,0.0000,0.0000,
246,1,386,322,445,405,0.0000,0.0000,0.0000,0.0000,0.0000,0.0000,
247,1,386,322,445,405,0.0000,0.0000,0.0000,0.0000,0.0000,0.0000,
248,1,386,322,445,405,0.0000,0.0000,0.0000,0.0000,0.0000,0.0000,
249,1,386,322,445,405,0.0000,0.0000,0.0000,0.0000,0.0000,0.0000,
250,1,386,322,445,405,0.0000,0.0000,0.0000,0.0000,0.0000,0.0000,
251,1,386,322,445,405,0.0000,0.0000,0.0000,0.0000,0.0000,0.0000,
252,1,386,322,445,405,0.0000,0.0000,0.0000,0.0000,0.0000,0.0000,
253,1,386,322,445,405,0.0000,0.0000,0.0000,0.0000,0.0000,0.0000,
254,1,386,322,445,405,0.0000,0.0000,0.0000,0.0000,0.0000,0.0000,
255,1,386,322,445,405,0.0000,0.0000,0.0000,0.0000,0.0000,0.0000,
256,1,386,322,445,405,0.0000,0.0000,0.0000,0.0000,0.0000,0.0000,
257,1,386,322,445,405,0.0000,0.0000,0.0000,0.0000,0.0000,0.0000,
258,1,386,322,445,405,0.0000,0.0000,0.0000,0.0000,0.0000,0.0000,
259,1,386,322,445,405,0.0000,0.0000,0.0000,0.0000,0.0000,0.0000,
260,1,386,322,445,405,0.0000,0.0000,0.0000,0.0000,0.0000,0.0000,
261,1,386,322,445,405,0.0000,0.0000,0.0000,0.0000,0.0000,0.0000,
262,1,386,322,445,405,0.0000,0.0000,0.0000,0.0000,0.0000,0.0000,
263,1,386,322,445,405,0.0000,0.0000,0.0000,0.0000,0.0000,0.0000,
264,1,386,322,445,405,0.0000,0.0000,0.0000,0.0000,0.0000,0.0000,
265,1,386,322,445,405,0.0000,0.0000,0.0000,0.0000,0.0000,0.0000,
266,1,386,322,445,405,0.0000,0.0000,0.0000,0.0000,0.0000,0.0000,
267,1,386,322,445,405,0.0000,0.0000,0.0000,0.0000,0.0000,0.0000,
268,1,386,322,445,405,0.0000,0.0000,0.0000,0.0000,0.0000,0.0000,
269,1,386,322,445,405,0.0000,0.0000,0.0000,0.0000,0.0000,0.0000,
270,1,386,322,445,405,0.0000,0.0000,0.0000,0.0000,0.0000,0.0000,
271,1,386,322,445,405,0.0000,0.0000,0.0000,0.0000,0.0000,0.0000,
272,1,386,322,445,405,0.0000,0.0000,0.0000,0.0000,0.0000,0.0000,
273,1,386,322,445,405,0.0000,0.0000,0.0000,0.0000,0.0000,0.0000,
274,1,386,322,445,405,0.0000,0.0000,0.0000,0.0000,0.0000,0.0000,
275,1,386,322,445,405,0.0000,0.0000,0.0000,0.0000,0.0000,0.0000,
276,1,386,322,445,405,0.0000,0.0000,0.0000,0.0000,0.0000,0.0000,
277,1,386,322,445,405,0.0000,0.0000,0.0000,0.0000,0.0000,0.0000,
278,1,386,322,445,405,0.0000,0.0000,0.0000,0.0000,0.0000,0.0000,
279,1,386,322,445,405,0.0000,0.0000,0.0000,0.0000,0.0000,0.0000,
280,1,386,322,445,405,0.0000,0.0000,0.0000,0.0000,0.0000,0.0000,
281,1,386,322,445,405,0.0000,0.0000,0.0000,0.0000,0.0000,0.0000,
282,1,386,322,445,405,0.0000,0.0000,0.0000,0.0000,0.0000,0.0000,
283,1,386,322,445,405,0.0000,0.0000,0.0000,0.0000,0.0000,0.0000,
284,1,386,322,445,405,0.0000,0.0000,0.0000,0.0000,0.0000,0.0000,
285,1,386,322,445,405,0.0000,0.0000,0.0000,0.0000,0.0000,0.0000,
286,1,386,322,445,405,0.0000,0.0000,0.0000,0.0000,0.0000,0.0000,
287,1,386,322,445,405,0.0000,0.0000,0.0000,0.0000,0.0000,0.0000,
288,1,386,322,445,405,0.0000,0.0000,0.0000,0.0000,0.0000,0.0000,
289,1,386,322,445,405,0.0000,0.0000,0.0000,0.0000,0.0000,0.0000,
290,1,386,322,445,405,0.0000,0.0000,0.0000,0.0000,0.0000,0.0000,
291,1,386,322,445,405,0.0000,0.0000,0.0000,0.0000,0.0000,0.0000,
292,1,386,322,445,405,0.0000,0.0000,0.0000,0.0000,0.0000,0.0000,
293,1,386,322,445,405,0.0000,0.0000,0.0000,0.0000,0.0000,0.0000,
294,1,386,322,445,405,0.0000,0.0000,0.0000,0.0000,0.0000,0.0000,
295,1,386,322,445,405,0.0000,0.0000,0.0000,0.0000,0.0000,0.0000,
296,1,386,322,445,405,0.0000,0.0000,0.0000,0.0000,0.0000,0.0000,
297,1,386,322,445,405,0.0000,0.0000,0.0000,0.0000,0.0000,0.0000,
298,1,386,322,445,405,0.0000,0.0000,0.0000,0.0000,0.0000,0.0000,
299,1,386,322,445,405,0.0000,0.0000,0.0000,0.0000,0.0000,0.0000,
300,1,386,322,445,405,0.0000,0.0000,0.0000,0.0000,0.0000,0.0000,
301,1,386,322,445,405,0.0000,0.0000,0.0000,0.0000,0.0000,0.0000,
302,1,386,322,445,405,0.0000,0.0000,0.0000,0.0000,0.0000,0.0000,
303,1,386,322,445,405,0.0000,0.0000,0.0000,0.0000,0.0000,0.0000,
304,1,386,322,445,405,0.0000,0.0000,0.0000,0.0000,0.0000,0.0000,
305,1,386,322,445,405,0.0000,0.0000,0.0000,0.0000,0.0000,0.0000,
306,1,386,322,445,405,0.0000,0.0000,0.0000,0.0000,0.0000,0.0000,
307,1,386,322,445,405,0.0000,0.0000,0.0000,0.0000,0.0000,0.0000,
308,1,386,322,445,405,0.0000,0.0000,0.0000,0.0000,0.0000,0.0000,
309,1,386,322,445,405,0.0000,0.0000,0.0000,0.0000,0.0000,0.0000,
310,1,386,322,445,405,0.0000,0.0000,0.0000,0.0000,0.0000,0.0000,
311,1,386,322,445,405,0.0000,0.0000,0.0000,0.0000,0.0000,0.0000,
312,1,386,322,445,405,0.0000,0.0000,0.0000,0.0000,0.0000,0.0000,
313,1,386,322,445,405,0.0000,0.0000,0.0000,0.0000,0.0000,0.0000,
314,1,386,322,445,405,0.0000,0.0000,0.0000,0.0000,0.0000,0.0000,
315,1,386,322,445,405,0.0000,0.0000,0.0000,0.0000,0.0000,0.0000,
316,1,386,322,445,405,0.0000,0.0000,0.0000,0.0000,0.0000,0.0000,
317,1,386,322,445,405,0.0000,0.0000,0.0000,0.0000,0.0000,0.0000,
318,1,386,322,445,405,0.0000,0.0000,0.0000,0.0000,0.0000,0.0000,
319,1,386,322,445,405,0.0000,0.0000,0.0000,0.0000,0.0000,0.0000,
320,1,386,322,445,405,0.0000,0.0000,0.0000,0.0000,0.0000,0.0000,
321,1,386,322,445,405,0.0000,0.0000,0.0000,0.0000,0.0000,0.0000,
322,1,386,322,445,405,0.0000,0.0000,0.0000,0.0000,0.0000,0.0000,
323,1,386,322,445,405,0.0000,0.0000,0.0000,0.0000,0.0000,0.0000,
324,1,386,322,445,405,0.0000,0.0000,0.0000,0.0000,0.0000,0.0000,
325,1,386,322,445,405,0.0000,0.0000,0.0000,0.0000,0.0000,0.0000,
326,1,386,322,445,405,0.0000,0.0000,0.0000,0.0000,0.0000,0.0000,
327,1,386,322,445,405,0.0000,0.0000,0.0000,0.0000,0.0000,0.0000,
328,1,386,322,445,405,0.0000,0.0000,0.0000,0.0000,0.0000,0.0000,
329,1,386,322,445,405,0.0000,0.0000,0.0000,0.0000,0.0000,0.0000,
330,1,386,322,445,405,0.0000,0.0000,0.0000,0.0000,0.0000,0.0000,
331,1,386,322,445,405,0.0000,0.0000,0.0000,0.0000,0.0000,0.0000,
332,1,386,322,445,405,0.0000,0.0000,0.0000,0.0000,0.0000,0.0000,
333,1,386,322,445,405,0.0000,0.0000,0.0000,0.0000,0.0000,0.0000,
334,1,386,322,445,405,0.0000,0.0000,0.0000,0.0000,0.0000,0.0000,
335,1,386,322,445,405,0.0000,0.0000,0.0000,0.0000,0.0000,0.0000,
336,1,386,322,445,405,0.0000,0.0000,0.0000,0.0000,0.0000,0.0000,
337,1,386,322,445,405,0.0000,0.0000,0.0000,0.0000,0.0000,0.0000,
338,1,386,322,445,405,0.0000,0.0000,0.0000,0.0000,0.0000,0.0000,
339,1,386,322,445,405,0.0000,0.0000,0.0000,0.0000,0.0000,0.0000,
340,1,386,322,445,405,0.0000,0.0000,0.0000,0.0000,0.0000,0.0000,
341,1,386,322,445,405,0.0000,0.0000,0.0000,0.0000,0.0000,0.0000,
342,1,386,322,445,405,0.0000,0.0000,0.0000,0.0000,0.0000,0.0000,
343,1,386,322,445,405,0.0000,0.0000,0.0000,0.0000,0.0000,0.0000,
344,1,386,322,445,405,0.0000,0.0000,0.0000,0.0000,0.0000,0.0000,
345,1,386,322,445,405,0.0000,0.0000,0.0000,0.0000,0.0000,0.0000,
346,1,386,322,445,405,0.0000,0.0000,0.0000,0.0000,0.0000,0.0000,
347,1,386,322,445,405,0.0000,0.0000,0.0000,0.0000,0.0000,0.0000,
348,1,386,322,445,405,0.0000,0.0000,0.0000,0.0000,0.0000,0.0000,
349,1,386,322,445,405,0.0000,0.0000,0.0000,0.0000,0.0000,0.0000,
350,1,386,322,445,405,0.0000,0.0000,0.0000,0.0000,0.0000,0.0000,
351,1,386,322,445,405,0.0000,0.0000,0.0000,0.0000,0.0000,0.0000,
352,1,386,322,445,405,0.0000,0.0000,0.0000,0.0000,0.0000,0.0000,
353,1,386,322,445,405,0.0000,0.0000,0.0000,0.0000,0.0000,0.0000,
354,1,386,322,445,405,0.0000,0.0000,0.0000,0.0000,0.0000,0.0000,
355,1,386,322,445,405,0.0000,0.0000,0.0000,0.0000,0.0000,0.0000,
356,1,386,322,445,405,0.0000,0.0000,0.0000,0.0000,0.0000,0.0000,
357,1,386,322,445,405,0.0000,0.0000,0.0000,0.0000,0.0000,0.0000,
358,1,386,322,445,405,0.0000,0.0000,0.0000,0.0000,0.0000,0.0000,
359,1,386,322,445,405,0.0000,0.0000,0.0000,0.0000,0.0000,0.0000,
360,1,386,322,445,405,0.0000,0.0000,0.0000,0.0000,0.0000,0.0000,
361,1,386,322,445,405,0.0000,0.0000,0.0000,0.0000,0.0000,0.0000,
362,1,386,322,445,405,0.0000,0.0000,0.0000,0.0000,0.0000,0.0000,
363,1,386,322,445,405,0.0000,0.0000,0.0000,0.0000,0.0000,0.0000,
364,1,386,322,445,405,0.0000,0.0000,0.0000,0.0000,0.0000,0.0000,
365,1,386,322,445,405,0.0000,0.0000,0.0000,0.0000,0.0000,0.0000,
366,1,386,322,445,405,0.0000,0.0000,0.0000,0.0000,0.0000,0.0000,
367,1,386,322,445,405,0.0000,0.0000,0.0000,0.0000,0.0000,0.0000,
368,1,386,322,445,405,0.0000,0.0000,0.0000,0.0000,0.0000,0.0000,
369,1,386,322,445,405,0.0000,0.0000,0.0000,0.0000,0.0000,0.0000,
370,1,386,322,445,405,0.0000,0.0000,0.0000,0.0000,0.0000,0.0000,
371,1,386,322,445,405,0.0000,0.0000,0.0000,0.0000,0.0000,0.0000,
372,1,386,322,445,405,0.0000,0.0000,0.0000,0.0000,0.0000,0.0000,
373,1,386,322,445,405,0.0000,0.0000,0.0000,0.0000,0.0000,0.0000,
374,1,386,322,445,405,0.0000,0.0000,0.0000,0.0000,0.0000,0.0000,
375,1,386,322,445,405,0.0000,0.0000,0.0000,0.0000,0.0000,0.0000,
376,1,386,322,445,405,0.0000,0.0000,0.0000,0.0000,0.0000,0.0000,
377,1,386,322,445,405,0.0000,0.0000,0.0000,0.0000,0.0000,0.0000,
378,1,386,322,445,405,0.0000,0.0000,0.0000,0.0000,0.0000,0.0000,
379,1,386,322,445,405,0.0000,0.0000,0.0000,0.0000,0.0000,0.0000,
380,1,386,322,445,405,0.0000,0.0000,0.0000,0.0000,0.0000,0.0000,
381,1,386,322,445,405,0.0000,0.0000,0.0000,0.0000,0.0000,0.0000,
382,1,386,322,445,405,0.0000,0.0000,0.0000,0.0000,0.0000,0.0000,
383,1,386,322,445,405,0.0000,0.0000,0.0000,0.0000,0.0000,0.0000,
384,1,386,322,445,405,0.0000,0.0000,0.0000,0.0000,0.0000,0.0000,
385,1,386,322,445,405,0.0000,0.0000,0.0000,0.0000,0.0000,0.0000,
386,1,386,322,445,405,0.0000,0.0000,0.0000,0.0000,0.0000,0.0000,
387,1,386,322,445,405,0.0000,0.0000,0.0000,0.0000,0.0000,0.0000,
388,1,386,322,445,405,0.0000,0.0000,0.0000,0.0000,0.0000,0.0000,
389,1,386,322,445,405,0.0000,0.0000,0.0000,0.0000,0.0000,0.0000,
390,1,386,322,445,405,0.0000,0.0000,0.0000,0.0000,0.0000,0.0000,
391,1,386,322,445,405,0.0000,0.0000,0.0000,0.0000,0.0000,0.0000,
392,1,386,322,445,405,0.0000,0.0000,0.0000,0.0000,0.0000,0.0000,
393,1,386,322,445,405,0.0000,0.0000,0.0000,0.0000,0.0000,0.0000,
394,1,386,322,445,405,0.0000,0.0000,0.0000,0.0000,0.0000,0.0000,
395,1,386,322,445,405,0.0000,0.0000,0.0000,0.0000,0.0000,0.0000,
396,1,386,322,445,405,0.0000,0.0000,0.0000,0.0000,0.0000,0.0000,
397,1,386,322,445,405,0.0000,0.0000,0.0000,0.0000,0.0000,0.0000,
398,1,386,322,445,405,0.0000,0.0000,0.0000,0.0000,0.0000,0.0000,
399,1,386,322,445,405,0.0000,0.0000,0.0000,0.0000,0.0000,0.0000,
400,1,386,322,445,405,0.0000,0.0000,0.0000,0.0000,0.0000,0.0000,
401,1,386,322,445,405,0.0000,0.0000,0.0000,0.0000,0.0000,0.0000,
402,1,386,322,445,405,0.0000,0.0000,0.0000,0.0000,0.0000,0.0000,
403,1,386,322,445,405,0.0000,0.0000,0.0000,0.0000,0.0000,0.0000,
404,1,386,322,445,405,0.0000,0.0000,0.0000,0.0000,0.0000,0.0000,
405,1,386,322,445,405,0.0000,0.0000,0.0000,0.0000,0.0000,0.0000,
406,1,386,322,445,405,0.0000,0.0000,0.0000,0.0000,0.0000,0.0000,
407,1,386,322,445,405,0.0000,0.0000,0.0000,0.0000,0.0000,0.0000,
408,1,386,322,445,405,0.0000,0.0000,0.0000,0.0000,0.0000,0.0000,
409,1,386,322,445,405,0.0000,0.0000,0.0000,0.0000,0.0000,0.0000,
410,1,386,322,445,405,0.0000,0.0000,0.0000,0.0000,0.0000,0.0000,
411,1,386,322,445,405,0.0000,0.0000,0.0000,0.0000,0.0000,0.0000,
412,1,386,322,445,405,0.0000,0.0000,0.0000,0.0000,0.0000,0.0000,
413,1,386,322,445,405,0.0000,0.0000,0.0000,0.0000,0.0000,0.0000,
414,1,386,322,445,405,0.0000,0.0000,0.0000,0.0000,0.0000,0.0000,
415,1,386,322,445,405,0.0000,0.0000,0.0000,0.0000,0.0000,0.0000,
416,1,386,322,445,405,0.0000,0.0000,0.0000,0.0000,0.0000,0.0000,
417,1,386,322,445,405,0.0000,0.0000,0.0000,0.0000,0.0000,0.0000,
418,1,386,322,445,405,0.0000,0.0000,0.0000,0.0000,0.0000,0.0000,
419,1,386,322,445,405,0.0000,0.0000,0.0000,0.0000,0.0000,0.0000,
420,1,386,322,445,405,0.0000,0.0000,0.0000,0.0000,0.0000,0.0000,
421,1,386,322,445,405,0.0000,0.0000,0.0000,0.0000,0.0000,0.0000,
422,1,386,322,445,405,0.0000,0.0000,0.0000,0.0000,0.0000,0.0000,
423,1,386,322,445,405,0.0000,0.0000,0.0000,0.0000,0.0000,0.0000,
424,1,386,322,445,405,0.0000,0.0000,0.0000,0.0000,0.0000,0.0000,
425,1,386,322,445,405,0.0000,0.0000,0.0000,0.0000,0.0000,0.0000,
426,1,386,322,445,405,0.0000,0.0000,0.0000,0.0000,0.0000,0.0000,
427,1,386,322,445,405,0.0000,0.0000,0.0000,0.0000,0.0000,0.0000,
428,1,386,322,445,405,0.0000,0.0000,0.0000,0.0000,0.0000,0.0000,
429,1,386,322,445,405,0.0000,0.0000,0.0000,0.0000,0.0000,0.0000,
430,1,386,322,445,405,0.0000,0.0000,0.0000,0.0000,0.0000,0.0000,
431,1,386,322,445,405,0.0000,0.0000,0.0000,0.0000,0.0000,0.0000,
432,1,386,322,445,405,0.0000,0.0000,0.0000,0.0000,0.0000,0.0000,
433,1,386,322,445,405,0.0000,0.0000,0.0000,0.0000,0.0000,0.0000,
434,1,386,322,445,405,0.0000,0.0000,0.0000,0.0000,0.0000,0.0000,
435,1,386,322,445,405,0.0000,0.0000,0.0000,0.0000,0.0000,0.0000,
436,1,386,322,445,405,0.0000,0.0000,0.0000,0.0000,0.0000,0.0000,
437,1,386,322,445,405,0.0000,0.0000,0.0000,0.0000,0.0000,0.0000,
438,1,386,322,445,405,0.0000,0.0000,0.0000,0.0000,0.0000,0.0000,
439,1,386,322,445,405,0.0000,0.0000,0.0000,0.0000,0.0000,0.0000,
440,1,386,322,445,405,0.0000,0.0000,0.0000,0.0000,0.0000,0.0000,
441,1,386,322,445,405,0.0000,0.0000,0.0000,0.0000,0.0000,0.0000,
442,1,386,322,445,405,0.0000,0.0000,0.0000,0.0000,0.0000,0.0000,
443,1,386,322,445,405,0.0000,0.0000,0.0000,0.0000,0.0000,0.0000,
444,1,386,322,445,405,0.0000,0.0000,0.0000,0.0000,0.0000,0.0000,
445,1,386,322,445,405,0.0000,0.0000,0.0000,0.0000,0.0000,0.0000,
446,1,386,322,445,405,0.0000,0.0000,0.0000,0.0000,0.0000,0.0000,
447,1,386,322,445,405,0.0000,0.0000,0.0000,0.0000,0.0000,0.0000,
448,1,386,322,445,405,0.0000,0.0000,0.0000,0.0000,0.0000,0.0000,
449,1,386,322,445,405,0.0000,0.0000,0.0000,0.0000,0.0000,0.0000,
450,1,386,322,445,405,0.0000,0.0000,0.0000,0.0000,0.0000,0.0000,
451,1,386,322,445,405,0.0000,0.0000,0.0000,0.0000,0.0000,0.0000,
452,1,386,322,445,405,0.0000,0.0000,0.0000,0.0000,0.0000,0.0000,
453,1,386,322,445,405,0.0000,0.0000,0.0000,0.0000,0.0000,0.0000,
454,1,386,322,445,405,0.0000,0.0000,0.0000,0.0000,0.0000,0.0000,
455,1,386,322,445,405,0.0000,0.0000,0.0000,0.0000,0.0000,0.0000,
456,1,386,322,445,405,0.0000,0.0000,0.0000,0.0000,0.0000,0.0000,
457,1,386,322,445,405,0.0000,0.0000,0.0000,0.0000,0.0000,0.0000,
458,1,386,322,445,405,0.0000,0.0000,0.0000,0.0000,0.0000,0.0000,
459,1,386,322,445,405,0.0000,0.0000,0.0000,0.0000,0.0000,0.0000,
460,1,386,322,445,405,0.0000,0.0000,0.0000,0.0000,0.0000,0.0000,
461,1,386,322,445,405,0.0000,0.0000,0.0000,0.0000,0.0000,0.0000,
462,1,386,322,445,405,0.0000,0.0000,0.0000,0.0000,0.0000,0.0000,
463,1,386,322,445,405,0.0000,0.0000,0.0000,0.0000,0.0000,0.0000,
464,1,386,322,445,405,0.0000,0.0000,0.0000,0.0000,0.0000,0.0000,
465,1,386,322,445,405,0.0000,0.0000,0.0000,0.0000,0.0000,0.0000,
466,1,386,322,445,405,0.0000,0.0000,0.0000,0.0000,0.0000,0.0000,
467,1,386,322,445,405,0.0000,0.0000,0.0000,0.0000,0.0000,0.0000,
468,1,386,322,445,405,0.0000,0.0000,0.0000,0.0000,0.0000,0.0000,
469,1,386,322,445,405,0.0000,0.0000,0.0000,0.0000,0.0000,0.0000,
470,1,386,322,445,405,0.0000,0.0000,0.0000,0.0000,0.0000,0.0000,
471,1,386,322,445,405,0.0000,0.0000,0.0000,0.0000,0.0000,0.0000,
472,1,386,322,445,405,0.0000,0.0000,0.0000,0.0000,0.0000,0.0000,
473,1,386,322,445,405,0.0000,0.0000,0.0000,0.0000,0.0000,0.0000,
474,1,386,322,445,405,0.0000,0.0000,0.0000,0.0000,0.0000,0.0000,
475,1,386,322,445,405,0.0000,0.0000,0.0000,0.0000,0.0000,0.0000,
476,1,386,322,445,405,0.0000,0.0000,0.0000,0.0000,0.0000,0.0000,
477,1,386,322,445,405,0.0000,0.0000,0.0000,0.0000,0.0000,0.0000,
478,1,386,322,445,405,0.0000,0.0000,0.0000,0.0000,0.0000,0.0000,
479,1,386,322,445,405,0.0000,0.0000,0.0000,0.0000,0.0000,0.0000,
480,1,386,322,445,405,0.0000,0.0000,0.0000,0.0000,0.0000,0.0000,
481,1,386,322,445,405,0.0000,0.0000,0.0000,0.0000,0.0000,0.0000,
482,1,386,322,445,405,0.0000,0.0000,0.0000,0.0000,0.0000,0.0000,
483,1,386,322,445,405,0.0000,0.0000,0.0000,0.0000,0.0000,0.0000,
484,1,386,322,445,405,0.0000,0.0000,0.0000,0.0000,0.0000,0.0000,
485,1,386,322,445,405,0.0000,0.0000,0.0000,0.0000,0.0000,0.0000,
486,1,386,322,445,405,0.0000,0.0000,0.0000,0.0000,0.0000,0.0000,
487,1,386,322,445,405,0.0000,0.0000,0.0000,0.0000,0.0000,0.0000,
488,1,386,322,445,405,0.0000,0.0000,0.0000,0.0000,0.0000,0.0000,
489,1,386,322,445,405,0.0000,0.0000,0.0000,0.0000,0.0000,0.0000,
490,1,386,322,445,405,0.0000,0.0000,0.0000,0.0000,0.0000,0.0000,
491,1,386,322,445,405,0.0000,0.0000,0.0000,0.0000,0.0000,0.0000,
492,1,386,322,445,405,0.0000,0.0000,0.0000,0.0000,0.0000,0.0000,
493,1,386,322,445,405,0.0000,0.0000,0.0000,0.0000,0.0000,0.0000,
494,1,386,322,445,405,0.0000,0.0000,0.0000,0.0000,0.0000,0.0000,
495,1,386,322,445,405,0.0000,0.0000,0.0000,0.0000,0.0000,0.0000,
496,1,386,322,445,405,0.0000,0.0000,0.0000,0.0000,0.0000,0.0000,
497,1,386,322,445,405,0.0000,0.0000,0.0000,0.0000,0.0000,0.0000,
498,1,386,322,445,405,0.0000,0.0000,0.0000,0.0000,0.0000,0.0000,
499,1,386,322,445,405,0.0000,0.0000,0.0000,0.0000,0.0000,0.0000,
500,1,386,322,445,405,0.0000,0.0000,0.0000,0.0000,0.0000,0.0000,
501,1,386,322,445,405,0.0000,0.0000,0.0000,0.0000,0.0000,0.0000,
502,1,386,322,445,405,0.0000,0.0000,0.0000,0.0000,0.0000,0.0000,
503,1,386,322,445,405,0.0000,0.0000,0.0000,0.0000,0.0000,0.0000,
504,1,386,322,445,405,0.0000,0.0000,0.0000,0.0000,0.0000,0.0000,
505,1,386,322,445,405,0.0000,0.0000,0.0000,0.0000,0.0000,0.0000,
506,1,386,322,445,405,0.0000,0.0000,0.0000,0.0000,0.0000,0.0000,
507,1,386,322,445,405,0.0000,0.0000,0.0000,0.0000,0.0000,0.0000,
508,1,386,322,445,405,0.0000,0.0000,0.0000,0.0000,0.0000,0.0000,
509,1,386,322,445,405,0.0000,0.0000,0.0000,0.0000,0.0000,0.0000,
510,1,386,322,445,405,0.0000,0.0000,0.0000,0.0000,0.0000,0.0000,
511,1,386,322,445,405,0.0000,0.0000,0.0000,0.0000,0.0000,0.0000,
512,1,386,322,445,405,0.0000,0.0000,0.0000,0.0000,0.0000,0.0000,
513,1,386,322,445,405,0.0000,0.0000,0.0000,0.0000,0.0000,0.0000,
514,1,386,322,445,405,0.0000,0.0000,0.0000,0.0000,0.0000,0.0000,
515,1,386,322,445,405,0.0000,0.0000,0.0000,0.0000,0.0000,0.0000,
516,1,386,322,445,405,0.0000,0.0000,0.0000,0.0000,0.0000,0.0000,
517,1,386,322,445,405,0.0000,0.0000,0.0000,0.0000,0.0000,0.0000,
518,1,386,322,445,405,0.0000,0.0000,0.0000,0.0000,0.0000,0.0000,
519,1,386,322,445,405,0.0000,0.0000,0.0000,0.0000,0.0000,0.0000,
520,1,386,322,445,405,0.0000,0.0000,0.0000,0.0000,0.0000,0.0000,
521,1,386,322,445,405,0.0000,0.0000,0.0000,0.0000,0.0000,0.0000,
522,1,386,322,445,405,0.0000,0.0000,0.0000,0.0000,0.0000,0.0000,
523,1,386,322,445,405,0.0000,0.0000,0.0000,0.0000,0.0000,0.0000,
524,1,386,322,445,405,0.0000,0.0000,0.0000,0.0000,0.0000,0.0000,
525,1,386,322,445,405,0.0000,0.0000,0.0000,0.0000,0.0000,0.0000,
526,1,386,322,445,405,0.0000,0.0000,0.0000,0.0000,0.0000,0.0000,
527,1,386,322,445,405,0.0000,0.0000,0.0000,0.0000,0.0000,0.0000,
528,1,386,322,445,405,0.0000,0.0000,0.0000,0.0000,0.0000,0.0000,
529,1,386,322,445,405,0.0000,0.0000,0.0000,0.0000,0.0000,0.0000,
530,1,386,322,445,405,0.0000,0.0000,0.0000,0.0000,0.0000,0.0000,
531,1,386,322,445,405,0.0000,0.0000,0.0000,0.0000,0.0000,0.0000,
532,1,386,322,445,405,0.0000,0.0000,0.0000,0.0000,0.0000,0.0000,
533,1,386,322,445,405,0.0000,0.0000,0.0000,0.0000,0.0000,0.0000,
534,1,386,322,445,405,0.0000,0.0000,0.0000,0.0000,0.0000,0.0000,
535,1,386,322,445,405,0.0000,0.0000,0.0000,0.0000,0.0000,0.0000,
536,1,386,322,445,405,0.0000,0.0000,0.0000,0.0000,0.0000,0.0000,
537,1,386,322,445,405,0.0000,0.0000,0.0000,0.0000,0.0000,0.0000,
538,1,386,322,445,405,0.0000,0.0000,0.0000,0.0000,0.0000,0.0000,
539,1,386,322,445,405,0.0000,0.0000,0.0000,0.0000,0.0000,0.0000,
540,1,386,322,445,405,0.0000,0.0000,0.0000,0.0000,0.0000,0.0000,
541,1,386,322,445,405,0.0000,0.0000,0.0000,0.0000,0.0000,0.0000,
542,1,386,322,445,405,0.0000,0.0000,0.0000,0.0000,0.0000,0.0000,
543,1,386,322,445,405,0.0000,0.0000,0.0000,0.0000,0.0000,0.0000,
544,1,386,322,445,405,0.0000,0.0000,0.0000,0.0000,0.0000,0.0000,
545,1,386,322,445,405,0.0000,0.0000,0.0000,0.0000,0.0000,0.0000,
546,1,386,322,445,405,0.0000,0.0000,0.0000,0.0000,0.0000,0.0000,
547,1,386,322,445,405,0.0000,0.0000,0.0000,0.0000,0.0000,0.0000,
548,1,386,322,445,405,0.0000,0.0000,0.0000,0.0000,0.0000,0.0000,
549,1,386,322,445,405,0.0000,0.0000,0.0000,0.0000,0.0000,0.0000,
550,1,386,322,445,405,0.0000,0.0000,0.0000,0.0000,0.0000,0.0000,
551,1,386,322,445,405,0.0000,0.0000,0.0000,0.0000,0.0000,0.0000,
552,1,386,322,445,405,0.0000,0.0000,0.0000,0.0000,0.0000,0.0000,
553,1,386,322,445,405,0.0000,0.0000,0.0000,0.0000,0.0000,0.0000,
554,1,386,322,445,405,0.0000,0.0000,0.0000,0.0000,0.0000,0.0000,
555,1,386,322,445,405,0.0000,0.0000,0.0000,0.0000,0.0000,0.0000,
556,1,386,322,445,405,0.0000,0.0000,0.0000,0.0000,0.0000,0.0000,
557,1,386,322,445,405,0.0000,0.0000,0.0000,0.0000,0.0000,0.0000,
558,1,386,322,445,405,0.0000,0.0000,0.0000,0.0000,0.0000,0.0000,
559,1,386,322,445,405,0.0000,0.0000,0.0000,0.0000,0.0000,0.0000,
560,1,386,322,445,405,0.0000,0.0000,0.0000,0.0000,0.0000,0.0000,
561,1,386,322,445,405,0.0000,0.0000,0.0000,0.0000,0.0000,0.0000,
562,1,386,322,445,405,0.0000,0.0000,0.0000,0.0000,0.0000,0.0000,
563,1,386,322,445,405,0.0000,0.0000,0.0000,0.0000,0.0000,0.0000,
564,1,386,322,445,405,0.0000,0.0000,0.0000,0.0000,0.0000,0.0000,
565,1,386,322,445,405,0.0000,0.0000,0.0000,0.0000,0.0000,0.0000,
566,1,386,322,445,405,0.0000,0.0000,0.0000,0.0000,0.0000,0.0000,
567,1,386,322,445,405,0.0000,0.0000,0.0000,0.0000,0.0000,0.0000,
568,1,386,322,445,405,0.0000,0.0000,0.0000,0.0000,0.0000,0.0000,
569,1,386,322,445,405,0.0000,0.0000,0.0000,0.0000,0.0000,0.0000,
570,1,386,322,445,405,0.0000,0.0000,0.0000,0.0000,0.0000,0.0000,
571,1,386,322,445,405,0.0000,0.0000,0.0000,0.0000,0.0000,0.0000,
572,1,386,322,445,405,0.0000,0.0000,0.0000,0.0000,0.0000,0.0000,
573,1,386,322,445,405,0.0000,0.0000,0.0000,0.0000,0.0000,0.0000,
574,1,386,322,445,405,0.0000,0.0000,0.0000,0.0000,0.0000,0.0000,
575,1,386,322,445,405,0.0000,0.0000,0.0000,0.0000,0.0000,0.0000,
576,1,386,322,445,405,0.0000,0.0000,0.0000,0.0000,0.0000,0.0000,
577,1,386,322,445,405,0.0000,0.0000,0.0000,0.0000,0.0000,0.0000,
578,1,386,322,445,405,0.0000,0.0000,0.0000,0.0000,0.0000,0.0000,
579,1,386,322,445,405,0.0000,0.0000,0.0000,0.0000,0.0000,0.0000,
580,1,386,322,445,405,0.0000,0.0000,0.0000,0.0000,0.0000,0.0000,
581,1,386,322,445,405,0.0000,0.0000,0.0000,0.0000,0.0000,0.0000,
582,1,386,322,445,405,0.0000,0.0000,0.0000,0.0000,0.0000,0.0000,
583,1,386,322,445,405,0.0000,0.0000,0.0000,0.0000,0.0000,0.0000,
584,1,386,322,445,405,0.0000,0.0000,0.0000,0.0000,0.0000,0.0000,
585,1,386,322,445,405,0.0000,0.0000,0.0000,0.0000,0.0000,0.0000,
