1,5,1,349,640,479,
2,5,1,349,640,479,
3,5,1,349,640,479,
4,5,1,349,640,479,
5,5,1,349,640,479,
6,5,1,349,640,479,
7,5,1,349,640,479,
8,5,1,349,640,479,
9,5,1,349,640,479,
10,5,1,349,640,479,
11,5,1,349,640,479,
12,5,1,349,640,479,
13,5,1,349,640,479,
14,5,1,349,640,479,
15,5,1,349,640,479,
16,5,1,349,640,479,
17,5,1,349,640,479,
18,5,1,349,640,479,
19,5,1,349,640,479,
20,5,1,349,640,479,
21,5,1,349,640,479,
22,5,1,349,640,479,
23,5,1,349,640,479,
24,5,1,349,640,479,
25,5,1,349,640,479,
26,5,1,349,640,479,
27,5,1,349,640,479,
28,5,1,349,640,479,
29,5,1,349,640,479,
30,5,1,349,640,479,
31,5,1,349,640,479,
32,5,1,349,640,479,
33,5,1,349,640,479,
34,5,1,349,640,479,
35,5,1,349,640,479,
36,5,1,349,640,479,
37,5,1,349,640,479,
38,5,1,349,640,479,
39,5,1,349,640,479,
40,5,1,349,640,479,
41,5,1,349,640,479,
42,5,1,349,640,479,
43,5,1,349,640,479,
44,5,1,349,640,479,
45,5,1,349,640,479,
46,5,1,349,640,479,
47,5,1,349,640,479,
48,5,1,349,640,479,
49,5,1,349,640,479,
50,5,1,349,640,479,
51,5,1,349,640,479,
52,5,1,349,640,479,
53,5,1,349,640,479,
54,5,1,349,640,479,
55,5,1,349,640,479,
56,5,1,349,640,479,
57,5,1,349,640,479,
58,5,1,349,640,479,
59,5,1,349,640,479,
60,5,1,349,640,479,
61,5,1,349,640,479,
62,5,1,349,640,479,
63,5,1,349,640,479,
64,5,1,349,640,479,
65,5,1,349,640,479,
66,5,1,349,640,479,
67,5,1,349,640,479,
68,5,1,349,640,479,
69,5,1,349,640,479,
70,5,1,349,640,479,
71,5,1,349,640,479,
72,5,1,349,640,479,
73,5,1,349,640,479,
74,5,1,349,640,479,
75,5,1,349,640,479,
76,5,1,349,640,479,
77,5,1,349,640,479,
78,5,1,349,640,479,
79,5,1,349,640,479,
80,5,1,349,640,479,
81,5,1,349,640,479,
82,5,1,349,640,479,
83,5,1,349,640,479,
84,5,1,349,640,479,
85,5,1,349,640,479,
86,5,1,349,640,479,
87,5,1,349,640,479,
88,5,1,349,640,479,
89,5,1,349,640,479,
90,5,1,349,640,479,
91,5,1,349,640,479,
92,5,1,349,640,479,
93,5,1,349,640,479,
94,5,1,349,640,479,
95,5,1,349,640,479,
96,5,1,349,640,479,
97,5,1,349,640,479,
98,5,1,349,640,479,
99,5,1,349,640,479,
100,5,1,349,640,479,
101,5,1,349,640,479,
102,5,1,349,640,479,
103,5,1,349,640,479,
104,5,1,349,640,479,
105,5,1,349,640,479,
106,5,1,349,640,479,
107,5,1,349,640,479,
108,5,1,349,640,479,
109,5,1,349,640,479,
110,5,1,349,640,479,
111,5,1,349,640,479,
112,5,1,349,640,479,
113,5,1,349,640,479,
114,5,1,349,640,479,
115,5,1,349,640,479,
116,5,1,349,640,479,
117,5,1,349,640,479,
118,5,1,349,640,479,
119,5,1,349,640,479,
120,5,1,349,640,479,
121,5,1,349,640,479,
122,5,1,349,640,479,
123,5,1,349,640,479,
124,5,1,349,640,479,
125,5,1,349,640,479,
126,5,1,349,640,479,
127,5,1,349,640,479,
128,5,1,349,640,479,
129,5,1,349,640,479,
130,5,1,349,640,479,
131,5,1,349,640,479,
132,5,1,349,640,479,
133,5,1,349,640,479,
134,5,1,349,640,479,
135,5,1,349,640,479,
136,5,1,349,640,479,
137,5,1,349,640,479,
138,5,1,349,640,479,
139,5,1,349,640,479,
140,5,1,349,640,479,
141,5,1,349,640,479,
142,5,1,349,640,479,
143,5,1,349,640,479,
144,5,1,349,640,479,
145,5,1,349,640,479,
146,5,1,349,640,479,
147,5,1,349,640,479,
148,5,1,349,640,479,
149,5,1,349,640,479,
150,5,1,349,640,479,
151,5,1,349,640,479,
152,5,1,349,640,479,
153,5,1,349,640,479,
154,5,1,349,640,479,
155,5,1,349,640,479,
156,5,1,349,640,479,
157,5,1,349,640,479,
158,5,1,349,640,479,
159,5,1,349,640,479,
160,5,1,349,640,479,
161,5,1,349,640,479,
162,5,1,349,640,479,
163,5,1,349,640,479,
164,5,1,349,640,479,
165,5,1,349,640,479,
166,5,1,349,640,479,
167,5,1,349,640,479,
168,5,1,349,640,479,
169,5,1,349,640,479,
170,5,1,349,640,479,
171,5,1,349,640,479,
172,5,1,349,640,479,
173,5,1,349,640,479,
174,5,1,349,640,479,
175,5,1,349,640,479,
176,5,1,349,640,479,
177,5,1,349,640,479,
178,5,1,349,640,479,
179,5,1,349,640,479,
180,5,1,349,640,479,
181,5,1,349,640,479,
182,5,1,349,640,479,
183,5,1,349,640,479,
184,5,1,349,640,479,
185,5,1,349,640,479,
186,5,1,349,640,479,
187,5,1,349,640,479,
188,5,1,349,640,479,
189,5,1,349,640,479,
190,5,1,349,640,479,
191,5,1,349,640,479,
192,5,1,349,640,479,
193,5,1,349,640,479,
194,5,1,349,640,479,
195,5,1,349,640,479,
196,5,1,349,640,479,
197,5,1,349,640,479,
198,5,1,349,640,479,
199,5,1,349,640,479,
200,5,1,349,640,479,
201,5,1,349,640,479,
202,5,1,349,640,479,
203,5,1,349,640,479,
204,5,1,349,640,479,
205,5,1,349,640,479,
206,5,1,349,640,479,
207,5,1,349,640,479,
208,5,1,349,640,479,
209,5,1,349,640,479,
210,5,1,349,640,479,
211,5,1,349,640,479,
212,5,1,349,640,479,
213,5,1,349,640,479,
214,5,1,349,640,479,
215,5,1,349,640,479,
216,5,1,349,640,479,
217,5,1,349,640,479,
218,5,1,349,640,479,
219,5,1,349,640,479,
220,5,1,349,640,479,
221,5,1,349,640,479,
222,5,1,349,640,479,
223,5,1,349,640,479,
224,5,1,349,640,479,
225,5,1,349,640,479,
226,5,1,349,640,479,
227,5,1,349,640,479,
228,5,1,349,640,479,
229,5,1,349,640,479,
230,5,1,349,640,479,
231,5,1,349,640,479,
232,5,1,349,640,479,
233,5,1,349,640,479,
234,5,1,349,640,479,
235,5,1,349,640,479,
236,5,1,349,640,479,
237,5,1,349,640,479,
238,5,1,349,640,479,
239,5,1,349,640,479,
240,5,1,349,640,479,
241,5,1,349,640,479,
242,5,1,349,640,479,
243,5,1,349,640,479,
244,5,1,349,640,479,
245,5,1,349,640,479,
246,5,1,349,640,479,
247,5,1,349,640,479,
248,5,1,349,640,479,
249,5,1,349,640,479,
250,5,1,349,640,479,
251,5,1,349,640,479,
252,5,1,349,640,479,
253,5,1,349,640,479,
254,5,1,349,640,479,
255,5,1,349,640,479,
256,5,1,349,640,479,
257,5,1,349,640,479,
258,5,1,349,640,479,
259,5,1,349,640,479,
260,5,1,349,640,479,
261,5,1,349,640,479,
262,5,1,349,640,479,
263,5,1,349,640,479,
264,5,1,349,640,479,
265,5,1,349,640,479,
266,5,1,349,640,479,
267,5,1,349,640,479,
268,5,1,349,640,479,
269,5,1,349,640,479,
270,5,1,349,640,479,
271,5,1,349,640,479,
272,5,1,349,640,479,
273,5,1,349,640,479,
274,5,1,349,640,479,
275,5,1,349,640,479,
276,5,1,349,640,479,
277,5,1,349,640,479,
278,5,1,349,640,479,
279,5,1,349,640,479,
280,5,1,349,640,479,
281,5,1,349,640,479,
282,5,1,349,640,479,
283,5,1,349,640,479,
284,5,1,349,640,479,
285,5,1,349,640,479,
286,5,1,349,640,479,
287,5,1,349,640,479,
288,5,1,349,640,479,
289,5,1,349,640,479,
290,5,1,349,640,479,
291,5,1,349,640,479,
292,5,1,349,640,479,
293,5,1,349,640,479,
294,5,1,349,640,479,
295,5,1,349,640,479,
296,5,1,349,640,479,
297,5,1,349,640,479,
298,5,1,349,640,479,
299,5,1,349,640,479,
300,5,1,349,640,479,
301,5,1,349,640,479,
302,5,1,349,640,479,
303,5,1,349,640,479,
304,5,1,349,640,479,
305,5,1,349,640,479,
306,5,1,349,640,479,
307,5,1,349,640,479,
308,5,1,349,640,479,
309,5,1,349,640,479,
310,5,1,349,640,479,
311,5,1,349,640,479,
312,5,1,349,640,479,
313,5,1,349,640,479,
314,5,1,349,640,479,
315,5,1,349,640,479,
316,5,1,349,640,479,
317,5,1,349,640,479,
318,5,1,349,640,479,
319,5,1,349,640,479,
320,5,1,349,640,479,
321,5,1,349,640,479,
322,5,1,349,640,479,
323,5,1,349,640,479,
324,5,1,349,640,479,
325,5,1,349,640,479,
326,5,1,349,640,479,
327,5,1,349,640,479,
328,5,1,349,640,479,
329,5,1,349,640,479,
330,5,1,349,640,479,
331,5,1,349,640,479,
332,5,1,349,640,479,
333,5,1,349,640,479,
334,5,1,349,640,479,
335,5,1,349,640,479,
336,5,1,349,640,479,
337,5,1,349,640,479,
338,5,1,349,640,479,
339,5,1,349,640,479,
340,5,1,349,640,479,
341,5,1,349,640,479,
342,5,1,349,640,479,
343,5,1,349,640,479,
344,5,1,349,640,479,
345,5,1,349,640,479,
346,5,1,349,640,479,
347,5,1,349,640,479,
348,5,1,349,640,479,
349,5,1,349,640,479,
350,5,1,349,640,479,
351,5,1,349,640,479,
352,5,1,349,640,479,
353,5,1,349,640,479,
354,5,1,349,640,479,
355,5,1,349,640,479,
356,5,1,349,640,479,
357,5,1,349,640,479,
358,5,1,349,640,479,
359,5,1,349,640,479,
360,5,1,349,640,479,
361,5,1,349,640,479,
362,5,1,349,640,479,
363,5,1,349,640,479,
364,5,1,349,640,479,
365,5,1,349,640,479,
366,5,1,349,640,479,
367,5,1,349,640,479,
368,5,1,349,640,479,
369,5,1,349,640,479,
370,5,1,349,640,479,
371,5,1,349,640,479,
372,5,1,349,640,479,
373,5,1,349,640,479,
374,5,1,349,640,479,
375,5,1,349,640,479,
376,5,1,349,640,479,
377,5,1,349,640,479,
378,5,1,349,640,479,
379,5,1,349,640,479,
380,5,1,349,640,479,
381,5,1,349,640,479,
382,5,1,349,640,479,
383,5,1,349,640,479,
384,5,1,349,640,479,
385,5,1,349,640,479,
386,5,1,349,640,479,
387,5,1,349,640,479,
388,5,1,349,640,479,
389,5,1,349,640,479,
390,5,1,349,640,479,
391,5,1,349,640,479,
392,5,1,349,640,479,
393,5,1,349,640,479,
394,5,1,349,640,479,
395,5,1,349,640,479,
396,5,1,349,640,479,
397,5,1,349,640,479,
398,5,1,349,640,479,
399,5,1,349,640,479,
400,5,1,349,640,479,
401,5,1,349,640,479,
402,5,1,349,640,479,
403,5,1,349,640,479,
404,5,1,349,640,479,
405,5,1,349,640,479,
406,5,1,349,640,479,
407,5,1,349,640,479,
408,5,1,349,640,479,
409,5,1,349,640,479,
410,5,1,349,640,479,
411,5,1,349,640,479,
412,5,1,349,640,479,
413,5,1,349,640,479,
414,5,1,349,640,479,
415,5,1,349,640,479,
416,5,1,349,640,479,
417,5,1,349,640,479,
418,5,1,349,640,479,
419,5,1,349,640,479,
420,5,1,349,640,479,
421,5,1,349,640,479,
422,5,1,349,640,479,
423,5,1,349,640,479,
424,5,1,349,640,479,
425,5,1,349,640,479,
426,5,1,349,640,479,
427,5,1,349,640,479,
428,5,1,349,640,479,
429,5,1,349,640,479,
430,5,1,349,640,479,
431,5,1,349,640,479,
432,5,1,349,640,479,
433,5,1,349,640,479,
434,5,1,349,640,479,
435,5,1,349,640,479,
436,5,1,349,640,479,
437,5,1,349,640,479,
438,5,1,349,640,479,
439,5,1,349,640,479,
440,5,1,349,640,479,
441,5,1,349,640,479,
442,5,1,349,640,479,
443,5,1,349,640,479,
444,5,1,349,640,479,
445,5,1,349,640,479,
446,5,1,349,640,479,
447,5,1,349,640,479,
448,5,1,349,640,479,
449,5,1,349,640,479,
450,5,1,349,640,479,
451,5,1,349,640,479,
452,5,1,349,640,479,
453,5,1,349,640,479,
454,5,1,349,640,479,
455,5,1,349,640,479,
456,5,1,349,640,479,
457,5,1,349,640,479,
458,5,1,349,640,479,
459,5,1,349,640,479,
460,5,1,349,640,479,
461,5,1,349,640,479,
462,5,1,349,640,479,
463,5,1,349,640,479,
464,5,1,349,640,479,
465,5,1,349,640,479,
466,5,1,349,640,479,
467,5,1,349,640,479,
468,5,1,349,640,479,
469,5,1,349,640,479,
470,5,1,349,640,479,
471,5,1,349,640,479,
472,5,1,349,640,479,
473,5,1,349,640,479,
474,5,1,349,640,479,
475,5,1,349,640,479,
476,5,1,349,640,479,
477,5,1,349,640,479,
478,5,1,349,640,479,
479,5,1,349,640,479,
480,5,1,349,640,479,
481,5,1,349,640,479,
482,5,1,349,640,479,
483,5,1,349,640,479,
484,5,1,349,640,479,
485,5,1,349,640,479,
486,5,1,349,640,479,
487,5,1,349,640,479,
488,5,1,349,640,479,
489,5,1,349,640,479,
490,5,1,349,640,479,
491,5,1,349,640,479,
