1,3,304,346,417,419,0.0000,0.0000,0.0000,0.0000,0.0000,0.0000,
2,3,304,346,417,419,0.0000,0.0000,0.0000,0.0000,0.0000,0.0000,
3,3,304,346,417,419,0.0000,0.0000,0.0000,0.0000,0.0000,0.0000,
4,3,304,346,417,419,0.0000,0.0000,0.0000,0.0000,0.0000,0.0000,
5,3,304,346,417,419,0.0000,0.0000,0.0000,0.0000,0.0000,0.0000,
6,3,304,346,417,419,0.0000,0.0000,0.0000,0.0000,0.0000,0.0000,
7,3,304,346,417,419,0.0000,0.0000,0.0000,0.0000,0.0000,0.0000,
8,3,304,346,417,419,0.0000,0.0000,0.0000,0.0000,0.0000,0.0000,
9,3,304,346,417,419,0.0000,0.0000,0.0000,0.0000,0.0000,0.0000,
10,3,304,346,417,419,0.0000,0.0000,0.0000,0.0000,0.0000,0.0000,
11,3,304,346,417,419,0.0000,0.0000,0.0000,0.0000,0.0000,0.0000,
12,3,304,346,417,419,0.0000,0.0000,0.0000,0.0000,0.0000,0.0000,
13,3,304,346,417,419,0.0000,0.0000,0.0000,0.0000,0.0000,0.0000,
14,3,304,346,417,419,0.0000,0.0000,0.0000,0.0000,0.0000,0.0000,
15,3,304,346,417,419,0.0000,0.0000,0.0000,0.0000,0.0000,0.0000,
16,3,304,346,417,419,0.0000,0.0000,0.0000,0.0000,0.0000,0.0000,
17,3,304,346,417,419,0.0000,0.0000,0.0000,0.0000,0.0000,0.0000,
18,3,304,346,417,419,0.0000,0.0000,0.0000,0.0000,0.0000,0.0000,
19,3,304,346,417,419,0.0000,0.0000,0.0000,0.0000,0.0000,0.0000,
20,3,304,346,417,419,0.0000,0.0000,0.0000,0.0000,0.0000,0.0000,
21,3,304,346,417,419,0.0000,0.0000,0.0000,0.0000,0.0000,0.0000,
22,3,304,346,417,419,0.0000,0.0000,0.0000,0.0000,0.0000,0.0000,
23,3,304,346,417,419,0.0000,0.0000,0.0000,0.0000,0.0000,0.0000,
24,3,304,346,417,419,0.0000,0.0000,0.0000,0.0000,0.0000,0.0000,
25,3,304,346,417,419,0.0000,0.0000,0.0000,0.0000,0.0000,0.0000,
26,3,304,346,417,419,0.0000,0.0000,0.0000,0.0000,0.0000,0.0000,
27,3,304,346,417,419,0.0000,0.0000,0.0000,0.0000,0.0000,0.0000,
28,3,304,346,417,419,0.0000,0.0000,0.0000,0.0000,0.0000,0.0000,
29,3,304,346,417,419,0.0000,0.0000,0.0000,0.0000,0.0000,0.0000,
30,3,304,346,417,419,0.0000,0.0000,0.0000,0.0000,0.0000,0.0000,
31,3,304,346,417,419,0.0000,0.0000,0.0000,0.0000,0.0000,0.0000,
32,3,304,346,417,419,0.0000,0.0000,0.0000,0.0000,0.0000,0.0000,
33,3,304,346,417,419,0.0000,0.0000,0.0000,0.0000,0.0000,0.0000,
34,3,304,346,417,419,0.0000,0.0000,0.0000,0.0000,0.0000,0.0000,
35,3,304,346,417,419,0.0000,0.0000,0.0000,0.0000,0.0000,0.0000,
36,3,304,346,417,419,0.0000,0.0000,0.0000,0.0000,0.0000,0.0000,
37,3,304,346,417,419,0.0000,0.0000,0.0000,0.0000,0.0000,0.0000,
38,3,304,346,417,419,0.0000,0.0000,0.0000,0.0000,0.0000,0.0000,
39,3,304,346,417,419,0.0000,0.0000,0.0000,0.0000,0.0000,0.0000,
40,3,304,346,417,419,0.0000,0.0000,0.0000,0.0000,0.0000,0.0000,
41,3,304,346,417,419,0.0000,0.0000,0.0000,0.0000,0.0000,0.0000,
42,3,304,346,417,419,0.0000,0.0000,0.0000,0.0000,0.0000,0.0000,
43,3,304,346,417,419,0.0000,0.0000,0.0000,0.0000,0.0000,0.0000,
44,3,304,346,417,419,0.0000,0.0000,0.0000,0.0000,0.0000,0.0000,
45,3,304,346,417,419,0.0000,0.0000,0.0000,0.0000,0.0000,0.0000,
46,3,304,346,417,419,0.0000,0.0000,0.0000,0.0000,0.0000,0.0000,
47,3,304,346,417,419,0.0000,0.0000,0.0000,0.0000,0.0000,0.0000,
48,3,304,346,417,419,0.0000,0.0000,0.0000,0.0000,0.0000,0.0000,
49,3,304,346,417,419,0.0000,0.0000,0.0000,0.0000,0.0000,0.0000,
50,3,304,346,417,419,0.0000,0.0000,0.0000,0.0000,0.0000,0.0000,
51,3,304,346,417,419,0.0000,0.0000,0.0000,0.0000,0.0000,0.0000,
52,3,304,346,417,419,0.0000,0.0000,0.0000,0.0000,0.0000,0.0000,
53,3,304,346,417,419,0.0000,0.0000,0.0000,0.0000,0.0000,0.0000,
54,3,304,346,417,419,0.0000,0.0000,0.0000,0.0000,0.0000,0.0000,
55,3,304,346,417,419,0.0000,0.0000,0.0000,0.0000,0.0000,0.0000,
56,3,304,346,417,419,0.0000,0.0000,0.0000,0.0000,0.0000,0.0000,
57,3,304,346,417,419,0.0000,0.0000,0.0000,0.0000,0.0000,0.0000,
58,3,304,346,417,419,0.0000,0.0000,0.0000,0.0000,0.0000,0.0000,
59,3,304,346,417,419,0.0000,0.0000,0.0000,0.0000,0.0000,0.0000,
60,3,304,346,417,419,0.0000,0.0000,0.0000,0.0000,0.0000,0.0000,
61,3,304,346,417,419,0.0000,0.0000,0.0000,0.0000,0.0000,0.0000,
62,3,304,346,417,419,0.0000,0.0000,0.0000,0.0000,0.0000,0.0000,
63,3,304,346,417,419,0.0000,0.0000,0.0000,0.0000,0.0000,0.0000,
64,3,304,346,417,419,0.0000,0.0000,0.0000,0.0000,0.0000,0.0000,
65,3,304,346,417,419,0.0000,0.0000,0.0000,0.0000,0.0000,0.0000,
66,3,304,346,417,419,0.0000,0.0000,0.0000,0.0000,0.0000,0.0000,
67,3,304,346,417,419,0.0000,0.0000,0.0000,0.0000,0.0000,0.0000,
68,3,304,346,417,419,0.0000,0.0000,0.0000,0.0000,0.0000,0.0000,
69,3,304,346,417,419,0.0000,0.0000,0.0000,0.0000,0.0000,0.0000,
70,3,304,346,417,419,0.0000,0.0000,0.0000,0.0000,0.0000,0.0000,
71,3,304,346,417,419,0.0000,0.0000,0.0000,0.0000,0.0000,0.0000,
72,3,304,346,417,419,0.0000,0.0000,0.0000,0.0000,0.0000,0.0000,
73,3,304,346,417,419,0.0000,0.0000,0.0000,0.0000,0.0000,0.0000,
74,3,304,346,417,419,0.0000,0.0000,0.0000,0.0000,0.0000,0.0000,
75,3,304,346,417,419,0.0000,0.0000,0.0000,0.0000,0.0000,0.0000,
76,3,304,346,417,419,0.0000,0.0000,0.0000,0.0000,0.0000,0.0000,
77,3,304,346,417,419,0.0000,0.0000,0.0000,0.0000,0.0000,0.0000,
78,3,304,346,417,419,0.0000,0.0000,0.0000,0.0000,0.0000,0.0000,
79,3,304,346,417,419,0.0000,0.0000,0.0000,0.0000,0.0000,0.0000,
80,3,304,346,417,419,0.0000,0.0000,0.0000,0.0000,0.0000,0.0000,
81,3,304,346,417,419,0.0000,0.0000,0.0000,0.0000,0.0000,0.0000,
82,3,304,346,417,419,0.0000,0.0000,0.0000,0.0000,0.0000,0.0000,
83,3,304,346,417,419,0.0000,0.0000,0.0000,0.0000,0.0000,0.0000,
84,3,304,346,417,419,0.0000,0.0000,0.0000,0.0000,0.0000,0.0000,
85,3,304,346,417,419,0.0000,0.0000,0.0000,0.0000,0.0000,0.0000,
86,3,304,346,417,419,0.0000,0.0000,0.0000,0.0000,0.0000,0.0000,
87,3,304,346,417,419,0.0000,0.0000,0.0000,0.0000,0.0000,0.0000,
88,3,304,346,417,419,0.0000,0.0000,0.0000,0.0000,0.0000,0.0000,
89,3,304,346,417,419,0.0000,0.0000,0.0000,0.0000,0.0000,0.0000,
90,3,304,346,417,419,0.0000,0.0000,0.0000,0.0000,0.0000,0.0000,
91,3,304,346,417,419,0.0000,0.0000,0.0000,0.0000,0.0000,0.0000,
92,3,304,346,417,419,0.0000,0.0000,0.0000,0.0000,0.0000,0.0000,
93,3,304,346,417,419,0.0000,0.0000,0.0000,0.0000,0.0000,0.0000,
94,3,304,346,417,419,0.0000,0.0000,0.0000,0.0000,0.0000,0.0000,
95,3,304,346,417,419,0.0000,0.0000,0.0000,0.0000,0.0000,0.0000,
96,3,304,346,417,419,0.0000,0.0000,0.0000,0.0000,0.0000,0.0000,
97,3,304,346,417,419,0.0000,0.0000,0.0000,0.0000,0.0000,0.0000,
98,3,304,346,417,419,0.0000,0.0000,0.0000,0.0000,0.0000,0.0000,
99,3,304,346,417,419,0.0000,0.0000,0.0000,0.0000,0.0000,0.0000,
100,3,304,346,417,419,0.0000,0.0000,0.0000,0.0000,0.0000,0.0000,
101,3,304,346,417,419,0.0000,0.0000,0.0000,0.0000,0.0000,0.0000,
102,3,304,346,417,419,0.0000,0.0000,0.0000,0.0000,0.0000,0.0000,
103,3,304,346,417,419,0.0000,0.0000,0.0000,0.0000,0.0000,0.0000,
104,3,304,346,417,419,0.0000,0.0000,0.0000,0.0000,0.0000,0.0000,
105,3,304,346,417,419,0.0000,0.0000,0.0000,0.0000,0.0000,0.0000,
106,3,304,346,417,419,0.0000,0.0000,0.0000,0.0000,0.0000,0.0000,
107,3,304,346,417,419,0.0000,0.0000,0.0000,0.0000,0.0000,0.0000,
108,3,304,346,417,419,0.0000,0.0000,0.0000,0.0000,0.0000,0.0000,
109,3,304,346,417,419,0.0000,0.0000,0.0000,0.0000,0.0000,0.0000,
110,3,304,346,417,419,0.0000,0.0000,0.0000,0.0000,0.0000,0.0000,
111,3,304,346,417,419,0.0000,0.0000,0.0000,0.0000,0.0000,0.0000,
112,3,304,346,417,419,0.0000,0.0000,0.0000,0.0000,0.0000,0.0000,
113,3,304,346,417,419,0.0000,0.0000,0.0000,0.0000,0.0000,0.0000,
114,3,304,346,417,419,0.0000,0.0000,0.0000,0.0000,0.0000,0.0000,
115,3,304,346,417,419,0.0000,0.0000,0.0000,0.0000,0.0000,0.0000,
116,3,304,346,417,419,0.0000,0.0000,0.0000,0.0000,0.0000,0.0000,
117,3,304,346,417,419,0.0000,0.0000,0.0000,0.0000,0.0000,0.0000,
118,3,304,346,417,419,0.0000,0.0000,0.0000,0.0000,0.0000,0.0000,
119,3,304,346,417,419,0.0000,0.0000,0.0000,0.0000,0.0000,0.0000,
120,3,304,346,417,419,0.0000,0.0000,0.0000,0.0000,0.0000,0.0000,
121,3,304,346,417,419,0.0000,0.0000,0.0000,0.0000,0.0000,0.0000,
122,3,304,346,417,419,0.0000,0.0000,0.0000,0.0000,0.0000,0.0000,
123,3,304,346,417,419,0.0000,0.0000,0.0000,0.0000,0.0000,0.0000,
124,3,304,346,417,419,0.0000,0.0000,0.0000,0.0000,0.0000,0.0000,
125,3,304,346,417,419,0.0000,0.0000,0.0000,0.0000,0.0000,0.0000,
126,3,304,346,417,419,0.0000,0.0000,0.0000,0.0000,0.0000,0.0000,
127,3,304,346,417,419,0.0000,0.0000,0.0000,0.0000,0.0000,0.0000,
128,3,304,346,417,419,0.0000,0.0000,0.0000,0.0000,0.0000,0.0000,
129,3,304,346,417,419,0.0000,0.0000,0.0000,0.0000,0.0000,0.0000,
130,3,304,346,417,419,0.0000,0.0000,0.0000,0.0000,0.0000,0.0000,
131,3,304,346,417,419,0.0000,0.0000,0.0000,0.0000,0.0000,0.0000,
132,3,304,346,417,419,0.0000,0.0000,0.0000,0.0000,0.0000,0.0000,
133,3,304,346,417,419,0.0000,0.0000,0.0000,0.0000,0.0000,0.0000,
134,3,304,346,417,419,0.0000,0.0000,0.0000,0.0000,0.0000,0.0000,
135,3,304,346,417,419,0.0000,0.0000,0.0000,0.0000,0.0000,0.0000,
136,3,304,346,417,419,0.0000,0.0000,0.0000,0.0000,0.0000,0.0000,
137,3,304,346,417,419,0.0000,0.0000,0.0000,0.0000,0.0000,0.0000,
138,3,304,346,417,419,0.0000,0.0000,0.0000,0.0000,0.0000,0.0000,
139,3,304,346,417,419,0.0000,0.0000,0.0000,0.0000,0.0000,0.0000,
140,3,304,346,417,419,0.0000,0.0000,0.0000,0.0000,0.0000,0.0000,
141,3,304,346,417,419,0.0000,0.0000,0.0000,0.0000,0.0000,0.0000,
142,3,304,346,417,419,0.0000,0.0000,0.0000,0.0000,0.0000,0.0000,
143,3,304,346,417,419,0.0000,0.0000,0.0000,0.0000,0.0000,0.0000,
144,3,304,346,417,419,0.0000,0.0000,0.0000,0.0000,0.0000,0.0000,
145,3,304,346,417,419,0.0000,0.0000,0.0000,0.0000,0.0000,0.0000,
146,3,304,346,417,419,0.0000,0.0000,0.0000,0.0000,0.0000,0.0000,
147,3,304,346,417,419,0.0000,0.0000,0.0000,0.0000,0.0000,0.0000,
148,3,304,346,417,419,0.0000,0.0000,0.0000,0.0000,0.0000,0.0000,
149,3,304,346,417,419,0.0000,0.0000,0.0000,0.0000,0.0000,0.0000,
150,3,304,346,417,419,0.0000,0.0000,0.0000,0.0000,0.0000,0.0000,
151,3,304,346,417,419,0.0000,0.0000,0.0000,0.0000,0.0000,0.0000,
152,3,304,346,417,419,0.0000,0.0000,0.0000,0.0000,0.0000,0.0000,
153,3,304,346,417,419,0.0000,0.0000,0.0000,0.0000,0.0000,0.0000,
154,3,304,346,417,419,0.0000,0.0000,0.0000,0.0000,0.0000,0.0000,
155,3,304,346,417,419,0.0000,0.0000,0.0000,0.0000,0.0000,0.0000,
156,3,304,346,417,419,0.0000,0.0000,0.0000,0.0000,0.0000,0.0000,
157,3,304,346,417,419,0.0000,0.0000,0.0000,0.0000,0.0000,0.0000,
158,3,304,346,417,419,0.0000,0.0000,0.0000,0.0000,0.0000,0.0000,
159,3,304,346,417,419,0.0000,0.0000,0.0000,0.0000,0.0000,0.0000,
160,3,304,346,417,419,0.0000,0.0000,0.0000,0.0000,0.0000,0.0000,
161,3,304,346,417,419,0.0000,0.0000,0.0000,0.0000,0.0000,0.0000,
162,3,304,346,417,419,0.0000,0.0000,0.0000,0.0000,0.0000,0.0000,
163,3,304,346,417,419,0.0000,0.0000,0.0000,0.0000,0.0000,0.0000,
164,3,304,346,417,419,0.0000,0.0000,0.0000,0.0000,0.0000,0.0000,
165,3,304,346,417,419,0.0000,0.0000,0.0000,0.0000,0.0000,0.0000,
166,3,304,346,417,419,0.0000,0.0000,0.0000,0.0000,0.0000,0.0000,
167,3,304,346,417,419,0.0000,0.0000,0.0000,0.0000,0.0000,0.0000,
168,3,304,346,417,419,0.0000,0.0000,0.0000,0.0000,0.0000,0.0000,
169,3,304,346,417,419,0.0000,0.0000,0.0000,0.0000,0.0000,0.0000,
170,3,304,346,417,419,0.0000,0.0000,0.0000,0.0000,0.0000,0.0000,
171,3,304,346,417,419,0.0000,0.0000,0.0000,0.0000,0.0000,0.0000,
172,3,304,346,417,419,0.0000,0.0000,0.0000,0.0000,0.0000,0.0000,
173,3,304,346,417,419,0.0000,0.0000,0.0000,0.0000,0.0000,0.0000,
174,3,304,346,417,419,0.0000,0.0000,0.0000,0.0000,0.0000,0.0000,
175,3,304,346,417,419,0.0000,0.0000,0.0000,0.0000,0.0000,0.0000,
176,3,304,346,417,419,0.0000,0.0000,0.0000,0.0000,0.0000,0.0000,
177,3,304,346,417,419,0.0000,0.0000,0.0000,0.0000,0.0000,0.0000,
178,3,304,346,417,419,0.0000,0.0000,0.0000,0.0000,0.0000,0.0000,
179,3,304,346,417,419,0.0000,0.0000,0.0000,0.0000,0.0000,0.0000,
180,3,304,346,417,419,0.0000,0.0000,0.0000,0.0000,0.0000,0.0000,
181,3,304,346,417,419,0.0000,0.0000,0.0000,0.0000,0.0000,0.0000,
182,3,304,346,417,419,0.0000,0.0000,0.0000,0.0000,0.0000,0.0000,
183,3,304,346,417,419,0.0000,0.0000,0.0000,0.0000,0.0000,0.0000,
184,3,304,346,417,419,0.0000,0.0000,0.0000,0.0000,0.0000,0.0000,
185,3,304,346,417,419,0.0000,0.0000,0.0000,0.0000,0.0000,0.0000,
186,3,304,346,417,419,0.0000,0.0000,0.0000,0.0000,0.0000,0.0000,
187,3,304,346,417,419,0.0000,0.0000,0.0000,0.0000,0.0000,0.0000,
188,3,304,346,417,419,0.0000,0.0000,0.0000,0.0000,0.0000,0.0000,
189,3,304,346,417,419,0.0000,0.0000,0.0000,0.0000,0.0000,0.0000,
190,3,304,346,417,419,0.0000,0.0000,0.0000,0.0000,0.0000,0.0000,
191,3,304,346,417,419,0.0000,0.0000,0.0000,0.0000,0.0000,0.0000,
192,3,304,346,417,419,0.0000,0.0000,0.0000,0.0000,0.0000,0.0000,
193,3,304,346,417,419,0.0000,0.0000,0.0000,0.0000,0.0000,0.0000,
194,3,304,346,417,419,0.0000,0.0000,0.0000,0.0000,0.0000,0.0000,
195,3,304,346,417,419,0.0000,0.0000,0.0000,0.0000,0.0000,0.0000,
196,3,304,346,417,419,0.0000,0.0000,0.0000,0.0000,0.0000,0.0000,
197,3,304,346,417,419,0.0000,0.0000,0.0000,0.0000,0.0000,0.0000,
198,3,304,346,417,419,0.0000,0.0000,0.0000,0.0000,0.0000,0.0000,
199,3,304,346,417,419,0.0000,0.0000,0.0000,0.0000,0.0000,0.0000,
200,3,304,346,417,419,0.0000,0.0000,0.0000,0.0000,0.0000,0.0000,
201,3,304,346,417,419,0.0000,0.0000,0.0000,0.0000,0.0000,0.0000,
202,3,304,346,417,419,0.0000,0.0000,0.0000,0.0000,0.0000,0.0000,
203,3,304,346,417,419,0.0000,0.0000,0.0000,0.0000,0.0000,0.0000,
204,3,304,346,417,419,0.0000,0.0000,0.0000,0.0000,0.0000,0.0000,
205,3,304,346,417,419,0.0000,0.0000,0.0000,0.0000,0.0000,0.0000,
206,3,304,346,417,419,0.0000,0.0000,0.0000,0.0000,0.0000,0.0000,
207,3,304,346,417,419,0.0000,0.0000,0.0000,0.0000,0.0000,0.0000,
208,3,304,346,417,419,0.0000,0.0000,0.0000,0.0000,0.0000,0.0000,
209,3,304,346,417,419,0.0000,0.0000,0.0000,0.0000,0.0000,0.0000,
210,3,304,346,417,419,0.0000,0.0000,0.0000,0.0000,0.0000,0.0000,
211,3,304,346,417,419,0.0000,0.0000,0.0000,0.0000,0.0000,0.0000,
212,3,304,346,417,419,0.0000,0.0000,0.0000,0.0000,0.0000,0.0000,
213,3,304,346,417,419,0.0000,0.0000,0.0000,0.0000,0.0000,0.0000,
214,3,304,346,417,419,0.0000,0.0000,0.0000,0.0000,0.0000,0.0000,
215,3,304,346,417,419,0.0000,0.0000,0.0000,0.0000,0.0000,0.0000,
216,3,304,346,417,419,0.0000,0.0000,0.0000,0.0000,0.0000,0.0000,
217,3,304,346,417,419,0.0000,0.0000,0.0000,0.0000,0.0000,0.0000,
218,3,304,346,417,419,0.0000,0.0000,0.0000,0.0000,0.0000,0.0000,
219,3,304,346,417,419,0.0000,0.0000,0.0000,0.0000,0.0000,0.0000,
220,3,304,346,417,419,0.0000,0.0000,0.0000,0.0000,0.0000,0.0000,
221,3,304,346,417,419,0.0000,0.0000,0.0000,0.0000,0.0000,0.0000,
222,3,304,346,417,419,0.0000,0.0000,0.0000,0.0000,0.0000,0.0000,
223,3,304,346,417,419,0.0000,0.0000,0.0000,0.0000,0.0000,0.0000,
224,3,304,346,417,419,0.0000,0.0000,0.0000,0.0000,0.0000,0.0000,
225,3,304,346,417,419,0.0000,0.0000,0.0000,0.0000,0.0000,0.0000,
226,3,304,346,417,419,0.0000,0.0000,0.0000,0.0000,0.0000,0.0000,
227,3,304,346,417,419,0.0000,0.0000,0.0000,0.0000,0.0000,0.0000,
228,3,304,346,417,419,0.0000,0.0000,0.0000,0.0000,0.0000,0.0000,
229,3,304,346,417,419,0.0000,0.0000,0.0000,0.0000,0.0000,0.0000,
230,3,304,346,417,419,0.0000,0.0000,0.0000,0.0000,0.0000,0.0000,
231,3,304,346,417,419,0.0000,0.0000,0.0000,0.0000,0.0000,0.0000,
232,3,304,346,417,419,0.0000,0.0000,0.0000,0.0000,0.0000,0.0000,
233,3,304,346,417,419,0.0000,0.0000,0.0000,0.0000,0.0000,0.0000,
234,3,304,346,417,419,0.0000,0.0000,0.0000,0.0000,0.0000,0.0000,
235,3,304,346,417,419,0.0000,0.0000,0.0000,0.0000,0.0000,0.0000,
236,3,304,346,417,419,0.0000,0.0000,0.0000,0.0000,0.0000,0.0000,
237,3,304,346,417,419,0.0000,0.0000,0.0000,0.0000,0.0000,0.0000,
238,3,304,346,417,419,0.0000,0.0000,0.0000,0.0000,0.0000,0.0000,
239,3,304,346,417,419,0.0000,0.0000,0.0000,0.0000,0.0000,0.0000,
240,3,304,346,417,419,0.0000,0.0000,0.0000,0.0000,0.0000,0.0000,
241,3,304,346,417,419,0.0000,0.0000,0.0000,0.0000,0.0000,0.0000,
242,3,304,346,417,419,0.0000,0.0000,0.0000,0.0000,0.0000,0.0000,
243,3,304,346,417,419,0.0000,0.0000,0.0000,0.0000,0.0000,0.0000,
244,3,304,346,417,419,0.0000,0.0000,0.0000,0.0000,0.0000,0.0000,
245,3,304,346,417,419,0.0000,0.0000,0.0000,0.0000,0.0000,0.0000,
246,3,304,346,417,419,0.0000,0.0000,0.0000,0.0000,0.0000,0.0000,
247,3,304,346,417,419,0.0000,0.0000,0.0000,0.0000,0.0000,0.0000,
248,3,304,346,417,419,0.0000,0.0000,0.0000,0.0000,0.0000,0.0000,
249,3,304,346,417,419,0.0000,0.0000,0.0000,0.0000,0.0000,0.0000,
250,3,304,346,417,419,0.0000,0.0000,0.0000,0.0000,0.0000,0.0000,
251,3,304,346,417,419,0.0000,0.0000,0.0000,0.0000,0.0000,0.0000,
252,3,304,346,417,419,0.0000,0.0000,0.0000,0.0000,0.0000,0.0000,
253,3,304,346,417,419,0.0000,0.0000,0.0000,0.0000,0.0000,0.0000,
254,3,304,346,417,419,0.0000,0.0000,0.0000,0.0000,0.0000,0.0000,
255,3,304,346,417,419,0.0000,0.0000,0.0000,0.0000,0.0000,0.0000,
256,3,304,346,417,419,0.0000,0.0000,0.0000,0.0000,0.0000,0.0000,
257,3,304,346,417,419,0.0000,0.0000,0.0000,0.0000,0.0000,0.0000,
258,3,304,346,417,419,0.0000,0.0000,0.0000,0.0000,0.0000,0.0000,
259,3,304,346,417,419,0.0000,0.0000,0.0000,0.0000,0.0000,0.0000,
260,3,304,346,417,419,0.0000,0.0000,0.0000,0.0000,0.0000,0.0000,
261,3,304,346,417,419,0.0000,0.0000,0.0000,0.0000,0.0000,0.0000,
262,3,304,346,417,419,0.0000,0.0000,0.0000,0.0000,0.0000,0.0000,
263,3,304,346,417,419,0.0000,0.0000,0.0000,0.0000,0.0000,0.0000,
264,3,304,346,417,419,0.0000,0.0000,0.0000,0.0000,0.0000,0.0000,
265,3,304,346,417,419,0.0000,0.0000,0.0000,0.0000,0.0000,0.0000,
266,3,304,346,417,419,0.0000,0.0000,0.0000,0.0000,0.0000,0.0000,
267,3,304,346,417,419,0.0000,0.0000,0.0000,0.0000,0.0000,0.0000,
268,3,304,346,417,419,0.0000,0.0000,0.0000,0.0000,0.0000,0.0000,
269,3,304,346,417,419,0.0000,0.0000,0.0000,0.0000,0.0000,0.0000,
270,3,304,346,417,419,0.0000,0.0000,0.0000,0.0000,0.0000,0.0000,
271,3,304,346,417,419,0.0000,0.0000,0.0000,0.0000,0.0000,0.0000,
272,3,304,346,417,419,0.0000,0.0000,0.0000,0.0000,0.0000,0.0000,
273,3,304,346,417,419,0.0000,0.0000,0.0000,0.0000,0.0000,0.0000,
274,3,304,346,417,419,0.0000,0.0000,0.0000,0.0000,0.0000,0.0000,
275,3,304,346,417,419,0.0000,0.0000,0.0000,0.0000,0.0000,0.0000,
276,3,304,346,417,419,0.0000,0.0000,0.0000,0.0000,0.0000,0.0000,
277,3,304,346,417,419,0.0000,0.0000,0.0000,0.0000,0.0000,0.0000,
278,3,304,346,417,419,0.0000,0.0000,0.0000,0.0000,0.0000,0.0000,
279,3,304,346,417,419,0.0000,0.0000,0.0000,0.0000,0.0000,0.0000,
280,3,304,346,417,419,0.0000,0.0000,0.0000,0.0000,0.0000,0.0000,
281,3,304,346,417,419,0.0000,0.0000,0.0000,0.0000,0.0000,0.0000,
282,3,304,346,417,419,0.0000,0.0000,0.0000,0.0000,0.0000,0.0000,
283,3,304,346,417,419,0.0000,0.0000,0.0000,0.0000,0.0000,0.0000,
284,3,304,346,417,419,0.0000,0.0000,0.0000,0.0000,0.0000,0.0000,
285,3,304,346,417,419,0.0000,0.0000,0.0000,0.0000,0.0000,0.0000,
286,3,304,346,417,419,0.0000,0.0000,0.0000,0.0000,0.0000,0.0000,
287,3,304,346,417,419,0.0000,0.0000,0.0000,0.0000,0.0000,0.0000,
288,3,304,346,417,419,0.0000,0.0000,0.0000,0.0000,0.0000,0.0000,
289,3,304,346,417,419,0.0000,0.0000,0.0000,0.0000,0.0000,0.0000,
290,3,304,346,417,419,0.0000,0.0000,0.0000,0.0000,0.0000,0.0000,
291,3,304,346,417,419,0.0000,0.0000,0.0000,0.0000,0.0000,0.0000,
292,3,304,346,417,419,0.0000,0.0000,0.0000,0.0000,0.0000,0.0000,
293,3,304,346,417,419,0.0000,0.0000,0.0000,0.0000,0.0000,0.0000,
294,3,304,346,417,419,0.0000,0.0000,0.0000,0.0000,0.0000,0.0000,
295,3,304,346,417,419,0.0000,0.0000,0.0000,0.0000,0.0000,0.0000,
296,3,304,346,417,419,0.0000,0.0000,0.0000,0.0000,0.0000,0.0000,
297,3,304,346,417,419,0.0000,0.0000,0.0000,0.0000,0.0000,0.0000,
298,3,304,346,417,419,0.0000,0.0000,0.0000,0.0000,0.0000,0.0000,
299,3,304,346,417,419,0.0000,0.0000,0.0000,0.0000,0.0000,0.0000,
300,3,304,346,417,419,0.0000,0.0000,0.0000,0.0000,0.0000,0.0000,
301,3,304,346,417,419,0.0000,0.0000,0.0000,0.0000,0.0000,0.0000,
302,3,304,346,417,419,0.0000,0.0000,0.0000,0.0000,0.0000,0.0000,
303,3,304,346,417,419,0.0000,0.0000,0.0000,0.0000,0.0000,0.0000,
304,3,304,346,417,419,0.0000,0.0000,0.0000,0.0000,0.0000,0.0000,
305,3,304,346,417,419,0.0000,0.0000,0.0000,0.0000,0.0000,0.0000,
306,3,304,346,417,419,0.0000,0.0000,0.0000,0.0000,0.0000,0.0000,
307,3,304,346,417,419,0.0000,0.0000,0.0000,0.0000,0.0000,0.0000,
308,3,304,346,417,419,0.0000,0.0000,0.0000,0.0000,0.0000,0.0000,
309,3,304,346,417,419,0.0000,0.0000,0.0000,0.0000,0.0000,0.0000,
310,3,304,346,417,419,0.0000,0.0000,0.0000,0.0000,0.0000,0.0000,
311,3,304,346,417,419,0.0000,0.0000,0.0000,0.0000,0.0000,0.0000,
312,3,304,346,417,419,0.0000,0.0000,0.0000,0.0000,0.0000,0.0000,
313,3,304,346,417,419,0.0000,0.0000,0.0000,0.0000,0.0000,0.0000,
314,3,304,346,417,419,0.0000,0.0000,0.0000,0.0000,0.0000,0.0000,
315,3,304,346,417,419,0.0000,0.0000,0.0000,0.0000,0.0000,0.0000,
316,3,304,346,417,419,0.0000,0.0000,0.0000,0.0000,0.0000,0.0000,
317,3,304,346,417,419,0.0000,0.0000,0.0000,0.0000,0.0000,0.0000,
318,3,304,346,417,419,0.0000,0.0000,0.0000,0.0000,0.0000,0.0000,
319,3,304,346,417,419,0.0000,0.0000,0.0000,0.0000,0.0000,0.0000,
320,3,304,346,417,419,0.0000,0.0000,0.0000,0.0000,0.0000,0.0000,
321,3,304,346,417,419,0.0000,0.0000,0.0000,0.0000,0.0000,0.0000,
322,3,304,346,417,419,0.0000,0.0000,0.0000,0.0000,0.0000,0.0000,
323,3,304,346,417,419,0.0000,0.0000,0.0000,0.0000,0.0000,0.0000,
324,3,304,346,417,419,0.0000,0.0000,0.0000,0.0000,0.0000,0.0000,
325,3,304,346,417,419,0.0000,0.0000,0.0000,0.0000,0.0000,0.0000,
326,3,304,346,417,419,0.0000,0.0000,0.0000,0.0000,0.0000,0.0000,
327,3,304,346,417,419,0.0000,0.0000,0.0000,0.0000,0.0000,0.0000,
328,3,304,346,417,419,0.0000,0.0000,0.0000,0.0000,0.0000,0.0000,
329,3,304,346,417,419,0.0000,0.0000,0.0000,0.0000,0.0000,0.0000,
330,3,304,346,417,419,0.0000,0.0000,0.0000,0.0000,0.0000,0.0000,
331,3,304,346,417,419,0.0000,0.0000,0.0000,0.0000,0.0000,0.0000,
332,3,304,346,417,419,0.0000,0.0000,0.0000,0.0000,0.0000,0.0000,
333,3,304,346,417,419,0.0000,0.0000,0.0000,0.0000,0.0000,0.0000,
334,3,304,346,417,419,0.0000,0.0000,0.0000,0.0000,0.0000,0.0000,
335,3,304,346,417,419,0.0000,0.0000,0.0000,0.0000,0.0000,0.0000,
336,3,304,346,417,419,0.0000,0.0000,0.0000,0.0000,0.0000,0.0000,
337,3,304,346,417,419,0.0000,0.0000,0.0000,0.0000,0.0000,0.0000,
338,3,304,346,417,419,0.0000,0.0000,0.0000,0.0000,0.0000,0.0000,
339,3,304,346,417,419,0.0000,0.0000,0.0000,0.0000,0.0000,0.0000,
340,3,304,346,417,419,0.0000,0.0000,0.0000,0.0000,0.0000,0.0000,
341,3,304,346,417,419,0.0000,0.0000,0.0000,0.0000,0.0000,0.0000,
342,3,304,346,417,419,0.0000,0.0000,0.0000,0.0000,0.0000,0.0000,
343,3,304,346,417,419,0.0000,0.0000,0.0000,0.0000,0.0000,0.0000,
344,3,304,346,417,419,0.0000,0.0000,0.0000,0.0000,0.0000,0.0000,
345,3,304,346,417,419,0.0000,0.0000,0.0000,0.0000,0.0000,0.0000,
346,3,308,336,421,419,1.0000,-0.0001,0.0000,1.0001,10.0073,9.9946,
347,3,308,336,421,419,0.9981,0.0265,-0.0022,1.0006,9.6407,8.9785,
348,3,309,336,422,417,1.0011,0.0307,-0.0071,0.9806,9.3265,9.6347,
349,3,310,335,424,415,1.0067,0.0283,-0.0029,0.9803,9.1015,9.0810,
350,3,311,334,425,412,0.9945,0.0169,-0.0062,0.9780,10.1637,9.0309,
351,3,306,332,422,407,1.0011,0.0188,-0.0099,0.9811,9.8604,8.8948,
352,3,307,330,423,405,0.9994,0.0270,-0.0130,0.9926,9.8227,8.5322,
353,3,308,328,424,403,0.9983,0.0261,-0.0106,0.9978,9.9547,7.8325,
354,3,309,325,426,400,1.0020,0.0339,-0.0116,0.9965,9.6380,7.4914,
355,3,310,322,428,396,1.0030,0.0382,-0.0119,0.9924,9.3458,7.1404,
356,3,311,319,429,392,0.9994,0.0203,-0.0095,0.9825,9.9374,6.9063,
357,3,312,316,430,386,1.0025,0.0355,-0.0157,0.9645,9.0434,7.0642,
358,3,313,313,430,380,0.9964,0.0152,-0.0132,0.9563,9.8381,6.9213,
359,3,313,309,430,374,1.0023,0.0232,-0.0205,0.9621,8.8471,6.9385,
360,3,313,305,430,368,1.0035,0.0229,-0.0088,0.9633,8.5310,6.2168,
361,3,304,302,426,357,1.0000,-0.0000,0.0001,1.0001,9.9991,9.9952,
362,3,304,298,426,352,1.0011,0.0367,-0.0026,0.9797,7.9995,5.8530,
363,3,303,295,426,347,1.0046,0.0224,-0.0063,0.9714,7.8795,6.6375,
364,3,302,292,425,342,1.0027,0.0076,-0.0061,0.9788,7.9901,6.4456,
365,3,300,288,424,337,1.0075,0.0135,-0.0005,0.9807,7.3922,5.9673,
366,3,299,285,422,332,0.9962,-0.0176,-0.0041,0.9511,8.5379,7.1537,
367,3,297,282,420,328,1.0019,-0.0085,-0.0057,0.9836,7.3411,6.6501,
368,3,294,280,418,324,1.0025,-0.0104,0.0014,0.9421,7.0082,7.6544,
369,3,291,279,416,321,1.0041,-0.0296,0.0079,0.9412,7.4874,8.2704,
370,3,287,278,413,318,1.0071,-0.0915,0.0146,0.9508,7.9204,7.8242,
371,3,284,275,409,318,0.9929,-0.1151,0.0208,1.0813,9.0626,4.9549,
372,3,281,275,404,317,0.9836,-0.1426,0.0253,0.9884,10.0481,7.9046,
373,3,278,269,400,320,0.9937,-0.2069,0.0220,1.2219,10.8034,2.0213,
374,3,271,269,396,321,1.0279,-0.0323,0.0132,1.0201,3.1836,8.4144,
375,3,269,268,387,324,0.9442,-0.2471,0.0223,1.0752,13.8619,7.1241,
376,3,264,267,382,326,0.9943,-0.1448,0.0097,1.0483,9.0130,8.1995,
377,3,256,267,379,327,1.0448,0.0157,0.0029,1.0103,1.1925,9.4102,
378,3,251,267,374,326,1.0020,-0.0201,0.0049,0.9927,4.7524,9.0667,
379,3,247,268,368,325,0.9831,-0.1478,0.0101,0.9624,9.9693,9.7543,
380,3,241,267,365,324,1.0294,0.3921,-0.0110,1.0111,-8.1193,9.0244,
381,3,230,257,352,317,1.0000,0.0000,-0.0000,1.0000,10.0001,9.9998,
382,3,227,259,347,316,0.9805,0.0791,0.0139,0.9504,4.1483,10.2630,
383,3,223,259,344,318,1.0061,-0.0862,-0.0004,1.0222,8.0692,9.8393,
384,3,219,259,340,321,0.9995,-0.0245,0.0060,1.0418,6.0166,9.1325,
385,3,214,263,330,320,1.0072,-0.0399,-0.0078,1.0078,6.6131,11.0724,
386,3,210,264,327,323,1.0094,-0.0388,0.0003,1.0303,6.4024,10.2598,
387,3,206,265,324,326,1.0039,-0.0240,-0.0023,1.0322,6.6463,10.8833,
388,3,202,266,321,330,1.0089,-0.0236,-0.0098,1.0458,6.6564,11.2163,
389,3,199,267,319,334,1.0070,-0.0252,-0.0127,1.0419,7.1391,11.5399,
390,3,196,269,317,338,1.0045,-0.0066,-0.0092,1.0412,7.1802,11.5669,
391,3,194,271,315,342,1.0044,0.0082,-0.0116,1.0260,7.1482,12.4222,
392,3,192,273,314,346,1.0033,0.0017,-0.0131,1.0297,7.7010,12.6226,
393,3,191,275,313,351,1.0033,0.0098,-0.0103,1.0325,7.8752,12.4107,
394,3,190,278,312,355,1.0021,0.0045,-0.0072,1.0194,8.5299,12.5285,
395,3,190,282,312,356,1.0005,0.0176,-0.0109,0.9715,8.7228,13.8828,
396,3,190,286,312,358,0.9981,0.0083,-0.0095,0.9806,9.2626,13.6455,
397,3,190,289,313,360,1.0034,0.0185,-0.0113,0.9942,8.9575,13.0984,
398,3,191,292,313,362,0.9965,0.0117,-0.0124,0.9845,9.9449,13.1456,
399,3,192,295,314,364,0.9955,0.0149,-0.0116,0.9807,10.0407,13.1630,
400,3,193,298,315,366,0.9997,0.0083,-0.0148,0.9799,9.9699,13.4185,
401,3,192,297,309,352,1.0000,0.0000,0.0001,1.0000,10.0012,9.9949,
402,3,193,299,310,356,0.9989,0.0218,-0.0101,1.0273,9.8337,12.1654,
403,3,194,301,311,360,0.9993,0.0189,-0.0119,1.0366,10.0218,11.9693,
404,3,195,303,312,363,0.9953,0.0054,-0.0040,1.0177,10.6553,11.7605,
405,3,196,305,313,365,0.9996,0.0022,-0.0036,1.0064,10.3681,11.6213,
406,3,197,307,314,368,0.9961,-0.0018,0.0038,1.0167,10.5379,10.8738,
407,3,198,309,315,370,1.0009,-0.0014,-0.0054,1.0155,10.2920,11.3363,
408,3,199,311,316,372,1.0011,0.0086,0.0139,1.0082,9.8083,10.2051,
409,3,200,313,316,374,0.9981,-0.0001,-0.0043,0.9988,10.1668,11.8702,
410,3,201,315,317,377,0.9991,0.0022,-0.0064,1.0110,10.1717,11.7609,
411,3,202,317,318,379,1.0000,-0.0089,0.0062,1.0081,10.4539,11.0847,
412,3,203,318,318,381,0.9954,-0.0036,-0.0030,1.0187,10.6410,10.9974,
413,3,204,319,319,383,1.0019,-0.0076,0.0178,1.0167,10.6133,9.8919,
414,3,203,321,321,383,1.0213,-0.0290,0.0186,0.9676,9.5822,10.3675,
415,3,203,321,321,383,1.0062,-0.0023,0.0016,0.9989,9.8710,10.1409,
416,3,203,321,321,383,0.9992,-0.0024,-0.0028,0.9977,10.0856,10.2854,
417,3,203,321,321,383,0.9998,-0.0010,-0.0029,1.0007,10.0246,10.1820,
418,3,203,321,321,383,1.0064,0.0003,0.0274,0.9998,9.7576,8.9832,
419,3,203,321,321,383,1.0007,-0.0009,0.0003,0.9987,10.0253,10.0480,
420,3,203,321,321,383,1.0083,-0.0032,0.0209,0.9980,9.7960,9.2508,
421,3,190,313,310,375,0.0000,0.0000,0.0000,0.0000,0.0000,0.0000,
422,3,190,313,310,375,0.0000,0.0000,0.0000,0.0000,0.0000,0.0000,
423,3,190,313,310,375,0.0000,0.0000,0.0000,0.0000,0.0000,0.0000,
424,3,190,313,310,375,0.0000,0.0000,0.0000,0.0000,0.0000,0.0000,
425,3,190,313,310,375,0.0000,0.0000,0.0000,0.0000,0.0000,0.0000,
426,3,190,313,310,375,0.0000,0.0000,0.0000,0.0000,0.0000,0.0000,
427,3,190,313,310,375,0.0000,0.0000,0.0000,0.0000,0.0000,0.0000,
428,3,190,313,310,375,0.0000,0.0000,0.0000,0.0000,0.0000,0.0000,
429,3,190,313,310,375,0.0000,0.0000,0.0000,0.0000,0.0000,0.0000,
430,3,190,313,310,375,0.0000,0.0000,0.0000,0.0000,0.0000,0.0000,
431,3,190,313,310,375,0.0000,0.0000,0.0000,0.0000,0.0000,0.0000,
432,3,190,313,310,375,0.0000,0.0000,0.0000,0.0000,0.0000,0.0000,
433,3,190,313,310,375,0.0000,0.0000,0.0000,0.0000,0.0000,0.0000,
434,3,190,313,310,375,0.0000,0.0000,0.0000,0.0000,0.0000,0.0000,
435,3,190,313,310,375,0.0000,0.0000,0.0000,0.0000,0.0000,0.0000,
436,3,190,313,310,375,0.0000,0.0000,0.0000,0.0000,0.0000,0.0000,
437,3,190,313,310,375,0.0000,0.0000,0.0000,0.0000,0.0000,0.0000,
438,3,190,313,310,375,0.0000,0.0000,0.0000,0.0000,0.0000,0.0000,
439,3,190,313,310,375,0.0000,0.0000,0.0000,0.0000,0.0000,0.0000,
440,3,190,313,310,375,0.0000,0.0000,0.0000,0.0000,0.0000,0.0000,
441,3,190,313,310,375,0.0000,0.0000,0.0000,0.0000,0.0000,0.0000,
442,3,190,313,310,375,0.0000,0.0000,0.0000,0.0000,0.0000,0.0000,
443,3,190,313,310,375,0.0000,0.0000,0.0000,0.0000,0.0000,0.0000,
444,3,190,313,310,375,0.0000,0.0000,0.0000,0.0000,0.0000,0.0000,
445,3,190,313,310,375,0.0000,0.0000,0.0000,0.0000,0.0000,0.0000,
446,3,190,313,310,375,0.0000,0.0000,0.0000,0.0000,0.0000,0.0000,
447,3,190,313,310,375,0.0000,0.0000,0.0000,0.0000,0.0000,0.0000,
448,3,190,313,310,375,0.0000,0.0000,0.0000,0.0000,0.0000,0.0000,
449,3,190,313,310,375,0.0000,0.0000,0.0000,0.0000,0.0000,0.0000,
450,3,190,313,310,375,0.0000,0.0000,0.0000,0.0000,0.0000,0.0000,
451,3,190,313,310,375,0.0000,0.0000,0.0000,0.0000,0.0000,0.0000,
452,3,190,313,310,375,0.0000,0.0000,0.0000,0.0000,0.0000,0.0000,
453,3,190,313,310,375,0.0000,0.0000,0.0000,0.0000,0.0000,0.0000,
454,3,190,313,310,375,0.0000,0.0000,0.0000,0.0000,0.0000,0.0000,
455,3,190,313,310,375,0.0000,0.0000,0.0000,0.0000,0.0000,0.0000,
456,3,190,313,310,375,0.0000,0.0000,0.0000,0.0000,0.0000,0.0000,
457,3,190,313,310,375,0.0000,0.0000,0.0000,0.0000,0.0000,0.0000,
458,3,190,313,310,375,0.0000,0.0000,0.0000,0.0000,0.0000,0.0000,
459,3,190,313,310,375,0.0000,0.0000,0.0000,0.0000,0.0000,0.0000,
460,3,190,313,310,375,0.0000,0.0000,0.0000,0.0000,0.0000,0.0000,
461,3,190,313,310,375,0.0000,0.0000,0.0000,0.0000,0.0000,0.0000,
462,3,190,313,310,375,0.0000,0.0000,0.0000,0.0000,0.0000,0.0000,
463,3,190,313,310,375,0.0000,0.0000,0.0000,0.0000,0.0000,0.0000,
464,3,190,313,310,375,0.0000,0.0000,0.0000,0.0000,0.0000,0.0000,
465,3,190,313,310,375,0.0000,0.0000,0.0000,0.0000,0.0000,0.0000,
466,3,190,313,310,375,0.0000,0.0000,0.0000,0.0000,0.0000,0.0000,
467,3,190,313,310,375,0.0000,0.0000,0.0000,0.0000,0.0000,0.0000,
468,3,190,313,310,375,0.0000,0.0000,0.0000,0.0000,0.0000,0.0000,
469,3,190,313,310,375,0.0000,0.0000,0.0000,0.0000,0.0000,0.0000,
470,3,190,313,310,375,0.0000,0.0000,0.0000,0.0000,0.0000,0.0000,
471,3,190,313,310,375,0.0000,0.0000,0.0000,0.0000,0.0000,0.0000,
472,3,190,313,310,375,0.0000,0.0000,0.0000,0.0000,0.0000,0.0000,
473,3,190,313,310,375,0.0000,0.0000,0.0000,0.0000,0.0000,0.0000,
474,3,190,313,310,375,0.0000,0.0000,0.0000,0.0000,0.0000,0.0000,
475,3,190,313,310,375,0.0000,0.0000,0.0000,0.0000,0.0000,0.0000,
476,3,190,313,310,375,0.0000,0.0000,0.0000,0.0000,0.0000,0.0000,
477,3,190,313,310,375,0.0000,0.0000,0.0000,0.0000,0.0000,0.0000,
478,3,190,313,310,375,0.0000,0.0000,0.0000,0.0000,0.0000,0.0000,
479,3,190,313,310,375,0.0000,0.0000,0.0000,0.0000,0.0000,0.0000,
480,3,190,313,310,375,0.0000,0.0000,0.0000,0.0000,0.0000,0.0000,
481,3,190,313,310,375,0.0000,0.0000,0.0000,0.0000,0.0000,0.0000,
482,3,190,313,310,375,0.0000,0.0000,0.0000,0.0000,0.0000,0.0000,
483,3,190,313,310,375,0.0000,0.0000,0.0000,0.0000,0.0000,0.0000,
484,3,190,313,310,375,0.0000,0.0000,0.0000,0.0000,0.0000,0.0000,
485,3,190,313,310,375,0.0000,0.0000,0.0000,0.0000,0.0000,0.0000,
486,3,190,313,310,375,0.0000,0.0000,0.0000,0.0000,0.0000,0.0000,
487,3,190,313,310,375,0.0000,0.0000,0.0000,0.0000,0.0000,0.0000,
488,3,190,313,310,375,0.0000,0.0000,0.0000,0.0000,0.0000,0.0000,
489,3,190,313,310,375,0.0000,0.0000,0.0000,0.0000,0.0000,0.0000,
490,3,190,313,310,375,0.0000,0.0000,0.0000,0.0000,0.0000,0.0000,
491,3,190,313,310,375,0.0000,0.0000,0.0000,0.0000,0.0000,0.0000,
