1,3,329,335,436,406,0.0000,0.0000,0.0000,0.0000,0.0000,0.0000,
2,3,329,335,436,406,0.0000,0.0000,0.0000,0.0000,0.0000,0.0000,
3,3,329,335,436,406,0.0000,0.0000,0.0000,0.0000,0.0000,0.0000,
4,3,329,335,436,406,0.0000,0.0000,0.0000,0.0000,0.0000,0.0000,
5,3,329,335,436,406,0.0000,0.0000,0.0000,0.0000,0.0000,0.0000,
6,3,329,335,436,406,0.0000,0.0000,0.0000,0.0000,0.0000,0.0000,
7,3,329,335,436,406,0.0000,0.0000,0.0000,0.0000,0.0000,0.0000,
8,3,329,335,436,406,0.0000,0.0000,0.0000,0.0000,0.0000,0.0000,
9,3,329,335,436,406,0.0000,0.0000,0.0000,0.0000,0.0000,0.0000,
10,3,329,335,436,406,0.0000,0.0000,0.0000,0.0000,0.0000,0.0000,
11,3,329,335,436,406,0.0000,0.0000,0.0000,0.0000,0.0000,0.0000,
12,3,329,335,436,406,0.0000,0.0000,0.0000,0.0000,0.0000,0.0000,
13,3,329,335,436,406,0.0000,0.0000,0.0000,0.0000,0.0000,0.0000,
14,3,329,335,436,406,0.0000,0.0000,0.0000,0.0000,0.0000,0.0000,
15,3,329,335,436,406,0.0000,0.0000,0.0000,0.0000,0.0000,0.0000,
16,3,329,335,436,406,0.0000,0.0000,0.0000,0.0000,0.0000,0.0000,
17,3,329,335,436,406,0.0000,0.0000,0.0000,0.0000,0.0000,0.0000,
18,3,329,335,436,406,0.0000,0.0000,0.0000,0.0000,0.0000,0.0000,
19,3,329,335,436,406,0.0000,0.0000,0.0000,0.0000,0.0000,0.0000,
20,3,329,335,436,406,0.0000,0.0000,0.0000,0.0000,0.0000,0.0000,
21,3,329,335,436,406,0.0000,0.0000,0.0000,0.0000,0.0000,0.0000,
22,3,329,335,436,406,0.0000,0.0000,0.0000,0.0000,0.0000,0.0000,
23,3,329,335,436,406,0.0000,0.0000,0.0000,0.0000,0.0000,0.0000,
24,3,329,335,436,406,0.0000,0.0000,0.0000,0.0000,0.0000,0.0000,
25,3,329,335,436,406,0.0000,0.0000,0.0000,0.0000,0.0000,0.0000,
26,3,329,335,436,406,0.0000,0.0000,0.0000,0.0000,0.0000,0.0000,
27,3,329,335,436,406,0.0000,0.0000,0.0000,0.0000,0.0000,0.0000,
28,3,329,335,436,406,0.0000,0.0000,0.0000,0.0000,0.0000,0.0000,
29,3,329,335,436,406,0.0000,0.0000,0.0000,0.0000,0.0000,0.0000,
30,3,329,335,436,406,0.0000,0.0000,0.0000,0.0000,0.0000,0.0000,
31,3,329,335,436,406,0.0000,0.0000,0.0000,0.0000,0.0000,0.0000,
32,3,329,335,436,406,0.0000,0.0000,0.0000,0.0000,0.0000,0.0000,
33,3,329,335,436,406,0.0000,0.0000,0.0000,0.0000,0.0000,0.0000,
34,3,329,335,436,406,0.0000,0.0000,0.0000,0.0000,0.0000,0.0000,
35,3,329,335,436,406,0.0000,0.0000,0.0000,0.0000,0.0000,0.0000,
36,3,329,335,436,406,0.0000,0.0000,0.0000,0.0000,0.0000,0.0000,
37,3,329,335,436,406,0.0000,0.0000,0.0000,0.0000,0.0000,0.0000,
38,3,329,335,436,406,0.0000,0.0000,0.0000,0.0000,0.0000,0.0000,
39,3,329,335,436,406,0.0000,0.0000,0.0000,0.0000,0.0000,0.0000,
40,3,329,335,436,406,0.0000,0.0000,0.0000,0.0000,0.0000,0.0000,
41,3,329,335,436,406,0.0000,0.0000,0.0000,0.0000,0.0000,0.0000,
42,3,329,335,436,406,0.0000,0.0000,0.0000,0.0000,0.0000,0.0000,
43,3,329,335,436,406,0.0000,0.0000,0.0000,0.0000,0.0000,0.0000,
44,3,329,335,436,406,0.0000,0.0000,0.0000,0.0000,0.0000,0.0000,
45,3,329,335,436,406,0.0000,0.0000,0.0000,0.0000,0.0000,0.0000,
46,3,329,335,436,406,0.0000,0.0000,0.0000,0.0000,0.0000,0.0000,
47,3,329,335,436,406,0.0000,0.0000,0.0000,0.0000,0.0000,0.0000,
48,3,329,335,436,406,0.0000,0.0000,0.0000,0.0000,0.0000,0.0000,
49,3,329,335,436,406,0.0000,0.0000,0.0000,0.0000,0.0000,0.0000,
50,3,329,335,436,406,0.0000,0.0000,0.0000,0.0000,0.0000,0.0000,
51,3,329,335,436,406,0.0000,0.0000,0.0000,0.0000,0.0000,0.0000,
52,3,329,335,436,406,0.0000,0.0000,0.0000,0.0000,0.0000,0.0000,
53,3,329,335,436,406,0.0000,0.0000,0.0000,0.0000,0.0000,0.0000,
54,3,329,335,436,406,0.0000,0.0000,0.0000,0.0000,0.0000,0.0000,
55,3,329,335,436,406,0.0000,0.0000,0.0000,0.0000,0.0000,0.0000,
56,3,329,335,436,406,0.0000,0.0000,0.0000,0.0000,0.0000,0.0000,
57,3,329,335,436,406,0.0000,0.0000,0.0000,0.0000,0.0000,0.0000,
58,3,329,335,436,406,0.0000,0.0000,0.0000,0.0000,0.0000,0.0000,
59,3,329,335,436,406,0.0000,0.0000,0.0000,0.0000,0.0000,0.0000,
60,3,329,335,436,406,0.0000,0.0000,0.0000,0.0000,0.0000,0.0000,
61,3,329,335,436,406,0.0000,0.0000,0.0000,0.0000,0.0000,0.0000,
62,3,329,335,436,406,0.0000,0.0000,0.0000,0.0000,0.0000,0.0000,
63,3,329,335,436,406,0.0000,0.0000,0.0000,0.0000,0.0000,0.0000,
64,3,329,335,436,406,0.0000,0.0000,0.0000,0.0000,0.0000,0.0000,
65,3,329,335,436,406,0.0000,0.0000,0.0000,0.0000,0.0000,0.0000,
66,3,329,335,436,406,0.0000,0.0000,0.0000,0.0000,0.0000,0.0000,
67,3,329,335,436,406,0.0000,0.0000,0.0000,0.0000,0.0000,0.0000,
68,3,329,335,436,406,0.0000,0.0000,0.0000,0.0000,0.0000,0.0000,
69,3,329,335,436,406,0.0000,0.0000,0.0000,0.0000,0.0000,0.0000,
70,3,329,335,436,406,0.0000,0.0000,0.0000,0.0000,0.0000,0.0000,
71,3,329,335,436,406,0.0000,0.0000,0.0000,0.0000,0.0000,0.0000,
72,3,329,335,436,406,0.0000,0.0000,0.0000,0.0000,0.0000,0.0000,
73,3,329,335,436,406,0.0000,0.0000,0.0000,0.0000,0.0000,0.0000,
74,3,329,335,436,406,0.0000,0.0000,0.0000,0.0000,0.0000,0.0000,
75,3,329,335,436,406,0.0000,0.0000,0.0000,0.0000,0.0000,0.0000,
76,3,329,335,436,406,0.0000,0.0000,0.0000,0.0000,0.0000,0.0000,
77,3,329,335,436,406,0.0000,0.0000,0.0000,0.0000,0.0000,0.0000,
78,3,329,335,436,406,0.0000,0.0000,0.0000,0.0000,0.0000,0.0000,
79,3,329,335,436,406,0.0000,0.0000,0.0000,0.0000,0.0000,0.0000,
80,3,329,335,436,406,0.0000,0.0000,0.0000,0.0000,0.0000,0.0000,
81,3,329,335,436,406,0.0000,0.0000,0.0000,0.0000,0.0000,0.0000,
82,3,329,335,436,406,0.0000,0.0000,0.0000,0.0000,0.0000,0.0000,
83,3,329,335,436,406,0.0000,0.0000,0.0000,0.0000,0.0000,0.0000,
84,3,329,335,436,406,0.0000,0.0000,0.0000,0.0000,0.0000,0.0000,
85,3,329,335,436,406,0.0000,0.0000,0.0000,0.0000,0.0000,0.0000,
86,3,329,335,436,406,0.0000,0.0000,0.0000,0.0000,0.0000,0.0000,
87,3,329,335,436,406,0.0000,0.0000,0.0000,0.0000,0.0000,0.0000,
88,3,329,335,436,406,0.0000,0.0000,0.0000,0.0000,0.0000,0.0000,
89,3,329,335,436,406,0.0000,0.0000,0.0000,0.0000,0.0000,0.0000,
90,3,329,335,436,406,0.0000,0.0000,0.0000,0.0000,0.0000,0.0000,
91,3,329,335,436,406,0.0000,0.0000,0.0000,0.0000,0.0000,0.0000,
92,3,329,335,436,406,0.0000,0.0000,0.0000,0.0000,0.0000,0.0000,
93,3,329,335,436,406,0.0000,0.0000,0.0000,0.0000,0.0000,0.0000,
94,3,329,335,436,406,0.0000,0.0000,0.0000,0.0000,0.0000,0.0000,
95,3,329,335,436,406,0.0000,0.0000,0.0000,0.0000,0.0000,0.0000,
96,3,329,335,436,406,0.0000,0.0000,0.0000,0.0000,0.0000,0.0000,
97,3,329,335,436,406,0.0000,0.0000,0.0000,0.0000,0.0000,0.0000,
98,3,329,335,436,406,0.0000,0.0000,0.0000,0.0000,0.0000,0.0000,
99,3,329,335,436,406,0.0000,0.0000,0.0000,0.0000,0.0000,0.0000,
100,3,329,335,436,406,0.0000,0.0000,0.0000,0.0000,0.0000,0.0000,
101,3,329,335,436,406,0.0000,0.0000,0.0000,0.0000,0.0000,0.0000,
102,3,329,335,436,406,0.0000,0.0000,0.0000,0.0000,0.0000,0.0000,
103,3,329,335,436,406,0.0000,0.0000,0.0000,0.0000,0.0000,0.0000,
104,3,329,335,436,406,0.0000,0.0000,0.0000,0.0000,0.0000,0.0000,
105,3,329,335,436,406,0.0000,0.0000,0.0000,0.0000,0.0000,0.0000,
106,3,329,335,436,406,0.0000,0.0000,0.0000,0.0000,0.0000,0.0000,
107,3,329,335,436,406,0.0000,0.0000,0.0000,0.0000,0.0000,0.0000,
108,3,329,335,436,406,0.0000,0.0000,0.0000,0.0000,0.0000,0.0000,
109,3,329,335,436,406,0.0000,0.0000,0.0000,0.0000,0.0000,0.0000,
110,3,329,335,436,406,0.0000,0.0000,0.0000,0.0000,0.0000,0.0000,
111,3,329,335,436,406,0.0000,0.0000,0.0000,0.0000,0.0000,0.0000,
112,3,329,335,436,406,0.0000,0.0000,0.0000,0.0000,0.0000,0.0000,
113,3,329,335,436,406,0.0000,0.0000,0.0000,0.0000,0.0000,0.0000,
114,3,329,335,436,406,0.0000,0.0000,0.0000,0.0000,0.0000,0.0000,
115,3,329,335,436,406,0.0000,0.0000,0.0000,0.0000,0.0000,0.0000,
116,3,329,335,436,406,0.0000,0.0000,0.0000,0.0000,0.0000,0.0000,
117,3,329,335,436,406,0.0000,0.0000,0.0000,0.0000,0.0000,0.0000,
118,3,329,335,436,406,0.0000,0.0000,0.0000,0.0000,0.0000,0.0000,
119,3,329,335,436,406,0.0000,0.0000,0.0000,0.0000,0.0000,0.0000,
120,3,329,335,436,406,0.0000,0.0000,0.0000,0.0000,0.0000,0.0000,
121,3,329,335,436,406,0.0000,0.0000,0.0000,0.0000,0.0000,0.0000,
122,3,329,335,436,406,0.0000,0.0000,0.0000,0.0000,0.0000,0.0000,
123,3,329,335,436,406,0.0000,0.0000,0.0000,0.0000,0.0000,0.0000,
124,3,329,335,436,406,0.0000,0.0000,0.0000,0.0000,0.0000,0.0000,
125,3,329,335,436,406,0.0000,0.0000,0.0000,0.0000,0.0000,0.0000,
126,3,329,335,436,406,0.0000,0.0000,0.0000,0.0000,0.0000,0.0000,
127,3,329,335,436,406,0.0000,0.0000,0.0000,0.0000,0.0000,0.0000,
128,3,329,335,436,406,0.0000,0.0000,0.0000,0.0000,0.0000,0.0000,
129,3,329,335,436,406,0.0000,0.0000,0.0000,0.0000,0.0000,0.0000,
130,3,329,335,436,406,0.0000,0.0000,0.0000,0.0000,0.0000,0.0000,
131,3,329,335,436,406,0.0000,0.0000,0.0000,0.0000,0.0000,0.0000,
132,3,329,335,436,406,0.0000,0.0000,0.0000,0.0000,0.0000,0.0000,
133,3,329,335,436,406,0.0000,0.0000,0.0000,0.0000,0.0000,0.0000,
134,3,329,335,436,406,0.0000,0.0000,0.0000,0.0000,0.0000,0.0000,
135,3,329,335,436,406,0.0000,0.0000,0.0000,0.0000,0.0000,0.0000,
136,3,329,335,436,406,0.0000,0.0000,0.0000,0.0000,0.0000,0.0000,
137,3,329,335,436,406,0.0000,0.0000,0.0000,0.0000,0.0000,0.0000,
138,3,329,335,436,406,0.0000,0.0000,0.0000,0.0000,0.0000,0.0000,
139,3,329,335,436,406,0.0000,0.0000,0.0000,0.0000,0.0000,0.0000,
140,3,329,335,436,406,0.0000,0.0000,0.0000,0.0000,0.0000,0.0000,
141,3,329,335,436,406,0.0000,0.0000,0.0000,0.0000,0.0000,0.0000,
142,3,329,335,436,406,0.0000,0.0000,0.0000,0.0000,0.0000,0.0000,
143,3,329,335,436,406,0.0000,0.0000,0.0000,0.0000,0.0000,0.0000,
144,3,329,335,436,406,0.0000,0.0000,0.0000,0.0000,0.0000,0.0000,
145,3,329,335,436,406,0.0000,0.0000,0.0000,0.0000,0.0000,0.0000,
146,3,329,335,436,406,0.0000,0.0000,0.0000,0.0000,0.0000,0.0000,
147,3,329,335,436,406,0.0000,0.0000,0.0000,0.0000,0.0000,0.0000,
148,3,329,335,436,406,0.0000,0.0000,0.0000,0.0000,0.0000,0.0000,
149,3,329,335,436,406,0.0000,0.0000,0.0000,0.0000,0.0000,0.0000,
150,3,329,335,436,406,0.0000,0.0000,0.0000,0.0000,0.0000,0.0000,
151,3,329,335,436,406,0.0000,0.0000,0.0000,0.0000,0.0000,0.0000,
152,3,329,335,436,406,0.0000,0.0000,0.0000,0.0000,0.0000,0.0000,
153,3,329,335,436,406,0.0000,0.0000,0.0000,0.0000,0.0000,0.0000,
154,3,329,335,436,406,0.0000,0.0000,0.0000,0.0000,0.0000,0.0000,
155,3,329,335,436,406,0.0000,0.0000,0.0000,0.0000,0.0000,0.0000,
156,3,329,335,436,406,0.0000,0.0000,0.0000,0.0000,0.0000,0.0000,
157,3,329,335,436,406,0.0000,0.0000,0.0000,0.0000,0.0000,0.0000,
158,3,329,335,436,406,0.0000,0.0000,0.0000,0.0000,0.0000,0.0000,
159,3,329,335,436,406,0.0000,0.0000,0.0000,0.0000,0.0000,0.0000,
160,3,329,335,436,406,0.0000,0.0000,0.0000,0.0000,0.0000,0.0000,
161,3,329,335,436,406,0.0000,0.0000,0.0000,0.0000,0.0000,0.0000,
162,3,329,335,436,406,0.0000,0.0000,0.0000,0.0000,0.0000,0.0000,
163,3,329,335,436,406,0.0000,0.0000,0.0000,0.0000,0.0000,0.0000,
164,3,329,335,436,406,0.0000,0.0000,0.0000,0.0000,0.0000,0.0000,
165,3,329,335,436,406,0.0000,0.0000,0.0000,0.0000,0.0000,0.0000,
166,3,329,335,436,406,0.0000,0.0000,0.0000,0.0000,0.0000,0.0000,
167,3,329,335,436,406,0.0000,0.0000,0.0000,0.0000,0.0000,0.0000,
168,3,329,335,436,406,0.0000,0.0000,0.0000,0.0000,0.0000,0.0000,
169,3,329,335,436,406,0.0000,0.0000,0.0000,0.0000,0.0000,0.0000,
170,3,329,335,436,406,0.0000,0.0000,0.0000,0.0000,0.0000,0.0000,
171,3,329,335,436,406,0.0000,0.0000,0.0000,0.0000,0.0000,0.0000,
172,3,329,335,436,406,0.0000,0.0000,0.0000,0.0000,0.0000,0.0000,
173,3,329,335,436,406,0.0000,0.0000,0.0000,0.0000,0.0000,0.0000,
174,3,329,335,436,406,0.0000,0.0000,0.0000,0.0000,0.0000,0.0000,
175,3,329,335,436,406,0.0000,0.0000,0.0000,0.0000,0.0000,0.0000,
176,3,329,335,436,406,0.0000,0.0000,0.0000,0.0000,0.0000,0.0000,
177,3,329,335,436,406,0.0000,0.0000,0.0000,0.0000,0.0000,0.0000,
178,3,329,335,436,406,0.0000,0.0000,0.0000,0.0000,0.0000,0.0000,
179,3,329,335,436,406,0.0000,0.0000,0.0000,0.0000,0.0000,0.0000,
180,3,329,335,436,406,0.0000,0.0000,0.0000,0.0000,0.0000,0.0000,
181,3,329,335,436,406,0.0000,0.0000,0.0000,0.0000,0.0000,0.0000,
182,3,329,335,436,406,0.0000,0.0000,0.0000,0.0000,0.0000,0.0000,
183,3,329,335,436,406,0.0000,0.0000,0.0000,0.0000,0.0000,0.0000,
184,3,329,335,436,406,0.0000,0.0000,0.0000,0.0000,0.0000,0.0000,
185,3,329,335,436,406,0.0000,0.0000,0.0000,0.0000,0.0000,0.0000,
186,3,329,335,436,406,0.0000,0.0000,0.0000,0.0000,0.0000,0.0000,
187,3,329,335,436,406,0.0000,0.0000,0.0000,0.0000,0.0000,0.0000,
188,3,329,335,436,406,0.0000,0.0000,0.0000,0.0000,0.0000,0.0000,
189,3,329,335,436,406,0.0000,0.0000,0.0000,0.0000,0.0000,0.0000,
190,3,329,335,436,406,0.0000,0.0000,0.0000,0.0000,0.0000,0.0000,
191,3,329,335,436,406,0.0000,0.0000,0.0000,0.0000,0.0000,0.0000,
192,3,329,335,436,406,0.0000,0.0000,0.0000,0.0000,0.0000,0.0000,
193,3,329,335,436,406,0.0000,0.0000,0.0000,0.0000,0.0000,0.0000,
194,3,329,335,436,406,0.0000,0.0000,0.0000,0.0000,0.0000,0.0000,
195,3,329,335,436,406,0.0000,0.0000,0.0000,0.0000,0.0000,0.0000,
196,3,329,335,436,406,0.0000,0.0000,0.0000,0.0000,0.0000,0.0000,
197,3,329,335,436,406,0.0000,0.0000,0.0000,0.0000,0.0000,0.0000,
198,3,329,335,436,406,0.0000,0.0000,0.0000,0.0000,0.0000,0.0000,
199,3,329,335,436,406,0.0000,0.0000,0.0000,0.0000,0.0000,0.0000,
200,3,329,335,436,406,0.0000,0.0000,0.0000,0.0000,0.0000,0.0000,
201,3,329,335,436,406,0.0000,0.0000,0.0000,0.0000,0.0000,0.0000,
202,3,329,335,436,406,0.0000,0.0000,0.0000,0.0000,0.0000,0.0000,
203,3,329,335,436,406,0.0000,0.0000,0.0000,0.0000,0.0000,0.0000,
204,3,329,335,436,406,0.0000,0.0000,0.0000,0.0000,0.0000,0.0000,
205,3,329,335,436,406,0.0000,0.0000,0.0000,0.0000,0.0000,0.0000,
206,3,329,335,436,406,0.0000,0.0000,0.0000,0.0000,0.0000,0.0000,
207,3,329,335,436,406,0.0000,0.0000,0.0000,0.0000,0.0000,0.0000,
208,3,329,335,436,406,0.0000,0.0000,0.0000,0.0000,0.0000,0.0000,
209,3,329,335,436,406,0.0000,0.0000,0.0000,0.0000,0.0000,0.0000,
210,3,329,335,436,406,0.0000,0.0000,0.0000,0.0000,0.0000,0.0000,
211,3,329,335,436,406,0.0000,0.0000,0.0000,0.0000,0.0000,0.0000,
212,3,329,335,436,406,0.0000,0.0000,0.0000,0.0000,0.0000,0.0000,
213,3,329,335,436,406,0.0000,0.0000,0.0000,0.0000,0.0000,0.0000,
214,3,329,335,436,406,0.0000,0.0000,0.0000,0.0000,0.0000,0.0000,
215,3,329,335,436,406,0.0000,0.0000,0.0000,0.0000,0.0000,0.0000,
216,3,329,335,436,406,0.0000,0.0000,0.0000,0.0000,0.0000,0.0000,
217,3,329,335,436,406,0.0000,0.0000,0.0000,0.0000,0.0000,0.0000,
218,3,329,335,436,406,0.0000,0.0000,0.0000,0.0000,0.0000,0.0000,
219,3,329,335,436,406,0.0000,0.0000,0.0000,0.0000,0.0000,0.0000,
220,3,329,335,436,406,0.0000,0.0000,0.0000,0.0000,0.0000,0.0000,
221,3,329,335,436,406,0.0000,0.0000,0.0000,0.0000,0.0000,0.0000,
222,3,329,335,436,406,0.0000,0.0000,0.0000,0.0000,0.0000,0.0000,
223,3,329,335,436,406,0.0000,0.0000,0.0000,0.0000,0.0000,0.0000,
224,3,329,335,436,406,0.0000,0.0000,0.0000,0.0000,0.0000,0.0000,
225,3,329,335,436,406,0.0000,0.0000,0.0000,0.0000,0.0000,0.0000,
226,3,329,335,436,406,0.0000,0.0000,0.0000,0.0000,0.0000,0.0000,
227,3,329,335,436,406,0.0000,0.0000,0.0000,0.0000,0.0000,0.0000,
228,3,329,335,436,406,0.0000,0.0000,0.0000,0.0000,0.0000,0.0000,
229,3,329,335,436,406,0.0000,0.0000,0.0000,0.0000,0.0000,0.0000,
230,3,329,335,436,406,0.0000,0.0000,0.0000,0.0000,0.0000,0.0000,
231,3,329,335,436,406,0.0000,0.0000,0.0000,0.0000,0.0000,0.0000,
232,3,329,335,436,406,0.0000,0.0000,0.0000,0.0000,0.0000,0.0000,
233,3,329,335,436,406,0.0000,0.0000,0.0000,0.0000,0.0000,0.0000,
234,3,329,335,436,406,0.0000,0.0000,0.0000,0.0000,0.0000,0.0000,
235,3,329,335,436,406,0.0000,0.0000,0.0000,0.0000,0.0000,0.0000,
236,3,329,335,436,406,0.0000,0.0000,0.0000,0.0000,0.0000,0.0000,
237,3,329,335,436,406,0.0000,0.0000,0.0000,0.0000,0.0000,0.0000,
238,3,329,335,436,406,0.0000,0.0000,0.0000,0.0000,0.0000,0.0000,
239,3,329,335,436,406,0.0000,0.0000,0.0000,0.0000,0.0000,0.0000,
240,3,329,335,436,406,0.0000,0.0000,0.0000,0.0000,0.0000,0.0000,
241,3,329,335,436,406,0.0000,0.0000,0.0000,0.0000,0.0000,0.0000,
242,3,329,335,436,406,0.0000,0.0000,0.0000,0.0000,0.0000,0.0000,
243,3,329,335,436,406,0.0000,0.0000,0.0000,0.0000,0.0000,0.0000,
244,3,329,335,436,406,0.0000,0.0000,0.0000,0.0000,0.0000,0.0000,
245,3,329,335,436,406,0.0000,0.0000,0.0000,0.0000,0.0000,0.0000,
246,3,329,335,436,406,0.0000,0.0000,0.0000,0.0000,0.0000,0.0000,
247,3,329,335,436,406,0.0000,0.0000,0.0000,0.0000,0.0000,0.0000,
248,3,329,335,436,406,0.0000,0.0000,0.0000,0.0000,0.0000,0.0000,
249,3,329,335,436,406,0.0000,0.0000,0.0000,0.0000,0.0000,0.0000,
250,3,329,335,436,406,0.0000,0.0000,0.0000,0.0000,0.0000,0.0000,
251,3,329,335,436,406,0.0000,0.0000,0.0000,0.0000,0.0000,0.0000,
252,3,329,335,436,406,0.0000,0.0000,0.0000,0.0000,0.0000,0.0000,
253,3,329,335,436,406,0.0000,0.0000,0.0000,0.0000,0.0000,0.0000,
254,3,329,335,436,406,0.0000,0.0000,0.0000,0.0000,0.0000,0.0000,
255,3,329,335,436,406,0.0000,0.0000,0.0000,0.0000,0.0000,0.0000,
256,3,329,335,436,406,0.0000,0.0000,0.0000,0.0000,0.0000,0.0000,
257,3,329,335,436,406,0.0000,0.0000,0.0000,0.0000,0.0000,0.0000,
258,3,329,335,436,406,0.0000,0.0000,0.0000,0.0000,0.0000,0.0000,
259,3,329,335,436,406,0.0000,0.0000,0.0000,0.0000,0.0000,0.0000,
260,3,329,335,436,406,0.0000,0.0000,0.0000,0.0000,0.0000,0.0000,
261,3,329,335,436,406,0.0000,0.0000,0.0000,0.0000,0.0000,0.0000,
262,3,329,335,436,406,0.0000,0.0000,0.0000,0.0000,0.0000,0.0000,
263,3,329,335,436,406,0.0000,0.0000,0.0000,0.0000,0.0000,0.0000,
264,3,329,335,436,406,0.0000,0.0000,0.0000,0.0000,0.0000,0.0000,
265,3,329,335,436,406,0.0000,0.0000,0.0000,0.0000,0.0000,0.0000,
266,3,329,335,436,406,0.0000,0.0000,0.0000,0.0000,0.0000,0.0000,
267,3,329,335,436,406,0.0000,0.0000,0.0000,0.0000,0.0000,0.0000,
268,3,329,335,436,406,0.0000,0.0000,0.0000,0.0000,0.0000,0.0000,
269,3,329,335,436,406,0.0000,0.0000,0.0000,0.0000,0.0000,0.0000,
270,3,329,335,436,406,0.0000,0.0000,0.0000,0.0000,0.0000,0.0000,
271,3,329,335,436,406,0.0000,0.0000,0.0000,0.0000,0.0000,0.0000,
272,3,329,335,436,406,0.0000,0.0000,0.0000,0.0000,0.0000,0.0000,
273,3,329,335,436,406,0.0000,0.0000,0.0000,0.0000,0.0000,0.0000,
274,3,329,335,436,406,0.0000,0.0000,0.0000,0.0000,0.0000,0.0000,
275,3,329,335,436,406,0.0000,0.0000,0.0000,0.0000,0.0000,0.0000,
276,3,329,335,436,406,0.0000,0.0000,0.0000,0.0000,0.0000,0.0000,
277,3,329,335,436,406,0.0000,0.0000,0.0000,0.0000,0.0000,0.0000,
278,3,329,335,436,406,0.0000,0.0000,0.0000,0.0000,0.0000,0.0000,
279,3,329,335,436,406,0.0000,0.0000,0.0000,0.0000,0.0000,0.0000,
280,3,329,335,436,406,0.0000,0.0000,0.0000,0.0000,0.0000,0.0000,
281,3,329,335,436,406,0.0000,0.0000,0.0000,0.0000,0.0000,0.0000,
282,3,329,335,436,406,0.0000,0.0000,0.0000,0.0000,0.0000,0.0000,
283,3,329,335,436,406,0.0000,0.0000,0.0000,0.0000,0.0000,0.0000,
284,3,329,335,436,406,0.0000,0.0000,0.0000,0.0000,0.0000,0.0000,
285,3,329,335,436,406,0.0000,0.0000,0.0000,0.0000,0.0000,0.0000,
286,3,329,335,436,406,0.0000,0.0000,0.0000,0.0000,0.0000,0.0000,
287,3,329,335,436,406,0.0000,0.0000,0.0000,0.0000,0.0000,0.0000,
288,3,329,335,436,406,0.0000,0.0000,0.0000,0.0000,0.0000,0.0000,
289,3,329,335,436,406,0.0000,0.0000,0.0000,0.0000,0.0000,0.0000,
290,3,329,335,436,406,0.0000,0.0000,0.0000,0.0000,0.0000,0.0000,
291,3,329,335,436,406,0.0000,0.0000,0.0000,0.0000,0.0000,0.0000,
292,3,329,335,436,406,0.0000,0.0000,0.0000,0.0000,0.0000,0.0000,
293,3,329,335,436,406,0.0000,0.0000,0.0000,0.0000,0.0000,0.0000,
294,3,329,335,436,406,0.0000,0.0000,0.0000,0.0000,0.0000,0.0000,
295,3,329,335,436,406,0.0000,0.0000,0.0000,0.0000,0.0000,0.0000,
296,3,329,335,436,406,0.0000,0.0000,0.0000,0.0000,0.0000,0.0000,
297,3,329,335,436,406,0.0000,0.0000,0.0000,0.0000,0.0000,0.0000,
298,3,329,335,436,406,0.0000,0.0000,0.0000,0.0000,0.0000,0.0000,
299,3,329,335,436,406,0.0000,0.0000,0.0000,0.0000,0.0000,0.0000,
300,3,329,335,436,406,0.0000,0.0000,0.0000,0.0000,0.0000,0.0000,
301,3,329,335,436,406,0.0000,0.0000,0.0000,0.0000,0.0000,0.0000,
302,3,329,335,436,406,0.0000,0.0000,0.0000,0.0000,0.0000,0.0000,
303,3,329,335,436,406,0.0000,0.0000,0.0000,0.0000,0.0000,0.0000,
304,3,329,335,436,406,0.0000,0.0000,0.0000,0.0000,0.0000,0.0000,
305,3,329,335,436,406,0.0000,0.0000,0.0000,0.0000,0.0000,0.0000,
306,3,329,335,436,406,0.0000,0.0000,0.0000,0.0000,0.0000,0.0000,
307,3,329,335,436,406,0.0000,0.0000,0.0000,0.0000,0.0000,0.0000,
308,3,329,335,436,406,0.0000,0.0000,0.0000,0.0000,0.0000,0.0000,
309,3,329,335,436,406,0.0000,0.0000,0.0000,0.0000,0.0000,0.0000,
310,3,329,335,436,406,0.0000,0.0000,0.0000,0.0000,0.0000,0.0000,
311,3,329,335,436,406,0.0000,0.0000,0.0000,0.0000,0.0000,0.0000,
312,3,329,335,436,406,0.0000,0.0000,0.0000,0.0000,0.0000,0.0000,
313,3,329,335,436,406,0.0000,0.0000,0.0000,0.0000,0.0000,0.0000,
314,3,329,335,436,406,0.0000,0.0000,0.0000,0.0000,0.0000,0.0000,
315,3,329,335,436,406,0.0000,0.0000,0.0000,0.0000,0.0000,0.0000,
316,3,329,335,436,406,0.0000,0.0000,0.0000,0.0000,0.0000,0.0000,
317,3,329,335,436,406,0.0000,0.0000,0.0000,0.0000,0.0000,0.0000,
318,3,329,335,436,406,0.0000,0.0000,0.0000,0.0000,0.0000,0.0000,
319,3,329,335,436,406,0.0000,0.0000,0.0000,0.0000,0.0000,0.0000,
320,3,329,335,436,406,0.0000,0.0000,0.0000,0.0000,0.0000,0.0000,
321,3,329,335,436,406,0.0000,0.0000,0.0000,0.0000,0.0000,0.0000,
322,3,329,335,436,406,0.0000,0.0000,0.0000,0.0000,0.0000,0.0000,
323,3,329,335,436,406,0.0000,0.0000,0.0000,0.0000,0.0000,0.0000,
324,3,329,335,436,406,0.0000,0.0000,0.0000,0.0000,0.0000,0.0000,
325,3,329,335,436,406,0.0000,0.0000,0.0000,0.0000,0.0000,0.0000,
326,3,329,335,436,406,0.0000,0.0000,0.0000,0.0000,0.0000,0.0000,
327,3,329,335,436,406,0.0000,0.0000,0.0000,0.0000,0.0000,0.0000,
328,3,329,335,436,406,0.0000,0.0000,0.0000,0.0000,0.0000,0.0000,
329,3,329,335,436,406,0.0000,0.0000,0.0000,0.0000,0.0000,0.0000,
330,3,329,335,436,406,0.0000,0.0000,0.0000,0.0000,0.0000,0.0000,
331,3,329,335,436,406,0.0000,0.0000,0.0000,0.0000,0.0000,0.0000,
332,3,329,335,436,406,0.0000,0.0000,0.0000,0.0000,0.0000,0.0000,
333,3,329,335,436,406,0.0000,0.0000,0.0000,0.0000,0.0000,0.0000,
334,3,329,335,436,406,0.0000,0.0000,0.0000,0.0000,0.0000,0.0000,
335,3,329,335,436,406,0.0000,0.0000,0.0000,0.0000,0.0000,0.0000,
336,3,329,335,436,406,0.0000,0.0000,0.0000,0.0000,0.0000,0.0000,
337,3,329,335,436,406,0.0000,0.0000,0.0000,0.0000,0.0000,0.0000,
338,3,329,335,436,406,0.0000,0.0000,0.0000,0.0000,0.0000,0.0000,
339,3,329,335,436,406,0.0000,0.0000,0.0000,0.0000,0.0000,0.0000,
340,3,329,335,436,406,0.0000,0.0000,0.0000,0.0000,0.0000,0.0000,
341,3,329,335,436,406,0.0000,0.0000,0.0000,0.0000,0.0000,0.0000,
342,3,329,335,436,406,0.0000,0.0000,0.0000,0.0000,0.0000,0.0000,
343,3,329,335,436,406,0.0000,0.0000,0.0000,0.0000,0.0000,0.0000,
344,3,329,335,436,406,0.0000,0.0000,0.0000,0.0000,0.0000,0.0000,
345,3,329,335,436,406,0.0000,0.0000,0.0000,0.0000,0.0000,0.0000,
346,3,329,335,436,406,0.0000,0.0000,0.0000,0.0000,0.0000,0.0000,
347,3,329,335,436,406,0.0000,0.0000,0.0000,0.0000,0.0000,0.0000,
348,3,329,335,436,406,0.0000,0.0000,0.0000,0.0000,0.0000,0.0000,
349,3,329,335,436,406,0.0000,0.0000,0.0000,0.0000,0.0000,0.0000,
350,3,329,335,436,406,0.0000,0.0000,0.0000,0.0000,0.0000,0.0000,
351,3,329,335,436,406,0.0000,0.0000,0.0000,0.0000,0.0000,0.0000,
352,3,329,335,436,406,0.0000,0.0000,0.0000,0.0000,0.0000,0.0000,
353,3,329,335,436,406,0.0000,0.0000,0.0000,0.0000,0.0000,0.0000,
354,3,329,335,436,406,0.0000,0.0000,0.0000,0.0000,0.0000,0.0000,
355,3,329,335,436,406,0.0000,0.0000,0.0000,0.0000,0.0000,0.0000,
356,3,329,335,436,406,0.0000,0.0000,0.0000,0.0000,0.0000,0.0000,
357,3,329,335,436,406,0.0000,0.0000,0.0000,0.0000,0.0000,0.0000,
358,3,329,335,436,406,0.0000,0.0000,0.0000,0.0000,0.0000,0.0000,
359,3,329,335,436,406,0.0000,0.0000,0.0000,0.0000,0.0000,0.0000,
360,3,329,335,436,406,0.0000,0.0000,0.0000,0.0000,0.0000,0.0000,
361,3,329,335,436,406,0.0000,0.0000,0.0000,0.0000,0.0000,0.0000,
362,3,329,335,436,406,0.0000,0.0000,0.0000,0.0000,0.0000,0.0000,
363,3,329,335,436,406,0.0000,0.0000,0.0000,0.0000,0.0000,0.0000,
364,3,329,335,436,406,0.0000,0.0000,0.0000,0.0000,0.0000,0.0000,
365,3,329,335,436,406,0.0000,0.0000,0.0000,0.0000,0.0000,0.0000,
366,3,329,335,436,406,0.0000,0.0000,0.0000,0.0000,0.0000,0.0000,
367,3,329,335,436,406,0.0000,0.0000,0.0000,0.0000,0.0000,0.0000,
368,3,329,335,436,406,0.0000,0.0000,0.0000,0.0000,0.0000,0.0000,
369,3,329,335,436,406,0.0000,0.0000,0.0000,0.0000,0.0000,0.0000,
370,3,329,335,436,406,0.0000,0.0000,0.0000,0.0000,0.0000,0.0000,
371,3,329,335,436,406,0.0000,0.0000,0.0000,0.0000,0.0000,0.0000,
372,3,329,335,436,406,0.0000,0.0000,0.0000,0.0000,0.0000,0.0000,
373,3,329,335,436,406,0.0000,0.0000,0.0000,0.0000,0.0000,0.0000,
374,3,329,335,436,406,0.0000,0.0000,0.0000,0.0000,0.0000,0.0000,
375,3,329,335,436,406,0.0000,0.0000,0.0000,0.0000,0.0000,0.0000,
376,3,329,335,436,406,0.0000,0.0000,0.0000,0.0000,0.0000,0.0000,
377,3,329,335,436,406,0.0000,0.0000,0.0000,0.0000,0.0000,0.0000,
378,3,329,335,436,406,0.0000,0.0000,0.0000,0.0000,0.0000,0.0000,
379,3,329,335,436,406,0.0000,0.0000,0.0000,0.0000,0.0000,0.0000,
380,3,329,335,436,406,0.0000,0.0000,0.0000,0.0000,0.0000,0.0000,
381,3,329,335,436,406,0.0000,0.0000,0.0000,0.0000,0.0000,0.0000,
382,3,329,335,436,406,0.0000,0.0000,0.0000,0.0000,0.0000,0.0000,
383,3,329,335,436,406,0.0000,0.0000,0.0000,0.0000,0.0000,0.0000,
384,3,329,335,436,406,0.0000,0.0000,0.0000,0.0000,0.0000,0.0000,
385,3,329,335,436,406,0.0000,0.0000,0.0000,0.0000,0.0000,0.0000,
386,3,329,335,436,406,0.0000,0.0000,0.0000,0.0000,0.0000,0.0000,
387,3,329,335,436,406,0.0000,0.0000,0.0000,0.0000,0.0000,0.0000,
388,3,329,335,436,406,0.0000,0.0000,0.0000,0.0000,0.0000,0.0000,
389,3,329,335,436,406,0.0000,0.0000,0.0000,0.0000,0.0000,0.0000,
390,3,329,335,436,406,0.0000,0.0000,0.0000,0.0000,0.0000,0.0000,
391,3,329,335,436,406,0.0000,0.0000,0.0000,0.0000,0.0000,0.0000,
392,3,329,335,436,406,0.0000,0.0000,0.0000,0.0000,0.0000,0.0000,
393,3,329,335,436,406,0.0000,0.0000,0.0000,0.0000,0.0000,0.0000,
394,3,329,335,436,406,0.0000,0.0000,0.0000,0.0000,0.0000,0.0000,
395,3,329,335,436,406,0.0000,0.0000,0.0000,0.0000,0.0000,0.0000,
396,3,329,335,436,406,0.0000,0.0000,0.0000,0.0000,0.0000,0.0000,
397,3,329,335,436,406,0.0000,0.0000,0.0000,0.0000,0.0000,0.0000,
398,3,329,335,436,406,0.0000,0.0000,0.0000,0.0000,0.0000,0.0000,
399,3,329,335,436,406,0.0000,0.0000,0.0000,0.0000,0.0000,0.0000,
400,3,329,335,436,406,0.0000,0.0000,0.0000,0.0000,0.0000,0.0000,
401,3,329,335,436,406,0.0000,0.0000,0.0000,0.0000,0.0000,0.0000,
402,3,329,335,436,406,0.0000,0.0000,0.0000,0.0000,0.0000,0.0000,
403,3,329,335,436,406,0.0000,0.0000,0.0000,0.0000,0.0000,0.0000,
404,3,329,335,436,406,0.0000,0.0000,0.0000,0.0000,0.0000,0.0000,
405,3,329,335,436,406,0.0000,0.0000,0.0000,0.0000,0.0000,0.0000,
406,3,329,335,436,406,0.0000,0.0000,0.0000,0.0000,0.0000,0.0000,
407,3,329,335,436,406,0.0000,0.0000,0.0000,0.0000,0.0000,0.0000,
408,3,329,335,436,406,0.0000,0.0000,0.0000,0.0000,0.0000,0.0000,
409,3,329,335,436,406,0.0000,0.0000,0.0000,0.0000,0.0000,0.0000,
410,3,329,335,436,406,0.0000,0.0000,0.0000,0.0000,0.0000,0.0000,
411,3,329,335,436,406,0.0000,0.0000,0.0000,0.0000,0.0000,0.0000,
412,3,329,335,436,406,0.0000,0.0000,0.0000,0.0000,0.0000,0.0000,
413,3,329,335,436,406,0.0000,0.0000,0.0000,0.0000,0.0000,0.0000,
414,3,329,335,436,406,0.0000,0.0000,0.0000,0.0000,0.0000,0.0000,
415,3,329,335,436,406,0.0000,0.0000,0.0000,0.0000,0.0000,0.0000,
416,3,329,335,436,406,0.0000,0.0000,0.0000,0.0000,0.0000,0.0000,
417,3,329,335,436,406,0.0000,0.0000,0.0000,0.0000,0.0000,0.0000,
418,3,329,335,436,406,0.0000,0.0000,0.0000,0.0000,0.0000,0.0000,
419,3,329,335,436,406,0.0000,0.0000,0.0000,0.0000,0.0000,0.0000,
420,3,329,335,436,406,0.0000,0.0000,0.0000,0.0000,0.0000,0.0000,
421,3,329,335,436,406,0.0000,0.0000,0.0000,0.0000,0.0000,0.0000,
422,3,329,335,436,406,0.0000,0.0000,0.0000,0.0000,0.0000,0.0000,
423,3,329,335,436,406,0.0000,0.0000,0.0000,0.0000,0.0000,0.0000,
424,3,329,335,436,406,0.0000,0.0000,0.0000,0.0000,0.0000,0.0000,
425,3,329,335,436,406,0.0000,0.0000,0.0000,0.0000,0.0000,0.0000,
426,3,329,335,436,406,0.0000,0.0000,0.0000,0.0000,0.0000,0.0000,
427,3,329,335,436,406,0.0000,0.0000,0.0000,0.0000,0.0000,0.0000,
428,3,329,335,436,406,0.0000,0.0000,0.0000,0.0000,0.0000,0.0000,
429,3,329,335,436,406,0.0000,0.0000,0.0000,0.0000,0.0000,0.0000,
430,3,329,335,436,406,0.0000,0.0000,0.0000,0.0000,0.0000,0.0000,
431,3,329,335,436,406,0.0000,0.0000,0.0000,0.0000,0.0000,0.0000,
432,3,329,335,436,406,0.0000,0.0000,0.0000,0.0000,0.0000,0.0000,
433,3,329,335,436,406,0.0000,0.0000,0.0000,0.0000,0.0000,0.0000,
434,3,329,335,436,406,0.0000,0.0000,0.0000,0.0000,0.0000,0.0000,
435,3,329,335,436,406,0.0000,0.0000,0.0000,0.0000,0.0000,0.0000,
436,3,329,335,436,406,0.0000,0.0000,0.0000,0.0000,0.0000,0.0000,
437,3,329,335,436,406,0.0000,0.0000,0.0000,0.0000,0.0000,0.0000,
438,3,329,335,436,406,0.0000,0.0000,0.0000,0.0000,0.0000,0.0000,
439,3,329,335,436,406,0.0000,0.0000,0.0000,0.0000,0.0000,0.0000,
440,3,329,335,436,406,0.0000,0.0000,0.0000,0.0000,0.0000,0.0000,
441,3,329,335,436,406,0.0000,0.0000,0.0000,0.0000,0.0000,0.0000,
442,3,329,335,436,406,0.0000,0.0000,0.0000,0.0000,0.0000,0.0000,
443,3,329,335,436,406,0.0000,0.0000,0.0000,0.0000,0.0000,0.0000,
444,3,329,335,436,406,0.0000,0.0000,0.0000,0.0000,0.0000,0.0000,
445,3,329,335,436,406,0.0000,0.0000,0.0000,0.0000,0.0000,0.0000,
446,3,329,335,436,406,0.0000,0.0000,0.0000,0.0000,0.0000,0.0000,
447,3,329,335,436,406,0.0000,0.0000,0.0000,0.0000,0.0000,0.0000,
448,3,329,335,436,406,0.0000,0.0000,0.0000,0.0000,0.0000,0.0000,
449,3,329,335,436,406,0.0000,0.0000,0.0000,0.0000,0.0000,0.0000,
450,3,329,335,436,406,0.0000,0.0000,0.0000,0.0000,0.0000,0.0000,
451,3,329,335,436,406,0.0000,0.0000,0.0000,0.0000,0.0000,0.0000,
452,3,329,335,436,406,0.0000,0.0000,0.0000,0.0000,0.0000,0.0000,
453,3,329,335,436,406,0.0000,0.0000,0.0000,0.0000,0.0000,0.0000,
454,3,329,335,436,406,0.0000,0.0000,0.0000,0.0000,0.0000,0.0000,
455,3,329,335,436,406,0.0000,0.0000,0.0000,0.0000,0.0000,0.0000,
456,3,329,335,436,406,0.0000,0.0000,0.0000,0.0000,0.0000,0.0000,
457,3,329,335,436,406,0.0000,0.0000,0.0000,0.0000,0.0000,0.0000,
458,3,329,335,436,406,0.0000,0.0000,0.0000,0.0000,0.0000,0.0000,
459,3,329,335,436,406,0.0000,0.0000,0.0000,0.0000,0.0000,0.0000,
460,3,329,335,436,406,0.0000,0.0000,0.0000,0.0000,0.0000,0.0000,
461,3,329,335,436,406,0.0000,0.0000,0.0000,0.0000,0.0000,0.0000,
462,3,329,335,436,406,0.0000,0.0000,0.0000,0.0000,0.0000,0.0000,
463,3,329,335,436,406,0.0000,0.0000,0.0000,0.0000,0.0000,0.0000,
464,3,329,335,436,406,0.0000,0.0000,0.0000,0.0000,0.0000,0.0000,
465,3,329,335,436,406,0.0000,0.0000,0.0000,0.0000,0.0000,0.0000,
466,3,329,335,436,406,0.0000,0.0000,0.0000,0.0000,0.0000,0.0000,
467,3,329,335,436,406,0.0000,0.0000,0.0000,0.0000,0.0000,0.0000,
468,3,329,335,436,406,0.0000,0.0000,0.0000,0.0000,0.0000,0.0000,
469,3,329,335,436,406,0.0000,0.0000,0.0000,0.0000,0.0000,0.0000,
470,3,329,335,436,406,0.0000,0.0000,0.0000,0.0000,0.0000,0.0000,
471,3,329,335,436,406,0.0000,0.0000,0.0000,0.0000,0.0000,0.0000,
472,3,329,335,436,406,0.0000,0.0000,0.0000,0.0000,0.0000,0.0000,
473,3,329,335,436,406,0.0000,0.0000,0.0000,0.0000,0.0000,0.0000,
474,3,329,335,436,406,0.0000,0.0000,0.0000,0.0000,0.0000,0.0000,
475,3,329,335,436,406,0.0000,0.0000,0.0000,0.0000,0.0000,0.0000,
476,3,329,335,436,406,0.0000,0.0000,0.0000,0.0000,0.0000,0.0000,
477,3,329,335,436,406,0.0000,0.0000,0.0000,0.0000,0.0000,0.0000,
478,3,329,335,436,406,0.0000,0.0000,0.0000,0.0000,0.0000,0.0000,
479,3,329,335,436,406,0.0000,0.0000,0.0000,0.0000,0.0000,0.0000,
480,3,329,335,436,406,0.0000,0.0000,0.0000,0.0000,0.0000,0.0000,
481,3,329,335,436,406,0.0000,0.0000,0.0000,0.0000,0.0000,0.0000,
482,3,329,335,436,406,0.0000,0.0000,0.0000,0.0000,0.0000,0.0000,
483,3,329,335,436,406,0.0000,0.0000,0.0000,0.0000,0.0000,0.0000,
484,3,329,335,436,406,0.0000,0.0000,0.0000,0.0000,0.0000,0.0000,
485,3,329,335,436,406,0.0000,0.0000,0.0000,0.0000,0.0000,0.0000,
486,3,329,335,436,406,0.0000,0.0000,0.0000,0.0000,0.0000,0.0000,
487,3,329,335,436,406,0.0000,0.0000,0.0000,0.0000,0.0000,0.0000,
488,3,329,335,436,406,0.0000,0.0000,0.0000,0.0000,0.0000,0.0000,
489,3,329,335,436,406,0.0000,0.0000,0.0000,0.0000,0.0000,0.0000,
490,3,329,335,436,406,0.0000,0.0000,0.0000,0.0000,0.0000,0.0000,
491,3,329,335,436,406,0.0000,0.0000,0.0000,0.0000,0.0000,0.0000,
492,3,329,335,436,406,0.0000,0.0000,0.0000,0.0000,0.0000,0.0000,
493,3,329,335,436,406,0.0000,0.0000,0.0000,0.0000,0.0000,0.0000,
494,3,329,335,436,406,0.0000,0.0000,0.0000,0.0000,0.0000,0.0000,
495,3,329,335,436,406,0.0000,0.0000,0.0000,0.0000,0.0000,0.0000,
496,3,329,335,436,406,0.0000,0.0000,0.0000,0.0000,0.0000,0.0000,
497,3,329,335,436,406,0.0000,0.0000,0.0000,0.0000,0.0000,0.0000,
498,3,329,335,436,406,0.0000,0.0000,0.0000,0.0000,0.0000,0.0000,
499,3,329,335,436,406,0.0000,0.0000,0.0000,0.0000,0.0000,0.0000,
500,3,329,335,436,406,0.0000,0.0000,0.0000,0.0000,0.0000,0.0000,
501,3,329,335,436,406,0.0000,0.0000,0.0000,0.0000,0.0000,0.0000,
502,3,329,335,436,406,0.0000,0.0000,0.0000,0.0000,0.0000,0.0000,
503,3,329,335,436,406,0.0000,0.0000,0.0000,0.0000,0.0000,0.0000,
504,3,329,335,436,406,0.0000,0.0000,0.0000,0.0000,0.0000,0.0000,
505,3,329,335,436,406,0.0000,0.0000,0.0000,0.0000,0.0000,0.0000,
506,3,329,335,436,406,0.0000,0.0000,0.0000,0.0000,0.0000,0.0000,
507,3,329,335,436,406,0.0000,0.0000,0.0000,0.0000,0.0000,0.0000,
508,3,329,335,436,406,0.0000,0.0000,0.0000,0.0000,0.0000,0.0000,
509,3,329,335,436,406,0.0000,0.0000,0.0000,0.0000,0.0000,0.0000,
510,3,329,335,436,406,0.0000,0.0000,0.0000,0.0000,0.0000,0.0000,
511,3,329,335,436,406,0.0000,0.0000,0.0000,0.0000,0.0000,0.0000,
512,3,329,335,436,406,0.0000,0.0000,0.0000,0.0000,0.0000,0.0000,
513,3,329,335,436,406,0.0000,0.0000,0.0000,0.0000,0.0000,0.0000,
514,3,329,335,436,406,0.0000,0.0000,0.0000,0.0000,0.0000,0.0000,
515,3,329,335,436,406,0.0000,0.0000,0.0000,0.0000,0.0000,0.0000,
516,3,329,335,436,406,0.0000,0.0000,0.0000,0.0000,0.0000,0.0000,
517,3,329,335,436,406,0.0000,0.0000,0.0000,0.0000,0.0000,0.0000,
518,3,329,335,436,406,0.0000,0.0000,0.0000,0.0000,0.0000,0.0000,
519,3,329,335,436,406,0.0000,0.0000,0.0000,0.0000,0.0000,0.0000,
520,3,329,335,436,406,0.0000,0.0000,0.0000,0.0000,0.0000,0.0000,
521,3,329,335,436,406,0.0000,0.0000,0.0000,0.0000,0.0000,0.0000,
522,3,329,335,436,406,0.0000,0.0000,0.0000,0.0000,0.0000,0.0000,
523,3,329,335,436,406,0.0000,0.0000,0.0000,0.0000,0.0000,0.0000,
524,3,329,335,436,406,0.0000,0.0000,0.0000,0.0000,0.0000,0.0000,
525,3,329,335,436,406,0.0000,0.0000,0.0000,0.0000,0.0000,0.0000,
526,3,329,335,436,406,0.0000,0.0000,0.0000,0.0000,0.0000,0.0000,
527,3,329,335,436,406,0.0000,0.0000,0.0000,0.0000,0.0000,0.0000,
528,3,329,335,436,406,0.0000,0.0000,0.0000,0.0000,0.0000,0.0000,
529,3,329,335,436,406,0.0000,0.0000,0.0000,0.0000,0.0000,0.0000,
530,3,329,335,436,406,0.0000,0.0000,0.0000,0.0000,0.0000,0.0000,
531,3,329,335,436,406,0.0000,0.0000,0.0000,0.0000,0.0000,0.0000,
532,3,329,335,436,406,0.0000,0.0000,0.0000,0.0000,0.0000,0.0000,
533,3,329,335,436,406,0.0000,0.0000,0.0000,0.0000,0.0000,0.0000,
534,3,329,335,436,406,0.0000,0.0000,0.0000,0.0000,0.0000,0.0000,
535,3,329,335,436,406,0.0000,0.0000,0.0000,0.0000,0.0000,0.0000,
536,3,329,335,436,406,0.0000,0.0000,0.0000,0.0000,0.0000,0.0000,
537,3,329,335,436,406,0.0000,0.0000,0.0000,0.0000,0.0000,0.0000,
538,3,329,335,436,406,0.0000,0.0000,0.0000,0.0000,0.0000,0.0000,
539,3,329,335,436,406,0.0000,0.0000,0.0000,0.0000,0.0000,0.0000,
540,3,329,335,436,406,0.0000,0.0000,0.0000,0.0000,0.0000,0.0000,
541,3,329,335,436,406,0.0000,0.0000,0.0000,0.0000,0.0000,0.0000,
542,3,329,335,436,406,0.0000,0.0000,0.0000,0.0000,0.0000,0.0000,
543,3,329,335,436,406,0.0000,0.0000,0.0000,0.0000,0.0000,0.0000,
544,3,329,335,436,406,0.0000,0.0000,0.0000,0.0000,0.0000,0.0000,
545,3,329,335,436,406,0.0000,0.0000,0.0000,0.0000,0.0000,0.0000,
546,3,329,335,436,406,0.0000,0.0000,0.0000,0.0000,0.0000,0.0000,
547,3,329,335,436,406,0.0000,0.0000,0.0000,0.0000,0.0000,0.0000,
548,3,329,335,436,406,0.0000,0.0000,0.0000,0.0000,0.0000,0.0000,
549,3,329,335,436,406,0.0000,0.0000,0.0000,0.0000,0.0000,0.0000,
550,3,329,335,436,406,0.0000,0.0000,0.0000,0.0000,0.0000,0.0000,
551,3,329,335,436,406,0.0000,0.0000,0.0000,0.0000,0.0000,0.0000,
552,3,329,335,436,406,0.0000,0.0000,0.0000,0.0000,0.0000,0.0000,
553,3,329,335,436,406,0.0000,0.0000,0.0000,0.0000,0.0000,0.0000,
554,3,329,335,436,406,0.0000,0.0000,0.0000,0.0000,0.0000,0.0000,
555,3,329,335,436,406,0.0000,0.0000,0.0000,0.0000,0.0000,0.0000,
556,3,329,335,436,406,0.0000,0.0000,0.0000,0.0000,0.0000,0.0000,
557,3,329,335,436,406,0.0000,0.0000,0.0000,0.0000,0.0000,0.0000,
558,3,329,335,436,406,0.0000,0.0000,0.0000,0.0000,0.0000,0.0000,
559,3,329,335,436,406,0.0000,0.0000,0.0000,0.0000,0.0000,0.0000,
560,3,329,335,436,406,0.0000,0.0000,0.0000,0.0000,0.0000,0.0000,
561,3,329,335,436,406,0.0000,0.0000,0.0000,0.0000,0.0000,0.0000,
562,3,329,335,436,406,0.0000,0.0000,0.0000,0.0000,0.0000,0.0000,
563,3,329,335,436,406,0.0000,0.0000,0.0000,0.0000,0.0000,0.0000,
564,3,329,335,436,406,0.0000,0.0000,0.0000,0.0000,0.0000,0.0000,
565,3,329,335,436,406,0.0000,0.0000,0.0000,0.0000,0.0000,0.0000,
566,3,329,335,436,406,0.0000,0.0000,0.0000,0.0000,0.0000,0.0000,
567,3,329,335,436,406,0.0000,0.0000,0.0000,0.0000,0.0000,0.0000,
568,3,329,335,436,406,0.0000,0.0000,0.0000,0.0000,0.0000,0.0000,
569,3,329,335,436,406,0.0000,0.0000,0.0000,0.0000,0.0000,0.0000,
570,3,329,335,436,406,0.0000,0.0000,0.0000,0.0000,0.0000,0.0000,
571,3,329,335,436,406,0.0000,0.0000,0.0000,0.0000,0.0000,0.0000,
572,3,329,335,436,406,0.0000,0.0000,0.0000,0.0000,0.0000,0.0000,
573,3,329,335,436,406,0.0000,0.0000,0.0000,0.0000,0.0000,0.0000,
574,3,329,335,436,406,0.0000,0.0000,0.0000,0.0000,0.0000,0.0000,
575,3,329,335,436,406,0.0000,0.0000,0.0000,0.0000,0.0000,0.0000,
576,3,329,335,436,406,0.0000,0.0000,0.0000,0.0000,0.0000,0.0000,
577,3,329,335,436,406,0.0000,0.0000,0.0000,0.0000,0.0000,0.0000,
578,3,329,335,436,406,0.0000,0.0000,0.0000,0.0000,0.0000,0.0000,
579,3,329,335,436,406,0.0000,0.0000,0.0000,0.0000,0.0000,0.0000,
580,3,329,335,436,406,0.0000,0.0000,0.0000,0.0000,0.0000,0.0000,
581,3,329,335,436,406,0.0000,0.0000,0.0000,0.0000,0.0000,0.0000,
582,3,329,335,436,406,0.0000,0.0000,0.0000,0.0000,0.0000,0.0000,
583,3,329,335,436,406,0.0000,0.0000,0.0000,0.0000,0.0000,0.0000,
584,3,329,335,436,406,0.0000,0.0000,0.0000,0.0000,0.0000,0.0000,
585,3,329,335,436,406,0.0000,0.0000,0.0000,0.0000,0.0000,0.0000,
586,3,329,335,436,406,0.0000,0.0000,0.0000,0.0000,0.0000,0.0000,
587,3,329,335,436,406,0.0000,0.0000,0.0000,0.0000,0.0000,0.0000,
588,3,329,335,436,406,0.0000,0.0000,0.0000,0.0000,0.0000,0.0000,
589,3,329,335,436,406,0.0000,0.0000,0.0000,0.0000,0.0000,0.0000,
590,3,329,335,436,406,0.0000,0.0000,0.0000,0.0000,0.0000,0.0000,
591,3,339,337,430,398,1.0003,0.0000,-0.0000,1.0000,9.9837,9.9998,
592,3,339,337,430,398,0.9998,-0.0009,0.0011,0.9996,10.0383,9.9483,
593,3,341,337,429,399,0.9601,0.0482,-0.0167,1.0186,10.2229,10.1735,
594,3,341,337,429,399,1.0209,-0.0169,0.0883,0.9874,8.9042,6.5350,
595,3,341,337,429,399,1.0116,-0.0043,-0.0036,1.0024,9.5991,10.0831,
596,3,341,337,429,399,0.9953,0.0017,0.0007,0.9993,10.2125,9.9885,
597,3,341,337,429,399,1.0073,0.0062,0.0044,0.9926,9.5543,9.9603,
598,3,341,337,429,399,0.9898,0.0060,-0.0056,0.9967,10.2314,10.3309,
599,3,342,337,429,401,0.9886,-0.0084,0.0029,1.0269,10.5051,9.3307,
600,3,342,337,429,401,1.0036,0.0009,0.0001,0.9995,9.7410,10.0498,
601,3,345,344,432,400,0.9975,0.0085,-0.0010,1.0015,9.7780,10.0692,
602,3,345,344,432,400,1.0037,-0.0183,-0.0080,1.0021,10.5096,10.2053,
603,3,345,344,432,400,1.0071,0.0012,0.0014,0.9851,9.6293,10.5219,
604,3,345,344,432,400,1.0127,0.0423,0.0092,0.9748,7.8976,10.5633,
605,3,345,354,431,399,0.0000,0.0000,0.0000,0.0000,0.0000,0.0000,
606,3,345,354,431,399,0.0000,0.0000,0.0000,0.0000,0.0000,0.0000,
607,3,345,354,431,399,0.0000,0.0000,0.0000,0.0000,0.0000,0.0000,
608,3,345,354,431,399,0.0000,0.0000,0.0000,0.0000,0.0000,0.0000,
609,3,345,354,431,399,0.0000,0.0000,0.0000,0.0000,0.0000,0.0000,
610,3,345,354,431,399,0.0000,0.0000,0.0000,0.0000,0.0000,0.0000,
611,3,345,354,431,399,0.0000,0.0000,0.0000,0.0000,0.0000,0.0000,
612,3,345,354,431,399,0.0000,0.0000,0.0000,0.0000,0.0000,0.0000,
613,3,345,354,431,399,0.0000,0.0000,0.0000,0.0000,0.0000,0.0000,
614,3,345,354,431,399,0.0000,0.0000,0.0000,0.0000,0.0000,0.0000,
615,3,345,354,431,399,0.0000,0.0000,0.0000,0.0000,0.0000,0.0000,
616,3,345,354,431,399,0.0000,0.0000,0.0000,0.0000,0.0000,0.0000,
617,3,345,354,431,399,0.0000,0.0000,0.0000,0.0000,0.0000,0.0000,
618,3,345,354,431,399,0.0000,0.0000,0.0000,0.0000,0.0000,0.0000,
619,3,345,354,431,399,0.0000,0.0000,0.0000,0.0000,0.0000,0.0000,
620,3,345,354,431,399,0.0000,0.0000,0.0000,0.0000,0.0000,0.0000,
621,3,345,354,431,399,0.0000,0.0000,0.0000,0.0000,0.0000,0.0000,
622,3,345,354,431,399,0.0000,0.0000,0.0000,0.0000,0.0000,0.0000,
623,3,345,354,431,399,0.0000,0.0000,0.0000,0.0000,0.0000,0.0000,
624,3,345,354,431,399,0.0000,0.0000,0.0000,0.0000,0.0000,0.0000,
625,3,345,354,431,399,0.0000,0.0000,0.0000,0.0000,0.0000,0.0000,
626,3,345,354,431,399,0.0000,0.0000,0.0000,0.0000,0.0000,0.0000,
627,3,345,354,431,399,0.0000,0.0000,0.0000,0.0000,0.0000,0.0000,
628,3,345,354,431,399,0.0000,0.0000,0.0000,0.0000,0.0000,0.0000,
629,3,345,354,431,399,0.0000,0.0000,0.0000,0.0000,0.0000,0.0000,
630,3,345,354,431,399,0.0000,0.0000,0.0000,0.0000,0.0000,0.0000,
631,3,345,354,431,399,0.0000,0.0000,0.0000,0.0000,0.0000,0.0000,
632,3,345,354,431,399,0.0000,0.0000,0.0000,0.0000,0.0000,0.0000,
633,3,345,354,431,399,0.0000,0.0000,0.0000,0.0000,0.0000,0.0000,
634,3,345,354,431,399,0.0000,0.0000,0.0000,0.0000,0.0000,0.0000,
635,3,345,354,431,399,0.0000,0.0000,0.0000,0.0000,0.0000,0.0000,
636,3,345,354,431,399,0.0000,0.0000,0.0000,0.0000,0.0000,0.0000,
637,3,345,354,431,399,0.0000,0.0000,0.0000,0.0000,0.0000,0.0000,
638,3,345,354,431,399,0.0000,0.0000,0.0000,0.0000,0.0000,0.0000,
639,3,345,354,431,399,0.0000,0.0000,0.0000,0.0000,0.0000,0.0000,
640,3,345,354,431,399,0.0000,0.0000,0.0000,0.0000,0.0000,0.0000,
641,3,345,354,431,399,0.0000,0.0000,0.0000,0.0000,0.0000,0.0000,
642,3,345,354,431,399,0.0000,0.0000,0.0000,0.0000,0.0000,0.0000,
643,3,345,354,431,399,0.0000,0.0000,0.0000,0.0000,0.0000,0.0000,
644,3,345,354,431,399,0.0000,0.0000,0.0000,0.0000,0.0000,0.0000,
645,3,345,354,431,399,0.0000,0.0000,0.0000,0.0000,0.0000,0.0000,
646,3,345,354,431,399,0.0000,0.0000,0.0000,0.0000,0.0000,0.0000,
647,3,345,354,431,399,0.0000,0.0000,0.0000,0.0000,0.0000,0.0000,
648,3,345,354,431,399,0.0000,0.0000,0.0000,0.0000,0.0000,0.0000,
649,3,345,354,431,399,0.0000,0.0000,0.0000,0.0000,0.0000,0.0000,
650,3,345,354,431,399,0.0000,0.0000,0.0000,0.0000,0.0000,0.0000,
651,3,345,354,431,399,0.0000,0.0000,0.0000,0.0000,0.0000,0.0000,
652,3,345,354,431,399,0.0000,0.0000,0.0000,0.0000,0.0000,0.0000,
653,3,345,354,431,399,0.0000,0.0000,0.0000,0.0000,0.0000,0.0000,
654,3,345,354,431,399,0.0000,0.0000,0.0000,0.0000,0.0000,0.0000,
655,3,345,354,431,399,0.0000,0.0000,0.0000,0.0000,0.0000,0.0000,
656,3,345,354,431,399,0.0000,0.0000,0.0000,0.0000,0.0000,0.0000,
657,3,345,354,431,399,0.0000,0.0000,0.0000,0.0000,0.0000,0.0000,
658,3,345,354,431,399,0.0000,0.0000,0.0000,0.0000,0.0000,0.0000,
659,3,345,354,431,399,0.0000,0.0000,0.0000,0.0000,0.0000,0.0000,
660,3,345,354,431,399,0.0000,0.0000,0.0000,0.0000,0.0000,0.0000,
661,3,345,354,431,399,0.0000,0.0000,0.0000,0.0000,0.0000,0.0000,
662,3,345,354,431,399,0.0000,0.0000,0.0000,0.0000,0.0000,0.0000,
663,3,345,354,431,399,0.0000,0.0000,0.0000,0.0000,0.0000,0.0000,
664,3,345,354,431,399,0.0000,0.0000,0.0000,0.0000,0.0000,0.0000,
665,3,345,354,431,399,0.0000,0.0000,0.0000,0.0000,0.0000,0.0000,
666,3,345,354,431,399,0.0000,0.0000,0.0000,0.0000,0.0000,0.0000,
667,3,345,354,431,399,0.0000,0.0000,0.0000,0.0000,0.0000,0.0000,
668,3,345,354,431,399,0.0000,0.0000,0.0000,0.0000,0.0000,0.0000,
669,3,345,354,431,399,0.0000,0.0000,0.0000,0.0000,0.0000,0.0000,
670,3,345,354,431,399,0.0000,0.0000,0.0000,0.0000,0.0000,0.0000,
671,3,345,354,431,399,0.0000,0.0000,0.0000,0.0000,0.0000,0.0000,
672,3,345,354,431,399,0.0000,0.0000,0.0000,0.0000,0.0000,0.0000,
673,3,345,354,431,399,0.0000,0.0000,0.0000,0.0000,0.0000,0.0000,
674,3,345,354,431,399,0.0000,0.0000,0.0000,0.0000,0.0000,0.0000,
675,3,345,354,431,399,0.0000,0.0000,0.0000,0.0000,0.0000,0.0000,
676,3,345,354,431,399,0.0000,0.0000,0.0000,0.0000,0.0000,0.0000,
677,3,345,354,431,399,0.0000,0.0000,0.0000,0.0000,0.0000,0.0000,
678,3,345,354,431,399,0.0000,0.0000,0.0000,0.0000,0.0000,0.0000,
679,3,345,354,431,399,0.0000,0.0000,0.0000,0.0000,0.0000,0.0000,
680,3,345,354,431,399,0.0000,0.0000,0.0000,0.0000,0.0000,0.0000,
681,3,345,354,431,399,0.0000,0.0000,0.0000,0.0000,0.0000,0.0000,
682,3,345,354,431,399,0.0000,0.0000,0.0000,0.0000,0.0000,0.0000,
683,3,345,354,431,399,0.0000,0.0000,0.0000,0.0000,0.0000,0.0000,
684,3,345,354,431,399,0.0000,0.0000,0.0000,0.0000,0.0000,0.0000,
685,3,345,354,431,399,0.0000,0.0000,0.0000,0.0000,0.0000,0.0000,
686,3,345,354,431,399,0.0000,0.0000,0.0000,0.0000,0.0000,0.0000,
687,3,345,354,431,399,0.0000,0.0000,0.0000,0.0000,0.0000,0.0000,
688,3,345,354,431,399,0.0000,0.0000,0.0000,0.0000,0.0000,0.0000,
689,3,345,354,431,399,0.0000,0.0000,0.0000,0.0000,0.0000,0.0000,
690,3,345,354,431,399,0.0000,0.0000,0.0000,0.0000,0.0000,0.0000,
691,3,345,354,431,399,0.0000,0.0000,0.0000,0.0000,0.0000,0.0000,
692,3,345,354,431,399,0.0000,0.0000,0.0000,0.0000,0.0000,0.0000,
693,3,345,354,431,399,0.0000,0.0000,0.0000,0.0000,0.0000,0.0000,
694,3,345,354,431,399,0.0000,0.0000,0.0000,0.0000,0.0000,0.0000,
695,3,345,354,431,399,0.0000,0.0000,0.0000,0.0000,0.0000,0.0000,
696,3,345,354,431,399,0.0000,0.0000,0.0000,0.0000,0.0000,0.0000,
697,3,345,354,431,399,0.0000,0.0000,0.0000,0.0000,0.0000,0.0000,
698,3,345,354,431,399,0.0000,0.0000,0.0000,0.0000,0.0000,0.0000,
699,3,345,354,431,399,0.0000,0.0000,0.0000,0.0000,0.0000,0.0000,
700,3,345,354,431,399,0.0000,0.0000,0.0000,0.0000,0.0000,0.0000,
701,3,345,354,431,399,0.0000,0.0000,0.0000,0.0000,0.0000,0.0000,
702,3,345,354,431,399,0.0000,0.0000,0.0000,0.0000,0.0000,0.0000,
703,3,345,354,431,399,0.0000,0.0000,0.0000,0.0000,0.0000,0.0000,
704,3,345,354,431,399,0.0000,0.0000,0.0000,0.0000,0.0000,0.0000,
705,3,345,354,431,399,0.0000,0.0000,0.0000,0.0000,0.0000,0.0000,
706,3,345,354,431,399,0.0000,0.0000,0.0000,0.0000,0.0000,0.0000,
707,3,345,354,431,399,0.0000,0.0000,0.0000,0.0000,0.0000,0.0000,
708,3,345,354,431,399,0.0000,0.0000,0.0000,0.0000,0.0000,0.0000,
709,3,345,354,431,399,0.0000,0.0000,0.0000,0.0000,0.0000,0.0000,
710,3,345,354,431,399,0.0000,0.0000,0.0000,0.0000,0.0000,0.0000,
711,3,345,354,431,399,0.0000,0.0000,0.0000,0.0000,0.0000,0.0000,
712,3,345,354,431,399,0.0000,0.0000,0.0000,0.0000,0.0000,0.0000,
713,3,345,354,431,399,0.0000,0.0000,0.0000,0.0000,0.0000,0.0000,
714,3,345,354,431,399,0.0000,0.0000,0.0000,0.0000,0.0000,0.0000,
715,3,345,354,431,399,0.0000,0.0000,0.0000,0.0000,0.0000,0.0000,
716,3,345,354,431,399,0.0000,0.0000,0.0000,0.0000,0.0000,0.0000,
717,3,345,354,431,399,0.0000,0.0000,0.0000,0.0000,0.0000,0.0000,
718,3,345,354,431,399,0.0000,0.0000,0.0000,0.0000,0.0000,0.0000,
719,3,345,354,431,399,0.0000,0.0000,0.0000,0.0000,0.0000,0.0000,
720,3,345,354,431,399,0.0000,0.0000,0.0000,0.0000,0.0000,0.0000,
721,3,345,354,431,399,0.0000,0.0000,0.0000,0.0000,0.0000,0.0000,
722,3,345,354,431,399,0.0000,0.0000,0.0000,0.0000,0.0000,0.0000,
723,3,345,354,431,399,0.0000,0.0000,0.0000,0.0000,0.0000,0.0000,
724,3,345,354,431,399,0.0000,0.0000,0.0000,0.0000,0.0000,0.0000,
725,3,345,354,431,399,0.0000,0.0000,0.0000,0.0000,0.0000,0.0000,
726,3,345,354,431,399,0.0000,0.0000,0.0000,0.0000,0.0000,0.0000,
727,3,345,354,431,399,0.0000,0.0000,0.0000,0.0000,0.0000,0.0000,
728,3,345,354,431,399,0.0000,0.0000,0.0000,0.0000,0.0000,0.0000,
729,3,345,354,431,399,0.0000,0.0000,0.0000,0.0000,0.0000,0.0000,
730,3,345,354,431,399,0.0000,0.0000,0.0000,0.0000,0.0000,0.0000,
731,3,345,354,431,399,0.0000,0.0000,0.0000,0.0000,0.0000,0.0000,
732,3,345,354,431,399,0.0000,0.0000,0.0000,0.0000,0.0000,0.0000,
733,3,345,354,431,399,0.0000,0.0000,0.0000,0.0000,0.0000,0.0000,
734,3,345,354,431,399,0.0000,0.0000,0.0000,0.0000,0.0000,0.0000,
735,3,345,354,431,399,0.0000,0.0000,0.0000,0.0000,0.0000,0.0000,
736,3,345,354,431,399,0.0000,0.0000,0.0000,0.0000,0.0000,0.0000,
737,3,345,354,431,399,0.0000,0.0000,0.0000,0.0000,0.0000,0.0000,
738,3,345,354,431,399,0.0000,0.0000,0.0000,0.0000,0.0000,0.0000,
739,3,345,354,431,399,0.0000,0.0000,0.0000,0.0000,0.0000,0.0000,
740,3,345,354,431,399,0.0000,0.0000,0.0000,0.0000,0.0000,0.0000,
741,3,345,354,431,399,0.0000,0.0000,0.0000,0.0000,0.0000,0.0000,
742,3,345,354,431,399,0.0000,0.0000,0.0000,0.0000,0.0000,0.0000,
743,3,345,354,431,399,0.0000,0.0000,0.0000,0.0000,0.0000,0.0000,
744,3,345,354,431,399,0.0000,0.0000,0.0000,0.0000,0.0000,0.0000,
745,3,345,354,431,399,0.0000,0.0000,0.0000,0.0000,0.0000,0.0000,
746,3,345,354,431,399,0.0000,0.0000,0.0000,0.0000,0.0000,0.0000,
747,3,345,354,431,399,0.0000,0.0000,0.0000,0.0000,0.0000,0.0000,
748,3,345,354,431,399,0.0000,0.0000,0.0000,0.0000,0.0000,0.0000,
749,3,345,354,431,399,0.0000,0.0000,0.0000,0.0000,0.0000,0.0000,
750,3,345,354,431,399,0.0000,0.0000,0.0000,0.0000,0.0000,0.0000,
751,3,345,354,431,399,0.0000,0.0000,0.0000,0.0000,0.0000,0.0000,
752,3,345,354,431,399,0.0000,0.0000,0.0000,0.0000,0.0000,0.0000,
753,3,345,354,431,399,0.0000,0.0000,0.0000,0.0000,0.0000,0.0000,
754,3,345,354,431,399,0.0000,0.0000,0.0000,0.0000,0.0000,0.0000,
755,3,345,354,431,399,0.0000,0.0000,0.0000,0.0000,0.0000,0.0000,
756,3,345,354,431,399,0.0000,0.0000,0.0000,0.0000,0.0000,0.0000,
757,3,345,354,431,399,0.0000,0.0000,0.0000,0.0000,0.0000,0.0000,
758,3,345,354,431,399,0.0000,0.0000,0.0000,0.0000,0.0000,0.0000,
759,3,345,354,431,399,0.0000,0.0000,0.0000,0.0000,0.0000,0.0000,
760,3,345,354,431,399,0.0000,0.0000,0.0000,0.0000,0.0000,0.0000,
761,3,345,354,431,399,0.0000,0.0000,0.0000,0.0000,0.0000,0.0000,
762,3,345,354,431,399,0.0000,0.0000,0.0000,0.0000,0.0000,0.0000,
763,3,345,354,431,399,0.0000,0.0000,0.0000,0.0000,0.0000,0.0000,
764,3,345,354,431,399,0.0000,0.0000,0.0000,0.0000,0.0000,0.0000,
765,3,345,354,431,399,0.0000,0.0000,0.0000,0.0000,0.0000,0.0000,
766,3,345,354,431,399,0.0000,0.0000,0.0000,0.0000,0.0000,0.0000,
767,3,345,354,431,399,0.0000,0.0000,0.0000,0.0000,0.0000,0.0000,
768,3,345,354,431,399,0.0000,0.0000,0.0000,0.0000,0.0000,0.0000,
769,3,345,354,431,399,0.0000,0.0000,0.0000,0.0000,0.0000,0.0000,
770,3,345,354,431,399,0.0000,0.0000,0.0000,0.0000,0.0000,0.0000,
771,3,345,354,431,399,0.0000,0.0000,0.0000,0.0000,0.0000,0.0000,
772,3,345,354,431,399,0.0000,0.0000,0.0000,0.0000,0.0000,0.0000,
773,3,345,354,431,399,0.0000,0.0000,0.0000,0.0000,0.0000,0.0000,
774,3,345,354,431,399,0.0000,0.0000,0.0000,0.0000,0.0000,0.0000,
775,3,345,354,431,399,0.0000,0.0000,0.0000,0.0000,0.0000,0.0000,
776,3,345,354,431,399,0.0000,0.0000,0.0000,0.0000,0.0000,0.0000,
777,3,345,354,431,399,0.0000,0.0000,0.0000,0.0000,0.0000,0.0000,
778,3,345,354,431,399,0.0000,0.0000,0.0000,0.0000,0.0000,0.0000,
779,3,345,354,431,399,0.0000,0.0000,0.0000,0.0000,0.0000,0.0000,
780,3,345,354,431,399,0.0000,0.0000,0.0000,0.0000,0.0000,0.0000,
781,3,345,354,431,399,0.0000,0.0000,0.0000,0.0000,0.0000,0.0000,
782,3,345,354,431,399,0.0000,0.0000,0.0000,0.0000,0.0000,0.0000,
783,3,345,354,431,399,0.0000,0.0000,0.0000,0.0000,0.0000,0.0000,
784,3,345,354,431,399,0.0000,0.0000,0.0000,0.0000,0.0000,0.0000,
785,3,345,354,431,399,0.0000,0.0000,0.0000,0.0000,0.0000,0.0000,
786,3,345,354,431,399,0.0000,0.0000,0.0000,0.0000,0.0000,0.0000,
787,3,345,354,431,399,0.0000,0.0000,0.0000,0.0000,0.0000,0.0000,
788,3,345,354,431,399,0.0000,0.0000,0.0000,0.0000,0.0000,0.0000,
789,3,345,354,431,399,0.0000,0.0000,0.0000,0.0000,0.0000,0.0000,
790,3,345,354,431,399,0.0000,0.0000,0.0000,0.0000,0.0000,0.0000,
791,3,345,354,431,399,0.0000,0.0000,0.0000,0.0000,0.0000,0.0000,
792,3,345,354,431,399,0.0000,0.0000,0.0000,0.0000,0.0000,0.0000,
793,3,345,354,431,399,0.0000,0.0000,0.0000,0.0000,0.0000,0.0000,
794,3,345,354,431,399,0.0000,0.0000,0.0000,0.0000,0.0000,0.0000,
795,3,345,354,431,399,0.0000,0.0000,0.0000,0.0000,0.0000,0.0000,
796,3,345,354,431,399,0.0000,0.0000,0.0000,0.0000,0.0000,0.0000,
797,3,345,354,431,399,0.0000,0.0000,0.0000,0.0000,0.0000,0.0000,
798,3,345,354,431,399,0.0000,0.0000,0.0000,0.0000,0.0000,0.0000,
799,3,345,354,431,399,0.0000,0.0000,0.0000,0.0000,0.0000,0.0000,
800,3,345,354,431,399,0.0000,0.0000,0.0000,0.0000,0.0000,0.0000,
801,3,345,354,431,399,0.0000,0.0000,0.0000,0.0000,0.0000,0.0000,
802,3,345,354,431,399,0.0000,0.0000,0.0000,0.0000,0.0000,0.0000,
803,3,345,354,431,399,0.0000,0.0000,0.0000,0.0000,0.0000,0.0000,
804,3,345,354,431,399,0.0000,0.0000,0.0000,0.0000,0.0000,0.0000,
805,3,345,354,431,399,0.0000,0.0000,0.0000,0.0000,0.0000,0.0000,
806,3,345,354,431,399,0.0000,0.0000,0.0000,0.0000,0.0000,0.0000,
807,3,345,354,431,399,0.0000,0.0000,0.0000,0.0000,0.0000,0.0000,
808,3,345,354,431,399,0.0000,0.0000,0.0000,0.0000,0.0000,0.0000,
809,3,345,354,431,399,0.0000,0.0000,0.0000,0.0000,0.0000,0.0000,
810,3,345,354,431,399,0.0000,0.0000,0.0000,0.0000,0.0000,0.0000,
811,3,345,354,431,399,0.0000,0.0000,0.0000,0.0000,0.0000,0.0000,
812,3,345,354,431,399,0.0000,0.0000,0.0000,0.0000,0.0000,0.0000,
813,3,345,354,431,399,0.0000,0.0000,0.0000,0.0000,0.0000,0.0000,
814,3,345,354,431,399,0.0000,0.0000,0.0000,0.0000,0.0000,0.0000,
815,3,345,354,431,399,0.0000,0.0000,0.0000,0.0000,0.0000,0.0000,
816,3,345,354,431,399,0.0000,0.0000,0.0000,0.0000,0.0000,0.0000,
817,3,345,354,431,399,0.0000,0.0000,0.0000,0.0000,0.0000,0.0000,
818,3,345,354,431,399,0.0000,0.0000,0.0000,0.0000,0.0000,0.0000,
819,3,345,354,431,399,0.0000,0.0000,0.0000,0.0000,0.0000,0.0000,
820,3,345,354,431,399,0.0000,0.0000,0.0000,0.0000,0.0000,0.0000,
821,3,345,354,431,399,0.0000,0.0000,0.0000,0.0000,0.0000,0.0000,
822,3,345,354,431,399,0.0000,0.0000,0.0000,0.0000,0.0000,0.0000,
823,3,345,354,431,399,0.0000,0.0000,0.0000,0.0000,0.0000,0.0000,
824,3,345,354,431,399,0.0000,0.0000,0.0000,0.0000,0.0000,0.0000,
825,3,345,354,431,399,0.0000,0.0000,0.0000,0.0000,0.0000,0.0000,
826,3,345,354,431,399,0.0000,0.0000,0.0000,0.0000,0.0000,0.0000,
827,3,345,354,431,399,0.0000,0.0000,0.0000,0.0000,0.0000,0.0000,
828,3,345,354,431,399,0.0000,0.0000,0.0000,0.0000,0.0000,0.0000,
829,3,345,354,431,399,0.0000,0.0000,0.0000,0.0000,0.0000,0.0000,
830,3,345,354,431,399,0.0000,0.0000,0.0000,0.0000,0.0000,0.0000,
831,3,345,354,431,399,0.0000,0.0000,0.0000,0.0000,0.0000,0.0000,
832,3,345,354,431,399,0.0000,0.0000,0.0000,0.0000,0.0000,0.0000,
833,3,345,354,431,399,0.0000,0.0000,0.0000,0.0000,0.0000,0.0000,
834,3,345,354,431,399,0.0000,0.0000,0.0000,0.0000,0.0000,0.0000,
835,3,345,354,431,399,0.0000,0.0000,0.0000,0.0000,0.0000,0.0000,
836,3,345,354,431,399,0.0000,0.0000,0.0000,0.0000,0.0000,0.0000,
837,3,345,354,431,399,0.0000,0.0000,0.0000,0.0000,0.0000,0.0000,
838,3,345,354,431,399,0.0000,0.0000,0.0000,0.0000,0.0000,0.0000,
839,3,345,354,431,399,0.0000,0.0000,0.0000,0.0000,0.0000,0.0000,
840,3,345,354,431,399,0.0000,0.0000,0.0000,0.0000,0.0000,0.0000,
841,3,345,354,431,399,0.0000,0.0000,0.0000,0.0000,0.0000,0.0000,
842,3,345,354,431,399,0.0000,0.0000,0.0000,0.0000,0.0000,0.0000,
843,3,345,354,431,399,0.0000,0.0000,0.0000,0.0000,0.0000,0.0000,
844,3,345,354,431,399,0.0000,0.0000,0.0000,0.0000,0.0000,0.0000,
845,3,345,354,431,399,0.0000,0.0000,0.0000,0.0000,0.0000,0.0000,
846,3,345,354,431,399,0.0000,0.0000,0.0000,0.0000,0.0000,0.0000,
847,3,345,354,431,399,0.0000,0.0000,0.0000,0.0000,0.0000,0.0000,
848,3,345,354,431,399,0.0000,0.0000,0.0000,0.0000,0.0000,0.0000,
849,3,345,354,431,399,0.0000,0.0000,0.0000,0.0000,0.0000,0.0000,
850,3,345,354,431,399,0.0000,0.0000,0.0000,0.0000,0.0000,0.0000,
851,3,345,354,431,399,0.0000,0.0000,0.0000,0.0000,0.0000,0.0000,
852,3,345,354,431,399,0.0000,0.0000,0.0000,0.0000,0.0000,0.0000,
853,3,345,354,431,399,0.0000,0.0000,0.0000,0.0000,0.0000,0.0000,
854,3,345,354,431,399,0.0000,0.0000,0.0000,0.0000,0.0000,0.0000,
855,3,345,354,431,399,0.0000,0.0000,0.0000,0.0000,0.0000,0.0000,
856,3,345,354,431,399,0.0000,0.0000,0.0000,0.0000,0.0000,0.0000,
857,3,345,354,431,399,0.0000,0.0000,0.0000,0.0000,0.0000,0.0000,
858,3,345,354,431,399,0.0000,0.0000,0.0000,0.0000,0.0000,0.0000,
859,3,345,354,431,399,0.0000,0.0000,0.0000,0.0000,0.0000,0.0000,
860,3,345,354,431,399,0.0000,0.0000,0.0000,0.0000,0.0000,0.0000,
861,3,345,354,431,399,0.0000,0.0000,0.0000,0.0000,0.0000,0.0000,
862,3,345,354,431,399,0.0000,0.0000,0.0000,0.0000,0.0000,0.0000,
