1,1,0.999020,341,32,517,478,
2,1,0.998340,345,25,520,474,
3,1,0.998342,338,25,515,474,
4,1,0.998198,341,32,516,475,
5,1,0.998956,341,33,514,478,
6,1,0.998338,335,24,512,473,
7,1,0.998511,345,28,521,478,
8,1,0.998277,341,33,517,473,
9,1,0.999174,342,33,516,480,
10,1,0.998024,341,35,515,473,
11,1,0.999094,346,34,517,473,
12,1,0.998135,346,28,521,473,
13,1,0.998957,348,33,519,475,
14,1,0.999177,347,31,518,473,
15,1,0.998969,349,33,518,475,
16,1,0.998322,341,26,510,473,
17,1,0.998207,348,25,518,476,
18,1,0.998187,348,25,517,477,
19,1,0.998969,339,28,510,472,
20,1,0.998645,347,28,517,478,
21,1,0.998565,349,30,517,476,
22,1,0.999187,350,26,519,478,
23,1,0.999366,351,27,520,477,
24,1,0.998539,350,30,522,474,
25,1,0.998956,348,23,521,472,
26,1,0.998836,352,26,522,467,
27,1,0.998552,357,30,528,474,
28,1,0.999159,358,30,530,476,
29,1,0.998741,363,30,533,468,
30,1,0.998850,358,28,532,470,
31,1,0.999104,359,28,533,471,
32,1,0.998153,360,26,530,467,
33,1,0.999141,362,31,533,467,
34,1,0.998753,361,28,533,468,
35,1,0.998584,360,34,532,465,
36,1,0.998843,361,34,532,458,
37,1,0.998981,361,32,532,463,
38,1,0.998722,357,34,532,461,
39,1,0.998541,357,33,533,456,
40,1,0.998607,357,36,531,466,
41,1,0.998766,358,37,530,465,
42,1,0.998848,358,32,526,458,
43,1,0.999190,358,33,528,466,
44,1,0.999032,360,31,524,469,
45,1,0.998662,358,30,522,466,
46,1,0.997899,355,36,523,473,
47,1,0.998271,355,32,519,473,
48,1,0.998967,349,37,520,474,
49,1,0.999170,340,34,513,474,
50,1,0.999286,336,33,508,472,
51,1,0.999409,329,31,505,476,
52,1,0.999189,326,31,503,470,
53,1,0.999080,318,34,500,478,
54,1,0.999497,314,40,499,472,
55,1,0.999473,310,37,494,471,
56,1,0.999468,305,39,493,469,
57,1,0.999610,305,38,490,470,
58,1,0.999245,304,37,488,470,
59,1,0.999426,306,43,491,472,
60,1,0.999015,307,43,488,469,
61,1,0.998788,301,45,488,466,
62,1,0.999262,297,44,484,467,
63,1,0.999084,300,45,483,463,
64,1,0.999190,296,48,483,463,
65,1,0.999482,297,50,483,466,
66,1,0.999475,302,53,485,466,
67,1,0.998881,299,52,477,459,
68,1,0.999526,298,52,480,461,
69,1,0.999356,297,58,482,458,
70,1,0.999617,299,54,478,461,
71,1,0.999607,298,56,476,457,
72,1,0.998980,291,56,476,455,
73,1,0.999524,282,58,478,461,
74,1,0.998983,286,60,476,463,
75,1,0.999329,283,59,477,469,
76,1,0.999155,280,61,477,460,
77,1,0.999398,264,55,475,454,
78,1,0.999607,269,61,473,453,
79,1,0.999631,267,61,474,457,
80,1,0.999627,269,63,473,452,
81,1,0.999704,264,62,475,456,
82,1,0.999688,260,59,474,454,
83,1,0.999651,259,60,472,450,
84,1,0.999639,259,59,469,459,
85,1,0.999692,259,62,470,460,
86,1,0.999629,258,62,469,450,
87,1,0.999694,259,61,472,458,
88,1,0.999683,253,62,470,457,
89,1,0.999664,260,63,470,447,
90,1,0.999747,260,63,470,454,
91,1,0.999733,255,56,471,450,
92,1,0.999417,254,61,469,452,
93,1,0.999737,260,61,470,456,
94,1,0.999751,261,64,471,452,
95,1,0.999716,262,63,471,457,
96,1,0.999641,257,58,477,458,
97,1,0.999604,257,58,479,458,
98,1,0.999330,261,62,470,452,
99,1,0.999354,261,66,477,464,
100,1,0.999680,262,62,471,462,
101,1,0.999362,262,64,477,454,
102,1,0.999604,261,62,475,459,
103,1,0.999280,262,64,476,460,
104,1,0.999243,265,60,476,466,
105,1,0.999570,266,63,474,450,
106,1,0.999486,263,60,467,457,
107,1,0.999460,263,57,467,457,
108,1,0.999353,263,59,472,461,
109,1,0.999444,262,59,468,456,
110,1,0.999413,262,58,470,453,
111,1,0.999270,261,61,468,446,
112,1,0.998561,261,60,468,447,
113,1,0.999234,258,55,467,450,
114,1,0.998769,263,58,470,448,
115,1,0.999150,264,59,465,442,
116,1,0.999451,262,56,468,443,
117,1,0.999665,260,57,467,447,
118,1,0.999120,260,54,463,444,
119,1,0.999112,263,58,461,436,
120,1,0.999512,266,58,459,435,
121,1,0.999183,266,57,459,430,
122,1,0.999357,270,56,457,434,
123,1,0.999104,266,55,458,427,
124,1,0.998810,263,56,456,415,
125,1,0.999419,272,56,457,424,
126,1,0.999374,281,58,455,423,
127,1,0.998848,270,55,454,428,
128,1,0.999213,276,55,455,422,
129,1,0.998278,267,55,458,421,
130,1,0.999196,269,53,455,422,
131,1,0.999442,265,56,458,423,
132,1,0.999113,255,57,458,429,
133,1,0.999237,259,56,456,434,
134,1,0.999315,256,55,457,424,
135,1,0.999461,246,55,459,429,
136,1,0.997045,257,51,454,412,
137,1,0.999360,233,55,459,425,
138,1,0.999355,237,54,460,428,
139,1,0.999424,238,54,458,430,
140,1,0.999478,236,53,459,431,
141,1,0.999414,236,55,458,430,
142,1,0.998951,233,57,458,421,
143,1,0.998931,228,57,460,429,
144,1,0.998837,236,50,459,420,
145,1,0.998823,227,49,462,434,
146,1,0.998963,223,47,462,433,
147,1,0.999231,224,50,461,426,
148,1,0.999035,220,49,460,435,
149,1,0.999253,213,51,460,428,
150,1,0.999300,223,48,458,430,
151,1,0.999249,227,45,459,431,
152,1,0.998805,219,43,459,420,
153,1,0.999024,219,43,460,428,
154,1,0.999107,217,47,457,433,
155,1,0.999462,240,49,456,426,
156,1,0.999306,234,49,454,428,
157,1,0.999620,202,42,455,424,
158,1,0.999331,216,48,453,436,
159,1,0.999302,239,44,450,420,
160,1,0.999304,228,46,450,425,
161,1,0.999285,258,50,454,429,
162,1,0.998919,261,49,452,421,
163,1,0.999287,256,46,452,424,
164,1,0.999358,254,49,454,427,
165,1,0.999434,247,54,453,424,
166,1,0.999645,245,50,453,432,
167,1,0.999519,243,52,453,424,
168,1,0.999586,214,49,450,420,
169,1,0.999540,214,44,457,431,
170,1,0.999158,205,50,454,422,
171,1,0.999686,222,55,456,434,
172,1,0.999591,233,56,454,427,
173,1,0.999649,233,55,454,429,
174,1,0.999722,235,58,452,427,
175,1,0.999592,234,56,454,426,
176,1,0.999687,230,61,453,431,
177,1,0.999669,231,58,453,430,
178,1,0.999779,229,64,453,431,
179,1,0.999688,228,62,451,435,
180,1,0.999543,230,62,451,427,
181,1,0.999662,230,64,453,429,
182,1,0.999445,234,64,449,423,
183,1,0.999514,232,64,451,426,
184,1,0.999433,233,65,449,421,
185,1,0.999691,231,63,453,427,
186,1,0.999704,230,65,450,427,
187,1,0.999188,235,59,453,429,
188,1,0.999687,235,63,453,426,
189,1,0.999603,233,67,454,427,
190,1,0.999331,235,62,454,428,
191,1,0.999724,234,63,453,427,
192,1,0.999434,241,65,455,429,
193,1,0.999335,235,62,452,443,
194,1,0.999424,241,67,455,426,
195,1,0.999513,238,68,455,429,
196,1,0.999593,230,63,454,428,
197,1,0.999659,230,63,454,429,
198,1,0.999605,228,63,455,435,
199,1,0.999654,231,63,456,428,
200,1,0.999594,226,60,453,425,
201,1,0.999626,229,61,456,432,
202,1,0.999663,221,64,456,427,
203,1,0.999643,234,62,451,424,
204,1,0.999648,230,65,454,425,
205,1,0.999274,229,61,455,429,
206,1,0.999674,227,63,457,425,
207,1,0.999505,230,62,455,418,
208,1,0.999291,232,61,458,432,
209,1,0.999704,227,56,456,426,
210,1,0.999769,228,60,455,434,
211,1,0.999797,229,61,455,433,
212,1,0.999527,215,60,455,420,
213,1,0.999658,229,60,455,433,
214,1,0.998782,230,59,453,424,
215,1,0.998433,233,57,453,423,
216,1,0.999182,231,55,457,416,
217,1,0.999555,237,57,456,419,
218,1,0.999273,235,54,455,432,
219,1,0.999439,237,53,455,426,
220,1,0.999451,234,54,455,425,
221,1,0.999270,232,49,456,425,
222,1,0.999288,237,51,454,422,
223,1,0.999136,235,48,454,426,
224,1,0.999680,241,51,455,423,
225,1,0.999055,245,52,456,424,
226,1,0.999582,226,52,455,435,
227,1,0.999472,232,54,454,435,
228,1,0.999500,241,49,457,430,
229,1,0.999541,254,47,456,434,
230,1,0.999320,257,53,455,429,
231,1,0.999253,259,50,456,431,
232,1,0.999241,271,50,456,429,
233,1,0.998812,267,46,456,421,
234,1,0.999395,266,46,456,430,
235,1,0.998762,280,51,456,429,
236,1,0.999332,269,46,458,430,
237,1,0.999480,268,46,458,428,
238,1,0.998525,278,42,453,428,
239,1,0.999220,272,48,457,432,
240,1,0.998898,283,48,457,429,
241,1,0.999574,280,48,459,431,
242,1,0.998872,284,47,458,431,
243,1,0.999378,290,49,457,430,
244,1,0.998998,290,48,459,426,
245,1,0.998239,296,45,461,430,
246,1,0.999369,298,50,462,435,
247,1,0.999233,295,46,463,429,
248,1,0.999435,295,47,464,433,
249,1,0.999291,296,46,465,431,
250,1,0.998455,299,43,463,427,
251,1,0.999079,296,43,466,435,
252,1,0.998392,302,44,464,432,
253,1,0.998867,301,45,465,428,
254,1,0.999155,302,45,468,436,
255,1,0.998602,302,43,466,440,
256,1,0.999239,297,48,468,432,
257,1,0.999180,299,45,469,432,
258,1,0.998886,292,47,469,434,
259,1,0.999469,298,47,468,437,
260,1,0.999325,296,45,468,436,
261,1,0.999458,300,41,469,436,
262,1,0.999290,294,44,469,431,
263,1,0.999385,296,45,470,431,
264,1,0.999490,297,48,470,430,
265,1,0.999486,295,44,469,431,
266,1,0.999497,291,46,469,432,
267,1,0.999251,291,45,471,431,
268,1,0.999503,293,40,471,431,
269,1,0.998949,289,45,471,435,
270,1,0.999390,290,47,473,436,
271,1,0.999344,292,44,471,429,
272,1,0.999401,288,38,472,431,
273,1,0.999511,283,45,471,432,
274,1,0.999621,286,45,471,431,
275,1,0.999575,282,44,469,432,
276,1,0.999477,283,44,471,432,
277,1,0.999469,284,41,472,436,
278,1,0.999611,287,44,469,429,
279,1,0.999438,283,44,471,426,
280,1,0.999308,285,40,471,432,
281,1,0.999555,284,44,469,429,
282,1,0.999426,282,43,468,429,
283,1,0.999617,283,43,468,431,
284,1,0.999523,283,44,468,428,
285,1,0.999245,277,39,469,427,
286,1,0.999180,282,44,471,432,
287,1,0.999390,280,44,469,439,
288,1,0.999077,280,45,469,432,
289,1,0.998494,287,45,465,436,
290,1,0.998568,300,44,465,433,
291,1,0.998869,305,41,464,430,
292,1,0.999183,290,40,465,430,
293,1,0.997982,262,44,461,424,
294,1,0.997960,271,43,459,430,
295,1,0.998881,249,40,460,422,
296,1,0.997852,239,37,462,437,
297,1,0.999120,251,39,456,434,
298,1,0.998828,266,39,462,431,
299,1,0.998919,241,33,464,432,
300,1,0.999344,252,38,461,428,
301,1,0.998840,254,34,463,435,
302,1,0.999387,239,29,464,427,
303,1,0.999428,246,34,462,429,
304,1,0.999457,234,27,461,423,
305,1,0.999349,238,30,463,430,
306,1,0.999202,237,38,459,430,
307,1,0.999349,237,28,459,425,
308,1,0.999371,244,35,459,434,
309,1,0.999315,243,34,455,427,
310,1,0.999366,245,41,455,437,
311,1,0.999420,247,35,457,434,
312,1,0.999031,240,41,454,435,
313,1,0.998246,234,38,457,434,
314,1,0.998432,237,41,456,434,
315,1,0.999064,229,29,462,429,
316,1,0.997931,240,32,459,427,
317,1,0.999141,234,28,458,431,
318,1,0.998672,250,39,456,433,
319,1,0.998940,242,26,459,432,
320,1,0.998770,240,31,461,425,
321,1,0.998810,243,29,461,424,
322,1,0.999226,240,34,456,427,
323,1,0.999140,241,29,459,430,
324,1,0.999062,244,33,458,429,
325,1,0.998891,246,29,461,424,
326,1,0.999148,240,31,459,426,
327,1,0.998975,242,30,459,433,
328,1,0.999278,241,31,457,428,
329,1,0.999422,243,36,459,427,
330,1,0.999386,252,33,458,431,
331,1,0.999230,253,35,457,434,
332,1,0.999361,255,30,457,432,
333,1,0.999189,253,31,457,432,
334,1,0.999214,258,29,457,433,
335,1,0.999450,258,31,457,429,
336,1,0.999169,255,28,456,429,
337,1,0.999209,260,28,455,428,
338,1,0.999152,260,31,454,425,
339,1,0.999218,263,29,456,431,
340,1,0.999534,261,26,453,433,
341,1,0.999604,260,31,453,440,
342,1,0.999745,260,34,453,431,
343,1,0.999697,261,31,454,438,
344,1,0.999638,259,31,452,439,
345,1,0.999481,253,33,451,437,
346,1,0.999500,256,34,451,437,
347,1,0.999597,255,33,451,435,
348,1,0.999717,257,32,450,432,
349,1,0.999386,258,35,448,435,
350,1,0.999514,269,35,447,432,
351,1,0.999434,257,35,448,433,
352,1,0.999318,257,34,447,430,
353,1,0.999208,248,33,448,431,
354,1,0.999236,258,37,445,437,
355,1,0.998962,249,34,448,426,
356,1,0.999197,253,38,445,432,
357,1,0.998467,257,37,445,429,
358,1,0.998847,255,38,445,431,
359,1,0.999267,254,38,445,427,
360,1,0.998888,264,29,447,419,
361,1,0.999157,258,36,445,423,
362,1,0.999355,252,33,446,423,
363,1,0.999460,258,35,446,421,
364,1,0.999239,249,34,447,422,
365,1,0.999359,256,37,444,423,
366,1,0.999375,259,36,444,418,
367,1,0.998865,261,35,445,419,
368,1,0.999340,249,35,445,424,
369,1,0.999409,252,37,445,420,
370,1,0.999283,259,34,445,416,
371,1,0.999370,254,37,445,414,
372,1,0.999016,251,36,447,416,
373,1,0.999237,253,37,446,412,
374,1,0.999289,254,36,446,415,
375,1,0.999242,252,36,447,415,
376,1,0.999546,257,34,447,418,
377,1,0.999473,257,34,448,418,
378,1,0.999384,255,34,450,417,
379,1,0.998372,256,41,449,411,
380,1,0.998664,259,32,450,413,
381,1,0.998788,254,41,450,415,
382,1,0.998860,251,30,450,417,
383,1,0.998995,259,32,453,411,
384,1,0.998997,256,35,451,417,
385,1,0.999177,258,39,453,417,
386,1,0.999469,259,36,452,418,
387,1,0.999175,253,32,453,416,
388,1,0.998877,260,36,456,414,
389,1,0.999270,260,33,453,416,
390,1,0.999320,257,35,454,418,
391,1,0.998473,261,29,457,426,
392,1,0.998116,260,39,458,415,
393,1,0.999236,259,36,457,418,
394,1,0.999430,263,33,457,422,
395,1,0.999651,262,34,457,420,
396,1,0.999130,254,37,460,416,
397,1,0.998264,257,31,461,430,
398,1,0.998824,258,31,457,417,
399,1,0.998452,260,32,460,425,
400,1,0.999388,260,40,459,415,
401,1,0.998974,270,40,461,414,
402,1,0.999225,271,38,457,415,
403,1,0.998390,274,42,458,424,
404,1,0.999040,280,38,460,415,
405,1,0.999397,288,40,459,417,
406,1,0.999405,293,42,461,427,
407,1,0.999054,294,42,461,424,
408,1,0.998828,298,39,463,425,
409,1,0.998994,305,42,465,435,
410,1,0.999124,305,41,467,444,
411,1,0.998063,308,38,469,445,
412,1,0.998857,320,42,472,452,
413,1,0.999047,331,41,477,449,
414,1,0.998057,342,39,473,463,
415,1,0.998485,346,41,481,466,
416,1,0.998339,353,37,482,471,
417,1,0.998489,352,38,489,469,
418,1,0.999179,357,38,495,463,
419,1,0.998318,359,37,498,458,
420,1,0.998803,363,31,509,469,
421,1,0.999108,362,38,515,472,
422,1,0.998627,363,32,518,471,
423,1,0.998762,362,36,523,463,
424,1,0.998938,367,36,525,466,
425,1,0.998981,358,29,526,467,
426,1,0.999035,369,32,539,473,
427,1,0.999201,367,29,541,470,
428,1,0.999286,367,31,540,467,
429,1,0.999253,372,29,546,471,
430,1,0.999492,377,28,556,474,
431,1,0.999607,371,33,561,468,
432,1,0.999571,377,27,564,467,
433,1,0.999676,377,27,570,468,
434,1,0.999760,378,26,573,469,
435,1,0.999816,380,26,578,468,
436,1,0.999765,381,27,578,470,
437,1,0.999799,382,27,583,471,
438,1,0.999845,380,26,586,473,
439,1,0.999854,380,25,590,471,
440,1,0.999821,381,26,590,471,
441,1,0.999792,382,23,591,473,
442,1,0.999830,380,24,593,472,
443,1,0.999814,379,23,593,473,
444,1,0.999830,377,26,595,474,
445,1,0.999833,376,26,595,472,
446,1,0.999481,372,19,597,478,
447,1,0.999828,374,23,597,473,
448,1,0.999821,372,22,599,472,
449,1,0.999818,372,22,597,473,
450,1,0.999789,372,24,598,471,
451,1,0.999749,374,22,597,471,
452,1,0.999709,375,28,598,470,
453,1,0.999780,375,23,595,474,
454,1,0.999718,380,27,593,480,
