1,4,228,411,347,433,0.0000,0.0000,0.0000,0.0000,0.0000,0.0000,
2,4,228,411,347,433,0.0000,0.0000,0.0000,0.0000,0.0000,0.0000,
3,4,228,411,347,433,0.0000,0.0000,0.0000,0.0000,0.0000,0.0000,
4,4,228,411,347,433,0.0000,0.0000,0.0000,0.0000,0.0000,0.0000,
5,4,228,411,347,433,0.0000,0.0000,0.0000,0.0000,0.0000,0.0000,
6,4,228,411,347,433,0.0000,0.0000,0.0000,0.0000,0.0000,0.0000,
7,4,228,411,347,433,0.0000,0.0000,0.0000,0.0000,0.0000,0.0000,
8,4,228,411,347,433,0.0000,0.0000,0.0000,0.0000,0.0000,0.0000,
9,4,228,411,347,433,0.0000,0.0000,0.0000,0.0000,0.0000,0.0000,
10,4,228,411,347,433,0.0000,0.0000,0.0000,0.0000,0.0000,0.0000,
11,4,228,411,347,433,0.0000,0.0000,0.0000,0.0000,0.0000,0.0000,
12,4,228,411,347,433,0.0000,0.0000,0.0000,0.0000,0.0000,0.0000,
13,4,228,411,347,433,0.0000,0.0000,0.0000,0.0000,0.0000,0.0000,
14,4,228,411,347,433,0.0000,0.0000,0.0000,0.0000,0.0000,0.0000,
15,4,228,411,347,433,0.0000,0.0000,0.0000,0.0000,0.0000,0.0000,
16,4,228,411,347,433,0.0000,0.0000,0.0000,0.0000,0.0000,0.0000,
17,4,228,411,347,433,0.0000,0.0000,0.0000,0.0000,0.0000,0.0000,
18,4,228,411,347,433,0.0000,0.0000,0.0000,0.0000,0.0000,0.0000,
19,4,228,411,347,433,0.0000,0.0000,0.0000,0.0000,0.0000,0.0000,
20,4,228,411,347,433,0.0000,0.0000,0.0000,0.0000,0.0000,0.0000,
21,4,228,411,347,433,0.0000,0.0000,0.0000,0.0000,0.0000,0.0000,
22,4,228,411,347,433,0.0000,0.0000,0.0000,0.0000,0.0000,0.0000,
23,4,228,411,347,433,0.0000,0.0000,0.0000,0.0000,0.0000,0.0000,
24,4,228,411,347,433,0.0000,0.0000,0.0000,0.0000,0.0000,0.0000,
25,4,228,411,347,433,0.0000,0.0000,0.0000,0.0000,0.0000,0.0000,
26,4,228,411,347,433,0.0000,0.0000,0.0000,0.0000,0.0000,0.0000,
27,4,228,411,347,433,0.0000,0.0000,0.0000,0.0000,0.0000,0.0000,
28,4,228,411,347,433,0.0000,0.0000,0.0000,0.0000,0.0000,0.0000,
29,4,228,411,347,433,0.0000,0.0000,0.0000,0.0000,0.0000,0.0000,
30,4,228,411,347,433,0.0000,0.0000,0.0000,0.0000,0.0000,0.0000,
31,4,228,411,347,433,0.0000,0.0000,0.0000,0.0000,0.0000,0.0000,
32,4,228,411,347,433,0.0000,0.0000,0.0000,0.0000,0.0000,0.0000,
33,4,228,411,347,433,0.0000,0.0000,0.0000,0.0000,0.0000,0.0000,
34,4,228,411,347,433,0.0000,0.0000,0.0000,0.0000,0.0000,0.0000,
35,4,228,411,347,433,0.0000,0.0000,0.0000,0.0000,0.0000,0.0000,
36,4,228,411,347,433,0.0000,0.0000,0.0000,0.0000,0.0000,0.0000,
37,4,228,411,347,433,0.0000,0.0000,0.0000,0.0000,0.0000,0.0000,
38,4,228,411,347,433,0.0000,0.0000,0.0000,0.0000,0.0000,0.0000,
39,4,228,411,347,433,0.0000,0.0000,0.0000,0.0000,0.0000,0.0000,
40,4,228,411,347,433,0.0000,0.0000,0.0000,0.0000,0.0000,0.0000,
41,4,228,411,347,433,0.0000,0.0000,0.0000,0.0000,0.0000,0.0000,
42,4,228,411,347,433,0.0000,0.0000,0.0000,0.0000,0.0000,0.0000,
43,4,228,411,347,433,0.0000,0.0000,0.0000,0.0000,0.0000,0.0000,
44,4,228,411,347,433,0.0000,0.0000,0.0000,0.0000,0.0000,0.0000,
45,4,228,411,347,433,0.0000,0.0000,0.0000,0.0000,0.0000,0.0000,
46,4,228,411,347,433,0.0000,0.0000,0.0000,0.0000,0.0000,0.0000,
47,4,228,411,347,433,0.0000,0.0000,0.0000,0.0000,0.0000,0.0000,
48,4,228,411,347,433,0.0000,0.0000,0.0000,0.0000,0.0000,0.0000,
49,4,228,411,347,433,0.0000,0.0000,0.0000,0.0000,0.0000,0.0000,
50,4,228,411,347,433,0.0000,0.0000,0.0000,0.0000,0.0000,0.0000,
51,4,228,411,347,433,0.0000,0.0000,0.0000,0.0000,0.0000,0.0000,
52,4,228,411,347,433,0.0000,0.0000,0.0000,0.0000,0.0000,0.0000,
53,4,228,411,347,433,0.0000,0.0000,0.0000,0.0000,0.0000,0.0000,
54,4,228,411,347,433,0.0000,0.0000,0.0000,0.0000,0.0000,0.0000,
55,4,228,411,347,433,0.0000,0.0000,0.0000,0.0000,0.0000,0.0000,
56,4,228,411,347,433,0.0000,0.0000,0.0000,0.0000,0.0000,0.0000,
57,4,228,411,347,433,0.0000,0.0000,0.0000,0.0000,0.0000,0.0000,
58,4,228,411,347,433,0.0000,0.0000,0.0000,0.0000,0.0000,0.0000,
59,4,228,411,347,433,0.0000,0.0000,0.0000,0.0000,0.0000,0.0000,
60,4,228,411,347,433,0.0000,0.0000,0.0000,0.0000,0.0000,0.0000,
61,4,228,411,347,433,0.0000,0.0000,0.0000,0.0000,0.0000,0.0000,
62,4,228,411,347,433,0.0000,0.0000,0.0000,0.0000,0.0000,0.0000,
63,4,228,411,347,433,0.0000,0.0000,0.0000,0.0000,0.0000,0.0000,
64,4,228,411,347,433,0.0000,0.0000,0.0000,0.0000,0.0000,0.0000,
65,4,228,411,347,433,0.0000,0.0000,0.0000,0.0000,0.0000,0.0000,
66,4,228,411,347,433,0.0000,0.0000,0.0000,0.0000,0.0000,0.0000,
67,4,228,411,347,433,0.0000,0.0000,0.0000,0.0000,0.0000,0.0000,
68,4,228,411,347,433,0.0000,0.0000,0.0000,0.0000,0.0000,0.0000,
69,4,228,411,347,433,0.0000,0.0000,0.0000,0.0000,0.0000,0.0000,
70,4,228,411,347,433,0.0000,0.0000,0.0000,0.0000,0.0000,0.0000,
71,4,228,411,347,433,0.0000,0.0000,0.0000,0.0000,0.0000,0.0000,
72,4,228,411,347,433,0.0000,0.0000,0.0000,0.0000,0.0000,0.0000,
73,4,228,411,347,433,0.0000,0.0000,0.0000,0.0000,0.0000,0.0000,
74,4,228,411,347,433,0.0000,0.0000,0.0000,0.0000,0.0000,0.0000,
75,4,228,411,347,433,0.0000,0.0000,0.0000,0.0000,0.0000,0.0000,
76,4,228,411,347,433,0.0000,0.0000,0.0000,0.0000,0.0000,0.0000,
77,4,228,411,347,433,0.0000,0.0000,0.0000,0.0000,0.0000,0.0000,
78,4,228,411,347,433,0.0000,0.0000,0.0000,0.0000,0.0000,0.0000,
79,4,228,411,347,433,0.0000,0.0000,0.0000,0.0000,0.0000,0.0000,
80,4,228,411,347,433,0.0000,0.0000,0.0000,0.0000,0.0000,0.0000,
81,4,228,411,347,433,0.0000,0.0000,0.0000,0.0000,0.0000,0.0000,
82,4,228,411,347,433,0.0000,0.0000,0.0000,0.0000,0.0000,0.0000,
83,4,228,411,347,433,0.0000,0.0000,0.0000,0.0000,0.0000,0.0000,
84,4,228,411,347,433,0.0000,0.0000,0.0000,0.0000,0.0000,0.0000,
85,4,228,411,347,433,0.0000,0.0000,0.0000,0.0000,0.0000,0.0000,
86,4,228,411,347,433,0.0000,0.0000,0.0000,0.0000,0.0000,0.0000,
87,4,228,411,347,433,0.0000,0.0000,0.0000,0.0000,0.0000,0.0000,
88,4,228,411,347,433,0.0000,0.0000,0.0000,0.0000,0.0000,0.0000,
89,4,228,411,347,433,0.0000,0.0000,0.0000,0.0000,0.0000,0.0000,
90,4,228,411,347,433,0.0000,0.0000,0.0000,0.0000,0.0000,0.0000,
91,4,228,411,347,433,0.0000,0.0000,0.0000,0.0000,0.0000,0.0000,
92,4,228,411,347,433,0.0000,0.0000,0.0000,0.0000,0.0000,0.0000,
93,4,228,411,347,433,0.0000,0.0000,0.0000,0.0000,0.0000,0.0000,
94,4,228,411,347,433,0.0000,0.0000,0.0000,0.0000,0.0000,0.0000,
95,4,228,411,347,433,0.0000,0.0000,0.0000,0.0000,0.0000,0.0000,
96,4,228,411,347,433,0.0000,0.0000,0.0000,0.0000,0.0000,0.0000,
97,4,228,411,347,433,0.0000,0.0000,0.0000,0.0000,0.0000,0.0000,
98,4,228,411,347,433,0.0000,0.0000,0.0000,0.0000,0.0000,0.0000,
99,4,228,411,347,433,0.0000,0.0000,0.0000,0.0000,0.0000,0.0000,
100,4,228,411,347,433,0.0000,0.0000,0.0000,0.0000,0.0000,0.0000,
101,4,228,411,347,433,0.0000,0.0000,0.0000,0.0000,0.0000,0.0000,
102,4,228,411,347,433,0.0000,0.0000,0.0000,0.0000,0.0000,0.0000,
103,4,228,411,347,433,0.0000,0.0000,0.0000,0.0000,0.0000,0.0000,
104,4,228,411,347,433,0.0000,0.0000,0.0000,0.0000,0.0000,0.0000,
105,4,228,411,347,433,0.0000,0.0000,0.0000,0.0000,0.0000,0.0000,
106,4,228,411,347,433,0.0000,0.0000,0.0000,0.0000,0.0000,0.0000,
107,4,228,411,347,433,0.0000,0.0000,0.0000,0.0000,0.0000,0.0000,
108,4,228,411,347,433,0.0000,0.0000,0.0000,0.0000,0.0000,0.0000,
109,4,228,411,347,433,0.0000,0.0000,0.0000,0.0000,0.0000,0.0000,
110,4,228,411,347,433,0.0000,0.0000,0.0000,0.0000,0.0000,0.0000,
111,4,228,411,347,433,0.0000,0.0000,0.0000,0.0000,0.0000,0.0000,
112,4,228,411,347,433,0.0000,0.0000,0.0000,0.0000,0.0000,0.0000,
113,4,228,411,347,433,0.0000,0.0000,0.0000,0.0000,0.0000,0.0000,
114,4,228,411,347,433,0.0000,0.0000,0.0000,0.0000,0.0000,0.0000,
115,4,228,411,347,433,0.0000,0.0000,0.0000,0.0000,0.0000,0.0000,
116,4,228,411,347,433,0.0000,0.0000,0.0000,0.0000,0.0000,0.0000,
117,4,228,411,347,433,0.0000,0.0000,0.0000,0.0000,0.0000,0.0000,
118,4,228,411,347,433,0.0000,0.0000,0.0000,0.0000,0.0000,0.0000,
119,4,228,411,347,433,0.0000,0.0000,0.0000,0.0000,0.0000,0.0000,
120,4,228,411,347,433,0.0000,0.0000,0.0000,0.0000,0.0000,0.0000,
121,4,228,411,347,433,0.0000,0.0000,0.0000,0.0000,0.0000,0.0000,
122,4,228,411,347,433,0.0000,0.0000,0.0000,0.0000,0.0000,0.0000,
123,4,228,411,347,433,0.0000,0.0000,0.0000,0.0000,0.0000,0.0000,
124,4,228,411,347,433,0.0000,0.0000,0.0000,0.0000,0.0000,0.0000,
125,4,228,411,347,433,0.0000,0.0000,0.0000,0.0000,0.0000,0.0000,
126,4,228,411,347,433,0.0000,0.0000,0.0000,0.0000,0.0000,0.0000,
127,4,228,411,347,433,0.0000,0.0000,0.0000,0.0000,0.0000,0.0000,
128,4,228,411,347,433,0.0000,0.0000,0.0000,0.0000,0.0000,0.0000,
129,4,228,411,347,433,0.0000,0.0000,0.0000,0.0000,0.0000,0.0000,
130,4,228,411,347,433,0.0000,0.0000,0.0000,0.0000,0.0000,0.0000,
131,4,228,411,347,433,0.0000,0.0000,0.0000,0.0000,0.0000,0.0000,
132,4,228,411,347,433,0.0000,0.0000,0.0000,0.0000,0.0000,0.0000,
133,4,228,411,347,433,0.0000,0.0000,0.0000,0.0000,0.0000,0.0000,
134,4,228,411,347,433,0.0000,0.0000,0.0000,0.0000,0.0000,0.0000,
135,4,228,411,347,433,0.0000,0.0000,0.0000,0.0000,0.0000,0.0000,
136,4,228,411,347,433,0.0000,0.0000,0.0000,0.0000,0.0000,0.0000,
137,4,228,411,347,433,0.0000,0.0000,0.0000,0.0000,0.0000,0.0000,
138,4,228,411,347,433,0.0000,0.0000,0.0000,0.0000,0.0000,0.0000,
139,4,228,411,347,433,0.0000,0.0000,0.0000,0.0000,0.0000,0.0000,
140,4,228,411,347,433,0.0000,0.0000,0.0000,0.0000,0.0000,0.0000,
141,4,228,411,347,433,0.0000,0.0000,0.0000,0.0000,0.0000,0.0000,
142,4,228,411,347,433,0.0000,0.0000,0.0000,0.0000,0.0000,0.0000,
143,4,228,411,347,433,0.0000,0.0000,0.0000,0.0000,0.0000,0.0000,
144,4,228,411,347,433,0.0000,0.0000,0.0000,0.0000,0.0000,0.0000,
145,4,228,411,347,433,0.0000,0.0000,0.0000,0.0000,0.0000,0.0000,
146,4,228,411,347,433,0.0000,0.0000,0.0000,0.0000,0.0000,0.0000,
147,4,228,411,347,433,0.0000,0.0000,0.0000,0.0000,0.0000,0.0000,
148,4,228,411,347,433,0.0000,0.0000,0.0000,0.0000,0.0000,0.0000,
149,4,228,411,347,433,0.0000,0.0000,0.0000,0.0000,0.0000,0.0000,
150,4,228,411,347,433,0.0000,0.0000,0.0000,0.0000,0.0000,0.0000,
151,4,228,411,347,433,0.0000,0.0000,0.0000,0.0000,0.0000,0.0000,
152,4,228,411,347,433,0.0000,0.0000,0.0000,0.0000,0.0000,0.0000,
153,4,228,411,347,433,0.0000,0.0000,0.0000,0.0000,0.0000,0.0000,
154,4,228,411,347,433,0.0000,0.0000,0.0000,0.0000,0.0000,0.0000,
155,4,228,411,347,433,0.0000,0.0000,0.0000,0.0000,0.0000,0.0000,
156,4,228,411,347,433,0.0000,0.0000,0.0000,0.0000,0.0000,0.0000,
157,4,228,411,347,433,0.0000,0.0000,0.0000,0.0000,0.0000,0.0000,
158,4,228,411,347,433,0.0000,0.0000,0.0000,0.0000,0.0000,0.0000,
159,4,228,411,347,433,0.0000,0.0000,0.0000,0.0000,0.0000,0.0000,
160,4,228,411,347,433,0.0000,0.0000,0.0000,0.0000,0.0000,0.0000,
161,4,228,411,347,433,0.0000,0.0000,0.0000,0.0000,0.0000,0.0000,
162,4,228,411,347,433,0.0000,0.0000,0.0000,0.0000,0.0000,0.0000,
163,4,228,411,347,433,0.0000,0.0000,0.0000,0.0000,0.0000,0.0000,
164,4,228,411,347,433,0.0000,0.0000,0.0000,0.0000,0.0000,0.0000,
165,4,228,411,347,433,0.0000,0.0000,0.0000,0.0000,0.0000,0.0000,
166,4,228,411,347,433,0.0000,0.0000,0.0000,0.0000,0.0000,0.0000,
167,4,228,411,347,433,0.0000,0.0000,0.0000,0.0000,0.0000,0.0000,
168,4,228,411,347,433,0.0000,0.0000,0.0000,0.0000,0.0000,0.0000,
169,4,228,411,347,433,0.0000,0.0000,0.0000,0.0000,0.0000,0.0000,
170,4,228,411,347,433,0.0000,0.0000,0.0000,0.0000,0.0000,0.0000,
171,4,228,411,347,433,0.0000,0.0000,0.0000,0.0000,0.0000,0.0000,
172,4,228,411,347,433,0.0000,0.0000,0.0000,0.0000,0.0000,0.0000,
173,4,228,411,347,433,0.0000,0.0000,0.0000,0.0000,0.0000,0.0000,
174,4,228,411,347,433,0.0000,0.0000,0.0000,0.0000,0.0000,0.0000,
175,4,228,411,347,433,0.0000,0.0000,0.0000,0.0000,0.0000,0.0000,
176,4,228,411,347,433,0.0000,0.0000,0.0000,0.0000,0.0000,0.0000,
177,4,228,411,347,433,0.0000,0.0000,0.0000,0.0000,0.0000,0.0000,
178,4,228,411,347,433,0.0000,0.0000,0.0000,0.0000,0.0000,0.0000,
179,4,228,411,347,433,0.0000,0.0000,0.0000,0.0000,0.0000,0.0000,
180,4,228,411,347,433,0.0000,0.0000,0.0000,0.0000,0.0000,0.0000,
181,4,228,411,347,433,0.0000,0.0000,0.0000,0.0000,0.0000,0.0000,
182,4,228,411,347,433,0.0000,0.0000,0.0000,0.0000,0.0000,0.0000,
183,4,228,411,347,433,0.0000,0.0000,0.0000,0.0000,0.0000,0.0000,
184,4,228,411,347,433,0.0000,0.0000,0.0000,0.0000,0.0000,0.0000,
185,4,228,411,347,433,0.0000,0.0000,0.0000,0.0000,0.0000,0.0000,
186,4,228,411,347,433,0.0000,0.0000,0.0000,0.0000,0.0000,0.0000,
187,4,228,411,347,433,0.0000,0.0000,0.0000,0.0000,0.0000,0.0000,
188,4,228,411,347,433,0.0000,0.0000,0.0000,0.0000,0.0000,0.0000,
189,4,228,411,347,433,0.0000,0.0000,0.0000,0.0000,0.0000,0.0000,
190,4,228,411,347,433,0.0000,0.0000,0.0000,0.0000,0.0000,0.0000,
191,4,228,411,347,433,0.0000,0.0000,0.0000,0.0000,0.0000,0.0000,
192,4,228,411,347,433,0.0000,0.0000,0.0000,0.0000,0.0000,0.0000,
193,4,228,411,347,433,0.0000,0.0000,0.0000,0.0000,0.0000,0.0000,
194,4,228,411,347,433,0.0000,0.0000,0.0000,0.0000,0.0000,0.0000,
195,4,228,411,347,433,0.0000,0.0000,0.0000,0.0000,0.0000,0.0000,
196,4,228,411,347,433,0.0000,0.0000,0.0000,0.0000,0.0000,0.0000,
197,4,228,411,347,433,0.0000,0.0000,0.0000,0.0000,0.0000,0.0000,
198,4,228,411,347,433,0.0000,0.0000,0.0000,0.0000,0.0000,0.0000,
199,4,228,411,347,433,0.0000,0.0000,0.0000,0.0000,0.0000,0.0000,
200,4,228,411,347,433,0.0000,0.0000,0.0000,0.0000,0.0000,0.0000,
201,4,228,411,347,433,0.0000,0.0000,0.0000,0.0000,0.0000,0.0000,
202,4,228,411,347,433,0.0000,0.0000,0.0000,0.0000,0.0000,0.0000,
203,4,228,411,347,433,0.0000,0.0000,0.0000,0.0000,0.0000,0.0000,
204,4,228,411,347,433,0.0000,0.0000,0.0000,0.0000,0.0000,0.0000,
205,4,228,411,347,433,0.0000,0.0000,0.0000,0.0000,0.0000,0.0000,
206,4,228,411,347,433,0.0000,0.0000,0.0000,0.0000,0.0000,0.0000,
207,4,228,411,347,433,0.0000,0.0000,0.0000,0.0000,0.0000,0.0000,
208,4,228,411,347,433,0.0000,0.0000,0.0000,0.0000,0.0000,0.0000,
209,4,228,411,347,433,0.0000,0.0000,0.0000,0.0000,0.0000,0.0000,
210,4,228,411,347,433,0.0000,0.0000,0.0000,0.0000,0.0000,0.0000,
211,4,228,411,347,433,0.0000,0.0000,0.0000,0.0000,0.0000,0.0000,
212,4,228,411,347,433,0.0000,0.0000,0.0000,0.0000,0.0000,0.0000,
213,4,228,411,347,433,0.0000,0.0000,0.0000,0.0000,0.0000,0.0000,
214,4,228,411,347,433,0.0000,0.0000,0.0000,0.0000,0.0000,0.0000,
215,4,228,411,347,433,0.0000,0.0000,0.0000,0.0000,0.0000,0.0000,
216,4,228,411,347,433,0.0000,0.0000,0.0000,0.0000,0.0000,0.0000,
217,4,228,411,347,433,0.0000,0.0000,0.0000,0.0000,0.0000,0.0000,
218,4,228,411,347,433,0.0000,0.0000,0.0000,0.0000,0.0000,0.0000,
219,4,228,411,347,433,0.0000,0.0000,0.0000,0.0000,0.0000,0.0000,
220,4,228,411,347,433,0.0000,0.0000,0.0000,0.0000,0.0000,0.0000,
221,4,228,411,347,433,0.0000,0.0000,0.0000,0.0000,0.0000,0.0000,
222,4,228,411,347,433,0.0000,0.0000,0.0000,0.0000,0.0000,0.0000,
223,4,228,411,347,433,0.0000,0.0000,0.0000,0.0000,0.0000,0.0000,
224,4,228,411,347,433,0.0000,0.0000,0.0000,0.0000,0.0000,0.0000,
225,4,228,411,347,433,0.0000,0.0000,0.0000,0.0000,0.0000,0.0000,
226,4,228,411,347,433,0.0000,0.0000,0.0000,0.0000,0.0000,0.0000,
227,4,228,411,347,433,0.0000,0.0000,0.0000,0.0000,0.0000,0.0000,
228,4,228,411,347,433,0.0000,0.0000,0.0000,0.0000,0.0000,0.0000,
229,4,228,411,347,433,0.0000,0.0000,0.0000,0.0000,0.0000,0.0000,
230,4,228,411,347,433,0.0000,0.0000,0.0000,0.0000,0.0000,0.0000,
231,4,228,411,347,433,0.0000,0.0000,0.0000,0.0000,0.0000,0.0000,
232,4,228,411,347,433,0.0000,0.0000,0.0000,0.0000,0.0000,0.0000,
233,4,228,411,347,433,0.0000,0.0000,0.0000,0.0000,0.0000,0.0000,
234,4,228,411,347,433,0.0000,0.0000,0.0000,0.0000,0.0000,0.0000,
235,4,228,411,347,433,0.0000,0.0000,0.0000,0.0000,0.0000,0.0000,
236,4,228,411,347,433,0.0000,0.0000,0.0000,0.0000,0.0000,0.0000,
237,4,228,411,347,433,0.0000,0.0000,0.0000,0.0000,0.0000,0.0000,
238,4,228,411,347,433,0.0000,0.0000,0.0000,0.0000,0.0000,0.0000,
239,4,228,411,347,433,0.0000,0.0000,0.0000,0.0000,0.0000,0.0000,
240,4,228,411,347,433,0.0000,0.0000,0.0000,0.0000,0.0000,0.0000,
241,4,228,411,347,433,0.0000,0.0000,0.0000,0.0000,0.0000,0.0000,
242,4,228,411,347,433,0.0000,0.0000,0.0000,0.0000,0.0000,0.0000,
243,4,228,411,347,433,0.0000,0.0000,0.0000,0.0000,0.0000,0.0000,
244,4,228,411,347,433,0.0000,0.0000,0.0000,0.0000,0.0000,0.0000,
245,4,228,411,347,433,0.0000,0.0000,0.0000,0.0000,0.0000,0.0000,
246,4,228,411,347,433,0.0000,0.0000,0.0000,0.0000,0.0000,0.0000,
247,4,228,411,347,433,0.0000,0.0000,0.0000,0.0000,0.0000,0.0000,
248,4,228,411,347,433,0.0000,0.0000,0.0000,0.0000,0.0000,0.0000,
249,4,228,411,347,433,0.0000,0.0000,0.0000,0.0000,0.0000,0.0000,
250,4,228,411,347,433,0.0000,0.0000,0.0000,0.0000,0.0000,0.0000,
251,4,228,411,347,433,0.0000,0.0000,0.0000,0.0000,0.0000,0.0000,
252,4,228,411,347,433,0.0000,0.0000,0.0000,0.0000,0.0000,0.0000,
253,4,228,411,347,433,0.0000,0.0000,0.0000,0.0000,0.0000,0.0000,
254,4,228,411,347,433,0.0000,0.0000,0.0000,0.0000,0.0000,0.0000,
255,4,228,411,347,433,0.0000,0.0000,0.0000,0.0000,0.0000,0.0000,
256,4,228,411,347,433,0.0000,0.0000,0.0000,0.0000,0.0000,0.0000,
257,4,228,411,347,433,0.0000,0.0000,0.0000,0.0000,0.0000,0.0000,
258,4,228,411,347,433,0.0000,0.0000,0.0000,0.0000,0.0000,0.0000,
259,4,228,411,347,433,0.0000,0.0000,0.0000,0.0000,0.0000,0.0000,
260,4,228,411,347,433,0.0000,0.0000,0.0000,0.0000,0.0000,0.0000,
261,4,228,411,347,433,0.0000,0.0000,0.0000,0.0000,0.0000,0.0000,
262,4,228,411,347,433,0.0000,0.0000,0.0000,0.0000,0.0000,0.0000,
263,4,228,411,347,433,0.0000,0.0000,0.0000,0.0000,0.0000,0.0000,
264,4,228,411,347,433,0.0000,0.0000,0.0000,0.0000,0.0000,0.0000,
265,4,228,411,347,433,0.0000,0.0000,0.0000,0.0000,0.0000,0.0000,
266,4,228,411,347,433,0.0000,0.0000,0.0000,0.0000,0.0000,0.0000,
267,4,228,411,347,433,0.0000,0.0000,0.0000,0.0000,0.0000,0.0000,
268,4,228,411,347,433,0.0000,0.0000,0.0000,0.0000,0.0000,0.0000,
269,4,228,411,347,433,0.0000,0.0000,0.0000,0.0000,0.0000,0.0000,
270,4,228,411,347,433,0.0000,0.0000,0.0000,0.0000,0.0000,0.0000,
271,4,228,411,347,433,0.0000,0.0000,0.0000,0.0000,0.0000,0.0000,
272,4,228,411,347,433,0.0000,0.0000,0.0000,0.0000,0.0000,0.0000,
273,4,228,411,347,433,0.0000,0.0000,0.0000,0.0000,0.0000,0.0000,
274,4,228,411,347,433,0.0000,0.0000,0.0000,0.0000,0.0000,0.0000,
275,4,228,411,347,433,0.0000,0.0000,0.0000,0.0000,0.0000,0.0000,
276,4,228,411,347,433,0.0000,0.0000,0.0000,0.0000,0.0000,0.0000,
277,4,228,411,347,433,0.0000,0.0000,0.0000,0.0000,0.0000,0.0000,
278,4,228,411,347,433,0.0000,0.0000,0.0000,0.0000,0.0000,0.0000,
279,4,228,411,347,433,0.0000,0.0000,0.0000,0.0000,0.0000,0.0000,
280,4,228,411,347,433,0.0000,0.0000,0.0000,0.0000,0.0000,0.0000,
281,4,228,411,347,433,0.0000,0.0000,0.0000,0.0000,0.0000,0.0000,
282,4,228,411,347,433,0.0000,0.0000,0.0000,0.0000,0.0000,0.0000,
283,4,228,411,347,433,0.0000,0.0000,0.0000,0.0000,0.0000,0.0000,
284,4,228,411,347,433,0.0000,0.0000,0.0000,0.0000,0.0000,0.0000,
285,4,228,411,347,433,0.0000,0.0000,0.0000,0.0000,0.0000,0.0000,
286,4,228,411,347,433,0.0000,0.0000,0.0000,0.0000,0.0000,0.0000,
287,4,228,411,347,433,0.0000,0.0000,0.0000,0.0000,0.0000,0.0000,
288,4,228,411,347,433,0.0000,0.0000,0.0000,0.0000,0.0000,0.0000,
289,4,228,411,347,433,0.0000,0.0000,0.0000,0.0000,0.0000,0.0000,
290,4,228,411,347,433,0.0000,0.0000,0.0000,0.0000,0.0000,0.0000,
291,4,228,411,347,433,0.0000,0.0000,0.0000,0.0000,0.0000,0.0000,
292,4,228,411,347,433,0.0000,0.0000,0.0000,0.0000,0.0000,0.0000,
293,4,228,411,347,433,0.0000,0.0000,0.0000,0.0000,0.0000,0.0000,
294,4,228,411,347,433,0.0000,0.0000,0.0000,0.0000,0.0000,0.0000,
295,4,228,411,347,433,0.0000,0.0000,0.0000,0.0000,0.0000,0.0000,
296,4,228,411,347,433,0.0000,0.0000,0.0000,0.0000,0.0000,0.0000,
297,4,228,411,347,433,0.0000,0.0000,0.0000,0.0000,0.0000,0.0000,
298,4,228,411,347,433,0.0000,0.0000,0.0000,0.0000,0.0000,0.0000,
299,4,228,411,347,433,0.0000,0.0000,0.0000,0.0000,0.0000,0.0000,
300,4,228,411,347,433,0.0000,0.0000,0.0000,0.0000,0.0000,0.0000,
301,4,228,411,347,433,0.0000,0.0000,0.0000,0.0000,0.0000,0.0000,
302,4,228,411,347,433,0.0000,0.0000,0.0000,0.0000,0.0000,0.0000,
303,4,228,411,347,433,0.0000,0.0000,0.0000,0.0000,0.0000,0.0000,
304,4,228,411,347,433,0.0000,0.0000,0.0000,0.0000,0.0000,0.0000,
305,4,228,411,347,433,0.0000,0.0000,0.0000,0.0000,0.0000,0.0000,
306,4,228,411,347,433,0.0000,0.0000,0.0000,0.0000,0.0000,0.0000,
307,4,228,411,347,433,0.0000,0.0000,0.0000,0.0000,0.0000,0.0000,
308,4,228,411,347,433,0.0000,0.0000,0.0000,0.0000,0.0000,0.0000,
309,4,228,411,347,433,0.0000,0.0000,0.0000,0.0000,0.0000,0.0000,
310,4,228,411,347,433,0.0000,0.0000,0.0000,0.0000,0.0000,0.0000,
311,4,228,411,347,433,0.0000,0.0000,0.0000,0.0000,0.0000,0.0000,
312,4,228,411,347,433,0.0000,0.0000,0.0000,0.0000,0.0000,0.0000,
313,4,228,411,347,433,0.0000,0.0000,0.0000,0.0000,0.0000,0.0000,
314,4,228,411,347,433,0.0000,0.0000,0.0000,0.0000,0.0000,0.0000,
315,4,228,386,350,434,1.0000,0.0000,0.0000,1.0000,10.0002,9.9998,
316,4,228,386,350,434,0.9998,-0.0001,-0.0011,1.0008,9.9713,10.0176,
317,4,228,386,350,434,1.0004,-0.0002,-0.0007,0.9975,10.0298,10.1475,
318,4,228,386,350,434,0.9992,-0.0012,-0.0037,1.0049,10.1121,10.0072,
319,4,228,386,350,434,0.9994,0.0016,-0.0010,1.0057,9.9919,9.8701,
320,4,228,386,350,434,1.0013,-0.0002,0.0003,1.0027,9.9419,9.8739,
321,4,231,368,350,439,1.0000,-0.0000,-0.0000,1.0000,10.0000,10.0000,
322,4,231,368,350,439,1.0000,-0.0006,-0.0023,0.9981,10.0392,10.1178,
323,4,231,368,350,439,0.9989,-0.0007,0.0018,1.0002,10.0773,9.9298,
324,4,231,368,350,439,0.9996,-0.0002,-0.0005,1.0020,10.0548,9.9824,
325,4,231,368,350,439,0.9996,-0.0029,-0.0006,0.9998,10.1601,9.9897,
326,4,228,356,345,433,0.0000,0.0000,0.0000,0.0000,0.0000,0.0000,
327,4,228,356,345,433,0.0000,0.0000,0.0000,0.0000,0.0000,0.0000,
328,4,228,356,345,433,0.0000,0.0000,0.0000,0.0000,0.0000,0.0000,
329,4,228,356,345,433,0.0000,0.0000,0.0000,0.0000,0.0000,0.0000,
330,4,228,356,345,433,0.0000,0.0000,0.0000,0.0000,0.0000,0.0000,
331,4,228,356,345,433,0.0000,0.0000,0.0000,0.0000,0.0000,0.0000,
332,4,228,356,345,433,0.0000,0.0000,0.0000,0.0000,0.0000,0.0000,
333,4,228,356,345,433,0.0000,0.0000,0.0000,0.0000,0.0000,0.0000,
334,4,228,356,345,433,0.0000,0.0000,0.0000,0.0000,0.0000,0.0000,
335,4,228,356,345,433,0.0000,0.0000,0.0000,0.0000,0.0000,0.0000,
336,4,228,356,345,433,0.0000,0.0000,0.0000,0.0000,0.0000,0.0000,
337,4,228,356,345,433,0.0000,0.0000,0.0000,0.0000,0.0000,0.0000,
338,4,228,356,345,433,0.0000,0.0000,0.0000,0.0000,0.0000,0.0000,
339,4,228,356,345,433,0.0000,0.0000,0.0000,0.0000,0.0000,0.0000,
340,4,228,356,345,433,0.0000,0.0000,0.0000,0.0000,0.0000,0.0000,
341,4,228,356,345,433,0.0000,0.0000,0.0000,0.0000,0.0000,0.0000,
342,4,228,356,345,433,0.0000,0.0000,0.0000,0.0000,0.0000,0.0000,
343,4,228,356,345,433,0.0000,0.0000,0.0000,0.0000,0.0000,0.0000,
344,4,228,356,345,433,0.0000,0.0000,0.0000,0.0000,0.0000,0.0000,
345,4,228,356,345,433,0.0000,0.0000,0.0000,0.0000,0.0000,0.0000,
346,4,228,356,345,433,0.0000,0.0000,0.0000,0.0000,0.0000,0.0000,
347,4,228,356,345,433,0.0000,0.0000,0.0000,0.0000,0.0000,0.0000,
348,4,228,356,345,433,0.0000,0.0000,0.0000,0.0000,0.0000,0.0000,
349,4,228,356,345,433,0.0000,0.0000,0.0000,0.0000,0.0000,0.0000,
350,4,228,356,345,433,0.0000,0.0000,0.0000,0.0000,0.0000,0.0000,
351,4,228,356,345,433,0.0000,0.0000,0.0000,0.0000,0.0000,0.0000,
352,4,228,356,345,433,0.0000,0.0000,0.0000,0.0000,0.0000,0.0000,
353,4,228,356,345,433,0.0000,0.0000,0.0000,0.0000,0.0000,0.0000,
354,4,228,356,345,433,0.0000,0.0000,0.0000,0.0000,0.0000,0.0000,
355,4,228,356,345,433,0.0000,0.0000,0.0000,0.0000,0.0000,0.0000,
356,4,228,356,345,433,0.0000,0.0000,0.0000,0.0000,0.0000,0.0000,
357,4,228,356,345,433,0.0000,0.0000,0.0000,0.0000,0.0000,0.0000,
358,4,228,356,345,433,0.0000,0.0000,0.0000,0.0000,0.0000,0.0000,
359,4,228,356,345,433,0.0000,0.0000,0.0000,0.0000,0.0000,0.0000,
360,4,228,356,345,433,0.0000,0.0000,0.0000,0.0000,0.0000,0.0000,
361,4,228,356,345,433,0.0000,0.0000,0.0000,0.0000,0.0000,0.0000,
362,4,228,356,345,433,0.0000,0.0000,0.0000,0.0000,0.0000,0.0000,
363,4,228,356,345,433,0.0000,0.0000,0.0000,0.0000,0.0000,0.0000,
364,4,228,356,345,433,0.0000,0.0000,0.0000,0.0000,0.0000,0.0000,
365,4,228,356,345,433,0.0000,0.0000,0.0000,0.0000,0.0000,0.0000,
366,4,228,356,345,433,0.0000,0.0000,0.0000,0.0000,0.0000,0.0000,
367,4,228,356,345,433,0.0000,0.0000,0.0000,0.0000,0.0000,0.0000,
368,4,228,356,345,433,0.0000,0.0000,0.0000,0.0000,0.0000,0.0000,
369,4,228,356,345,433,0.0000,0.0000,0.0000,0.0000,0.0000,0.0000,
370,4,228,356,345,433,0.0000,0.0000,0.0000,0.0000,0.0000,0.0000,
371,4,228,356,345,433,0.0000,0.0000,0.0000,0.0000,0.0000,0.0000,
372,4,228,356,345,433,0.0000,0.0000,0.0000,0.0000,0.0000,0.0000,
373,4,228,356,345,433,0.0000,0.0000,0.0000,0.0000,0.0000,0.0000,
374,4,228,356,345,433,0.0000,0.0000,0.0000,0.0000,0.0000,0.0000,
375,4,228,356,345,433,0.0000,0.0000,0.0000,0.0000,0.0000,0.0000,
376,4,228,356,345,433,0.0000,0.0000,0.0000,0.0000,0.0000,0.0000,
377,4,228,356,345,433,0.0000,0.0000,0.0000,0.0000,0.0000,0.0000,
378,4,228,356,345,433,0.0000,0.0000,0.0000,0.0000,0.0000,0.0000,
379,4,228,356,345,433,0.0000,0.0000,0.0000,0.0000,0.0000,0.0000,
380,4,228,356,345,433,0.0000,0.0000,0.0000,0.0000,0.0000,0.0000,
381,4,228,356,345,433,0.0000,0.0000,0.0000,0.0000,0.0000,0.0000,
382,4,228,356,345,433,0.0000,0.0000,0.0000,0.0000,0.0000,0.0000,
383,4,228,356,345,433,0.0000,0.0000,0.0000,0.0000,0.0000,0.0000,
384,4,228,356,345,433,0.0000,0.0000,0.0000,0.0000,0.0000,0.0000,
385,4,228,356,345,433,0.0000,0.0000,0.0000,0.0000,0.0000,0.0000,
386,4,228,356,345,433,0.0000,0.0000,0.0000,0.0000,0.0000,0.0000,
387,4,228,356,345,433,0.0000,0.0000,0.0000,0.0000,0.0000,0.0000,
388,4,228,356,345,433,0.0000,0.0000,0.0000,0.0000,0.0000,0.0000,
389,4,228,356,345,433,0.0000,0.0000,0.0000,0.0000,0.0000,0.0000,
390,4,228,356,345,433,0.0000,0.0000,0.0000,0.0000,0.0000,0.0000,
391,4,228,356,345,433,0.0000,0.0000,0.0000,0.0000,0.0000,0.0000,
392,4,228,356,345,433,0.0000,0.0000,0.0000,0.0000,0.0000,0.0000,
393,4,228,356,345,433,0.0000,0.0000,0.0000,0.0000,0.0000,0.0000,
394,4,228,356,345,433,0.0000,0.0000,0.0000,0.0000,0.0000,0.0000,
395,4,228,356,345,433,0.0000,0.0000,0.0000,0.0000,0.0000,0.0000,
396,4,228,356,345,433,0.0000,0.0000,0.0000,0.0000,0.0000,0.0000,
397,4,228,356,345,433,0.0000,0.0000,0.0000,0.0000,0.0000,0.0000,
398,4,228,356,345,433,0.0000,0.0000,0.0000,0.0000,0.0000,0.0000,
399,4,228,356,345,433,0.0000,0.0000,0.0000,0.0000,0.0000,0.0000,
400,4,228,356,345,433,0.0000,0.0000,0.0000,0.0000,0.0000,0.0000,
401,4,228,356,345,433,0.0000,0.0000,0.0000,0.0000,0.0000,0.0000,
402,4,228,356,345,433,0.0000,0.0000,0.0000,0.0000,0.0000,0.0000,
403,4,228,356,345,433,0.0000,0.0000,0.0000,0.0000,0.0000,0.0000,
404,4,228,356,345,433,0.0000,0.0000,0.0000,0.0000,0.0000,0.0000,
405,4,228,356,345,433,0.0000,0.0000,0.0000,0.0000,0.0000,0.0000,
406,4,228,356,345,433,0.0000,0.0000,0.0000,0.0000,0.0000,0.0000,
407,4,228,356,345,433,0.0000,0.0000,0.0000,0.0000,0.0000,0.0000,
408,4,228,356,345,433,0.0000,0.0000,0.0000,0.0000,0.0000,0.0000,
409,4,228,356,345,433,0.0000,0.0000,0.0000,0.0000,0.0000,0.0000,
410,4,228,356,345,433,0.0000,0.0000,0.0000,0.0000,0.0000,0.0000,
411,4,228,356,345,433,0.0000,0.0000,0.0000,0.0000,0.0000,0.0000,
412,4,228,356,345,433,0.0000,0.0000,0.0000,0.0000,0.0000,0.0000,
413,4,228,356,345,433,0.0000,0.0000,0.0000,0.0000,0.0000,0.0000,
414,4,228,356,345,433,0.0000,0.0000,0.0000,0.0000,0.0000,0.0000,
415,4,228,356,345,433,0.0000,0.0000,0.0000,0.0000,0.0000,0.0000,
416,4,228,356,345,433,0.0000,0.0000,0.0000,0.0000,0.0000,0.0000,
417,4,228,356,345,433,0.0000,0.0000,0.0000,0.0000,0.0000,0.0000,
418,4,228,356,345,433,0.0000,0.0000,0.0000,0.0000,0.0000,0.0000,
419,4,228,356,345,433,0.0000,0.0000,0.0000,0.0000,0.0000,0.0000,
420,4,228,356,345,433,0.0000,0.0000,0.0000,0.0000,0.0000,0.0000,
421,4,228,356,345,433,0.0000,0.0000,0.0000,0.0000,0.0000,0.0000,
422,4,228,356,345,433,0.0000,0.0000,0.0000,0.0000,0.0000,0.0000,
423,4,228,356,345,433,0.0000,0.0000,0.0000,0.0000,0.0000,0.0000,
424,4,228,356,345,433,0.0000,0.0000,0.0000,0.0000,0.0000,0.0000,
425,4,228,356,345,433,0.0000,0.0000,0.0000,0.0000,0.0000,0.0000,
426,4,228,356,345,433,0.0000,0.0000,0.0000,0.0000,0.0000,0.0000,
427,4,228,356,345,433,0.0000,0.0000,0.0000,0.0000,0.0000,0.0000,
428,4,228,356,345,433,0.0000,0.0000,0.0000,0.0000,0.0000,0.0000,
429,4,228,356,345,433,0.0000,0.0000,0.0000,0.0000,0.0000,0.0000,
430,4,228,356,345,433,0.0000,0.0000,0.0000,0.0000,0.0000,0.0000,
431,4,228,356,345,433,0.0000,0.0000,0.0000,0.0000,0.0000,0.0000,
432,4,228,356,345,433,0.0000,0.0000,0.0000,0.0000,0.0000,0.0000,
433,4,228,356,345,433,0.0000,0.0000,0.0000,0.0000,0.0000,0.0000,
434,4,228,356,345,433,0.0000,0.0000,0.0000,0.0000,0.0000,0.0000,
435,4,228,356,345,433,0.0000,0.0000,0.0000,0.0000,0.0000,0.0000,
436,4,228,356,345,433,0.0000,0.0000,0.0000,0.0000,0.0000,0.0000,
437,4,228,356,345,433,0.0000,0.0000,0.0000,0.0000,0.0000,0.0000,
438,4,228,356,345,433,0.0000,0.0000,0.0000,0.0000,0.0000,0.0000,
439,4,228,356,345,433,0.0000,0.0000,0.0000,0.0000,0.0000,0.0000,
440,4,228,356,345,433,0.0000,0.0000,0.0000,0.0000,0.0000,0.0000,
441,4,228,356,345,433,0.0000,0.0000,0.0000,0.0000,0.0000,0.0000,
442,4,228,356,345,433,0.0000,0.0000,0.0000,0.0000,0.0000,0.0000,
443,4,228,356,345,433,0.0000,0.0000,0.0000,0.0000,0.0000,0.0000,
444,4,228,356,345,433,0.0000,0.0000,0.0000,0.0000,0.0000,0.0000,
445,4,228,356,345,433,0.0000,0.0000,0.0000,0.0000,0.0000,0.0000,
446,4,228,356,345,433,0.0000,0.0000,0.0000,0.0000,0.0000,0.0000,
447,4,228,356,345,433,0.0000,0.0000,0.0000,0.0000,0.0000,0.0000,
448,4,228,356,345,433,0.0000,0.0000,0.0000,0.0000,0.0000,0.0000,
449,4,228,356,345,433,0.0000,0.0000,0.0000,0.0000,0.0000,0.0000,
450,4,228,356,345,433,0.0000,0.0000,0.0000,0.0000,0.0000,0.0000,
451,4,228,356,345,433,0.0000,0.0000,0.0000,0.0000,0.0000,0.0000,
452,4,228,356,345,433,0.0000,0.0000,0.0000,0.0000,0.0000,0.0000,
453,4,228,356,345,433,0.0000,0.0000,0.0000,0.0000,0.0000,0.0000,
454,4,228,356,345,433,0.0000,0.0000,0.0000,0.0000,0.0000,0.0000,
455,4,228,356,345,433,0.0000,0.0000,0.0000,0.0000,0.0000,0.0000,
456,4,228,356,345,433,0.0000,0.0000,0.0000,0.0000,0.0000,0.0000,
457,4,228,356,345,433,0.0000,0.0000,0.0000,0.0000,0.0000,0.0000,
458,4,228,356,345,433,0.0000,0.0000,0.0000,0.0000,0.0000,0.0000,
459,4,228,356,345,433,0.0000,0.0000,0.0000,0.0000,0.0000,0.0000,
460,4,228,356,345,433,0.0000,0.0000,0.0000,0.0000,0.0000,0.0000,
461,4,228,356,345,433,0.0000,0.0000,0.0000,0.0000,0.0000,0.0000,
462,4,228,356,345,433,0.0000,0.0000,0.0000,0.0000,0.0000,0.0000,
463,4,228,356,345,433,0.0000,0.0000,0.0000,0.0000,0.0000,0.0000,
464,4,228,356,345,433,0.0000,0.0000,0.0000,0.0000,0.0000,0.0000,
465,4,228,356,345,433,0.0000,0.0000,0.0000,0.0000,0.0000,0.0000,
466,4,228,356,345,433,0.0000,0.0000,0.0000,0.0000,0.0000,0.0000,
467,4,228,356,345,433,0.0000,0.0000,0.0000,0.0000,0.0000,0.0000,
468,4,228,356,345,433,0.0000,0.0000,0.0000,0.0000,0.0000,0.0000,
469,4,228,356,345,433,0.0000,0.0000,0.0000,0.0000,0.0000,0.0000,
470,4,228,356,345,433,0.0000,0.0000,0.0000,0.0000,0.0000,0.0000,
471,4,228,356,345,433,0.0000,0.0000,0.0000,0.0000,0.0000,0.0000,
472,4,228,356,345,433,0.0000,0.0000,0.0000,0.0000,0.0000,0.0000,
473,4,228,356,345,433,0.0000,0.0000,0.0000,0.0000,0.0000,0.0000,
474,4,228,356,345,433,0.0000,0.0000,0.0000,0.0000,0.0000,0.0000,
475,4,228,356,345,433,0.0000,0.0000,0.0000,0.0000,0.0000,0.0000,
476,4,228,356,345,433,0.0000,0.0000,0.0000,0.0000,0.0000,0.0000,
477,4,228,356,345,433,0.0000,0.0000,0.0000,0.0000,0.0000,0.0000,
478,4,228,356,345,433,0.0000,0.0000,0.0000,0.0000,0.0000,0.0000,
