1,196,64,202,113,168,141,166,200,175,248,240,127,254,187,257,236,190,213,202,281,200,349,237,209,245,279,220,354
2,196,64,203,113,169,140,167,201,175,248,241,128,255,188,256,236,190,219,199,285,193,353,237,215,240,282,206,354
3,196,65,203,113,170,140,167,201,176,248,241,128,254,189,257,237,188,212,180,213,187,213,237,212,248,268,252,257
4,196,66,203,114,171,138,167,201,176,249,241,128,254,188,257,236,188,208,197,276,194,260,236,208,242,273,251,259
5,196,66,203,114,170,139,167,201,175,249,241,127,255,187,257,237,191,223,180,217,172,218,237,218,250,266,255,258
6,196,65,203,114,171,139,168,201,176,250,241,127,255,188,257,237,191,223,180,213,185,228,236,219,250,268,256,260
7,196,65,203,114,170,140,168,200,175,249,241,127,255,188,257,237,193,224,203,283,181,231,237,218,247,271,269,238
8,195,66,203,114,170,139,168,199,175,250,241,127,255,187,257,236,191,224,180,212,180,228,237,217,250,268,257,260
9,195,66,203,114,170,139,167,199,175,249,240,126,255,188,257,237,190,218,203,288,183,228,237,215,247,281,255,260
10,194,65,202,113,170,140,167,200,175,248,241,127,255,186,256,237,193,229,199,283,183,243,238,223,241,286,271,229
11,196,66,203,114,170,139,167,200,175,248,241,128,255,186,256,237,189,214,181,211,181,226,238,210,249,277,254,259
12,195,67,202,115,170,140,166,200,175,247,240,126,255,188,257,237,189,216,180,213,181,228,237,214,251,269,255,259
13,196,66,202,114,169,140,167,200,174,248,241,127,255,189,256,238,191,221,180,212,173,218,238,215,249,266,255,259
14,194,65,202,114,169,140,166,201,174,248,241,128,255,190,256,238,189,217,180,213,182,224,237,212,250,266,253,259
15,194,65,202,114,169,140,166,200,174,248,241,127,255,189,257,238,189,214,180,213,172,216,237,211,250,269,253,259
16,193,66,201,115,168,141,166,200,174,247,240,127,254,188,256,237,190,218,179,213,179,228,237,215,249,269,255,260
17,193,66,201,114,168,141,167,200,175,248,240,128,254,188,256,238,196,251,199,283,177,240,235,241,248,288,253,240
18,193,66,201,114,167,141,166,200,174,248,239,127,254,188,256,238,191,225,202,284,171,218,236,219,266,248,253,258
19,193,66,201,114,167,141,166,201,174,248,239,128,254,187,256,237,189,215,178,214,177,225,238,209,249,266,253,257
20,193,66,200,114,166,142,166,201,175,249,240,127,254,187,256,237,188,216,179,212,180,226,236,211,247,280,252,259
21,193,65,199,113,164,142,166,200,175,248,239,127,253,187,257,237,193,228,203,283,239,223,237,222,245,272,273,234
22,192,66,199,114,165,140,166,200,175,249,238,127,253,188,257,236,187,210,179,210,171,218,240,207,249,285,253,236
23,191,65,198,114,164,141,167,202,176,250,238,127,253,188,257,236,190,227,202,286,186,247,236,227,250,289,252,237
24,190,65,198,114,164,141,167,201,176,250,239,127,253,187,257,236,196,239,204,295,213,305,235,235,246,289,253,237
25,190,66,198,114,165,141,167,201,176,251,239,127,254,188,258,236,193,223,206,292,217,306,237,219,249,285,253,236
26,190,66,198,114,165,141,167,203,175,251,238,126,254,185,259,235,191,218,204,286,211,356,237,214,249,282,248,355
27,190,67,199,114,166,142,168,203,176,250,238,126,254,185,259,234,199,252,204,292,216,304,240,244,258,290,258,234
28,190,67,199,115,166,142,168,201,177,252,239,126,255,184,258,235,197,233,206,292,185,246,238,228,252,289,256,235
29,190,67,199,114,166,142,169,203,178,252,239,125,255,183,259,234,198,241,203,289,189,259,240,239,253,290,258,235
30,192,67,199,114,166,145,169,203,179,251,239,125,257,185,259,235,200,237,202,284,252,235,243,231,257,289,280,229
31,191,66,201,114,170,141,170,201,179,253,241,126,257,185,260,235,196,230,208,291,186,245,239,227,253,288,274,232
32,193,67,202,114,170,140,171,203,179,252,241,125,257,181,261,234,193,215,206,280,204,351,241,206,247,276,251,343
33,193,66,202,114,170,141,172,204,180,252,242,125,258,182,262,235,200,237,208,292,185,242,243,237,258,292,259,235
34,194,67,204,114,172,139,173,204,181,253,243,125,259,181,262,235,194,215,187,213,180,215,244,203,270,233,274,238
35,195,67,205,114,173,139,174,203,181,253,246,126,260,182,263,234,199,233,209,294,195,254,242,232,253,290,283,227
36,196,66,206,113,174,140,175,202,181,252,247,126,261,181,265,234,197,219,188,215,189,228,247,205,203,275,276,237
37,196,67,207,113,175,139,176,200,182,252,249,126,263,181,266,234,196,216,188,212,188,227,247,206,204,276,277,237
38,198,66,209,113,176,138,177,199,183,252,251,125,264,182,267,233,199,215,190,213,190,228,248,203,206,272,260,232
39,199,66,210,113,177,139,178,199,183,251,252,126,265,180,267,233,206,236,210,289,198,255,249,238,257,291,267,232
40,201,66,211,113,177,138,179,198,184,251,252,125,267,182,268,233,206,230,207,278,190,242,248,228,262,290,266,233
41,202,66,212,112,179,137,180,197,185,249,253,126,268,182,268,232,205,225,212,284,194,242,251,222,259,285,252,240
42,202,65,214,112,181,136,181,197,186,248,256,126,269,182,268,232,207,237,211,286,223,298,252,243,254,292,267,233
43,203,65,215,112,181,136,182,196,186,245,256,126,270,182,268,232,209,230,214,284,223,298,251,230,255,285,268,232
44,205,65,215,112,183,136,182,195,187,245,257,125,271,185,268,233,209,233,216,290,202,356,254,234,257,289,269,233
45,206,65,216,112,183,137,183,195,188,244,258,125,272,184,268,233,211,225,218,284,217,354,258,214,259,280,259,251
46,207,65,218,112,184,136,184,194,188,242,261,128,274,187,267,234,212,236,214,290,222,303,251,241,256,292,268,234
47,208,64,219,112,185,135,185,194,188,242,262,127,274,188,266,235,211,233,217,283,227,297,257,239,252,287,265,234
48,208,65,220,112,186,134,186,194,189,243,263,127,275,190,265,237,213,234,219,287,229,297,259,237,213,283,266,237
49,210,66,221,113,186,136,189,195,189,243,262,126,275,192,263,239,214,233,215,280,270,239,261,228,278,210,262,241
50,210,65,221,113,188,135,188,195,190,245,264,128,275,192,262,241,214,237,213,281,196,236,260,241,245,289,252,258
51,210,66,222,113,189,136,189,195,190,246,265,127,275,194,261,244,217,241,216,286,203,245,261,240,242,293,252,260
52,210,66,222,113,189,136,191,197,190,247,265,127,274,195,260,246,224,252,233,300,268,247,264,245,268,246,251,235
53,211,68,224,114,190,135,193,198,192,247,266,127,273,196,259,248,222,254,235,303,317,269,261,249,267,248,316,268
54,212,66,224,114,190,136,194,198,192,250,268,129,271,196,259,249,221,249,196,281,202,244,261,246,268,249,316,267
55,213,67,225,114,190,135,193,198,193,250,267,128,272,195,258,251,222,255,190,259,317,271,262,249,266,250,316,270
56,212,67,224,114,190,135,193,198,193,251,268,128,270,197,258,253,225,254,254,259,320,273,267,245,247,255,247,243
57,212,67,225,114,191,135,195,199,195,251,269,128,270,196,258,254,226,255,235,258,319,274,266,246,263,249,246,242
58,213,67,225,114,191,135,194,200,195,252,269,128,270,199,257,255,224,258,192,264,319,275,262,253,264,255,247,243
59,213,68,225,114,191,136,196,199,196,253,269,129,268,199,258,255,222,253,197,284,202,246,259,252,198,252,315,273
60,214,68,226,115,191,136,196,198,197,253,269,128,268,197,258,256,226,257,235,260,318,274,265,250,261,250,259,275
61,214,68,226,115,191,135,196,199,196,254,269,129,267,197,258,256,224,253,203,291,316,275,263,249,266,252,258,276
62,214,68,226,114,191,137,197,200,197,254,269,129,267,197,256,256,225,256,237,263,205,266,267,248,262,252,246,243
63,216,68,227,115,192,135,196,200,196,254,270,129,266,196,257,256,224,256,191,264,209,256,264,250,266,253,257,277
64,216,68,227,115,191,136,196,200,196,254,271,128,266,196,256,257,224,256,191,266,209,255,266,249,262,252,256,276
65,214,69,227,114,191,136,196,200,196,255,271,129,266,198,255,258,222,247,220,289,204,249,264,244,260,273,253,258
66,215,67,227,114,192,135,195,200,195,255,272,129,265,197,256,257,222,249,189,266,315,276,267,245,266,255,249,244
67,215,67,227,114,192,136,196,201,195,255,271,129,265,198,256,258,214,213,210,210,268,219,255,206,261,275,308,259
68,215,68,227,115,192,136,195,200,195,255,272,130,265,196,255,258,222,253,190,266,320,274,269,245,266,256,253,258
69,215,67,226,114,192,136,195,201,195,255,271,129,264,197,255,259,225,254,248,261,208,255,269,245,264,256,255,276
70,214,67,226,114,192,135,195,200,195,255,271,130,264,197,256,258,221,247,200,289,317,275,267,242,265,256,255,260
71,215,67,226,114,191,137,196,201,196,256,270,130,264,196,254,258,222,247,198,288,318,275,269,242,254,212,253,257
72,215,68,226,114,192,136,196,202,195,256,270,128,264,196,255,258,216,218,207,214,271,218,258,213,257,206,250,278
73,215,67,226,114,192,136,195,201,195,255,270,129,265,197,255,258,223,249,250,260,321,273,270,242,265,259,255,260
74,215,66,226,114,192,136,196,199,195,256,271,129,264,198,255,259,221,239,202,285,320,272,270,237,261,216,254,257
75,216,67,226,114,192,137,196,200,195,255,271,130,265,198,256,258,213,222,210,212,308,274,268,241,262,201,255,257
76,216,68,227,114,192,137,195,201,195,255,271,130,265,197,254,259,221,250,221,290,207,251,269,244,258,274,253,259
77,215,68,226,115,192,137,196,200,195,255,271,130,264,198,254,258,216,217,209,211,273,218,259,213,257,278,244,276
78,215,67,226,114,192,137,197,201,195,256,270,129,264,198,253,258,224,249,248,258,320,270,271,240,278,229,271,224
79,216,68,226,115,191,138,195,201,194,255,271,129,265,198,255,256,220,243,200,283,314,274,268,239,266,256,254,258
80,216,68,226,115,191,138,197,202,194,255,269,129,265,198,253,257,225,250,246,259,206,254,271,241,278,227,277,227
81,215,70,226,116,191,137,195,200,193,255,270,129,265,197,253,256,223,251,189,265,206,253,269,242,264,256,264,267
82,216,68,226,115,191,137,195,200,193,254,270,129,266,197,253,254,223,254,228,256,202,262,269,243,226,256,265,266
83,215,68,226,114,191,137,195,200,192,254,270,129,267,198,252,254,222,253,188,264,202,251,268,244,259,254,263,267
84,215,68,226,114,191,138,195,201,190,253,270,129,268,200,254,252,221,251,223,251,204,255,268,244,260,251,259,269
85,215,68,226,115,191,137,193,200,190,252,270,130,270,200,254,252,221,253,186,264,200,263,267,244,264,250,247,242
86,216,68,226,114,191,137,194,199,189,251,270,130,272,197,254,250,222,256,228,257,201,262,266,246,266,249,246,240
87,216,69,226,114,191,137,193,200,189,250,270,130,272,199,255,249,220,257,227,310,200,262,266,246,265,249,253,247
88,216,67,226,114,191,137,193,199,188,248,270,130,273,198,256,247,220,257,227,309,200,257,265,250,265,247,254,245
89,216,68,227,114,192,136,193,197,188,246,269,130,276,195,257,244,220,255,227,299,202,248,266,249,230,299,255,241
90,218,68,226,115,191,137,193,197,187,244,268,129,278,195,258,242,218,244,182,253,201,249,264,243,267,243,253,260
91,218,68,227,115,191,136,192,196,188,243,269,129,279,194,260,240,218,244,226,294,231,302,263,243,261,297,253,258
92,219,68,227,114,191,136,191,195,189,240,269,129,280,195,261,237,218,241,225,286,234,297,264,241,260,294,252,254
93,220,68,228,114,191,136,190,195,189,239,270,129,283,192,262,234,217,226,231,275,233,288,267,213,277,203,261,235
94,221,68,228,115,192,135,190,193,190,236,269,129,285,191,263,232,217,222,234,274,232,285,267,209,282,204,262,231
95,221,67,228,114,192,135,190,192,190,234,270,129,286,191,266,229,215,219,226,272,214,227,269,208,256,276,264,229
96,221,67,228,114,193,134,191,191,192,230,271,129,287,190,267,228,213,222,229,271,220,284,269,211,293,205,266,230
97,223,68,229,115,192,134,190,189,192,228,271,130,288,189,270,226,214,216,222,273,220,346,268,208,249,273,268,228
98,225,66,230,113,193,135,190,190,193,227,272,130,289,187,272,223,214,220,223,277,226,349,268,218,268,274,268,348
99,227,66,230,113,193,134,189,191,195,226,272,131,290,186,274,221,212,220,217,273,222,276,262,227,243,277,246,278
100,227,65,231,113,193,135,190,189,197,223,273,131,290,185,276,220,213,218,217,275,216,344,263,223,259,276,262,345
101,227,65,231,113,194,134,188,189,199,223,273,131,290,183,279,219,217,236,218,280,229,296,266,237,262,285,276,219
102,230,66,232,113,195,134,189,190,202,224,273,129,291,182,279,218,215,227,221,288,220,352,265,231,263,290,261,350
103,231,66,232,113,195,134,189,190,204,223,273,129,290,180,281,217,217,228,224,291,222,355,264,230,265,293,267,351
104,232,66,234,113,196,133,189,189,205,222,274,130,290,180,284,216,216,223,221,281,219,345,266,227,264,287,264,345
105,234,65,234,112,196,133,190,191,208,223,275,129,289,178,285,214,217,223,223,286,223,354,267,225,264,290,264,352
106,236,66,236,114,197,133,191,190,210,223,277,130,289,179,286,214,219,233,223,287,221,352,266,229,266,292,264,351
107,237,65,236,113,197,133,192,191,212,223,276,129,288,178,287,213,216,212,221,280,220,352,267,218,266,284,265,352
108,238,65,237,113,198,132,192,190,214,223,278,130,288,178,288,214,220,241,229,307,222,366,269,232,269,298,265,366
109,240,65,237,113,199,132,194,192,218,226,277,129,288,177,291,215,220,247,235,320,216,353,269,234,274,304,225,364
110,241,65,239,113,200,132,194,192,219,226,278,129,288,177,292,214,224,222,230,295,240,365,268,219,271,291,271,365
111,241,65,239,113,200,132,194,192,220,226,279,129,288,177,294,215,220,217,225,281,236,365,270,218,267,284,262,365
112,243,66,240,114,201,133,195,193,221,226,280,130,289,177,295,215,219,207,226,273,232,347,269,211,268,272,279,343
113,243,65,240,113,202,132,195,193,221,226,280,130,289,177,297,215,225,226,228,272,217,274,272,225,253,275,257,278
114,245,64,242,112,203,133,195,192,220,227,282,129,289,177,299,216,219,209,224,273,231,344,271,216,266,272,252,280
115,246,64,243,113,203,133,195,192,220,228,283,130,290,178,301,217,220,206,226,271,232,341,272,209,269,266,254,278
116,248,65,244,113,205,131,196,193,220,228,284,130,291,178,304,218,220,207,225,272,234,342,273,209,258,261,240,261
117,249,65,245,113,205,132,196,193,221,229,284,130,291,179,306,218,222,206,227,270,231,334,274,210,274,269,258,249
118,249,65,246,113,206,131,196,193,221,230,285,131,292,179,308,220,223,208,228,277,241,350,275,210,277,278,288,344
119,251,65,247,113,208,130,196,193,220,232,285,131,293,180,310,221,222,210,226,272,229,331,278,219,246,254,244,260
120,253,64,248,113,208,132,196,191,219,232,286,131,295,181,313,222,222,212,226,271,228,279,275,218,251,267,251,255
121,253,65,249,114,209,131,196,191,220,234,286,132,295,182,316,225,221,207,227,270,224,332,278,217,254,265,249,256
122,254,66,250,114,210,130,196,191,219,234,289,132,298,185,317,226,222,204,227,275,232,347,273,203,272,271,286,335
123,255,65,251,113,211,131,196,192,219,235,289,132,300,187,321,229,223,206,227,279,228,350,274,209,270,280,271,349
124,256,65,251,114,211,131,197,192,218,234,289,133,301,187,323,230,222,207,228,275,235,350,274,210,270,279,274,351
125,256,66,252,115,213,129,197,190,217,235,290,134,303,188,325,232,222,205,225,260,224,304,273,212,254,260,255,242
126,258,65,252,113,213,131,198,190,217,234,290,135,305,190,327,234,223,208,227,283,234,354,273,215,270,286,277,349
127,259,67,253,115,213,130,198,189,216,233,290,133,306,189,329,237,223,203,225,276,225,349,274,201,269,279,277,347
128,261,66,253,114,212,131,198,188,217,234,290,133,308,189,331,237,223,205,225,280,225,351,274,205,270,283,275,350
129,261,67,254,115,214,129,198,187,216,233,292,135,309,190,334,239,223,205,226,281,226,351,273,205,271,282,270,350
130,262,68,254,115,214,130,199,188,216,234,292,136,310,191,336,240,225,206,225,279,224,350,275,208,271,283,269,351
131,264,67,254,115,213,130,199,187,215,234,291,135,313,192,339,242,225,213,225,282,221,351,275,216,270,286,263,353
132,263,68,256,116,216,129,200,187,215,234,292,135,312,191,340,242,223,201,225,282,225,352,274,199,271,280,270,350
133,264,68,255,115,215,129,200,187,213,234,292,137,314,192,342,244,224,205,225,282,222,351,275,208,271,284,265,352
134,266,68,256,116,217,129,201,186,213,234,291,134,316,195,345,246,225,205,223,279,221,350,275,209,269,283,263,351
135,267,69,256,117,216,130,202,187,213,234,293,137,316,195,348,247,226,206,226,280,223,351,275,207,270,283,265,352
136,268,70,257,118,218,128,202,186,214,233,292,134,320,197,350,248,224,204,225,279,226,349,274,203,271,281,268,350
137,267,72,258,119,218,129,203,186,213,233,294,138,320,198,351,249,225,203,226,278,223,351,273,203,270,281,268,352
138,268,71,259,118,218,129,203,185,213,233,296,139,321,198,354,251,225,208,225,280,224,350,276,207,273,284,266,352
139,270,72,258,119,219,128,204,185,213,233,293,135,321,198,356,252,224,208,225,285,224,353,275,208,269,287,266,352
140,268,71,259,118,221,127,204,185,213,232,297,139,324,201,358,254,225,202,225,280,225,350,275,205,271,284,270,350
141,270,72,260,119,220,128,204,185,213,233,298,140,325,202,361,255,226,209,226,282,225,353,276,212,272,286,268,352
142,271,72,260,119,221,128,206,183,213,231,295,136,326,201,361,255,225,204,223,273,224,349,276,204,273,279,276,348
143,272,72,261,120,220,129,205,184,213,231,299,140,327,202,364,257,226,209,225,277,224,349,276,211,272,281,271,350
144,274,72,262,119,221,129,205,184,213,231,300,141,327,203,365,257,226,207,225,277,224,350,276,208,270,280,272,349
145,274,73,261,120,222,129,206,183,213,230,297,138,328,203,367,259,227,209,225,279,225,350,277,211,273,284,270,351
146,275,73,262,120,220,131,207,183,214,231,299,140,328,205,369,259,226,210,224,277,220,350,277,214,270,285,271,349
147,275,74,263,122,223,130,207,183,214,230,298,138,329,204,370,259,227,212,225,280,222,349,277,217,270,287,263,352
148,275,74,264,121,223,129,207,183,214,231,301,143,330,205,371,260,227,213,227,281,224,350,278,215,273,286,268,350
149,275,74,265,121,224,130,207,183,215,232,301,144,330,206,371,261,227,210,226,279,224,348,277,213,271,285,269,350
150,275,74,264,121,224,130,207,183,214,229,300,140,330,205,371,261,227,204,224,276,222,347,276,206,271,283,269,350
151,276,74,266,122,226,129,207,184,215,231,302,142,331,207,373,262,228,205,228,278,227,349,277,206,273,281,272,349
152,279,75,266,122,226,129,208,184,215,231,302,141,331,207,373,262,229,207,226,279,226,351,277,205,271,284,270,352
153,277,76,266,123,225,131,208,183,214,229,303,145,331,207,373,262,228,203,226,276,224,349,277,206,269,282,265,350
154,277,76,267,123,225,131,208,183,214,229,304,146,332,208,374,263,230,208,226,280,221,349,278,212,271,286,263,352
155,280,75,267,123,228,130,209,183,215,229,302,142,332,208,374,263,229,210,228,280,223,350,278,211,271,286,265,352
156,280,77,266,124,226,130,209,182,216,230,303,143,331,208,374,263,228,209,226,279,224,350,277,209,270,283,267,350
157,277,77,267,125,227,130,209,182,215,230,305,145,331,208,375,265,228,209,226,279,225,349,277,209,269,283,267,348
158,280,77,268,124,228,130,209,182,216,229,305,145,332,209,376,265,229,210,226,280,222,349,278,211,270,285,263,351
159,279,77,268,124,228,130,209,181,216,229,304,145,332,209,376,265,228,204,226,276,224,348,277,207,269,283,267,349
160,278,78,268,125,229,129,210,183,215,230,305,146,331,208,376,266,227,211,226,283,222,351,277,218,271,290,265,353
161,280,76,268,124,228,130,209,182,215,229,304,144,333,210,375,267,230,206,228,281,226,351,279,208,273,285,268,350
162,281,77,268,124,227,132,210,183,216,231,305,144,331,208,376,266,229,211,227,282,222,351,278,214,271,288,266,351
163,281,76,269,124,227,131,209,183,215,229,305,146,333,210,376,268,229,206,226,278,225,350,278,208,273,283,272,351
164,281,78,269,126,228,131,209,182,215,231,305,146,332,209,375,268,230,222,227,282,222,350,276,225,269,289,268,351
165,282,78,269,125,228,131,210,181,215,229,305,145,332,210,376,269,229,210,227,280,222,350,277,213,270,285,265,352
166,281,77,269,124,228,131,209,183,216,229,305,145,333,211,375,270,228,209,226,281,221,350,278,212,270,286,262,352
167,284,78,269,125,227,132,210,182,215,229,306,145,331,209,374,270,228,210,226,276,219,346,278,217,268,286,261,352
168,281,76,270,124,230,130,209,182,215,230,304,144,331,209,374,269,231,212,227,281,224,351,278,212,272,286,268,351
169,284,78,269,125,228,130,210,182,215,230,305,144,332,210,374,270,229,211,226,278,226,350,276,210,259,283,239,257
170,282,79,270,126,228,131,209,183,215,231,305,145,331,209,374,270,229,215,227,282,223,351,278,216,271,290,267,353
171,279,77,269,125,226,133,208,183,215,231,306,146,332,210,373,270,230,212,227,282,223,351,278,213,271,288,267,351
172,281,77,269,124,229,130,210,182,215,230,306,146,332,211,373,270,228,213,226,275,225,348,277,215,268,283,267,349
173,282,78,268,124,227,132,210,183,214,229,305,143,331,209,373,270,229,211,227,278,222,346,277,216,270,284,263,349
174,280,76,269,124,228,131,209,183,215,231,305,145,332,211,374,270,230,213,227,283,224,351,278,215,272,288,270,352
175,280,76,269,124,229,130,209,183,215,229,306,147,331,211,374,270,229,205,225,277,222,348,278,207,271,284,267,350
176,280,76,269,123,229,130,209,182,215,230,305,144,331,210,374,269,229,210,225,279,222,350,277,212,272,286,270,351
177,280,77,267,124,227,131,208,183,215,230,302,141,331,208,373,268,230,211,226,280,223,352,277,214,271,285,270,352
178,277,76,268,124,228,130,209,183,215,230,304,143,330,208,372,267,228,210,225,279,222,347,277,211,270,285,270,351
179,277,76,266,123,227,130,209,184,214,230,303,143,331,209,372,267,229,206,225,276,222,344,277,205,257,278,260,350
180,276,75,267,123,225,132,208,184,214,230,303,144,331,209,372,266,228,207,226,278,222,351,277,210,272,284,268,352
181,276,75,267,123,227,130,208,185,214,231,303,145,331,209,372,266,228,209,225,279,221,350,277,213,271,283,270,351
182,274,75,265,123,226,131,209,184,214,231,301,142,329,206,370,265,228,207,225,279,226,351,277,208,272,282,273,351
183,274,75,265,122,224,131,209,186,215,232,301,142,329,208,369,264,227,205,226,280,222,351,277,209,268,286,263,352
184,270,74,264,122,223,131,208,186,214,233,302,144,327,207,367,264,228,212,225,282,225,352,276,213,272,286,271,351
185,270,73,263,122,222,132,208,185,214,231,301,141,327,207,363,262,227,207,224,278,224,349,276,208,272,284,267,351
186,268,73,262,121,221,132,208,186,213,232,301,142,325,206,361,261,227,213,224,282,222,350,276,218,269,286,267,351
187,265,73,261,121,222,131,207,186,214,233,301,141,323,206,357,261,228,215,225,284,223,353,276,219,270,291,266,355
188,261,72,261,121,222,130,207,186,213,232,300,143,321,206,353,259,226,206,224,281,223,352,275,211,270,286,266,353
189,258,71,260,120,223,129,207,186,214,234,299,141,318,204,348,257,226,216,222,285,219,353,275,219,268,291,262,355
190,257,71,257,120,219,131,207,186,213,233,297,137,314,203,342,253,225,205,223,278,223,351,275,206,270,282,269,351
191,256,72,257,120,219,131,207,187,213,233,296,137,311,202,336,250,224,208,223,283,220,351,275,215,268,286,263,352
192,254,71,255,119,217,133,206,187,213,235,295,137,308,201,329,246,224,210,224,288,225,356,276,210,268,290,268,353
193,252,71,255,119,217,132,206,188,213,236,295,137,307,200,323,245,223,209,224,287,224,356,275,214,267,292,268,353
194,250,71,254,119,218,131,205,188,211,238,295,138,305,200,315,243,223,209,223,288,223,355,277,216,270,292,264,355
195,247,70,253,119,216,132,205,189,211,238,294,138,301,197,309,242,224,224,222,297,220,357,275,228,267,301,262,356
196,246,71,252,119,215,132,205,190,210,239,293,135,299,196,303,240,222,205,222,281,220,352,277,215,271,286,264,353
197,245,70,251,118,214,133,204,190,209,238,292,136,297,196,297,241,222,203,222,273,222,344,274,203,252,277,239,356
198,242,71,250,118,213,132,203,192,208,240,292,137,295,195,291,240,222,202,225,274,223,347,273,203,251,274,242,243
199,239,69,248,117,213,132,203,194,206,241,290,136,292,194,282,242,222,218,225,280,225,348,274,212,268,282,252,360
200,239,70,247,117,210,133,202,195,205,242,289,135,290,198,279,243,221,214,223,275,216,227,272,209,264,274,266,251
201,238,69,246,117,211,134,202,195,204,241,289,135,290,198,276,244,220,215,221,280,222,355,272,210,267,280,272,356
202,238,69,245,117,208,134,200,196,203,244,287,134,288,199,274,244,220,211,218,277,217,343,271,206,265,279,269,265
203,235,68,245,116,209,133,199,197,202,244,288,135,288,200,273,245,221,209,212,273,213,226,271,207,273,260,269,264
204,235,70,244,117,208,132,200,196,201,244,286,134,288,200,272,246,220,209,207,272,216,227,270,206,275,260,266,229
205,234,69,243,117,207,134,200,197,201,245,285,133,288,200,271,247,220,213,207,273,211,226,270,212,263,265,260,260
206,235,69,243,117,207,133,198,197,200,246,286,134,287,200,270,246,219,214,202,273,213,228,269,211,265,274,256,238
207,233,69,242,116,206,134,198,197,199,247,285,134,287,200,270,248,220,222,203,279,208,229,270,219,255,287,255,238
208,232,69,242,116,206,134,199,199,200,248,285,134,287,200,269,249,222,209,214,208,222,242,270,204,265,263,261,259
209,231,70,241,117,206,135,199,199,200,249,284,133,286,200,269,250,221,218,204,276,216,231,270,213,268,269,256,242
210,232,69,241,116,204,136,200,198,200,250,283,133,286,202,267,251,225,231,206,284,226,241,272,228,261,282,252,257
211,232,69,241,116,204,136,199,199,199,249,284,133,284,201,268,250,220,224,207,279,213,230,268,220,258,283,253,245
212,230,69,240,116,203,137,199,198,199,250,283,134,284,201,266,252,223,231,207,282,222,237,270,230,260,285,261,269
213,231,69,240,116,203,137,200,198,199,252,283,134,283,202,265,252,225,237,205,283,224,242,271,234,280,218,264,252
214,229,70,239,117,203,136,200,199,198,252,283,133,283,202,266,252,222,225,210,216,215,233,267,221,267,275,253,242
215,228,70,239,117,203,135,200,200,197,252,283,134,282,203,265,253,223,229,211,215,223,238,266,226,251,288,251,240
216,228,69,239,116,203,136,199,201,197,253,282,133,281,202,264,253,225,228,204,283,226,238,269,224,268,275,252,243
217,229,68,238,116,202,136,199,198,197,252,282,133,281,203,263,253,223,226,224,279,224,238,269,222,263,271,252,258
218,229,68,238,116,202,138,198,201,196,252,282,133,280,202,264,253,222,223,211,214,222,229,268,217,266,273,252,245
219,229,69,238,116,201,137,198,201,196,252,282,134,280,203,263,253,222,234,203,284,224,238,267,227,281,219,258,252
220,229,69,237,116,202,136,197,202,196,252,282,134,279,202,263,253,222,235,204,283,225,242,271,233,282,219,258,255
221,227,70,237,117,202,136,197,201,195,252,281,133,279,203,263,255,222,236,203,284,225,241,268,231,281,217,251,242
222,229,69,238,116,201,136,198,201,197,253,280,132,279,203,263,255,222,226,206,281,220,234,267,227,263,279,253,247
223,229,71,237,117,201,137,197,202,196,251,280,133,279,202,264,255,221,228,204,281,224,235,270,226,265,280,259,281
224,228,69,237,116,201,137,197,201,196,253,280,132,278,202,263,255,224,234,204,282,224,241,271,232,268,274,253,245
225,228,69,237,116,200,138,197,201,197,253,280,133,278,203,263,254,222,231,204,282,220,240,269,229,279,218,253,245
226,229,69,237,117,201,137,197,201,196,255,280,132,279,203,264,255,226,231,226,286,225,240,270,225,264,279,258,274
227,229,70,236,117,200,136,198,200,196,254,279,131,278,200,264,254,221,214,212,213,271,231,264,206,267,274,261,276
228,228,69,237,117,201,137,197,201,196,254,280,132,277,201,265,255,226,230,290,218,226,238,270,225,277,218,253,245
229,227,68,236,116,200,137,197,201,196,254,280,133,278,201,264,255,223,241,204,283,226,242,269,237,283,216,263,255
230,228,69,237,117,200,137,197,201,196,254,280,133,278,201,265,254,221,225,207,282,218,235,267,223,266,276,253,244
231,229,69,237,116,200,137,197,201,197,253,280,132,278,201,265,254,223,228,204,282,221,234,268,224,269,273,266,273
232,228,69,236,117,200,137,197,201,196,254,279,133,278,201,265,253,220,229,212,213,204,237,268,223,268,212,266,246
233,228,68,236,116,199,137,197,201,197,254,279,132,279,201,265,253,223,237,203,282,225,241,267,232,281,217,268,265
234,227,68,236,116,199,137,197,201,196,254,279,132,281,200,266,253,228,242,260,254,228,244,273,234,283,217,267,266
235,227,68,236,116,199,138,197,201,196,252,279,132,281,199,266,251,222,228,210,217,223,234,270,214,283,205,260,238
236,227,69,236,117,199,137,197,200,197,251,279,133,282,199,267,251,223,235,205,282,222,241,271,227,284,215,261,250
237,227,68,236,116,200,137,196,199,197,251,280,135,283,199,267,249,220,230,204,282,226,233,270,224,283,206,266,246
238,228,69,236,116,199,137,196,199,197,249,279,133,284,197,268,246,227,245,201,284,276,246,270,241,276,247,267,245
239,228,68,236,116,200,136,196,200,197,248,279,134,284,198,268,245,225,238,225,309,228,239,270,231,267,298,267,248
240,228,68,236,116,199,137,196,198,197,246,280,134,285,196,269,243,223,238,274,244,201,236,272,232,284,199,268,243
241,229,69,236,117,200,136,196,197,198,244,278,132,286,196,270,242,223,233,204,277,228,236,271,223,285,212,269,243
242,229,68,236,116,199,137,196,196,198,243,278,133,287,195,271,241,223,233,230,296,214,333,272,225,273,291,281,355
243,229,69,236,116,200,136,196,196,198,241,280,133,288,195,273,238,219,229,223,289,222,236,269,223,271,292,262,245
244,229,70,236,116,200,136,196,194,199,239,279,133,289,194,274,235,220,233,233,283,227,234,270,232,267,240,274,235
245,230,68,237,116,201,135,196,193,199,236,278,132,289,193,276,233,215,226,231,281,260,249,274,217,286,224,286,224
246,230,69,237,116,201,135,196,193,200,234,280,133,290,191,277,231,218,229,230,281,238,288,264,238,267,232,276,231
247,230,69,237,115,200,135,196,193,201,231,280,132,291,189,278,231,219,226,227,279,221,233,266,231,262,282,277,231
248,230,69,238,116,200,134,197,192,203,231,279,132,291,188,280,227,222,230,229,285,233,290,265,237,268,283,279,227
249,232,69,238,116,201,134,197,192,204,228,280,132,292,188,283,227,220,224,229,281,235,286,266,227,286,229,282,225
250,233,70,238,116,200,134,197,192,205,228,280,133,292,187,284,225,222,232,230,285,235,295,265,237,265,284,284,225
251,232,68,238,116,202,134,197,191,206,227,281,133,293,186,287,223,222,225,224,289,219,354,268,226,268,298,272,353
252,235,69,239,116,202,134,197,192,209,227,282,133,292,185,289,221,222,228,230,282,231,292,268,233,273,283,289,220
253,234,69,239,116,201,135,198,193,211,226,282,133,293,184,291,221,220,223,221,281,224,352,268,226,266,287,275,351
254,235,69,239,116,202,134,198,195,214,228,283,132,294,185,295,220,221,212,223,281,225,357,271,218,266,286,268,359
255,235,69,240,116,203,134,199,196,216,230,283,132,295,185,296,219,220,212,223,276,222,333,270,219,265,278,273,353
256,236,69,240,116,202,135,200,196,218,231,283,132,295,184,298,221,221,209,223,274,220,274,271,217,249,272,250,272
257,235,69,241,116,203,135,201,197,220,232,283,132,296,184,301,221,221,209,225,271,219,269,273,223,248,270,250,276
258,237,69,242,116,203,136,201,198,223,233,284,133,297,186,303,222,223,207,225,266,221,266,273,214,250,265,245,264
259,238,68,242,115,204,137,203,198,224,234,285,133,297,187,305,223,224,207,227,266,228,325,271,207,254,260,250,257
260,238,69,243,117,204,136,204,200,225,234,286,134,298,185,306,225,224,207,228,273,230,334,271,208,260,263,262,251
261,239,69,243,116,204,137,204,201,226,235,285,132,299,185,308,226,223,213,226,277,229,347,273,217,269,268,264,250
262,241,68,243,116,205,137,204,201,227,236,286,132,300,187,311,228,225,212,228,277,232,348,272,213,271,270,300,328
263,240,69,244,117,205,137,205,201,228,238,287,133,302,189,312,230,225,211,226,278,227,348,273,214,269,272,241,348
264,242,71,245,118,206,137,205,202,230,240,288,134,302,191,314,233,225,210,226,279,220,346,274,226,265,273,265,260
265,243,70,246,117,207,137,206,202,231,241,289,134,304,193,315,235,226,216,227,281,224,347,276,232,264,275,266,262
266,243,69,246,117,207,138,207,203,232,243,290,133,305,194,316,236,226,218,228,281,233,354,275,220,275,278,266,255
267,244,70,247,117,209,137,208,204,233,245,290,134,306,195,316,238,227,220,229,284,240,358,274,222,276,279,259,359
268,244,70,248,118,209,138,208,204,234,248,291,134,306,195,317,240,227,224,227,286,230,367,274,229,271,280,266,262
269,245,70,248,118,208,139,209,205,234,250,292,134,308,196,317,243,229,218,227,283,232,355,275,221,273,280,253,354
270,247,71,249,119,208,139,210,205,235,252,292,135,308,195,318,244,229,225,229,295,227,367,275,228,274,290,266,356
271,247,71,250,119,211,139,212,206,235,255,293,135,309,196,318,246,230,226,226,286,214,275,276,233,270,282,267,269
272,249,70,250,118,210,139,211,206,234,255,293,135,310,195,319,248,233,223,228,281,219,351,276,226,270,283,252,351
273,248,72,251,119,212,139,213,207,235,258,294,135,310,198,318,250,231,227,225,285,211,332,276,236,269,286,266,270
274,252,71,251,120,211,140,213,207,236,259,293,136,310,196,318,251,232,222,229,290,222,360,274,227,269,292,247,361
275,251,72,252,120,213,139,214,209,235,262,293,135,311,198,318,253,236,227,236,285,228,274,281,230,273,288,252,257
276,250,72,252,120,213,141,215,209,236,265,295,136,311,198,319,255,238,229,238,286,230,276,279,229,274,291,279,300
277,253,73,253,121,213,142,216,208,236,265,294,134,311,199,319,256,237,228,239,287,232,277,279,230,274,290,254,261
278,254,73,253,121,213,141,217,210,235,267,294,136,311,200,318,258,239,230,237,287,222,283,282,232,274,296,277,301
279,254,73,254,122,214,142,217,209,235,267,296,137,311,199,319,259,238,223,236,284,222,279,284,217,274,290,252,358
280,253,74,254,121,214,144,218,209,235,269,298,138,311,202,318,261,240,223,236,286,234,275,284,223,276,292,278,297
281,255,75,255,123,214,144,219,209,235,270,298,138,310,202,318,263,241,229,239,291,234,283,284,229,238,296,234,288
282,256,75,256,123,214,144,220,210,236,271,299,139,309,203,317,263,238,222,241,291,237,276,283,224,274,291,237,276
283,255,76,255,123,214,145,220,210,237,273,297,137,309,204,317,264,240,212,232,214,252,256,283,204,282,201,276,240
284,256,76,256,124,215,145,220,210,236,273,299,139,308,204,316,266,240,222,227,225,229,218,285,218,239,299,316,266
285,256,77,256,125,215,147,220,210,236,274,299,140,309,205,316,267,241,230,239,298,236,299,285,227,241,301,310,284
286,257,78,256,126,215,147,221,212,236,276,300,140,308,205,316,269,242,235,242,302,242,292,284,239,240,301,236,296
287,257,79,257,127,215,146,221,212,235,274,300,141,309,207,317,270,242,237,246,301,243,267,285,237,241,304,317,270
288,259,77,258,126,216,147,221,212,236,276,300,140,308,207,316,271,246,229,234,224,237,271,288,221,292,211,315,271
289,258,79,258,127,215,148,222,212,236,275,300,142,308,209,316,273,241,231,240,301,240,268,286,234,239,304,316,274
290,258,78,258,127,215,148,222,215,236,278,300,141,308,208,316,274,242,242,245,306,238,269,284,242,241,308,316,274
291,259,78,258,127,215,147,222,212,236,278,301,141,308,209,316,274,241,238,241,305,235,290,283,239,275,300,307,290
292,259,79,258,127,215,147,223,213,236,278,301,142,307,209,316,274,241,233,242,307,238,303,284,233,274,300,307,289
293,259,80,258,129,215,147,224,215,236,278,300,141,307,210,315,275,240,221,230,227,273,244,282,213,284,209,274,243
294,259,80,258,129,215,149,224,214,236,280,300,142,307,212,315,276,242,236,244,312,237,274,284,239,261,303,307,291
295,259,80,258,129,215,149,224,215,237,280,301,142,307,212,316,276,242,230,234,228,239,273,286,222,278,213,315,276
296,259,80,258,129,215,149,225,214,236,280,301,143,307,212,316,277,243,243,243,313,238,272,285,241,238,308,313,296
297,259,81,258,130,215,149,224,215,236,282,301,143,307,211,316,277,240,236,241,310,237,307,283,237,245,309,307,292
298,258,81,258,130,215,148,224,214,236,281,301,144,307,212,316,278,242,240,236,227,238,275,284,238,242,311,308,295
299,259,82,258,130,215,149,224,215,236,282,301,142,306,211,315,278,242,237,274,218,237,274,286,236,290,217,310,294
300,259,83,258,131,215,150,225,218,236,280,300,142,306,213,315,279,242,216,235,227,263,238,282,210,285,207,314,278
301,260,81,258,130,214,150,224,219,236,282,301,142,306,213,315,279,241,232,240,309,238,308,285,229,244,309,310,295
302,259,81,257,130,214,149,223,215,236,282,301,142,304,211,316,279,242,239,236,226,238,274,285,231,285,215,309,297
303,260,82,258,130,215,149,222,215,236,281,301,143,304,214,315,279,243,226,235,227,236,276,284,221,228,218,315,280
304,260,82,258,131,214,151,222,217,235,281,301,144,304,214,315,279,241,239,243,308,237,274,284,236,238,309,309,296
305,260,83,257,131,214,149,222,215,235,280,301,143,305,215,315,279,240,226,228,226,236,275,282,222,223,216,313,278
306,260,83,257,131,214,149,222,216,235,281,300,143,304,215,315,279,243,234,234,229,237,275,285,226,282,214,314,279
307,260,83,257,132,214,150,222,217,233,280,299,142,304,215,313,280,244,269,244,308,236,275,274,266,239,311,312,280
308,261,83,257,132,214,150,222,216,234,282,300,143,303,214,314,279,239,234,243,310,237,274,284,230,286,216,303,293
309,261,82,257,131,214,150,222,216,235,282,300,143,303,215,314,280,239,225,232,226,238,276,281,220,227,219,314,281
310,260,83,257,131,214,150,222,217,233,280,300,142,303,212,313,280,240,229,231,231,235,275,282,228,288,216,312,280
311,261,83,256,132,213,149,221,217,233,281,300,143,303,214,313,280,240,264,246,312,236,275,274,264,239,312,310,280
312,259,83,257,131,213,150,221,215,233,282,301,144,303,214,313,279,238,221,228,227,234,274,281,217,282,214,302,293
313,259,83,257,131,213,150,221,216,234,281,300,145,303,214,314,280,237,214,230,224,223,217,279,210,277,208,275,226
314,259,83,256,132,213,151,222,216,234,282,299,144,303,214,314,280,239,232,233,229,236,275,281,227,279,217,313,282
315,259,82,256,131,212,151,221,216,233,283,300,145,303,215,314,281,241,254,243,311,238,276,278,255,237,315,308,299
316,259,83,256,131,212,150,220,214,232,284,299,143,303,213,313,280,241,269,233,226,236,278,272,268,237,312,313,298
317,244,75,246,123,207,140,193,204,191,251,289,139,297,203,290,255,217,213,226,278,223,332,273,205,261,272,273,266
318,242,75,246,123,208,139,194,202,192,249,288,138,294,202,285,255,217,215,222,285,214,350,273,206,263,286,274,269
319,241,76,245,123,207,138,195,203,194,250,286,136,292,201,283,254,216,214,222,286,204,228,271,207,281,205,275,271
320,241,75,244,122,207,138,196,203,194,251,285,136,291,201,279,253,217,213,219,282,293,227,269,206,258,286,298,223
321,238,73,243,121,207,137,197,202,196,250,285,137,288,203,275,254,221,208,274,203,211,223,269,204,276,201,283,229
322,238,73,242,121,205,138,198,201,197,251,282,135,286,202,273,254,220,207,273,201,281,228,267,200,285,237,295,223
323,238,71,242,120,204,138,199,200,198,251,283,135,284,201,271,254,220,203,214,206,216,211,266,198,273,259,273,267
324,237,71,242,120,205,136,198,200,199,252,282,135,282,202,269,255,217,211,212,209,214,235,265,206,268,271,264,269
325,235,69,241,119,204,136,199,201,199,253,282,136,281,202,267,255,218,215,211,212,211,219,264,211,265,277,269,235
326,234,72,241,120,204,136,198,200,199,252,282,136,278,203,265,256,221,217,213,212,213,234,265,213,268,272,268,271
327,234,72,240,120,202,136,199,201,200,253,281,137,277,202,264,257,222,221,210,215,210,230,264,218,268,273,266,272
328,233,72,238,120,201,138,199,201,199,253,280,136,276,202,263,257,221,217,216,211,216,239,263,213,265,274,264,273
329,231,72,238,119,202,136,198,200,199,253,279,135,277,202,263,256,218,218,213,212,214,231,263,215,268,275,266,276
330,230,73,237,120,200,137,197,201,197,254,278,136,276,204,262,256,221,220,213,213,221,226,266,215,268,274,266,275
331,229,72,237,119,201,136,197,203,197,254,278,135,275,205,261,257,217,219,212,213,212,234,261,218,266,276,265,276
332,229,72,236,120,200,137,196,203,197,256,278,134,274,202,262,257,217,217,211,213,209,234,261,212,266,273,266,272
333,229,72,236,120,200,137,196,204,196,256,277,135,274,205,261,258,214,210,209,211,210,217,259,206,267,271,267,272
334,229,73,235,120,199,137,196,204,196,257,276,134,273,203,261,257,216,218,199,270,211,237,260,215,266,275,264,274
335,228,72,235,119,199,137,196,203,196,257,276,133,272,203,262,257,215,213,210,212,261,266,259,206,267,273,266,275
336,229,72,236,119,199,136,196,204,197,258,276,135,271,203,261,257,214,213,209,213,209,217,257,209,267,277,263,278
337,228,73,235,120,199,136,196,204,196,258,276,135,271,203,261,257,214,213,210,211,211,216,258,208,265,276,265,274
338,228,71,235,119,198,137,196,204,197,257,276,134,271,203,261,257,215,216,211,214,210,219,256,215,254,206,262,279
339,227,72,235,120,198,136,196,203,196,258,276,134,271,204,261,258,216,230,211,218,209,237,259,227,259,213,261,278
340,228,72,233,120,197,138,197,204,197,259,275,135,271,204,261,258,214,220,207,219,208,233,258,220,262,279,260,282
341,225,73,234,119,197,138,195,204,197,260,275,134,271,203,261,257,213,215,209,214,210,220,256,212,258,207,262,237
342,226,71,233,119,197,137,196,204,197,259,275,133,270,203,261,257,214,209,210,212,211,218,257,205,265,277,264,276
343,226,72,233,120,197,137,197,206,198,260,274,134,271,201,262,256,216,206,211,211,214,214,257,200,266,268,268,269
344,225,72,233,120,197,137,195,204,197,260,275,133,272,201,262,255,214,215,210,214,268,229,257,211,268,267,265,276
345,227,72,233,120,197,138,196,204,197,260,275,135,271,203,262,255,218,226,210,218,269,235,260,223,266,286,262,279
346,224,72,232,119,196,138,197,205,197,260,274,134,272,199,263,255,214,206,209,215,214,214,257,200,272,247,262,229
347,226,73,233,120,196,139,196,204,197,259,274,134,272,202,263,255,215,207,212,210,268,216,257,198,274,247,285,223
348,227,73,233,120,196,138,196,204,197,260,275,135,273,200,265,255,212,215,210,215,206,213,259,206,260,214,262,272
349,226,73,231,120,195,139,196,204,197,259,273,133,273,200,264,255,214,207,208,215,270,213,258,198,283,231,287,223
350,224,73,232,120,196,139,196,205,197,259,275,135,274,199,265,253,215,205,211,211,269,214,258,196,276,244,282,235
351,226,73,232,120,195,140,196,204,197,259,274,136,275,199,266,253,216,212,208,215,273,227,260,203,269,270,266,272
352,224,74,232,121,194,139,196,204,197,260,274,135,275,200,266,253,214,216,208,216,275,226,262,207,265,210,285,229
353,224,72,232,119,195,138,195,203,197,260,274,134,275,199,266,252,215,211,210,214,272,215,260,200,284,232,284,232
354,224,72,231,119,195,138,196,205,197,259,274,135,276,197,268,251,214,210,207,218,211,220,258,202,278,239,287,225
355,224,72,231,119,195,139,196,205,197,261,274,135,277,199,269,250,212,208,206,216,266,201,263,202,262,208,268,249
356,225,71,232,119,195,138,194,204,196,260,273,133,279,196,269,250,215,211,210,212,220,249,262,200,286,228,287,226
357,225,72,231,120,195,139,195,203,196,258,274,134,279,196,270,249,218,210,212,211,273,224,265,200,284,221,287,223
358,224,72,231,120,193,140,195,204,196,259,273,133,280,197,271,247,220,206,209,214,270,221,263,196,286,236,290,231
359,224,72,232,119,195,138,194,202,196,259,274,134,282,196,272,247,221,211,210,214,273,224,265,200,287,234,290,230
360,225,71,231,119,194,139,194,203,196,259,273,132,283,195,273,246,222,209,224,211,227,243,266,200,285,234,289,230
361,225,71,231,119,194,139,194,203,196,259,273,132,283,195,273,244,217,210,209,212,280,221,266,199,273,196,292,221
362,225,70,231,119,195,138,195,203,196,259,273,133,284,195,274,244,214,209,210,212,280,220,265,197,274,196,289,223
363,226,72,231,120,195,139,195,203,195,257,273,132,284,195,275,243,217,220,210,216,206,233,267,214,276,208,260,237
364,225,72,232,119,195,138,194,204,196,256,273,133,285,195,275,243,217,224,209,217,204,236,268,216,283,212,260,239
365,225,72,231,120,194,139,194,203,196,255,273,134,286,195,276,241,216,215,209,215,207,233,268,209,275,201,266,231
366,224,72,232,120,195,138,194,203,196,254,273,134,287,195,276,240,214,215,209,213,279,220,269,208,276,203,281,228
367,224,73,231,120,194,141,194,203,197,252,272,134,287,192,277,239,217,217,207,216,206,231,268,210,279,233,269,234
368,225,72,231,119,195,139,194,201,196,250,274,134,287,192,278,237,219,257,234,296,266,255,272,211,283,222,261,246
369,223,72,231,119,195,138,193,201,197,249,273,133,287,191,278,236,215,208,223,275,207,227,266,202,270,265,273,259
370,224,71,232,119,195,138,193,200,197,249,273,133,289,190,279,235,214,216,207,212,201,229,268,208,269,263,265,245
371,223,72,231,119,195,138,192,200,198,247,272,132,289,189,279,233,219,226,207,212,203,227,271,212,279,230,266,241
372,225,71,232,119,196,138,192,199,197,244,274,134,289,188,280,232,213,211,205,211,231,239,266,206,268,258,261,242
373,226,73,232,120,196,139,192,199,197,242,274,134,289,188,281,230,217,231,227,283,221,236,263,225,264,283,269,245
374,225,71,232,119,195,138,192,198,199,239,273,132,289,187,281,228,221,237,232,282,225,242,264,231,260,283,281,228
375,227,71,232,119,195,140,192,198,199,238,274,134,290,187,282,227,220,235,227,284,237,296,263,234,264,284,282,226
376,227,72,233,119,196,138,192,197,199,236,275,133,289,186,283,225,222,235,227,285,231,294,262,232,266,283,282,226
377,226,72,234,119,197,136,192,198,199,236,275,133,289,184,284,223,222,236,229,283,231,293,263,232,264,279,283,223
378,228,70,233,118,196,138,192,197,200,235,275,132,290,184,285,222,218,228,221,291,225,289,263,226,241,289,283,222
379,228,72,234,119,197,136,192,197,200,236,275,133,290,183,286,221,216,225,227,281,229,290,263,221,266,272,284,221
380,228,72,234,119,198,136,193,197,199,235,276,133,289,181,288,219,216,224,219,293,213,359,264,220,262,297,248,358
381,230,70,234,118,197,138,192,197,200,236,276,132,290,179,289,217,216,222,217,291,218,359,263,221,261,293,258,361
382,231,72,235,119,197,138,192,198,200,238,276,133,290,178,291,216,216,218,220,287,217,357,264,217,263,286,258,349
383,231,71,235,118,198,136,193,198,200,240,277,132,290,176,292,214,217,217,220,288,223,357,264,215,263,286,254,349
384,233,71,236,118,199,137,193,197,200,240,278,133,291,176,295,213,217,213,220,285,222,346,265,213,264,281,263,337
385,233,70,237,118,199,136,193,198,200,242,277,133,291,175,296,211,219,218,224,287,227,348,266,215,263,286,261,344
386,233,70,237,118,200,137,193,200,200,244,279,132,292,173,298,210,217,216,223,285,236,344,266,210,265,278,271,329
387,236,71,238,119,200,136,193,200,200,247,279,133,291,174,299,208,219,212,228,283,245,338,266,208,268,274,276,326
388,237,70,238,118,201,137,193,200,200,246,280,132,291,173,301,208,219,212,229,282,247,337,267,205,268,273,276,325
389,236,71,239,119,202,135,194,201,200,248,279,131,291,172,303,207,217,212,225,286,242,343,268,210,268,278,275,324
390,238,71,239,118,200,137,193,202,199,249,279,131,291,171,304,206,220,215,232,281,246,336,268,209,271,271,277,322
391,240,71,240,119,202,136,194,200,200,250,280,131,291,172,306,205,222,207,235,281,253,337,268,201,274,272,280,323
392,241,69,240,117,201,137,194,202,199,250,280,131,290,172,307,206,221,220,239,287,246,340,272,212,279,280,292,333
393,241,70,240,118,202,137,194,202,198,252,280,132,291,172,309,206,226,231,238,293,251,356,273,224,277,287,283,336
394,242,70,241,118,203,135,194,202,197,254,281,132,291,172,311,206,221,208,234,284,253,341,272,203,275,277,282,329
395,243,69,242,118,202,137,194,202,196,254,281,131,290,171,312,206,218,210,229,285,246,343,268,202,271,278,279,333
396,244,70,243,118,205,134,195,201,196,254,281,130,291,173,314,208,217,207,232,285,239,285,270,201,275,281,287,327
397,245,68,243,118,205,135,195,202,196,255,281,131,291,174,315,209,220,232,226,292,208,274,270,232,268,290,283,331
398,247,68,244,117,205,136,196,203,197,256,283,132,292,174,316,209,218,222,221,293,253,352,268,227,262,290,265,357
399,248,69,244,117,205,135,196,203,196,257,283,132,292,175,317,210,224,240,229,304,231,359,267,237,265,300,268,362
400,249,69,245,118,206,135,196,204,197,257,284,133,294,176,319,212,217,205,225,284,214,211,267,206,263,281,281,328
401,249,68,245,117,206,135,196,203,196,258,284,132,293,176,320,212,220,228,225,300,233,363,268,228,263,299,273,360
402,250,69,246,118,207,136,197,203,198,258,284,133,295,177,321,214,219,203,223,283,234,282,267,201,261,273,278,330
403,252,69,246,117,205,138,197,204,198,258,284,133,294,177,323,215,222,202,225,283,240,335,268,199,265,273,280,331
404,253,68,247,117,208,135,197,203,198,258,284,134,296,177,323,216,218,212,225,286,248,343,267,211,264,281,279,334
405,254,69,248,117,207,136,198,202,199,258,285,134,296,179,325,218,223,209,226,285,234,344,270,209,264,284,273,335
406,255,67,249,116,209,135,199,202,201,259,287,134,299,182,327,221,221,207,224,286,210,209,270,203,264,282,281,334
407,255,69,250,118,210,134,200,201,201,259,287,135,300,182,329,223,221,215,221,287,251,345,270,213,264,286,269,340
408,256,69,250,117,211,131,200,201,200,258,288,134,302,182,329,222,221,223,223,295,227,359,269,225,263,295,276,359
409,259,68,251,117,210,134,199,202,201,259,289,136,303,182,331,224,219,207,223,286,208,210,269,203,265,288,287,334
410,259,68,251,117,211,133,200,201,201,258,289,135,304,183,333,227,220,216,221,287,222,355,268,214,263,290,266,341
411,259,69,251,117,211,133,200,201,201,258,289,135,305,183,336,228,221,210,221,286,210,207,270,205,264,290,267,340
412,260,67,252,116,212,133,200,202,201,259,289,135,305,184,337,229,223,205,223,281,212,273,270,202,265,282,286,336
413,260,69,252,117,212,133,201,201,201,258,289,136,306,184,338,230,223,212,228,283,240,281,271,205,265,283,258,268
414,264,69,253,118,212,134,200,201,200,258,289,135,307,185,339,231,224,204,228,285,212,205,272,199,263,282,278,330
415,264,68,254,117,213,134,200,202,199,259,291,136,309,186,341,233,226,200,228,282,207,203,271,199,265,279,282,329
416,264,69,255,118,214,132,201,201,200,258,291,137,309,186,342,233,222,212,226,282,233,270,273,211,263,282,259,282
417,264,69,255,117,214,132,201,201,199,259,292,137,310,186,344,235,222,211,225,287,252,347,272,209,262,286,270,337
418,265,70,255,118,215,132,201,201,201,257,291,136,311,187,344,234,224,211,232,282,208,214,273,209,262,285,268,349
419,265,68,256,117,215,132,201,202,200,259,293,139,312,188,344,236,223,223,226,289,261,359,270,221,263,292,265,330
420,265,72,256,120,214,135,202,202,201,258,291,138,313,188,345,235,220,219,236,290,258,292,271,220,255,289,260,295
421,266,69,257,118,216,132,204,201,200,259,293,139,312,187,346,235,224,207,226,281,232,341,271,205,263,279,281,332
422,266,69,257,118,216,133,203,200,201,258,295,139,313,188,346,236,225,213,227,286,253,347,273,212,263,286,269,339
423,266,69,257,118,215,135,204,202,201,258,293,138,313,187,346,236,226,205,230,284,240,280,272,203,265,283,275,329
424,267,71,257,119,216,133,204,201,202,256,292,137,314,189,346,236,226,207,224,285,261,327,274,207,264,285,266,340
425,268,69,257,117,216,133,205,201,203,257,292,138,314,188,347,237,224,207,215,213,284,220,273,199,289,229,283,222
426,267,71,257,119,215,135,205,201,203,257,292,137,314,189,347,237,227,206,219,211,288,219,274,201,291,228,284,225
427,268,69,258,118,217,133,205,201,203,258,292,138,314,189,348,237,228,211,230,285,239,276,276,211,265,286,280,329
428,269,71,258,119,216,134,206,201,203,257,292,137,315,190,347,238,227,204,218,215,284,225,274,202,289,229,283,226
429,268,71,257,119,216,135,206,202,204,257,293,137,314,189,348,239,229,199,234,277,283,225,275,200,267,279,283,225
430,269,71,258,119,216,135,206,201,204,257,293,137,315,190,347,239,229,202,218,214,288,224,275,201,289,231,284,225
431,268,70,258,118,216,134,206,202,204,257,293,138,315,190,347,239,227,213,219,213,214,214,277,209,268,281,267,284
432,268,72,258,120,217,133,206,202,204,257,294,139,315,190,348,241,225,203,220,213,288,222,275,200,268,278,284,227
433,268,70,258,119,218,132,206,201,204,258,293,139,316,192,348,241,225,211,213,218,215,211,275,207,211,203,348,242
434,267,71,258,119,218,133,206,202,204,258,293,137,316,193,348,242,230,208,228,276,203,281,278,204,269,276,281,327
435,268,71,258,119,218,132,206,201,204,258,292,137,315,192,348,242,229,203,219,210,251,277,276,201,270,276,283,226
436,268,70,258,118,217,132,207,200,205,258,295,139,314,191,348,243,226,211,230,282,243,284,275,209,266,278,285,331
437,268,70,258,119,217,133,207,202,204,257,294,138,315,192,348,243,226,212,212,218,251,280,275,208,272,275,260,278
438,268,71,258,120,218,132,207,201,204,257,294,138,315,192,348,243,226,212,233,280,212,215,275,210,268,281,260,271
439,268,70,259,118,218,131,207,198,205,258,295,139,315,193,347,243,225,211,228,281,235,340,275,211,266,277,274,326
440,269,71,259,119,218,133,207,202,204,258,294,138,315,192,347,242,226,208,219,215,213,211,273,205,292,231,267,286
441,256,72,254,120,217,132,208,202,205,258,293,138,300,194,304,243,229,229,226,295,260,336,277,231,265,294,284,361
442,257,70,254,119,215,135,208,203,205,260,293,137,297,194,300,244,233,220,236,288,244,287,280,217,273,288,269,320
443,255,72,254,120,216,133,208,202,205,258,293,137,295,194,294,245,231,214,220,216,214,217,279,212,274,289,292,266
444,256,71,254,120,216,133,208,201,204,258,293,137,295,194,289,246,229,204,223,209,219,204,276,202,282,197,312,219
445,254,71,253,120,215,134,208,202,204,258,292,136,293,198,285,249,229,210,220,213,284,205,275,206,279,201,279,235
446,253,72,253,120,215,135,208,201,204,258,292,137,292,200,281,250,227,203,219,212,290,223,274,200,281,199,289,224
447,252,72,253,120,215,133,207,202,204,258,293,138,292,201,278,251,222,260,284,251,207,253,237,266,205,259,277,251
448,252,70,253,119,215,133,206,200,204,258,292,138,290,203,276,253,228,210,220,213,284,228,272,206,279,270,275,270
449,253,70,252,119,214,134,207,202,204,258,290,136,289,202,273,254,231,211,219,213,284,228,272,205,277,268,276,268
450,251,70,252,119,214,132,206,200,203,257,291,137,287,203,270,254,227,210,275,203,281,230,269,206,277,265,276,266
451,250,72,251,120,213,134,207,200,204,258,289,136,286,203,269,255,226,212,219,213,277,229,269,204,271,199,267,274
452,249,70,250,119,213,133,206,201,203,258,290,136,285,204,268,256,229,203,218,210,273,254,270,200,275,257,272,269
453,249,72,249,119,212,134,207,201,202,259,289,136,284,205,268,257,227,218,216,216,280,218,270,220,268,284,265,280
454,248,71,249,120,210,137,206,202,203,258,288,136,283,205,268,257,230,229,212,285,214,257,271,228,265,286,266,277
455,247,72,249,120,211,136,206,202,203,258,287,136,283,205,267,257,227,212,220,210,276,232,269,209,267,276,265,276
456,246,72,249,120,211,134,205,202,202,258,288,136,283,204,267,258,233,226,210,284,283,285,278,228,272,275,270,272
457,245,71,248,119,211,134,205,202,202,259,287,137,283,205,267,258,231,245,209,289,213,261,274,243,268,290,267,258
458,244,71,247,119,209,136,205,203,203,258,287,136,282,204,267,257,224,203,218,208,220,210,267,201,271,269,270,271
459,244,69,247,118,211,134,204,203,202,258,287,136,282,204,267,257,223,201,218,208,273,233,267,198,270,270,270,271
460,244,71,247,119,210,135,204,202,202,257,286,137,282,204,267,257,224,206,217,209,283,222,267,201,270,270,269,270
461,242,69,247,118,210,133,204,202,202,258,286,135,282,203,266,257,223,214,212,217,273,234,265,208,270,275,266,275
462,243,71,247,119,210,135,203,202,202,257,286,136,282,204,266,257,224,216,224,287,274,233,267,213,267,277,265,274
463,242,70,246,119,209,135,203,203,202,258,286,136,281,203,266,256,223,211,211,218,213,209,265,206,270,275,265,275
464,243,71,246,119,209,135,203,202,202,258,286,136,282,204,267,257,227,232,211,285,220,242,273,234,266,281,266,277
465,242,70,245,118,209,136,203,202,202,258,286,136,282,203,267,257,226,221,212,217,283,216,271,222,266,278,262,277
466,241,72,246,119,209,135,203,202,201,259,286,136,281,203,267,257,222,215,213,215,266,237,265,213,268,207,264,239
467,241,70,246,119,209,134,203,203,201,257,285,135,282,202,267,256,222,208,215,212,274,231,266,203,271,273,267,274
468,240,68,245,118,208,135,203,202,201,257,286,137,282,203,266,256,224,215,216,213,273,233,267,209,270,274,269,273
469,238,73,245,120,208,134,202,201,202,258,286,135,282,202,268,255,223,202,213,212,269,259,265,198,273,262,276,265
470,240,71,245,119,209,134,202,201,202,256,285,137,283,203,267,254,223,207,210,215,273,233,266,203,271,271,273,267
471,237,71,244,119,208,135,202,201,202,256,285,136,283,202,268,253,222,212,212,216,278,229,265,206,269,202,271,234
472,239,71,244,119,208,135,202,201,202,255,285,137,283,203,268,253,227,214,232,280,273,232,268,210,272,269,272,268
473,238,71,243,119,206,136,202,200,203,253,284,137,283,202,269,252,222,208,216,208,276,228,266,203,272,267,272,267
474,237,71,244,119,208,134,202,199,203,253,285,136,284,201,269,252,221,214,217,282,219,237,266,210,263,282,269,272
475,237,72,243,119,207,134,201,199,203,251,283,135,284,201,269,251,223,213,222,279,219,234,268,207,274,263,273,264
476,235,72,243,119,207,134,201,197,203,250,284,137,284,201,269,250,221,215,222,277,220,232,268,208,271,267,271,266
477,236,70,243,119,207,134,200,198,204,248,284,136,285,200,269,248,223,218,213,212,222,233,269,210,269,269,261,236
478,235,72,243,119,207,133,199,197,204,249,284,137,286,199,270,248,223,220,213,211,223,238,269,215,272,246,256,242
479,235,71,242,119,206,135,199,196,204,246,284,136,286,198,269,246,229,231,227,282,229,239,272,225,275,259,267,259
480,234,71,243,119,207,133,199,196,205,245,283,135,287,198,269,245,227,228,213,279,226,235,271,220,274,259,256,238
481,233,71,242,118,206,133,199,196,204,244,283,135,287,197,270,243,225,225,215,278,224,233,270,220,272,276,258,239
482,231,71,241,118,205,135,198,195,204,244,283,135,287,197,269,242,225,223,214,277,227,233,270,215,269,261,257,248
483,228,73,241,119,206,133,198,196,204,243,283,136,287,197,269,242,228,230,228,287,228,235,269,223,276,251,253,236
484,227,72,240,119,206,134,198,195,204,241,283,136,287,198,269,240,228,228,210,275,228,234,269,221,277,249,254,233
485,227,72,239,119,206,134,198,195,204,241,281,135,288,197,269,240,228,224,211,273,229,233,271,218,277,249,258,246
486,227,70,239,118,204,134,197,196,202,239,281,134,289,196,268,238,228,228,207,273,228,233,271,216,274,250,258,245
487,225,72,238,118,204,134,197,195,201,238,281,133,288,196,268,236,226,227,206,275,226,234,270,218,277,250,254,229
488,223,72,238,118,204,134,196,195,201,237,281,135,289,196,267,235,227,230,227,285,227,235,269,222,268,289,255,244
489,222,73,237,118,203,135,196,193,198,236,280,134,288,195,266,234,223,228,226,281,227,233,270,221,254,287,265,235
490,221,73,236,118,203,135,195,193,197,234,280,133,288,195,265,234,223,224,227,279,226,234,268,214,265,278,265,240
491,220,72,236,118,203,135,195,192,196,233,279,133,288,195,264,232,219,219,225,276,220,228,269,213,263,285,253,240
492,219,73,235,117,202,135,195,192,194,233,279,134,288,195,263,231,221,235,224,285,221,242,267,240,262,287,261,231
493,219,71,235,117,202,135,195,191,193,233,279,133,287,196,262,230,218,227,222,279,219,237,266,227,260,287,254,246
494,218,73,235,118,202,135,195,192,191,231,278,134,287,195,261,230,219,230,221,278,225,294,267,236,262,285,233,283
495,217,71,234,117,200,136,194,191,188,229,277,133,286,196,259,230,214,226,223,270,200,223,264,228,243,278,252,245
496,216,72,233,118,200,136,193,191,187,229,277,133,286,195,258,231,214,229,218,277,216,287,267,241,260,290,256,231
497,215,73,232,118,200,136,192,189,185,228,277,132,286,195,258,230,214,223,219,278,217,233,267,219,257,288,256,234
498,215,73,232,118,198,137,193,189,182,228,277,133,285,196,257,230,213,218,221,268,214,227,266,210,258,284,261,245
499,214,71,231,117,199,136,193,189,180,228,276,133,285,196,256,231,212,228,226,275,213,235,262,230,257,287,252,233
500,213,72,231,117,199,136,191,191,177,228,275,132,284,196,254,232,212,237,214,279,224,297,264,240,259,291,251,232
501,212,72,230,117,198,135,192,190,175,229,274,133,283,197,255,232,210,229,214,277,211,241,262,229,259,289,250,248
502,212,71,230,117,198,135,190,190,173,229,274,132,283,196,255,232,210,215,212,282,206,353,264,212,255,280,263,348
503,210,72,229,116,197,137,190,191,172,227,273,132,283,196,254,234,213,215,213,285,211,351,265,211,255,284,260,352
504,210,72,228,116,196,136,189,192,170,227,273,132,282,196,255,234,212,216,213,288,207,352,264,211,255,287,266,350
505,210,71,228,116,195,137,188,193,167,229,273,133,283,196,254,234,212,215,207,282,199,351,263,215,251,287,219,367
506,210,71,227,118,195,137,188,192,166,229,272,132,282,195,254,235,213,213,214,281,213,350,264,211,255,283,262,348
507,208,71,227,117,197,136,187,192,164,230,271,131,281,195,255,235,212,217,210,284,210,354,263,214,253,286,261,352
508,208,71,227,116,196,136,186,194,163,231,271,132,281,195,255,236,214,213,211,283,202,351,263,210,255,286,232,356
509,207,70,226,116,195,137,185,193,160,233,270,132,281,195,255,237,214,215,211,282,202,352,263,212,254,286,230,358
510,208,70,226,117,194,138,184,194,160,233,269,132,281,195,257,237,215,215,213,279,203,349,263,212,254,283,230,355
511,206,71,225,116,194,137,184,194,158,234,269,131,281,194,258,236,212,221,212,289,204,365,263,215,252,291,265,353
512,205,71,225,116,194,136,183,195,157,236,270,132,281,194,258,237,216,216,213,287,202,366,263,209,253,292,261,354
513,204,71,224,116,193,137,182,194,155,239,270,131,280,194,258,237,213,217,214,284,208,354,262,213,255,287,233,356
514,205,70,224,116,192,139,181,196,153,242,267,130,280,193,260,237,212,220,213,287,206,353,263,215,254,290,231,357
515,203,70,224,116,193,136,180,197,153,242,268,130,280,193,260,238,213,224,214,289,206,353,261,221,255,293,254,345
516,203,71,223,116,193,137,181,197,152,244,267,129,279,193,262,238,214,223,214,284,209,353,264,216,256,287,259,352
517,203,71,223,117,193,138,181,197,151,245,267,130,279,192,262,238,215,226,211,290,202,355,264,218,253,295,230,360
518,202,71,222,116,192,138,180,196,149,247,268,130,280,192,263,239,211,223,214,290,208,355,264,214,256,291,236,362
519,202,71,222,116,192,138,180,197,150,247,268,131,280,193,264,239,215,223,214,286,208,354,263,217,255,287,249,355
520,202,71,223,117,193,137,179,198,149,248,266,129,279,192,264,238,211,229,211,292,207,358,259,230,251,296,260,356
521,201,71,222,116,191,138,179,199,150,249,268,130,280,192,265,238,212,226,212,289,204,354,260,221,252,293,232,361
522,202,70,221,116,192,139,179,198,149,250,266,129,280,191,265,238,207,221,210,284,292,214,264,208,239,287,254,231
523,200,72,221,116,192,137,178,198,149,251,266,129,280,192,265,238,211,223,211,283,205,347,261,219,250,286,245,341
524,200,71,221,115,192,139,178,200,149,251,266,130,280,192,266,238,210,223,211,285,204,352,262,216,253,286,228,359
525,201,71,222,117,192,138,178,199,149,252,266,128,280,191,266,239,213,226,214,292,296,217,265,213,249,293,255,234
526,199,73,221,117,191,138,178,199,150,251,267,130,279,192,266,239,210,232,214,296,210,361,265,219,258,293,240,362
527,199,71,221,116,191,139,178,200,149,253,266,130,278,191,266,239,210,227,213,291,208,357,262,219,255,292,234,363
528,200,72,220,116,192,138,178,200,148,255,264,128,279,191,266,238,208,232,212,288,212,356,261,219,256,289,234,361
529,199,71,220,116,191,139,178,201,150,253,265,129,280,191,267,239,207,228,212,290,213,356,260,219,253,290,236,361
530,200,71,220,116,191,140,178,201,149,255,265,129,279,190,267,238,216,213,214,280,207,352,263,207,254,276,250,329
531,200,71,220,117,191,139,178,200,150,254,265,130,280,190,268,238,212,216,210,282,205,344,262,210,251,284,250,339
532,201,72,220,118,190,140,178,200,149,255,264,129,280,191,268,238,209,221,211,284,205,347,263,210,253,285,247,340
533,198,73,220,117,190,140,177,202,149,255,263,129,279,190,268,238,212,219,212,284,206,353,264,209,253,287,248,336
534,198,73,220,117,190,140,177,202,149,255,264,130,280,190,268,238,210,216,210,283,205,345,261,210,249,285,245,339
535,198,73,220,118,190,139,177,201,149,257,264,129,279,190,268,239,208,221,214,284,210,345,261,212,255,282,251,336
536,199,73,219,117,190,141,177,202,149,256,264,130,280,190,268,239,210,221,214,286,209,348,264,210,257,285,252,341
537,199,72,219,117,190,140,177,200,149,256,264,130,280,190,269,238,212,210,214,280,206,345,263,203,256,279,252,331
538,198,73,219,117,190,140,177,201,149,257,264,129,280,190,268,239,211,217,214,285,213,355,263,207,257,283,255,333
539,198,73,220,117,190,140,176,203,149,257,265,129,279,189,268,238,211,215,213,283,208,349,262,207,255,281,251,334
540,198,73,219,117,190,140,177,202,148,258,263,128,280,189,268,239,210,216,211,282,206,345,263,208,251,284,246,336
541,198,74,219,118,190,141,177,202,148,258,263,127,279,189,267,239,213,226,213,287,206,353,261,219,255,290,248,338
542,198,73,219,117,190,140,176,203,148,258,264,129,280,189,268,238,211,209,214,281,209,347,261,201,257,278,253,330
543,198,74,219,117,190,141,177,202,148,258,265,130,279,191,268,239,212,214,213,285,208,353,263,208,255,285,235,359
544,197,74,220,118,190,140,176,203,148,257,263,127,279,188,268,238,212,213,213,285,208,352,262,206,254,286,240,340
545,199,72,220,118,190,141,177,201,148,257,265,129,280,190,268,238,213,221,213,283,210,344,260,217,252,284,249,338
546,200,73,220,118,191,140,177,202,148,257,265,130,280,191,268,238,212,218,212,283,207,345,262,213,254,283,249,340
547,198,73,220,117,192,139,177,202,148,256,265,130,279,191,268,239,211,216,214,286,205,352,263,210,254,286,233,360
548,199,73,220,117,192,139,177,202,148,256,265,130,280,191,268,239,212,221,214,286,207,352,262,215,255,288,235,359
549,199,74,222,118,191,139,176,202,149,256,266,130,279,190,269,239,210,216,214,284,208,350,262,211,254,283,249,335
550,200,73,221,118,191,140,178,201,149,256,266,129,280,190,269,239,214,216,215,283,213,351,264,206,258,281,251,335
551,201,72,222,118,191,140,178,200,148,255,266,129,280,189,270,238,211,217,213,285,208,347,263,208,255,286,253,340
552,201,73,222,117,192,140,177,202,148,255,265,129,280,189,270,239,213,218,214,284,206,346,263,210,252,285,248,337
553,201,73,222,117,192,140,178,201,148,254,266,130,281,190,270,239,213,219,214,285,205,351,264,213,255,287,247,339
554,201,73,222,117,193,140,178,202,148,255,267,130,282,190,271,239,213,216,214,281,207,342,264,209,255,282,252,330
555,202,72,224,117,192,140,178,202,149,254,269,130,281,190,272,239,213,220,216,283,211,344,264,212,255,283,254,334
556,203,71,223,116,193,140,179,202,149,253,266,128,282,190,271,239,214,218,215,284,207,346,265,210,256,285,250,337
557,204,72,225,117,194,139,179,201,151,252,269,129,282,191,272,240,216,219,216,284,205,347,265,211,257,286,248,337
558,204,71,224,116,195,139,180,201,152,251,268,128,283,191,271,240,216,221,216,287,209,350,265,217,258,289,250,339
559,206,72,226,117,195,139,181,202,154,251,270,129,283,191,273,241,215,217,218,286,210,347,266,210,259,285,254,340
560,207,71,226,116,196,139,183,201,155,251,272,130,283,192,273,241,215,222,218,285,213,354,267,214,258,285,255,334
561,208,72,227,116,197,139,185,198,158,250,273,130,283,193,273,241,214,223,215,288,207,349,266,217,255,290,249,339
562,209,71,229,116,198,138,187,198,162,249,275,131,285,193,273,242,215,224,217,288,211,347,266,221,257,291,251,341
563,209,70,229,115,198,138,188,196,166,249,274,130,285,193,274,242,218,220,217,285,208,347,268,215,257,288,250,339
564,211,71,230,116,201,137,190,196,171,247,275,130,286,193,274,243,216,217,217,288,207,349,268,212,258,289,249,341
565,212,70,231,115,202,136,193,196,174,247,275,130,287,194,275,243,217,218,217,287,215,353,269,212,259,288,258,345
566,215,69,232,115,201,139,195,196,178,247,278,131,288,194,275,243,218,230,217,293,211,359,268,228,258,296,262,361
567,240,66,249,114,216,132,212,191,204,241,290,135,285,206,266,257,232,225,228,285,214,298,281,231,270,282,267,279
568,239,67,249,114,215,132,212,192,205,242,289,135,287,206,268,257,231,228,223,285,212,353,282,233,265,287,268,276
569,240,66,250,114,216,132,212,192,205,241,290,135,288,205,269,256,231,231,223,288,211,354,283,232,265,287,270,275
570,240,66,250,114,216,132,213,193,205,242,290,135,290,204,271,256,230,226,223,285,212,353,282,233,264,288,271,274
571,239,67,249,114,216,133,213,192,205,243,291,135,291,204,272,254,229,222,224,284,221,351,277,224,268,282,270,277
572,241,67,250,114,217,132,212,193,205,242,291,134,293,202,275,252,227,225,225,286,224,291,277,224,270,284,265,259
573,240,67,250,114,217,132,211,192,205,242,292,135,294,202,277,251,229,213,230,273,238,246,276,214,271,272,263,247
574,241,67,250,114,217,133,212,192,205,243,291,134,294,202,278,252,228,218,230,276,232,240,277,217,275,273,262,248
575,241,66,250,114,217,132,212,193,205,243,291,133,296,200,279,252,227,212,227,270,227,236,276,211,276,275,266,245
576,241,67,250,114,217,132,212,192,206,243,292,133,296,200,280,250,228,214,226,279,288,208,278,210,274,278,274,271
577,241,67,250,114,217,133,212,194,205,244,292,134,296,199,281,250,227,224,221,277,290,213,277,220,290,214,267,246
578,242,66,251,114,218,132,212,191,205,244,293,135,297,199,282,250,228,224,221,275,227,236,278,221,291,216,268,246
579,243,66,252,114,217,133,213,193,205,243,293,134,296,199,283,250,229,220,226,273,231,240,278,220,286,212,270,247
580,242,67,252,114,218,133,212,194,205,244,293,135,297,200,283,250,228,224,227,281,217,226,277,222,270,282,278,242
581,243,66,252,114,218,132,212,194,205,245,293,133,298,200,284,250,228,217,223,273,230,239,278,215,268,282,268,243
582,243,66,252,114,218,132,212,193,205,244,293,134,298,200,284,250,227,214,220,208,218,225,279,212,285,208,275,241
583,244,66,252,114,218,133,212,195,206,245,294,134,298,199,284,251,226,221,221,276,219,260,278,220,290,213,274,241
584,243,67,253,114,218,132,213,193,206,245,294,134,299,199,284,251,229,222,222,277,229,233,278,219,286,210,269,247
585,245,66,253,114,218,133,213,195,205,245,294,134,298,200,284,251,226,218,224,280,219,210,279,215,287,210,275,240
586,245,66,253,114,218,133,214,193,207,244,295,134,298,200,285,251,227,221,220,277,218,227,278,217,285,210,275,242
587,246,67,254,115,219,132,213,194,207,245,295,135,298,199,285,251,226,218,223,281,218,211,279,217,290,211,275,243
588,246,67,254,115,219,132,215,194,207,244,295,135,298,201,286,251,230,237,231,285,214,236,278,232,231,286,283,250
589,246,67,254,115,218,134,214,193,207,243,295,135,298,200,286,251,227,243,231,294,235,298,272,245,264,297,284,250
590,247,67,254,115,218,133,215,193,207,244,295,135,298,200,286,251,230,225,228,279,215,237,279,224,289,213,277,247
591,246,67,254,115,220,133,214,194,207,246,295,134,299,199,285,251,230,220,221,277,293,214,281,219,292,214,284,251
592,246,67,254,115,219,133,215,193,208,245,296,135,299,199,285,251,229,224,208,254,215,237,282,220,297,203,283,249
593,247,67,255,114,220,133,215,191,207,241,296,135,299,199,285,251,229,213,223,274,220,225,280,212,290,207,276,241
594,247,67,255,114,220,134,214,193,206,243,296,135,299,200,286,251,228,218,227,280,219,225,281,214,290,208,276,241
595,247,67,255,114,220,132,215,192,207,243,297,135,299,200,288,251,228,220,226,290,219,300,279,219,266,292,281,268
596,249,66,255,114,220,133,215,192,207,242,297,135,299,200,288,250,230,218,229,276,230,240,281,216,290,210,274,244
597,248,66,255,114,220,132,214,192,206,244,296,134,300,200,288,251,230,210,228,278,221,312,279,209,268,279,275,266
598,247,67,254,115,220,133,214,192,205,243,295,134,300,199,289,251,233,210,232,268,227,305,281,206,277,268,275,263
599,247,67,255,115,219,133,213,192,205,242,296,135,300,199,290,250,230,219,230,286,224,355,280,218,271,284,275,255
600,248,66,254,114,218,132,213,193,205,244,295,134,300,197,290,249,229,224,223,288,207,354,278,224,267,287,273,253
601,246,65,253,114,218,133,211,192,204,244,293,133,299,197,291,249,227,217,225,283,215,352,278,220,265,283,275,254
602,245,65,252,114,218,132,211,192,203,244,293,133,299,196,291,248,226,213,225,274,210,346,277,216,264,278,268,261
603,245,65,251,114,216,132,209,192,201,243,291,133,299,194,292,246,225,224,221,284,209,351,275,228,261,287,251,306
604,245,63,250,113,215,132,208,191,200,242,290,132,299,195,293,246,226,214,221,272,201,336,276,217,260,277,279,247
605,243,63,249,113,213,133,207,193,199,242,289,132,298,194,292,245,222,222,218,282,199,348,274,224,261,285,252,309
606,241,64,247,113,212,131,204,192,197,241,288,132,298,195,292,244,224,217,217,286,201,347,273,220,260,286,247,311
607,240,63,245,112,209,133,201,192,196,244,285,132,295,190,293,244,220,215,216,282,199,343,270,220,259,283,247,307
608,238,63,243,112,208,131,200,192,194,242,284,132,295,194,292,244,218,213,214,284,209,309,268,219,257,283,246,311
609,236,63,241,111,206,132,199,193,193,244,281,132,291,191,292,244,221,224,215,277,230,276,271,217,254,282,283,242
610,234,63,238,112,203,132,197,194,192,245,278,131,288,194,291,244,216,223,209,298,193,351,264,225,250,297,242,316
611,231,63,236,112,201,132,195,193,191,245,276,132,285,193,290,245,215,221,204,276,275,227,265,221,252,282,285,240
612,231,62,234,111,199,132,193,194,190,245,272,131,282,189,288,244,213,222,207,285,205,349,262,221,253,281,287,243
613,228,63,231,111,196,132,191,194,189,245,269,132,281,193,286,245,216,225,209,279,196,238,264,220,252,280,285,244
614,226,62,228,111,193,133,189,196,188,246,266,131,277,192,283,246,210,222,208,291,201,350,258,220,250,288,220,353
615,222,61,226,111,191,132,187,193,187,243,265,133,274,192,280,243,210,216,208,282,205,346,256,212,251,276,265,345
616,219,61,222,111,188,132,184,194,186,244,261,132,271,193,277,241,204,223,204,293,202,353,252,222,246,293,216,355
617,217,61,220,110,186,132,184,195,185,244,258,131,267,191,272,243,203,232,203,303,181,358,249,229,240,306,235,322
