1,1,0.999769,245,52,401,375,
2,1,0.999730,244,51,401,375,
3,1,0.999445,243,52,403,374,
4,1,0.999441,244,52,403,374,
5,1,0.999737,245,54,403,374,
6,1,0.999759,245,52,401,376,
7,1,0.999453,242,53,403,374,
8,1,0.999761,244,53,401,376,
9,1,0.999494,243,54,403,374,
10,1,0.999552,244,54,403,382,
11,1,0.999732,245,52,401,374,
12,1,0.999477,243,52,403,374,
13,1,0.999777,244,52,401,375,
14,1,0.999750,244,53,403,373,
15,1,0.999739,244,51,402,374,
16,1,0.999731,245,53,403,374,
17,1,0.999742,245,53,402,375,
18,1,0.999721,244,51,401,375,
19,1,0.999717,244,52,401,375,
20,1,0.999739,244,51,402,375,
21,1,0.999754,244,54,402,374,
22,1,0.999754,245,51,401,374,
23,1,0.999491,244,53,403,375,
24,1,0.999775,244,51,402,375,
25,1,0.999779,245,52,400,374,
26,1,0.999760,245,52,400,375,
27,1,0.999779,245,51,401,375,
28,1,0.999781,245,51,400,374,
29,1,0.999485,243,52,403,376,
30,1,0.999730,245,54,402,375,
31,1,0.999751,244,54,402,373,
32,1,0.999811,244,55,401,372,
33,1,0.999817,244,52,400,376,
34,1,0.999789,244,50,400,375,
35,1,0.999794,244,51,400,375,
36,1,0.999751,241,51,400,375,
37,1,0.999727,242,50,401,376,
38,1,0.999699,243,51,400,376,
39,1,0.999711,243,53,402,375,
40,1,0.999682,243,53,401,374,
41,1,0.999680,241,52,401,376,
42,1,0.999660,242,52,401,376,
43,1,0.999670,242,52,401,374,
44,1,0.999658,242,53,401,374,
45,1,0.999691,242,54,402,374,
46,1,0.999739,241,53,402,375,
47,1,0.999720,240,51,401,377,
48,1,0.999738,239,50,401,375,
49,1,0.999656,238,53,402,375,
50,1,0.999746,238,52,402,374,
51,1,0.999711,236,52,403,375,
52,1,0.999699,235,53,404,374,
53,1,0.999707,235,55,403,377,
54,1,0.999766,235,57,401,375,
55,1,0.999663,232,57,401,376,
56,1,0.999658,231,56,402,375,
57,1,0.999666,230,57,402,375,
58,1,0.999701,227,57,402,377,
59,1,0.999706,227,59,402,376,
60,1,0.999706,223,61,399,377,
61,1,0.999707,224,60,398,377,
62,1,0.999703,223,60,397,376,
63,1,0.999774,223,60,393,374,
64,1,0.999781,223,61,394,377,
65,1,0.999808,223,62,390,376,
66,1,0.999755,221,62,390,375,
67,1,0.999767,222,62,391,375,
68,1,0.999756,221,59,392,375,
69,1,0.999711,220,61,390,374,
70,1,0.999756,221,60,391,372,
71,1,0.999818,220,61,391,375,
72,1,0.999772,221,59,391,371,
73,1,0.999786,222,58,390,372,
74,1,0.999816,221,57,391,373,
75,1,0.999770,220,56,392,373,
76,1,0.999833,221,58,392,374,
77,1,0.999809,220,57,392,375,
78,1,0.999785,220,57,391,375,
79,1,0.999856,221,59,392,376,
80,1,0.999786,221,57,392,376,
81,1,0.999832,222,57,393,377,
82,1,0.999835,220,57,393,378,
83,1,0.999755,220,56,392,380,
84,1,0.999789,219,55,393,377,
85,1,0.999758,219,54,391,377,
86,1,0.999764,220,52,389,375,
87,1,0.999692,219,52,390,376,
88,1,0.999741,221,52,387,376,
89,1,0.999609,220,52,387,377,
90,1,0.999718,222,51,385,374,
91,1,0.999520,221,50,387,373,
92,1,0.999424,219,50,385,370,
93,1,0.999411,220,51,386,368,
94,1,0.999356,220,50,386,372,
95,1,0.999335,219,52,386,373,
96,1,0.999418,219,52,387,370,
97,1,0.999563,220,51,387,370,
98,1,0.999642,220,52,387,372,
99,1,0.999577,223,50,388,368,
100,1,0.999667,222,52,387,370,
101,1,0.999698,224,51,386,372,
102,1,0.999632,225,51,386,370,
103,1,0.999710,225,51,389,373,
104,1,0.999684,226,53,391,374,
105,1,0.999666,226,53,395,377,
106,1,0.999540,231,49,397,379,
107,1,0.999590,232,50,396,370,
108,1,0.999613,233,50,399,373,
109,1,0.999455,234,50,399,381,
110,1,0.999497,238,52,402,378,
111,1,0.999369,241,53,404,377,
112,1,0.999385,243,51,407,376,
113,1,0.999481,244,50,410,381,
114,1,0.999446,245,51,415,369,
115,1,0.999188,249,51,417,377,
116,1,0.999053,252,51,419,378,
117,1,0.999342,255,51,423,380,
118,1,0.999388,254,49,427,377,
119,1,0.999449,254,51,430,377,
120,1,0.999472,257,51,434,375,
121,1,0.999328,259,52,434,376,
122,1,0.999386,261,50,440,378,
123,1,0.999411,263,52,441,379,
124,1,0.999230,264,52,445,381,
125,1,0.999280,265,52,446,380,
126,1,0.999211,267,51,447,378,
127,1,0.999251,268,53,452,376,
128,1,0.999452,269,54,456,374,
129,1,0.999282,270,53,458,379,
130,1,0.999586,271,50,458,374,
131,1,0.999278,273,52,460,377,
132,1,0.999494,275,55,462,374,
133,1,0.999500,277,55,462,376,
134,1,0.999508,276,57,465,378,
135,1,0.999523,278,55,464,378,
136,1,0.999498,278,55,465,376,
137,1,0.999501,279,56,464,374,
138,1,0.999430,279,56,464,377,
139,1,0.999354,281,56,468,383,
140,1,0.999429,282,55,468,384,
141,1,0.998672,283,57,469,378,
142,1,0.999255,281,56,467,375,
143,1,0.999593,282,56,465,375,
144,1,0.999621,282,57,466,377,
145,1,0.998986,285,57,468,377,
146,1,0.999230,284,56,466,377,
147,1,0.999400,286,58,468,373,
148,1,0.999636,284,57,468,374,
149,1,0.999593,285,57,468,374,
150,1,0.999306,287,58,471,379,
151,1,0.999669,285,58,471,376,
152,1,0.999691,285,58,469,375,
153,1,0.999701,286,59,469,375,
154,1,0.999680,286,59,471,380,
155,1,0.999573,288,58,469,376,
156,1,0.999557,288,58,470,378,
157,1,0.999607,288,60,471,381,
158,1,0.999239,285,56,468,383,
159,1,0.999603,286,59,471,381,
160,1,0.999431,286,58,468,379,
161,1,0.999412,286,60,468,380,
162,1,0.999692,286,61,470,384,
163,1,0.999656,288,62,469,379,
164,1,0.999732,287,63,469,380,
165,1,0.999663,286,63,468,382,
166,1,0.999674,286,64,468,379,
167,1,0.999740,287,65,468,380,
168,1,0.999701,288,64,468,375,
169,1,0.999726,287,64,465,375,
170,1,0.999715,287,65,466,376,
171,1,0.999500,286,61,467,380,
172,1,0.999732,285,63,466,384,
173,1,0.999767,285,63,465,384,
174,1,0.999763,285,61,466,384,
175,1,0.999297,286,67,466,382,
176,1,0.999730,285,63,470,384,
177,1,0.999680,285,62,470,381,
178,1,0.999731,285,64,467,383,
179,1,0.999735,285,64,468,383,
180,1,0.999775,285,64,467,381,
181,1,0.999742,285,64,467,383,
182,1,0.999774,286,65,466,380,
183,1,0.999765,285,62,467,385,
184,1,0.999733,284,63,466,383,
185,1,0.999748,285,63,466,380,
186,1,0.999711,285,64,467,382,
187,1,0.999721,284,64,467,380,
188,1,0.999708,284,64,468,378,
189,1,0.999692,285,62,466,378,
190,1,0.999700,285,62,468,380,
191,1,0.999686,284,61,468,374,
192,1,0.999617,284,62,471,375,
193,1,0.999600,284,60,474,378,
194,1,0.999565,283,59,473,372,
195,1,0.999647,283,58,471,372,
196,1,0.999580,281,59,471,377,
197,1,0.999570,282,60,471,385,
198,1,0.999339,281,60,471,385,
199,1,0.999465,278,55,472,378,
200,1,0.999516,266,51,462,382,
201,1,0.999715,264,48,459,381,
202,1,0.999477,261,51,449,376,
203,1,0.999575,261,52,441,373,
204,1,0.999737,261,51,434,372,
205,1,0.999750,259,51,430,376,
206,1,0.999597,260,52,430,373,
207,1,0.999691,258,48,428,375,
208,1,0.999582,259,49,425,375,
209,1,0.999663,258,49,420,373,
210,1,0.999758,257,51,415,373,
211,1,0.999809,257,49,415,376,
212,1,0.999799,255,49,413,375,
213,1,0.999761,254,49,413,378,
214,1,0.999586,253,52,414,376,
215,1,0.999790,254,49,413,378,
216,1,0.999708,252,52,412,377,
217,1,0.999769,250,50,413,377,
218,1,0.999774,249,50,412,377,
219,1,0.999806,251,50,411,377,
220,1,0.999792,248,50,412,377,
221,1,0.999815,249,49,409,376,
222,1,0.999818,248,50,408,377,
223,1,0.999788,249,51,407,376,
224,1,0.999644,249,51,407,376,
225,1,0.999758,249,52,406,377,
226,1,0.999809,249,50,405,376,
227,1,0.999775,249,51,405,377,
228,1,0.999783,249,51,405,378,
229,1,0.999793,249,50,404,377,
230,1,0.999820,249,50,402,376,
