1,1,278,218,361,269,1.0000,0.0000,-0.0000,1.0000,9.9993,10.0003,
2,1,278,218,361,269,0.9995,0.0020,-0.0041,1.0168,10.1225,9.7985,
3,1,278,218,361,269,0.9967,-0.0047,0.0054,1.0089,10.3676,9.6082,
4,1,278,218,361,269,1.0005,-0.0006,0.0008,1.0035,10.0467,9.9353,
5,1,278,218,361,269,1.0050,-0.0019,-0.0006,1.0044,9.8991,9.8866,
6,1,278,218,361,269,0.9986,-0.0061,-0.0008,1.0027,10.2264,10.0391,
7,1,278,218,361,269,1.0070,-0.0022,0.0001,0.9904,9.7122,10.0352,
8,1,278,218,361,269,1.0003,0.0065,-0.0026,1.0022,9.8449,10.0598,
9,1,278,218,361,269,1.0016,-0.0022,0.0008,0.9991,9.9537,9.9063,
10,1,278,218,361,269,1.0028,0.0057,-0.0043,1.0014,9.7724,10.1037,
11,1,278,218,361,269,0.9990,-0.0046,0.0014,1.0071,10.1516,9.9109,
12,1,278,218,361,269,1.0034,0.0027,-0.0028,0.9924,9.8598,10.3338,
13,1,278,218,361,269,0.9973,-0.0054,-0.0031,1.0124,10.2657,9.8772,
14,1,278,218,361,269,0.9988,-0.0081,-0.0020,1.0088,10.3902,9.8664,
15,1,278,218,361,269,1.0001,-0.0096,0.0039,1.0041,10.4088,9.9151,
16,1,278,218,361,269,1.0017,-0.0032,0.0023,0.9967,10.1247,9.9690,
17,1,278,218,361,269,0.9994,-0.0078,0.0092,1.0094,10.1271,9.4953,
18,1,278,218,361,269,0.9974,-0.0079,-0.0008,1.0068,10.3229,9.8757,
19,1,278,218,361,269,0.9942,-0.0108,0.0004,0.9939,10.5127,10.3270,
20,1,278,218,361,269,0.9996,-0.0064,-0.0027,1.0055,10.0608,10.0357,
21,1,278,218,361,269,0.9907,-0.0103,0.0067,0.9979,10.3367,9.9993,
22,1,278,218,361,269,0.9976,-0.0025,0.0010,1.0008,10.0091,10.1846,
23,1,278,218,361,269,0.9999,0.0073,-0.0049,1.0043,9.5163,10.1501,
24,1,278,218,361,269,0.9987,-0.0102,0.0046,0.9948,10.0803,10.1175,
25,1,278,218,361,269,1.0066,0.0159,-0.0018,1.0000,8.8700,10.0835,
26,1,278,218,361,269,1.0017,-0.0015,0.0027,0.9937,9.5739,9.9987,
27,1,278,218,361,269,1.0007,-0.0040,-0.0013,1.0040,9.6270,9.9961,
28,1,278,218,361,269,1.0015,0.0010,-0.0029,1.0026,9.3069,10.1084,
29,1,278,218,361,269,0.9957,0.0156,0.0001,1.0091,9.0164,9.6520,
30,1,278,218,361,269,0.9996,-0.0115,0.0057,0.9898,9.8011,10.1033,
31,1,278,218,361,269,0.9971,0.0097,-0.0096,1.0077,9.1845,10.1972,
32,1,278,218,361,269,1.0067,0.0086,0.0024,1.0051,8.7850,9.7239,
33,1,278,218,361,269,1.0018,-0.0039,-0.0039,1.0104,9.2584,9.7562,
34,1,278,218,361,269,1.0104,0.0293,-0.0023,1.0145,8.1220,9.7241,
35,1,278,218,361,269,0.9999,0.0151,-0.0105,0.9821,8.8661,10.8950,
36,1,278,218,360,271,0.9986,0.0172,0.0097,1.0282,8.5714,9.1599,
37,1,278,218,360,271,0.9965,-0.0088,0.0023,0.9942,9.3115,10.0621,
38,1,278,218,360,271,0.9959,0.0162,-0.0015,1.0069,8.9092,9.9148,
39,1,278,218,360,271,0.9931,-0.0080,-0.0056,0.9884,9.6688,10.4235,
40,1,278,218,360,271,0.9957,0.0121,-0.0024,0.9895,8.9925,10.3236,
41,1,278,218,360,271,1.0045,0.0113,-0.0075,1.0151,8.8692,9.9554,
42,1,278,218,360,271,1.0113,0.0202,-0.0073,0.9853,8.3497,10.6175,
43,1,278,218,360,271,1.0060,0.0119,-0.0039,1.0007,8.8544,10.2082,
44,1,278,218,360,271,1.0011,0.0117,-0.0078,1.0097,9.3277,10.4323,
45,1,278,218,360,271,0.9996,0.0226,-0.0055,1.0130,9.1372,10.2205,
46,1,278,218,360,271,0.9955,0.0112,-0.0027,1.0064,9.7736,10.2494,
47,1,278,218,360,271,1.0040,0.0077,-0.0102,1.0003,9.6412,10.6546,
48,1,278,218,360,271,1.0008,0.0213,0.0060,0.9956,9.7174,9.9646,
49,1,278,218,360,271,0.9981,0.0071,0.0022,1.0143,10.2185,10.0614,
50,1,278,218,360,271,1.0040,-0.0073,-0.0007,0.9986,10.4230,10.5749,
51,1,259,218,342,276,1.0050,-0.0261,-0.0187,0.9861,11.1621,11.5396,
52,1,260,218,343,278,1.0015,-0.0259,0.0043,1.0263,11.1042,9.7944,
53,1,261,219,345,279,1.0115,-0.0088,-0.0002,1.0042,10.5071,10.3440,
54,1,262,219,348,281,1.0229,-0.0049,0.0087,1.0331,10.3696,9.4136,
55,1,263,221,350,281,1.0072,0.0045,0.0014,0.9729,10.6178,10.9968,
56,1,264,222,352,282,1.0084,-0.0315,0.0003,0.9926,11.6571,10.7182,
57,1,266,223,354,283,1.0034,-0.0252,0.0033,0.9945,11.8875,10.5758,
58,1,268,224,356,284,0.9999,-0.0148,-0.0039,1.0014,11.8517,10.5602,
59,1,270,225,358,285,1.0079,-0.0179,-0.0018,1.0007,11.6676,10.3809,
60,1,272,226,360,286,1.0062,-0.0110,0.0051,0.9962,11.4984,10.3532,
61,1,273,227,363,287,1.0173,0.0230,0.0042,0.9911,10.1804,10.4600,
62,1,275,228,365,288,1.0032,-0.0097,0.0017,1.0016,11.5004,10.4256,
63,1,277,229,367,289,1.0095,-0.0227,0.0020,1.0045,11.7569,10.4423,
64,1,278,230,370,290,1.0185,0.0001,-0.0017,0.9966,10.5794,10.8453,
65,1,279,231,372,291,1.0091,-0.0029,0.0077,1.0010,10.9814,10.5637,
66,1,281,232,374,293,1.0018,-0.0127,0.0051,1.0106,11.6243,10.5236,
67,1,283,234,376,295,1.0084,-0.0159,0.0021,1.0011,11.6352,11.0918,
68,1,285,236,378,297,1.0027,-0.0076,0.0049,0.9965,11.5335,11.3473,
69,1,287,239,380,299,0.9971,0.0087,0.0012,0.9837,11.0813,12.1962,
70,1,288,241,382,301,1.0037,0.0093,0.0012,0.9952,10.6218,11.7440,
71,1,289,242,385,304,1.0170,-0.0249,-0.0149,1.0304,11.1524,11.5354,
72,1,290,245,386,307,0.9956,-0.0294,-0.0122,0.9991,11.7898,12.7098,
73,1,291,247,388,310,1.0097,-0.0107,0.0001,1.0088,10.8341,11.6611,
74,1,290,241,377,301,1.0130,0.0177,-0.0021,1.0030,9.5315,12.1007,
75,1,291,244,378,303,0.9996,-0.0087,0.0033,0.9936,10.6030,12.1083,
76,1,292,246,379,306,1.0000,-0.0354,0.0175,1.0130,11.0928,10.8925,
77,1,292,248,380,308,1.0040,-0.0064,0.0076,0.9911,10.0820,11.5029,
78,1,292,250,381,310,1.0089,-0.0108,0.0039,1.0028,9.6716,11.5172,
79,1,292,252,382,313,1.0039,0.0093,0.0051,1.0181,9.5288,11.1212,
80,1,292,254,382,316,0.9992,0.0095,-0.0003,1.0105,9.3718,11.7750,
81,1,292,257,382,318,1.0073,0.0041,0.0038,0.9982,9.0026,11.8381,
82,1,292,259,383,321,1.0107,0.0118,-0.0066,1.0036,9.1363,12.2171,
83,1,294,260,384,326,0.9884,0.0761,-0.0244,1.0508,8.7229,12.0873,
84,1,293,263,384,328,1.0015,-0.0200,-0.0022,0.9907,9.5826,12.3830,
85,1,292,265,385,332,1.0206,0.0132,-0.0053,1.0265,8.2803,11.7556,
86,1,292,268,385,334,1.0019,0.0000,-0.0011,0.9897,9.1413,12.4822,
87,1,291,270,384,337,1.0012,-0.0565,0.0198,1.0093,10.3822,10.7052,
88,1,284,273,369,339,1.0030,-0.0051,-0.0097,1.0058,9.0552,12.1575,
89,1,284,276,369,342,0.9999,-0.0312,0.0018,0.9925,10.1071,12.5684,
90,1,284,279,369,344,1.0011,0.0205,-0.0021,0.9962,8.8103,12.3093,
91,1,284,281,368,348,0.9966,-0.0134,-0.0171,1.0258,9.5245,12.5874,
92,1,284,284,368,351,0.9974,0.0095,-0.0096,1.0045,9.2525,12.5343,
93,1,287,286,366,356,0.9384,0.1563,-0.0253,1.0448,7.1625,12.1906,
94,1,286,291,366,356,1.0043,-0.0307,-0.0138,0.9408,9.8239,14.7274,
95,1,287,294,366,358,0.9920,-0.0015,0.0170,0.9778,10.0897,11.9787,
96,1,287,296,366,362,1.0017,0.0002,0.0090,1.0250,9.5031,11.4693,
97,1,285,300,366,363,1.0144,-0.0677,0.0002,0.9517,10.2061,13.3091,
98,1,283,302,365,367,1.0115,-0.0919,0.0053,1.0289,10.7681,11.7367,
99,1,283,304,362,372,0.9604,-0.0722,0.0096,1.0355,12.2267,11.4670,
100,1,283,306,362,375,1.0012,-0.0381,0.0112,1.0153,10.3950,11.3213,
101,1,279,308,361,367,0.9999,0.0003,0.0000,1.0000,9.9942,10.0005,
102,1,278,311,362,370,1.0177,0.0042,0.0039,0.9997,8.7736,11.9577,
103,1,278,314,362,373,1.0034,-0.0047,0.0023,0.9988,9.8285,12.0434,
104,1,278,316,362,376,1.0025,-0.0052,-0.0012,1.0107,9.9325,11.7720,
105,1,278,318,362,379,0.9996,-0.0117,0.0083,1.0301,10.1094,10.7508,
106,1,278,320,362,382,1.0010,-0.0089,0.0015,1.0072,10.1005,11.5357,
107,1,279,322,362,385,0.9937,0.0146,-0.0026,1.0129,9.6280,11.4893,
108,1,279,324,363,387,1.0097,0.0013,-0.0011,0.9937,9.1650,11.7943,
109,1,279,326,363,389,0.9997,-0.0357,0.0008,1.0125,10.7295,10.9923,
110,1,279,327,363,392,0.9987,-0.0171,0.0092,1.0217,10.2642,10.4347,
111,1,279,329,363,394,0.9971,-0.0428,0.0064,1.0049,10.8900,10.8663,
112,1,279,331,363,396,0.9992,0.0021,0.0012,1.0048,9.7433,11.0536,
113,1,279,332,364,398,1.0066,0.0031,0.0079,1.0187,9.4741,10.2596,
114,1,280,333,364,400,0.9956,-0.0079,-0.0035,1.0088,10.3814,11.1412,
115,1,280,334,365,403,1.0094,0.0079,0.0149,1.0317,9.2813,9.4594,
116,1,280,335,365,405,1.0005,-0.0063,-0.0011,1.0056,9.9838,10.9495,
117,1,281,336,366,407,1.0007,0.0015,0.0045,1.0055,9.9996,10.5055,
118,1,281,337,367,409,1.0061,0.0065,-0.0017,1.0102,9.4051,10.5817,
119,1,282,338,367,411,0.9918,-0.0091,0.0062,1.0081,10.7404,10.2997,
120,1,282,338,367,411,1.0076,0.0071,0.0002,1.0060,9.3278,10.5179,
121,1,282,338,367,411,1.0031,-0.0019,-0.0058,0.9987,9.9626,10.9626,
122,1,282,338,367,411,1.0113,0.0146,-0.0047,0.9980,9.1478,10.8729,
123,1,282,338,367,411,1.0016,0.0004,-0.0006,1.0006,9.9991,10.4847,
124,1,282,338,367,411,1.0041,0.0159,0.0025,1.0096,9.1979,10.0196,
125,1,282,338,367,411,0.9977,-0.0011,-0.0062,0.9993,10.1480,10.7460,
126,1,282,338,367,411,1.0054,0.0112,0.0006,0.9941,9.4139,10.5714,
127,1,282,338,367,411,0.9976,0.0010,-0.0010,1.0063,10.1112,10.1992,
128,1,282,338,367,411,1.0009,-0.0042,0.0099,1.0079,9.9988,9.6655,
129,1,282,338,367,413,0.9980,-0.0073,0.0034,1.0154,10.2545,9.7170,
130,1,282,338,367,413,1.0052,0.0027,-0.0082,0.9853,9.6777,11.1905,
131,1,282,338,367,413,1.0008,0.0082,-0.0007,0.9997,9.6141,10.2631,
132,1,282,338,367,413,1.0025,0.0043,-0.0018,0.9958,9.7538,10.5279,
133,1,282,338,367,413,0.9967,-0.0034,0.0024,1.0001,10.1773,10.2127,
134,1,282,338,367,413,1.0043,0.0019,0.0005,1.0087,9.7298,9.9154,
135,1,282,338,367,413,0.9981,-0.0088,-0.0036,1.0046,10.3786,10.0972,
136,1,282,338,367,413,1.0044,-0.0114,-0.0004,1.0096,10.1395,9.7214,
137,1,282,338,367,413,1.0000,0.0028,0.0048,0.9961,9.8913,9.9938,
138,1,282,338,367,413,1.0020,-0.0031,-0.0014,1.0151,9.9738,9.7449,
139,1,282,338,367,413,0.9995,0.0065,-0.0077,1.0123,9.8500,10.0865,
140,1,282,338,367,413,1.0030,-0.0006,0.0001,1.0084,9.9272,10.0566,
141,1,282,338,367,413,1.0001,0.0001,-0.0036,0.9987,9.9477,10.3106,
142,1,282,338,367,413,0.9928,-0.0189,0.0040,1.0002,10.7913,9.8627,
143,1,282,338,367,413,1.0042,0.0204,-0.0035,0.9993,9.1149,10.1141,
144,1,282,338,367,413,1.0000,-0.0000,0.0041,1.0012,9.9831,9.7907,
145,1,282,338,367,413,0.9995,-0.0047,-0.0010,1.0022,10.2246,9.9626,
146,1,282,338,367,413,1.0025,-0.0011,-0.0027,1.0009,9.9252,10.0454,
147,1,282,338,367,413,0.9954,-0.0016,-0.0019,0.9987,10.2216,10.0943,
148,1,282,338,367,413,1.0024,-0.0017,-0.0002,1.0047,10.1294,9.8467,
149,1,282,338,367,413,0.9935,-0.0134,0.0032,1.0028,10.8867,9.7998,
150,1,282,338,367,413,1.0003,0.0140,-0.0013,0.9982,9.5612,10.0973,
151,1,269,337,366,401,0.0000,0.0000,0.0000,0.0000,0.0000,0.0000,
152,1,269,337,366,401,0.0000,0.0000,0.0000,0.0000,0.0000,0.0000,
153,1,269,337,366,401,0.0000,0.0000,0.0000,0.0000,0.0000,0.0000,
154,1,269,337,366,401,0.0000,0.0000,0.0000,0.0000,0.0000,0.0000,
155,1,269,337,366,401,0.0000,0.0000,0.0000,0.0000,0.0000,0.0000,
156,1,269,337,366,401,0.0000,0.0000,0.0000,0.0000,0.0000,0.0000,
157,1,269,337,366,401,0.0000,0.0000,0.0000,0.0000,0.0000,0.0000,
158,1,269,337,366,401,0.0000,0.0000,0.0000,0.0000,0.0000,0.0000,
159,1,269,337,366,401,0.0000,0.0000,0.0000,0.0000,0.0000,0.0000,
160,1,269,337,366,401,0.0000,0.0000,0.0000,0.0000,0.0000,0.0000,
161,1,269,337,366,401,0.0000,0.0000,0.0000,0.0000,0.0000,0.0000,
162,1,269,337,366,401,0.0000,0.0000,0.0000,0.0000,0.0000,0.0000,
163,1,269,337,366,401,0.0000,0.0000,0.0000,0.0000,0.0000,0.0000,
164,1,269,337,366,401,0.0000,0.0000,0.0000,0.0000,0.0000,0.0000,
165,1,269,337,366,401,0.0000,0.0000,0.0000,0.0000,0.0000,0.0000,
166,1,269,337,366,401,0.0000,0.0000,0.0000,0.0000,0.0000,0.0000,
167,1,269,337,366,401,0.0000,0.0000,0.0000,0.0000,0.0000,0.0000,
168,1,269,337,366,401,0.0000,0.0000,0.0000,0.0000,0.0000,0.0000,
169,1,269,337,366,401,0.0000,0.0000,0.0000,0.0000,0.0000,0.0000,
170,1,269,337,366,401,0.0000,0.0000,0.0000,0.0000,0.0000,0.0000,
171,1,269,337,366,401,0.0000,0.0000,0.0000,0.0000,0.0000,0.0000,
172,1,269,337,366,401,0.0000,0.0000,0.0000,0.0000,0.0000,0.0000,
173,1,269,337,366,401,0.0000,0.0000,0.0000,0.0000,0.0000,0.0000,
174,1,269,337,366,401,0.0000,0.0000,0.0000,0.0000,0.0000,0.0000,
175,1,269,337,366,401,0.0000,0.0000,0.0000,0.0000,0.0000,0.0000,
176,1,269,337,366,401,0.0000,0.0000,0.0000,0.0000,0.0000,0.0000,
177,1,269,337,366,401,0.0000,0.0000,0.0000,0.0000,0.0000,0.0000,
178,1,269,337,366,401,0.0000,0.0000,0.0000,0.0000,0.0000,0.0000,
179,1,269,337,366,401,0.0000,0.0000,0.0000,0.0000,0.0000,0.0000,
180,1,269,337,366,401,0.0000,0.0000,0.0000,0.0000,0.0000,0.0000,
181,1,269,337,366,401,0.0000,0.0000,0.0000,0.0000,0.0000,0.0000,
182,1,269,337,366,401,0.0000,0.0000,0.0000,0.0000,0.0000,0.0000,
183,1,269,337,366,401,0.0000,0.0000,0.0000,0.0000,0.0000,0.0000,
184,1,269,337,366,401,0.0000,0.0000,0.0000,0.0000,0.0000,0.0000,
185,1,269,337,366,401,0.0000,0.0000,0.0000,0.0000,0.0000,0.0000,
186,1,269,337,366,401,0.0000,0.0000,0.0000,0.0000,0.0000,0.0000,
187,1,269,337,366,401,0.0000,0.0000,0.0000,0.0000,0.0000,0.0000,
188,1,269,337,366,401,0.0000,0.0000,0.0000,0.0000,0.0000,0.0000,
189,1,269,337,366,401,0.0000,0.0000,0.0000,0.0000,0.0000,0.0000,
190,1,269,337,366,401,0.0000,0.0000,0.0000,0.0000,0.0000,0.0000,
191,1,269,337,366,401,0.0000,0.0000,0.0000,0.0000,0.0000,0.0000,
192,1,269,337,366,401,0.0000,0.0000,0.0000,0.0000,0.0000,0.0000,
193,1,269,337,366,401,0.0000,0.0000,0.0000,0.0000,0.0000,0.0000,
194,1,269,337,366,401,0.0000,0.0000,0.0000,0.0000,0.0000,0.0000,
195,1,269,337,366,401,0.0000,0.0000,0.0000,0.0000,0.0000,0.0000,
196,1,269,337,366,401,0.0000,0.0000,0.0000,0.0000,0.0000,0.0000,
197,1,269,337,366,401,0.0000,0.0000,0.0000,0.0000,0.0000,0.0000,
198,1,269,337,366,401,0.0000,0.0000,0.0000,0.0000,0.0000,0.0000,
199,1,269,337,366,401,0.0000,0.0000,0.0000,0.0000,0.0000,0.0000,
200,1,269,337,366,401,0.0000,0.0000,0.0000,0.0000,0.0000,0.0000,
201,1,269,337,366,401,0.0000,0.0000,0.0000,0.0000,0.0000,0.0000,
202,1,269,337,366,401,0.0000,0.0000,0.0000,0.0000,0.0000,0.0000,
203,1,269,337,366,401,0.0000,0.0000,0.0000,0.0000,0.0000,0.0000,
204,1,269,337,366,401,0.0000,0.0000,0.0000,0.0000,0.0000,0.0000,
205,1,269,337,366,401,0.0000,0.0000,0.0000,0.0000,0.0000,0.0000,
206,1,269,337,366,401,0.0000,0.0000,0.0000,0.0000,0.0000,0.0000,
207,1,269,337,366,401,0.0000,0.0000,0.0000,0.0000,0.0000,0.0000,
208,1,269,337,366,401,0.0000,0.0000,0.0000,0.0000,0.0000,0.0000,
209,1,269,337,366,401,0.0000,0.0000,0.0000,0.0000,0.0000,0.0000,
210,1,269,337,366,401,0.0000,0.0000,0.0000,0.0000,0.0000,0.0000,
211,1,269,337,366,401,0.0000,0.0000,0.0000,0.0000,0.0000,0.0000,
212,1,269,337,366,401,0.0000,0.0000,0.0000,0.0000,0.0000,0.0000,
213,1,269,337,366,401,0.0000,0.0000,0.0000,0.0000,0.0000,0.0000,
214,1,269,337,366,401,0.0000,0.0000,0.0000,0.0000,0.0000,0.0000,
215,1,269,337,366,401,0.0000,0.0000,0.0000,0.0000,0.0000,0.0000,
216,1,269,337,366,401,0.0000,0.0000,0.0000,0.0000,0.0000,0.0000,
217,1,269,337,366,401,0.0000,0.0000,0.0000,0.0000,0.0000,0.0000,
218,1,269,337,366,401,0.0000,0.0000,0.0000,0.0000,0.0000,0.0000,
219,1,269,337,366,401,0.0000,0.0000,0.0000,0.0000,0.0000,0.0000,
220,1,269,337,366,401,0.0000,0.0000,0.0000,0.0000,0.0000,0.0000,
221,1,269,337,366,401,0.0000,0.0000,0.0000,0.0000,0.0000,0.0000,
222,1,269,337,366,401,0.0000,0.0000,0.0000,0.0000,0.0000,0.0000,
223,1,269,337,366,401,0.0000,0.0000,0.0000,0.0000,0.0000,0.0000,
224,1,269,337,366,401,0.0000,0.0000,0.0000,0.0000,0.0000,0.0000,
225,1,269,337,366,401,0.0000,0.0000,0.0000,0.0000,0.0000,0.0000,
226,1,269,337,366,401,0.0000,0.0000,0.0000,0.0000,0.0000,0.0000,
227,1,269,337,366,401,0.0000,0.0000,0.0000,0.0000,0.0000,0.0000,
228,1,269,337,366,401,0.0000,0.0000,0.0000,0.0000,0.0000,0.0000,
229,1,269,337,366,401,0.0000,0.0000,0.0000,0.0000,0.0000,0.0000,
230,1,269,337,366,401,0.0000,0.0000,0.0000,0.0000,0.0000,0.0000,
231,1,269,337,366,401,0.0000,0.0000,0.0000,0.0000,0.0000,0.0000,
232,1,269,337,366,401,0.0000,0.0000,0.0000,0.0000,0.0000,0.0000,
233,1,269,337,366,401,0.0000,0.0000,0.0000,0.0000,0.0000,0.0000,
234,1,269,337,366,401,0.0000,0.0000,0.0000,0.0000,0.0000,0.0000,
235,1,269,337,366,401,0.0000,0.0000,0.0000,0.0000,0.0000,0.0000,
236,1,269,337,366,401,0.0000,0.0000,0.0000,0.0000,0.0000,0.0000,
237,1,269,337,366,401,0.0000,0.0000,0.0000,0.0000,0.0000,0.0000,
238,1,269,337,366,401,0.0000,0.0000,0.0000,0.0000,0.0000,0.0000,
239,1,269,337,366,401,0.0000,0.0000,0.0000,0.0000,0.0000,0.0000,
240,1,269,337,366,401,0.0000,0.0000,0.0000,0.0000,0.0000,0.0000,
241,1,269,337,366,401,0.0000,0.0000,0.0000,0.0000,0.0000,0.0000,
242,1,269,337,366,401,0.0000,0.0000,0.0000,0.0000,0.0000,0.0000,
243,1,269,337,366,401,0.0000,0.0000,0.0000,0.0000,0.0000,0.0000,
244,1,269,337,366,401,0.0000,0.0000,0.0000,0.0000,0.0000,0.0000,
245,1,269,337,366,401,0.0000,0.0000,0.0000,0.0000,0.0000,0.0000,
246,1,269,337,366,401,0.0000,0.0000,0.0000,0.0000,0.0000,0.0000,
247,1,269,337,366,401,0.0000,0.0000,0.0000,0.0000,0.0000,0.0000,
248,1,269,337,366,401,0.0000,0.0000,0.0000,0.0000,0.0000,0.0000,
249,1,269,337,366,401,0.0000,0.0000,0.0000,0.0000,0.0000,0.0000,
250,1,269,337,366,401,0.0000,0.0000,0.0000,0.0000,0.0000,0.0000,
251,1,269,337,366,401,0.0000,0.0000,0.0000,0.0000,0.0000,0.0000,
252,1,269,337,366,401,0.0000,0.0000,0.0000,0.0000,0.0000,0.0000,
253,1,269,337,366,401,0.0000,0.0000,0.0000,0.0000,0.0000,0.0000,
254,1,269,337,366,401,0.0000,0.0000,0.0000,0.0000,0.0000,0.0000,
255,1,269,337,366,401,0.0000,0.0000,0.0000,0.0000,0.0000,0.0000,
256,1,269,337,366,401,0.0000,0.0000,0.0000,0.0000,0.0000,0.0000,
257,1,269,337,366,401,0.0000,0.0000,0.0000,0.0000,0.0000,0.0000,
258,1,269,337,366,401,0.0000,0.0000,0.0000,0.0000,0.0000,0.0000,
259,1,269,337,366,401,0.0000,0.0000,0.0000,0.0000,0.0000,0.0000,
260,1,269,337,366,401,0.0000,0.0000,0.0000,0.0000,0.0000,0.0000,
261,1,269,337,366,401,0.0000,0.0000,0.0000,0.0000,0.0000,0.0000,
262,1,269,337,366,401,0.0000,0.0000,0.0000,0.0000,0.0000,0.0000,
263,1,269,337,366,401,0.0000,0.0000,0.0000,0.0000,0.0000,0.0000,
264,1,269,337,366,401,0.0000,0.0000,0.0000,0.0000,0.0000,0.0000,
265,1,269,337,366,401,0.0000,0.0000,0.0000,0.0000,0.0000,0.0000,
266,1,269,337,366,401,0.0000,0.0000,0.0000,0.0000,0.0000,0.0000,
267,1,269,337,366,401,0.0000,0.0000,0.0000,0.0000,0.0000,0.0000,
268,1,269,337,366,401,0.0000,0.0000,0.0000,0.0000,0.0000,0.0000,
269,1,269,337,366,401,0.0000,0.0000,0.0000,0.0000,0.0000,0.0000,
270,1,269,337,366,401,0.0000,0.0000,0.0000,0.0000,0.0000,0.0000,
271,1,269,337,366,401,0.0000,0.0000,0.0000,0.0000,0.0000,0.0000,
272,1,269,337,366,401,0.0000,0.0000,0.0000,0.0000,0.0000,0.0000,
273,1,269,337,366,401,0.0000,0.0000,0.0000,0.0000,0.0000,0.0000,
274,1,269,337,366,401,0.0000,0.0000,0.0000,0.0000,0.0000,0.0000,
275,1,269,337,366,401,0.0000,0.0000,0.0000,0.0000,0.0000,0.0000,
276,1,269,337,366,401,0.0000,0.0000,0.0000,0.0000,0.0000,0.0000,
277,1,269,337,366,401,0.0000,0.0000,0.0000,0.0000,0.0000,0.0000,
278,1,269,337,366,401,0.0000,0.0000,0.0000,0.0000,0.0000,0.0000,
279,1,269,337,366,401,0.0000,0.0000,0.0000,0.0000,0.0000,0.0000,
280,1,269,337,366,401,0.0000,0.0000,0.0000,0.0000,0.0000,0.0000,
281,1,269,337,366,401,0.0000,0.0000,0.0000,0.0000,0.0000,0.0000,
282,1,269,337,366,401,0.0000,0.0000,0.0000,0.0000,0.0000,0.0000,
283,1,269,337,366,401,0.0000,0.0000,0.0000,0.0000,0.0000,0.0000,
284,1,269,337,366,401,0.0000,0.0000,0.0000,0.0000,0.0000,0.0000,
285,1,269,337,366,401,0.0000,0.0000,0.0000,0.0000,0.0000,0.0000,
286,1,269,337,366,401,0.0000,0.0000,0.0000,0.0000,0.0000,0.0000,
287,1,269,337,366,401,0.0000,0.0000,0.0000,0.0000,0.0000,0.0000,
288,1,269,337,366,401,0.0000,0.0000,0.0000,0.0000,0.0000,0.0000,
289,1,269,337,366,401,0.0000,0.0000,0.0000,0.0000,0.0000,0.0000,
290,1,269,337,366,401,0.0000,0.0000,0.0000,0.0000,0.0000,0.0000,
291,1,269,337,366,401,0.0000,0.0000,0.0000,0.0000,0.0000,0.0000,
292,1,269,337,366,401,0.0000,0.0000,0.0000,0.0000,0.0000,0.0000,
293,1,269,337,366,401,0.0000,0.0000,0.0000,0.0000,0.0000,0.0000,
294,1,269,337,366,401,0.0000,0.0000,0.0000,0.0000,0.0000,0.0000,
295,1,269,337,366,401,0.0000,0.0000,0.0000,0.0000,0.0000,0.0000,
296,1,269,337,366,401,0.0000,0.0000,0.0000,0.0000,0.0000,0.0000,
297,1,269,337,366,401,0.0000,0.0000,0.0000,0.0000,0.0000,0.0000,
298,1,269,337,366,401,0.0000,0.0000,0.0000,0.0000,0.0000,0.0000,
299,1,269,337,366,401,0.0000,0.0000,0.0000,0.0000,0.0000,0.0000,
300,1,269,337,366,401,0.0000,0.0000,0.0000,0.0000,0.0000,0.0000,
301,1,269,337,366,401,0.0000,0.0000,0.0000,0.0000,0.0000,0.0000,
302,1,269,337,366,401,0.0000,0.0000,0.0000,0.0000,0.0000,0.0000,
303,1,269,337,366,401,0.0000,0.0000,0.0000,0.0000,0.0000,0.0000,
304,1,269,337,366,401,0.0000,0.0000,0.0000,0.0000,0.0000,0.0000,
305,1,269,337,366,401,0.0000,0.0000,0.0000,0.0000,0.0000,0.0000,
306,1,269,337,366,401,0.0000,0.0000,0.0000,0.0000,0.0000,0.0000,
307,1,269,337,366,401,0.0000,0.0000,0.0000,0.0000,0.0000,0.0000,
308,1,269,337,366,401,0.0000,0.0000,0.0000,0.0000,0.0000,0.0000,
309,1,269,337,366,401,0.0000,0.0000,0.0000,0.0000,0.0000,0.0000,
310,1,269,337,366,401,0.0000,0.0000,0.0000,0.0000,0.0000,0.0000,
311,1,269,337,366,401,0.0000,0.0000,0.0000,0.0000,0.0000,0.0000,
312,1,269,337,366,401,0.0000,0.0000,0.0000,0.0000,0.0000,0.0000,
313,1,269,337,366,401,0.0000,0.0000,0.0000,0.0000,0.0000,0.0000,
314,1,269,337,366,401,0.0000,0.0000,0.0000,0.0000,0.0000,0.0000,
315,1,269,337,366,401,0.0000,0.0000,0.0000,0.0000,0.0000,0.0000,
316,1,269,337,366,401,0.0000,0.0000,0.0000,0.0000,0.0000,0.0000,
317,1,269,337,366,401,0.0000,0.0000,0.0000,0.0000,0.0000,0.0000,
318,1,269,337,366,401,0.0000,0.0000,0.0000,0.0000,0.0000,0.0000,
319,1,269,337,366,401,0.0000,0.0000,0.0000,0.0000,0.0000,0.0000,
320,1,269,337,366,401,0.0000,0.0000,0.0000,0.0000,0.0000,0.0000,
321,1,269,337,366,401,0.0000,0.0000,0.0000,0.0000,0.0000,0.0000,
322,1,269,337,366,401,0.0000,0.0000,0.0000,0.0000,0.0000,0.0000,
323,1,269,337,366,401,0.0000,0.0000,0.0000,0.0000,0.0000,0.0000,
324,1,269,337,366,401,0.0000,0.0000,0.0000,0.0000,0.0000,0.0000,
325,1,269,337,366,401,0.0000,0.0000,0.0000,0.0000,0.0000,0.0000,
326,1,269,337,366,401,0.0000,0.0000,0.0000,0.0000,0.0000,0.0000,
327,1,269,337,366,401,0.0000,0.0000,0.0000,0.0000,0.0000,0.0000,
328,1,269,337,366,401,0.0000,0.0000,0.0000,0.0000,0.0000,0.0000,
329,1,269,337,366,401,0.0000,0.0000,0.0000,0.0000,0.0000,0.0000,
330,1,269,337,366,401,0.0000,0.0000,0.0000,0.0000,0.0000,0.0000,
331,1,269,337,366,401,0.0000,0.0000,0.0000,0.0000,0.0000,0.0000,
332,1,269,337,366,401,0.0000,0.0000,0.0000,0.0000,0.0000,0.0000,
333,1,269,337,366,401,0.0000,0.0000,0.0000,0.0000,0.0000,0.0000,
334,1,269,337,366,401,0.0000,0.0000,0.0000,0.0000,0.0000,0.0000,
335,1,269,337,366,401,0.0000,0.0000,0.0000,0.0000,0.0000,0.0000,
336,1,269,337,366,401,0.0000,0.0000,0.0000,0.0000,0.0000,0.0000,
337,1,269,337,366,401,0.0000,0.0000,0.0000,0.0000,0.0000,0.0000,
338,1,269,337,366,401,0.0000,0.0000,0.0000,0.0000,0.0000,0.0000,
339,1,269,337,366,401,0.0000,0.0000,0.0000,0.0000,0.0000,0.0000,
340,1,269,337,366,401,0.0000,0.0000,0.0000,0.0000,0.0000,0.0000,
341,1,269,337,366,401,0.0000,0.0000,0.0000,0.0000,0.0000,0.0000,
342,1,269,337,366,401,0.0000,0.0000,0.0000,0.0000,0.0000,0.0000,
343,1,269,337,366,401,0.0000,0.0000,0.0000,0.0000,0.0000,0.0000,
344,1,269,337,366,401,0.0000,0.0000,0.0000,0.0000,0.0000,0.0000,
345,1,269,337,366,401,0.0000,0.0000,0.0000,0.0000,0.0000,0.0000,
346,1,269,337,366,401,0.0000,0.0000,0.0000,0.0000,0.0000,0.0000,
347,1,269,337,366,401,0.0000,0.0000,0.0000,0.0000,0.0000,0.0000,
348,1,269,337,366,401,0.0000,0.0000,0.0000,0.0000,0.0000,0.0000,
349,1,269,337,366,401,0.0000,0.0000,0.0000,0.0000,0.0000,0.0000,
350,1,269,337,366,401,0.0000,0.0000,0.0000,0.0000,0.0000,0.0000,
351,1,269,337,366,401,0.0000,0.0000,0.0000,0.0000,0.0000,0.0000,
352,1,269,337,366,401,0.0000,0.0000,0.0000,0.0000,0.0000,0.0000,
353,1,269,337,366,401,0.0000,0.0000,0.0000,0.0000,0.0000,0.0000,
354,1,269,337,366,401,0.0000,0.0000,0.0000,0.0000,0.0000,0.0000,
355,1,269,337,366,401,0.0000,0.0000,0.0000,0.0000,0.0000,0.0000,
356,1,269,337,366,401,0.0000,0.0000,0.0000,0.0000,0.0000,0.0000,
357,1,269,337,366,401,0.0000,0.0000,0.0000,0.0000,0.0000,0.0000,
358,1,269,337,366,401,0.0000,0.0000,0.0000,0.0000,0.0000,0.0000,
359,1,269,337,366,401,0.0000,0.0000,0.0000,0.0000,0.0000,0.0000,
360,1,269,337,366,401,0.0000,0.0000,0.0000,0.0000,0.0000,0.0000,
361,1,269,337,366,401,0.0000,0.0000,0.0000,0.0000,0.0000,0.0000,
362,1,269,337,366,401,0.0000,0.0000,0.0000,0.0000,0.0000,0.0000,
363,1,269,337,366,401,0.0000,0.0000,0.0000,0.0000,0.0000,0.0000,
364,1,269,337,366,401,0.0000,0.0000,0.0000,0.0000,0.0000,0.0000,
365,1,269,337,366,401,0.0000,0.0000,0.0000,0.0000,0.0000,0.0000,
366,1,269,337,366,401,0.0000,0.0000,0.0000,0.0000,0.0000,0.0000,
367,1,269,337,366,401,0.0000,0.0000,0.0000,0.0000,0.0000,0.0000,
368,1,269,337,366,401,0.0000,0.0000,0.0000,0.0000,0.0000,0.0000,
369,1,269,337,366,401,0.0000,0.0000,0.0000,0.0000,0.0000,0.0000,
370,1,269,337,366,401,0.0000,0.0000,0.0000,0.0000,0.0000,0.0000,
371,1,269,337,366,401,0.0000,0.0000,0.0000,0.0000,0.0000,0.0000,
372,1,269,337,366,401,0.0000,0.0000,0.0000,0.0000,0.0000,0.0000,
373,1,269,337,366,401,0.0000,0.0000,0.0000,0.0000,0.0000,0.0000,
374,1,269,337,366,401,0.0000,0.0000,0.0000,0.0000,0.0000,0.0000,
375,1,269,337,366,401,0.0000,0.0000,0.0000,0.0000,0.0000,0.0000,
376,1,269,337,366,401,0.0000,0.0000,0.0000,0.0000,0.0000,0.0000,
377,1,269,337,366,401,0.0000,0.0000,0.0000,0.0000,0.0000,0.0000,
378,1,269,337,366,401,0.0000,0.0000,0.0000,0.0000,0.0000,0.0000,
379,1,269,337,366,401,0.0000,0.0000,0.0000,0.0000,0.0000,0.0000,
380,1,269,337,366,401,0.0000,0.0000,0.0000,0.0000,0.0000,0.0000,
381,1,269,337,366,401,0.0000,0.0000,0.0000,0.0000,0.0000,0.0000,
382,1,269,337,366,401,0.0000,0.0000,0.0000,0.0000,0.0000,0.0000,
383,1,269,337,366,401,0.0000,0.0000,0.0000,0.0000,0.0000,0.0000,
384,1,269,337,366,401,0.0000,0.0000,0.0000,0.0000,0.0000,0.0000,
385,1,269,337,366,401,0.0000,0.0000,0.0000,0.0000,0.0000,0.0000,
386,1,269,337,366,401,0.0000,0.0000,0.0000,0.0000,0.0000,0.0000,
387,1,269,337,366,401,0.0000,0.0000,0.0000,0.0000,0.0000,0.0000,
388,1,269,337,366,401,0.0000,0.0000,0.0000,0.0000,0.0000,0.0000,
389,1,269,337,366,401,0.0000,0.0000,0.0000,0.0000,0.0000,0.0000,
390,1,269,337,366,401,0.0000,0.0000,0.0000,0.0000,0.0000,0.0000,
391,1,269,337,366,401,0.0000,0.0000,0.0000,0.0000,0.0000,0.0000,
392,1,269,337,366,401,0.0000,0.0000,0.0000,0.0000,0.0000,0.0000,
393,1,269,337,366,401,0.0000,0.0000,0.0000,0.0000,0.0000,0.0000,
394,1,269,337,366,401,0.0000,0.0000,0.0000,0.0000,0.0000,0.0000,
395,1,269,337,366,401,0.0000,0.0000,0.0000,0.0000,0.0000,0.0000,
396,1,269,337,366,401,0.0000,0.0000,0.0000,0.0000,0.0000,0.0000,
397,1,269,337,366,401,0.0000,0.0000,0.0000,0.0000,0.0000,0.0000,
398,1,269,337,366,401,0.0000,0.0000,0.0000,0.0000,0.0000,0.0000,
399,1,269,337,366,401,0.0000,0.0000,0.0000,0.0000,0.0000,0.0000,
400,1,269,337,366,401,0.0000,0.0000,0.0000,0.0000,0.0000,0.0000,
401,1,269,337,366,401,0.0000,0.0000,0.0000,0.0000,0.0000,0.0000,
402,1,269,337,366,401,0.0000,0.0000,0.0000,0.0000,0.0000,0.0000,
403,1,269,337,366,401,0.0000,0.0000,0.0000,0.0000,0.0000,0.0000,
404,1,269,337,366,401,0.0000,0.0000,0.0000,0.0000,0.0000,0.0000,
405,1,269,337,366,401,0.0000,0.0000,0.0000,0.0000,0.0000,0.0000,
406,1,269,337,366,401,0.0000,0.0000,0.0000,0.0000,0.0000,0.0000,
407,1,269,337,366,401,0.0000,0.0000,0.0000,0.0000,0.0000,0.0000,
408,1,269,337,366,401,0.0000,0.0000,0.0000,0.0000,0.0000,0.0000,
409,1,269,337,366,401,0.0000,0.0000,0.0000,0.0000,0.0000,0.0000,
410,1,269,337,366,401,0.0000,0.0000,0.0000,0.0000,0.0000,0.0000,
411,1,269,337,366,401,0.0000,0.0000,0.0000,0.0000,0.0000,0.0000,
412,1,269,337,366,401,0.0000,0.0000,0.0000,0.0000,0.0000,0.0000,
413,1,269,337,366,401,0.0000,0.0000,0.0000,0.0000,0.0000,0.0000,
414,1,269,337,366,401,0.0000,0.0000,0.0000,0.0000,0.0000,0.0000,
415,1,269,337,366,401,0.0000,0.0000,0.0000,0.0000,0.0000,0.0000,
416,1,269,337,366,401,0.0000,0.0000,0.0000,0.0000,0.0000,0.0000,
417,1,269,337,366,401,0.0000,0.0000,0.0000,0.0000,0.0000,0.0000,
418,1,269,337,366,401,0.0000,0.0000,0.0000,0.0000,0.0000,0.0000,
419,1,269,337,366,401,0.0000,0.0000,0.0000,0.0000,0.0000,0.0000,
420,1,269,337,366,401,0.0000,0.0000,0.0000,0.0000,0.0000,0.0000,
421,1,269,337,366,401,0.0000,0.0000,0.0000,0.0000,0.0000,0.0000,
422,1,269,337,366,401,0.0000,0.0000,0.0000,0.0000,0.0000,0.0000,
423,1,269,337,366,401,0.0000,0.0000,0.0000,0.0000,0.0000,0.0000,
424,1,269,337,366,401,0.0000,0.0000,0.0000,0.0000,0.0000,0.0000,
425,1,269,337,366,401,0.0000,0.0000,0.0000,0.0000,0.0000,0.0000,
426,1,269,337,366,401,0.0000,0.0000,0.0000,0.0000,0.0000,0.0000,
427,1,269,337,366,401,0.0000,0.0000,0.0000,0.0000,0.0000,0.0000,
428,1,269,337,366,401,0.0000,0.0000,0.0000,0.0000,0.0000,0.0000,
429,1,269,337,366,401,0.0000,0.0000,0.0000,0.0000,0.0000,0.0000,
430,1,269,337,366,401,0.0000,0.0000,0.0000,0.0000,0.0000,0.0000,
431,1,269,337,366,401,0.0000,0.0000,0.0000,0.0000,0.0000,0.0000,
432,1,269,337,366,401,0.0000,0.0000,0.0000,0.0000,0.0000,0.0000,
433,1,269,337,366,401,0.0000,0.0000,0.0000,0.0000,0.0000,0.0000,
434,1,269,337,366,401,0.0000,0.0000,0.0000,0.0000,0.0000,0.0000,
435,1,269,337,366,401,0.0000,0.0000,0.0000,0.0000,0.0000,0.0000,
436,1,269,337,366,401,0.0000,0.0000,0.0000,0.0000,0.0000,0.0000,
437,1,269,337,366,401,0.0000,0.0000,0.0000,0.0000,0.0000,0.0000,
438,1,269,337,366,401,0.0000,0.0000,0.0000,0.0000,0.0000,0.0000,
439,1,269,337,366,401,0.0000,0.0000,0.0000,0.0000,0.0000,0.0000,
440,1,269,337,366,401,0.0000,0.0000,0.0000,0.0000,0.0000,0.0000,
441,1,269,337,366,401,0.0000,0.0000,0.0000,0.0000,0.0000,0.0000,
442,1,269,337,366,401,0.0000,0.0000,0.0000,0.0000,0.0000,0.0000,
443,1,269,337,366,401,0.0000,0.0000,0.0000,0.0000,0.0000,0.0000,
444,1,269,337,366,401,0.0000,0.0000,0.0000,0.0000,0.0000,0.0000,
445,1,269,337,366,401,0.0000,0.0000,0.0000,0.0000,0.0000,0.0000,
446,1,269,337,366,401,0.0000,0.0000,0.0000,0.0000,0.0000,0.0000,
447,1,269,337,366,401,0.0000,0.0000,0.0000,0.0000,0.0000,0.0000,
448,1,269,337,366,401,0.0000,0.0000,0.0000,0.0000,0.0000,0.0000,
449,1,269,337,366,401,0.0000,0.0000,0.0000,0.0000,0.0000,0.0000,
450,1,269,337,366,401,0.0000,0.0000,0.0000,0.0000,0.0000,0.0000,
451,1,269,337,366,401,0.0000,0.0000,0.0000,0.0000,0.0000,0.0000,
452,1,269,337,366,401,0.0000,0.0000,0.0000,0.0000,0.0000,0.0000,
453,1,269,337,366,401,0.0000,0.0000,0.0000,0.0000,0.0000,0.0000,
454,1,269,337,366,401,0.0000,0.0000,0.0000,0.0000,0.0000,0.0000,
455,1,269,337,366,401,0.0000,0.0000,0.0000,0.0000,0.0000,0.0000,
456,1,269,337,366,401,0.0000,0.0000,0.0000,0.0000,0.0000,0.0000,
457,1,269,337,366,401,0.0000,0.0000,0.0000,0.0000,0.0000,0.0000,
458,1,269,337,366,401,0.0000,0.0000,0.0000,0.0000,0.0000,0.0000,
459,1,269,337,366,401,0.0000,0.0000,0.0000,0.0000,0.0000,0.0000,
460,1,269,337,366,401,0.0000,0.0000,0.0000,0.0000,0.0000,0.0000,
461,1,269,337,366,401,0.0000,0.0000,0.0000,0.0000,0.0000,0.0000,
462,1,269,337,366,401,0.0000,0.0000,0.0000,0.0000,0.0000,0.0000,
463,1,269,337,366,401,0.0000,0.0000,0.0000,0.0000,0.0000,0.0000,
464,1,269,337,366,401,0.0000,0.0000,0.0000,0.0000,0.0000,0.0000,
465,1,269,337,366,401,0.0000,0.0000,0.0000,0.0000,0.0000,0.0000,
466,1,269,337,366,401,0.0000,0.0000,0.0000,0.0000,0.0000,0.0000,
467,1,269,337,366,401,0.0000,0.0000,0.0000,0.0000,0.0000,0.0000,
468,1,269,337,366,401,0.0000,0.0000,0.0000,0.0000,0.0000,0.0000,
469,1,269,337,366,401,0.0000,0.0000,0.0000,0.0000,0.0000,0.0000,
470,1,269,337,366,401,0.0000,0.0000,0.0000,0.0000,0.0000,0.0000,
471,1,269,337,366,401,0.0000,0.0000,0.0000,0.0000,0.0000,0.0000,
472,1,269,337,366,401,0.0000,0.0000,0.0000,0.0000,0.0000,0.0000,
473,1,269,337,366,401,0.0000,0.0000,0.0000,0.0000,0.0000,0.0000,
474,1,269,337,366,401,0.0000,0.0000,0.0000,0.0000,0.0000,0.0000,
475,1,269,337,366,401,0.0000,0.0000,0.0000,0.0000,0.0000,0.0000,
476,1,269,337,366,401,0.0000,0.0000,0.0000,0.0000,0.0000,0.0000,
477,1,269,337,366,401,0.0000,0.0000,0.0000,0.0000,0.0000,0.0000,
478,1,269,337,366,401,0.0000,0.0000,0.0000,0.0000,0.0000,0.0000,
479,1,269,337,366,401,0.0000,0.0000,0.0000,0.0000,0.0000,0.0000,
480,1,269,337,366,401,0.0000,0.0000,0.0000,0.0000,0.0000,0.0000,
481,1,269,337,366,401,0.0000,0.0000,0.0000,0.0000,0.0000,0.0000,
482,1,269,337,366,401,0.0000,0.0000,0.0000,0.0000,0.0000,0.0000,
483,1,269,337,366,401,0.0000,0.0000,0.0000,0.0000,0.0000,0.0000,
484,1,269,337,366,401,0.0000,0.0000,0.0000,0.0000,0.0000,0.0000,
485,1,269,337,366,401,0.0000,0.0000,0.0000,0.0000,0.0000,0.0000,
486,1,269,337,366,401,0.0000,0.0000,0.0000,0.0000,0.0000,0.0000,
487,1,269,337,366,401,0.0000,0.0000,0.0000,0.0000,0.0000,0.0000,
488,1,269,337,366,401,0.0000,0.0000,0.0000,0.0000,0.0000,0.0000,
489,1,269,337,366,401,0.0000,0.0000,0.0000,0.0000,0.0000,0.0000,
490,1,269,337,366,401,0.0000,0.0000,0.0000,0.0000,0.0000,0.0000,
491,1,269,337,366,401,0.0000,0.0000,0.0000,0.0000,0.0000,0.0000,
492,1,269,337,366,401,0.0000,0.0000,0.0000,0.0000,0.0000,0.0000,
493,1,269,337,366,401,0.0000,0.0000,0.0000,0.0000,0.0000,0.0000,
494,1,269,337,366,401,0.0000,0.0000,0.0000,0.0000,0.0000,0.0000,
495,1,269,337,366,401,0.0000,0.0000,0.0000,0.0000,0.0000,0.0000,
496,1,269,337,366,401,0.0000,0.0000,0.0000,0.0000,0.0000,0.0000,
497,1,269,337,366,401,0.0000,0.0000,0.0000,0.0000,0.0000,0.0000,
498,1,269,337,366,401,0.0000,0.0000,0.0000,0.0000,0.0000,0.0000,
499,1,269,337,366,401,0.0000,0.0000,0.0000,0.0000,0.0000,0.0000,
500,1,269,337,366,401,0.0000,0.0000,0.0000,0.0000,0.0000,0.0000,
501,1,269,337,366,401,0.0000,0.0000,0.0000,0.0000,0.0000,0.0000,
502,1,269,337,366,401,0.0000,0.0000,0.0000,0.0000,0.0000,0.0000,
503,1,269,337,366,401,0.0000,0.0000,0.0000,0.0000,0.0000,0.0000,
504,1,269,337,366,401,0.0000,0.0000,0.0000,0.0000,0.0000,0.0000,
505,1,269,337,366,401,0.0000,0.0000,0.0000,0.0000,0.0000,0.0000,
506,1,269,337,366,401,0.0000,0.0000,0.0000,0.0000,0.0000,0.0000,
507,1,269,337,366,401,0.0000,0.0000,0.0000,0.0000,0.0000,0.0000,
508,1,269,337,366,401,0.0000,0.0000,0.0000,0.0000,0.0000,0.0000,
509,1,269,337,366,401,0.0000,0.0000,0.0000,0.0000,0.0000,0.0000,
510,1,269,337,366,401,0.0000,0.0000,0.0000,0.0000,0.0000,0.0000,
511,1,269,337,366,401,0.0000,0.0000,0.0000,0.0000,0.0000,0.0000,
512,1,269,337,366,401,0.0000,0.0000,0.0000,0.0000,0.0000,0.0000,
513,1,269,337,366,401,0.0000,0.0000,0.0000,0.0000,0.0000,0.0000,
514,1,269,337,366,401,0.0000,0.0000,0.0000,0.0000,0.0000,0.0000,
515,1,269,337,366,401,0.0000,0.0000,0.0000,0.0000,0.0000,0.0000,
516,1,269,337,366,401,0.0000,0.0000,0.0000,0.0000,0.0000,0.0000,
517,1,269,337,366,401,0.0000,0.0000,0.0000,0.0000,0.0000,0.0000,
518,1,269,337,366,401,0.0000,0.0000,0.0000,0.0000,0.0000,0.0000,
519,1,269,337,366,401,0.0000,0.0000,0.0000,0.0000,0.0000,0.0000,
520,1,269,337,366,401,0.0000,0.0000,0.0000,0.0000,0.0000,0.0000,
521,1,269,337,366,401,0.0000,0.0000,0.0000,0.0000,0.0000,0.0000,
522,1,269,337,366,401,0.0000,0.0000,0.0000,0.0000,0.0000,0.0000,
523,1,269,337,366,401,0.0000,0.0000,0.0000,0.0000,0.0000,0.0000,
524,1,269,337,366,401,0.0000,0.0000,0.0000,0.0000,0.0000,0.0000,
525,1,269,337,366,401,0.0000,0.0000,0.0000,0.0000,0.0000,0.0000,
526,1,269,337,366,401,0.0000,0.0000,0.0000,0.0000,0.0000,0.0000,
527,1,269,337,366,401,0.0000,0.0000,0.0000,0.0000,0.0000,0.0000,
528,1,269,337,366,401,0.0000,0.0000,0.0000,0.0000,0.0000,0.0000,
529,1,269,337,366,401,0.0000,0.0000,0.0000,0.0000,0.0000,0.0000,
530,1,269,337,366,401,0.0000,0.0000,0.0000,0.0000,0.0000,0.0000,
531,1,269,337,366,401,0.0000,0.0000,0.0000,0.0000,0.0000,0.0000,
532,1,269,337,366,401,0.0000,0.0000,0.0000,0.0000,0.0000,0.0000,
533,1,269,337,366,401,0.0000,0.0000,0.0000,0.0000,0.0000,0.0000,
534,1,269,337,366,401,0.0000,0.0000,0.0000,0.0000,0.0000,0.0000,
535,1,269,337,366,401,0.0000,0.0000,0.0000,0.0000,0.0000,0.0000,
536,1,269,337,366,401,0.0000,0.0000,0.0000,0.0000,0.0000,0.0000,
537,1,269,337,366,401,0.0000,0.0000,0.0000,0.0000,0.0000,0.0000,
538,1,269,337,366,401,0.0000,0.0000,0.0000,0.0000,0.0000,0.0000,
539,1,269,337,366,401,0.0000,0.0000,0.0000,0.0000,0.0000,0.0000,
540,1,269,337,366,401,0.0000,0.0000,0.0000,0.0000,0.0000,0.0000,
541,1,269,337,366,401,0.0000,0.0000,0.0000,0.0000,0.0000,0.0000,
542,1,269,337,366,401,0.0000,0.0000,0.0000,0.0000,0.0000,0.0000,
543,1,269,337,366,401,0.0000,0.0000,0.0000,0.0000,0.0000,0.0000,
544,1,269,337,366,401,0.0000,0.0000,0.0000,0.0000,0.0000,0.0000,
545,1,269,337,366,401,0.0000,0.0000,0.0000,0.0000,0.0000,0.0000,
546,1,269,337,366,401,0.0000,0.0000,0.0000,0.0000,0.0000,0.0000,
547,1,269,337,366,401,0.0000,0.0000,0.0000,0.0000,0.0000,0.0000,
548,1,269,337,366,401,0.0000,0.0000,0.0000,0.0000,0.0000,0.0000,
549,1,269,337,366,401,0.0000,0.0000,0.0000,0.0000,0.0000,0.0000,
550,1,269,337,366,401,0.0000,0.0000,0.0000,0.0000,0.0000,0.0000,
551,1,269,337,366,401,0.0000,0.0000,0.0000,0.0000,0.0000,0.0000,
552,1,269,337,366,401,0.0000,0.0000,0.0000,0.0000,0.0000,0.0000,
553,1,269,337,366,401,0.0000,0.0000,0.0000,0.0000,0.0000,0.0000,
554,1,269,337,366,401,0.0000,0.0000,0.0000,0.0000,0.0000,0.0000,
555,1,269,337,366,401,0.0000,0.0000,0.0000,0.0000,0.0000,0.0000,
556,1,269,337,366,401,0.0000,0.0000,0.0000,0.0000,0.0000,0.0000,
557,1,269,337,366,401,0.0000,0.0000,0.0000,0.0000,0.0000,0.0000,
558,1,269,337,366,401,0.0000,0.0000,0.0000,0.0000,0.0000,0.0000,
559,1,269,337,366,401,0.0000,0.0000,0.0000,0.0000,0.0000,0.0000,
560,1,269,337,366,401,0.0000,0.0000,0.0000,0.0000,0.0000,0.0000,
561,1,269,337,366,401,0.0000,0.0000,0.0000,0.0000,0.0000,0.0000,
562,1,269,337,366,401,0.0000,0.0000,0.0000,0.0000,0.0000,0.0000,
563,1,269,337,366,401,0.0000,0.0000,0.0000,0.0000,0.0000,0.0000,
564,1,269,337,366,401,0.0000,0.0000,0.0000,0.0000,0.0000,0.0000,
565,1,269,337,366,401,0.0000,0.0000,0.0000,0.0000,0.0000,0.0000,
566,1,269,337,366,401,0.0000,0.0000,0.0000,0.0000,0.0000,0.0000,
567,1,269,337,366,401,0.0000,0.0000,0.0000,0.0000,0.0000,0.0000,
568,1,269,337,366,401,0.0000,0.0000,0.0000,0.0000,0.0000,0.0000,
569,1,269,337,366,401,0.0000,0.0000,0.0000,0.0000,0.0000,0.0000,
570,1,269,337,366,401,0.0000,0.0000,0.0000,0.0000,0.0000,0.0000,
571,1,269,337,366,401,0.0000,0.0000,0.0000,0.0000,0.0000,0.0000,
572,1,269,337,366,401,0.0000,0.0000,0.0000,0.0000,0.0000,0.0000,
573,1,269,337,366,401,0.0000,0.0000,0.0000,0.0000,0.0000,0.0000,
574,1,269,337,366,401,0.0000,0.0000,0.0000,0.0000,0.0000,0.0000,
575,1,269,337,366,401,0.0000,0.0000,0.0000,0.0000,0.0000,0.0000,
576,1,269,337,366,401,0.0000,0.0000,0.0000,0.0000,0.0000,0.0000,
577,1,269,337,366,401,0.0000,0.0000,0.0000,0.0000,0.0000,0.0000,
578,1,269,337,366,401,0.0000,0.0000,0.0000,0.0000,0.0000,0.0000,
579,1,269,337,366,401,0.0000,0.0000,0.0000,0.0000,0.0000,0.0000,
580,1,269,337,366,401,0.0000,0.0000,0.0000,0.0000,0.0000,0.0000,
581,1,269,337,366,401,0.0000,0.0000,0.0000,0.0000,0.0000,0.0000,
582,1,269,337,366,401,0.0000,0.0000,0.0000,0.0000,0.0000,0.0000,
583,1,269,337,366,401,0.0000,0.0000,0.0000,0.0000,0.0000,0.0000,
584,1,269,337,366,401,0.0000,0.0000,0.0000,0.0000,0.0000,0.0000,
585,1,269,337,366,401,0.0000,0.0000,0.0000,0.0000,0.0000,0.0000,
586,1,269,337,366,401,0.0000,0.0000,0.0000,0.0000,0.0000,0.0000,
587,1,269,337,366,401,0.0000,0.0000,0.0000,0.0000,0.0000,0.0000,
588,1,269,337,366,401,0.0000,0.0000,0.0000,0.0000,0.0000,0.0000,
589,1,269,337,366,401,0.0000,0.0000,0.0000,0.0000,0.0000,0.0000,
590,1,269,337,366,401,0.0000,0.0000,0.0000,0.0000,0.0000,0.0000,
591,1,269,337,366,401,0.0000,0.0000,0.0000,0.0000,0.0000,0.0000,
592,1,269,337,366,401,0.0000,0.0000,0.0000,0.0000,0.0000,0.0000,
593,1,269,337,366,401,0.0000,0.0000,0.0000,0.0000,0.0000,0.0000,
594,1,269,337,366,401,0.0000,0.0000,0.0000,0.0000,0.0000,0.0000,
595,1,269,337,366,401,0.0000,0.0000,0.0000,0.0000,0.0000,0.0000,
596,1,269,337,366,401,0.0000,0.0000,0.0000,0.0000,0.0000,0.0000,
597,1,269,337,366,401,0.0000,0.0000,0.0000,0.0000,0.0000,0.0000,
598,1,269,337,366,401,0.0000,0.0000,0.0000,0.0000,0.0000,0.0000,
599,1,269,337,366,401,0.0000,0.0000,0.0000,0.0000,0.0000,0.0000,
600,1,269,337,366,401,0.0000,0.0000,0.0000,0.0000,0.0000,0.0000,
601,1,269,337,366,401,0.0000,0.0000,0.0000,0.0000,0.0000,0.0000,
602,1,269,337,366,401,0.0000,0.0000,0.0000,0.0000,0.0000,0.0000,
603,1,269,337,366,401,0.0000,0.0000,0.0000,0.0000,0.0000,0.0000,
604,1,269,337,366,401,0.0000,0.0000,0.0000,0.0000,0.0000,0.0000,
605,1,269,337,366,401,0.0000,0.0000,0.0000,0.0000,0.0000,0.0000,
606,1,269,337,366,401,0.0000,0.0000,0.0000,0.0000,0.0000,0.0000,
607,1,269,337,366,401,0.0000,0.0000,0.0000,0.0000,0.0000,0.0000,
608,1,269,337,366,401,0.0000,0.0000,0.0000,0.0000,0.0000,0.0000,
609,1,269,337,366,401,0.0000,0.0000,0.0000,0.0000,0.0000,0.0000,
610,1,269,337,366,401,0.0000,0.0000,0.0000,0.0000,0.0000,0.0000,
611,1,269,337,366,401,0.0000,0.0000,0.0000,0.0000,0.0000,0.0000,
612,1,269,337,366,401,0.0000,0.0000,0.0000,0.0000,0.0000,0.0000,
613,1,269,337,366,401,0.0000,0.0000,0.0000,0.0000,0.0000,0.0000,
614,1,269,337,366,401,0.0000,0.0000,0.0000,0.0000,0.0000,0.0000,
615,1,269,337,366,401,0.0000,0.0000,0.0000,0.0000,0.0000,0.0000,
616,1,269,337,366,401,0.0000,0.0000,0.0000,0.0000,0.0000,0.0000,
617,1,269,337,366,401,0.0000,0.0000,0.0000,0.0000,0.0000,0.0000,
618,1,269,337,366,401,0.0000,0.0000,0.0000,0.0000,0.0000,0.0000,
619,1,269,337,366,401,0.0000,0.0000,0.0000,0.0000,0.0000,0.0000,
620,1,269,337,366,401,0.0000,0.0000,0.0000,0.0000,0.0000,0.0000,
621,1,269,337,366,401,0.0000,0.0000,0.0000,0.0000,0.0000,0.0000,
622,1,269,337,366,401,0.0000,0.0000,0.0000,0.0000,0.0000,0.0000,
623,1,269,337,366,401,0.0000,0.0000,0.0000,0.0000,0.0000,0.0000,
624,1,269,337,366,401,0.0000,0.0000,0.0000,0.0000,0.0000,0.0000,
625,1,269,337,366,401,0.0000,0.0000,0.0000,0.0000,0.0000,0.0000,
626,1,269,337,366,401,0.0000,0.0000,0.0000,0.0000,0.0000,0.0000,
627,1,269,337,366,401,0.0000,0.0000,0.0000,0.0000,0.0000,0.0000,
628,1,269,337,366,401,0.0000,0.0000,0.0000,0.0000,0.0000,0.0000,
629,1,269,337,366,401,0.0000,0.0000,0.0000,0.0000,0.0000,0.0000,
630,1,269,337,366,401,0.0000,0.0000,0.0000,0.0000,0.0000,0.0000,
631,1,269,337,366,401,0.0000,0.0000,0.0000,0.0000,0.0000,0.0000,
632,1,269,337,366,401,0.0000,0.0000,0.0000,0.0000,0.0000,0.0000,
633,1,269,337,366,401,0.0000,0.0000,0.0000,0.0000,0.0000,0.0000,
634,1,269,337,366,401,0.0000,0.0000,0.0000,0.0000,0.0000,0.0000,
635,1,269,337,366,401,0.0000,0.0000,0.0000,0.0000,0.0000,0.0000,
636,1,269,337,366,401,0.0000,0.0000,0.0000,0.0000,0.0000,0.0000,
637,1,269,337,366,401,0.0000,0.0000,0.0000,0.0000,0.0000,0.0000,
638,1,269,337,366,401,0.0000,0.0000,0.0000,0.0000,0.0000,0.0000,
639,1,269,337,366,401,0.0000,0.0000,0.0000,0.0000,0.0000,0.0000,
640,1,269,337,366,401,0.0000,0.0000,0.0000,0.0000,0.0000,0.0000,
641,1,269,337,366,401,0.0000,0.0000,0.0000,0.0000,0.0000,0.0000,
642,1,269,337,366,401,0.0000,0.0000,0.0000,0.0000,0.0000,0.0000,
643,1,269,337,366,401,0.0000,0.0000,0.0000,0.0000,0.0000,0.0000,
644,1,269,337,366,401,0.0000,0.0000,0.0000,0.0000,0.0000,0.0000,
645,1,269,337,366,401,0.0000,0.0000,0.0000,0.0000,0.0000,0.0000,
646,1,269,337,366,401,0.0000,0.0000,0.0000,0.0000,0.0000,0.0000,
647,1,269,337,366,401,0.0000,0.0000,0.0000,0.0000,0.0000,0.0000,
648,1,269,337,366,401,0.0000,0.0000,0.0000,0.0000,0.0000,0.0000,
649,1,269,337,366,401,0.0000,0.0000,0.0000,0.0000,0.0000,0.0000,
650,1,269,337,366,401,0.0000,0.0000,0.0000,0.0000,0.0000,0.0000,
651,1,269,337,366,401,0.0000,0.0000,0.0000,0.0000,0.0000,0.0000,
652,1,269,337,366,401,0.0000,0.0000,0.0000,0.0000,0.0000,0.0000,
653,1,269,337,366,401,0.0000,0.0000,0.0000,0.0000,0.0000,0.0000,
654,1,269,337,366,401,0.0000,0.0000,0.0000,0.0000,0.0000,0.0000,
655,1,269,337,366,401,0.0000,0.0000,0.0000,0.0000,0.0000,0.0000,
656,1,269,337,366,401,0.0000,0.0000,0.0000,0.0000,0.0000,0.0000,
657,1,269,337,366,401,0.0000,0.0000,0.0000,0.0000,0.0000,0.0000,
658,1,269,337,366,401,0.0000,0.0000,0.0000,0.0000,0.0000,0.0000,
659,1,269,337,366,401,0.0000,0.0000,0.0000,0.0000,0.0000,0.0000,
660,1,269,337,366,401,0.0000,0.0000,0.0000,0.0000,0.0000,0.0000,
661,1,269,337,366,401,0.0000,0.0000,0.0000,0.0000,0.0000,0.0000,
662,1,269,337,366,401,0.0000,0.0000,0.0000,0.0000,0.0000,0.0000,
663,1,269,337,366,401,0.0000,0.0000,0.0000,0.0000,0.0000,0.0000,
664,1,269,337,366,401,0.0000,0.0000,0.0000,0.0000,0.0000,0.0000,
665,1,269,337,366,401,0.0000,0.0000,0.0000,0.0000,0.0000,0.0000,
666,1,269,337,366,401,0.0000,0.0000,0.0000,0.0000,0.0000,0.0000,
667,1,269,337,366,401,0.0000,0.0000,0.0000,0.0000,0.0000,0.0000,
668,1,269,337,366,401,0.0000,0.0000,0.0000,0.0000,0.0000,0.0000,
669,1,269,337,366,401,0.0000,0.0000,0.0000,0.0000,0.0000,0.0000,
670,1,269,337,366,401,0.0000,0.0000,0.0000,0.0000,0.0000,0.0000,
671,1,269,337,366,401,0.0000,0.0000,0.0000,0.0000,0.0000,0.0000,
672,1,269,337,366,401,0.0000,0.0000,0.0000,0.0000,0.0000,0.0000,
673,1,269,337,366,401,0.0000,0.0000,0.0000,0.0000,0.0000,0.0000,
674,1,269,337,366,401,0.0000,0.0000,0.0000,0.0000,0.0000,0.0000,
675,1,269,337,366,401,0.0000,0.0000,0.0000,0.0000,0.0000,0.0000,
676,1,269,337,366,401,0.0000,0.0000,0.0000,0.0000,0.0000,0.0000,
677,1,269,337,366,401,0.0000,0.0000,0.0000,0.0000,0.0000,0.0000,
678,1,269,337,366,401,0.0000,0.0000,0.0000,0.0000,0.0000,0.0000,
679,1,269,337,366,401,0.0000,0.0000,0.0000,0.0000,0.0000,0.0000,
680,1,269,337,366,401,0.0000,0.0000,0.0000,0.0000,0.0000,0.0000,
681,1,269,337,366,401,0.0000,0.0000,0.0000,0.0000,0.0000,0.0000,
682,1,269,337,366,401,0.0000,0.0000,0.0000,0.0000,0.0000,0.0000,
683,1,269,337,366,401,0.0000,0.0000,0.0000,0.0000,0.0000,0.0000,
684,1,269,337,366,401,0.0000,0.0000,0.0000,0.0000,0.0000,0.0000,
685,1,269,337,366,401,0.0000,0.0000,0.0000,0.0000,0.0000,0.0000,
686,1,269,337,366,401,0.0000,0.0000,0.0000,0.0000,0.0000,0.0000,
687,1,269,337,366,401,0.0000,0.0000,0.0000,0.0000,0.0000,0.0000,
688,1,269,337,366,401,0.0000,0.0000,0.0000,0.0000,0.0000,0.0000,
689,1,269,337,366,401,0.0000,0.0000,0.0000,0.0000,0.0000,0.0000,
690,1,269,337,366,401,0.0000,0.0000,0.0000,0.0000,0.0000,0.0000,
691,1,269,337,366,401,0.0000,0.0000,0.0000,0.0000,0.0000,0.0000,
692,1,269,337,366,401,0.0000,0.0000,0.0000,0.0000,0.0000,0.0000,
693,1,269,337,366,401,0.0000,0.0000,0.0000,0.0000,0.0000,0.0000,
694,1,269,337,366,401,0.0000,0.0000,0.0000,0.0000,0.0000,0.0000,
695,1,269,337,366,401,0.0000,0.0000,0.0000,0.0000,0.0000,0.0000,
696,1,269,337,366,401,0.0000,0.0000,0.0000,0.0000,0.0000,0.0000,
697,1,269,337,366,401,0.0000,0.0000,0.0000,0.0000,0.0000,0.0000,
698,1,269,337,366,401,0.0000,0.0000,0.0000,0.0000,0.0000,0.0000,
699,1,269,337,366,401,0.0000,0.0000,0.0000,0.0000,0.0000,0.0000,
700,1,269,337,366,401,0.0000,0.0000,0.0000,0.0000,0.0000,0.0000,
701,1,269,337,366,401,0.0000,0.0000,0.0000,0.0000,0.0000,0.0000,
702,1,269,337,366,401,0.0000,0.0000,0.0000,0.0000,0.0000,0.0000,
703,1,269,337,366,401,0.0000,0.0000,0.0000,0.0000,0.0000,0.0000,
704,1,269,337,366,401,0.0000,0.0000,0.0000,0.0000,0.0000,0.0000,
705,1,269,337,366,401,0.0000,0.0000,0.0000,0.0000,0.0000,0.0000,
706,1,269,337,366,401,0.0000,0.0000,0.0000,0.0000,0.0000,0.0000,
707,1,269,337,366,401,0.0000,0.0000,0.0000,0.0000,0.0000,0.0000,
708,1,269,337,366,401,0.0000,0.0000,0.0000,0.0000,0.0000,0.0000,
709,1,269,337,366,401,0.0000,0.0000,0.0000,0.0000,0.0000,0.0000,
710,1,269,337,366,401,0.0000,0.0000,0.0000,0.0000,0.0000,0.0000,
711,1,269,337,366,401,0.0000,0.0000,0.0000,0.0000,0.0000,0.0000,
712,1,269,337,366,401,0.0000,0.0000,0.0000,0.0000,0.0000,0.0000,
713,1,269,337,366,401,0.0000,0.0000,0.0000,0.0000,0.0000,0.0000,
714,1,269,337,366,401,0.0000,0.0000,0.0000,0.0000,0.0000,0.0000,
715,1,269,337,366,401,0.0000,0.0000,0.0000,0.0000,0.0000,0.0000,
716,1,269,337,366,401,0.0000,0.0000,0.0000,0.0000,0.0000,0.0000,
717,1,269,337,366,401,0.0000,0.0000,0.0000,0.0000,0.0000,0.0000,
718,1,269,337,366,401,0.0000,0.0000,0.0000,0.0000,0.0000,0.0000,
719,1,269,337,366,401,0.0000,0.0000,0.0000,0.0000,0.0000,0.0000,
720,1,269,337,366,401,0.0000,0.0000,0.0000,0.0000,0.0000,0.0000,
721,1,269,337,366,401,0.0000,0.0000,0.0000,0.0000,0.0000,0.0000,
722,1,269,337,366,401,0.0000,0.0000,0.0000,0.0000,0.0000,0.0000,
723,1,269,337,366,401,0.0000,0.0000,0.0000,0.0000,0.0000,0.0000,
724,1,269,337,366,401,0.0000,0.0000,0.0000,0.0000,0.0000,0.0000,
725,1,269,337,366,401,0.0000,0.0000,0.0000,0.0000,0.0000,0.0000,
726,1,269,337,366,401,0.0000,0.0000,0.0000,0.0000,0.0000,0.0000,
727,1,269,337,366,401,0.0000,0.0000,0.0000,0.0000,0.0000,0.0000,
728,1,269,337,366,401,0.0000,0.0000,0.0000,0.0000,0.0000,0.0000,
729,1,269,337,366,401,0.0000,0.0000,0.0000,0.0000,0.0000,0.0000,
730,1,269,337,366,401,0.0000,0.0000,0.0000,0.0000,0.0000,0.0000,
731,1,269,337,366,401,0.0000,0.0000,0.0000,0.0000,0.0000,0.0000,
732,1,269,337,366,401,0.0000,0.0000,0.0000,0.0000,0.0000,0.0000,
733,1,269,337,366,401,0.0000,0.0000,0.0000,0.0000,0.0000,0.0000,
734,1,269,337,366,401,0.0000,0.0000,0.0000,0.0000,0.0000,0.0000,
735,1,269,337,366,401,0.0000,0.0000,0.0000,0.0000,0.0000,0.0000,
736,1,269,337,366,401,0.0000,0.0000,0.0000,0.0000,0.0000,0.0000,
737,1,269,337,366,401,0.0000,0.0000,0.0000,0.0000,0.0000,0.0000,
738,1,269,337,366,401,0.0000,0.0000,0.0000,0.0000,0.0000,0.0000,
739,1,269,337,366,401,0.0000,0.0000,0.0000,0.0000,0.0000,0.0000,
740,1,269,337,366,401,0.0000,0.0000,0.0000,0.0000,0.0000,0.0000,
741,1,269,337,366,401,0.0000,0.0000,0.0000,0.0000,0.0000,0.0000,
742,1,269,337,366,401,0.0000,0.0000,0.0000,0.0000,0.0000,0.0000,
743,1,269,337,366,401,0.0000,0.0000,0.0000,0.0000,0.0000,0.0000,
744,1,269,337,366,401,0.0000,0.0000,0.0000,0.0000,0.0000,0.0000,
745,1,269,337,366,401,0.0000,0.0000,0.0000,0.0000,0.0000,0.0000,
746,1,269,337,366,401,0.0000,0.0000,0.0000,0.0000,0.0000,0.0000,
747,1,269,337,366,401,0.0000,0.0000,0.0000,0.0000,0.0000,0.0000,
748,1,269,337,366,401,0.0000,0.0000,0.0000,0.0000,0.0000,0.0000,
749,1,269,337,366,401,0.0000,0.0000,0.0000,0.0000,0.0000,0.0000,
750,1,269,337,366,401,0.0000,0.0000,0.0000,0.0000,0.0000,0.0000,
751,1,269,337,366,401,0.0000,0.0000,0.0000,0.0000,0.0000,0.0000,
752,1,269,337,366,401,0.0000,0.0000,0.0000,0.0000,0.0000,0.0000,
753,1,269,337,366,401,0.0000,0.0000,0.0000,0.0000,0.0000,0.0000,
754,1,269,337,366,401,0.0000,0.0000,0.0000,0.0000,0.0000,0.0000,
755,1,269,337,366,401,0.0000,0.0000,0.0000,0.0000,0.0000,0.0000,
756,1,269,337,366,401,0.0000,0.0000,0.0000,0.0000,0.0000,0.0000,
757,1,269,337,366,401,0.0000,0.0000,0.0000,0.0000,0.0000,0.0000,
758,1,269,337,366,401,0.0000,0.0000,0.0000,0.0000,0.0000,0.0000,
759,1,269,337,366,401,0.0000,0.0000,0.0000,0.0000,0.0000,0.0000,
760,1,269,337,366,401,0.0000,0.0000,0.0000,0.0000,0.0000,0.0000,
761,1,269,337,366,401,0.0000,0.0000,0.0000,0.0000,0.0000,0.0000,
762,1,269,337,366,401,0.0000,0.0000,0.0000,0.0000,0.0000,0.0000,
763,1,269,337,366,401,0.0000,0.0000,0.0000,0.0000,0.0000,0.0000,
764,1,269,337,366,401,0.0000,0.0000,0.0000,0.0000,0.0000,0.0000,
765,1,269,337,366,401,0.0000,0.0000,0.0000,0.0000,0.0000,0.0000,
766,1,269,337,366,401,0.0000,0.0000,0.0000,0.0000,0.0000,0.0000,
767,1,269,337,366,401,0.0000,0.0000,0.0000,0.0000,0.0000,0.0000,
768,1,269,337,366,401,0.0000,0.0000,0.0000,0.0000,0.0000,0.0000,
769,1,269,337,366,401,0.0000,0.0000,0.0000,0.0000,0.0000,0.0000,
770,1,269,337,366,401,0.0000,0.0000,0.0000,0.0000,0.0000,0.0000,
771,1,269,337,366,401,0.0000,0.0000,0.0000,0.0000,0.0000,0.0000,
772,1,269,337,366,401,0.0000,0.0000,0.0000,0.0000,0.0000,0.0000,
773,1,269,337,366,401,0.0000,0.0000,0.0000,0.0000,0.0000,0.0000,
774,1,269,337,366,401,0.0000,0.0000,0.0000,0.0000,0.0000,0.0000,
775,1,269,337,366,401,0.0000,0.0000,0.0000,0.0000,0.0000,0.0000,
776,1,269,337,366,401,0.0000,0.0000,0.0000,0.0000,0.0000,0.0000,
777,1,269,337,366,401,0.0000,0.0000,0.0000,0.0000,0.0000,0.0000,
778,1,269,337,366,401,0.0000,0.0000,0.0000,0.0000,0.0000,0.0000,
779,1,269,337,366,401,0.0000,0.0000,0.0000,0.0000,0.0000,0.0000,
780,1,269,337,366,401,0.0000,0.0000,0.0000,0.0000,0.0000,0.0000,
781,1,269,337,366,401,0.0000,0.0000,0.0000,0.0000,0.0000,0.0000,
782,1,269,337,366,401,0.0000,0.0000,0.0000,0.0000,0.0000,0.0000,
783,1,269,337,366,401,0.0000,0.0000,0.0000,0.0000,0.0000,0.0000,
784,1,269,337,366,401,0.0000,0.0000,0.0000,0.0000,0.0000,0.0000,
785,1,269,337,366,401,0.0000,0.0000,0.0000,0.0000,0.0000,0.0000,
786,1,269,337,366,401,0.0000,0.0000,0.0000,0.0000,0.0000,0.0000,
787,1,269,337,366,401,0.0000,0.0000,0.0000,0.0000,0.0000,0.0000,
788,1,269,337,366,401,0.0000,0.0000,0.0000,0.0000,0.0000,0.0000,
789,1,269,337,366,401,0.0000,0.0000,0.0000,0.0000,0.0000,0.0000,
790,1,269,337,366,401,0.0000,0.0000,0.0000,0.0000,0.0000,0.0000,
791,1,269,337,366,401,0.0000,0.0000,0.0000,0.0000,0.0000,0.0000,
792,1,269,337,366,401,0.0000,0.0000,0.0000,0.0000,0.0000,0.0000,
793,1,269,337,366,401,0.0000,0.0000,0.0000,0.0000,0.0000,0.0000,
794,1,269,337,366,401,0.0000,0.0000,0.0000,0.0000,0.0000,0.0000,
795,1,269,337,366,401,0.0000,0.0000,0.0000,0.0000,0.0000,0.0000,
796,1,269,337,366,401,0.0000,0.0000,0.0000,0.0000,0.0000,0.0000,
797,1,269,337,366,401,0.0000,0.0000,0.0000,0.0000,0.0000,0.0000,
798,1,269,337,366,401,0.0000,0.0000,0.0000,0.0000,0.0000,0.0000,
799,1,269,337,366,401,0.0000,0.0000,0.0000,0.0000,0.0000,0.0000,
800,1,269,337,366,401,0.0000,0.0000,0.0000,0.0000,0.0000,0.0000,
801,1,269,337,366,401,0.0000,0.0000,0.0000,0.0000,0.0000,0.0000,
802,1,269,337,366,401,0.0000,0.0000,0.0000,0.0000,0.0000,0.0000,
803,1,269,337,366,401,0.0000,0.0000,0.0000,0.0000,0.0000,0.0000,
804,1,269,337,366,401,0.0000,0.0000,0.0000,0.0000,0.0000,0.0000,
805,1,269,337,366,401,0.0000,0.0000,0.0000,0.0000,0.0000,0.0000,
806,1,269,337,366,401,0.0000,0.0000,0.0000,0.0000,0.0000,0.0000,
807,1,269,337,366,401,0.0000,0.0000,0.0000,0.0000,0.0000,0.0000,
808,1,269,337,366,401,0.0000,0.0000,0.0000,0.0000,0.0000,0.0000,
809,1,269,337,366,401,0.0000,0.0000,0.0000,0.0000,0.0000,0.0000,
810,1,269,337,366,401,0.0000,0.0000,0.0000,0.0000,0.0000,0.0000,
811,1,269,337,366,401,0.0000,0.0000,0.0000,0.0000,0.0000,0.0000,
812,1,269,337,366,401,0.0000,0.0000,0.0000,0.0000,0.0000,0.0000,
813,1,269,337,366,401,0.0000,0.0000,0.0000,0.0000,0.0000,0.0000,
814,1,269,337,366,401,0.0000,0.0000,0.0000,0.0000,0.0000,0.0000,
815,1,269,337,366,401,0.0000,0.0000,0.0000,0.0000,0.0000,0.0000,
816,1,269,337,366,401,0.0000,0.0000,0.0000,0.0000,0.0000,0.0000,
817,1,269,337,366,401,0.0000,0.0000,0.0000,0.0000,0.0000,0.0000,
818,1,269,337,366,401,0.0000,0.0000,0.0000,0.0000,0.0000,0.0000,
819,1,269,337,366,401,0.0000,0.0000,0.0000,0.0000,0.0000,0.0000,
820,1,269,337,366,401,0.0000,0.0000,0.0000,0.0000,0.0000,0.0000,
821,1,269,337,366,401,0.0000,0.0000,0.0000,0.0000,0.0000,0.0000,
822,1,269,337,366,401,0.0000,0.0000,0.0000,0.0000,0.0000,0.0000,
823,1,269,337,366,401,0.0000,0.0000,0.0000,0.0000,0.0000,0.0000,
824,1,269,337,366,401,0.0000,0.0000,0.0000,0.0000,0.0000,0.0000,
825,1,269,337,366,401,0.0000,0.0000,0.0000,0.0000,0.0000,0.0000,
826,1,269,337,366,401,0.0000,0.0000,0.0000,0.0000,0.0000,0.0000,
827,1,269,337,366,401,0.0000,0.0000,0.0000,0.0000,0.0000,0.0000,
828,1,269,337,366,401,0.0000,0.0000,0.0000,0.0000,0.0000,0.0000,
829,1,269,337,366,401,0.0000,0.0000,0.0000,0.0000,0.0000,0.0000,
830,1,269,337,366,401,0.0000,0.0000,0.0000,0.0000,0.0000,0.0000,
831,1,269,337,366,401,0.0000,0.0000,0.0000,0.0000,0.0000,0.0000,
832,1,269,337,366,401,0.0000,0.0000,0.0000,0.0000,0.0000,0.0000,
833,1,269,337,366,401,0.0000,0.0000,0.0000,0.0000,0.0000,0.0000,
834,1,269,337,366,401,0.0000,0.0000,0.0000,0.0000,0.0000,0.0000,
835,1,269,337,366,401,0.0000,0.0000,0.0000,0.0000,0.0000,0.0000,
836,1,269,337,366,401,0.0000,0.0000,0.0000,0.0000,0.0000,0.0000,
837,1,269,337,366,401,0.0000,0.0000,0.0000,0.0000,0.0000,0.0000,
838,1,269,337,366,401,0.0000,0.0000,0.0000,0.0000,0.0000,0.0000,
839,1,269,337,366,401,0.0000,0.0000,0.0000,0.0000,0.0000,0.0000,
840,1,269,337,366,401,0.0000,0.0000,0.0000,0.0000,0.0000,0.0000,
841,1,269,337,366,401,0.0000,0.0000,0.0000,0.0000,0.0000,0.0000,
842,1,269,337,366,401,0.0000,0.0000,0.0000,0.0000,0.0000,0.0000,
843,1,269,337,366,401,0.0000,0.0000,0.0000,0.0000,0.0000,0.0000,
844,1,269,337,366,401,0.0000,0.0000,0.0000,0.0000,0.0000,0.0000,
845,1,269,337,366,401,0.0000,0.0000,0.0000,0.0000,0.0000,0.0000,
846,1,269,337,366,401,0.0000,0.0000,0.0000,0.0000,0.0000,0.0000,
847,1,269,337,366,401,0.0000,0.0000,0.0000,0.0000,0.0000,0.0000,
848,1,269,337,366,401,0.0000,0.0000,0.0000,0.0000,0.0000,0.0000,
849,1,269,337,366,401,0.0000,0.0000,0.0000,0.0000,0.0000,0.0000,
850,1,269,337,366,401,0.0000,0.0000,0.0000,0.0000,0.0000,0.0000,
851,1,269,337,366,401,0.0000,0.0000,0.0000,0.0000,0.0000,0.0000,
852,1,269,337,366,401,0.0000,0.0000,0.0000,0.0000,0.0000,0.0000,
853,1,269,337,366,401,0.0000,0.0000,0.0000,0.0000,0.0000,0.0000,
854,1,269,337,366,401,0.0000,0.0000,0.0000,0.0000,0.0000,0.0000,
855,1,269,337,366,401,0.0000,0.0000,0.0000,0.0000,0.0000,0.0000,
856,1,269,337,366,401,0.0000,0.0000,0.0000,0.0000,0.0000,0.0000,
857,1,269,337,366,401,0.0000,0.0000,0.0000,0.0000,0.0000,0.0000,
858,1,269,337,366,401,0.0000,0.0000,0.0000,0.0000,0.0000,0.0000,
859,1,269,337,366,401,0.0000,0.0000,0.0000,0.0000,0.0000,0.0000,
860,1,269,337,366,401,0.0000,0.0000,0.0000,0.0000,0.0000,0.0000,
861,1,269,337,366,401,0.0000,0.0000,0.0000,0.0000,0.0000,0.0000,
862,1,269,337,366,401,0.0000,0.0000,0.0000,0.0000,0.0000,0.0000,
863,1,269,337,366,401,0.0000,0.0000,0.0000,0.0000,0.0000,0.0000,
864,1,269,337,366,401,0.0000,0.0000,0.0000,0.0000,0.0000,0.0000,
865,1,269,337,366,401,0.0000,0.0000,0.0000,0.0000,0.0000,0.0000,
866,1,269,337,366,401,0.0000,0.0000,0.0000,0.0000,0.0000,0.0000,
867,1,269,337,366,401,0.0000,0.0000,0.0000,0.0000,0.0000,0.0000,
868,1,269,337,366,401,0.0000,0.0000,0.0000,0.0000,0.0000,0.0000,
869,1,269,337,366,401,0.0000,0.0000,0.0000,0.0000,0.0000,0.0000,
870,1,269,337,366,401,0.0000,0.0000,0.0000,0.0000,0.0000,0.0000,
871,1,269,337,366,401,0.0000,0.0000,0.0000,0.0000,0.0000,0.0000,
872,1,269,337,366,401,0.0000,0.0000,0.0000,0.0000,0.0000,0.0000,
873,1,269,337,366,401,0.0000,0.0000,0.0000,0.0000,0.0000,0.0000,
874,1,269,337,366,401,0.0000,0.0000,0.0000,0.0000,0.0000,0.0000,
875,1,269,337,366,401,0.0000,0.0000,0.0000,0.0000,0.0000,0.0000,
876,1,269,337,366,401,0.0000,0.0000,0.0000,0.0000,0.0000,0.0000,
877,1,269,337,366,401,0.0000,0.0000,0.0000,0.0000,0.0000,0.0000,
878,1,269,337,366,401,0.0000,0.0000,0.0000,0.0000,0.0000,0.0000,
879,1,269,337,366,401,0.0000,0.0000,0.0000,0.0000,0.0000,0.0000,
880,1,269,337,366,401,0.0000,0.0000,0.0000,0.0000,0.0000,0.0000,
881,1,269,337,366,401,0.0000,0.0000,0.0000,0.0000,0.0000,0.0000,
882,1,269,337,366,401,0.0000,0.0000,0.0000,0.0000,0.0000,0.0000,
883,1,269,337,366,401,0.0000,0.0000,0.0000,0.0000,0.0000,0.0000,
884,1,269,337,366,401,0.0000,0.0000,0.0000,0.0000,0.0000,0.0000,
885,1,269,337,366,401,0.0000,0.0000,0.0000,0.0000,0.0000,0.0000,
886,1,269,337,366,401,0.0000,0.0000,0.0000,0.0000,0.0000,0.0000,
887,1,269,337,366,401,0.0000,0.0000,0.0000,0.0000,0.0000,0.0000,
888,1,269,337,366,401,0.0000,0.0000,0.0000,0.0000,0.0000,0.0000,
889,1,269,337,366,401,0.0000,0.0000,0.0000,0.0000,0.0000,0.0000,
890,1,269,337,366,401,0.0000,0.0000,0.0000,0.0000,0.0000,0.0000,
891,1,269,337,366,401,0.0000,0.0000,0.0000,0.0000,0.0000,0.0000,
892,1,269,337,366,401,0.0000,0.0000,0.0000,0.0000,0.0000,0.0000,
893,1,269,337,366,401,0.0000,0.0000,0.0000,0.0000,0.0000,0.0000,
894,1,269,337,366,401,0.0000,0.0000,0.0000,0.0000,0.0000,0.0000,
895,1,269,337,366,401,0.0000,0.0000,0.0000,0.0000,0.0000,0.0000,
896,1,269,337,366,401,0.0000,0.0000,0.0000,0.0000,0.0000,0.0000,
897,1,269,337,366,401,0.0000,0.0000,0.0000,0.0000,0.0000,0.0000,
898,1,269,337,366,401,0.0000,0.0000,0.0000,0.0000,0.0000,0.0000,
899,1,269,337,366,401,0.0000,0.0000,0.0000,0.0000,0.0000,0.0000,
900,1,269,337,366,401,0.0000,0.0000,0.0000,0.0000,0.0000,0.0000,
901,1,269,337,366,401,0.0000,0.0000,0.0000,0.0000,0.0000,0.0000,
902,1,269,337,366,401,0.0000,0.0000,0.0000,0.0000,0.0000,0.0000,
903,1,269,337,366,401,0.0000,0.0000,0.0000,0.0000,0.0000,0.0000,
904,1,269,337,366,401,0.0000,0.0000,0.0000,0.0000,0.0000,0.0000,
905,1,269,337,366,401,0.0000,0.0000,0.0000,0.0000,0.0000,0.0000,
906,1,269,337,366,401,0.0000,0.0000,0.0000,0.0000,0.0000,0.0000,
907,1,269,337,366,401,0.0000,0.0000,0.0000,0.0000,0.0000,0.0000,
908,1,269,337,366,401,0.0000,0.0000,0.0000,0.0000,0.0000,0.0000,
909,1,269,337,366,401,0.0000,0.0000,0.0000,0.0000,0.0000,0.0000,
910,1,269,337,366,401,0.0000,0.0000,0.0000,0.0000,0.0000,0.0000,
911,1,269,337,366,401,0.0000,0.0000,0.0000,0.0000,0.0000,0.0000,
912,1,269,337,366,401,0.0000,0.0000,0.0000,0.0000,0.0000,0.0000,
913,1,269,337,366,401,0.0000,0.0000,0.0000,0.0000,0.0000,0.0000,
914,1,269,337,366,401,0.0000,0.0000,0.0000,0.0000,0.0000,0.0000,
915,1,269,337,366,401,0.0000,0.0000,0.0000,0.0000,0.0000,0.0000,
916,1,269,337,366,401,0.0000,0.0000,0.0000,0.0000,0.0000,0.0000,
917,1,269,337,366,401,0.0000,0.0000,0.0000,0.0000,0.0000,0.0000,
918,1,269,337,366,401,0.0000,0.0000,0.0000,0.0000,0.0000,0.0000,
919,1,269,337,366,401,0.0000,0.0000,0.0000,0.0000,0.0000,0.0000,
920,1,269,337,366,401,0.0000,0.0000,0.0000,0.0000,0.0000,0.0000,
921,1,269,337,366,401,0.0000,0.0000,0.0000,0.0000,0.0000,0.0000,
922,1,269,337,366,401,0.0000,0.0000,0.0000,0.0000,0.0000,0.0000,
923,1,269,337,366,401,0.0000,0.0000,0.0000,0.0000,0.0000,0.0000,
924,1,269,337,366,401,0.0000,0.0000,0.0000,0.0000,0.0000,0.0000,
925,1,269,337,366,401,0.0000,0.0000,0.0000,0.0000,0.0000,0.0000,
926,1,269,337,366,401,0.0000,0.0000,0.0000,0.0000,0.0000,0.0000,
927,1,269,337,366,401,0.0000,0.0000,0.0000,0.0000,0.0000,0.0000,
928,1,269,337,366,401,0.0000,0.0000,0.0000,0.0000,0.0000,0.0000,
929,1,269,337,366,401,0.0000,0.0000,0.0000,0.0000,0.0000,0.0000,
930,1,269,337,366,401,0.0000,0.0000,0.0000,0.0000,0.0000,0.0000,
931,1,269,337,366,401,0.0000,0.0000,0.0000,0.0000,0.0000,0.0000,
932,1,269,337,366,401,0.0000,0.0000,0.0000,0.0000,0.0000,0.0000,
933,1,269,337,366,401,0.0000,0.0000,0.0000,0.0000,0.0000,0.0000,
934,1,269,337,366,401,0.0000,0.0000,0.0000,0.0000,0.0000,0.0000,
935,1,269,337,366,401,0.0000,0.0000,0.0000,0.0000,0.0000,0.0000,
936,1,269,337,366,401,0.0000,0.0000,0.0000,0.0000,0.0000,0.0000,
937,1,269,337,366,401,0.0000,0.0000,0.0000,0.0000,0.0000,0.0000,
938,1,269,337,366,401,0.0000,0.0000,0.0000,0.0000,0.0000,0.0000,
939,1,269,337,366,401,0.0000,0.0000,0.0000,0.0000,0.0000,0.0000,
940,1,269,337,366,401,0.0000,0.0000,0.0000,0.0000,0.0000,0.0000,
941,1,269,337,366,401,0.0000,0.0000,0.0000,0.0000,0.0000,0.0000,
942,1,269,337,366,401,0.0000,0.0000,0.0000,0.0000,0.0000,0.0000,
943,1,269,337,366,401,0.0000,0.0000,0.0000,0.0000,0.0000,0.0000,
944,1,269,337,366,401,0.0000,0.0000,0.0000,0.0000,0.0000,0.0000,
945,1,269,337,366,401,0.0000,0.0000,0.0000,0.0000,0.0000,0.0000,
946,1,269,337,366,401,0.0000,0.0000,0.0000,0.0000,0.0000,0.0000,
947,1,269,337,366,401,0.0000,0.0000,0.0000,0.0000,0.0000,0.0000,
948,1,269,337,366,401,0.0000,0.0000,0.0000,0.0000,0.0000,0.0000,
949,1,269,337,366,401,0.0000,0.0000,0.0000,0.0000,0.0000,0.0000,
950,1,269,337,366,401,0.0000,0.0000,0.0000,0.0000,0.0000,0.0000,
951,1,269,337,366,401,0.0000,0.0000,0.0000,0.0000,0.0000,0.0000,
952,1,269,337,366,401,0.0000,0.0000,0.0000,0.0000,0.0000,0.0000,
953,1,269,337,366,401,0.0000,0.0000,0.0000,0.0000,0.0000,0.0000,
954,1,269,337,366,401,0.0000,0.0000,0.0000,0.0000,0.0000,0.0000,
955,1,269,337,366,401,0.0000,0.0000,0.0000,0.0000,0.0000,0.0000,
956,1,269,337,366,401,0.0000,0.0000,0.0000,0.0000,0.0000,0.0000,
957,1,269,337,366,401,0.0000,0.0000,0.0000,0.0000,0.0000,0.0000,
958,1,269,337,366,401,0.0000,0.0000,0.0000,0.0000,0.0000,0.0000,
959,1,269,337,366,401,0.0000,0.0000,0.0000,0.0000,0.0000,0.0000,
960,1,269,337,366,401,0.0000,0.0000,0.0000,0.0000,0.0000,0.0000,
961,1,269,337,366,401,0.0000,0.0000,0.0000,0.0000,0.0000,0.0000,
962,1,269,337,366,401,0.0000,0.0000,0.0000,0.0000,0.0000,0.0000,
963,1,269,337,366,401,0.0000,0.0000,0.0000,0.0000,0.0000,0.0000,
964,1,269,337,366,401,0.0000,0.0000,0.0000,0.0000,0.0000,0.0000,
965,1,269,337,366,401,0.0000,0.0000,0.0000,0.0000,0.0000,0.0000,
966,1,269,337,366,401,0.0000,0.0000,0.0000,0.0000,0.0000,0.0000,
967,1,269,337,366,401,0.0000,0.0000,0.0000,0.0000,0.0000,0.0000,
968,1,269,337,366,401,0.0000,0.0000,0.0000,0.0000,0.0000,0.0000,
