1,2,206,187,261,213,0.0000,0.0000,0.0000,0.0000,0.0000,0.0000,
2,2,206,187,261,213,0.0000,0.0000,0.0000,0.0000,0.0000,0.0000,
3,2,206,187,261,213,0.0000,0.0000,0.0000,0.0000,0.0000,0.0000,
4,2,206,187,261,213,0.0000,0.0000,0.0000,0.0000,0.0000,0.0000,
5,2,206,187,261,213,0.0000,0.0000,0.0000,0.0000,0.0000,0.0000,
6,2,206,187,261,213,0.0000,0.0000,0.0000,0.0000,0.0000,0.0000,
7,2,206,187,261,213,0.0000,0.0000,0.0000,0.0000,0.0000,0.0000,
8,2,206,187,261,213,0.0000,0.0000,0.0000,0.0000,0.0000,0.0000,
9,2,206,187,261,213,0.0000,0.0000,0.0000,0.0000,0.0000,0.0000,
10,2,206,187,261,213,0.0000,0.0000,0.0000,0.0000,0.0000,0.0000,
11,2,206,187,261,213,0.0000,0.0000,0.0000,0.0000,0.0000,0.0000,
12,2,206,187,261,213,0.0000,0.0000,0.0000,0.0000,0.0000,0.0000,
13,2,206,187,261,213,0.0000,0.0000,0.0000,0.0000,0.0000,0.0000,
14,2,206,187,261,213,0.0000,0.0000,0.0000,0.0000,0.0000,0.0000,
15,2,206,187,261,213,0.0000,0.0000,0.0000,0.0000,0.0000,0.0000,
16,2,206,187,261,213,0.0000,0.0000,0.0000,0.0000,0.0000,0.0000,
17,2,206,187,261,213,0.0000,0.0000,0.0000,0.0000,0.0000,0.0000,
18,2,206,187,261,213,0.0000,0.0000,0.0000,0.0000,0.0000,0.0000,
19,2,206,187,261,213,0.0000,0.0000,0.0000,0.0000,0.0000,0.0000,
20,2,206,187,261,213,0.0000,0.0000,0.0000,0.0000,0.0000,0.0000,
21,2,206,187,261,213,0.0000,0.0000,0.0000,0.0000,0.0000,0.0000,
22,2,206,187,261,213,0.0000,0.0000,0.0000,0.0000,0.0000,0.0000,
23,2,206,187,261,213,0.0000,0.0000,0.0000,0.0000,0.0000,0.0000,
24,2,206,187,261,213,0.0000,0.0000,0.0000,0.0000,0.0000,0.0000,
25,2,206,187,261,213,0.0000,0.0000,0.0000,0.0000,0.0000,0.0000,
26,2,206,187,261,213,0.0000,0.0000,0.0000,0.0000,0.0000,0.0000,
27,2,206,187,261,213,0.0000,0.0000,0.0000,0.0000,0.0000,0.0000,
28,2,206,187,261,213,0.0000,0.0000,0.0000,0.0000,0.0000,0.0000,
29,2,206,187,261,213,0.0000,0.0000,0.0000,0.0000,0.0000,0.0000,
30,2,206,187,261,213,0.0000,0.0000,0.0000,0.0000,0.0000,0.0000,
31,2,206,187,261,213,0.0000,0.0000,0.0000,0.0000,0.0000,0.0000,
32,2,206,187,261,213,0.0000,0.0000,0.0000,0.0000,0.0000,0.0000,
33,2,206,187,261,213,0.0000,0.0000,0.0000,0.0000,0.0000,0.0000,
34,2,206,187,261,213,0.0000,0.0000,0.0000,0.0000,0.0000,0.0000,
35,2,206,187,261,213,0.0000,0.0000,0.0000,0.0000,0.0000,0.0000,
36,2,206,187,261,213,0.0000,0.0000,0.0000,0.0000,0.0000,0.0000,
37,2,206,187,261,213,0.0000,0.0000,0.0000,0.0000,0.0000,0.0000,
38,2,206,187,261,213,0.0000,0.0000,0.0000,0.0000,0.0000,0.0000,
39,2,206,187,261,213,0.0000,0.0000,0.0000,0.0000,0.0000,0.0000,
40,2,206,187,261,213,0.0000,0.0000,0.0000,0.0000,0.0000,0.0000,
41,2,206,187,261,213,0.0000,0.0000,0.0000,0.0000,0.0000,0.0000,
42,2,206,187,261,213,0.0000,0.0000,0.0000,0.0000,0.0000,0.0000,
43,2,206,187,261,213,0.0000,0.0000,0.0000,0.0000,0.0000,0.0000,
44,2,206,187,261,213,0.0000,0.0000,0.0000,0.0000,0.0000,0.0000,
45,2,206,187,261,213,0.0000,0.0000,0.0000,0.0000,0.0000,0.0000,
46,2,206,187,261,213,0.0000,0.0000,0.0000,0.0000,0.0000,0.0000,
47,2,206,187,261,213,0.0000,0.0000,0.0000,0.0000,0.0000,0.0000,
48,2,206,187,261,213,0.0000,0.0000,0.0000,0.0000,0.0000,0.0000,
49,2,206,187,261,213,0.0000,0.0000,0.0000,0.0000,0.0000,0.0000,
50,2,206,187,261,213,0.0000,0.0000,0.0000,0.0000,0.0000,0.0000,
51,2,206,187,261,213,0.0000,0.0000,0.0000,0.0000,0.0000,0.0000,
52,2,206,187,261,213,0.0000,0.0000,0.0000,0.0000,0.0000,0.0000,
53,2,206,187,261,213,0.0000,0.0000,0.0000,0.0000,0.0000,0.0000,
54,2,206,187,261,213,0.0000,0.0000,0.0000,0.0000,0.0000,0.0000,
55,2,206,187,261,213,0.0000,0.0000,0.0000,0.0000,0.0000,0.0000,
56,2,206,187,261,213,0.0000,0.0000,0.0000,0.0000,0.0000,0.0000,
57,2,206,187,261,213,0.0000,0.0000,0.0000,0.0000,0.0000,0.0000,
58,2,206,187,261,213,0.0000,0.0000,0.0000,0.0000,0.0000,0.0000,
59,2,206,187,261,213,0.0000,0.0000,0.0000,0.0000,0.0000,0.0000,
60,2,206,187,261,213,0.0000,0.0000,0.0000,0.0000,0.0000,0.0000,
61,2,206,187,261,213,0.0000,0.0000,0.0000,0.0000,0.0000,0.0000,
62,2,206,187,261,213,0.0000,0.0000,0.0000,0.0000,0.0000,0.0000,
63,2,206,187,261,213,0.0000,0.0000,0.0000,0.0000,0.0000,0.0000,
64,2,206,187,261,213,0.0000,0.0000,0.0000,0.0000,0.0000,0.0000,
65,2,206,187,261,213,0.0000,0.0000,0.0000,0.0000,0.0000,0.0000,
66,2,206,187,261,213,0.0000,0.0000,0.0000,0.0000,0.0000,0.0000,
67,2,206,187,261,213,0.0000,0.0000,0.0000,0.0000,0.0000,0.0000,
68,2,206,187,261,213,0.0000,0.0000,0.0000,0.0000,0.0000,0.0000,
69,2,206,187,261,213,0.0000,0.0000,0.0000,0.0000,0.0000,0.0000,
70,2,206,187,261,213,0.0000,0.0000,0.0000,0.0000,0.0000,0.0000,
71,2,206,187,261,213,0.0000,0.0000,0.0000,0.0000,0.0000,0.0000,
72,2,206,187,261,213,0.0000,0.0000,0.0000,0.0000,0.0000,0.0000,
73,2,206,187,261,213,0.0000,0.0000,0.0000,0.0000,0.0000,0.0000,
74,2,206,187,261,213,0.0000,0.0000,0.0000,0.0000,0.0000,0.0000,
75,2,206,187,261,213,0.0000,0.0000,0.0000,0.0000,0.0000,0.0000,
76,2,206,187,261,213,0.0000,0.0000,0.0000,0.0000,0.0000,0.0000,
77,2,206,187,261,213,0.0000,0.0000,0.0000,0.0000,0.0000,0.0000,
78,2,206,187,261,213,0.0000,0.0000,0.0000,0.0000,0.0000,0.0000,
79,2,206,187,261,213,0.0000,0.0000,0.0000,0.0000,0.0000,0.0000,
80,2,206,187,261,213,0.0000,0.0000,0.0000,0.0000,0.0000,0.0000,
81,2,206,187,261,213,0.0000,0.0000,0.0000,0.0000,0.0000,0.0000,
82,2,206,187,261,213,0.0000,0.0000,0.0000,0.0000,0.0000,0.0000,
83,2,206,187,261,213,0.0000,0.0000,0.0000,0.0000,0.0000,0.0000,
84,2,206,187,261,213,0.0000,0.0000,0.0000,0.0000,0.0000,0.0000,
85,2,206,187,261,213,0.0000,0.0000,0.0000,0.0000,0.0000,0.0000,
86,2,206,187,261,213,0.0000,0.0000,0.0000,0.0000,0.0000,0.0000,
87,2,206,187,261,213,0.0000,0.0000,0.0000,0.0000,0.0000,0.0000,
88,2,206,187,261,213,0.0000,0.0000,0.0000,0.0000,0.0000,0.0000,
89,2,206,187,261,213,0.0000,0.0000,0.0000,0.0000,0.0000,0.0000,
90,2,206,187,261,213,0.0000,0.0000,0.0000,0.0000,0.0000,0.0000,
91,2,206,187,261,213,0.0000,0.0000,0.0000,0.0000,0.0000,0.0000,
92,2,206,187,261,213,0.0000,0.0000,0.0000,0.0000,0.0000,0.0000,
93,2,206,187,261,213,0.0000,0.0000,0.0000,0.0000,0.0000,0.0000,
94,2,206,187,261,213,0.0000,0.0000,0.0000,0.0000,0.0000,0.0000,
95,2,206,187,261,213,0.0000,0.0000,0.0000,0.0000,0.0000,0.0000,
96,2,206,187,261,213,0.0000,0.0000,0.0000,0.0000,0.0000,0.0000,
97,2,206,187,261,213,0.0000,0.0000,0.0000,0.0000,0.0000,0.0000,
98,2,206,187,261,213,0.0000,0.0000,0.0000,0.0000,0.0000,0.0000,
99,2,206,187,261,213,0.0000,0.0000,0.0000,0.0000,0.0000,0.0000,
100,2,206,187,261,213,0.0000,0.0000,0.0000,0.0000,0.0000,0.0000,
101,2,206,187,261,213,0.0000,0.0000,0.0000,0.0000,0.0000,0.0000,
102,2,206,187,261,213,0.0000,0.0000,0.0000,0.0000,0.0000,0.0000,
103,2,206,187,261,213,0.0000,0.0000,0.0000,0.0000,0.0000,0.0000,
104,2,206,187,261,213,0.0000,0.0000,0.0000,0.0000,0.0000,0.0000,
105,2,206,187,261,213,0.0000,0.0000,0.0000,0.0000,0.0000,0.0000,
106,2,206,187,261,213,0.0000,0.0000,0.0000,0.0000,0.0000,0.0000,
107,2,206,187,261,213,0.0000,0.0000,0.0000,0.0000,0.0000,0.0000,
108,2,206,187,261,213,0.0000,0.0000,0.0000,0.0000,0.0000,0.0000,
109,2,206,187,261,213,0.0000,0.0000,0.0000,0.0000,0.0000,0.0000,
110,2,206,187,261,213,0.0000,0.0000,0.0000,0.0000,0.0000,0.0000,
111,2,206,187,261,213,0.0000,0.0000,0.0000,0.0000,0.0000,0.0000,
112,2,206,187,261,213,0.0000,0.0000,0.0000,0.0000,0.0000,0.0000,
113,2,206,187,261,213,0.0000,0.0000,0.0000,0.0000,0.0000,0.0000,
114,2,206,187,261,213,0.0000,0.0000,0.0000,0.0000,0.0000,0.0000,
115,2,206,187,261,213,0.0000,0.0000,0.0000,0.0000,0.0000,0.0000,
116,2,206,187,261,213,0.0000,0.0000,0.0000,0.0000,0.0000,0.0000,
117,2,206,187,261,213,0.0000,0.0000,0.0000,0.0000,0.0000,0.0000,
118,2,206,187,261,213,0.0000,0.0000,0.0000,0.0000,0.0000,0.0000,
119,2,206,187,261,213,0.0000,0.0000,0.0000,0.0000,0.0000,0.0000,
120,2,206,187,261,213,0.0000,0.0000,0.0000,0.0000,0.0000,0.0000,
121,2,206,187,261,213,0.0000,0.0000,0.0000,0.0000,0.0000,0.0000,
122,2,206,187,261,213,0.0000,0.0000,0.0000,0.0000,0.0000,0.0000,
123,2,206,187,261,213,0.0000,0.0000,0.0000,0.0000,0.0000,0.0000,
124,2,206,187,261,213,0.0000,0.0000,0.0000,0.0000,0.0000,0.0000,
125,2,206,187,261,213,0.0000,0.0000,0.0000,0.0000,0.0000,0.0000,
126,2,206,187,261,213,0.0000,0.0000,0.0000,0.0000,0.0000,0.0000,
127,2,206,187,261,213,0.0000,0.0000,0.0000,0.0000,0.0000,0.0000,
128,2,206,187,261,213,0.0000,0.0000,0.0000,0.0000,0.0000,0.0000,
129,2,206,187,261,213,0.0000,0.0000,0.0000,0.0000,0.0000,0.0000,
130,2,206,187,261,213,0.0000,0.0000,0.0000,0.0000,0.0000,0.0000,
131,2,206,187,261,213,0.0000,0.0000,0.0000,0.0000,0.0000,0.0000,
132,2,206,187,261,213,0.0000,0.0000,0.0000,0.0000,0.0000,0.0000,
133,2,206,187,261,213,0.0000,0.0000,0.0000,0.0000,0.0000,0.0000,
134,2,206,187,261,213,0.0000,0.0000,0.0000,0.0000,0.0000,0.0000,
135,2,206,187,261,213,0.0000,0.0000,0.0000,0.0000,0.0000,0.0000,
136,2,206,187,261,213,0.0000,0.0000,0.0000,0.0000,0.0000,0.0000,
137,2,206,187,261,213,0.0000,0.0000,0.0000,0.0000,0.0000,0.0000,
138,2,206,187,261,213,0.0000,0.0000,0.0000,0.0000,0.0000,0.0000,
139,2,206,187,261,213,0.0000,0.0000,0.0000,0.0000,0.0000,0.0000,
140,2,206,187,261,213,0.0000,0.0000,0.0000,0.0000,0.0000,0.0000,
141,2,206,187,261,213,0.0000,0.0000,0.0000,0.0000,0.0000,0.0000,
142,2,206,187,261,213,0.0000,0.0000,0.0000,0.0000,0.0000,0.0000,
143,2,206,187,261,213,0.0000,0.0000,0.0000,0.0000,0.0000,0.0000,
144,2,206,187,261,213,0.0000,0.0000,0.0000,0.0000,0.0000,0.0000,
145,2,206,187,261,213,0.0000,0.0000,0.0000,0.0000,0.0000,0.0000,
146,2,206,187,261,213,0.0000,0.0000,0.0000,0.0000,0.0000,0.0000,
147,2,206,187,261,213,0.0000,0.0000,0.0000,0.0000,0.0000,0.0000,
148,2,206,187,261,213,0.0000,0.0000,0.0000,0.0000,0.0000,0.0000,
149,2,206,187,261,213,0.0000,0.0000,0.0000,0.0000,0.0000,0.0000,
150,2,206,187,261,213,0.0000,0.0000,0.0000,0.0000,0.0000,0.0000,
151,2,206,187,261,213,0.0000,0.0000,0.0000,0.0000,0.0000,0.0000,
152,2,206,187,261,213,0.0000,0.0000,0.0000,0.0000,0.0000,0.0000,
153,2,206,187,261,213,0.0000,0.0000,0.0000,0.0000,0.0000,0.0000,
154,2,206,187,261,213,0.0000,0.0000,0.0000,0.0000,0.0000,0.0000,
155,2,206,187,261,213,0.0000,0.0000,0.0000,0.0000,0.0000,0.0000,
156,2,206,187,261,213,0.0000,0.0000,0.0000,0.0000,0.0000,0.0000,
157,2,206,187,261,213,0.0000,0.0000,0.0000,0.0000,0.0000,0.0000,
158,2,206,187,261,213,0.0000,0.0000,0.0000,0.0000,0.0000,0.0000,
159,2,206,187,261,213,0.0000,0.0000,0.0000,0.0000,0.0000,0.0000,
160,2,206,187,261,213,0.0000,0.0000,0.0000,0.0000,0.0000,0.0000,
161,2,206,187,261,213,0.0000,0.0000,0.0000,0.0000,0.0000,0.0000,
162,2,206,187,261,213,0.0000,0.0000,0.0000,0.0000,0.0000,0.0000,
163,2,206,187,261,213,0.0000,0.0000,0.0000,0.0000,0.0000,0.0000,
164,2,206,187,261,213,0.0000,0.0000,0.0000,0.0000,0.0000,0.0000,
165,2,206,187,261,213,0.0000,0.0000,0.0000,0.0000,0.0000,0.0000,
166,2,206,187,261,213,0.0000,0.0000,0.0000,0.0000,0.0000,0.0000,
167,2,206,187,261,213,0.0000,0.0000,0.0000,0.0000,0.0000,0.0000,
168,2,206,187,261,213,0.0000,0.0000,0.0000,0.0000,0.0000,0.0000,
169,2,206,187,261,213,0.0000,0.0000,0.0000,0.0000,0.0000,0.0000,
170,2,206,187,261,213,0.0000,0.0000,0.0000,0.0000,0.0000,0.0000,
171,2,206,187,261,213,0.0000,0.0000,0.0000,0.0000,0.0000,0.0000,
172,2,206,187,261,213,0.0000,0.0000,0.0000,0.0000,0.0000,0.0000,
173,2,206,187,261,213,0.0000,0.0000,0.0000,0.0000,0.0000,0.0000,
174,2,206,187,261,213,0.0000,0.0000,0.0000,0.0000,0.0000,0.0000,
175,2,206,187,261,213,0.0000,0.0000,0.0000,0.0000,0.0000,0.0000,
176,2,206,187,261,213,0.0000,0.0000,0.0000,0.0000,0.0000,0.0000,
177,2,206,187,261,213,0.0000,0.0000,0.0000,0.0000,0.0000,0.0000,
178,2,206,187,261,213,0.0000,0.0000,0.0000,0.0000,0.0000,0.0000,
179,2,206,187,261,213,0.0000,0.0000,0.0000,0.0000,0.0000,0.0000,
180,2,206,187,261,213,0.0000,0.0000,0.0000,0.0000,0.0000,0.0000,
181,2,206,187,261,213,0.0000,0.0000,0.0000,0.0000,0.0000,0.0000,
182,2,206,187,261,213,0.0000,0.0000,0.0000,0.0000,0.0000,0.0000,
183,2,206,187,261,213,0.0000,0.0000,0.0000,0.0000,0.0000,0.0000,
184,2,206,187,261,213,0.0000,0.0000,0.0000,0.0000,0.0000,0.0000,
185,2,206,187,261,213,0.0000,0.0000,0.0000,0.0000,0.0000,0.0000,
186,2,206,187,261,213,0.0000,0.0000,0.0000,0.0000,0.0000,0.0000,
187,2,206,187,261,213,0.0000,0.0000,0.0000,0.0000,0.0000,0.0000,
188,2,206,187,261,213,0.0000,0.0000,0.0000,0.0000,0.0000,0.0000,
189,2,206,187,261,213,0.0000,0.0000,0.0000,0.0000,0.0000,0.0000,
190,2,206,187,261,213,0.0000,0.0000,0.0000,0.0000,0.0000,0.0000,
191,2,206,187,261,213,0.0000,0.0000,0.0000,0.0000,0.0000,0.0000,
192,2,206,187,261,213,0.0000,0.0000,0.0000,0.0000,0.0000,0.0000,
193,2,206,187,261,213,0.0000,0.0000,0.0000,0.0000,0.0000,0.0000,
194,2,206,187,261,213,0.0000,0.0000,0.0000,0.0000,0.0000,0.0000,
195,2,206,187,261,213,0.0000,0.0000,0.0000,0.0000,0.0000,0.0000,
196,2,206,187,261,213,0.0000,0.0000,0.0000,0.0000,0.0000,0.0000,
197,2,206,187,261,213,0.0000,0.0000,0.0000,0.0000,0.0000,0.0000,
198,2,206,187,261,213,0.0000,0.0000,0.0000,0.0000,0.0000,0.0000,
199,2,206,187,261,213,0.0000,0.0000,0.0000,0.0000,0.0000,0.0000,
200,2,206,187,261,213,0.0000,0.0000,0.0000,0.0000,0.0000,0.0000,
201,2,205,186,260,214,0.0000,0.0000,0.0000,0.0000,0.0000,0.0000,
202,2,206,186,271,216,0.0000,0.0000,0.0000,0.0000,0.0000,0.0000,
203,2,208,183,266,210,0.0000,0.0000,0.0000,0.0000,0.0000,0.0000,
204,2,203,184,271,212,0.0000,0.0000,0.0000,0.0000,0.0000,0.0000,
205,2,205,184,265,214,0.0000,0.0000,0.0000,0.0000,0.0000,0.0000,
206,2,202,184,262,218,0.0000,0.0000,0.0000,0.0000,0.0000,0.0000,
207,2,202,183,261,214,0.0000,0.0000,0.0000,0.0000,0.0000,0.0000,
208,2,204,184,261,213,0.0000,0.0000,0.0000,0.0000,0.0000,0.0000,
209,2,205,184,260,217,0.0000,0.0000,0.0000,0.0000,0.0000,0.0000,
210,2,202,186,257,217,0.0000,0.0000,0.0000,0.0000,0.0000,0.0000,
211,2,202,185,261,214,0.0000,0.0000,0.0000,0.0000,0.0000,0.0000,
212,2,194,182,259,213,0.0000,0.0000,0.0000,0.0000,0.0000,0.0000,
213,2,201,181,260,214,0.0000,0.0000,0.0000,0.0000,0.0000,0.0000,
214,2,204,181,265,215,0.0000,0.0000,0.0000,0.0000,0.0000,0.0000,
215,2,202,177,262,217,0.0000,0.0000,0.0000,0.0000,0.0000,0.0000,
216,2,204,175,261,210,0.0000,0.0000,0.0000,0.0000,0.0000,0.0000,
217,2,207,172,265,212,0.0000,0.0000,0.0000,0.0000,0.0000,0.0000,
218,2,207,169,255,206,0.0000,0.0000,0.0000,0.0000,0.0000,0.0000,
219,2,204,164,262,211,0.0000,0.0000,0.0000,0.0000,0.0000,0.0000,
220,2,210,163,259,211,0.0000,0.0000,0.0000,0.0000,0.0000,0.0000,
221,2,211,171,259,211,0.0000,0.0000,0.0000,0.0000,0.0000,0.0000,
222,2,209,171,262,209,0.0000,0.0000,0.0000,0.0000,0.0000,0.0000,
223,2,211,178,265,214,0.0000,0.0000,0.0000,0.0000,0.0000,0.0000,
224,2,211,186,268,216,1.0440,-0.1549,-0.0423,0.8337,12.6165,18.6634,
225,2,211,189,264,228,3.5134,-10.7477,0.0719,0.4316,76.2178,20.4103,
226,2,212,194,265,233,0.9880,0.0537,-0.0416,1.0015,9.6569,16.0277,
227,2,212,200,266,237,1.0221,0.0529,-0.0607,0.9543,8.2253,16.9345,
228,2,212,207,264,238,0.9631,-0.0009,-0.0246,0.8284,9.9252,17.6102,
229,2,211,211,261,244,0.9513,-0.3546,-0.0018,1.0562,14.4918,13.4031,
230,2,210,217,261,245,1.0239,0.1694,-0.0537,0.8546,5.7209,16.8573,
231,2,207,213,259,247,0.9996,0.0211,-0.0316,0.8313,8.5156,16.1436,
232,2,205,218,258,250,1.0042,0.0165,-0.0413,0.9656,7.5712,15.1824,
233,2,204,221,255,253,0.9670,-0.1898,-0.0145,1.0001,11.5846,13.2828,
234,2,199,219,257,256,0.8477,-0.7505,-0.4195,-0.4823,21.8546,45.8504,
235,2,195,222,251,261,1.0027,-0.2823,0.0281,1.1242,11.4353,9.5009,
236,2,195,219,251,263,0.9388,-0.1152,-0.0102,0.9610,9.9858,13.3733,
237,2,189,225,247,264,0.0000,0.0000,0.0000,0.0000,0.0000,0.0000,
238,2,186,223,242,265,0.0000,0.0000,0.0000,0.0000,0.0000,0.0000,
239,2,183,226,240,264,0.0000,0.0000,0.0000,0.0000,0.0000,0.0000,
240,2,182,228,239,263,0.0000,0.0000,0.0000,0.0000,0.0000,0.0000,
241,2,186,232,242,268,0.0000,0.0000,0.0000,0.0000,0.0000,0.0000,
242,2,187,234,237,268,0.0000,0.0000,0.0000,0.0000,0.0000,0.0000,
243,2,188,233,240,271,0.0000,0.0000,0.0000,0.0000,0.0000,0.0000,
244,2,187,238,237,270,0.0000,0.0000,0.0000,0.0000,0.0000,0.0000,
245,2,187,239,238,269,0.0000,0.0000,0.0000,0.0000,0.0000,0.0000,
246,2,187,240,236,270,0.0000,0.0000,0.0000,0.0000,0.0000,0.0000,
247,2,187,238,239,271,0.0000,0.0000,0.0000,0.0000,0.0000,0.0000,
248,2,188,240,238,272,0.0000,0.0000,0.0000,0.0000,0.0000,0.0000,
249,2,188,242,232,272,0.0000,0.0000,0.0000,0.0000,0.0000,0.0000,
250,2,188,239,232,270,0.0000,0.0000,0.0000,0.0000,0.0000,0.0000,
251,2,0,0,0,0,0.0000,0.0000,0.0000,0.0000,0.0000,0.0000,
252,2,0,0,0,0,0.0000,0.0000,0.0000,0.0000,0.0000,0.0000,
253,2,0,0,0,0,0.0000,0.0000,0.0000,0.0000,0.0000,0.0000,
254,2,0,0,0,0,0.0000,0.0000,0.0000,0.0000,0.0000,0.0000,
255,2,0,0,0,0,0.0000,0.0000,0.0000,0.0000,0.0000,0.0000,
256,2,0,0,0,0,0.0000,0.0000,0.0000,0.0000,0.0000,0.0000,
257,2,0,0,0,0,0.0000,0.0000,0.0000,0.0000,0.0000,0.0000,
258,2,0,0,0,0,0.0000,0.0000,0.0000,0.0000,0.0000,0.0000,
259,2,0,0,0,0,0.0000,0.0000,0.0000,0.0000,0.0000,0.0000,
260,2,0,0,0,0,0.0000,0.0000,0.0000,0.0000,0.0000,0.0000,
261,2,0,0,0,0,0.0000,0.0000,0.0000,0.0000,0.0000,0.0000,
262,2,0,0,0,0,0.0000,0.0000,0.0000,0.0000,0.0000,0.0000,
263,2,0,0,0,0,0.0000,0.0000,0.0000,0.0000,0.0000,0.0000,
264,2,0,0,0,0,0.0000,0.0000,0.0000,0.0000,0.0000,0.0000,
265,2,0,0,0,0,0.0000,0.0000,0.0000,0.0000,0.0000,0.0000,
266,2,0,0,0,0,0.0000,0.0000,0.0000,0.0000,0.0000,0.0000,
267,2,0,0,0,0,0.0000,0.0000,0.0000,0.0000,0.0000,0.0000,
268,2,0,0,0,0,0.0000,0.0000,0.0000,0.0000,0.0000,0.0000,
269,2,0,0,0,0,0.0000,0.0000,0.0000,0.0000,0.0000,0.0000,
270,2,0,0,0,0,0.0000,0.0000,0.0000,0.0000,0.0000,0.0000,
271,2,0,0,0,0,0.0000,0.0000,0.0000,0.0000,0.0000,0.0000,
272,2,0,0,0,0,0.0000,0.0000,0.0000,0.0000,0.0000,0.0000,
273,2,0,0,0,0,0.0000,0.0000,0.0000,0.0000,0.0000,0.0000,
274,2,0,0,0,0,0.0000,0.0000,0.0000,0.0000,0.0000,0.0000,
275,2,0,0,0,0,0.0000,0.0000,0.0000,0.0000,0.0000,0.0000,
276,2,0,0,0,0,0.0000,0.0000,0.0000,0.0000,0.0000,0.0000,
277,2,0,0,0,0,0.0000,0.0000,0.0000,0.0000,0.0000,0.0000,
278,2,0,0,0,0,0.0000,0.0000,0.0000,0.0000,0.0000,0.0000,
279,2,0,0,0,0,0.0000,0.0000,0.0000,0.0000,0.0000,0.0000,
280,2,0,0,0,0,0.0000,0.0000,0.0000,0.0000,0.0000,0.0000,
281,2,0,0,0,0,0.0000,0.0000,0.0000,0.0000,0.0000,0.0000,
282,2,0,0,0,0,0.0000,0.0000,0.0000,0.0000,0.0000,0.0000,
283,2,0,0,0,0,0.0000,0.0000,0.0000,0.0000,0.0000,0.0000,
284,2,0,0,0,0,0.0000,0.0000,0.0000,0.0000,0.0000,0.0000,
285,2,0,0,0,0,0.0000,0.0000,0.0000,0.0000,0.0000,0.0000,
286,2,0,0,0,0,0.0000,0.0000,0.0000,0.0000,0.0000,0.0000,
287,2,0,0,0,0,0.0000,0.0000,0.0000,0.0000,0.0000,0.0000,
288,2,0,0,0,0,0.0000,0.0000,0.0000,0.0000,0.0000,0.0000,
289,2,0,0,0,0,0.0000,0.0000,0.0000,0.0000,0.0000,0.0000,
290,2,0,0,0,0,0.0000,0.0000,0.0000,0.0000,0.0000,0.0000,
291,2,0,0,0,0,0.0000,0.0000,0.0000,0.0000,0.0000,0.0000,
292,2,0,0,0,0,0.0000,0.0000,0.0000,0.0000,0.0000,0.0000,
293,2,0,0,0,0,0.0000,0.0000,0.0000,0.0000,0.0000,0.0000,
294,2,0,0,0,0,0.0000,0.0000,0.0000,0.0000,0.0000,0.0000,
295,2,0,0,0,0,0.0000,0.0000,0.0000,0.0000,0.0000,0.0000,
296,2,0,0,0,0,0.0000,0.0000,0.0000,0.0000,0.0000,0.0000,
297,2,0,0,0,0,0.0000,0.0000,0.0000,0.0000,0.0000,0.0000,
298,2,0,0,0,0,0.0000,0.0000,0.0000,0.0000,0.0000,0.0000,
299,2,0,0,0,0,0.0000,0.0000,0.0000,0.0000,0.0000,0.0000,
300,2,0,0,0,0,0.0000,0.0000,0.0000,0.0000,0.0000,0.0000,
301,2,0,0,0,0,0.0000,0.0000,0.0000,0.0000,0.0000,0.0000,
302,2,0,0,0,0,0.0000,0.0000,0.0000,0.0000,0.0000,0.0000,
303,2,0,0,0,0,0.0000,0.0000,0.0000,0.0000,0.0000,0.0000,
304,2,0,0,0,0,0.0000,0.0000,0.0000,0.0000,0.0000,0.0000,
305,2,0,0,0,0,0.0000,0.0000,0.0000,0.0000,0.0000,0.0000,
306,2,0,0,0,0,0.0000,0.0000,0.0000,0.0000,0.0000,0.0000,
307,2,0,0,0,0,0.0000,0.0000,0.0000,0.0000,0.0000,0.0000,
308,2,0,0,0,0,0.0000,0.0000,0.0000,0.0000,0.0000,0.0000,
309,2,0,0,0,0,0.0000,0.0000,0.0000,0.0000,0.0000,0.0000,
310,2,0,0,0,0,0.0000,0.0000,0.0000,0.0000,0.0000,0.0000,
311,2,0,0,0,0,0.0000,0.0000,0.0000,0.0000,0.0000,0.0000,
312,2,0,0,0,0,0.0000,0.0000,0.0000,0.0000,0.0000,0.0000,
313,2,0,0,0,0,0.0000,0.0000,0.0000,0.0000,0.0000,0.0000,
314,2,0,0,0,0,0.0000,0.0000,0.0000,0.0000,0.0000,0.0000,
315,2,0,0,0,0,0.0000,0.0000,0.0000,0.0000,0.0000,0.0000,
316,2,0,0,0,0,0.0000,0.0000,0.0000,0.0000,0.0000,0.0000,
317,2,0,0,0,0,0.0000,0.0000,0.0000,0.0000,0.0000,0.0000,
318,2,0,0,0,0,0.0000,0.0000,0.0000,0.0000,0.0000,0.0000,
319,2,0,0,0,0,0.0000,0.0000,0.0000,0.0000,0.0000,0.0000,
320,2,0,0,0,0,0.0000,0.0000,0.0000,0.0000,0.0000,0.0000,
321,2,0,0,0,0,0.0000,0.0000,0.0000,0.0000,0.0000,0.0000,
322,2,0,0,0,0,0.0000,0.0000,0.0000,0.0000,0.0000,0.0000,
323,2,0,0,0,0,0.0000,0.0000,0.0000,0.0000,0.0000,0.0000,
324,2,0,0,0,0,0.0000,0.0000,0.0000,0.0000,0.0000,0.0000,
325,2,0,0,0,0,0.0000,0.0000,0.0000,0.0000,0.0000,0.0000,
326,2,0,0,0,0,0.0000,0.0000,0.0000,0.0000,0.0000,0.0000,
327,2,0,0,0,0,0.0000,0.0000,0.0000,0.0000,0.0000,0.0000,
328,2,0,0,0,0,0.0000,0.0000,0.0000,0.0000,0.0000,0.0000,
329,2,0,0,0,0,0.0000,0.0000,0.0000,0.0000,0.0000,0.0000,
330,2,0,0,0,0,0.0000,0.0000,0.0000,0.0000,0.0000,0.0000,
331,2,0,0,0,0,0.0000,0.0000,0.0000,0.0000,0.0000,0.0000,
332,2,0,0,0,0,0.0000,0.0000,0.0000,0.0000,0.0000,0.0000,
333,2,0,0,0,0,0.0000,0.0000,0.0000,0.0000,0.0000,0.0000,
334,2,0,0,0,0,0.0000,0.0000,0.0000,0.0000,0.0000,0.0000,
335,2,0,0,0,0,0.0000,0.0000,0.0000,0.0000,0.0000,0.0000,
336,2,0,0,0,0,0.0000,0.0000,0.0000,0.0000,0.0000,0.0000,
337,2,0,0,0,0,0.0000,0.0000,0.0000,0.0000,0.0000,0.0000,
338,2,0,0,0,0,0.0000,0.0000,0.0000,0.0000,0.0000,0.0000,
339,2,0,0,0,0,0.0000,0.0000,0.0000,0.0000,0.0000,0.0000,
340,2,0,0,0,0,0.0000,0.0000,0.0000,0.0000,0.0000,0.0000,
341,2,0,0,0,0,0.0000,0.0000,0.0000,0.0000,0.0000,0.0000,
342,2,0,0,0,0,0.0000,0.0000,0.0000,0.0000,0.0000,0.0000,
343,2,0,0,0,0,0.0000,0.0000,0.0000,0.0000,0.0000,0.0000,
344,2,0,0,0,0,0.0000,0.0000,0.0000,0.0000,0.0000,0.0000,
345,2,0,0,0,0,0.0000,0.0000,0.0000,0.0000,0.0000,0.0000,
346,2,0,0,0,0,0.0000,0.0000,0.0000,0.0000,0.0000,0.0000,
347,2,0,0,0,0,0.0000,0.0000,0.0000,0.0000,0.0000,0.0000,
348,2,0,0,0,0,0.0000,0.0000,0.0000,0.0000,0.0000,0.0000,
349,2,0,0,0,0,0.0000,0.0000,0.0000,0.0000,0.0000,0.0000,
350,2,0,0,0,0,0.0000,0.0000,0.0000,0.0000,0.0000,0.0000,
351,2,0,0,0,0,0.0000,0.0000,0.0000,0.0000,0.0000,0.0000,
352,2,0,0,0,0,0.0000,0.0000,0.0000,0.0000,0.0000,0.0000,
353,2,0,0,0,0,0.0000,0.0000,0.0000,0.0000,0.0000,0.0000,
354,2,0,0,0,0,0.0000,0.0000,0.0000,0.0000,0.0000,0.0000,
355,2,0,0,0,0,0.0000,0.0000,0.0000,0.0000,0.0000,0.0000,
356,2,0,0,0,0,0.0000,0.0000,0.0000,0.0000,0.0000,0.0000,
357,2,0,0,0,0,0.0000,0.0000,0.0000,0.0000,0.0000,0.0000,
358,2,0,0,0,0,0.0000,0.0000,0.0000,0.0000,0.0000,0.0000,
359,2,0,0,0,0,0.0000,0.0000,0.0000,0.0000,0.0000,0.0000,
360,2,0,0,0,0,0.0000,0.0000,0.0000,0.0000,0.0000,0.0000,
361,2,0,0,0,0,0.0000,0.0000,0.0000,0.0000,0.0000,0.0000,
362,2,0,0,0,0,0.0000,0.0000,0.0000,0.0000,0.0000,0.0000,
363,2,0,0,0,0,0.0000,0.0000,0.0000,0.0000,0.0000,0.0000,
364,2,0,0,0,0,0.0000,0.0000,0.0000,0.0000,0.0000,0.0000,
365,2,0,0,0,0,0.0000,0.0000,0.0000,0.0000,0.0000,0.0000,
366,2,0,0,0,0,0.0000,0.0000,0.0000,0.0000,0.0000,0.0000,
367,2,0,0,0,0,0.0000,0.0000,0.0000,0.0000,0.0000,0.0000,
368,2,0,0,0,0,0.0000,0.0000,0.0000,0.0000,0.0000,0.0000,
369,2,0,0,0,0,0.0000,0.0000,0.0000,0.0000,0.0000,0.0000,
370,2,0,0,0,0,0.0000,0.0000,0.0000,0.0000,0.0000,0.0000,
371,2,0,0,0,0,0.0000,0.0000,0.0000,0.0000,0.0000,0.0000,
372,2,0,0,0,0,0.0000,0.0000,0.0000,0.0000,0.0000,0.0000,
373,2,0,0,0,0,0.0000,0.0000,0.0000,0.0000,0.0000,0.0000,
374,2,0,0,0,0,0.0000,0.0000,0.0000,0.0000,0.0000,0.0000,
375,2,0,0,0,0,0.0000,0.0000,0.0000,0.0000,0.0000,0.0000,
376,2,0,0,0,0,0.0000,0.0000,0.0000,0.0000,0.0000,0.0000,
377,2,0,0,0,0,0.0000,0.0000,0.0000,0.0000,0.0000,0.0000,
378,2,0,0,0,0,0.0000,0.0000,0.0000,0.0000,0.0000,0.0000,
379,2,0,0,0,0,0.0000,0.0000,0.0000,0.0000,0.0000,0.0000,
380,2,0,0,0,0,0.0000,0.0000,0.0000,0.0000,0.0000,0.0000,
381,2,0,0,0,0,0.0000,0.0000,0.0000,0.0000,0.0000,0.0000,
382,2,0,0,0,0,0.0000,0.0000,0.0000,0.0000,0.0000,0.0000,
383,2,0,0,0,0,0.0000,0.0000,0.0000,0.0000,0.0000,0.0000,
384,2,0,0,0,0,0.0000,0.0000,0.0000,0.0000,0.0000,0.0000,
385,2,0,0,0,0,0.0000,0.0000,0.0000,0.0000,0.0000,0.0000,
386,2,0,0,0,0,0.0000,0.0000,0.0000,0.0000,0.0000,0.0000,
387,2,0,0,0,0,0.0000,0.0000,0.0000,0.0000,0.0000,0.0000,
388,2,0,0,0,0,0.0000,0.0000,0.0000,0.0000,0.0000,0.0000,
389,2,0,0,0,0,0.0000,0.0000,0.0000,0.0000,0.0000,0.0000,
390,2,0,0,0,0,0.0000,0.0000,0.0000,0.0000,0.0000,0.0000,
391,2,0,0,0,0,0.0000,0.0000,0.0000,0.0000,0.0000,0.0000,
392,2,0,0,0,0,0.0000,0.0000,0.0000,0.0000,0.0000,0.0000,
393,2,0,0,0,0,0.0000,0.0000,0.0000,0.0000,0.0000,0.0000,
394,2,0,0,0,0,0.0000,0.0000,0.0000,0.0000,0.0000,0.0000,
395,2,0,0,0,0,0.0000,0.0000,0.0000,0.0000,0.0000,0.0000,
396,2,0,0,0,0,0.0000,0.0000,0.0000,0.0000,0.0000,0.0000,
397,2,0,0,0,0,0.0000,0.0000,0.0000,0.0000,0.0000,0.0000,
398,2,0,0,0,0,0.0000,0.0000,0.0000,0.0000,0.0000,0.0000,
399,2,0,0,0,0,0.0000,0.0000,0.0000,0.0000,0.0000,0.0000,
400,2,0,0,0,0,0.0000,0.0000,0.0000,0.0000,0.0000,0.0000,
401,2,181,237,237,267,1.0000,0.0002,0.0000,0.9998,9.9974,10.0021,
402,2,181,237,237,267,1.0059,0.1619,-0.0024,0.9067,7.0504,10.9895,
403,2,189,240,237,270,0.8141,-0.8406,-0.1103,0.4224,31.3444,23.7883,
404,2,189,240,237,270,0.9736,-0.0732,0.0160,1.0763,11.8411,7.9746,
405,2,188,241,240,269,1.0921,0.1908,-0.0643,0.9510,5.3512,11.6819,
406,2,189,242,242,267,1.0149,0.1676,-0.0031,0.8956,7.9544,10.6572,
407,2,190,238,243,271,0.0000,0.0000,0.0000,0.0000,0.0000,0.0000,
408,2,191,236,244,270,1.0097,0.0423,0.0098,1.0275,9.4802,7.3558,
409,2,191,233,245,271,1.0159,-0.1304,0.0940,1.0943,12.0522,4.1869,
410,2,192,231,247,271,1.0048,-0.0465,0.0366,1.0284,11.7283,6.8985,
411,2,195,229,249,272,0.9836,-0.0566,0.0004,1.0714,13.1706,7.5220,
412,2,199,227,250,273,0.9564,-0.0778,-0.0022,1.0728,15.0095,7.3273,
413,2,202,225,252,273,0.9719,-0.0714,0.0221,1.0477,14.5252,7.0271,
414,2,204,223,254,273,1.0101,-0.0692,0.0129,1.0388,13.0663,7.0785,
415,2,207,220,255,272,0.9545,-0.0890,0.0224,1.0265,14.6613,6.1581,
416,2,209,216,255,270,0.9715,-0.1259,0.0320,1.0414,14.3496,4.8262,
417,2,204,213,262,257,1.0506,-0.0983,0.1205,1.0387,11.9735,0.9181,
418,2,207,205,265,251,0.0000,0.0000,0.0000,0.0000,0.0000,0.0000,
419,2,210,197,265,244,0.0000,0.0000,0.0000,0.0000,0.0000,0.0000,
420,2,209,191,264,235,0.9391,3.1888,0.3093,1.1049,-16.5392,-5.3004,
421,2,210,178,266,232,0.0000,0.0000,0.0000,0.0000,0.0000,0.0000,
422,2,205,170,260,225,0.0000,0.0000,0.0000,0.0000,0.0000,0.0000,
423,2,204,166,262,216,0.0000,0.0000,0.0000,0.0000,0.0000,0.0000,
424,2,206,160,258,215,0.0000,0.0000,0.0000,0.0000,0.0000,0.0000,
425,2,202,153,255,208,2.0402,-0.0181,1.9976,-0.2495,4.3228,16.6850,
426,2,197,154,253,205,1.2748,-0.1873,0.0003,0.9428,4.0129,10.5879,
427,2,199,159,248,205,0.8936,0.1426,0.0615,0.9078,7.3258,12.6297,
428,2,196,159,246,206,1.1306,-0.0779,-0.2209,1.1334,5.4335,17.2690,
429,2,192,163,250,205,1.4601,-0.2071,-0.0710,0.9977,-3.1899,15.1074,
430,2,195,165,248,207,4.8470,1.4777,0.8998,1.4142,-166.0139,-29.3474,
431,2,194,169,249,213,1.0309,-0.0443,-0.0866,1.0588,9.6942,15.4368,
432,2,193,176,245,208,1.1587,-0.1653,-0.0530,1.0168,7.9217,14.8884,
433,2,187,179,248,219,1.1657,-0.1688,-0.2718,1.2400,6.7347,19.9771,
434,2,226,188,259,231,-0.5396,0.4519,-0.4653,1.0689,72.7637,33.2502,
435,2,198,184,249,216,-2.8242,1.5682,-2.0979,1.5550,47.2764,35.4896,
436,2,198,186,250,216,1.0119,-0.1855,0.0175,0.9458,12.9662,10.6294,
437,2,198,186,250,216,1.0162,-0.1609,0.0301,1.0113,11.7576,8.4099,
438,2,198,186,252,216,1.0261,-0.0939,-0.0330,0.9806,11.1052,10.6156,
439,2,198,185,254,216,1.0216,0.0593,0.0576,1.0430,8.9353,6.5005,
440,2,197,183,256,218,1.0361,-0.0082,-0.0047,1.1212,9.1249,7.5620,
441,2,197,183,256,218,0.9992,-0.0819,-0.0018,1.0592,12.0710,8.4604,
442,2,196,179,250,211,1.0497,-0.3077,-0.0471,1.2920,16.2249,4.0506,
443,2,204,174,250,213,0.8650,-0.4470,0.0694,1.2227,24.4415,2.5210,
444,2,204,173,254,214,1.0966,-0.1584,0.0348,1.0615,12.3715,7.4065,
445,2,204,173,254,214,0.9974,-0.0961,-0.0110,1.0449,12.9352,9.0704,
446,2,199,186,251,212,0.5530,0.0243,-0.7433,1.3373,25.4946,28.6721,
447,2,192,184,251,210,0.0000,0.0000,0.0000,0.0000,0.0000,0.0000,
448,2,199,185,252,211,0.0000,0.0000,0.0000,0.0000,0.0000,0.0000,
449,2,203,185,245,207,0.0000,0.0000,0.0000,0.0000,0.0000,0.0000,
450,2,198,184,246,208,0.0000,0.0000,0.0000,0.0000,0.0000,0.0000,
451,2,190,188,263,221,0.0000,0.0000,0.0000,0.0000,0.0000,0.0000,
452,2,190,188,263,221,0.0000,0.0000,0.0000,0.0000,0.0000,0.0000,
453,2,190,188,263,221,0.0000,0.0000,0.0000,0.0000,0.0000,0.0000,
454,2,190,188,263,221,0.0000,0.0000,0.0000,0.0000,0.0000,0.0000,
455,2,190,188,263,221,0.0000,0.0000,0.0000,0.0000,0.0000,0.0000,
456,2,190,188,263,221,0.0000,0.0000,0.0000,0.0000,0.0000,0.0000,
457,2,190,188,263,221,0.0000,0.0000,0.0000,0.0000,0.0000,0.0000,
458,2,190,188,263,221,0.0000,0.0000,0.0000,0.0000,0.0000,0.0000,
459,2,190,188,263,221,0.0000,0.0000,0.0000,0.0000,0.0000,0.0000,
460,2,190,188,263,221,0.0000,0.0000,0.0000,0.0000,0.0000,0.0000,
461,2,190,188,263,221,0.0000,0.0000,0.0000,0.0000,0.0000,0.0000,
462,2,190,188,263,221,0.0000,0.0000,0.0000,0.0000,0.0000,0.0000,
463,2,190,188,263,221,0.0000,0.0000,0.0000,0.0000,0.0000,0.0000,
464,2,190,188,263,221,0.0000,0.0000,0.0000,0.0000,0.0000,0.0000,
465,2,190,188,263,221,0.0000,0.0000,0.0000,0.0000,0.0000,0.0000,
466,2,190,188,263,221,0.0000,0.0000,0.0000,0.0000,0.0000,0.0000,
467,2,190,188,263,221,0.0000,0.0000,0.0000,0.0000,0.0000,0.0000,
468,2,190,188,263,221,0.0000,0.0000,0.0000,0.0000,0.0000,0.0000,
469,2,190,188,263,221,0.0000,0.0000,0.0000,0.0000,0.0000,0.0000,
470,2,190,188,263,221,0.0000,0.0000,0.0000,0.0000,0.0000,0.0000,
471,2,190,188,263,221,0.0000,0.0000,0.0000,0.0000,0.0000,0.0000,
472,2,190,188,263,221,0.0000,0.0000,0.0000,0.0000,0.0000,0.0000,
473,2,190,188,263,221,0.0000,0.0000,0.0000,0.0000,0.0000,0.0000,
474,2,190,188,263,221,0.0000,0.0000,0.0000,0.0000,0.0000,0.0000,
475,2,190,188,263,221,0.0000,0.0000,0.0000,0.0000,0.0000,0.0000,
476,2,190,188,263,221,0.0000,0.0000,0.0000,0.0000,0.0000,0.0000,
477,2,190,188,263,221,0.0000,0.0000,0.0000,0.0000,0.0000,0.0000,
478,2,190,188,263,221,0.0000,0.0000,0.0000,0.0000,0.0000,0.0000,
479,2,190,188,263,221,0.0000,0.0000,0.0000,0.0000,0.0000,0.0000,
480,2,190,188,263,221,0.0000,0.0000,0.0000,0.0000,0.0000,0.0000,
481,2,190,188,263,221,0.0000,0.0000,0.0000,0.0000,0.0000,0.0000,
482,2,190,188,263,221,0.0000,0.0000,0.0000,0.0000,0.0000,0.0000,
483,2,190,188,263,221,0.0000,0.0000,0.0000,0.0000,0.0000,0.0000,
484,2,190,188,263,221,0.0000,0.0000,0.0000,0.0000,0.0000,0.0000,
485,2,190,188,263,221,0.0000,0.0000,0.0000,0.0000,0.0000,0.0000,
486,2,190,188,263,221,0.0000,0.0000,0.0000,0.0000,0.0000,0.0000,
487,2,190,188,263,221,0.0000,0.0000,0.0000,0.0000,0.0000,0.0000,
488,2,190,188,263,221,0.0000,0.0000,0.0000,0.0000,0.0000,0.0000,
489,2,190,188,263,221,0.0000,0.0000,0.0000,0.0000,0.0000,0.0000,
490,2,190,188,263,221,0.0000,0.0000,0.0000,0.0000,0.0000,0.0000,
491,2,190,188,263,221,0.0000,0.0000,0.0000,0.0000,0.0000,0.0000,
492,2,190,188,263,221,0.0000,0.0000,0.0000,0.0000,0.0000,0.0000,
493,2,190,188,263,221,0.0000,0.0000,0.0000,0.0000,0.0000,0.0000,
494,2,190,188,263,221,0.0000,0.0000,0.0000,0.0000,0.0000,0.0000,
495,2,190,188,263,221,0.0000,0.0000,0.0000,0.0000,0.0000,0.0000,
496,2,190,188,263,221,0.0000,0.0000,0.0000,0.0000,0.0000,0.0000,
497,2,190,188,263,221,0.0000,0.0000,0.0000,0.0000,0.0000,0.0000,
498,2,190,188,263,221,0.0000,0.0000,0.0000,0.0000,0.0000,0.0000,
499,2,190,188,263,221,0.0000,0.0000,0.0000,0.0000,0.0000,0.0000,
500,2,190,188,263,221,0.0000,0.0000,0.0000,0.0000,0.0000,0.0000,
501,2,190,188,263,221,0.0000,0.0000,0.0000,0.0000,0.0000,0.0000,
502,2,190,188,263,221,0.0000,0.0000,0.0000,0.0000,0.0000,0.0000,
503,2,190,188,263,221,0.0000,0.0000,0.0000,0.0000,0.0000,0.0000,
504,2,190,188,263,221,0.0000,0.0000,0.0000,0.0000,0.0000,0.0000,
505,2,190,188,263,221,0.0000,0.0000,0.0000,0.0000,0.0000,0.0000,
506,2,190,188,263,221,0.0000,0.0000,0.0000,0.0000,0.0000,0.0000,
507,2,190,188,263,221,0.0000,0.0000,0.0000,0.0000,0.0000,0.0000,
508,2,190,188,263,221,0.0000,0.0000,0.0000,0.0000,0.0000,0.0000,
509,2,190,188,263,221,0.0000,0.0000,0.0000,0.0000,0.0000,0.0000,
510,2,190,188,263,221,0.0000,0.0000,0.0000,0.0000,0.0000,0.0000,
511,2,190,188,263,221,0.0000,0.0000,0.0000,0.0000,0.0000,0.0000,
512,2,190,188,263,221,0.0000,0.0000,0.0000,0.0000,0.0000,0.0000,
513,2,190,188,263,221,0.0000,0.0000,0.0000,0.0000,0.0000,0.0000,
514,2,190,188,263,221,0.0000,0.0000,0.0000,0.0000,0.0000,0.0000,
515,2,190,188,263,221,0.0000,0.0000,0.0000,0.0000,0.0000,0.0000,
516,2,190,188,263,221,0.0000,0.0000,0.0000,0.0000,0.0000,0.0000,
517,2,190,188,263,221,0.0000,0.0000,0.0000,0.0000,0.0000,0.0000,
518,2,190,188,263,221,0.0000,0.0000,0.0000,0.0000,0.0000,0.0000,
519,2,190,188,263,221,0.0000,0.0000,0.0000,0.0000,0.0000,0.0000,
520,2,190,188,263,221,0.0000,0.0000,0.0000,0.0000,0.0000,0.0000,
521,2,190,188,263,221,0.0000,0.0000,0.0000,0.0000,0.0000,0.0000,
522,2,190,188,263,221,0.0000,0.0000,0.0000,0.0000,0.0000,0.0000,
523,2,190,188,263,221,0.0000,0.0000,0.0000,0.0000,0.0000,0.0000,
524,2,190,188,263,221,0.0000,0.0000,0.0000,0.0000,0.0000,0.0000,
525,2,190,188,263,221,0.0000,0.0000,0.0000,0.0000,0.0000,0.0000,
526,2,190,188,263,221,0.0000,0.0000,0.0000,0.0000,0.0000,0.0000,
527,2,190,188,263,221,0.0000,0.0000,0.0000,0.0000,0.0000,0.0000,
528,2,190,188,263,221,0.0000,0.0000,0.0000,0.0000,0.0000,0.0000,
529,2,190,188,263,221,0.0000,0.0000,0.0000,0.0000,0.0000,0.0000,
530,2,190,188,263,221,0.0000,0.0000,0.0000,0.0000,0.0000,0.0000,
531,2,190,188,263,221,0.0000,0.0000,0.0000,0.0000,0.0000,0.0000,
532,2,190,188,263,221,0.0000,0.0000,0.0000,0.0000,0.0000,0.0000,
533,2,190,188,263,221,0.0000,0.0000,0.0000,0.0000,0.0000,0.0000,
534,2,190,188,263,221,0.0000,0.0000,0.0000,0.0000,0.0000,0.0000,
535,2,190,188,263,221,0.0000,0.0000,0.0000,0.0000,0.0000,0.0000,
536,2,190,188,263,221,0.0000,0.0000,0.0000,0.0000,0.0000,0.0000,
537,2,190,188,263,221,0.0000,0.0000,0.0000,0.0000,0.0000,0.0000,
538,2,190,188,263,221,0.0000,0.0000,0.0000,0.0000,0.0000,0.0000,
539,2,190,188,263,221,0.0000,0.0000,0.0000,0.0000,0.0000,0.0000,
540,2,190,188,263,221,0.0000,0.0000,0.0000,0.0000,0.0000,0.0000,
541,2,190,188,263,221,0.0000,0.0000,0.0000,0.0000,0.0000,0.0000,
542,2,190,188,263,221,0.0000,0.0000,0.0000,0.0000,0.0000,0.0000,
543,2,190,188,263,221,0.0000,0.0000,0.0000,0.0000,0.0000,0.0000,
544,2,190,188,263,221,0.0000,0.0000,0.0000,0.0000,0.0000,0.0000,
545,2,190,188,263,221,0.0000,0.0000,0.0000,0.0000,0.0000,0.0000,
546,2,190,188,263,221,0.0000,0.0000,0.0000,0.0000,0.0000,0.0000,
547,2,190,188,263,221,0.0000,0.0000,0.0000,0.0000,0.0000,0.0000,
548,2,190,188,263,221,0.0000,0.0000,0.0000,0.0000,0.0000,0.0000,
