1,1,138,195,282,280,0.0000,0.0000,0.0000,0.0000,0.0000,0.0000,
2,1,138,195,282,280,0.0000,0.0000,0.0000,0.0000,0.0000,0.0000,
3,1,138,195,282,280,0.0000,0.0000,0.0000,0.0000,0.0000,0.0000,
4,1,138,195,282,280,0.0000,0.0000,0.0000,0.0000,0.0000,0.0000,
5,1,138,195,282,280,0.0000,0.0000,0.0000,0.0000,0.0000,0.0000,
6,1,138,195,282,280,0.0000,0.0000,0.0000,0.0000,0.0000,0.0000,
7,1,138,195,282,280,0.0000,0.0000,0.0000,0.0000,0.0000,0.0000,
8,1,138,195,282,280,0.0000,0.0000,0.0000,0.0000,0.0000,0.0000,
9,1,138,195,282,280,0.0000,0.0000,0.0000,0.0000,0.0000,0.0000,
10,1,138,195,282,280,0.0000,0.0000,0.0000,0.0000,0.0000,0.0000,
11,1,138,195,282,280,0.0000,0.0000,0.0000,0.0000,0.0000,0.0000,
12,1,138,195,282,280,0.0000,0.0000,0.0000,0.0000,0.0000,0.0000,
13,1,138,195,282,280,0.0000,0.0000,0.0000,0.0000,0.0000,0.0000,
14,1,138,195,282,280,0.0000,0.0000,0.0000,0.0000,0.0000,0.0000,
15,1,138,195,282,280,0.0000,0.0000,0.0000,0.0000,0.0000,0.0000,
16,1,138,195,282,280,0.0000,0.0000,0.0000,0.0000,0.0000,0.0000,
17,1,138,195,282,280,0.0000,0.0000,0.0000,0.0000,0.0000,0.0000,
18,1,138,195,282,280,0.0000,0.0000,0.0000,0.0000,0.0000,0.0000,
19,1,138,195,282,280,0.0000,0.0000,0.0000,0.0000,0.0000,0.0000,
20,1,138,195,282,280,0.0000,0.0000,0.0000,0.0000,0.0000,0.0000,
21,1,138,195,282,280,0.0000,0.0000,0.0000,0.0000,0.0000,0.0000,
22,1,138,195,282,280,0.0000,0.0000,0.0000,0.0000,0.0000,0.0000,
23,1,138,195,282,280,0.0000,0.0000,0.0000,0.0000,0.0000,0.0000,
24,1,138,195,282,280,0.0000,0.0000,0.0000,0.0000,0.0000,0.0000,
25,1,138,195,282,280,0.0000,0.0000,0.0000,0.0000,0.0000,0.0000,
26,1,138,195,282,280,0.0000,0.0000,0.0000,0.0000,0.0000,0.0000,
27,1,138,195,282,280,0.0000,0.0000,0.0000,0.0000,0.0000,0.0000,
28,1,138,195,282,280,0.0000,0.0000,0.0000,0.0000,0.0000,0.0000,
29,1,138,195,282,280,0.0000,0.0000,0.0000,0.0000,0.0000,0.0000,
30,1,138,195,282,280,0.0000,0.0000,0.0000,0.0000,0.0000,0.0000,
31,1,138,195,282,280,0.0000,0.0000,0.0000,0.0000,0.0000,0.0000,
32,1,138,195,282,280,0.0000,0.0000,0.0000,0.0000,0.0000,0.0000,
33,1,138,195,282,280,0.0000,0.0000,0.0000,0.0000,0.0000,0.0000,
34,1,138,195,282,280,0.0000,0.0000,0.0000,0.0000,0.0000,0.0000,
35,1,138,195,282,280,0.0000,0.0000,0.0000,0.0000,0.0000,0.0000,
36,1,138,195,282,280,0.0000,0.0000,0.0000,0.0000,0.0000,0.0000,
37,1,138,195,282,280,0.0000,0.0000,0.0000,0.0000,0.0000,0.0000,
38,1,138,195,282,280,0.0000,0.0000,0.0000,0.0000,0.0000,0.0000,
39,1,138,195,282,280,0.0000,0.0000,0.0000,0.0000,0.0000,0.0000,
40,1,138,195,282,280,0.0000,0.0000,0.0000,0.0000,0.0000,0.0000,
41,1,138,195,282,280,0.0000,0.0000,0.0000,0.0000,0.0000,0.0000,
42,1,138,195,282,280,0.0000,0.0000,0.0000,0.0000,0.0000,0.0000,
43,1,138,195,282,280,0.0000,0.0000,0.0000,0.0000,0.0000,0.0000,
44,1,138,195,282,280,0.0000,0.0000,0.0000,0.0000,0.0000,0.0000,
45,1,138,195,282,280,0.0000,0.0000,0.0000,0.0000,0.0000,0.0000,
46,1,138,195,282,280,0.0000,0.0000,0.0000,0.0000,0.0000,0.0000,
47,1,138,195,282,280,0.0000,0.0000,0.0000,0.0000,0.0000,0.0000,
48,1,138,195,282,280,0.0000,0.0000,0.0000,0.0000,0.0000,0.0000,
49,1,138,195,282,280,0.0000,0.0000,0.0000,0.0000,0.0000,0.0000,
50,1,138,195,282,280,0.0000,0.0000,0.0000,0.0000,0.0000,0.0000,
51,1,138,195,282,280,0.0000,0.0000,0.0000,0.0000,0.0000,0.0000,
52,1,138,195,282,280,0.0000,0.0000,0.0000,0.0000,0.0000,0.0000,
53,1,138,195,282,280,0.0000,0.0000,0.0000,0.0000,0.0000,0.0000,
54,1,138,195,282,280,0.0000,0.0000,0.0000,0.0000,0.0000,0.0000,
55,1,138,195,282,280,0.0000,0.0000,0.0000,0.0000,0.0000,0.0000,
56,1,138,195,282,280,0.0000,0.0000,0.0000,0.0000,0.0000,0.0000,
57,1,138,195,282,280,0.0000,0.0000,0.0000,0.0000,0.0000,0.0000,
58,1,138,195,282,280,0.0000,0.0000,0.0000,0.0000,0.0000,0.0000,
59,1,138,195,282,280,0.0000,0.0000,0.0000,0.0000,0.0000,0.0000,
60,1,138,195,282,280,0.0000,0.0000,0.0000,0.0000,0.0000,0.0000,
61,1,138,195,282,280,0.0000,0.0000,0.0000,0.0000,0.0000,0.0000,
62,1,138,195,282,280,0.0000,0.0000,0.0000,0.0000,0.0000,0.0000,
63,1,138,195,282,280,0.0000,0.0000,0.0000,0.0000,0.0000,0.0000,
64,1,138,195,282,280,0.0000,0.0000,0.0000,0.0000,0.0000,0.0000,
65,1,138,195,282,280,0.0000,0.0000,0.0000,0.0000,0.0000,0.0000,
66,1,138,195,282,280,0.0000,0.0000,0.0000,0.0000,0.0000,0.0000,
67,1,138,195,282,280,0.0000,0.0000,0.0000,0.0000,0.0000,0.0000,
68,1,138,195,282,280,0.0000,0.0000,0.0000,0.0000,0.0000,0.0000,
69,1,138,195,282,280,0.0000,0.0000,0.0000,0.0000,0.0000,0.0000,
70,1,138,195,282,280,0.0000,0.0000,0.0000,0.0000,0.0000,0.0000,
71,1,138,195,282,280,0.0000,0.0000,0.0000,0.0000,0.0000,0.0000,
72,1,138,195,282,280,0.0000,0.0000,0.0000,0.0000,0.0000,0.0000,
73,1,138,195,282,280,0.0000,0.0000,0.0000,0.0000,0.0000,0.0000,
74,1,138,195,282,280,0.0000,0.0000,0.0000,0.0000,0.0000,0.0000,
75,1,138,195,282,280,0.0000,0.0000,0.0000,0.0000,0.0000,0.0000,
76,1,138,195,282,280,0.0000,0.0000,0.0000,0.0000,0.0000,0.0000,
77,1,138,195,282,280,0.0000,0.0000,0.0000,0.0000,0.0000,0.0000,
78,1,138,195,282,280,0.0000,0.0000,0.0000,0.0000,0.0000,0.0000,
79,1,138,195,282,280,0.0000,0.0000,0.0000,0.0000,0.0000,0.0000,
80,1,138,195,282,280,0.0000,0.0000,0.0000,0.0000,0.0000,0.0000,
81,1,138,195,282,280,0.0000,0.0000,0.0000,0.0000,0.0000,0.0000,
82,1,138,195,282,280,0.0000,0.0000,0.0000,0.0000,0.0000,0.0000,
83,1,138,195,282,280,0.0000,0.0000,0.0000,0.0000,0.0000,0.0000,
84,1,138,195,282,280,0.0000,0.0000,0.0000,0.0000,0.0000,0.0000,
85,1,138,195,282,280,0.0000,0.0000,0.0000,0.0000,0.0000,0.0000,
86,1,138,195,282,280,0.0000,0.0000,0.0000,0.0000,0.0000,0.0000,
87,1,138,195,282,280,0.0000,0.0000,0.0000,0.0000,0.0000,0.0000,
88,1,138,195,282,280,0.0000,0.0000,0.0000,0.0000,0.0000,0.0000,
89,1,138,195,282,280,0.0000,0.0000,0.0000,0.0000,0.0000,0.0000,
90,1,138,195,282,280,0.0000,0.0000,0.0000,0.0000,0.0000,0.0000,
91,1,138,195,282,280,0.0000,0.0000,0.0000,0.0000,0.0000,0.0000,
92,1,138,195,282,280,0.0000,0.0000,0.0000,0.0000,0.0000,0.0000,
93,1,138,195,282,280,0.0000,0.0000,0.0000,0.0000,0.0000,0.0000,
94,1,138,195,282,280,0.0000,0.0000,0.0000,0.0000,0.0000,0.0000,
95,1,138,195,282,280,0.0000,0.0000,0.0000,0.0000,0.0000,0.0000,
96,1,138,195,282,280,0.0000,0.0000,0.0000,0.0000,0.0000,0.0000,
97,1,138,195,282,280,0.0000,0.0000,0.0000,0.0000,0.0000,0.0000,
98,1,138,195,282,280,0.0000,0.0000,0.0000,0.0000,0.0000,0.0000,
99,1,138,195,282,280,0.0000,0.0000,0.0000,0.0000,0.0000,0.0000,
100,1,138,195,282,280,0.0000,0.0000,0.0000,0.0000,0.0000,0.0000,
101,1,138,195,282,280,0.0000,0.0000,0.0000,0.0000,0.0000,0.0000,
102,1,138,195,282,280,0.0000,0.0000,0.0000,0.0000,0.0000,0.0000,
103,1,138,195,282,280,0.0000,0.0000,0.0000,0.0000,0.0000,0.0000,
104,1,138,195,282,280,0.0000,0.0000,0.0000,0.0000,0.0000,0.0000,
105,1,138,195,282,280,0.0000,0.0000,0.0000,0.0000,0.0000,0.0000,
106,1,138,195,282,280,0.0000,0.0000,0.0000,0.0000,0.0000,0.0000,
107,1,138,195,282,280,0.0000,0.0000,0.0000,0.0000,0.0000,0.0000,
108,1,138,195,282,280,0.0000,0.0000,0.0000,0.0000,0.0000,0.0000,
109,1,138,195,282,280,0.0000,0.0000,0.0000,0.0000,0.0000,0.0000,
110,1,138,195,282,280,0.0000,0.0000,0.0000,0.0000,0.0000,0.0000,
111,1,138,195,282,280,0.0000,0.0000,0.0000,0.0000,0.0000,0.0000,
112,1,138,195,282,280,0.0000,0.0000,0.0000,0.0000,0.0000,0.0000,
113,1,138,195,282,280,0.0000,0.0000,0.0000,0.0000,0.0000,0.0000,
114,1,138,195,282,280,0.0000,0.0000,0.0000,0.0000,0.0000,0.0000,
115,1,138,195,282,280,0.0000,0.0000,0.0000,0.0000,0.0000,0.0000,
116,1,138,195,282,280,0.0000,0.0000,0.0000,0.0000,0.0000,0.0000,
117,1,138,195,282,280,0.0000,0.0000,0.0000,0.0000,0.0000,0.0000,
118,1,138,195,282,280,0.0000,0.0000,0.0000,0.0000,0.0000,0.0000,
119,1,138,195,282,280,0.0000,0.0000,0.0000,0.0000,0.0000,0.0000,
120,1,138,195,282,280,0.0000,0.0000,0.0000,0.0000,0.0000,0.0000,
121,1,138,195,282,280,0.0000,0.0000,0.0000,0.0000,0.0000,0.0000,
122,1,138,195,282,280,0.0000,0.0000,0.0000,0.0000,0.0000,0.0000,
123,1,138,195,282,280,0.0000,0.0000,0.0000,0.0000,0.0000,0.0000,
124,1,138,195,282,280,0.0000,0.0000,0.0000,0.0000,0.0000,0.0000,
125,1,138,195,282,280,0.0000,0.0000,0.0000,0.0000,0.0000,0.0000,
126,1,138,195,282,280,0.0000,0.0000,0.0000,0.0000,0.0000,0.0000,
127,1,138,195,282,280,0.0000,0.0000,0.0000,0.0000,0.0000,0.0000,
128,1,138,195,282,280,0.0000,0.0000,0.0000,0.0000,0.0000,0.0000,
129,1,138,195,282,280,0.0000,0.0000,0.0000,0.0000,0.0000,0.0000,
130,1,138,195,282,280,0.0000,0.0000,0.0000,0.0000,0.0000,0.0000,
131,1,138,195,282,280,0.0000,0.0000,0.0000,0.0000,0.0000,0.0000,
132,1,138,195,282,280,0.0000,0.0000,0.0000,0.0000,0.0000,0.0000,
133,1,138,195,282,280,0.0000,0.0000,0.0000,0.0000,0.0000,0.0000,
134,1,138,195,282,280,0.0000,0.0000,0.0000,0.0000,0.0000,0.0000,
135,1,138,195,282,280,0.0000,0.0000,0.0000,0.0000,0.0000,0.0000,
136,1,138,195,282,280,0.0000,0.0000,0.0000,0.0000,0.0000,0.0000,
137,1,138,195,282,280,0.0000,0.0000,0.0000,0.0000,0.0000,0.0000,
138,1,138,195,282,280,0.0000,0.0000,0.0000,0.0000,0.0000,0.0000,
139,1,138,195,282,280,0.0000,0.0000,0.0000,0.0000,0.0000,0.0000,
140,1,138,195,282,280,0.0000,0.0000,0.0000,0.0000,0.0000,0.0000,
141,1,138,195,282,280,0.0000,0.0000,0.0000,0.0000,0.0000,0.0000,
142,1,138,195,282,280,0.0000,0.0000,0.0000,0.0000,0.0000,0.0000,
143,1,138,195,282,280,0.0000,0.0000,0.0000,0.0000,0.0000,0.0000,
144,1,138,195,282,280,0.0000,0.0000,0.0000,0.0000,0.0000,0.0000,
145,1,138,195,282,280,0.0000,0.0000,0.0000,0.0000,0.0000,0.0000,
146,1,138,195,282,280,0.0000,0.0000,0.0000,0.0000,0.0000,0.0000,
147,1,138,195,282,280,0.0000,0.0000,0.0000,0.0000,0.0000,0.0000,
148,1,138,195,282,280,0.0000,0.0000,0.0000,0.0000,0.0000,0.0000,
149,1,138,195,282,280,0.0000,0.0000,0.0000,0.0000,0.0000,0.0000,
150,1,138,195,282,280,0.0000,0.0000,0.0000,0.0000,0.0000,0.0000,
151,1,138,195,282,280,0.0000,0.0000,0.0000,0.0000,0.0000,0.0000,
152,1,138,195,282,280,0.0000,0.0000,0.0000,0.0000,0.0000,0.0000,
153,1,138,195,282,280,0.0000,0.0000,0.0000,0.0000,0.0000,0.0000,
154,1,138,195,282,280,0.0000,0.0000,0.0000,0.0000,0.0000,0.0000,
155,1,138,195,282,280,0.0000,0.0000,0.0000,0.0000,0.0000,0.0000,
156,1,138,195,282,280,0.0000,0.0000,0.0000,0.0000,0.0000,0.0000,
157,1,138,195,282,280,0.0000,0.0000,0.0000,0.0000,0.0000,0.0000,
158,1,138,195,282,280,0.0000,0.0000,0.0000,0.0000,0.0000,0.0000,
159,1,138,195,282,280,0.0000,0.0000,0.0000,0.0000,0.0000,0.0000,
160,1,138,195,282,280,0.0000,0.0000,0.0000,0.0000,0.0000,0.0000,
161,1,138,195,282,280,0.0000,0.0000,0.0000,0.0000,0.0000,0.0000,
162,1,138,195,282,280,0.0000,0.0000,0.0000,0.0000,0.0000,0.0000,
163,1,138,195,282,280,0.0000,0.0000,0.0000,0.0000,0.0000,0.0000,
164,1,138,195,282,280,0.0000,0.0000,0.0000,0.0000,0.0000,0.0000,
165,1,138,195,282,280,0.0000,0.0000,0.0000,0.0000,0.0000,0.0000,
166,1,138,195,282,280,0.0000,0.0000,0.0000,0.0000,0.0000,0.0000,
167,1,138,195,282,280,0.0000,0.0000,0.0000,0.0000,0.0000,0.0000,
168,1,138,195,282,280,0.0000,0.0000,0.0000,0.0000,0.0000,0.0000,
169,1,138,195,282,280,0.0000,0.0000,0.0000,0.0000,0.0000,0.0000,
170,1,138,195,282,280,0.0000,0.0000,0.0000,0.0000,0.0000,0.0000,
171,1,138,195,282,280,0.0000,0.0000,0.0000,0.0000,0.0000,0.0000,
172,1,138,195,282,280,0.0000,0.0000,0.0000,0.0000,0.0000,0.0000,
173,1,138,195,282,280,0.0000,0.0000,0.0000,0.0000,0.0000,0.0000,
174,1,138,195,282,280,0.0000,0.0000,0.0000,0.0000,0.0000,0.0000,
175,1,138,195,282,280,0.0000,0.0000,0.0000,0.0000,0.0000,0.0000,
176,1,138,195,282,280,0.0000,0.0000,0.0000,0.0000,0.0000,0.0000,
177,1,138,195,282,280,0.0000,0.0000,0.0000,0.0000,0.0000,0.0000,
178,1,138,195,282,280,0.0000,0.0000,0.0000,0.0000,0.0000,0.0000,
179,1,138,195,282,280,0.0000,0.0000,0.0000,0.0000,0.0000,0.0000,
180,1,138,195,282,280,0.0000,0.0000,0.0000,0.0000,0.0000,0.0000,
181,1,138,195,282,280,0.0000,0.0000,0.0000,0.0000,0.0000,0.0000,
182,1,138,195,282,280,0.0000,0.0000,0.0000,0.0000,0.0000,0.0000,
183,1,138,195,282,280,0.0000,0.0000,0.0000,0.0000,0.0000,0.0000,
184,1,138,195,282,280,0.0000,0.0000,0.0000,0.0000,0.0000,0.0000,
185,1,138,195,282,280,0.0000,0.0000,0.0000,0.0000,0.0000,0.0000,
186,1,138,195,282,280,0.0000,0.0000,0.0000,0.0000,0.0000,0.0000,
187,1,138,195,282,280,0.0000,0.0000,0.0000,0.0000,0.0000,0.0000,
188,1,138,195,282,280,0.0000,0.0000,0.0000,0.0000,0.0000,0.0000,
189,1,138,195,282,280,0.0000,0.0000,0.0000,0.0000,0.0000,0.0000,
190,1,138,195,282,280,0.0000,0.0000,0.0000,0.0000,0.0000,0.0000,
191,1,138,195,282,280,0.0000,0.0000,0.0000,0.0000,0.0000,0.0000,
192,1,138,195,282,280,0.0000,0.0000,0.0000,0.0000,0.0000,0.0000,
193,1,138,195,282,280,0.0000,0.0000,0.0000,0.0000,0.0000,0.0000,
194,1,138,195,282,280,0.0000,0.0000,0.0000,0.0000,0.0000,0.0000,
195,1,138,195,282,280,0.0000,0.0000,0.0000,0.0000,0.0000,0.0000,
196,1,138,195,282,280,0.0000,0.0000,0.0000,0.0000,0.0000,0.0000,
197,1,138,195,282,280,0.0000,0.0000,0.0000,0.0000,0.0000,0.0000,
198,1,138,195,282,280,0.0000,0.0000,0.0000,0.0000,0.0000,0.0000,
199,1,138,195,282,280,0.0000,0.0000,0.0000,0.0000,0.0000,0.0000,
200,1,138,195,282,280,0.0000,0.0000,0.0000,0.0000,0.0000,0.0000,
201,1,138,195,282,280,0.0000,0.0000,0.0000,0.0000,0.0000,0.0000,
202,1,138,195,282,280,0.0000,0.0000,0.0000,0.0000,0.0000,0.0000,
203,1,138,195,282,280,0.0000,0.0000,0.0000,0.0000,0.0000,0.0000,
204,1,138,195,282,280,0.0000,0.0000,0.0000,0.0000,0.0000,0.0000,
205,1,138,195,282,280,0.0000,0.0000,0.0000,0.0000,0.0000,0.0000,
206,1,138,195,282,280,0.0000,0.0000,0.0000,0.0000,0.0000,0.0000,
207,1,138,195,282,280,0.0000,0.0000,0.0000,0.0000,0.0000,0.0000,
208,1,138,195,282,280,0.0000,0.0000,0.0000,0.0000,0.0000,0.0000,
209,1,138,195,282,280,0.0000,0.0000,0.0000,0.0000,0.0000,0.0000,
210,1,138,195,282,280,0.0000,0.0000,0.0000,0.0000,0.0000,0.0000,
211,1,138,195,282,280,0.0000,0.0000,0.0000,0.0000,0.0000,0.0000,
212,1,138,195,282,280,0.0000,0.0000,0.0000,0.0000,0.0000,0.0000,
213,1,138,195,282,280,0.0000,0.0000,0.0000,0.0000,0.0000,0.0000,
214,1,138,195,282,280,0.0000,0.0000,0.0000,0.0000,0.0000,0.0000,
215,1,138,195,282,280,0.0000,0.0000,0.0000,0.0000,0.0000,0.0000,
216,1,138,195,282,280,0.0000,0.0000,0.0000,0.0000,0.0000,0.0000,
217,1,138,195,282,280,0.0000,0.0000,0.0000,0.0000,0.0000,0.0000,
218,1,138,195,282,280,0.0000,0.0000,0.0000,0.0000,0.0000,0.0000,
219,1,138,195,282,280,0.0000,0.0000,0.0000,0.0000,0.0000,0.0000,
220,1,138,195,282,280,0.0000,0.0000,0.0000,0.0000,0.0000,0.0000,
221,1,138,195,282,280,0.0000,0.0000,0.0000,0.0000,0.0000,0.0000,
222,1,138,195,282,280,0.0000,0.0000,0.0000,0.0000,0.0000,0.0000,
223,1,138,195,282,280,0.0000,0.0000,0.0000,0.0000,0.0000,0.0000,
224,1,138,195,282,280,0.0000,0.0000,0.0000,0.0000,0.0000,0.0000,
225,1,138,195,282,280,0.0000,0.0000,0.0000,0.0000,0.0000,0.0000,
226,1,138,195,282,280,0.0000,0.0000,0.0000,0.0000,0.0000,0.0000,
227,1,138,195,282,280,0.0000,0.0000,0.0000,0.0000,0.0000,0.0000,
228,1,138,195,282,280,0.0000,0.0000,0.0000,0.0000,0.0000,0.0000,
229,1,138,195,282,280,0.0000,0.0000,0.0000,0.0000,0.0000,0.0000,
230,1,138,195,282,280,0.0000,0.0000,0.0000,0.0000,0.0000,0.0000,
231,1,138,195,282,280,0.0000,0.0000,0.0000,0.0000,0.0000,0.0000,
232,1,138,195,282,280,0.0000,0.0000,0.0000,0.0000,0.0000,0.0000,
233,1,138,195,282,280,0.0000,0.0000,0.0000,0.0000,0.0000,0.0000,
234,1,138,195,282,280,0.0000,0.0000,0.0000,0.0000,0.0000,0.0000,
235,1,138,195,282,280,0.0000,0.0000,0.0000,0.0000,0.0000,0.0000,
236,1,138,195,282,280,0.0000,0.0000,0.0000,0.0000,0.0000,0.0000,
237,1,138,195,282,280,0.0000,0.0000,0.0000,0.0000,0.0000,0.0000,
238,1,138,195,282,280,0.0000,0.0000,0.0000,0.0000,0.0000,0.0000,
239,1,138,195,282,280,0.0000,0.0000,0.0000,0.0000,0.0000,0.0000,
240,1,138,195,282,280,0.0000,0.0000,0.0000,0.0000,0.0000,0.0000,
241,1,138,195,282,280,0.0000,0.0000,0.0000,0.0000,0.0000,0.0000,
242,1,138,195,282,280,0.0000,0.0000,0.0000,0.0000,0.0000,0.0000,
243,1,138,195,282,280,0.0000,0.0000,0.0000,0.0000,0.0000,0.0000,
244,1,138,195,282,280,0.0000,0.0000,0.0000,0.0000,0.0000,0.0000,
245,1,138,195,282,280,0.0000,0.0000,0.0000,0.0000,0.0000,0.0000,
246,1,138,195,282,280,0.0000,0.0000,0.0000,0.0000,0.0000,0.0000,
247,1,138,195,282,280,0.0000,0.0000,0.0000,0.0000,0.0000,0.0000,
248,1,138,195,282,280,0.0000,0.0000,0.0000,0.0000,0.0000,0.0000,
249,1,138,195,282,280,0.0000,0.0000,0.0000,0.0000,0.0000,0.0000,
250,1,138,195,282,280,0.0000,0.0000,0.0000,0.0000,0.0000,0.0000,
251,1,138,195,282,280,0.0000,0.0000,0.0000,0.0000,0.0000,0.0000,
252,1,138,195,282,280,0.0000,0.0000,0.0000,0.0000,0.0000,0.0000,
253,1,138,195,282,280,0.0000,0.0000,0.0000,0.0000,0.0000,0.0000,
254,1,138,195,282,280,0.0000,0.0000,0.0000,0.0000,0.0000,0.0000,
255,1,138,195,282,280,0.0000,0.0000,0.0000,0.0000,0.0000,0.0000,
256,1,138,195,282,280,0.0000,0.0000,0.0000,0.0000,0.0000,0.0000,
257,1,138,195,282,280,0.0000,0.0000,0.0000,0.0000,0.0000,0.0000,
258,1,138,195,282,280,0.0000,0.0000,0.0000,0.0000,0.0000,0.0000,
259,1,138,195,282,280,0.0000,0.0000,0.0000,0.0000,0.0000,0.0000,
260,1,138,195,282,280,0.0000,0.0000,0.0000,0.0000,0.0000,0.0000,
261,1,138,195,282,280,0.0000,0.0000,0.0000,0.0000,0.0000,0.0000,
262,1,138,195,282,280,0.0000,0.0000,0.0000,0.0000,0.0000,0.0000,
263,1,138,195,282,280,0.0000,0.0000,0.0000,0.0000,0.0000,0.0000,
264,1,138,195,282,280,0.0000,0.0000,0.0000,0.0000,0.0000,0.0000,
265,1,138,195,282,280,0.0000,0.0000,0.0000,0.0000,0.0000,0.0000,
266,1,138,195,282,280,0.0000,0.0000,0.0000,0.0000,0.0000,0.0000,
267,1,138,195,282,280,0.0000,0.0000,0.0000,0.0000,0.0000,0.0000,
268,1,138,195,282,280,0.0000,0.0000,0.0000,0.0000,0.0000,0.0000,
269,1,138,195,282,280,0.0000,0.0000,0.0000,0.0000,0.0000,0.0000,
270,1,138,195,282,280,0.0000,0.0000,0.0000,0.0000,0.0000,0.0000,
271,1,138,195,282,280,0.0000,0.0000,0.0000,0.0000,0.0000,0.0000,
272,1,138,195,282,280,0.0000,0.0000,0.0000,0.0000,0.0000,0.0000,
273,1,138,195,282,280,0.0000,0.0000,0.0000,0.0000,0.0000,0.0000,
274,1,138,195,282,280,0.0000,0.0000,0.0000,0.0000,0.0000,0.0000,
275,1,138,195,282,280,0.0000,0.0000,0.0000,0.0000,0.0000,0.0000,
276,1,138,195,282,280,0.0000,0.0000,0.0000,0.0000,0.0000,0.0000,
277,1,138,195,282,280,0.0000,0.0000,0.0000,0.0000,0.0000,0.0000,
278,1,138,195,282,280,0.0000,0.0000,0.0000,0.0000,0.0000,0.0000,
279,1,138,195,282,280,0.0000,0.0000,0.0000,0.0000,0.0000,0.0000,
280,1,138,195,282,280,0.0000,0.0000,0.0000,0.0000,0.0000,0.0000,
281,1,138,195,282,280,0.0000,0.0000,0.0000,0.0000,0.0000,0.0000,
282,1,138,195,282,280,0.0000,0.0000,0.0000,0.0000,0.0000,0.0000,
283,1,138,195,282,280,0.0000,0.0000,0.0000,0.0000,0.0000,0.0000,
284,1,138,195,282,280,0.0000,0.0000,0.0000,0.0000,0.0000,0.0000,
285,1,138,195,282,280,0.0000,0.0000,0.0000,0.0000,0.0000,0.0000,
286,1,138,195,282,280,0.0000,0.0000,0.0000,0.0000,0.0000,0.0000,
287,1,138,195,282,280,0.0000,0.0000,0.0000,0.0000,0.0000,0.0000,
288,1,138,195,282,280,0.0000,0.0000,0.0000,0.0000,0.0000,0.0000,
289,1,138,195,282,280,0.0000,0.0000,0.0000,0.0000,0.0000,0.0000,
290,1,138,195,282,280,0.0000,0.0000,0.0000,0.0000,0.0000,0.0000,
291,1,138,195,282,280,0.0000,0.0000,0.0000,0.0000,0.0000,0.0000,
292,1,138,195,282,280,0.0000,0.0000,0.0000,0.0000,0.0000,0.0000,
293,1,138,195,282,280,0.0000,0.0000,0.0000,0.0000,0.0000,0.0000,
294,1,138,195,282,280,0.0000,0.0000,0.0000,0.0000,0.0000,0.0000,
295,1,138,195,282,280,0.0000,0.0000,0.0000,0.0000,0.0000,0.0000,
296,1,138,195,282,280,0.0000,0.0000,0.0000,0.0000,0.0000,0.0000,
297,1,138,195,282,280,0.0000,0.0000,0.0000,0.0000,0.0000,0.0000,
298,1,138,195,282,280,0.0000,0.0000,0.0000,0.0000,0.0000,0.0000,
299,1,138,195,282,280,0.0000,0.0000,0.0000,0.0000,0.0000,0.0000,
300,1,138,195,282,280,0.0000,0.0000,0.0000,0.0000,0.0000,0.0000,
301,1,138,195,282,280,0.0000,0.0000,0.0000,0.0000,0.0000,0.0000,
302,1,138,195,282,280,0.0000,0.0000,0.0000,0.0000,0.0000,0.0000,
303,1,138,195,282,280,0.0000,0.0000,0.0000,0.0000,0.0000,0.0000,
304,1,138,195,282,280,0.0000,0.0000,0.0000,0.0000,0.0000,0.0000,
305,1,138,195,282,280,0.0000,0.0000,0.0000,0.0000,0.0000,0.0000,
306,1,138,195,282,280,0.0000,0.0000,0.0000,0.0000,0.0000,0.0000,
307,1,138,195,282,280,0.0000,0.0000,0.0000,0.0000,0.0000,0.0000,
308,1,138,195,282,280,0.0000,0.0000,0.0000,0.0000,0.0000,0.0000,
309,1,138,195,282,280,0.0000,0.0000,0.0000,0.0000,0.0000,0.0000,
310,1,138,195,282,280,0.0000,0.0000,0.0000,0.0000,0.0000,0.0000,
311,1,138,195,282,280,0.0000,0.0000,0.0000,0.0000,0.0000,0.0000,
312,1,138,195,282,280,0.0000,0.0000,0.0000,0.0000,0.0000,0.0000,
313,1,138,195,282,280,0.0000,0.0000,0.0000,0.0000,0.0000,0.0000,
314,1,138,195,282,280,0.0000,0.0000,0.0000,0.0000,0.0000,0.0000,
315,1,138,195,282,280,0.0000,0.0000,0.0000,0.0000,0.0000,0.0000,
316,1,138,195,282,280,0.0000,0.0000,0.0000,0.0000,0.0000,0.0000,
317,1,138,195,282,280,0.0000,0.0000,0.0000,0.0000,0.0000,0.0000,
318,1,138,195,282,280,0.0000,0.0000,0.0000,0.0000,0.0000,0.0000,
319,1,138,195,282,280,0.0000,0.0000,0.0000,0.0000,0.0000,0.0000,
320,1,138,195,282,280,0.0000,0.0000,0.0000,0.0000,0.0000,0.0000,
321,1,138,195,282,280,0.0000,0.0000,0.0000,0.0000,0.0000,0.0000,
322,1,138,195,282,280,0.0000,0.0000,0.0000,0.0000,0.0000,0.0000,
323,1,138,195,282,280,0.0000,0.0000,0.0000,0.0000,0.0000,0.0000,
324,1,138,195,282,280,0.0000,0.0000,0.0000,0.0000,0.0000,0.0000,
325,1,138,195,282,280,0.0000,0.0000,0.0000,0.0000,0.0000,0.0000,
326,1,138,195,282,280,0.0000,0.0000,0.0000,0.0000,0.0000,0.0000,
327,1,138,195,282,280,0.0000,0.0000,0.0000,0.0000,0.0000,0.0000,
328,1,138,195,282,280,0.0000,0.0000,0.0000,0.0000,0.0000,0.0000,
329,1,138,195,282,280,0.0000,0.0000,0.0000,0.0000,0.0000,0.0000,
330,1,138,195,282,280,0.0000,0.0000,0.0000,0.0000,0.0000,0.0000,
331,1,138,195,282,280,0.0000,0.0000,0.0000,0.0000,0.0000,0.0000,
332,1,138,195,282,280,0.0000,0.0000,0.0000,0.0000,0.0000,0.0000,
333,1,138,195,282,280,0.0000,0.0000,0.0000,0.0000,0.0000,0.0000,
334,1,138,195,282,280,0.0000,0.0000,0.0000,0.0000,0.0000,0.0000,
335,1,138,195,282,280,0.0000,0.0000,0.0000,0.0000,0.0000,0.0000,
336,1,138,195,282,280,0.0000,0.0000,0.0000,0.0000,0.0000,0.0000,
337,1,138,195,282,280,0.0000,0.0000,0.0000,0.0000,0.0000,0.0000,
338,1,138,195,282,280,0.0000,0.0000,0.0000,0.0000,0.0000,0.0000,
339,1,138,195,282,280,0.0000,0.0000,0.0000,0.0000,0.0000,0.0000,
340,1,138,195,282,280,0.0000,0.0000,0.0000,0.0000,0.0000,0.0000,
341,1,138,195,282,280,0.0000,0.0000,0.0000,0.0000,0.0000,0.0000,
342,1,138,195,282,280,0.0000,0.0000,0.0000,0.0000,0.0000,0.0000,
343,1,138,195,282,280,0.0000,0.0000,0.0000,0.0000,0.0000,0.0000,
344,1,138,195,282,280,0.0000,0.0000,0.0000,0.0000,0.0000,0.0000,
345,1,138,195,282,280,0.0000,0.0000,0.0000,0.0000,0.0000,0.0000,
346,1,138,195,282,280,0.0000,0.0000,0.0000,0.0000,0.0000,0.0000,
347,1,138,195,282,280,0.0000,0.0000,0.0000,0.0000,0.0000,0.0000,
348,1,138,195,282,280,0.0000,0.0000,0.0000,0.0000,0.0000,0.0000,
349,1,138,195,282,280,0.0000,0.0000,0.0000,0.0000,0.0000,0.0000,
350,1,138,195,282,280,0.0000,0.0000,0.0000,0.0000,0.0000,0.0000,
351,1,138,195,282,280,0.0000,0.0000,0.0000,0.0000,0.0000,0.0000,
352,1,138,195,282,280,0.0000,0.0000,0.0000,0.0000,0.0000,0.0000,
353,1,138,195,282,280,0.0000,0.0000,0.0000,0.0000,0.0000,0.0000,
354,1,138,195,282,280,0.0000,0.0000,0.0000,0.0000,0.0000,0.0000,
355,1,138,195,282,280,0.0000,0.0000,0.0000,0.0000,0.0000,0.0000,
356,1,138,195,282,280,0.0000,0.0000,0.0000,0.0000,0.0000,0.0000,
357,1,138,195,282,280,0.0000,0.0000,0.0000,0.0000,0.0000,0.0000,
358,1,138,195,282,280,0.0000,0.0000,0.0000,0.0000,0.0000,0.0000,
359,1,138,195,282,280,0.0000,0.0000,0.0000,0.0000,0.0000,0.0000,
360,1,138,195,282,280,0.0000,0.0000,0.0000,0.0000,0.0000,0.0000,
361,1,138,195,282,280,0.0000,0.0000,0.0000,0.0000,0.0000,0.0000,
362,1,138,195,282,280,0.0000,0.0000,0.0000,0.0000,0.0000,0.0000,
363,1,138,195,282,280,0.0000,0.0000,0.0000,0.0000,0.0000,0.0000,
364,1,138,195,282,280,0.0000,0.0000,0.0000,0.0000,0.0000,0.0000,
365,1,138,195,282,280,0.0000,0.0000,0.0000,0.0000,0.0000,0.0000,
366,1,138,195,282,280,0.0000,0.0000,0.0000,0.0000,0.0000,0.0000,
367,1,138,195,282,280,0.0000,0.0000,0.0000,0.0000,0.0000,0.0000,
368,1,138,195,282,280,0.0000,0.0000,0.0000,0.0000,0.0000,0.0000,
369,1,138,195,282,280,0.0000,0.0000,0.0000,0.0000,0.0000,0.0000,
370,1,138,195,282,280,0.0000,0.0000,0.0000,0.0000,0.0000,0.0000,
371,1,138,195,282,280,0.0000,0.0000,0.0000,0.0000,0.0000,0.0000,
372,1,138,195,282,280,0.0000,0.0000,0.0000,0.0000,0.0000,0.0000,
373,1,138,195,282,280,0.0000,0.0000,0.0000,0.0000,0.0000,0.0000,
374,1,138,195,282,280,0.0000,0.0000,0.0000,0.0000,0.0000,0.0000,
375,1,138,195,282,280,0.0000,0.0000,0.0000,0.0000,0.0000,0.0000,
376,1,138,195,282,280,0.0000,0.0000,0.0000,0.0000,0.0000,0.0000,
377,1,138,195,282,280,0.0000,0.0000,0.0000,0.0000,0.0000,0.0000,
378,1,138,195,282,280,0.0000,0.0000,0.0000,0.0000,0.0000,0.0000,
379,1,138,195,282,280,0.0000,0.0000,0.0000,0.0000,0.0000,0.0000,
380,1,138,195,282,280,0.0000,0.0000,0.0000,0.0000,0.0000,0.0000,
381,1,138,195,282,280,0.0000,0.0000,0.0000,0.0000,0.0000,0.0000,
382,1,138,195,282,280,0.0000,0.0000,0.0000,0.0000,0.0000,0.0000,
383,1,138,195,282,280,0.0000,0.0000,0.0000,0.0000,0.0000,0.0000,
384,1,138,195,282,280,0.0000,0.0000,0.0000,0.0000,0.0000,0.0000,
385,1,138,195,282,280,0.0000,0.0000,0.0000,0.0000,0.0000,0.0000,
386,1,138,195,282,280,0.0000,0.0000,0.0000,0.0000,0.0000,0.0000,
387,1,138,195,282,280,0.0000,0.0000,0.0000,0.0000,0.0000,0.0000,
388,1,138,195,282,280,0.0000,0.0000,0.0000,0.0000,0.0000,0.0000,
389,1,138,195,282,280,0.0000,0.0000,0.0000,0.0000,0.0000,0.0000,
390,1,138,195,282,280,0.0000,0.0000,0.0000,0.0000,0.0000,0.0000,
391,1,138,195,282,280,0.0000,0.0000,0.0000,0.0000,0.0000,0.0000,
392,1,138,195,282,280,0.0000,0.0000,0.0000,0.0000,0.0000,0.0000,
393,1,138,195,282,280,0.0000,0.0000,0.0000,0.0000,0.0000,0.0000,
394,1,138,195,282,280,0.0000,0.0000,0.0000,0.0000,0.0000,0.0000,
395,1,138,195,282,280,0.0000,0.0000,0.0000,0.0000,0.0000,0.0000,
396,1,138,195,282,280,0.0000,0.0000,0.0000,0.0000,0.0000,0.0000,
397,1,138,195,282,280,0.0000,0.0000,0.0000,0.0000,0.0000,0.0000,
398,1,138,195,282,280,0.0000,0.0000,0.0000,0.0000,0.0000,0.0000,
399,1,138,195,282,280,0.0000,0.0000,0.0000,0.0000,0.0000,0.0000,
400,1,138,195,282,280,0.0000,0.0000,0.0000,0.0000,0.0000,0.0000,
401,1,138,195,282,280,0.0000,0.0000,0.0000,0.0000,0.0000,0.0000,
402,1,138,195,282,280,0.0000,0.0000,0.0000,0.0000,0.0000,0.0000,
403,1,138,195,282,280,0.0000,0.0000,0.0000,0.0000,0.0000,0.0000,
404,1,138,195,282,280,0.0000,0.0000,0.0000,0.0000,0.0000,0.0000,
405,1,138,195,282,280,0.0000,0.0000,0.0000,0.0000,0.0000,0.0000,
406,1,138,195,282,280,0.0000,0.0000,0.0000,0.0000,0.0000,0.0000,
407,1,138,195,282,280,0.0000,0.0000,0.0000,0.0000,0.0000,0.0000,
408,1,138,195,282,280,0.0000,0.0000,0.0000,0.0000,0.0000,0.0000,
409,1,138,195,282,280,0.0000,0.0000,0.0000,0.0000,0.0000,0.0000,
410,1,138,195,282,280,0.0000,0.0000,0.0000,0.0000,0.0000,0.0000,
411,1,138,195,282,280,0.0000,0.0000,0.0000,0.0000,0.0000,0.0000,
412,1,138,195,282,280,0.0000,0.0000,0.0000,0.0000,0.0000,0.0000,
413,1,138,195,282,280,0.0000,0.0000,0.0000,0.0000,0.0000,0.0000,
414,1,138,195,282,280,0.0000,0.0000,0.0000,0.0000,0.0000,0.0000,
415,1,138,195,282,280,0.0000,0.0000,0.0000,0.0000,0.0000,0.0000,
416,1,138,195,282,280,0.0000,0.0000,0.0000,0.0000,0.0000,0.0000,
417,1,138,195,282,280,0.0000,0.0000,0.0000,0.0000,0.0000,0.0000,
418,1,138,195,282,280,0.0000,0.0000,0.0000,0.0000,0.0000,0.0000,
419,1,138,195,282,280,0.0000,0.0000,0.0000,0.0000,0.0000,0.0000,
420,1,138,195,282,280,0.0000,0.0000,0.0000,0.0000,0.0000,0.0000,
421,1,138,195,282,280,0.0000,0.0000,0.0000,0.0000,0.0000,0.0000,
422,1,138,195,282,280,0.0000,0.0000,0.0000,0.0000,0.0000,0.0000,
423,1,138,195,282,280,0.0000,0.0000,0.0000,0.0000,0.0000,0.0000,
424,1,138,195,282,280,0.0000,0.0000,0.0000,0.0000,0.0000,0.0000,
425,1,138,195,282,280,0.0000,0.0000,0.0000,0.0000,0.0000,0.0000,
426,1,138,195,282,280,0.0000,0.0000,0.0000,0.0000,0.0000,0.0000,
427,1,138,195,282,280,0.0000,0.0000,0.0000,0.0000,0.0000,0.0000,
428,1,138,195,282,280,0.0000,0.0000,0.0000,0.0000,0.0000,0.0000,
429,1,138,195,282,280,0.0000,0.0000,0.0000,0.0000,0.0000,0.0000,
430,1,138,195,282,280,0.0000,0.0000,0.0000,0.0000,0.0000,0.0000,
431,1,138,195,282,280,0.0000,0.0000,0.0000,0.0000,0.0000,0.0000,
432,1,138,195,282,280,0.0000,0.0000,0.0000,0.0000,0.0000,0.0000,
433,1,138,195,282,280,0.0000,0.0000,0.0000,0.0000,0.0000,0.0000,
434,1,138,195,282,280,0.0000,0.0000,0.0000,0.0000,0.0000,0.0000,
435,1,138,195,282,280,0.0000,0.0000,0.0000,0.0000,0.0000,0.0000,
436,1,138,195,282,280,0.0000,0.0000,0.0000,0.0000,0.0000,0.0000,
437,1,138,195,282,280,0.0000,0.0000,0.0000,0.0000,0.0000,0.0000,
438,1,138,195,282,280,0.0000,0.0000,0.0000,0.0000,0.0000,0.0000,
439,1,138,195,282,280,0.0000,0.0000,0.0000,0.0000,0.0000,0.0000,
440,1,138,195,282,280,0.0000,0.0000,0.0000,0.0000,0.0000,0.0000,
441,1,138,195,282,280,0.0000,0.0000,0.0000,0.0000,0.0000,0.0000,
442,1,138,195,282,280,0.0000,0.0000,0.0000,0.0000,0.0000,0.0000,
443,1,138,195,282,280,0.0000,0.0000,0.0000,0.0000,0.0000,0.0000,
444,1,138,195,282,280,0.0000,0.0000,0.0000,0.0000,0.0000,0.0000,
445,1,138,195,282,280,0.0000,0.0000,0.0000,0.0000,0.0000,0.0000,
446,1,138,195,282,280,0.0000,0.0000,0.0000,0.0000,0.0000,0.0000,
447,1,138,195,282,280,0.0000,0.0000,0.0000,0.0000,0.0000,0.0000,
448,1,138,195,282,280,0.0000,0.0000,0.0000,0.0000,0.0000,0.0000,
449,1,138,195,282,280,0.0000,0.0000,0.0000,0.0000,0.0000,0.0000,
450,1,138,195,282,280,0.0000,0.0000,0.0000,0.0000,0.0000,0.0000,
451,1,138,195,282,280,0.0000,0.0000,0.0000,0.0000,0.0000,0.0000,
452,1,138,195,282,280,0.0000,0.0000,0.0000,0.0000,0.0000,0.0000,
453,1,138,195,282,280,0.0000,0.0000,0.0000,0.0000,0.0000,0.0000,
454,1,138,195,282,280,0.0000,0.0000,0.0000,0.0000,0.0000,0.0000,
455,1,138,195,282,280,0.0000,0.0000,0.0000,0.0000,0.0000,0.0000,
456,1,138,195,282,280,0.0000,0.0000,0.0000,0.0000,0.0000,0.0000,
457,1,138,195,282,280,0.0000,0.0000,0.0000,0.0000,0.0000,0.0000,
458,1,138,195,282,280,0.0000,0.0000,0.0000,0.0000,0.0000,0.0000,
459,1,138,195,282,280,0.0000,0.0000,0.0000,0.0000,0.0000,0.0000,
460,1,138,195,282,280,0.0000,0.0000,0.0000,0.0000,0.0000,0.0000,
461,1,138,195,282,280,0.0000,0.0000,0.0000,0.0000,0.0000,0.0000,
462,1,138,195,282,280,0.0000,0.0000,0.0000,0.0000,0.0000,0.0000,
463,1,138,195,282,280,0.0000,0.0000,0.0000,0.0000,0.0000,0.0000,
464,1,138,195,282,280,0.0000,0.0000,0.0000,0.0000,0.0000,0.0000,
465,1,138,195,282,280,0.0000,0.0000,0.0000,0.0000,0.0000,0.0000,
466,1,138,195,282,280,0.0000,0.0000,0.0000,0.0000,0.0000,0.0000,
467,1,138,195,282,280,0.0000,0.0000,0.0000,0.0000,0.0000,0.0000,
468,1,138,195,282,280,0.0000,0.0000,0.0000,0.0000,0.0000,0.0000,
469,1,138,195,282,280,0.0000,0.0000,0.0000,0.0000,0.0000,0.0000,
470,1,138,195,282,280,0.0000,0.0000,0.0000,0.0000,0.0000,0.0000,
471,1,138,195,282,280,0.0000,0.0000,0.0000,0.0000,0.0000,0.0000,
472,1,138,195,282,280,0.0000,0.0000,0.0000,0.0000,0.0000,0.0000,
473,1,138,195,282,280,0.0000,0.0000,0.0000,0.0000,0.0000,0.0000,
474,1,138,195,282,280,0.0000,0.0000,0.0000,0.0000,0.0000,0.0000,
475,1,138,195,282,280,0.0000,0.0000,0.0000,0.0000,0.0000,0.0000,
476,1,138,195,282,280,0.0000,0.0000,0.0000,0.0000,0.0000,0.0000,
477,1,138,195,282,280,0.0000,0.0000,0.0000,0.0000,0.0000,0.0000,
478,1,138,195,282,280,0.0000,0.0000,0.0000,0.0000,0.0000,0.0000,
479,1,138,195,282,280,0.0000,0.0000,0.0000,0.0000,0.0000,0.0000,
480,1,138,195,282,280,0.0000,0.0000,0.0000,0.0000,0.0000,0.0000,
481,1,138,195,282,280,0.0000,0.0000,0.0000,0.0000,0.0000,0.0000,
482,1,138,195,282,280,0.0000,0.0000,0.0000,0.0000,0.0000,0.0000,
483,1,138,195,282,280,0.0000,0.0000,0.0000,0.0000,0.0000,0.0000,
484,1,138,195,282,280,0.0000,0.0000,0.0000,0.0000,0.0000,0.0000,
485,1,138,195,282,280,0.0000,0.0000,0.0000,0.0000,0.0000,0.0000,
486,1,138,195,282,280,0.0000,0.0000,0.0000,0.0000,0.0000,0.0000,
487,1,138,195,282,280,0.0000,0.0000,0.0000,0.0000,0.0000,0.0000,
488,1,138,195,282,280,0.0000,0.0000,0.0000,0.0000,0.0000,0.0000,
489,1,138,195,282,280,0.0000,0.0000,0.0000,0.0000,0.0000,0.0000,
490,1,138,195,282,280,0.0000,0.0000,0.0000,0.0000,0.0000,0.0000,
491,1,138,195,282,280,0.0000,0.0000,0.0000,0.0000,0.0000,0.0000,
492,1,138,195,282,280,0.0000,0.0000,0.0000,0.0000,0.0000,0.0000,
493,1,138,195,282,280,0.0000,0.0000,0.0000,0.0000,0.0000,0.0000,
494,1,138,195,282,280,0.0000,0.0000,0.0000,0.0000,0.0000,0.0000,
495,1,138,195,282,280,0.0000,0.0000,0.0000,0.0000,0.0000,0.0000,
496,1,138,195,282,280,0.0000,0.0000,0.0000,0.0000,0.0000,0.0000,
497,1,138,195,282,280,0.0000,0.0000,0.0000,0.0000,0.0000,0.0000,
498,1,138,195,282,280,0.0000,0.0000,0.0000,0.0000,0.0000,0.0000,
499,1,138,195,282,280,0.0000,0.0000,0.0000,0.0000,0.0000,0.0000,
500,1,138,195,282,280,0.0000,0.0000,0.0000,0.0000,0.0000,0.0000,
501,1,138,195,282,280,0.0000,0.0000,0.0000,0.0000,0.0000,0.0000,
502,1,138,195,282,280,0.0000,0.0000,0.0000,0.0000,0.0000,0.0000,
503,1,138,195,282,280,0.0000,0.0000,0.0000,0.0000,0.0000,0.0000,
504,1,138,195,282,280,0.0000,0.0000,0.0000,0.0000,0.0000,0.0000,
505,1,138,195,282,280,0.0000,0.0000,0.0000,0.0000,0.0000,0.0000,
506,1,138,195,282,280,0.0000,0.0000,0.0000,0.0000,0.0000,0.0000,
507,1,138,195,282,280,0.0000,0.0000,0.0000,0.0000,0.0000,0.0000,
508,1,138,195,282,280,0.0000,0.0000,0.0000,0.0000,0.0000,0.0000,
509,1,138,195,282,280,0.0000,0.0000,0.0000,0.0000,0.0000,0.0000,
510,1,138,195,282,280,0.0000,0.0000,0.0000,0.0000,0.0000,0.0000,
511,1,138,195,282,280,0.0000,0.0000,0.0000,0.0000,0.0000,0.0000,
512,1,138,195,282,280,0.0000,0.0000,0.0000,0.0000,0.0000,0.0000,
513,1,138,195,282,280,0.0000,0.0000,0.0000,0.0000,0.0000,0.0000,
514,1,138,195,282,280,0.0000,0.0000,0.0000,0.0000,0.0000,0.0000,
515,1,138,195,282,280,0.0000,0.0000,0.0000,0.0000,0.0000,0.0000,
516,1,138,195,282,280,0.0000,0.0000,0.0000,0.0000,0.0000,0.0000,
517,1,138,195,282,280,0.0000,0.0000,0.0000,0.0000,0.0000,0.0000,
518,1,138,195,282,280,0.0000,0.0000,0.0000,0.0000,0.0000,0.0000,
519,1,138,195,282,280,0.0000,0.0000,0.0000,0.0000,0.0000,0.0000,
