1,51,0.940609,64,384,157,453,
2,51,0.958031,63,384,158,453,
3,51,0.967552,64,384,157,454,
4,51,0.928932,64,384,157,453,
5,51,0.961287,64,384,158,453,
6,51,0.953313,64,384,157,453,
7,51,0.973438,66,384,157,454,
8,51,0.935505,64,384,158,453,
9,51,0.940953,64,384,158,453,
10,51,0.941160,63,384,158,453,
11,51,0.958947,64,384,157,453,
12,51,0.961229,64,384,157,453,
13,51,0.950382,64,383,158,453,
14,51,0.951168,63,384,158,453,
15,51,0.945897,64,384,157,453,
16,51,0.936487,63,384,158,453,
17,51,0.948547,64,383,158,453,
18,51,0.964722,63,384,158,453,
19,51,0.958205,66,383,157,453,
20,51,0.948898,64,384,157,453,
21,51,0.949480,63,384,157,453,
22,51,0.969524,65,384,157,453,
23,51,0.958670,63,384,158,453,
24,51,0.959898,63,384,157,453,
25,51,0.965889,64,384,157,453,
26,51,0.941303,64,384,157,453,
27,51,0.946708,63,383,158,453,
28,51,0.952251,64,384,157,453,
29,51,0.956447,64,384,158,453,
30,51,0.947874,63,384,157,453,
31,51,0.961467,64,384,158,453,
32,51,0.957461,64,384,157,453,
33,51,0.950745,65,384,157,453,
34,51,0.938633,66,384,157,454,
35,51,0.930275,64,384,157,453,
36,51,0.964652,64,384,157,453,
37,51,0.956674,65,384,158,453,
38,51,0.968836,64,384,157,453,
39,51,0.937001,63,384,158,453,
40,51,0.972103,66,384,158,453,
41,51,0.944715,63,384,158,453,
42,51,0.951323,63,384,158,453,
43,51,0.970318,63,384,158,453,
44,51,0.953848,64,384,157,454,
45,51,0.961744,64,384,158,453,
46,51,0.942559,64,384,157,453,
47,51,0.962862,64,384,157,453,
48,51,0.966335,62,384,158,453,
49,51,0.964749,63,384,157,453,
50,51,0.972965,66,384,158,453,
51,51,0.973740,66,384,158,453,
52,51,0.953750,64,384,158,452,
53,51,0.974288,64,384,158,453,
54,51,0.953076,64,384,157,453,
55,51,0.956666,63,384,158,453,
56,51,0.927778,64,384,158,453,
57,51,0.958903,64,384,158,453,
58,51,0.960685,64,384,158,453,
59,51,0.934787,64,384,157,454,
60,51,0.946020,63,384,158,453,
61,51,0.962388,63,384,158,453,
62,51,0.958883,64,384,158,453,
63,51,0.950033,64,384,158,454,
64,51,0.968786,64,384,158,454,
65,51,0.940438,64,384,157,453,
66,51,0.963892,64,385,157,453,
67,51,0.974727,64,384,158,453,
68,51,0.970877,64,384,158,453,
69,51,0.971699,64,384,157,453,
70,51,0.955990,64,384,158,453,
71,51,0.968312,65,384,157,453,
72,51,0.934403,64,383,158,454,
73,51,0.943237,64,384,158,453,
74,51,0.947836,64,384,158,453,
75,51,0.969559,64,384,158,453,
76,51,0.944151,64,383,158,453,
77,51,0.962340,64,384,158,453,
78,51,0.958837,66,384,158,453,
79,51,0.950392,64,385,158,453,
80,51,0.961378,63,384,158,453,
81,51,0.954657,67,385,157,455,
82,51,0.978020,66,384,158,453,
83,51,0.951253,64,384,157,453,
84,51,0.958385,63,383,158,454,
85,51,0.958843,63,384,158,453,
86,51,0.961178,63,384,158,453,
87,51,0.961027,63,384,158,453,
88,51,0.946031,64,384,157,453,
89,51,0.948169,63,384,158,453,
90,51,0.962285,63,383,158,453,
91,51,0.951849,63,384,158,453,
92,51,0.961883,63,384,157,452,
93,51,0.957281,63,384,158,453,
94,51,0.982016,66,384,158,453,
95,51,0.967648,64,384,157,453,
96,51,0.940890,63,384,157,453,
97,51,0.937372,64,383,158,453,
98,51,0.941366,63,384,157,452,
99,51,0.975897,65,383,158,453,
100,51,0.956253,64,384,157,453,
101,51,0.960216,64,383,158,454,
102,51,0.959573,66,383,157,453,
103,51,0.964445,63,383,158,452,
104,51,0.956630,63,383,158,453,
105,51,0.946171,63,383,157,453,
106,51,0.911839,64,383,157,453,
107,51,0.967032,66,383,157,453,
108,51,0.939728,65,383,159,454,
109,51,0.953196,63,383,158,453,
110,51,0.944411,64,383,158,453,
111,51,0.977242,65,383,158,453,
112,51,0.946641,63,383,158,453,
113,51,0.932333,65,383,159,454,
114,51,0.949875,64,384,158,454,
115,51,0.950196,67,384,158,453,
116,51,0.950274,67,384,158,453,
117,51,0.926646,65,383,159,453,
118,51,0.929546,64,384,158,452,
119,51,0.953448,64,383,158,453,
120,51,0.944105,64,384,159,453,
121,51,0.944519,64,384,158,453,
122,51,0.934171,64,383,158,453,
123,51,0.915345,65,384,158,453,
124,51,0.944366,65,384,158,453,
125,51,0.928430,66,385,155,453,
126,51,0.926655,64,383,157,453,
127,51,0.902459,64,384,156,452,
128,51,0.939686,64,384,157,453,
129,51,0.947432,64,384,158,453,
130,51,0.958226,67,385,158,453,
131,51,0.956524,65,384,157,453,
132,51,0.934224,64,384,158,452,
133,51,0.957131,67,384,157,453,
134,51,0.968802,67,383,157,452,
135,51,0.952904,65,384,156,453,
136,51,0.938950,65,384,156,452,
137,51,0.955380,64,384,156,453,
138,51,0.955363,66,384,157,453,
139,51,0.939711,65,383,156,453,
140,51,0.955871,64,384,156,452,
141,51,0.948141,65,384,155,453,
142,51,0.942672,65,383,156,453,
143,51,0.954601,65,385,157,453,
144,51,0.964403,65,384,157,454,
145,51,0.956029,67,384,155,453,
146,51,0.968557,65,384,156,453,
147,51,0.949093,65,384,157,454,
148,51,0.946854,65,384,157,453,
149,51,0.956638,65,384,158,453,
150,51,0.946965,65,383,157,454,
151,51,0.961249,67,383,156,454,
152,51,0.956316,64,383,155,453,
153,51,0.969374,67,383,157,453,
154,51,0.933124,65,383,156,453,
155,51,0.928739,65,384,155,453,
156,51,0.944155,65,383,155,453,
157,51,0.965041,67,383,156,453,
158,51,0.959682,67,384,157,452,
159,51,0.952740,65,384,157,453,
160,51,0.946249,64,384,155,453,
161,51,0.946097,65,384,157,454,
162,51,0.946918,64,384,156,453,
163,51,0.901782,65,383,158,454,
164,51,0.934673,64,383,158,453,
165,51,0.949840,64,383,156,453,
166,51,0.940112,65,383,158,453,
167,51,0.953669,64,383,157,453,
168,51,0.940763,65,384,158,453,
169,51,0.945427,65,383,156,453,
170,51,0.955666,64,383,156,452,
171,51,0.942564,65,383,158,454,
172,51,0.944639,65,383,158,453,
173,51,0.925586,65,383,156,452,
174,51,0.931773,65,383,157,452,
175,51,0.934554,65,383,157,452,
176,51,0.905582,65,383,157,453,
177,51,0.950440,65,384,159,454,
178,51,0.928983,64,383,157,452,
179,51,0.922851,64,383,157,452,
180,51,0.948694,65,384,158,453,
181,51,0.929192,64,383,157,452,
182,51,0.933011,65,383,159,453,
183,51,0.940653,64,383,156,452,
184,51,0.952771,65,384,159,454,
185,51,0.929072,65,383,156,453,
186,51,0.957512,65,384,158,454,
187,51,0.921284,64,383,157,453,
188,51,0.939928,64,384,159,453,
189,51,0.924766,65,383,157,452,
190,51,0.926763,64,383,157,453,
191,51,0.949065,65,384,158,454,
192,51,0.950144,65,383,158,453,
193,51,0.880220,65,383,157,453,
194,51,0.946767,63,383,157,453,
195,51,0.934361,64,383,157,453,
196,51,0.938670,64,383,157,452,
197,51,0.941034,64,383,157,452,
198,51,0.946025,65,384,158,453,
199,51,0.949979,65,383,158,453,
200,51,0.935687,65,384,157,453,
201,51,0.951314,64,383,154,452,
202,51,0.967292,65,384,159,454,
203,51,0.959609,66,383,159,454,
204,51,0.959667,66,384,158,454,
205,51,0.958319,65,385,159,453,
206,51,0.936784,66,384,158,453,
207,51,0.949455,64,384,155,452,
208,51,0.962103,65,385,159,453,
209,51,0.973520,65,385,161,453,
210,51,0.969039,65,385,161,453,
211,51,0.975568,66,385,161,453,
212,51,0.980526,65,385,160,453,
213,51,0.982675,66,385,161,453,
214,51,0.983723,68,385,161,453,
215,51,0.962948,70,385,160,452,
216,51,0.945264,72,383,159,448,
217,51,0.946151,75,383,166,449,
218,51,0.963452,80,384,168,447,
219,51,0.945692,82,381,172,446,
220,51,0.923507,87,379,173,444,
221,51,0.981480,92,378,176,443,
222,51,0.968811,99,376,182,439,
223,51,0.984298,105,373,185,438,
224,51,0.686939,112,371,192,433,
225,51,0.965935,119,369,196,429,
226,51,0.968821,124,367,204,427,
227,51,0.949171,130,365,206,424,
228,51,0.956215,138,361,211,419,
229,51,0.918860,143,358,213,414,
230,51,0.857435,149,352,221,411,
231,51,0.929855,156,349,223,405,
232,51,0.959847,159,344,226,399,
233,51,0.891196,162,339,229,392,
234,51,0.942504,164,335,230,388,
235,51,0.972290,166,330,234,383,
236,51,0.880437,169,328,231,378,
237,51,0.947905,169,325,234,374,
238,51,0.954623,174,321,235,369,
240,51,0.633295,174,314,235,363,
241,51,0.760697,175,313,234,358,
245,51,0.796427,171,303,233,348,
246,51,0.873776,170,301,231,344,
247,51,0.802075,171,301,228,344,
249,51,0.912572,163,296,226,339,
251,51,0.918444,159,294,225,330,
252,51,0.927446,156,290,224,329,
253,51,0.981910,156,294,224,329,
254,51,0.987871,156,293,222,327,
255,51,0.980301,154,293,219,326,
256,51,0.989170,152,292,216,325,
257,51,0.988663,151,292,216,326,
258,51,0.988972,151,291,212,324,
259,51,0.984878,149,291,210,324,
260,51,0.975164,150,291,210,324,
261,51,0.979044,150,291,208,324,
262,51,0.966282,150,291,208,323,
263,51,0.959845,150,290,206,322,
264,51,0.856736,151,289,207,322,
265,51,0.870601,151,289,205,321,
266,51,0.888071,150,289,204,322,
267,51,0.834872,149,288,203,321,
268,51,0.938725,148,288,202,320,
269,51,0.927245,148,289,204,320,
270,51,0.792579,148,290,203,321,
271,51,0.874669,148,290,201,320,
272,51,0.901578,148,290,201,320,
273,51,0.863157,147,290,202,321,
274,51,0.837442,147,289,201,320,
275,51,0.764168,147,288,201,321,
276,51,0.757622,146,290,199,321,
277,51,0.879399,146,288,199,320,
278,51,0.817683,145,288,200,321,
279,51,0.726133,145,287,197,320,
280,51,0.870910,144,288,197,320,
281,51,0.944460,144,287,198,319,
282,51,0.884657,144,286,198,320,
283,51,0.788515,143,285,196,320,
285,51,0.685146,141,285,195,319,
286,51,0.573475,142,285,197,319,
287,51,0.698509,142,285,197,319,
289,51,0.747220,141,285,199,320,
290,51,0.682912,141,286,197,320,
291,51,0.576344,142,286,198,320,
292,51,0.835002,141,286,194,319,
293,51,0.828835,141,285,199,320,
294,51,0.856896,143,287,197,320,
295,51,0.863043,142,285,201,319,
296,51,0.886523,144,285,199,320,
297,51,0.929250,143,286,199,320,
298,51,0.911048,144,287,195,319,
299,51,0.915877,143,286,195,320,
300,51,0.821315,143,284,198,320,
301,51,0.817257,144,286,196,320,
302,51,0.827734,143,285,196,319,
303,51,0.856511,144,286,197,320,
304,51,0.864756,144,286,197,320,
305,51,0.857604,145,287,196,320,
306,51,0.836646,145,287,197,320,
307,51,0.761348,143,286,196,320,
308,51,0.703061,141,281,216,321,
309,51,0.897451,143,285,202,320,
310,51,0.928585,145,290,195,320,
311,51,0.932469,142,288,196,319,
312,51,0.949058,142,284,195,319,
313,51,0.948968,143,281,198,319,
314,51,0.941246,143,284,195,319,
315,51,0.929493,143,284,195,318,
316,51,0.918271,143,283,196,318,
317,51,0.871785,143,283,196,319,
318,51,0.922526,144,283,196,320,
319,51,0.653519,146,286,195,320,
320,51,0.718022,146,285,194,321,
321,51,0.519706,142,284,191,320,
322,51,0.683956,142,287,194,319,
323,51,0.792866,146,286,195,319,
324,51,0.842641,146,286,195,319,
325,51,0.873908,146,286,195,319,
326,51,0.874396,146,287,194,319,
327,51,0.764862,146,288,194,319,
328,51,0.753770,146,287,194,319,
329,51,0.721179,145,289,194,320,
330,51,0.675106,144,289,194,319,
