1,1,0.999726,308,61,439,475,
2,1,0.999713,310,69,439,476,
3,1,0.999703,309,70,438,475,
4,1,0.999830,308,66,434,475,
5,1,0.999835,308,66,434,473,
6,1,0.999865,308,66,433,473,
7,1,0.999827,306,64,431,473,
8,1,0.999815,306,64,429,475,
9,1,0.999868,305,67,427,473,
10,1,0.999886,304,69,426,472,
11,1,0.999802,303,69,425,473,
12,1,0.999850,301,71,425,475,
13,1,0.999865,302,70,424,473,
14,1,0.999892,301,65,426,474,
15,1,0.999779,305,70,425,474,
16,1,0.999842,304,68,426,475,
17,1,0.999833,304,70,425,474,
18,1,0.999825,303,65,424,476,
19,1,0.999824,304,67,427,473,
20,1,0.999667,305,68,426,474,
21,1,0.999784,303,66,428,474,
22,1,0.999806,303,66,429,474,
23,1,0.999754,304,63,429,476,
24,1,0.999771,303,64,427,476,
25,1,0.999834,302,60,431,478,
26,1,0.999806,300,64,428,477,
27,1,0.999912,302,68,430,474,
28,1,0.999915,301,67,430,472,
29,1,0.999841,299,68,432,473,
30,1,0.999832,301,66,436,475,
31,1,0.999894,298,65,437,474,
32,1,0.999855,294,65,441,475,
33,1,0.999921,291,65,438,474,
34,1,0.999925,290,65,439,473,
35,1,0.999861,288,64,444,472,
36,1,0.999835,288,63,445,471,
37,1,0.999849,286,64,447,471,
38,1,0.999854,285,64,447,480,
39,1,0.999880,279,64,450,472,
40,1,0.999887,278,64,451,472,
41,1,0.999869,276,66,451,472,
42,1,0.999887,274,65,451,472,
43,1,0.999836,275,64,449,480,
44,1,0.999841,272,66,448,475,
45,1,0.999819,272,68,450,474,
46,1,0.999846,268,65,447,470,
47,1,0.999864,267,66,450,469,
48,1,0.999863,266,65,447,472,
49,1,0.999872,267,67,445,473,
50,1,0.999915,265,73,444,469,
51,1,0.999851,262,72,442,476,
52,1,0.999862,261,72,440,476,
53,1,0.999870,265,73,435,475,
54,1,0.999874,262,77,433,473,
55,1,0.999873,259,79,433,474,
56,1,0.999859,263,79,432,474,
57,1,0.999874,262,80,430,473,
58,1,0.999839,262,81,426,476,
59,1,0.999909,257,81,424,473,
60,1,0.999925,255,80,425,471,
61,1,0.999921,256,82,423,476,
62,1,0.999926,255,84,423,475,
63,1,0.999883,253,85,422,475,
64,1,0.999886,252,86,422,475,
65,1,0.999861,251,89,422,475,
66,1,0.999882,251,90,420,475,
67,1,0.999905,251,90,418,471,
68,1,0.999857,251,91,418,473,
69,1,0.999841,248,91,417,475,
70,1,0.999848,249,90,414,476,
71,1,0.999870,247,93,415,473,
72,1,0.999861,248,92,415,474,
73,1,0.999898,248,93,416,475,
74,1,0.999907,249,93,415,475,
75,1,0.999911,248,92,415,475,
76,1,0.999916,244,89,418,472,
77,1,0.999786,245,92,418,474,
78,1,0.999903,243,93,418,473,
79,1,0.999901,245,93,418,473,
80,1,0.999878,245,93,418,474,
81,1,0.999879,245,93,417,474,
82,1,0.999904,246,90,418,474,
83,1,0.999882,247,93,417,474,
84,1,0.999893,249,92,415,475,
85,1,0.999873,248,92,414,474,
86,1,0.999890,247,92,414,474,
87,1,0.999897,249,92,415,475,
88,1,0.999921,249,90,415,475,
89,1,0.999872,249,88,415,474,
90,1,0.999872,249,86,414,477,
91,1,0.999885,253,85,411,478,
92,1,0.999898,251,86,411,476,
93,1,0.999909,248,82,412,472,
94,1,0.999906,248,83,411,474,
95,1,0.999893,248,82,412,475,
96,1,0.999934,248,83,411,472,
97,1,0.999904,247,80,410,480,
98,1,0.999938,247,82,410,471,
99,1,0.999939,245,81,411,474,
100,1,0.999936,241,78,410,477,
101,1,0.999907,233,77,410,476,
102,1,0.999956,235,77,409,470,
103,1,0.999928,222,73,410,478,
104,1,0.999868,213,73,410,471,
105,1,0.999936,206,73,411,474,
106,1,0.999947,191,70,409,473,
107,1,0.999910,195,70,410,477,
108,1,0.999948,186,64,410,472,
109,1,0.999959,178,66,413,475,
110,1,0.999938,175,68,411,475,
111,1,0.999944,177,64,412,475,
112,1,0.999930,177,62,411,477,
113,1,0.999920,172,66,412,476,
114,1,0.999940,173,64,412,476,
115,1,0.999957,173,62,413,474,
116,1,0.999958,163,63,410,473,
117,1,0.999960,163,62,414,471,
118,1,0.999955,160,66,413,474,
119,1,0.999958,162,62,412,473,
120,1,0.999963,160,63,412,473,
121,1,0.999932,158,65,411,475,
122,1,0.999915,158,65,414,475,
123,1,0.999914,155,64,413,473,
124,1,0.999916,151,66,413,476,
125,1,0.999904,152,66,412,477,
126,1,0.999923,144,64,412,477,
127,1,0.999922,140,63,412,477,
128,1,0.999939,143,63,410,475,
129,1,0.999924,135,60,408,480,
130,1,0.999951,135,60,407,473,
131,1,0.999962,137,62,407,472,
132,1,0.999961,135,62,406,472,
133,1,0.999962,136,59,406,473,
134,1,0.999957,131,62,406,471,
135,1,0.999953,130,63,408,470,
136,1,0.999953,131,59,404,473,
137,1,0.999904,127,62,407,470,
138,1,0.999900,126,61,408,469,
139,1,0.999935,124,62,406,473,
140,1,0.999930,123,63,408,471,
141,1,0.999949,118,61,405,470,
142,1,0.999927,125,62,407,468,
143,1,0.999918,123,62,405,469,
144,1,0.999955,123,62,404,468,
145,1,0.999951,126,60,404,468,
146,1,0.999948,122,60,406,471,
147,1,0.999900,125,59,406,480,
148,1,0.999928,128,59,406,470,
149,1,0.999940,123,59,406,469,
150,1,0.999947,126,62,404,468,
151,1,0.999908,124,60,407,468,
152,1,0.999923,128,60,407,468,
153,1,0.999917,126,61,409,467,
154,1,0.999935,123,60,406,469,
155,1,0.999920,123,60,408,480,
156,1,0.999940,124,60,408,469,
157,1,0.999956,125,64,407,472,
158,1,0.999949,122,61,407,473,
159,1,0.999954,123,60,408,472,
160,1,0.999926,123,59,408,469,
161,1,0.999950,126,60,407,468,
162,1,0.999890,125,58,407,480,
163,1,0.999940,122,61,405,474,
164,1,0.999942,129,63,409,475,
165,1,0.999926,126,58,405,472,
166,1,0.999931,129,57,406,468,
167,1,0.999941,125,58,408,469,
168,1,0.999947,124,57,405,468,
169,1,0.999937,120,61,405,470,
170,1,0.999941,127,56,407,468,
171,1,0.999923,126,59,403,480,
172,1,0.999945,127,60,407,469,
173,1,0.999957,130,60,407,471,
174,1,0.999930,129,59,406,480,
175,1,0.999956,138,59,407,472,
176,1,0.999961,139,58,405,473,
177,1,0.999952,140,57,409,472,
178,1,0.999940,148,58,410,470,
179,1,0.999928,149,59,412,470,
180,1,0.999941,158,57,411,464,
181,1,0.999936,169,59,410,476,
182,1,0.999920,176,56,412,472,
183,1,0.999896,187,58,415,472,
184,1,0.999935,195,62,413,474,
185,1,0.999938,206,61,414,479,
186,1,0.999832,207,61,415,468,
187,1,0.999830,210,61,417,469,
188,1,0.999883,210,62,422,472,
189,1,0.999820,213,65,423,473,
190,1,0.999842,211,67,422,479,
191,1,0.999810,211,65,427,477,
192,1,0.999947,209,65,427,478,
193,1,0.999936,206,65,431,474,
194,1,0.999929,204,68,432,474,
195,1,0.999938,198,68,432,476,
196,1,0.999946,189,69,435,473,
197,1,0.999923,185,70,435,472,
198,1,0.999921,181,76,438,479,
199,1,0.999958,173,74,437,472,
200,1,0.999922,164,76,437,472,
201,1,0.999929,162,80,437,474,
202,1,0.999926,155,80,437,472,
203,1,0.999923,156,83,438,473,
204,1,0.999870,152,85,434,477,
205,1,0.999903,153,90,440,475,
206,1,0.999918,144,88,440,471,
207,1,0.999856,141,90,436,477,
208,1,0.999870,145,90,434,477,
209,1,0.999905,153,93,440,472,
210,1,0.999893,149,88,434,479,
211,1,0.999856,153,94,442,472,
212,1,0.999868,148,90,435,478,
213,1,0.999825,151,89,436,478,
214,1,0.999873,151,91,436,476,
215,1,0.999881,153,90,437,476,
216,1,0.999917,152,88,440,471,
217,1,0.999799,158,90,440,480,
218,1,0.999935,157,87,439,472,
219,1,0.999915,160,81,441,472,
220,1,0.999918,161,83,440,472,
221,1,0.999916,163,80,440,472,
222,1,0.999944,168,78,438,474,
223,1,0.999941,180,79,439,473,
224,1,0.999959,178,75,436,470,
225,1,0.999951,185,70,437,472,
226,1,0.999951,186,70,437,472,
227,1,0.999944,192,67,436,473,
228,1,0.999905,196,67,437,480,
229,1,0.999930,199,71,442,475,
230,1,0.999954,197,67,441,470,
231,1,0.999950,198,65,440,472,
232,1,0.999937,202,63,438,471,
233,1,0.999941,209,64,436,474,
234,1,0.999943,214,63,431,475,
235,1,0.999916,215,61,432,475,
236,1,0.999881,211,57,431,471,
237,1,0.999925,212,61,429,469,
238,1,0.999914,214,57,425,467,
239,1,0.999954,216,58,423,471,
240,1,0.999930,217,59,421,467,
241,1,0.999908,220,60,417,467,
242,1,0.999906,221,62,421,469,
243,1,0.999913,220,61,416,467,
244,1,0.999869,222,62,417,466,
245,1,0.999922,221,62,414,468,
246,1,0.999829,222,59,413,470,
247,1,0.999921,216,60,412,469,
248,1,0.999884,220,62,413,475,
249,1,0.999910,216,60,412,470,
250,1,0.999829,217,63,410,474,
251,1,0.999929,216,63,410,469,
252,1,0.999926,216,62,409,472,
253,1,0.999814,220,61,409,476,
254,1,0.999928,213,61,409,473,
255,1,0.999823,214,67,407,475,
256,1,0.999884,212,66,406,472,
257,1,0.999804,214,65,406,473,
258,1,0.999934,208,65,409,478,
259,1,0.999928,205,66,409,476,
260,1,0.999943,204,66,409,473,
261,1,0.999951,204,66,411,474,
262,1,0.999953,205,68,413,470,
263,1,0.999945,208,67,410,471,
264,1,0.999956,196,64,411,471,
265,1,0.999953,203,71,411,470,
266,1,0.999924,196,68,413,471,
267,1,0.999954,199,70,414,469,
268,1,0.999965,198,69,414,469,
269,1,0.999958,193,69,416,470,
270,1,0.999943,192,66,414,473,
271,1,0.999947,188,66,414,472,
272,1,0.999911,188,64,416,472,
273,1,0.999920,191,64,415,473,
274,1,0.999920,184,68,415,474,
275,1,0.999937,186,66,416,471,
276,1,0.999924,183,67,416,472,
277,1,0.999937,187,70,412,467,
278,1,0.999941,183,67,412,475,
279,1,0.999933,184,66,414,473,
280,1,0.999918,182,68,414,470,
281,1,0.999916,183,69,414,470,
282,1,0.999897,185,69,414,468,
283,1,0.999910,182,69,415,469,
284,1,0.999919,180,68,416,468,
285,1,0.999925,181,69,415,470,
286,1,0.999956,181,67,410,472,
287,1,0.999966,181,68,412,469,
288,1,0.999932,180,70,415,468,
289,1,0.999964,182,67,412,468,
290,1,0.999958,180,67,412,469,
291,1,0.999966,180,68,412,470,
292,1,0.999946,180,70,412,468,
293,1,0.999915,180,69,415,468,
294,1,0.999929,182,69,415,464,
295,1,0.999906,184,69,414,480,
296,1,0.999918,184,69,415,470,
297,1,0.999932,187,67,410,473,
298,1,0.999912,189,68,414,473,
299,1,0.999935,191,68,411,474,
300,1,0.999912,196,68,407,476,
301,1,0.999919,197,69,412,468,
302,1,0.999911,206,69,407,475,
303,1,0.999781,196,67,414,471,
304,1,0.999882,202,67,410,473,
305,1,0.999890,196,66,407,472,
306,1,0.999795,204,67,409,476,
307,1,0.999907,194,65,408,474,
308,1,0.999943,189,64,408,478,
309,1,0.999941,184,66,407,471,
310,1,0.999912,183,67,409,473,
311,1,0.999932,179,65,408,474,
312,1,0.999944,173,67,411,472,
313,1,0.999949,168,64,412,471,
314,1,0.999966,167,62,413,471,
315,1,0.999981,159,65,414,473,
316,1,0.999979,155,64,413,472,
317,1,0.999980,149,65,414,469,
318,1,0.999980,152,66,413,470,
319,1,0.999981,144,64,414,470,
320,1,0.999982,132,66,413,471,
321,1,0.999976,120,66,413,471,
322,1,0.999957,109,66,414,469,
323,1,0.999963,107,70,413,470,
324,1,0.999952,111,67,413,472,
325,1,0.999972,125,66,412,473,
326,1,0.999947,122,65,413,480,
327,1,0.999969,120,66,413,471,
328,1,0.999971,119,65,414,473,
329,1,0.999967,121,66,414,473,
330,1,0.999938,128,65,415,473,
331,1,0.999947,132,66,416,480,
332,1,0.999977,131,66,415,471,
333,1,0.999968,128,69,415,472,
334,1,0.999952,137,68,412,471,
335,1,0.999965,149,70,416,470,
336,1,0.999980,145,65,418,470,
337,1,0.999979,149,64,416,472,
338,1,0.999927,150,70,420,472,
339,1,0.999968,158,62,418,474,
340,1,0.999967,162,62,418,472,
341,1,0.999962,163,61,419,474,
342,1,0.999953,174,64,421,480,
343,1,0.999966,178,62,420,473,
344,1,0.999968,180,62,421,472,
345,1,0.999966,184,60,423,472,
346,1,0.999969,187,61,422,469,
347,1,0.999975,189,59,422,469,
348,1,0.999973,190,62,424,469,
349,1,0.999971,195,62,424,470,
350,1,0.999974,201,59,423,472,
351,1,0.999974,199,60,425,474,
352,1,0.999963,209,58,424,471,
353,1,0.999970,206,59,426,473,
354,1,0.999957,206,60,428,469,
355,1,0.999976,213,60,428,471,
356,1,0.999966,214,59,430,472,
357,1,0.999948,217,61,431,473,
358,1,0.999959,218,61,431,472,
359,1,0.999975,220,59,432,469,
360,1,0.999939,216,57,431,470,
361,1,0.999954,220,58,433,470,
362,1,0.999970,220,55,433,468,
363,1,0.999964,214,59,432,468,
364,1,0.999965,212,54,432,470,
365,1,0.999965,211,59,435,469,
366,1,0.999956,213,57,433,469,
367,1,0.999952,216,57,432,470,
368,1,0.999965,209,52,432,469,
369,1,0.999948,208,54,435,470,
370,1,0.999936,212,56,434,469,
371,1,0.999935,216,58,433,470,
372,1,0.999931,216,60,432,471,
373,1,0.999951,222,60,433,470,
374,1,0.999950,221,59,433,467,
375,1,0.999957,219,60,432,469,
376,1,0.999926,216,61,431,480,
377,1,0.999945,222,61,432,468,
378,1,0.999965,226,60,430,469,
379,1,0.999964,229,62,430,468,
380,1,0.999901,227,56,430,466,
381,1,0.999916,223,56,428,468,
382,1,0.999922,224,56,428,469,
383,1,0.999919,227,55,428,468,
384,1,0.999905,224,51,428,467,
385,1,0.999911,225,54,429,467,
386,1,0.999914,224,55,428,467,
387,1,0.999944,226,58,430,467,
388,1,0.999966,222,59,428,468,
389,1,0.999946,225,55,427,468,
390,1,0.999938,223,57,428,467,
391,1,0.999939,225,62,427,469,
392,1,0.999948,220,57,425,468,
393,1,0.999921,220,58,427,471,
394,1,0.999936,219,58,427,471,
395,1,0.999962,217,59,426,469,
396,1,0.999920,218,59,425,480,
397,1,0.999941,218,56,426,469,
398,1,0.999963,217,57,425,469,
399,1,0.999952,219,57,427,469,
400,1,0.999964,218,58,425,468,
401,1,0.999945,219,57,426,470,
402,1,0.999919,218,55,425,469,
403,1,0.999951,218,57,426,469,
404,1,0.999941,218,57,426,469,
405,1,0.999957,218,60,427,471,
406,1,0.999956,218,63,425,469,
407,1,0.999950,216,59,426,469,
408,1,0.999954,216,61,427,469,
409,1,0.999948,216,61,426,468,
410,1,0.999955,216,60,427,469,
411,1,0.999959,218,58,428,469,
412,1,0.999957,219,57,427,470,
413,1,0.999946,219,57,427,469,
414,1,0.999927,216,57,430,471,
415,1,0.999945,218,59,430,470,
416,1,0.999841,222,53,432,472,
417,1,0.999946,221,57,432,470,
418,1,0.999866,226,51,432,469,
419,1,0.999946,228,59,433,467,
420,1,0.999817,222,56,434,472,
421,1,0.999931,226,58,436,470,
422,1,0.999928,229,60,437,470,
423,1,0.999935,231,60,435,470,
424,1,0.999923,243,59,437,470,
425,1,0.999892,245,60,437,471,
426,1,0.999877,249,60,437,471,
427,1,0.999879,256,60,436,472,
428,1,0.999851,258,57,439,480,
429,1,0.999848,264,57,437,477,
