557,86,0.593234,401,312,460,401,
558,86,0.742301,401,311,460,401,
559,86,0.696499,399,308,458,400,
560,86,0.785383,402,310,460,402,
561,86,0.733826,401,310,460,401,
562,86,0.562830,399,310,458,400,
563,86,0.674215,400,310,459,400,
564,86,0.677078,400,310,462,399,
565,86,0.636214,400,309,461,399,
566,86,0.652011,400,311,462,400,
567,86,0.601492,401,311,461,400,
568,86,0.693170,401,310,460,401,
569,86,0.722861,401,310,460,401,
570,86,0.627699,401,311,462,399,
575,86,0.554322,400,312,462,400,
