33,51,0.657101,251,300,338,371,
34,51,0.775313,254,306,338,371,
35,51,0.837608,250,311,340,373,
36,51,0.899601,247,313,342,377,
37,51,0.897146,248,313,341,382,
38,51,0.977939,251,318,345,381,
39,51,0.982903,253,319,345,384,
40,51,0.958347,253,321,342,392,
41,51,0.949440,257,321,343,396,
42,51,0.872740,250,324,342,393,
44,51,0.890102,251,326,344,396,
45,51,0.882280,252,329,343,399,
46,51,0.953616,255,332,342,400,
47,51,0.815828,254,331,345,401,
48,51,0.941917,258,335,347,402,
49,51,0.925907,256,336,344,402,
50,51,0.945696,258,336,346,404,
51,51,0.868916,258,337,345,405,
52,51,0.934324,258,338,347,405,
53,51,0.945553,259,338,347,404,
54,51,0.957503,258,338,348,404,
55,51,0.951818,257,338,346,404,
56,51,0.956052,257,337,348,404,
57,51,0.960813,258,338,349,404,
58,51,0.969563,258,338,348,404,
59,51,0.960630,257,340,346,404,
60,51,0.965460,257,339,347,405,
61,51,0.977591,256,340,347,404,
62,51,0.975358,255,339,346,404,
63,51,0.979053,254,339,347,405,
64,51,0.968361,253,338,348,405,
65,51,0.973490,256,340,348,405,
66,51,0.979379,254,339,348,404,
67,51,0.972580,254,339,347,405,
68,51,0.968947,255,338,347,403,
69,51,0.968237,248,339,345,404,
70,51,0.959825,255,337,345,405,
71,51,0.967670,256,338,345,406,
72,51,0.972883,259,338,346,404,
73,51,0.965149,257,341,347,406,
74,51,0.957441,258,342,346,405,
75,51,0.968857,258,341,347,405,
76,51,0.961025,259,342,347,406,
77,51,0.964212,259,342,346,405,
78,51,0.959223,258,341,347,405,
79,51,0.946184,259,341,346,406,
80,51,0.970645,259,341,347,406,
81,51,0.943225,256,340,345,406,
82,51,0.947782,257,340,346,405,
83,51,0.965130,259,341,346,405,
84,51,0.950254,257,339,346,405,
85,51,0.960879,256,339,345,406,
86,51,0.961954,257,341,345,405,
87,51,0.960657,258,341,346,405,
88,51,0.968001,259,340,347,404,
89,51,0.959675,258,341,346,405,
90,51,0.965272,258,340,346,405,
91,51,0.962261,258,340,347,405,
92,51,0.958443,257,341,346,405,
93,51,0.972441,258,342,346,405,
94,51,0.967974,258,341,347,405,
95,51,0.971391,257,341,347,405,
96,51,0.963451,257,340,346,405,
97,51,0.972732,257,341,347,405,
98,51,0.966273,257,341,347,405,
99,51,0.956171,257,340,347,405,
100,51,0.968382,259,342,347,405,
101,51,0.977207,258,342,347,405,
102,51,0.969382,257,341,345,405,
103,51,0.962739,257,342,347,405,
104,51,0.965681,257,342,347,405,
105,51,0.967087,258,340,347,405,
106,51,0.972234,259,341,348,405,
107,51,0.962041,258,340,348,404,
108,51,0.971063,258,340,347,405,
109,51,0.963188,259,342,346,405,
110,51,0.964081,259,341,348,404,
111,51,0.975305,258,341,347,404,
112,51,0.965282,257,341,347,405,
113,51,0.969189,258,341,348,405,
114,51,0.969837,258,342,347,405,
115,51,0.969768,259,341,347,405,
116,51,0.969048,258,341,347,405,
117,51,0.976184,258,340,347,405,
118,51,0.972808,259,341,348,404,
119,51,0.959444,257,342,347,405,
120,51,0.971904,259,342,348,405,
121,51,0.966200,257,341,347,405,
122,51,0.970787,258,341,347,405,
123,51,0.961792,258,341,347,405,
124,51,0.970230,258,340,348,405,
125,51,0.973248,258,341,348,404,
126,51,0.964122,258,341,346,405,
127,51,0.978250,258,342,349,405,
128,51,0.965770,257,340,349,406,
129,51,0.958919,256,341,347,405,
130,51,0.971808,258,340,347,405,
131,51,0.960494,258,339,348,406,
132,51,0.963847,258,339,348,405,
133,51,0.967630,258,339,348,405,
134,51,0.970832,258,340,348,405,
135,51,0.972072,258,340,348,405,
136,51,0.960804,257,341,347,406,
137,51,0.967595,258,342,347,405,
138,51,0.968560,258,342,347,405,
139,51,0.961604,258,342,346,405,
140,51,0.967863,258,342,347,405,
141,51,0.973995,259,339,347,405,
142,51,0.965549,258,342,347,405,
143,51,0.975609,259,340,346,405,
144,51,0.970321,259,340,348,405,
145,51,0.972350,260,340,347,406,
146,51,0.972040,257,342,347,405,
147,51,0.970864,259,338,348,404,
148,51,0.970656,259,339,347,405,
149,51,0.962742,258,342,346,405,
150,51,0.969635,258,343,346,405,
151,51,0.966165,259,342,346,405,
152,51,0.960246,257,340,347,406,
153,51,0.958311,256,339,347,405,
154,51,0.930136,257,340,346,406,
155,51,0.947274,258,340,347,406,
156,51,0.952816,258,341,347,405,
157,51,0.953663,257,340,346,406,
158,51,0.944614,257,340,347,406,
159,51,0.945148,256,340,345,406,
160,51,0.958614,257,339,345,407,
161,51,0.944999,257,341,345,406,
162,51,0.935896,258,339,346,406,
163,51,0.957015,258,340,347,405,
164,51,0.944058,257,339,345,406,
165,51,0.965518,257,339,347,406,
166,51,0.930358,256,339,345,406,
167,51,0.942099,258,339,347,406,
168,51,0.925837,258,339,347,406,
169,51,0.941731,258,338,346,406,
170,51,0.952758,258,339,347,406,
171,51,0.948790,256,340,348,406,
172,51,0.938910,256,340,347,406,
173,51,0.956149,257,339,348,405,
174,51,0.960624,257,340,347,406,
175,51,0.958128,256,339,349,405,
176,51,0.971078,258,339,348,405,
177,51,0.951717,256,338,347,406,
178,51,0.963776,258,339,348,405,
179,51,0.953949,256,341,346,406,
180,51,0.963400,257,339,348,406,
181,51,0.963587,256,339,346,407,
182,51,0.938055,255,339,345,406,
183,51,0.923148,257,338,347,406,
184,51,0.933058,257,339,346,406,
185,51,0.952964,256,341,345,406,
186,51,0.947415,258,339,347,406,
187,51,0.958983,257,339,347,406,
188,51,0.962154,256,339,345,406,
189,51,0.971127,257,339,347,405,
190,51,0.957342,257,340,345,406,
191,51,0.944818,257,338,347,406,
192,51,0.961025,256,339,347,405,
193,51,0.955326,257,340,346,406,
194,51,0.954624,257,338,346,405,
195,51,0.961269,257,340,346,406,
196,51,0.951077,258,339,346,405,
197,51,0.967757,258,341,346,405,
198,51,0.972071,258,339,347,405,
199,51,0.969282,259,342,346,405,
200,51,0.969776,258,341,346,405,
201,51,0.960231,258,341,346,405,
202,51,0.960028,259,341,346,405,
203,51,0.958562,259,342,346,405,
204,51,0.965113,260,341,345,405,
205,51,0.966246,259,339,346,404,
206,51,0.958262,260,341,345,405,
207,51,0.971154,259,340,347,404,
208,51,0.969029,259,339,347,404,
209,51,0.971151,259,340,345,405,
210,51,0.964656,258,339,346,405,
211,51,0.968013,259,339,347,406,
212,51,0.964248,257,340,345,406,
213,51,0.963671,257,340,345,405,
214,51,0.957263,257,339,345,406,
215,51,0.953717,257,341,346,405,
216,51,0.948243,259,340,346,405,
217,51,0.959950,259,340,346,405,
218,51,0.970110,258,340,347,405,
219,51,0.961337,259,339,347,405,
220,51,0.973997,259,339,347,406,
221,51,0.969783,257,341,346,405,
222,51,0.967529,257,341,345,405,
223,51,0.966943,257,341,345,405,
224,51,0.968397,258,341,347,405,
225,51,0.964188,257,340,346,405,
226,51,0.962998,258,341,347,405,
227,51,0.973851,258,341,346,405,
228,51,0.975770,258,340,346,406,
229,51,0.977001,258,340,347,405,
230,51,0.980661,258,339,347,405,
231,51,0.974476,259,340,347,405,
232,51,0.977693,259,339,346,406,
233,51,0.975727,258,341,346,405,
234,51,0.980401,259,339,346,405,
235,51,0.979783,259,340,346,405,
236,51,0.973573,259,340,346,406,
237,51,0.979313,258,340,348,405,
238,51,0.976349,258,341,349,405,
239,51,0.975677,258,341,348,405,
240,51,0.973908,258,341,346,404,
241,51,0.975536,258,340,348,405,
242,51,0.978599,259,341,346,404,
243,51,0.980493,259,340,346,405,
244,51,0.975906,259,341,346,404,
245,51,0.979718,259,341,346,404,
246,51,0.981769,259,340,346,405,
247,51,0.977909,258,341,348,405,
248,51,0.980282,259,341,348,405,
249,51,0.973679,259,341,346,404,
250,51,0.976266,259,341,346,404,
251,51,0.976692,257,341,347,404,
252,51,0.975331,258,341,348,405,
253,51,0.979018,258,342,348,404,
254,51,0.981828,258,341,348,404,
255,51,0.962491,260,339,347,404,
256,51,0.954911,260,339,345,403,
257,51,0.973015,260,338,345,405,
258,51,0.972838,259,339,345,405,
259,51,0.969360,259,341,345,405,
260,51,0.972302,259,341,345,405,
261,51,0.966683,258,340,345,405,
262,51,0.950895,259,341,345,405,
263,51,0.947802,258,340,345,405,
264,51,0.959185,260,342,346,405,
265,51,0.959506,260,341,346,405,
266,51,0.966351,260,342,346,405,
267,51,0.962054,258,341,346,405,
268,51,0.969499,259,343,346,405,
269,51,0.956317,258,342,345,405,
270,51,0.978219,259,343,346,405,
271,51,0.975290,257,342,347,405,
272,51,0.965465,257,341,347,405,
273,51,0.968231,258,342,346,405,
274,51,0.979947,257,342,347,405,
275,51,0.956990,258,342,347,405,
276,51,0.959961,258,342,347,405,
277,51,0.966268,257,340,347,405,
278,51,0.967785,258,341,347,405,
279,51,0.967743,257,341,347,405,
280,51,0.965911,257,341,347,405,
281,51,0.965316,258,342,347,405,
282,51,0.964680,257,341,347,405,
283,51,0.945243,257,340,346,405,
284,51,0.963440,258,341,347,405,
285,51,0.967489,258,341,347,405,
286,51,0.969366,257,340,347,405,
287,51,0.971866,258,340,346,405,
288,51,0.975214,257,341,347,405,
289,51,0.972413,257,340,347,405,
290,51,0.977473,258,341,347,405,
291,51,0.978281,256,340,348,405,
292,51,0.971025,256,340,348,405,
293,51,0.974261,257,341,348,405,
294,51,0.969764,257,340,348,405,
295,51,0.973324,257,340,348,405,
296,51,0.971527,257,340,348,405,
297,51,0.970719,256,339,348,405,
298,51,0.961924,257,340,348,405,
299,51,0.972304,257,340,348,405,
300,51,0.971778,257,339,349,405,
301,51,0.965989,256,339,349,405,
302,51,0.968291,257,340,349,405,
303,51,0.972931,256,339,348,405,
304,51,0.968274,256,339,349,405,
305,51,0.974323,257,340,348,405,
306,51,0.967631,257,340,348,405,
307,51,0.968733,256,341,348,405,
308,51,0.970382,256,341,348,405,
309,51,0.959196,256,340,347,405,
310,51,0.964433,255,339,348,405,
311,51,0.959374,255,339,348,405,
312,51,0.957791,255,339,348,405,
313,51,0.951390,256,339,348,405,
314,51,0.947663,255,339,347,405,
315,51,0.956340,256,339,348,405,
316,51,0.960539,255,338,347,405,
317,51,0.951518,256,339,348,405,
318,51,0.957518,256,340,347,405,
319,51,0.947824,256,339,347,405,
320,51,0.948619,256,338,348,405,
321,51,0.943812,256,339,348,405,
322,51,0.949873,256,338,348,405,
323,51,0.965576,256,339,347,405,
324,51,0.929220,256,338,347,405,
325,51,0.956776,256,339,347,405,
326,51,0.954106,256,339,347,405,
327,51,0.963716,256,339,348,405,
328,51,0.957473,257,339,347,405,
329,51,0.957754,255,339,348,405,
330,51,0.961876,256,340,347,405,
331,51,0.954564,256,338,348,405,
332,51,0.967535,256,340,348,405,
333,51,0.949220,256,339,347,405,
334,51,0.961086,256,339,348,405,
335,51,0.956986,255,339,348,405,
336,51,0.960386,257,340,348,405,
337,51,0.962305,256,340,348,405,
338,51,0.966636,256,340,348,405,
339,51,0.961664,257,340,348,405,
340,51,0.965535,256,339,348,405,
341,51,0.932712,256,339,347,405,
342,51,0.959653,256,339,347,405,
343,51,0.943260,256,339,347,405,
344,51,0.955566,256,339,348,405,
345,51,0.952473,256,339,347,405,
346,51,0.955534,257,340,347,405,
347,51,0.949597,256,340,347,405,
348,51,0.961902,257,340,347,405,
349,51,0.956563,257,340,348,405,
350,51,0.956527,257,340,347,405,
351,51,0.951697,256,340,347,405,
352,51,0.967429,256,340,347,405,
353,51,0.965277,257,339,347,405,
354,51,0.970095,257,340,348,405,
355,51,0.961363,258,340,346,405,
356,51,0.961616,258,341,346,405,
357,51,0.945772,257,340,346,406,
358,51,0.955593,258,341,347,405,
359,51,0.965714,258,340,347,405,
360,51,0.922492,256,340,345,405,
361,51,0.956155,257,340,347,405,
362,51,0.955904,256,341,347,405,
363,51,0.957017,258,341,346,405,
364,51,0.958115,257,341,347,405,
365,51,0.954416,257,341,346,405,
366,51,0.958994,257,341,346,405,
367,51,0.961581,258,341,347,404,
368,51,0.962299,257,342,347,405,
369,51,0.948933,257,341,347,405,
370,51,0.952463,258,341,346,405,
371,51,0.958874,256,341,346,404,
372,51,0.961829,257,341,346,405,
373,51,0.951706,258,341,346,405,
374,51,0.956177,257,341,345,405,
375,51,0.953675,257,341,347,405,
376,51,0.961602,259,341,348,406,
377,51,0.955828,260,341,345,405,
378,51,0.940218,258,340,346,405,
379,51,0.968217,258,341,347,405,
380,51,0.967275,257,340,347,405,
381,51,0.962720,259,342,346,405,
382,51,0.960734,260,341,348,406,
383,51,0.955790,258,341,347,405,
384,51,0.964847,259,341,346,405,
385,51,0.963896,257,341,347,405,
386,51,0.960137,258,340,346,405,
387,51,0.965733,258,341,346,405,
388,51,0.962315,258,342,347,405,
389,51,0.964383,257,340,347,405,
390,51,0.964287,259,341,348,406,
391,51,0.964480,258,341,347,405,
392,51,0.960946,258,341,346,405,
393,51,0.954690,257,341,345,405,
394,51,0.962956,257,340,346,405,
395,51,0.957058,258,341,346,405,
396,51,0.967002,258,341,347,405,
397,51,0.962001,259,341,346,405,
398,51,0.966367,258,341,346,405,
399,51,0.961139,258,341,346,405,
400,51,0.957601,257,340,347,405,
401,51,0.965165,257,341,346,405,
402,51,0.968078,257,341,347,405,
403,51,0.968221,257,341,346,405,
404,51,0.953934,256,340,346,405,
405,51,0.964835,257,341,347,405,
406,51,0.955687,258,341,346,405,
407,51,0.959766,257,341,346,405,
408,51,0.961058,257,340,347,405,
409,51,0.961661,257,340,347,405,
410,51,0.956905,257,341,346,406,
411,51,0.969990,257,341,347,405,
412,51,0.962853,257,341,347,405,
413,51,0.966016,257,341,346,405,
414,51,0.961598,258,341,346,405,
415,51,0.967223,258,341,347,405,
416,51,0.964445,258,341,347,405,
417,51,0.952650,259,341,347,406,
418,51,0.963261,257,341,347,405,
419,51,0.964025,257,341,346,405,
420,51,0.964135,257,341,346,405,
421,51,0.973371,257,341,347,405,
422,51,0.965976,258,341,346,405,
423,51,0.953840,257,340,347,406,
424,51,0.941155,258,341,346,405,
425,51,0.964977,256,341,346,405,
426,51,0.965766,257,341,347,405,
427,51,0.957288,257,341,346,405,
428,51,0.957452,257,340,347,405,
429,51,0.958706,257,341,346,405,
430,51,0.966879,258,342,346,404,
431,51,0.952190,258,340,346,406,
432,51,0.951849,257,341,347,405,
433,51,0.945008,258,341,347,405,
434,51,0.941833,257,340,346,405,
435,51,0.954526,257,341,346,405,
436,51,0.964388,258,341,346,405,
437,51,0.966691,258,341,346,405,
438,51,0.963004,258,341,347,405,
439,51,0.956546,258,342,346,405,
440,51,0.963938,257,341,347,405,
441,51,0.960420,258,342,346,405,
442,51,0.955425,258,342,346,405,
443,51,0.961770,258,342,346,405,
444,51,0.952137,256,340,345,406,
445,51,0.963617,257,341,346,405,
446,51,0.957388,257,341,346,405,
447,51,0.955809,257,341,346,405,
448,51,0.958976,258,341,348,406,
449,51,0.952900,257,341,346,405,
450,51,0.961978,256,340,345,405,
451,51,0.955362,258,341,346,405,
452,51,0.951210,259,341,346,405,
453,51,0.957179,257,341,346,405,
454,51,0.966852,258,341,346,405,
455,51,0.962920,258,341,346,405,
456,51,0.941718,257,340,345,405,
457,51,0.968955,258,340,346,405,
458,51,0.965697,257,341,346,405,
459,51,0.964511,255,340,345,405,
460,51,0.969854,256,340,346,405,
461,51,0.967352,258,340,347,405,
462,51,0.965816,257,340,347,405,
463,51,0.964430,256,339,346,405,
464,51,0.965400,258,340,346,404,
465,51,0.957521,256,339,346,405,
466,51,0.956708,256,340,346,405,
467,51,0.964970,256,339,346,405,
468,51,0.964996,257,339,345,405,
469,51,0.950074,255,338,345,405,
470,51,0.949860,256,339,345,405,
471,51,0.962079,256,338,347,406,
472,51,0.949544,256,339,347,405,
473,51,0.966847,256,338,346,405,
474,51,0.972892,256,339,347,405,
475,51,0.964058,256,339,347,405,
476,51,0.965936,256,339,347,405,
477,51,0.956653,256,338,347,405,
478,51,0.964942,257,339,347,405,
479,51,0.971326,256,340,347,405,
480,51,0.971889,255,339,346,404,
481,51,0.964786,256,340,347,405,
482,51,0.974128,256,340,347,405,
483,51,0.970265,257,340,347,405,
484,51,0.960954,256,339,347,405,
485,51,0.969928,257,340,347,405,
486,51,0.968437,257,339,347,405,
487,51,0.970435,256,340,347,405,
488,51,0.967682,257,339,347,405,
489,51,0.970484,256,339,347,405,
490,51,0.968834,257,340,347,405,
491,51,0.967608,257,340,347,405,
492,51,0.971875,257,341,347,405,
493,51,0.972895,257,340,348,405,
494,51,0.969435,257,340,347,405,
495,51,0.971327,257,340,347,405,
496,51,0.971494,257,341,347,405,
497,51,0.974604,258,340,346,405,
498,51,0.973230,258,341,347,405,
499,51,0.969315,256,340,347,405,
500,51,0.976644,257,340,347,405,
501,51,0.966532,258,340,346,405,
502,51,0.975913,257,340,347,405,
503,51,0.980152,257,340,347,405,
504,51,0.974810,257,340,347,405,
505,51,0.980160,257,340,347,405,
506,51,0.978713,257,341,348,405,
507,51,0.975985,256,340,347,405,
508,51,0.969896,257,341,347,405,
509,51,0.981509,257,342,346,404,
510,51,0.977139,256,341,346,405,
511,51,0.975722,257,339,347,405,
512,51,0.981478,256,340,347,405,
513,51,0.982416,257,340,347,405,
514,51,0.978998,255,341,347,404,
515,51,0.975677,256,340,347,405,
516,51,0.973094,255,339,348,405,
517,51,0.971697,255,339,348,405,
518,51,0.977502,256,340,348,405,
519,51,0.981175,255,340,348,405,
520,51,0.978360,256,340,348,405,
521,51,0.978757,256,340,348,405,
522,51,0.979255,256,340,348,405,
523,51,0.972633,256,339,348,405,
524,51,0.977596,256,340,348,405,
525,51,0.978493,255,340,348,405,
526,51,0.979409,256,340,348,404,
527,51,0.976663,256,340,348,405,
528,51,0.977554,255,340,348,405,
529,51,0.976972,255,339,348,405,
530,51,0.977669,255,340,346,404,
531,51,0.977740,254,339,348,405,
532,51,0.981017,255,340,345,404,
533,51,0.976587,256,340,348,404,
534,51,0.979301,255,340,347,404,
535,51,0.981279,255,340,347,405,
536,51,0.978573,255,340,348,405,
537,51,0.978813,256,340,348,404,
538,51,0.978047,255,340,348,405,
539,51,0.975617,256,340,348,405,
540,51,0.981964,256,340,348,405,
541,51,0.979775,255,340,348,405,
542,51,0.979609,256,340,348,405,
543,51,0.977116,255,340,348,404,
544,51,0.980042,255,339,349,405,
545,51,0.981184,256,340,348,405,
546,51,0.984282,255,340,347,405,
547,51,0.984309,255,340,347,405,
548,51,0.982005,254,340,347,405,
549,51,0.975204,256,340,349,405,
550,51,0.971007,255,339,348,405,
551,51,0.973532,254,339,347,405,
552,51,0.968256,255,340,348,405,
553,51,0.963616,255,339,348,405,
554,51,0.960146,255,339,347,405,
555,51,0.959865,254,338,348,405,
556,51,0.956596,256,339,346,405,
557,51,0.960387,255,338,347,405,
558,51,0.954501,255,337,347,405,
559,51,0.934750,257,338,346,405,
560,51,0.956275,257,338,345,405,
561,51,0.959047,257,339,346,405,
562,51,0.971366,257,340,346,405,
563,51,0.972878,258,340,346,405,
564,51,0.968203,258,340,346,405,
565,51,0.949322,259,341,346,405,
566,51,0.969935,258,340,346,405,
567,51,0.955702,258,339,346,405,
568,51,0.963358,258,339,346,406,
569,51,0.963236,257,339,347,405,
570,51,0.960273,256,339,346,405,
571,51,0.954429,258,339,347,405,
572,51,0.963496,256,338,347,405,
573,51,0.951139,257,339,347,405,
574,51,0.967549,257,338,346,405,
575,51,0.962718,256,338,347,405,
