1,281,77,279,125,246,142,233,177,239,193,311,141,313,184,298,198,262,230,263,294,259,346,294,230,293,296,291,345
2,282,76,279,125,246,142,234,179,239,194,311,140,314,182,298,198,262,229,264,298,258,353,294,229,292,300,289,351
3,283,76,279,124,246,142,234,178,240,194,311,141,314,183,298,198,262,228,264,298,259,355,294,228,291,299,286,355
4,283,76,280,124,246,142,234,178,240,193,311,141,314,183,298,198,263,228,263,296,261,349,294,228,291,298,289,347
5,283,76,279,124,246,142,234,178,241,194,310,140,314,183,299,198,262,228,264,297,260,353,294,228,291,299,288,351
6,283,76,280,124,247,141,234,178,241,193,311,141,314,184,299,198,262,229,265,298,262,355,294,229,291,299,289,349
7,283,76,280,124,247,142,234,178,242,194,311,141,314,184,298,200,262,229,265,298,264,364,294,229,291,299,287,364
8,283,76,280,124,247,142,234,178,241,193,311,141,314,183,298,200,262,230,265,298,263,364,294,231,291,298,287,364
9,283,75,280,123,247,141,234,179,242,194,311,141,314,182,298,200,262,229,265,299,261,357,294,230,291,299,288,355
10,283,75,280,123,247,142,234,179,242,194,311,140,314,182,298,200,263,229,265,298,262,351,295,229,292,299,292,348
11,284,76,280,123,247,142,234,181,242,195,310,141,313,183,297,199,263,230,265,298,260,351,294,230,291,299,288,350
12,285,74,280,122,246,142,233,179,242,194,310,141,313,182,298,200,263,230,265,298,261,352,295,230,293,298,292,350
13,286,75,280,123,246,142,233,180,244,195,310,141,313,181,298,199,264,229,265,297,262,349,295,229,294,297,293,349
14,286,75,280,123,246,142,233,181,244,195,309,141,313,182,298,199,264,230,265,296,262,350,295,229,292,297,291,350
15,285,73,279,121,245,143,233,180,243,195,309,142,313,183,298,200,263,230,264,298,262,355,295,230,293,298,293,354
16,285,74,279,121,245,143,232,179,245,195,310,140,312,184,297,201,263,230,264,295,263,351,295,229,293,296,294,349
17,284,74,279,121,246,142,233,180,245,195,310,140,313,183,297,201,263,230,264,295,262,347,295,229,293,295,293,347
18,283,74,279,121,246,142,232,180,245,195,310,140,313,183,297,200,263,230,264,295,261,347,295,230,293,295,292,347
19,282,73,279,120,246,142,233,181,244,194,310,140,313,183,297,200,264,231,264,295,261,346,295,231,293,296,292,346
20,281,73,279,120,246,143,234,181,245,194,310,140,314,183,297,199,264,231,264,295,261,346,296,231,294,296,292,346
21,281,74,279,121,245,143,234,181,246,195,310,140,314,183,298,199,264,229,265,297,262,353,295,228,294,297,293,352
22,281,74,278,121,245,143,234,181,246,195,310,140,314,183,298,199,264,229,265,297,260,351,295,228,294,297,292,350
23,281,74,279,121,245,143,234,180,246,194,310,140,315,183,299,198,264,229,264,293,261,343,295,229,294,294,294,345
24,281,74,279,121,245,144,234,180,245,193,310,139,315,183,299,197,264,229,264,295,262,343,295,229,293,296,293,344
25,281,74,279,121,245,143,235,180,246,193,310,140,316,183,299,197,265,230,265,293,261,343,295,229,294,294,293,344
26,280,74,279,121,246,143,234,180,246,192,310,139,317,182,300,197,265,229,264,292,261,341,296,229,293,293,293,342
27,280,74,279,121,246,143,234,180,247,192,311,140,317,181,300,196,265,229,264,293,261,343,295,229,293,293,293,344
28,280,74,279,121,246,143,234,180,245,191,311,139,318,182,301,196,265,229,264,293,260,343,296,229,293,294,291,345
29,280,73,279,121,246,143,234,179,245,192,311,139,319,182,302,195,264,228,263,295,261,347,297,228,293,295,293,345
30,279,74,279,121,247,142,234,179,245,191,311,139,320,182,302,195,265,229,264,291,261,340,295,229,293,292,292,341
31,280,73,280,121,247,142,234,180,248,192,311,140,322,181,302,196,265,230,264,294,257,347,296,230,293,295,289,349
32,280,74,279,121,247,143,234,179,246,192,312,139,323,181,303,195,264,228,264,293,262,342,297,228,293,293,292,342
33,280,74,280,122,248,142,234,179,245,191,312,140,323,182,302,195,264,228,264,291,261,342,296,228,294,291,292,342
34,279,74,280,122,247,142,235,180,246,191,313,140,324,181,303,196,265,229,264,291,259,344,295,229,293,293,289,346
35,281,73,280,121,247,143,234,180,245,191,313,140,324,182,304,195,265,230,264,293,259,341,296,230,293,294,290,342
36,281,73,280,121,247,143,234,180,246,192,313,140,324,182,304,195,264,230,264,290,260,337,296,230,293,290,291,337
37,280,73,280,121,247,143,235,179,247,193,313,140,324,182,303,195,264,228,264,292,260,343,297,228,294,291,292,343
38,280,73,280,122,247,143,235,179,246,193,313,139,324,183,304,195,263,227,263,294,259,345,297,227,294,294,290,346
39,280,73,280,122,247,142,234,179,247,193,313,139,324,183,305,195,263,229,264,290,260,337,297,229,294,291,290,339
40,280,73,280,122,248,141,233,179,247,193,313,140,323,183,304,196,263,229,263,293,260,341,297,230,292,296,289,342
41,280,74,280,122,247,142,233,180,247,194,313,140,323,184,304,197,262,228,264,296,262,344,296,229,294,296,292,344
42,280,74,280,122,248,142,233,181,247,194,313,140,323,184,304,197,262,229,265,297,260,351,296,229,294,299,290,351
43,280,73,280,122,246,142,233,181,246,194,313,141,323,183,304,197,261,228,263,295,258,352,297,227,295,297,292,352
44,280,73,280,122,246,142,232,181,248,196,313,141,323,184,304,198,261,231,263,295,258,349,295,230,294,297,290,351
45,278,73,279,122,246,142,231,180,246,196,311,140,322,184,304,198,261,234,262,295,256,346,294,235,293,298,290,348
46,278,73,277,122,245,142,229,181,244,195,311,141,322,186,303,199,260,236,261,300,257,351,293,236,292,301,289,351
47,277,73,277,122,243,143,229,182,246,197,310,140,321,185,303,199,258,233,260,300,258,352,293,233,294,300,294,351
48,276,73,276,122,243,142,228,183,244,197,309,141,320,186,302,200,257,235,261,304,258,359,292,235,293,302,294,358
49,275,73,275,122,241,142,227,182,241,195,309,141,319,187,302,199,256,233,258,301,257,352,291,233,295,299,295,351
50,274,73,274,122,239,144,226,185,243,198,308,141,318,188,302,200,254,234,255,303,254,356,291,233,293,301,295,355
51,273,72,273,121,238,143,224,184,241,198,306,141,317,188,303,200,252,233,257,302,257,359,289,233,293,301,294,357
52,272,72,272,121,236,143,222,186,241,199,305,140,316,188,300,202,251,236,252,302,252,354,287,236,292,300,294,352
53,271,71,270,121,235,142,220,187,242,202,305,141,315,188,300,202,250,236,252,305,254,357,287,234,293,300,298,354
54,269,71,269,121,233,143,218,188,241,203,303,141,315,188,300,203,248,238,254,306,253,361,285,237,290,302,292,358
55,268,71,267,121,231,142,215,187,239,202,301,140,314,189,299,203,246,237,250,307,252,360,283,236,290,302,294,356
56,266,71,266,120,229,143,213,187,237,203,300,141,315,189,298,203,244,239,250,306,249,354,282,238,290,304,293,352
57,264,71,264,120,228,143,212,186,235,203,299,140,314,190,298,204,243,239,249,305,249,358,281,238,289,304,292,355
58,263,70,262,119,227,142,210,188,233,204,298,141,314,189,297,205,242,243,250,306,253,360,281,240,290,301,294,356
59,261,70,260,120,226,143,209,188,232,205,297,140,314,188,296,206,240,242,250,307,252,358,281,240,290,302,294,355
60,261,70,260,119,223,144,207,188,228,205,295,140,313,189,297,205,240,244,249,310,251,363,281,241,289,306,293,360
61,259,70,258,119,222,143,205,188,227,206,295,140,313,189,296,206,239,244,246,310,249,356,281,240,287,305,292,354
62,258,69,257,119,221,144,204,188,225,207,294,139,312,189,294,207,239,246,249,311,249,362,281,244,285,308,288,356
63,257,69,256,119,219,144,203,189,224,207,293,138,312,187,294,208,238,244,249,310,250,360,280,242,284,306,287,355
64,257,69,256,119,220,143,203,188,223,208,292,139,312,188,292,209,239,245,245,307,243,355,279,243,283,304,285,351
65,256,70,255,120,219,143,202,189,224,209,291,139,312,189,291,210,238,244,245,307,248,355,279,243,283,302,285,351
66,254,69,254,119,218,143,201,190,222,210,291,138,311,188,291,211,238,246,245,310,245,359,280,244,282,308,283,355
67,253,70,253,120,218,143,201,191,222,211,290,138,311,188,290,213,238,249,245,311,243,358,278,249,280,310,281,355
68,252,70,253,120,217,143,202,190,221,212,291,138,311,188,290,215,237,245,244,308,241,356,279,244,279,307,279,353
69,252,71,252,120,217,143,201,189,219,212,290,138,311,189,289,217,236,244,243,309,243,362,280,241,280,308,277,359
70,251,71,252,120,216,143,201,191,220,214,290,138,311,187,290,219,236,247,244,312,247,365,281,244,279,312,277,361
71,252,71,253,120,216,143,201,190,220,215,289,137,310,189,289,221,234,243,244,312,239,368,282,238,283,310,278,368
72,251,72,252,121,215,144,200,190,219,216,290,138,311,189,289,223,234,242,242,312,234,366,283,239,282,311,283,366
73,251,72,252,121,215,145,200,190,218,217,291,139,311,189,288,226,235,239,243,310,234,366,283,237,281,309,307,366
74,251,72,252,121,216,145,201,190,218,218,291,138,312,190,288,227,236,248,242,312,234,366,282,245,280,311,285,366
75,251,73,253,121,217,144,201,191,216,218,291,137,312,190,288,230,236,248,242,317,234,371,282,245,281,317,313,371
76,251,73,254,121,218,144,201,190,214,217,292,138,313,193,288,232,237,254,244,321,236,372,282,248,282,319,312,372
77,252,73,254,121,218,144,201,190,218,223,292,139,313,192,288,235,238,255,243,322,233,367,284,251,284,320,262,367
78,253,73,255,121,219,144,201,192,220,226,293,138,313,194,289,237,239,262,244,323,239,359,284,255,285,322,286,354
79,253,74,256,121,220,144,202,194,221,230,294,139,314,196,287,241,239,262,243,328,238,381,286,254,288,325,291,360
80,255,73,257,122,220,143,203,193,221,232,295,140,314,196,287,244,239,265,239,334,233,385,287,259,285,333,284,245
81,256,74,257,122,221,145,203,195,222,234,296,140,314,196,288,246,238,262,239,333,229,375,287,259,286,332,265,375
82,257,75,259,123,222,145,204,196,222,236,298,141,313,206,287,250,235,259,223,336,219,347,284,261,240,341,285,250
83,258,74,259,122,223,144,206,197,224,240,298,140,313,210,288,252,237,256,221,249,232,248,285,258,281,258,287,249
84,260,73,260,122,224,144,208,199,224,242,299,142,314,194,305,237,237,254,227,264,290,256,284,257,284,255,290,256
85,261,74,262,122,225,144,209,200,225,248,300,142,314,198,291,258,236,256,241,306,233,246,280,260,282,259,291,256
86,263,75,263,123,225,145,209,201,225,249,301,143,314,202,305,242,238,257,225,259,289,259,283,260,306,243,289,258
87,264,75,263,123,225,145,211,202,226,252,302,144,314,205,291,266,237,258,287,265,233,249,281,263,283,265,292,267
88,265,76,264,124,226,145,212,203,229,259,303,144,312,208,296,262,239,261,289,265,236,253,283,265,286,265,296,260
89,266,76,265,124,226,145,212,206,229,259,304,145,313,213,300,258,237,261,240,275,239,256,280,265,287,266,298,259
90,266,76,265,125,227,146,214,208,230,263,304,145,313,214,302,257,240,262,240,282,239,256,279,266,286,265,298,258
91,268,76,266,125,227,146,216,212,228,263,305,145,313,215,304,255,243,263,240,278,240,259,281,265,286,267,302,256
92,270,78,267,126,227,148,217,214,229,267,306,147,313,217,303,259,241,262,251,309,232,254,280,265,251,309,301,260
93,271,79,267,127,228,149,218,215,229,269,306,147,313,219,303,261,242,263,252,311,240,263,281,266,288,267,301,262
94,271,78,268,126,228,149,218,216,231,272,306,148,313,216,304,258,241,262,250,311,229,258,281,266,249,311,304,258
95,272,80,268,128,228,149,218,216,230,269,307,148,313,212,305,258,241,259,252,307,237,261,281,263,305,259,302,259
96,272,80,269,129,229,149,220,218,231,273,308,148,313,223,297,273,245,259,249,305,235,266,284,260,255,308,287,282
97,273,81,269,129,229,149,220,217,230,275,307,148,314,212,305,260,244,261,248,306,237,270,281,261,254,308,302,260
98,274,81,269,129,229,150,220,218,230,276,308,150,313,218,305,261,243,262,249,308,237,271,282,261,251,310,290,275
99,274,82,269,130,229,151,221,219,230,274,308,150,313,223,293,281,242,262,247,308,232,262,284,264,250,310,291,280
100,274,81,270,130,229,151,222,219,233,281,308,150,313,219,299,273,244,262,250,308,240,276,283,262,254,312,296,272
101,274,81,271,130,229,152,222,218,230,279,309,152,313,221,304,267,244,263,250,311,232,270,282,265,252,313,290,275
102,274,83,271,131,229,152,222,219,232,282,310,152,313,222,304,269,245,265,249,311,289,265,283,266,255,314,290,275
103,274,83,271,131,230,151,222,220,232,282,310,152,313,222,294,284,243,262,249,313,241,276,283,264,298,263,290,280
104,274,84,271,132,231,152,222,221,231,280,310,152,313,226,295,283,244,265,249,315,240,277,284,267,297,262,293,283
105,274,84,272,133,231,151,222,221,232,283,311,153,313,228,295,282,244,264,247,311,240,278,284,266,297,262,292,280
106,275,84,272,133,231,151,222,221,232,283,311,152,313,227,295,283,245,263,248,312,240,277,285,266,250,317,290,285
107,275,85,272,133,231,152,222,222,232,281,311,152,313,227,295,284,243,262,248,312,237,275,285,265,250,316,289,285
108,275,85,272,133,231,153,222,222,232,283,311,152,313,226,294,284,244,262,249,314,241,277,285,265,250,317,287,284
109,276,86,272,134,231,153,223,220,233,288,311,154,313,226,294,283,245,264,248,315,240,276,283,268,255,317,290,278
110,277,85,272,133,232,153,222,222,233,289,311,153,313,227,296,281,245,264,248,314,239,276,282,268,255,317,288,277
111,276,86,271,134,231,153,222,223,232,286,310,151,314,225,293,285,245,263,248,314,244,276,285,267,253,317,290,284
112,277,86,272,134,231,153,223,224,232,286,310,151,314,226,293,286,245,265,247,315,242,276,284,269,253,317,291,285
113,277,86,272,134,231,153,223,224,232,285,310,151,314,224,292,286,245,266,247,315,245,276,284,270,253,317,291,285
114,278,85,272,134,232,153,222,223,233,288,311,152,314,225,294,284,245,267,248,316,237,279,282,271,254,321,292,283
115,278,86,272,134,232,153,222,223,232,288,311,153,313,226,294,284,245,267,248,316,238,277,282,271,296,267,291,281
116,279,86,272,134,231,152,222,223,233,289,311,153,313,227,293,284,244,266,248,316,240,276,284,269,296,267,290,283
117,278,86,272,134,231,152,222,223,232,286,310,152,314,221,294,284,247,268,247,315,237,279,285,270,254,318,293,285
118,278,86,272,133,231,153,222,223,232,285,310,152,314,222,293,286,245,266,247,315,245,276,284,270,253,317,292,285
119,277,86,272,134,232,152,222,223,233,288,311,152,314,222,294,284,244,266,247,316,236,279,283,271,253,320,293,285
120,279,86,272,133,231,152,222,223,232,287,311,152,313,225,296,281,245,265,248,314,239,277,282,268,255,317,288,283
121,279,86,272,134,231,152,222,222,232,285,310,153,313,227,294,283,243,264,247,314,231,273,283,269,253,318,293,284
122,278,86,271,134,231,153,222,224,232,285,310,151,313,224,294,284,244,265,247,316,234,272,284,270,253,319,293,284
123,278,85,272,133,230,153,222,222,231,280,310,152,312,220,295,281,244,266,248,315,234,273,283,268,253,317,293,281
124,278,86,273,133,230,152,222,221,231,283,310,152,312,221,296,280,244,265,249,315,233,275,283,267,251,319,294,280
125,279,85,273,133,230,151,224,221,229,281,309,152,311,225,296,282,244,265,249,314,229,267,281,267,251,315,294,280
126,279,85,272,132,230,152,222,221,230,277,309,151,310,225,297,279,242,265,248,312,228,264,280,267,252,311,294,278
127,281,84,272,131,229,152,222,219,228,273,308,151,310,222,300,271,245,265,250,310,287,265,279,267,256,313,290,267
128,279,84,271,131,229,151,221,219,229,272,308,150,311,222,301,271,242,262,250,307,233,262,279,267,254,309,294,270
129,278,83,271,130,229,150,220,215,229,269,309,149,312,222,303,264,245,263,251,307,235,262,279,266,251,306,301,266
130,279,83,270,129,228,150,219,216,228,269,308,149,312,219,305,262,243,261,250,308,240,295,280,265,249,309,304,262
131,279,80,270,127,228,150,217,215,227,266,308,149,313,221,306,260,239,260,249,309,233,254,279,265,246,309,306,260
132,278,80,269,127,227,150,216,212,226,262,306,148,314,222,307,261,241,261,254,311,234,257,281,266,280,305,307,261
133,277,78,269,125,226,149,214,209,224,259,306,148,314,219,308,259,244,264,253,309,236,260,282,266,258,309,308,258
134,276,77,268,124,225,148,213,209,224,258,305,147,313,218,310,257,243,262,255,307,260,313,283,266,262,308,309,257
135,276,76,267,123,223,150,212,209,222,256,302,146,313,213,311,253,243,262,255,307,234,256,284,263,266,306,310,253
136,274,75,265,122,222,149,211,206,221,253,301,146,312,201,313,247,243,264,254,310,234,258,285,267,264,309,313,247
137,274,74,264,121,221,149,209,205,220,253,300,145,311,199,313,244,243,262,254,308,232,257,284,266,264,308,259,309
138,273,71,262,120,220,149,209,207,220,251,299,143,309,194,314,239,243,262,253,307,228,265,284,262,262,306,256,309
139,272,71,262,120,220,148,208,205,220,251,298,142,310,195,316,237,242,259,253,306,229,252,284,261,262,302,254,306
140,270,70,261,118,220,148,208,205,219,250,297,142,308,194,316,235,242,260,253,307,258,310,285,260,262,302,255,307
141,268,70,260,118,219,148,208,205,219,251,296,141,308,193,317,234,242,258,253,306,257,309,285,258,263,301,260,306
142,267,70,259,119,219,148,209,206,220,251,295,140,307,192,318,235,243,260,254,307,227,266,284,259,263,302,263,306
143,265,70,259,119,219,148,209,205,220,251,294,140,308,192,320,234,243,256,253,302,229,265,283,255,283,296,262,304
144,265,71,259,119,219,147,210,205,220,252,294,139,307,191,322,233,243,258,253,305,228,266,284,256,283,297,264,306
145,263,71,258,120,219,147,211,203,221,251,294,139,308,191,324,233,244,256,252,302,254,309,284,255,284,297,265,303
146,263,71,258,120,219,148,211,204,222,252,294,139,309,190,326,230,244,253,252,318,254,354,284,250,293,315,298,354
147,263,72,258,121,219,147,210,205,223,252,295,140,312,191,328,230,244,251,252,316,251,353,282,249,291,313,300,354
148,262,72,259,120,220,147,212,203,223,252,295,139,314,192,332,231,244,250,250,315,249,353,283,249,292,314,304,355
149,263,71,259,120,220,147,212,203,225,251,296,140,314,189,334,229,244,249,251,311,253,350,282,247,291,307,297,349
150,263,73,260,121,221,146,213,202,226,250,297,140,317,190,337,228,244,246,252,309,252,348,283,245,290,306,298,349
151,266,73,261,121,222,146,214,202,227,250,298,140,321,193,343,231,244,244,253,305,271,355,284,242,290,298,298,347
152,266,74,262,121,224,146,216,206,229,251,300,140,324,193,348,229,245,247,252,309,260,354,286,246,293,306,299,349
153,269,73,265,120,226,145,218,204,231,252,302,141,327,192,351,228,245,249,252,310,259,369,286,248,293,307,305,353
154,271,74,267,121,228,145,220,204,234,252,304,141,331,189,357,227,244,246,249,309,241,367,288,247,292,303,289,365
155,273,73,270,121,231,143,221,204,236,254,305,140,336,190,367,231,247,250,253,317,248,354,289,251,295,317,311,353
156,276,73,272,121,233,144,223,206,237,255,308,141,340,189,371,230,250,250,253,315,251,353,291,252,293,316,300,355
157,279,74,275,121,235,144,226,207,238,259,310,141,345,190,378,230,253,249,260,308,285,367,293,249,297,306,305,349
158,282,73,278,121,238,144,230,211,239,260,314,143,350,191,387,234,256,250,262,307,291,369,294,251,298,308,308,349
159,286,73,281,121,241,142,232,214,241,261,317,143,354,190,388,231,257,253,267,301,249,255,294,254,294,300,285,307
160,289,74,284,122,244,142,234,215,241,264,320,144,358,189,393,230,258,255,272,304,252,262,297,258,290,303,283,306
161,293,74,287,122,246,142,235,210,242,265,322,145,362,190,402,235,259,251,260,296,254,267,297,255,290,299,402,236
162,297,74,290,121,249,142,237,209,242,262,326,146,365,190,405,236,261,256,269,305,252,257,297,259,299,308,406,237
163,300,74,294,122,252,142,238,208,242,260,331,148,369,189,402,228,260,261,269,308,249,276,298,266,269,308,402,228
164,304,74,297,122,254,142,237,205,241,257,332,149,371,190,407,230,260,260,272,309,250,255,299,265,272,308,406,230
165,307,75,299,123,255,142,237,206,239,259,336,149,374,191,412,234,258,258,265,305,250,256,298,265,380,191,412,237
166,310,75,303,122,258,141,240,204,238,256,339,151,377,193,417,242,258,262,270,310,249,255,298,268,418,238,417,244
167,313,74,305,122,260,141,239,206,237,255,342,152,379,193,417,244,260,260,262,306,249,254,299,266,418,247,419,256
168,316,75,307,122,262,141,239,206,237,255,343,153,381,196,418,246,258,259,266,306,245,262,298,266,407,209,416,248
169,317,75,308,122,263,142,241,203,236,252,346,153,378,194,420,250,258,260,260,306,249,256,300,268,420,247,417,251
170,319,74,310,122,264,142,241,202,235,252,347,154,381,197,422,252,257,259,258,306,248,252,300,267,386,202,427,242
171,320,75,311,123,266,142,242,204,234,252,349,155,383,200,423,258,257,260,257,305,262,313,303,270,236,252,418,259
172,323,75,313,123,267,141,242,204,234,251,349,155,385,201,424,259,258,260,257,305,255,307,301,269,235,251,422,259
173,323,75,313,123,267,142,242,206,234,251,350,156,383,199,423,260,257,260,254,301,256,308,302,268,422,253,421,260
174,324,75,314,124,269,142,243,205,235,250,351,156,384,201,419,253,259,261,259,308,244,260,303,269,309,340,419,264
175,324,74,315,123,269,142,244,203,235,250,351,157,383,200,418,253,258,262,260,309,262,313,302,271,418,256,418,266
176,326,78,315,125,270,141,246,203,238,251,352,157,385,204,420,252,260,258,255,299,256,305,303,268,406,213,421,261
177,325,78,315,125,270,141,246,203,239,249,351,156,385,203,422,259,261,259,258,303,252,250,304,269,399,212,418,260
178,326,79,315,126,269,142,247,202,239,251,352,156,386,204,422,260,261,260,263,307,250,257,302,268,302,314,423,259
179,326,78,314,126,269,142,247,204,239,251,352,155,385,204,422,259,261,260,263,306,259,307,304,269,407,213,423,260
180,324,78,314,126,270,141,247,203,239,251,352,156,386,204,424,260,260,260,261,307,261,311,303,269,409,216,423,259
181,325,78,314,126,269,142,247,202,239,251,352,155,386,204,420,247,260,259,262,307,257,306,303,268,303,316,420,251
182,325,78,314,126,269,142,247,204,238,250,351,155,389,205,421,250,260,259,262,306,257,306,304,268,303,315,421,252
183,324,77,314,125,270,141,245,204,238,251,352,156,386,201,422,249,260,259,257,301,259,308,301,268,304,317,422,249
184,324,77,314,125,269,142,244,204,238,250,352,155,388,202,424,251,260,260,263,307,256,305,304,268,305,316,424,251
185,323,78,314,126,269,142,245,204,238,250,352,155,389,201,424,250,260,260,257,301,259,307,304,269,267,308,424,251
186,321,78,313,126,268,142,244,203,236,250,352,154,387,197,425,248,259,260,258,303,242,266,305,267,308,320,425,249
187,320,77,313,125,268,141,244,203,236,250,351,153,388,195,425,246,259,259,258,304,250,249,304,268,237,250,424,245
188,319,77,312,125,268,141,244,203,236,248,351,153,387,194,425,242,260,261,256,304,260,311,303,270,238,249,425,242
189,318,76,312,124,267,141,243,202,235,250,352,153,391,194,424,237,260,259,260,306,260,311,304,270,237,250,424,237
190,317,76,311,124,267,141,243,205,235,251,351,152,391,192,425,235,260,260,259,305,243,265,304,268,237,250,424,235
191,316,76,310,124,266,142,242,206,235,252,351,152,390,190,426,234,260,260,259,303,242,267,303,270,236,253,426,234
192,316,77,310,125,266,142,241,207,234,252,351,151,390,188,424,227,260,260,259,301,248,252,304,269,236,252,424,229
193,315,75,309,124,265,142,242,206,235,251,350,150,390,187,424,225,260,259,258,301,243,266,304,269,236,251,424,226
194,314,75,308,124,264,142,242,206,234,251,350,150,389,185,423,220,260,259,258,301,248,250,305,271,236,250,424,220
195,311,76,307,124,264,142,242,206,234,252,348,148,389,183,424,219,260,257,261,300,262,306,303,268,272,304,424,220
196,310,75,306,123,262,143,242,206,234,252,347,147,389,181,424,216,260,257,260,301,263,306,305,269,273,302,425,218
197,307,73,304,123,262,142,241,207,234,253,348,148,390,180,423,213,261,257,262,299,265,308,305,268,273,303,422,213
198,307,74,304,123,260,143,242,206,234,254,346,146,390,177,422,209,262,258,261,299,243,265,304,266,322,331,421,209
199,303,74,302,122,260,143,242,204,234,252,346,146,388,174,423,207,260,254,264,299,244,266,304,263,272,300,278,300
200,303,74,301,122,259,143,240,207,234,254,343,144,389,172,422,206,262,258,265,303,245,264,303,266,276,306,278,306
201,301,74,300,122,257,144,238,211,233,255,341,143,387,170,421,203,261,259,261,299,245,265,304,268,436,259,421,203
202,297,73,296,122,255,144,239,206,233,254,339,142,383,165,418,195,263,258,265,304,246,262,305,264,419,185,432,184
203,294,73,294,122,254,143,238,206,232,255,335,141,381,162,417,191,262,257,264,301,265,305,305,259,266,301,430,254
204,290,73,290,122,250,146,236,209,232,255,333,140,383,159,414,185,260,259,260,302,241,270,302,262,416,177,415,185
205,287,73,289,122,249,145,235,210,231,257,331,139,379,156,411,180,259,258,261,300,242,266,303,259,307,307,362,256
206,240,76,255,122,223,152,218,214,218,259,298,131,345,143,322,183,246,261,254,305,252,312,292,261,266,306,322,181
207,241,77,255,123,223,151,218,212,218,258,297,132,344,142,321,183,246,257,257,302,256,309,291,259,267,301,261,305
208,240,76,255,123,222,152,218,214,217,260,297,132,343,144,320,184,248,259,255,302,255,310,292,258,269,302,270,303
209,239,76,254,123,222,153,217,214,217,259,297,132,342,145,318,186,247,258,254,302,255,308,293,261,266,301,318,187
210,239,77,254,124,222,153,217,213,216,261,296,132,342,146,317,186,247,256,261,301,256,307,291,256,270,301,265,302
211,239,77,253,124,221,153,217,213,216,262,295,132,341,145,314,185,247,258,257,303,230,267,291,256,268,304,314,184
212,238,79,254,125,222,152,218,212,217,260,296,133,338,145,312,189,246,259,252,304,253,309,292,259,337,245,312,188
213,237,77,253,123,222,153,218,212,217,261,296,132,338,146,311,190,247,260,254,306,254,311,292,259,292,261,312,188
214,236,77,253,123,223,152,217,209,217,259,296,132,337,147,308,190,247,257,260,303,254,309,291,257,271,302,307,189
215,237,78,253,124,222,152,217,211,216,260,296,132,337,147,306,189,247,258,261,303,253,308,291,257,270,303,305,189
216,237,77,253,124,221,154,217,213,216,261,295,132,336,149,304,191,247,259,258,304,255,311,292,258,268,302,264,307
217,237,77,253,124,221,154,217,211,216,261,295,132,335,148,301,191,247,259,257,305,252,311,292,258,266,307,301,189
218,236,79,252,125,221,155,218,213,216,261,295,132,334,147,300,189,246,258,256,305,228,272,289,257,267,306,300,186
219,236,79,252,125,221,154,218,211,217,260,295,132,334,147,299,188,245,258,256,306,228,271,288,258,265,305,299,186
220,236,78,252,125,221,153,218,211,218,257,295,134,333,148,298,188,246,257,257,305,228,270,286,256,267,305,298,185
221,235,78,252,124,221,155,218,212,217,260,296,134,333,147,298,186,246,258,255,302,244,267,287,255,329,235,298,186
222,236,79,252,125,221,154,218,211,218,257,294,134,332,149,296,186,246,258,256,305,252,312,286,256,331,235,340,239
223,234,78,252,124,223,150,218,206,218,256,293,133,332,150,294,187,249,255,260,301,258,309,292,250,273,300,266,301
224,234,78,252,124,223,151,217,208,218,257,293,133,330,150,292,188,248,257,254,304,256,312,288,252,270,304,291,185
225,235,79,251,125,222,153,217,210,218,257,293,133,329,151,292,186,247,256,263,313,285,367,286,251,301,308,318,346
226,234,78,251,124,223,151,218,209,218,259,292,133,330,151,290,187,248,255,265,306,258,306,293,249,302,304,345,231
227,233,77,252,124,222,150,218,209,218,260,292,133,328,154,288,188,248,257,259,301,273,295,318,243,327,240,276,298
228,234,80,251,125,223,153,218,211,218,259,290,131,322,161,285,200,247,261,254,307,257,311,303,256,314,325,344,239
229,234,78,251,124,223,149,218,210,218,261,290,132,321,163,285,203,246,259,259,310,256,308,291,259,313,324,338,242
230,234,79,251,124,223,151,219,211,218,262,290,131,319,164,283,205,246,260,270,313,263,307,297,254,312,324,339,241
231,235,78,251,124,222,155,218,214,217,261,290,132,319,164,283,202,244,261,253,308,260,310,298,255,314,320,344,239
232,235,77,252,124,222,152,217,213,217,262,292,133,319,164,281,202,244,259,260,308,257,305,294,256,314,313,339,241
233,235,78,252,124,222,153,218,214,217,260,291,132,321,163,281,199,247,256,266,306,264,296,303,248,311,316,321,346
234,235,79,251,125,223,153,218,212,218,259,291,132,322,162,282,195,246,260,268,311,259,307,301,255,313,320,264,304
235,235,78,253,124,225,147,218,212,218,261,291,132,322,162,282,194,247,259,264,308,258,305,303,250,310,319,326,342
236,235,79,252,124,225,149,218,211,217,260,291,132,321,161,282,195,248,257,262,302,257,286,308,247,297,299,315,346
237,238,78,253,124,223,154,217,211,217,260,291,132,319,163,281,198,245,259,269,311,257,306,295,253,309,317,326,338
238,237,78,252,125,222,156,217,212,217,261,291,132,317,163,280,203,246,260,275,317,302,351,315,246,318,320,330,347
239,239,78,253,124,223,153,217,211,217,259,291,132,315,164,280,202,245,260,274,319,266,304,312,247,317,319,333,346
240,237,78,252,125,222,155,218,214,217,260,290,132,316,164,280,203,246,260,278,321,310,355,304,250,321,318,333,348
241,236,78,253,124,224,149,218,207,217,259,291,132,319,163,279,201,246,257,266,317,304,353,294,252,308,314,332,338
242,236,78,252,124,223,154,218,213,217,261,291,132,318,162,278,199,246,258,267,309,256,303,295,254,312,317,330,338
243,236,78,253,124,224,153,217,214,217,260,291,132,319,161,279,194,246,256,268,314,296,355,300,247,316,318,335,343
244,236,78,252,124,224,152,218,214,218,261,291,131,319,158,278,195,247,258,271,315,262,303,304,248,314,320,338,339
245,236,77,252,124,224,154,219,214,217,261,291,132,318,159,278,194,246,259,257,308,268,302,302,252,320,318,348,313
246,236,78,253,124,224,153,217,213,217,260,292,132,318,161,279,195,245,258,260,305,258,304,303,247,302,310,325,340
247,237,77,252,125,223,154,218,211,217,260,290,131,319,160,280,196,245,259,262,309,260,306,292,256,313,313,339,239
248,236,79,252,125,222,157,219,215,218,260,291,132,318,160,280,196,245,259,265,309,265,307,296,254,313,317,331,339
249,235,78,252,124,224,153,218,211,217,260,291,132,319,160,278,197,244,258,265,310,256,306,294,253,309,318,328,339
250,235,77,252,124,223,154,219,210,217,260,291,132,321,158,279,194,244,256,274,321,258,302,293,252,313,319,329,347
251,236,80,252,125,222,158,219,215,218,260,292,132,322,157,278,192,246,255,256,300,255,309,290,249,331,238,340,236
252,234,80,252,125,222,157,219,213,218,259,292,132,323,155,280,189,247,257,278,323,261,308,295,249,315,320,336,342
253,235,80,252,125,222,157,219,213,217,259,292,132,323,155,280,188,247,257,300,343,262,308,297,249,316,320,340,337
254,236,79,253,124,223,153,218,211,217,260,291,131,323,154,279,188,244,255,256,305,253,308,279,251,300,303,341,242
255,235,78,252,124,224,150,218,209,218,259,290,131,319,157,280,193,246,254,270,310,258,303,291,251,317,318,344,312
256,234,78,253,124,225,145,218,207,217,259,290,132,319,157,279,193,245,253,265,314,290,357,287,248,304,307,320,343
257,235,79,253,124,225,148,219,210,218,258,290,131,319,156,276,193,247,256,269,318,259,307,297,250,310,319,330,342
258,234,79,252,124,223,153,219,211,218,260,291,132,319,155,276,191,245,255,270,323,331,354,284,251,312,318,332,342
259,234,79,252,124,224,151,219,212,218,261,291,131,318,154,277,188,245,253,266,317,303,355,285,246,306,309,328,342
260,234,79,252,124,223,153,219,212,218,261,291,131,318,153,276,190,245,254,268,318,308,355,283,248,312,316,330,342
261,235,78,253,124,224,147,218,207,218,260,290,131,317,153,277,190,245,254,268,315,299,356,283,246,306,306,322,343
262,236,78,253,124,224,153,219,210,218,260,291,131,315,155,276,192,244,254,266,316,299,366,283,247,308,309,332,342
263,235,80,252,124,223,151,218,208,217,261,290,131,317,153,276,188,244,256,270,318,259,310,282,249,310,317,330,339
264,234,79,253,124,224,151,219,211,218,261,291,132,317,153,277,184,245,256,257,306,256,311,288,249,304,310,325,337
265,235,78,253,124,226,144,220,208,219,260,290,131,318,152,275,185,247,255,266,304,259,308,306,243,293,299,273,300
266,235,80,252,124,223,153,220,211,219,259,290,131,317,152,276,185,246,256,255,305,256,312,289,249,296,305,283,304
267,234,78,253,124,224,149,219,209,219,259,291,132,316,153,277,186,245,254,266,310,290,355,287,246,301,298,321,342
268,237,79,253,124,224,150,218,208,218,261,290,130,316,153,276,186,246,256,268,310,259,309,289,248,307,314,328,338
269,237,79,252,125,223,151,218,207,219,260,289,130,314,152,275,187,246,255,270,319,300,356,288,248,308,312,329,342
270,237,78,251,125,223,155,218,211,220,259,289,131,315,151,274,186,247,254,268,306,260,307,292,245,300,307,338,233
271,236,79,252,125,224,150,218,209,219,259,289,131,315,152,273,188,246,253,268,309,261,304,295,244,308,308,326,340
272,236,79,253,125,223,153,219,212,219,261,290,131,315,152,274,185,246,256,267,310,257,305,292,247,310,313,333,337
273,235,79,251,125,222,157,219,213,220,260,290,131,315,151,273,185,248,256,261,303,259,310,293,246,291,288,272,182
274,235,80,252,125,223,154,219,211,220,257,290,131,316,152,273,184,247,257,262,304,258,309,293,250,287,300,272,181
275,234,79,252,125,224,151,219,211,220,258,290,131,316,152,272,186,247,257,264,308,258,309,291,249,296,303,328,332
276,234,78,252,124,223,156,220,214,220,259,290,131,316,151,275,183,250,255,264,305,263,307,301,243,300,296,330,340
277,235,79,252,125,225,147,220,208,220,259,290,130,316,152,275,187,247,254,266,308,262,307,293,246,303,305,333,339
278,235,80,252,125,224,151,220,209,221,256,290,131,315,155,275,192,247,253,263,310,287,357,289,245,302,303,317,346
279,235,79,252,125,223,156,220,215,221,259,290,131,316,156,277,193,248,258,272,313,261,305,298,250,313,319,335,340
280,236,78,254,124,225,151,219,214,221,258,290,131,317,157,278,196,247,258,269,307,259,303,295,252,316,316,332,339
281,236,77,253,124,225,151,219,213,220,260,289,131,318,160,279,196,246,258,268,306,260,303,294,251,311,316,327,338
282,235,79,252,125,224,154,220,215,221,259,290,132,318,159,280,196,249,260,256,305,261,309,297,258,333,244,341,243
283,235,79,253,124,226,145,220,212,221,259,291,132,319,159,280,196,248,259,266,307,263,303,302,250,307,316,263,302
284,237,79,255,124,224,152,219,211,220,261,294,132,323,156,285,194,244,259,259,304,231,273,290,258,264,304,338,240
285,239,78,256,124,227,141,219,208,220,259,292,132,324,157,286,194,246,258,258,302,258,308,290,256,267,302,261,306
286,239,79,254,124,224,152,220,207,221,258,293,132,326,156,287,194,245,260,255,306,252,312,287,259,325,245,334,243
287,240,79,256,125,224,151,219,210,220,262,294,133,327,157,289,193,245,261,253,306,256,313,287,263,265,305,258,310
288,242,79,256,126,224,154,219,210,220,261,293,133,329,158,291,194,244,259,255,306,233,257,290,261,267,304,259,310
289,242,80,256,126,224,154,220,213,221,262,296,134,330,156,292,193,244,261,252,307,231,272,286,265,263,306,257,311
290,245,79,257,126,225,154,220,209,221,258,295,133,333,158,293,193,246,259,249,305,234,257,290,264,267,307,265,308
291,246,77,256,125,224,153,220,211,221,261,295,132,334,156,294,192,248,261,258,307,231,274,290,262,270,306,262,308
292,246,78,257,125,224,153,220,211,221,262,296,133,336,155,295,193,245,261,323,247,231,259,288,264,323,244,329,241
293,247,78,258,125,225,153,220,211,220,262,297,133,337,155,296,192,246,259,256,306,233,259,289,261,266,306,261,306
294,249,78,258,125,225,153,220,210,221,263,297,133,339,154,301,193,248,259,254,307,233,273,291,262,329,243,266,306
295,250,79,259,126,225,152,220,209,221,262,298,133,341,154,302,194,246,259,251,307,233,259,289,264,330,243,353,227
296,251,78,259,125,226,152,220,212,220,263,299,134,344,154,304,191,246,261,250,306,252,310,290,265,331,242,339,236
297,252,79,259,126,225,153,220,213,221,262,299,134,344,154,310,189,248,261,249,301,254,309,292,264,291,262,291,262
298,253,78,261,126,226,153,221,213,221,262,301,133,346,155,314,188,248,259,254,302,244,269,295,262,294,279,296,264
299,255,77,261,125,227,151,221,212,221,260,301,134,349,155,318,190,248,260,250,307,244,266,292,264,336,245,294,265
300,256,77,263,125,226,152,221,212,223,262,304,134,351,156,321,191,247,260,262,303,253,305,286,259,304,283,327,335
301,256,79,263,126,227,152,221,210,222,261,303,135,351,155,323,193,248,258,256,304,244,265,292,262,307,283,297,269
302,259,78,264,126,227,152,222,210,223,261,305,136,353,155,327,193,249,259,253,305,255,312,293,263,338,249,293,265
303,260,78,265,125,228,151,221,210,223,262,306,135,355,156,331,192,250,260,266,302,261,309,295,262,336,253,296,267
304,260,76,266,124,229,152,222,211,223,262,306,136,355,157,333,193,251,259,260,304,250,265,295,258,336,251,297,273
305,262,77,267,125,229,151,221,211,224,261,308,136,356,158,338,194,251,257,303,285,264,305,300,247,342,249,297,269
306,263,77,267,125,230,150,222,210,224,261,307,136,357,160,339,195,252,259,328,255,235,272,300,261,339,250,300,265
307,263,78,268,125,231,150,222,211,226,260,309,136,357,160,342,196,253,256,262,300,252,262,300,248,300,279,294,271
308,266,76,269,124,233,149,224,210,225,261,310,137,357,161,345,197,256,257,264,298,251,266,310,239,309,276,301,267
309,267,76,270,124,233,149,224,208,225,261,310,136,358,163,348,199,252,257,257,301,238,273,294,254,300,283,347,196
310,269,76,270,124,234,149,225,209,227,260,310,138,358,163,352,200,252,259,255,301,255,307,297,258,301,283,255,308
311,271,77,274,125,236,149,226,207,227,257,315,138,361,168,359,201,253,258,260,304,258,309,300,258,324,275,357,202
312,273,77,276,125,238,148,229,209,229,259,317,139,362,170,365,204,254,259,259,305,261,309,301,262,358,254,344,329
313,275,77,276,124,238,148,229,211,230,258,317,139,363,171,368,204,256,260,326,333,242,254,304,259,361,257,363,258
314,276,76,279,124,240,147,231,208,231,260,320,139,364,172,370,205,257,259,268,308,257,267,303,262,351,257,368,207
315,277,77,280,125,241,148,231,208,232,260,321,140,365,175,374,207,259,261,369,262,367,257,312,258,358,257,365,249
316,278,77,280,125,241,147,232,208,233,260,322,140,368,177,377,208,257,261,311,318,259,309,306,263,326,317,345,323
317,281,78,282,126,242,146,233,209,233,260,322,141,368,178,379,209,259,263,321,322,242,271,304,265,319,314,378,209
318,281,78,282,125,243,147,234,212,234,261,322,141,367,178,383,214,258,262,320,322,242,276,304,264,320,314,381,214
319,283,77,283,125,244,147,235,212,234,260,324,141,368,181,389,219,259,262,264,309,246,256,302,263,307,309,387,221
320,284,78,285,125,245,146,236,210,235,259,326,142,367,181,386,224,260,262,271,310,245,269,304,264,301,310,386,224
321,286,76,286,125,246,146,236,212,236,261,326,141,363,178,382,204,260,259,268,306,248,259,301,263,378,201,302,265
322,288,76,287,124,247,146,237,209,236,257,327,142,365,180,387,207,260,260,268,307,245,272,302,263,382,202,387,210
323,290,76,288,124,247,146,236,211,237,259,329,142,364,181,385,204,261,261,267,307,245,273,302,264,304,312,299,314
324,316,83,310,131,268,142,244,204,239,253,351,153,388,202,427,263,260,259,260,305,262,310,303,269,405,212,430,252
325,317,83,311,131,269,143,244,205,239,253,350,153,387,202,426,264,260,259,260,306,405,212,303,270,404,212,427,254
326,316,83,310,131,269,142,244,204,239,252,350,153,387,202,425,260,261,260,261,307,252,255,304,269,422,260,421,261
327,317,83,311,130,269,142,245,202,240,253,350,153,385,201,410,206,260,261,260,306,406,211,304,271,404,211,422,259
328,315,83,311,131,269,141,247,202,240,253,350,153,386,200,420,255,261,260,259,305,248,252,304,271,421,258,424,267
329,315,82,311,130,269,141,245,204,240,253,350,153,386,201,420,254,260,260,258,302,265,312,305,271,421,257,420,260
330,314,83,310,131,269,142,247,203,240,254,350,152,386,202,419,252,260,261,262,308,248,251,305,271,409,212,418,266
331,312,82,309,130,268,142,245,206,240,255,350,152,384,201,419,251,261,260,261,305,263,312,305,270,419,254,422,257
332,311,82,309,130,269,142,245,206,240,255,349,152,383,200,411,206,261,258,260,302,262,310,305,270,419,257,421,259
333,311,83,309,131,269,141,245,206,241,255,350,152,383,200,417,251,262,261,262,306,264,313,307,272,418,256,418,262
334,310,82,309,130,267,143,246,206,240,254,350,152,382,200,416,252,263,261,261,303,252,255,307,271,405,211,419,263
335,309,82,308,131,267,143,247,204,241,253,349,151,382,200,407,206,263,261,258,302,264,304,307,271,399,210,421,260
336,309,82,307,130,267,143,247,205,241,254,349,151,381,201,416,251,263,260,258,302,248,269,308,271,398,209,420,260
337,308,83,307,131,267,142,247,204,241,253,346,150,379,200,406,206,263,261,259,303,248,269,307,271,397,209,417,260
338,307,83,307,131,267,143,246,204,240,254,349,152,381,204,406,207,263,263,312,335,253,256,305,272,392,212,419,268
339,306,83,306,131,267,142,246,205,240,254,348,151,380,203,416,255,263,260,262,301,266,307,306,269,396,209,414,269
340,304,82,306,131,267,141,246,202,240,253,348,151,380,204,414,253,261,261,272,315,248,251,304,272,387,209,414,268
341,299,79,302,128,264,142,243,195,236,246,343,150,375,205,404,253,259,259,273,347,323,351,304,267,307,338,322,353
342,297,79,301,128,263,142,242,196,234,246,342,149,373,206,403,254,259,260,260,306,241,261,303,269,378,208,402,254
343,296,80,300,128,263,142,241,194,232,245,341,149,369,204,403,206,259,258,257,302,255,307,302,268,307,338,400,261
344,295,78,299,127,262,141,239,194,229,244,340,148,368,205,398,257,260,258,292,346,254,309,301,267,305,336,396,256
345,291,78,298,127,261,141,238,191,227,241,340,147,363,204,392,257,259,258,269,339,231,233,301,266,307,336,321,353
346,288,78,297,127,261,141,236,190,225,237,339,147,359,203,385,253,258,258,302,337,232,230,301,266,311,329,385,254
347,286,78,295,127,259,141,233,190,219,238,337,146,356,206,373,264,258,259,303,333,416,264,300,266,308,338,416,265
348,283,77,293,127,257,142,231,190,216,237,336,146,352,202,366,246,258,257,308,335,223,228,302,265,309,338,317,351
349,281,79,292,127,256,142,227,187,215,228,335,146,348,209,364,260,256,258,291,349,228,231,301,266,307,341,315,362
350,279,78,290,127,254,142,224,186,210,226,333,146,344,206,354,248,255,258,298,347,217,218,300,265,306,340,310,360
351,277,76,288,126,252,143,221,185,206,228,330,144,340,202,350,251,254,258,268,343,213,223,301,262,307,336,317,359
352,275,76,285,126,249,144,216,185,198,228,328,144,337,208,344,255,254,258,266,341,207,221,301,263,305,334,316,359
353,271,78,282,126,247,144,212,185,189,232,325,144,334,206,340,251,252,259,257,305,197,219,299,264,269,306,341,250
354,269,75,279,124,244,145,208,184,181,231,322,142,329,200,336,248,252,258,255,304,196,223,299,263,300,337,335,248
355,266,75,276,124,241,145,205,183,178,227,320,142,328,205,331,260,252,260,265,309,186,214,298,266,330,261,331,257
356,264,78,274,126,239,145,200,183,169,231,316,141,324,204,326,256,250,260,263,311,177,216,296,267,295,319,324,256
357,260,78,270,125,236,146,195,184,166,229,313,141,323,207,322,260,248,259,265,310,174,215,294,264,267,310,322,259
358,257,76,267,125,232,147,190,186,160,233,310,141,319,208,318,260,247,261,262,310,170,222,292,266,263,309,318,259
359,254,77,264,125,228,149,185,189,156,230,307,140,316,208,316,259,245,261,259,309,255,315,290,265,259,308,316,257
360,250,76,259,124,224,150,184,190,154,231,304,140,314,207,315,258,243,262,254,312,161,219,288,268,259,311,315,257
361,248,77,257,126,222,150,182,189,154,227,302,139,313,209,314,258,243,261,254,311,169,227,286,263,262,312,314,257
362,245,78,254,125,219,151,179,192,151,233,299,138,311,206,314,258,241,261,253,312,164,227,285,263,257,311,311,258
363,242,78,252,126,217,151,176,194,147,240,296,138,311,212,312,258,241,263,254,313,154,226,285,263,255,312,311,258
364,238,78,249,126,215,150,175,194,146,241,293,138,307,204,311,257,239,263,254,312,160,235,282,263,257,306,253,309
365,237,80,247,127,213,151,172,198,147,243,291,138,308,211,308,258,238,260,253,312,155,235,282,260,263,306,306,257
366,235,79,245,127,210,152,173,197,145,245,289,138,305,208,306,258,236,263,250,314,152,236,282,262,251,312,305,258
367,232,79,243,127,209,153,172,199,145,247,287,137,304,210,306,259,236,260,244,315,248,316,281,261,250,310,248,311
368,230,78,242,126,208,153,173,199,145,249,286,137,303,211,305,259,235,262,243,323,241,360,280,259,284,324,276,359
369,226,80,240,127,206,151,172,200,146,249,283,137,300,207,304,256,234,260,241,325,228,317,278,258,280,323,248,311
370,224,81,239,127,206,151,172,200,146,250,281,137,300,213,303,260,234,261,249,312,152,236,277,260,252,308,303,258
371,223,81,238,128,204,152,173,201,145,250,280,137,299,207,303,259,233,261,243,325,236,358,278,257,285,324,273,346
372,223,82,237,128,204,152,172,200,147,247,279,137,298,206,303,258,233,261,247,312,157,239,277,259,260,307,303,257
373,220,82,234,128,202,154,171,202,146,249,277,136,298,205,302,257,232,260,239,326,235,362,277,258,283,325,277,359
374,220,81,235,127,202,153,173,201,148,247,277,136,297,204,302,255,232,264,244,316,154,236,277,260,301,259,301,252
375,218,82,233,128,200,155,173,200,148,245,276,136,298,209,301,257,233,262,241,328,232,361,276,259,282,328,273,351
376,218,82,232,129,200,155,173,202,149,244,275,136,297,206,301,256,232,264,250,313,157,235,277,259,260,306,301,255
377,216,82,232,129,199,155,173,202,146,248,275,136,296,204,301,255,232,261,244,323,237,359,276,254,285,318,302,354
378,217,82,231,129,199,155,173,202,147,247,274,136,296,202,301,254,232,263,244,327,235,359,277,257,285,323,272,334
379,217,82,231,129,199,156,173,201,147,245,274,135,295,201,301,255,232,261,240,327,232,359,275,256,282,324,301,357
380,216,82,231,128,199,155,173,201,149,241,273,136,297,206,300,254,232,262,244,332,234,360,276,256,285,325,300,251
381,216,80,231,127,199,156,173,202,146,244,273,135,295,201,301,252,233,263,246,328,236,360,276,256,286,321,301,251
382,217,81,231,128,199,156,171,201,146,245,274,136,296,202,301,251,233,260,240,327,233,361,276,256,284,322,303,358
383,217,81,230,128,198,156,172,202,145,243,273,135,296,201,301,253,232,260,239,326,232,357,276,256,282,324,297,358
384,218,80,231,127,199,155,171,200,145,241,273,135,296,203,300,253,232,259,240,325,234,360,276,255,283,321,303,359
385,217,80,231,127,199,155,171,198,146,239,273,136,297,206,299,255,233,261,244,327,228,360,276,256,285,321,267,329
386,218,80,230,127,198,157,169,199,145,240,272,135,296,205,299,255,233,264,243,331,234,360,276,259,283,326,266,335
387,218,80,231,127,199,155,170,196,149,234,273,136,296,201,299,251,232,258,238,324,234,361,276,256,280,322,275,359
388,219,80,231,127,198,155,170,195,151,230,273,135,297,202,297,252,232,262,246,311,161,225,274,260,254,309,295,252
389,220,79,231,126,198,155,170,195,150,226,273,135,297,207,296,253,231,262,246,310,160,217,272,261,253,307,293,254
390,219,78,232,125,199,154,170,194,149,225,273,135,297,203,293,254,231,262,248,309,161,216,273,262,255,306,244,309
391,220,79,231,126,198,155,171,191,148,224,273,135,296,207,291,253,230,263,247,309,158,213,273,262,253,307,291,252
392,220,79,232,126,199,154,169,192,148,221,273,135,296,200,289,251,231,260,248,307,161,213,275,259,252,303,288,250
393,221,78,232,126,199,154,169,190,150,217,273,134,296,187,283,249,231,263,248,309,166,220,275,260,255,303,280,246
394,222,78,232,126,200,152,170,188,150,214,273,134,297,186,278,241,231,262,250,308,164,207,275,260,254,302,275,242
395,224,76,233,124,200,152,170,187,148,217,273,134,296,188,274,235,231,263,243,309,163,213,275,261,252,307,270,238
396,227,76,235,124,202,149,172,183,149,211,273,134,291,188,247,221,229,259,242,306,164,206,271,258,253,303,245,307
397,228,75,235,124,202,149,172,184,152,207,274,133,287,187,236,214,230,254,244,326,233,355,273,250,287,318,308,351
398,230,75,235,124,203,148,174,181,153,205,273,133,283,185,228,209,230,259,244,334,246,315,273,254,285,321,293,335
399,231,75,235,124,203,147,174,182,154,204,273,133,281,182,220,199,230,257,245,307,169,202,273,253,250,304,247,306
400,232,75,237,124,204,147,174,183,150,208,273,133,276,180,207,193,229,254,248,301,248,307,273,251,251,300,250,304
401,233,74,237,123,205,146,175,181,158,200,273,133,270,181,202,188,229,252,248,301,249,303,274,247,272,297,199,189
402,235,73,236,123,203,147,173,181,157,200,274,134,267,180,200,186,226,250,244,301,162,217,273,244,273,293,197,187
403,237,73,237,122,204,147,175,179,158,199,274,134,263,178,198,185,226,251,242,302,188,155,273,248,249,300,195,186
404,236,72,238,122,205,146,174,180,166,207,274,133,262,174,196,185,225,253,245,302,170,182,271,249,248,300,194,186
405,237,71,238,122,206,146,175,182,175,198,274,133,258,174,192,185,226,250,248,301,172,186,270,244,246,297,239,297
406,239,72,239,122,206,145,173,184,177,184,274,134,257,173,194,183,225,252,248,302,171,186,271,246,246,298,239,299
407,240,71,241,121,207,146,175,186,169,203,275,135,258,173,195,184,227,252,248,299,170,191,271,248,253,299,246,302
408,241,73,240,122,207,146,178,184,183,214,275,134,261,170,196,183,226,251,248,300,248,302,269,245,247,298,241,299
409,242,73,241,122,207,146,178,186,170,202,276,135,263,169,199,182,225,257,191,188,174,185,270,252,247,304,245,306
410,243,73,242,122,207,147,179,185,170,204,277,135,265,167,214,181,224,247,244,300,176,183,269,241,243,294,238,295
411,244,73,242,123,208,146,180,183,173,212,277,135,270,164,220,179,224,245,245,298,248,302,269,240,245,295,238,295
412,245,73,243,122,208,146,180,186,182,206,278,136,270,164,219,178,224,251,243,301,179,187,270,247,247,298,239,300
413,246,72,244,122,208,146,179,188,194,187,279,135,272,163,218,178,225,251,247,304,175,290,270,244,248,297,241,301
414,248,73,244,122,209,146,179,189,201,188,279,135,275,162,222,178,224,250,239,304,174,289,269,246,246,295,237,300
415,249,73,245,122,210,145,180,190,201,182,279,135,277,160,222,178,227,253,242,304,248,305,271,249,250,299,246,300
416,250,74,245,123,210,146,181,189,202,181,280,134,278,160,221,177,227,255,250,303,247,308,271,251,248,300,240,301
417,251,75,246,124,211,146,180,189,207,179,281,134,280,158,223,175,228,250,247,300,179,293,272,243,246,295,238,297
418,251,75,247,123,211,145,182,189,202,180,282,134,283,158,224,174,228,252,248,303,250,304,272,245,248,299,260,296
419,252,74,248,123,212,146,182,190,189,185,284,134,282,159,225,174,228,245,243,296,251,306,272,237,274,290,225,173
420,252,74,249,123,213,144,184,189,201,180,283,135,284,159,222,174,228,256,246,306,185,305,274,251,250,300,245,302
421,254,75,250,124,213,145,184,188,202,182,284,135,286,159,232,173,229,252,247,304,251,303,273,244,247,298,231,173
422,254,75,250,123,214,145,184,188,206,181,285,135,287,159,233,173,230,254,248,304,250,307,275,249,249,300,232,171
423,256,76,251,124,214,145,186,186,207,182,285,135,288,159,230,174,229,250,248,301,256,305,277,239,252,295,245,299
424,257,75,251,123,214,145,186,189,204,183,286,135,288,160,229,174,230,257,251,306,254,309,276,251,251,302,245,304
425,259,76,254,124,216,144,190,191,205,185,288,135,288,162,233,172,233,255,252,301,252,306,275,248,272,295,250,302
426,259,77,254,125,217,144,191,191,209,184,289,136,288,163,234,173,230,251,248,300,254,307,276,244,250,298,244,300
427,260,76,254,124,218,144,193,187,203,202,290,136,290,162,237,172,231,249,252,301,257,300,274,241,273,291,239,300
428,260,77,254,125,217,146,192,192,207,204,290,135,292,164,238,170,231,246,247,307,249,304,276,235,282,289,239,298
429,261,76,255,124,218,146,190,195,224,176,291,136,294,163,241,168,234,255,252,302,278,251,277,250,254,299,247,302
430,260,77,255,125,218,145,192,194,223,174,290,137,295,163,243,167,233,253,254,302,256,305,276,248,251,299,242,162
431,261,77,256,124,218,145,192,192,207,203,291,137,296,162,243,168,232,251,252,302,251,305,275,246,273,292,275,243
432,262,76,256,124,218,145,192,190,205,208,291,136,296,161,243,169,233,251,253,300,255,304,277,244,252,295,242,168
433,262,78,256,125,219,145,192,192,205,202,290,136,295,161,243,170,233,251,252,301,254,302,277,244,251,298,245,298
434,262,78,256,125,219,145,191,192,221,178,290,136,296,161,242,171,233,251,250,301,252,302,277,244,251,298,245,299
435,264,78,257,125,219,145,192,186,207,201,290,136,295,159,241,173,232,250,250,300,189,185,279,239,274,289,240,172
436,263,79,257,126,219,145,192,187,217,184,290,136,295,159,240,174,233,253,252,302,254,308,278,244,252,297,245,300
437,264,79,257,126,219,145,192,186,217,184,291,136,296,160,240,174,233,250,254,301,254,307,279,241,272,290,239,173
438,263,78,257,126,219,146,192,188,212,182,290,136,296,159,239,174,233,254,255,303,255,306,279,247,251,300,239,173
439,264,80,257,127,219,144,193,186,211,187,291,136,295,160,233,177,233,253,252,301,256,303,278,247,252,299,245,301
440,265,79,258,126,219,145,192,187,209,186,291,136,293,160,235,176,233,248,249,298,256,301,278,238,275,288,234,174
441,264,79,258,126,219,145,193,186,206,202,291,135,292,161,237,174,233,244,242,290,226,268,276,236,277,285,235,173
442,264,79,257,126,220,145,193,187,206,205,291,135,291,161,238,172,232,245,246,299,255,297,276,235,279,287,235,171
443,266,78,257,125,219,145,193,187,205,207,291,135,291,161,239,171,232,248,250,299,259,296,276,237,276,286,237,170
444,266,78,257,125,219,145,193,186,207,206,291,135,291,160,238,170,232,247,246,302,252,300,276,235,281,287,240,297
445,266,77,257,124,219,145,192,188,218,180,291,135,290,159,238,169,232,241,242,302,233,360,275,232,282,291,293,356
446,265,79,257,126,219,145,193,188,212,190,291,135,289,161,237,169,233,237,241,293,238,359,274,230,280,284,291,355
447,266,80,257,126,219,146,193,188,213,182,291,135,290,161,237,169,233,237,241,293,240,358,274,230,280,284,283,286
448,266,80,258,126,219,146,192,188,213,180,291,135,290,162,238,167,234,246,248,298,255,303,278,238,279,287,245,295
449,266,81,258,127,220,145,195,185,205,208,291,136,292,163,240,167,232,250,249,298,253,302,276,242,274,287,245,298
450,265,81,258,126,219,146,193,189,218,175,291,136,294,166,239,167,233,250,249,302,255,302,278,240,278,289,246,296
451,265,81,258,126,219,145,193,188,206,207,292,137,299,171,243,167,233,250,249,299,252,304,279,243,277,290,242,164
452,273,79,265,126,224,142,199,181,204,203,300,148,313,204,312,247,233,262,220,272,198,190,281,268,254,310,312,246
453,275,80,266,126,224,141,199,181,205,203,302,148,313,213,313,252,232,264,221,277,199,188,281,271,251,313,312,252
454,277,81,269,128,228,140,202,178,206,204,303,151,311,217,312,256,232,261,246,309,198,192,280,265,251,310,312,256
455,280,83,271,128,230,140,201,178,205,200,305,151,311,217,312,258,233,261,249,309,200,189,281,264,253,309,311,257
456,283,82,273,128,231,140,202,178,206,199,306,153,312,221,312,259,233,260,247,308,202,188,280,265,254,308,311,259
457,283,82,272,129,231,139,203,177,206,199,307,154,311,220,311,263,235,261,250,310,204,187,281,266,254,307,310,264
458,284,83,274,130,233,139,203,176,207,199,310,155,312,222,311,267,235,263,252,311,283,268,282,266,312,268,309,266
459,285,83,274,129,234,139,204,177,207,199,309,154,313,221,310,266,234,261,253,311,249,317,282,265,307,268,308,266
460,286,83,275,130,235,139,204,176,206,197,309,154,312,221,311,268,236,261,252,310,203,183,282,266,307,268,310,267
461,288,82,276,129,236,139,205,176,208,199,310,156,313,223,310,270,235,262,250,313,204,187,283,269,308,273,309,268
462,290,82,278,129,236,139,205,175,208,200,311,156,313,224,311,273,235,263,251,314,284,268,282,268,308,275,307,273
463,290,83,277,130,237,139,205,175,208,199,312,157,313,224,310,270,234,262,249,312,248,315,282,268,308,272,309,269
464,290,83,278,130,238,138,205,175,210,201,311,157,314,223,310,269,236,263,251,314,205,188,283,269,309,273,309,269
465,291,83,279,130,238,138,206,175,210,202,313,159,314,224,310,272,235,262,249,313,206,187,282,270,253,314,308,270
466,290,83,279,130,239,138,205,175,211,202,313,157,314,222,310,270,238,260,253,311,284,268,282,268,256,312,309,268
467,291,83,280,130,239,138,205,175,211,203,313,158,313,222,310,268,239,260,252,311,284,266,282,267,257,311,309,267
468,292,83,279,130,240,138,205,175,211,204,312,157,314,221,308,265,239,259,254,311,225,268,282,266,258,309,308,265
469,291,83,279,130,240,137,205,175,211,205,313,157,316,223,307,264,238,259,253,310,285,265,281,265,255,306,307,264
470,291,83,281,130,240,138,204,176,212,206,315,161,317,223,304,261,234,261,220,269,283,266,279,270,252,314,283,266
471,291,83,280,130,240,138,203,176,212,206,314,158,318,217,300,258,233,259,218,267,227,267,277,269,276,269,283,267
472,290,83,279,130,239,139,203,175,211,205,315,161,318,218,296,252,237,257,223,266,229,267,281,267,259,307,257,308
473,289,83,279,130,238,139,202,175,212,205,315,159,317,215,289,251,233,265,221,275,277,268,277,274,253,315,287,251
474,292,84,279,130,239,138,202,175,212,208,312,153,314,214,281,248,234,262,219,269,225,271,276,271,256,311,280,250
475,291,83,280,129,239,138,201,175,212,207,312,155,312,213,274,246,237,261,224,270,224,271,281,266,285,311,272,250
476,291,84,278,130,238,138,201,176,211,208,310,151,309,211,267,244,237,257,227,269,275,253,278,260,279,303,274,252
477,291,84,278,131,238,138,200,175,213,208,311,153,306,212,263,242,237,257,247,262,248,262,279,258,281,303,270,253
478,291,84,277,130,238,138,200,175,213,209,310,151,305,210,257,239,236,255,255,312,244,264,279,259,260,304,256,236
479,292,83,278,130,237,138,199,175,214,210,310,153,303,210,261,236,237,255,256,309,250,259,276,256,278,298,260,258
480,291,83,277,130,237,138,198,174,213,209,310,154,301,211,253,240,237,257,254,311,244,266,277,260,257,306,250,238
481,290,83,276,130,236,138,196,173,214,208,308,154,296,213,246,240,237,258,254,312,234,259,279,262,258,306,243,240
482,291,83,276,130,236,138,195,173,216,208,308,152,296,212,251,239,235,259,214,278,242,265,277,262,258,306,247,238
483,289,83,276,130,237,138,195,173,217,209,308,154,295,213,251,238,235,259,210,274,198,303,277,262,255,309,249,237
484,289,84,275,130,237,138,194,173,217,209,308,154,296,212,254,238,234,260,224,274,234,208,277,263,255,310,252,237
485,289,83,276,130,236,138,193,173,216,208,308,153,296,211,253,238,234,259,253,313,233,209,277,262,257,306,251,236
486,289,84,275,130,235,138,192,174,218,208,308,151,296,211,251,237,235,260,222,270,229,200,278,265,254,310,248,237
487,288,85,275,130,236,138,192,173,219,210,308,151,295,211,254,236,234,259,222,269,222,269,277,262,254,308,248,237
488,288,85,276,130,236,137,191,173,219,210,307,151,295,212,250,237,234,257,247,309,245,263,279,263,293,262,248,237
489,288,85,275,131,235,137,191,173,221,212,307,154,296,211,249,240,235,255,251,309,240,268,279,260,279,302,244,238
490,288,85,275,130,236,137,190,173,219,210,306,151,295,211,247,240,234,257,250,308,280,262,278,261,254,308,245,241
491,288,84,275,130,236,138,190,172,219,209,307,151,295,211,246,239,235,257,233,260,236,261,277,261,253,307,244,239
492,287,84,275,131,235,137,190,172,220,210,307,152,295,210,254,237,233,257,247,308,244,261,277,261,253,304,246,237
493,288,84,275,130,236,137,190,171,218,208,306,152,295,210,254,237,232,256,218,267,220,267,277,261,254,305,251,240
494,287,83,275,130,235,138,190,171,217,208,307,154,295,210,253,238,232,255,209,271,220,266,275,260,255,305,252,238
495,287,83,275,129,236,137,190,171,218,210,307,152,295,210,256,236,232,256,215,269,239,265,277,260,254,304,251,237
496,289,83,276,129,236,137,190,170,218,208,306,154,294,210,254,236,232,257,251,306,231,202,278,260,255,304,250,236
497,287,84,275,129,237,137,190,170,217,209,307,153,294,209,253,236,234,257,222,267,231,203,277,260,255,306,251,238
498,289,83,274,130,236,137,189,170,218,210,305,152,294,208,255,236,231,258,213,271,241,266,276,262,251,307,254,238
499,288,84,275,130,236,137,189,169,217,208,306,154,293,209,258,236,232,257,247,307,232,204,275,260,254,306,250,237
500,287,85,275,130,236,137,190,169,217,208,306,153,294,208,261,234,232,256,219,266,231,203,276,259,254,306,256,234
501,288,84,274,129,237,137,190,169,218,210,305,152,294,208,260,234,232,257,212,268,216,266,277,260,255,305,255,238
502,289,83,274,129,236,137,190,169,220,212,305,152,294,207,260,234,231,256,211,269,215,266,276,260,254,305,256,236
503,289,84,274,130,235,137,189,168,220,212,305,153,293,208,260,233,232,253,215,273,220,266,276,258,252,299,256,230
504,289,85,274,130,236,136,189,169,220,212,305,150,293,207,261,233,231,250,219,274,241,260,276,256,252,298,258,230
505,289,85,275,130,235,137,189,168,220,212,305,154,292,209,259,232,229,248,220,275,235,261,276,252,252,295,257,230
506,290,85,275,131,235,136,189,168,223,214,305,153,292,208,261,232,231,251,243,301,226,300,277,255,253,298,260,233
507,289,85,274,130,235,136,189,168,223,217,304,149,293,206,260,233,230,251,211,276,217,258,274,256,251,298,257,231
508,289,85,273,130,234,137,190,169,221,213,305,152,293,206,261,233,233,254,223,266,224,267,275,255,273,295,255,230
509,290,86,273,130,234,136,190,169,222,219,303,149,292,207,259,234,232,254,220,261,226,267,275,255,253,300,257,229
510,290,86,273,130,234,136,191,169,226,222,303,150,292,207,258,235,233,255,218,261,218,262,274,258,256,236,247,236
511,290,86,274,130,234,136,191,169,226,223,304,154,292,208,257,236,234,254,251,306,198,298,275,257,253,235,243,235
512,291,87,273,130,233,137,191,170,225,222,303,153,291,208,258,236,232,254,218,261,217,272,273,257,256,235,245,236
513,291,86,273,130,233,137,191,170,228,226,304,153,291,208,258,235,231,255,219,266,230,244,274,258,257,235,252,238
514,291,86,273,131,233,137,192,171,225,223,304,152,291,208,252,236,231,253,218,261,233,254,276,257,247,236,241,236
515,290,87,273,130,233,137,192,170,225,223,304,152,291,208,256,237,234,258,191,170,192,169,278,258,255,238,242,239
516,291,88,273,131,232,137,192,170,227,226,303,155,290,210,255,237,234,257,248,308,202,303,276,258,251,241,247,237
517,290,88,273,131,233,137,192,171,227,228,304,153,290,210,250,238,235,259,191,171,192,169,277,259,248,241,239,241
518,291,88,273,130,233,137,192,172,229,231,304,153,291,208,253,239,236,258,191,173,234,259,276,259,250,242,243,241
519,291,88,274,130,233,138,193,172,230,232,304,157,289,211,249,240,233,259,192,176,233,259,275,259,248,242,250,235
520,292,88,273,130,233,138,193,172,225,228,303,150,291,207,240,239,236,259,225,236,192,171,276,259,242,243,243,236
521,292,88,273,130,232,138,193,173,223,227,303,149,290,208,242,240,234,258,217,146,231,254,276,259,242,243,243,236
522,292,87,273,131,232,138,194,174,227,233,303,153,290,208,250,241,233,261,218,148,234,261,276,259,248,243,236,244
523,292,86,274,130,232,138,194,174,224,231,303,153,291,207,244,241,234,260,223,237,225,227,277,259,243,243,230,243
524,292,89,273,131,232,138,194,174,224,232,302,155,288,211,241,241,234,259,217,146,225,225,275,259,242,243,243,236
525,292,87,273,131,231,139,194,175,225,233,303,153,288,211,243,242,234,259,225,243,227,227,276,259,243,244,244,236
526,292,88,273,131,233,138,195,173,226,234,303,151,289,210,245,242,234,261,193,173,232,254,275,259,244,244,244,237
527,292,87,273,131,232,139,195,174,224,232,302,153,286,213,244,243,234,262,218,149,226,228,277,260,243,245,227,244
528,292,87,274,131,231,139,195,174,228,238,303,156,284,215,245,243,233,261,221,244,235,252,275,260,244,244,228,252
529,292,88,273,131,232,138,195,174,227,237,303,156,288,211,244,243,234,262,217,147,232,253,275,260,243,244,244,237
530,292,88,273,131,232,138,196,174,228,239,302,153,289,209,245,243,234,261,219,148,234,252,275,259,244,244,228,252
531,291,88,273,131,233,138,196,176,228,238,302,156,289,210,243,243,233,260,217,147,232,252,275,258,242,244,244,238
532,292,88,273,132,232,138,196,175,227,237,302,154,288,211,244,244,234,258,231,245,232,253,277,258,280,299,244,239
533,291,90,273,132,232,138,196,176,229,239,303,154,289,210,245,243,232,258,217,146,227,251,273,258,243,242,246,240
534,292,89,273,131,232,139,197,177,229,239,302,158,288,211,247,243,232,257,217,146,230,251,272,258,248,243,256,251
535,292,90,273,132,232,138,197,177,229,240,302,159,288,210,247,242,234,261,226,154,230,259,275,260,248,243,234,250
536,293,89,273,131,230,139,196,177,228,239,302,160,288,211,247,242,235,261,225,153,227,257,276,260,247,242,235,250
537,293,90,273,132,232,139,199,177,228,241,302,159,288,211,241,245,232,262,227,155,226,254,274,259,280,300,245,245
538,293,88,273,131,232,139,199,178,228,239,302,156,287,212,241,245,233,263,219,148,232,234,275,260,255,308,244,247
539,293,90,273,132,232,138,199,178,228,239,301,157,288,211,242,245,232,263,219,148,231,234,274,260,254,308,227,252
540,294,90,274,132,232,139,199,178,228,239,301,161,288,211,246,245,232,262,227,155,227,154,273,260,256,307,245,246
541,294,90,274,132,233,138,200,178,228,239,301,162,285,215,243,245,233,262,218,147,231,234,273,261,253,308,244,248
542,294,90,274,132,233,138,200,178,227,239,302,159,287,214,242,246,232,261,235,254,230,234,273,260,253,307,244,247
543,294,89,274,132,233,138,200,178,228,242,302,161,287,213,241,246,233,260,250,309,231,235,276,259,280,301,245,246
544,294,90,274,132,233,138,200,178,228,241,301,161,288,212,243,246,232,261,218,147,226,252,274,259,254,307,226,251
545,294,90,274,132,234,137,199,178,229,241,302,161,288,213,244,246,231,259,219,147,226,252,273,257,252,307,226,252
546,295,90,275,132,232,139,199,177,229,241,303,165,287,214,239,247,232,259,227,154,232,234,275,259,253,306,244,247
547,295,90,275,132,233,139,199,177,229,241,302,162,288,213,242,246,232,258,228,155,229,258,274,259,253,306,246,247
548,294,91,275,134,233,138,199,177,229,241,303,165,287,214,241,247,233,260,227,154,229,258,274,261,255,306,245,244
549,295,90,275,133,233,138,199,178,229,241,303,165,287,214,242,246,234,260,227,154,230,258,274,261,252,306,246,245
550,295,91,275,134,232,139,198,177,229,242,303,167,285,217,241,247,234,260,227,153,229,258,275,261,252,306,245,244
551,295,91,275,133,233,138,199,177,230,241,303,164,288,213,241,247,234,260,218,146,230,259,273,260,254,307,245,246
552,296,91,275,134,233,138,199,178,229,240,303,164,285,216,241,247,235,262,227,154,233,259,275,261,243,250,244,244
553,295,91,274,133,233,138,199,177,229,240,303,159,287,214,240,247,234,261,218,146,239,237,274,260,233,241,244,246
554,295,91,275,134,233,138,199,177,229,240,304,160,287,214,239,247,234,261,219,147,230,234,275,260,234,260,244,245
555,294,91,275,135,233,139,199,177,228,240,303,168,285,217,242,245,232,260,228,155,231,234,274,261,253,307,245,246
556,295,91,276,135,234,138,199,177,228,240,304,168,286,217,239,246,234,262,220,147,232,234,275,261,255,307,243,245
557,295,91,275,135,233,139,199,177,229,241,303,167,285,217,240,246,233,261,228,155,228,154,274,261,254,307,244,245
558,295,91,275,135,234,139,200,177,227,240,304,167,286,216,239,247,234,261,219,146,231,234,275,260,255,307,243,246
559,295,91,275,135,233,139,200,177,227,240,303,167,285,217,239,246,232,259,228,155,232,234,275,259,280,299,244,246
560,296,90,275,134,232,139,200,177,226,239,304,165,287,215,238,247,235,261,227,153,230,233,276,262,235,260,239,247
561,296,91,276,134,233,139,200,178,227,240,304,166,286,216,237,247,233,260,228,155,231,234,274,261,253,306,243,247
562,298,90,276,134,233,139,200,177,227,239,303,166,286,215,238,247,234,261,227,153,231,233,276,263,253,306,240,248
563,297,91,275,135,233,139,200,178,228,239,303,168,284,218,237,247,233,261,228,155,232,234,274,261,253,306,242,248
564,297,91,276,135,233,139,199,177,227,237,303,169,284,219,238,247,233,262,228,154,233,232,275,262,226,239,240,247
565,297,92,276,135,235,139,199,177,231,242,303,168,287,216,248,245,231,257,221,147,228,258,273,260,253,257,247,247
566,296,91,276,134,235,138,199,177,231,242,304,169,286,217,247,246,230,257,221,147,228,258,272,260,252,306,246,248
567,296,89,276,133,234,138,198,177,231,240,306,168,287,216,247,245,232,259,198,266,229,252,273,262,253,305,253,256
568,296,90,277,133,234,138,198,177,232,241,305,168,288,215,246,246,234,258,229,154,229,251,274,261,254,306,247,246
569,295,89,276,134,234,138,198,177,233,240,306,163,289,213,247,246,235,260,195,177,231,257,276,262,254,305,248,243
570,296,90,276,133,235,138,197,177,233,239,305,164,291,211,248,245,232,256,243,251,228,251,274,261,253,306,247,247
571,295,90,275,134,234,138,197,177,232,240,305,161,290,212,246,246,235,257,194,177,234,257,276,261,252,305,247,246
572,294,90,275,134,234,138,197,177,231,239,305,163,290,212,248,245,235,259,200,266,232,257,277,261,254,305,246,245
573,294,90,276,135,234,138,196,176,231,238,305,165,291,212,246,246,235,259,199,265,229,249,277,262,203,266,247,244
574,295,89,276,133,234,138,196,176,230,235,305,166,290,213,245,246,234,258,203,266,228,250,277,262,204,263,247,245
575,295,89,275,133,234,139,196,175,227,233,305,160,292,211,246,245,233,257,201,265,228,250,278,262,291,264,245,246
576,293,89,276,132,234,139,195,176,229,233,306,160,292,212,246,247,236,258,201,264,237,231,278,260,232,232,246,245
577,294,86,276,130,234,139,193,176,231,233,307,154,294,211,247,247,236,260,235,246,239,231,277,262,246,250,246,245
578,293,88,275,131,234,138,193,174,225,227,307,152,296,212,257,240,237,258,225,268,274,258,275,259,255,242,250,236
579,293,87,274,132,235,138,192,175,222,222,306,148,299,213,258,244,236,259,226,272,275,263,276,263,275,256,252,243
580,293,88,275,131,234,139,190,174,222,220,307,149,302,209,266,253,236,262,221,269,277,261,277,264,277,259,276,257
581,292,85,275,131,235,138,190,173,220,218,306,149,306,205,274,250,238,262,222,290,225,268,278,263,259,308,281,259
582,291,87,275,131,236,138,189,173,218,215,306,151,308,210,276,258,235,260,223,273,228,265,274,262,255,305,260,268
583,293,85,275,130,234,138,189,173,215,212,307,152,309,212,285,259,234,235,231,258,255,266,275,241,260,271,271,269
584,290,85,275,131,235,139,188,172,216,211,307,156,309,215,289,261,238,259,233,269,239,266,279,256,267,290,277,274
585,292,86,275,131,234,139,188,173,214,208,307,155,309,216,296,260,235,260,229,279,231,268,278,259,270,291,283,277
586,291,85,275,131,234,139,188,171,213,206,308,156,309,220,298,263,237,259,224,270,231,268,277,259,272,291,286,282
587,293,87,275,131,234,138,189,171,210,204,306,153,309,224,301,267,235,259,246,259,232,264,278,258,270,291,285,267
588,290,86,275,132,235,138,188,171,209,202,307,152,310,224,302,271,235,257,227,277,233,269,280,258,273,287,288,266
589,293,85,276,130,236,138,189,170,207,200,306,150,310,225,303,272,235,240,225,247,235,258,282,249,268,283,272,264
590,291,86,276,131,236,138,189,170,207,199,308,153,310,223,303,269,233,252,236,273,236,263,281,251,268,288,275,269
591,292,84,276,129,236,138,189,170,208,202,308,154,310,226,303,270,234,257,228,273,229,264,281,256,274,287,290,262
592,291,81,277,128,236,138,190,169,207,200,308,155,310,224,304,272,235,260,248,266,288,260,282,257,273,287,288,260
593,287,79,276,126,237,138,192,168,203,195,310,157,311,225,306,275,232,258,218,267,291,265,278,262,291,259,292,266
594,285,77,276,125,236,138,192,168,202,195,310,156,312,226,307,273,233,260,219,273,220,273,281,262,297,260,304,272
595,282,75,275,124,235,139,192,169,204,195,310,156,314,226,308,270,236,259,217,269,217,202,281,262,256,308,305,271
596,282,76,275,124,235,138,191,168,201,191,309,156,317,220,312,270,235,259,220,278,226,279,282,263,309,269,306,269
597,0,0,0,0,0,0,0,0,0,0,0,0,0,0,0,0,0,0,0,0,0,0,0,0,0,0,0,0
598,277,73,273,122,235,138,191,169,200,191,308,153,327,214,322,258,234,264,220,275,194,180,283,269,323,260,322,253
599,275,74,271,123,231,139,190,170,199,192,308,151,330,207,326,254,232,263,219,275,220,277,281,266,323,255,324,255
600,273,74,271,123,232,139,190,171,199,192,307,149,333,198,329,242,233,260,244,308,193,181,280,265,254,308,329,243
601,271,72,268,121,229,140,188,173,198,192,307,147,336,194,333,236,234,262,220,274,190,179,279,267,278,268,332,235
602,268,70,268,120,230,141,189,173,200,194,306,146,338,191,332,234,235,259,225,271,192,183,282,266,253,311,330,234
603,267,71,267,121,229,140,189,174,199,194,306,146,340,190,330,228,232,262,220,276,190,180,282,268,281,270,330,228
604,264,70,265,120,228,141,189,174,199,194,304,144,340,186,328,222,234,260,247,309,191,182,283,268,253,307,328,222
605,263,71,264,120,228,142,188,175,197,194,302,144,340,185,322,213,234,263,221,277,190,180,283,266,284,270,254,308
606,260,69,263,118,227,142,188,176,196,194,302,142,338,183,313,207,234,264,218,274,189,180,281,270,251,314,252,314
607,259,70,262,119,226,143,187,178,198,195,301,141,337,183,304,199,235,259,248,309,188,181,281,262,256,308,255,307
608,256,69,261,118,226,143,188,177,196,195,300,140,335,182,300,192,235,259,254,304,276,290,280,255,279,301,275,290
609,255,69,260,118,225,144,186,180,197,195,300,140,330,183,287,185,234,261,247,308,188,181,277,262,253,308,253,308
610,253,69,259,118,224,144,186,181,196,195,300,141,325,181,277,179,234,258,245,305,188,181,278,259,255,306,253,305
611,252,69,258,118,224,144,189,180,194,194,299,140,319,180,266,174,235,256,253,306,190,181,279,257,255,300,251,305
612,249,69,258,119,225,143,189,181,200,201,298,139,313,179,254,173,235,256,251,305,189,186,279,255,254,300,248,304
613,247,70,257,119,226,142,189,181,199,199,297,137,308,178,253,174,234,255,251,305,189,181,279,255,253,300,248,303
614,246,69,255,118,223,143,189,183,216,181,296,137,303,177,249,173,237,255,254,302,252,308,280,253,254,297,248,301
615,245,69,255,118,223,144,188,186,208,180,295,137,298,178,245,175,236,254,255,302,250,308,280,253,254,297,253,302
616,243,69,253,118,221,144,185,191,197,180,294,137,294,177,239,177,236,255,254,302,181,183,281,249,255,298,248,301
617,242,69,252,118,220,144,187,187,200,181,294,135,291,176,237,179,235,254,252,302,185,180,281,251,251,299,249,299
618,240,69,251,118,220,145,186,190,199,182,293,136,289,177,229,179,235,258,252,306,186,178,280,254,256,301,252,304
619,238,69,251,117,220,146,187,189,202,185,293,136,289,177,226,180,234,257,251,306,249,313,279,254,252,301,252,304
620,237,69,250,118,219,146,187,188,197,185,292,136,288,177,220,182,232,256,248,303,249,311,279,254,251,300,245,302
621,234,70,249,118,220,145,186,192,195,186,290,135,286,176,219,182,233,253,249,302,253,302,279,250,251,299,245,300
622,234,71,249,119,219,145,187,192,195,184,290,135,286,176,219,182,236,250,253,300,251,301,279,247,253,298,251,297
623,235,71,249,119,218,146,193,195,194,191,290,136,286,176,221,180,234,253,253,301,187,181,279,249,254,297,248,300
624,234,70,247,118,218,148,190,192,203,189,290,135,285,174,222,179,235,253,254,300,188,180,279,247,255,294,248,298
625,235,70,248,119,218,147,204,199,199,192,290,134,284,174,223,178,231,251,250,296,192,183,279,246,276,288,247,295
626,234,70,247,118,217,147,215,205,201,191,290,134,283,175,226,178,235,256,256,304,249,310,279,253,255,296,250,300
627,234,70,247,119,217,145,202,199,195,185,289,134,283,172,221,176,233,252,252,300,190,181,278,251,254,293,251,297
628,234,70,248,119,218,145,191,188,191,187,289,134,282,170,216,172,233,253,252,300,187,176,277,251,253,293,248,297
629,235,70,248,119,219,144,191,190,191,185,289,134,281,169,221,169,232,250,249,299,252,303,278,247,252,293,248,294
630,233,71,247,119,219,144,199,193,191,190,289,135,281,167,228,169,232,250,251,300,189,178,277,246,254,295,247,296
631,233,71,248,119,219,144,202,192,194,186,289,134,281,166,229,166,232,250,249,301,251,301,276,244,273,291,245,297
632,233,71,248,119,219,142,192,184,197,178,289,134,279,165,231,167,231,247,250,299,252,303,275,242,274,288,246,295
633,233,71,248,119,220,142,192,184,197,178,289,134,277,163,227,167,230,245,241,304,236,306,275,239,280,295,281,309
634,233,72,249,120,220,141,199,186,196,180,288,134,278,162,229,166,231,246,250,300,255,298,276,238,280,287,245,296
635,233,72,248,120,220,142,196,186,199,173,288,134,278,162,229,166,231,244,242,297,237,354,277,235,280,285,296,349
636,233,72,247,120,219,143,195,187,199,175,288,135,276,160,228,168,232,250,251,301,247,310,275,247,272,292,246,299
637,233,73,249,121,220,141,199,188,198,175,288,134,278,159,221,165,230,247,251,299,255,297,276,240,274,285,243,296
638,233,72,248,121,218,143,199,193,193,183,288,134,279,157,223,165,228,249,247,299,252,301,274,239,278,286,244,297
639,231,72,247,120,219,143,198,189,193,182,288,135,272,160,210,170,230,248,251,299,252,300,275,243,254,293,246,298
640,232,72,246,121,216,145,196,184,193,185,287,134,277,156,217,170,231,250,251,301,253,301,276,244,275,292,247,298
641,233,72,246,121,217,146,196,186,188,192,287,135,269,161,212,172,231,250,250,300,187,181,276,248,273,291,246,297
642,232,72,246,121,217,146,196,189,192,189,287,135,275,155,215,172,229,248,248,298,249,303,275,242,272,289,260,139
643,231,72,246,120,216,146,192,190,188,195,287,135,265,159,211,174,232,249,254,302,186,183,277,244,275,289,247,297
644,231,72,244,120,216,146,191,188,200,200,287,134,264,159,219,175,231,248,253,302,251,298,275,243,272,290,244,297
645,230,72,245,120,217,146,192,187,190,191,286,135,265,161,218,175,231,249,251,299,188,185,276,244,274,288,247,296
646,231,72,245,120,217,146,192,187,189,192,286,134,266,162,220,173,231,249,253,299,250,300,275,247,270,292,250,296
647,230,72,244,120,214,147,190,187,189,188,286,135,275,158,229,169,232,247,249,299,187,182,274,243,273,285,246,294
648,230,72,244,120,215,146,201,199,190,190,286,135,274,157,213,171,231,248,252,299,249,299,275,244,274,287,254,295
649,230,74,245,121,217,144,188,189,196,179,285,134,277,155,227,166,230,250,252,301,252,301,274,244,274,290,248,297
650,230,73,245,121,218,143,188,186,195,183,284,134,275,156,226,168,230,248,251,300,256,298,276,240,272,291,266,140
651,229,73,245,121,218,143,189,184,197,180,284,134,274,156,225,169,229,244,251,299,254,295,275,237,273,286,265,140
652,229,73,245,121,218,144,190,183,198,184,284,134,274,157,225,168,229,246,252,300,254,297,275,238,272,289,264,141
653,228,73,245,121,217,144,190,187,199,178,284,134,275,157,224,168,228,248,250,299,253,298,274,242,272,287,242,295
654,229,73,245,121,217,144,191,185,200,180,284,134,273,155,223,168,230,248,252,302,250,300,273,243,276,291,261,139
655,228,73,244,121,216,144,191,186,199,178,284,134,275,154,222,168,230,246,254,302,251,298,274,243,271,294,260,138
656,227,74,244,121,217,143,190,187,197,179,284,134,274,155,222,165,229,250,251,303,184,304,274,246,274,293,265,138
657,228,74,244,122,217,142,191,185,198,177,283,134,272,155,224,164,227,244,242,313,239,374,272,237,283,302,303,355
658,227,73,244,121,216,143,191,186,195,180,283,133,275,153,224,164,229,248,252,302,249,300,273,243,275,291,262,138
659,227,75,244,121,216,143,192,186,197,178,283,134,262,156,223,165,229,246,251,301,185,302,273,242,270,292,255,135
660,227,73,243,121,216,143,191,185,196,182,283,133,272,153,225,166,228,250,250,301,251,302,274,244,268,291,258,139
661,226,73,243,121,215,144,190,186,194,187,282,133,271,153,223,169,230,248,251,301,247,301,273,244,268,290,256,137
662,226,73,243,121,215,145,190,187,193,191,283,133,271,154,221,172,227,244,248,300,250,303,273,236,274,287,260,141
663,225,73,243,121,216,145,191,186,189,192,282,134,268,155,222,171,228,244,249,299,253,297,274,237,273,289,255,138
664,226,74,243,122,216,143,190,184,196,183,282,134,271,155,224,168,229,250,251,301,255,301,276,245,252,295,259,139
665,224,74,243,121,217,142,190,183,198,181,281,134,269,157,223,168,229,247,251,303,251,301,273,242,267,294,246,300
666,224,74,243,122,216,144,192,184,200,181,281,134,270,156,223,169,228,247,249,301,260,297,275,239,275,289,256,139
667,224,74,243,122,216,144,191,184,198,182,281,134,268,156,223,170,227,244,256,301,258,296,273,238,269,290,255,139
668,224,74,242,122,215,145,188,185,198,184,281,133,271,155,223,172,227,245,249,300,247,301,273,240,274,289,260,139
669,224,74,242,121,215,146,188,186,196,186,281,134,267,156,221,173,229,252,251,303,251,302,273,245,268,294,255,140
670,223,75,242,122,217,146,190,182,200,185,280,133,271,155,221,174,227,246,250,299,185,301,273,240,271,289,258,139
671,223,75,242,121,216,146,190,182,200,186,280,133,268,156,221,174,228,246,250,300,253,297,274,238,273,288,257,139
672,223,74,241,121,215,145,188,187,197,185,281,133,268,157,220,175,227,245,249,299,246,304,273,242,272,289,256,139
673,224,73,241,121,214,146,187,188,200,189,280,133,269,155,221,175,228,246,250,299,248,301,274,242,272,288,255,138
674,222,74,241,121,214,146,187,188,200,188,281,132,267,154,219,178,229,248,250,300,250,301,273,243,273,289,254,138
675,222,75,240,122,214,147,187,190,197,191,280,133,260,156,216,180,229,245,250,298,252,297,272,239,273,287,254,137
676,222,75,240,121,214,147,185,190,194,189,280,133,255,158,209,185,227,245,247,304,252,296,272,237,273,291,244,294
677,220,75,240,121,213,146,186,189,194,192,280,133,256,160,211,185,228,245,249,299,247,304,271,238,272,287,251,139
678,221,75,240,121,214,145,188,187,191,194,280,133,261,156,212,184,229,243,252,299,255,296,273,236,272,288,251,139
679,219,75,240,122,213,146,186,188,194,192,279,132,257,159,209,186,228,242,244,301,251,295,272,235,276,287,250,139
680,219,75,240,121,213,146,186,188,191,195,279,132,252,162,207,187,227,242,242,311,245,305,272,235,279,295,282,311
681,220,74,239,121,213,147,186,188,192,196,278,132,255,160,209,185,228,249,249,300,245,305,273,245,273,290,251,138
682,220,75,238,121,212,148,186,191,190,194,278,133,251,161,209,186,227,247,248,300,249,301,271,242,272,289,251,139
683,219,76,239,122,213,148,186,190,191,194,278,133,250,161,205,189,227,250,251,302,251,301,271,246,268,294,241,298
684,218,77,240,122,214,147,187,188,190,195,277,133,250,162,203,190,227,248,257,301,188,189,271,243,268,292,240,296
685,218,76,239,122,213,149,186,190,190,196,277,133,249,163,203,189,227,249,250,301,250,302,272,244,272,292,247,298
686,217,76,238,122,212,149,185,191,189,197,277,133,249,162,204,189,226,249,249,301,250,302,272,244,272,291,245,298
687,217,75,236,121,210,149,184,192,189,199,276,132,250,164,201,190,227,249,248,300,250,303,272,244,272,291,202,188
688,216,76,236,122,211,148,186,185,188,196,275,133,253,166,202,190,227,249,251,302,253,300,274,245,272,293,203,189
689,217,75,235,122,208,150,181,194,188,192,274,132,266,163,203,189,229,253,250,303,253,305,275,248,272,296,250,140
690,216,74,235,121,209,149,186,184,182,200,274,132,269,165,205,190,226,253,250,303,184,187,271,249,267,296,204,189
691,216,74,235,122,207,150,185,187,174,210,274,133,275,169,213,188,226,254,251,304,246,311,272,251,267,297,210,189
692,218,74,234,121,206,150,186,187,176,211,274,132,278,171,217,191,228,255,247,304,247,309,273,251,248,299,246,301
693,216,74,234,121,207,149,187,188,175,214,274,133,284,175,219,194,229,256,247,308,249,310,272,254,286,310,246,307
694,216,75,233,122,206,151,187,188,173,216,274,133,290,179,225,198,228,255,246,304,245,313,274,255,252,302,244,302
695,217,75,233,122,204,151,186,191,174,219,274,134,294,181,231,205,230,255,246,302,247,313,273,254,255,302,247,305
696,216,74,232,122,204,150,188,188,176,211,273,134,298,182,239,208,229,254,243,300,243,312,275,251,253,299,246,303
697,215,79,229,125,198,154,176,197,149,235,274,135,294,195,307,244,231,261,240,327,234,359,276,256,282,321,287,358
698,216,79,230,126,199,154,175,198,148,237,274,136,293,194,306,242,230,262,241,323,239,356,276,256,281,318,284,358
699,217,80,229,126,197,156,174,201,147,239,274,135,293,195,305,243,233,261,242,322,241,356,277,253,283,316,284,358
700,215,79,229,125,197,156,174,201,147,240,273,135,292,195,304,243,231,263,240,326,234,359,276,256,281,320,285,357
701,216,80,228,126,196,157,174,202,147,240,273,136,293,197,304,246,232,262,240,327,236,361,277,257,282,321,278,359
702,214,79,228,126,196,157,174,202,148,241,273,135,293,196,303,246,232,263,241,325,237,360,278,257,283,319,280,356
703,214,79,227,126,196,157,174,203,148,241,273,135,292,195,303,245,232,261,241,324,238,357,277,255,282,319,284,357
704,214,79,227,125,196,157,175,203,149,242,272,135,291,195,304,244,233,260,244,322,243,356,278,253,283,318,286,359
705,214,80,228,126,197,157,175,204,150,243,272,135,291,195,304,242,233,260,243,326,240,357,277,254,283,321,290,358
706,214,80,227,126,196,157,175,204,150,243,272,135,291,195,303,242,233,261,243,325,240,357,277,254,283,321,284,359
707,214,80,228,127,195,158,174,204,150,242,271,135,291,192,303,238,231,262,244,322,243,356,278,255,283,317,288,356
708,213,80,228,127,196,157,173,205,150,242,271,135,291,192,302,240,231,262,243,326,239,359,277,255,284,319,284,357
709,214,81,228,127,196,157,174,203,149,244,272,136,292,197,303,243,232,261,244,325,240,357,278,254,284,320,288,359
710,214,81,227,127,195,158,174,204,150,245,272,135,290,194,303,246,233,260,242,324,238,355,276,254,283,319,285,357
711,215,81,229,128,196,157,174,205,149,246,271,135,291,195,303,243,232,262,244,328,236,358,276,256,286,320,305,355
712,216,80,229,127,197,156,174,205,147,248,271,135,291,195,303,243,232,263,248,329,240,321,276,256,288,317,302,243
713,216,80,229,127,197,156,174,204,148,247,271,135,291,193,302,243,232,262,243,323,238,356,277,254,284,317,286,357
714,218,80,230,127,197,156,174,204,148,247,272,135,292,196,302,244,231,262,245,327,237,358,275,255,285,318,302,354
715,219,80,230,127,197,156,174,204,147,248,271,135,292,196,302,245,231,262,243,321,240,354,276,254,283,316,284,357
716,220,79,230,127,198,155,174,203,147,248,272,135,292,196,302,245,232,263,244,311,156,240,276,257,290,310,302,245
717,220,81,230,127,197,156,174,204,145,249,272,136,291,194,301,243,232,262,243,325,238,358,277,255,285,318,286,356
718,221,81,231,128,197,156,174,203,146,247,273,135,292,196,302,244,232,263,249,311,155,238,277,256,289,308,301,244
719,222,83,232,129,197,156,174,202,147,245,273,135,291,193,302,242,232,261,242,326,235,357,277,254,284,317,285,356
720,224,82,232,129,198,155,173,203,146,246,273,135,291,193,302,242,233,262,245,329,234,358,277,255,286,319,277,354
721,226,80,233,128,199,154,173,203,144,249,273,136,291,193,301,244,232,262,242,325,238,358,277,254,284,318,286,356
722,226,81,233,128,199,154,174,201,143,249,273,136,291,194,302,246,232,262,243,325,239,357,276,255,284,319,286,356
723,227,82,234,129,199,154,174,201,146,244,274,135,291,193,302,243,232,261,243,327,235,358,277,254,285,319,298,356
724,229,80,235,128,200,153,174,201,144,247,274,136,292,195,302,245,233,262,246,324,241,358,278,255,286,316,288,356
725,230,83,236,129,200,153,174,201,143,247,274,136,292,196,302,245,233,262,245,328,237,358,277,255,286,318,288,357
726,231,80,236,128,200,153,174,202,144,247,275,136,292,196,303,244,234,261,245,326,239,357,277,254,286,317,288,356
727,232,80,237,128,201,151,175,201,143,247,275,136,292,196,303,243,233,261,245,322,243,357,277,253,286,315,289,356
728,232,80,237,127,201,151,174,201,142,248,276,136,291,194,303,243,233,263,247,325,238,356,278,254,287,317,297,356
729,235,78,237,126,202,152,174,200,144,245,276,137,291,194,301,242,233,261,245,322,242,356,277,252,284,316,288,357
730,237,78,238,125,203,151,175,199,142,246,277,137,292,198,302,245,232,263,248,316,250,315,277,255,288,309,302,244
731,239,75,238,123,203,152,176,198,143,244,277,137,291,194,301,241,234,260,247,323,235,355,276,253,286,316,307,355
732,240,74,240,122,203,151,177,198,142,245,277,137,291,194,302,244,233,262,249,308,154,235,276,257,274,300,301,244
733,251,68,244,117,205,149,178,196,148,236,279,137,292,196,303,244,234,262,252,308,163,233,276,258,264,301,302,244
734,251,67,245,116,206,148,179,194,148,236,280,138,292,196,304,248,233,262,250,307,163,233,276,258,274,298,303,248
735,251,66,246,117,207,149,180,195,148,236,282,138,293,199,303,248,235,261,249,309,163,233,278,257,275,300,302,248
736,252,66,247,116,206,148,182,195,147,237,282,138,293,199,303,248,233,261,247,308,161,234,278,257,278,299,302,248
737,253,66,248,116,209,148,182,197,148,236,282,138,294,199,304,248,233,262,245,307,160,234,278,258,277,301,304,248
738,253,65,247,116,208,146,184,196,151,235,283,138,293,196,304,245,235,261,249,306,164,234,278,257,276,300,303,245
739,252,66,248,115,209,148,184,196,153,235,283,138,295,198,305,247,235,260,252,307,161,224,278,258,258,303,305,246
740,252,65,249,115,209,148,186,196,153,235,284,138,296,198,305,245,235,261,251,307,162,222,278,258,273,301,305,245
741,254,65,249,115,209,148,187,197,156,235,285,137,296,194,305,247,234,261,246,306,168,234,278,256,279,300,305,247
742,253,65,249,114,209,147,188,197,155,237,285,137,295,195,304,247,235,260,252,306,169,237,279,256,280,298,304,247
743,253,65,248,114,208,147,189,197,159,236,286,138,296,195,305,244,233,261,251,308,174,232,278,256,278,299,304,244
744,252,65,248,114,208,147,190,198,159,239,285,138,295,196,304,244,232,262,251,309,173,237,278,257,277,301,303,244
745,251,65,248,115,208,148,190,198,161,241,286,139,295,196,304,244,234,261,250,309,171,231,277,258,276,303,303,244
746,252,65,247,115,208,147,191,200,165,244,285,138,295,196,304,239,232,261,249,309,173,231,278,257,279,299,303,239
747,251,66,248,115,209,147,190,202,168,246,285,139,294,198,305,247,232,261,247,308,179,237,277,256,277,299,303,245
748,251,66,247,115,208,147,191,205,168,252,285,139,293,199,304,248,231,261,249,308,179,244,277,257,277,300,304,248
749,250,66,247,116,208,148,192,207,175,253,283,138,293,196,303,246,231,258,250,306,183,243,276,256,275,300,303,245
750,250,66,247,116,208,147,194,205,182,249,283,139,292,198,303,244,232,258,247,305,191,243,276,256,271,302,303,243
751,250,66,246,116,208,147,196,202,187,246,283,138,292,198,302,245,232,258,248,305,246,312,275,255,273,297,301,246
752,250,67,246,116,208,147,198,202,191,245,283,138,291,196,302,245,232,258,251,304,245,311,276,253,273,299,300,246
753,250,66,246,116,208,147,200,203,194,246,283,138,292,198,301,243,233,258,248,305,243,309,277,253,279,299,300,242
754,250,66,246,115,208,148,201,204,195,249,283,138,292,198,301,243,233,258,254,306,249,307,275,253,275,301,300,243
755,249,67,246,116,208,147,202,203,199,247,284,138,292,196,301,243,232,259,248,307,249,309,276,256,254,302,300,243
756,249,66,246,116,208,148,205,204,203,249,285,138,293,197,301,243,233,257,244,321,231,368,274,254,280,316,265,324
757,249,68,247,117,209,148,206,207,206,252,285,139,294,199,302,244,233,252,244,311,244,371,274,247,279,305,289,354
758,250,66,248,117,210,148,208,203,207,251,286,138,295,199,302,246,235,256,248,306,249,306,275,252,279,302,300,246
759,251,67,249,117,211,148,210,201,209,250,286,139,297,202,302,250,236,255,244,323,241,312,276,253,283,320,269,329
760,252,67,250,117,212,148,211,201,211,251,287,139,297,199,302,249,236,250,243,313,239,372,277,247,282,310,278,352
761,252,67,251,118,214,148,211,201,212,251,289,138,299,201,305,244,237,252,244,317,241,355,278,250,281,315,281,355
762,257,67,255,118,218,147,213,203,214,248,290,138,301,201,308,243,240,252,247,312,246,355,282,248,285,311,292,354
763,258,67,256,118,220,146,213,203,215,247,292,138,302,201,308,243,241,254,246,316,244,311,282,252,285,314,271,321
764,260,67,257,117,220,148,213,203,215,247,292,138,302,199,310,242,241,250,248,313,248,354,284,247,287,311,296,355
765,261,67,259,117,222,149,215,205,215,248,293,138,303,197,310,244,243,249,250,309,249,350,286,244,288,307,295,352
766,262,67,259,117,223,147,216,203,216,246,294,138,305,195,312,237,244,245,251,300,268,355,284,242,286,296,276,282
767,263,67,261,118,224,147,217,203,217,244,295,137,305,192,312,237,245,243,250,305,251,348,286,241,287,302,295,351
768,264,68,261,118,226,146,219,202,219,243,297,138,307,194,314,239,246,242,250,301,255,351,284,240,287,297,296,351
