1,2,447,304,566,439,1.0000,-0.0000,-0.0000,1.0000,10.0001,10.0001,
2,2,447,304,566,439,0.9993,-0.0011,-0.0009,0.9998,10.1159,10.0523,
3,2,447,304,566,439,0.9993,0.0016,0.0010,0.9998,9.9195,9.9186,
4,2,447,304,566,439,1.0004,0.0003,-0.0002,1.0008,9.9704,10.0163,
5,2,447,304,566,439,1.0032,-0.0001,-0.0003,0.9993,9.8315,10.0896,
6,2,447,304,566,439,0.9998,-0.0005,0.0064,0.9992,10.0013,9.6063,
7,2,447,304,566,439,1.0035,-0.0002,0.0025,0.9978,9.8262,9.9490,
8,2,447,304,566,439,1.0018,-0.0034,-0.0031,1.0002,10.1652,10.1677,
9,2,447,304,566,439,0.9970,-0.0005,-0.0010,0.9983,10.1867,10.1929,
10,2,447,304,566,439,0.9999,0.0008,0.0011,0.9979,9.9647,10.0773,
11,2,447,304,566,439,0.9993,-0.0020,-0.0020,1.0016,10.1492,10.0288,
12,2,447,304,566,439,1.0001,0.0011,-0.0002,0.9997,9.9212,10.0081,
13,2,447,304,566,439,0.9993,0.0007,0.0053,1.0040,9.9929,9.4229,
14,2,447,304,566,439,1.0016,-0.0001,0.0001,0.9991,9.9224,10.0988,
15,2,447,304,566,439,1.0002,-0.0003,-0.0008,1.0014,10.0196,9.9523,
16,2,447,304,566,439,0.9986,0.0030,-0.0000,0.9999,9.8287,10.0103,
17,2,447,304,566,439,1.0036,-0.0018,-0.0008,1.0008,9.9020,9.9873,
18,2,447,304,566,439,0.9998,0.0022,-0.0012,0.9993,9.7540,10.1128,
19,2,447,304,566,439,0.9990,-0.0018,0.0036,0.9990,10.2902,9.8254,
20,2,447,304,566,439,1.0011,-0.0001,-0.0016,0.9964,9.8966,10.4381,
21,2,447,304,566,439,0.9977,0.0050,0.0003,1.0015,9.6463,9.8832,
22,2,447,304,566,439,1.0029,-0.0025,0.0064,0.9965,9.9867,9.8479,
23,2,447,304,566,439,1.0032,0.0001,0.0036,0.9979,9.8280,9.8807,
24,2,447,304,566,439,0.9984,-0.0042,0.0077,0.9964,10.4482,9.8377,
25,2,447,304,566,439,0.9993,-0.0002,0.0062,1.0032,10.1607,9.3448,
26,2,447,304,566,439,1.0017,0.0004,-0.0006,1.0009,9.8004,9.9415,
27,2,447,304,566,439,1.0002,0.0001,0.0001,0.9986,9.9818,10.0644,
28,2,447,304,566,439,1.0003,-0.0008,-0.0016,1.0004,10.0357,10.1310,
29,2,447,304,566,439,1.0014,-0.0003,0.0003,0.9991,9.9728,10.0252,
30,2,447,304,566,439,0.9984,0.0012,0.0024,0.9995,10.0591,9.8818,
31,2,447,304,566,439,1.0000,-0.0020,-0.0036,1.0001,10.1179,10.2696,
32,2,447,304,566,439,0.9984,0.0026,0.0017,1.0006,9.8900,9.8842,
33,2,447,304,566,439,0.9974,-0.0011,0.0011,1.0003,10.2562,9.9236,
34,2,447,304,566,439,1.0006,-0.0033,-0.0010,1.0008,10.1637,9.9866,
35,2,447,304,566,439,0.9982,-0.0008,-0.0030,0.9976,10.2173,10.4368,
36,2,447,304,566,439,0.9998,0.0026,0.0023,0.9995,9.7214,9.8662,
37,2,447,304,566,439,1.0000,-0.0004,0.0002,1.0001,10.0615,9.9952,
38,2,447,304,566,439,1.0011,0.0001,-0.0003,0.9993,9.8927,10.0661,
39,2,447,304,566,439,0.9960,-0.0013,0.0011,0.9999,10.3449,10.0068,
40,2,447,304,566,439,1.0013,0.0001,-0.0003,0.9995,9.9075,10.0243,
41,2,447,304,566,439,0.9988,0.0002,0.0004,0.9994,10.0501,9.9835,
42,2,447,304,566,439,1.0020,-0.0022,0.0029,1.0016,10.1245,9.7120,
43,2,447,304,566,439,1.0005,0.0008,0.0032,0.9996,9.8640,9.7840,
44,2,447,304,566,439,1.0011,0.0040,0.0027,1.0013,9.6000,9.7315,
45,2,447,304,566,439,0.9963,0.0000,-0.0000,1.0002,10.2537,9.9636,
46,2,447,304,566,439,0.9996,0.0011,0.0004,0.9984,9.9658,10.1561,
47,2,447,304,566,439,0.9989,0.0001,0.0032,1.0021,9.9946,9.5448,
48,2,447,304,566,439,0.9979,-0.0016,-0.0007,1.0001,10.2970,10.0129,
49,2,447,304,566,439,1.0023,-0.0005,-0.0019,1.0016,9.8349,10.0364,
50,2,447,304,566,439,0.9969,0.0020,-0.0008,0.9993,10.1355,10.0688,
51,2,447,304,566,439,1.0017,-0.0007,0.0014,0.9999,9.8952,9.9530,
52,2,447,304,566,439,0.9977,0.0004,-0.0066,1.0016,10.1450,10.3213,
53,2,447,304,566,439,1.0025,-0.0004,0.0015,0.9987,9.8013,9.9287,
54,2,447,304,566,439,1.0010,-0.0024,-0.0011,1.0018,10.1333,9.9584,
55,2,447,304,566,439,0.9998,-0.0002,-0.0048,1.0008,10.1307,10.2365,
56,2,447,304,566,439,1.0006,0.0010,0.0004,0.9992,9.8748,10.0666,
57,2,447,304,566,439,1.0013,0.0015,0.0003,1.0005,9.8482,9.9900,
58,2,447,304,566,439,1.0023,0.0025,0.0005,0.9993,9.7610,9.9750,
59,2,447,304,566,439,0.9984,-0.0013,-0.0032,1.0002,10.1802,10.2009,
60,2,447,304,566,439,1.0025,0.0009,-0.0020,1.0015,9.7995,10.0146,
61,2,447,304,566,439,1.0004,0.0032,-0.0019,0.9968,9.7683,10.3574,
62,2,447,304,566,439,0.9980,0.0024,-0.0023,1.0006,9.9537,10.1140,
63,2,447,304,566,439,0.9983,-0.0024,0.0010,1.0002,10.2928,9.9258,
64,2,447,304,566,439,1.0005,-0.0003,0.0073,1.0012,9.9778,9.3916,
65,2,447,304,566,439,1.0004,0.0021,-0.0067,0.9976,9.7915,10.6634,
66,2,447,304,566,439,1.0009,-0.0039,0.0039,0.9981,10.2616,9.9291,
67,2,447,304,566,439,0.9995,0.0019,-0.0018,1.0018,9.9189,9.9643,
68,2,447,304,566,439,1.0010,-0.0038,0.0002,0.9983,10.2423,10.1403,
69,2,447,304,566,439,1.0001,-0.0004,-0.0002,0.9997,10.0527,10.0574,
70,2,447,304,566,439,1.0005,-0.0017,-0.0015,1.0000,10.0965,10.0833,
71,2,447,304,566,439,0.9991,0.0013,-0.0012,1.0001,9.9257,10.0955,
72,2,447,304,566,439,1.0015,-0.0013,-0.0006,1.0009,9.9849,10.0382,
73,2,447,304,566,439,1.0009,0.0008,-0.0002,1.0006,9.8716,9.9422,
74,2,447,304,566,439,1.0011,0.0058,-0.0019,0.9998,9.3884,10.1894,
75,2,447,304,566,439,1.0029,-0.0019,0.0035,0.9983,10.0393,9.8463,
76,2,447,304,566,439,0.9984,0.0028,0.0054,0.9974,9.8858,9.7356,
77,2,447,304,566,439,1.0005,0.0002,-0.0016,1.0027,9.9553,9.9188,
78,2,447,304,566,439,1.0025,0.0031,-0.0025,0.9990,9.5993,10.2005,
79,2,447,304,566,439,1.0022,0.0001,-0.0033,0.9997,9.8151,10.2014,
80,2,447,304,566,439,1.0007,-0.0011,0.0044,0.9991,10.0622,9.7242,
81,2,447,304,566,439,0.9991,0.0027,-0.0032,1.0018,9.8367,10.1153,
82,2,447,304,566,439,0.9986,-0.0015,0.0019,0.9995,10.2311,9.8996,
83,2,447,304,566,439,1.0016,0.0019,-0.0007,1.0003,9.7515,9.9804,
84,2,447,304,566,439,1.0027,-0.0013,-0.0000,1.0000,10.0013,9.9694,
85,2,447,304,566,439,1.0043,-0.0017,0.0027,0.9956,9.8376,10.0538,
86,2,447,304,566,439,0.9991,0.0012,-0.0011,1.0006,10.0491,10.0534,
87,2,447,304,566,439,0.9991,-0.0008,0.0006,0.9999,10.0731,9.9863,
88,2,447,304,566,439,1.0005,0.0023,-0.0003,0.9997,9.8161,10.0555,
89,2,447,304,566,439,0.9983,-0.0002,-0.0013,1.0003,10.0070,10.0007,
90,2,447,304,566,439,1.0012,-0.0005,0.0009,0.9986,10.0849,10.0231,
91,2,447,304,566,439,1.0020,0.0008,-0.0026,1.0004,9.7794,10.1720,
92,2,447,304,566,439,1.0003,-0.0008,-0.0004,1.0003,10.0808,10.0117,
93,2,447,304,566,439,0.9980,-0.0009,0.0001,1.0005,10.1430,10.0127,
94,2,447,304,566,439,0.9991,-0.0005,0.0005,0.9995,10.1111,10.0044,
95,2,447,304,566,439,0.9986,0.0017,-0.0020,1.0002,9.9296,10.1244,
96,2,447,304,566,439,1.0024,-0.0020,0.0034,0.9960,9.9999,10.0667,
97,2,447,304,566,439,1.0006,-0.0003,0.0025,1.0001,9.9557,9.8412,
98,2,447,304,566,439,0.9972,0.0001,0.0000,1.0007,10.1401,9.9493,
99,2,447,304,566,439,1.0026,0.0012,-0.0018,0.9992,9.7884,10.0881,
100,2,447,304,566,439,0.9987,-0.0030,-0.0007,1.0001,10.3000,10.0767,
101,2,447,304,566,439,1.0001,-0.0002,0.0022,0.9974,9.9913,10.0163,
102,2,447,304,566,439,0.9997,-0.0007,-0.0001,1.0016,10.0547,9.8329,
103,2,447,304,566,439,0.9999,-0.0004,0.0001,0.9993,10.0187,10.0923,
104,2,447,304,566,439,1.0009,0.0001,-0.0009,1.0015,9.9207,9.9331,
105,2,447,304,566,439,0.9975,0.0000,0.0021,0.9999,10.1499,9.8753,
106,2,447,304,566,439,0.9983,-0.0008,-0.0003,1.0002,10.1387,9.9856,
107,2,447,304,566,439,1.0007,0.0006,-0.0008,0.9989,9.9409,10.1302,
108,2,447,304,566,439,0.9998,-0.0035,0.0030,1.0002,10.3272,9.7756,
109,2,447,304,566,439,1.0011,0.0040,-0.0047,1.0011,9.6326,10.2325,
110,2,447,304,566,439,0.9997,0.0003,0.0026,0.9994,10.0654,9.9281,
111,2,447,304,566,439,0.9976,-0.0044,-0.0020,0.9987,10.4208,10.1883,
112,2,447,304,566,439,0.9992,0.0018,-0.0003,0.9993,9.8972,10.0550,
113,2,447,304,566,439,1.0001,0.0014,-0.0024,1.0001,9.8821,10.1865,
114,2,447,304,566,439,0.9989,-0.0014,-0.0004,1.0003,10.2364,9.9425,
115,2,447,304,566,439,1.0042,0.0035,0.0040,1.0029,9.5223,9.6335,
116,2,447,304,566,439,1.0005,-0.0006,0.0011,0.9994,9.9837,9.9734,
117,2,447,304,566,439,1.0004,0.0012,0.0001,1.0001,9.8911,9.9747,
118,2,447,304,566,439,0.9993,-0.0021,0.0011,0.9990,10.2235,10.0303,
119,2,447,304,566,439,1.0018,-0.0013,0.0000,1.0002,10.0131,9.9497,
120,2,447,304,566,439,0.9987,-0.0014,-0.0092,0.9981,10.2062,10.7888,
121,2,447,304,566,439,1.0000,-0.0008,0.0010,0.9998,10.0838,9.9255,
122,2,447,304,566,439,0.9999,0.0010,0.0001,0.9995,9.8910,10.0221,
123,2,447,304,566,439,0.9989,-0.0008,-0.0008,0.9996,10.1484,10.1058,
124,2,447,304,566,439,1.0024,0.0003,-0.0018,1.0003,9.8962,10.1024,
125,2,447,304,566,439,0.9994,-0.0008,-0.0052,1.0034,10.1877,10.0762,
126,2,447,304,566,439,1.0011,-0.0030,0.0045,0.9970,10.1008,9.9198,
127,2,447,304,566,439,1.0002,0.0012,0.0019,1.0008,9.9431,9.7652,
128,2,447,304,566,439,0.9998,-0.0005,0.0013,0.9993,9.9784,10.0296,
129,2,447,304,566,439,1.0035,0.0027,0.0025,1.0057,9.6295,9.5411,
130,2,447,304,566,439,0.9993,0.0008,0.0022,1.0011,9.9762,9.7607,
131,2,447,304,566,439,0.9979,-0.0010,-0.0008,1.0009,10.1664,9.9383,
132,2,447,304,566,439,0.9994,-0.0015,-0.0003,0.9998,10.1471,10.0847,
133,2,447,304,566,439,1.0019,0.0008,0.0018,0.9982,9.8611,10.0788,
134,2,447,304,566,439,1.0005,-0.0018,-0.0012,1.0015,10.1485,9.9329,
135,2,447,304,566,439,0.9986,-0.0015,0.0015,0.9992,10.2246,9.9581,
136,2,447,304,566,439,0.9990,-0.0025,0.0050,1.0048,10.2368,9.2481,
137,2,447,304,566,439,1.0001,0.0017,-0.0003,0.9973,9.8235,10.3054,
138,2,447,304,566,439,1.0002,0.0020,-0.0014,1.0005,9.8802,10.0348,
139,2,447,304,566,439,0.9984,-0.0003,0.0021,1.0012,10.1362,9.7925,
140,2,447,304,566,439,1.0015,0.0017,-0.0022,0.9988,9.7569,10.2393,
141,2,447,304,566,439,0.9998,-0.0034,-0.0002,1.0010,10.2991,9.9735,
142,2,447,304,566,439,0.9988,0.0024,0.0033,0.9992,9.8077,9.8459,
143,2,447,304,566,439,1.0004,-0.0021,0.0010,1.0003,10.1749,9.9033,
144,2,447,304,566,439,1.0012,-0.0014,-0.0015,0.9994,10.0016,10.1583,
145,2,447,304,566,439,1.0009,0.0003,-0.0007,0.9990,9.9266,10.1466,
146,2,447,304,566,439,0.9976,-0.0003,0.0004,0.9982,10.0962,10.1283,
147,2,447,304,566,439,0.9987,-0.0028,-0.0007,1.0015,10.2569,9.8914,
148,2,447,304,566,439,1.0002,0.0004,-0.0004,1.0011,9.9246,9.9480,
149,2,447,304,566,439,1.0000,0.0002,0.0040,0.9992,9.9654,9.7743,
150,2,447,304,566,439,0.9984,-0.0019,0.0005,0.9998,10.2434,9.9291,
151,2,447,304,566,439,0.9978,-0.0018,-0.0024,0.9994,10.2702,10.2362,
152,2,447,304,566,439,0.9985,-0.0035,0.0028,0.9975,10.3037,10.0995,
153,2,447,304,566,439,0.9915,-0.0134,0.0001,1.0015,11.7053,9.8966,
154,2,447,304,566,439,0.9909,-0.0087,-0.0016,0.9995,11.3316,10.0917,
155,2,447,304,566,439,0.9891,-0.0146,0.0039,1.0026,11.8757,9.6012,
156,2,447,304,566,439,0.9946,-0.0078,0.0075,0.9965,10.9889,9.8990,
157,2,447,304,566,439,0.9943,-0.0084,0.0008,1.0011,10.9937,9.8690,
158,2,447,304,566,439,1.0008,-0.0004,0.0002,1.0007,9.9322,9.9297,
159,2,447,304,566,439,0.9984,-0.0031,-0.0009,0.9991,10.3948,10.1143,
160,2,447,304,566,439,1.0010,0.0000,-0.0003,0.9976,9.8596,10.1669,
161,2,447,304,566,439,0.9999,0.0021,-0.0032,0.9998,9.8251,10.2771,
162,2,447,304,566,439,1.0030,-0.0069,-0.0033,0.9994,10.4178,10.2729,
163,2,447,304,566,439,1.0023,-0.0021,0.0028,0.9991,10.0410,9.9195,
164,2,447,304,566,439,0.9980,0.0012,0.0004,1.0004,9.9954,9.9155,
165,2,447,304,566,439,0.9998,-0.0006,-0.0020,0.9979,10.1237,10.3182,
166,2,447,304,566,439,0.9981,0.0014,-0.0006,0.9983,10.0513,10.1588,
167,2,447,304,566,439,0.9999,-0.0008,-0.0009,1.0005,9.9957,10.0053,
168,2,447,304,566,439,1.0007,0.0010,0.0002,0.9985,9.8672,10.1083,
169,2,447,304,566,439,1.0008,-0.0000,0.0039,0.9979,10.0802,9.9051,
170,2,447,304,566,439,1.0026,0.0005,0.0035,0.9994,9.7955,9.9326,
171,2,452,303,569,442,1.0000,-0.0000,-0.0000,1.0000,10.0000,10.0000,
172,2,452,303,569,442,0.9993,-0.0031,0.0092,0.9949,10.1429,9.8339,
173,2,452,303,569,442,0.9994,0.0035,0.0046,0.9976,9.8540,10.0241,
174,2,452,303,569,442,1.0016,-0.0067,-0.0005,0.9941,10.6418,10.7869,
175,2,452,303,569,442,0.9988,-0.0036,-0.0004,0.9961,10.5042,10.6507,
176,2,452,303,569,442,0.9932,0.0113,-0.0086,1.0011,8.8351,10.0055,
177,2,452,303,569,442,0.9984,0.0162,0.0043,1.0064,8.1576,8.1432,
178,2,452,303,569,442,0.9993,0.0102,-0.0107,1.0020,9.1237,9.8817,
179,2,452,303,569,442,0.9971,0.0160,-0.0105,1.0012,8.9058,9.8724,
180,2,449,300,567,442,0.9932,0.0119,-0.0071,1.0110,10.1454,8.9589,
181,2,449,300,567,442,0.9954,0.0195,-0.0153,1.0045,9.4588,9.8223,
182,2,451,300,568,442,0.9946,0.0206,-0.0222,0.9999,9.8305,10.5070,
183,2,452,299,570,441,1.0016,0.0272,-0.0244,1.0013,9.0471,10.2560,
184,2,453,298,572,440,1.0042,0.0288,-0.0245,1.0004,8.6276,10.0030,
185,2,454,297,574,439,1.0089,0.0376,-0.0258,1.0000,7.4413,9.8583,
186,2,454,296,576,438,1.0095,0.0422,-0.0274,0.9990,6.9150,9.9152,
187,2,455,295,578,437,1.0085,0.0381,-0.0280,0.9999,7.3489,9.8173,
188,2,456,294,579,435,1.0065,0.0261,-0.0092,0.9971,8.2973,8.5807,
189,2,457,292,580,433,1.0017,0.0274,-0.0163,1.0013,8.7005,8.4749,
190,2,439,278,613,421,0.9971,0.0163,-0.0153,0.9973,9.7396,8.6591,
191,2,437,275,613,422,0.9990,0.0179,-0.0162,0.9951,9.3519,8.7686,
192,2,447,271,604,416,0.9977,0.0132,-0.0147,0.9996,9.9210,8.3427,
193,2,448,268,605,413,0.9999,0.0181,-0.0238,0.9985,9.2658,8.5457,
194,2,450,265,606,410,0.9952,0.0117,-0.0042,1.0023,10.1675,6.6794,
195,2,451,262,607,407,1.0002,0.0199,-0.0101,1.0029,9.0466,6.8313,
196,2,452,259,609,403,1.0060,0.0203,-0.0041,0.9933,8.6694,7.0056,
197,2,453,255,609,400,0.9928,0.0228,-0.0054,1.0088,9.1851,6.1012,
198,2,455,251,609,397,0.9914,0.0223,-0.0212,1.0075,9.4860,7.0570,
199,2,455,247,610,394,1.0014,0.0349,-0.0317,1.0033,7.4173,8.0897,
200,2,440,242,613,405,1.0005,0.0248,-0.0238,1.0054,7.9598,7.5572,
201,2,451,238,616,390,1.0056,0.0297,-0.0276,1.0120,6.8040,7.7694,
202,2,445,235,614,386,1.0122,0.0644,-0.0582,0.9944,2.6491,7.0758,
203,2,445,238,604,375,1.0058,0.0304,-0.0233,1.0003,6.3288,7.9075,
204,2,440,228,597,366,0.9971,0.0760,-0.0665,0.9942,2.4602,7.4519,
205,2,440,225,595,363,0.9908,0.0396,-0.0329,1.0010,6.3383,8.6257,
206,2,446,139,448,358,-0.0118,0.0214,0.4531,1.5813,16.7393,-112.0378,
207,2,336,245,497,349,1.0000,-0.0000,-0.0000,1.0000,10.0000,10.0000,
208,2,335,247,497,351,1.0076,0.0488,-0.0333,0.9943,5.8533,14.5291,
209,2,334,249,497,353,1.0036,0.0413,-0.0326,0.9989,6.7172,14.2233,
210,2,333,257,492,348,1.0077,0.0411,-0.0256,0.9911,6.4655,13.7042,
211,2,333,259,492,349,1.0021,0.0387,-0.0318,0.9945,7.2898,13.8583,
212,2,333,259,492,349,1.0040,0.0401,-0.0224,1.0007,7.0154,12.5872,
213,2,333,259,492,349,1.0031,0.0326,-0.0242,0.9987,7.1355,12.4643,
214,2,333,259,492,349,1.0021,0.0302,-0.0221,1.0015,7.0646,12.0548,
215,2,333,259,492,349,1.0025,0.0229,-0.0169,0.9978,7.0293,11.6175,
216,2,331,260,491,349,1.0033,0.0139,-0.0067,0.9979,7.2415,10.7004,
217,2,331,260,491,349,0.9995,0.0156,-0.0084,0.9989,7.3789,10.5685,
218,2,330,260,489,349,0.9993,0.0131,-0.0107,0.9988,7.5023,10.5741,
219,2,330,260,489,349,1.0007,0.0190,-0.0103,0.9973,7.3604,10.5260,
220,2,317,246,482,353,0.9996,0.0112,-0.0135,0.9980,7.9660,10.6927,
221,2,317,246,482,353,0.9998,0.0171,-0.0106,1.0046,7.5246,10.1915,
222,2,317,246,482,353,0.9956,0.0155,-0.0124,0.9915,7.9823,11.1162,
223,2,317,246,482,353,0.9960,0.0222,-0.0145,1.0013,7.7057,10.9249,
224,2,317,246,482,353,0.9979,0.0153,-0.0109,0.9941,7.6171,10.9934,
225,2,317,246,482,353,0.9976,0.0116,-0.0088,0.9995,7.8985,10.9544,
226,2,316,248,481,354,0.9972,0.0096,-0.0107,0.9943,8.0746,11.8893,
227,2,317,251,479,356,0.9862,0.0222,-0.0210,0.9904,8.8989,14.2648,
228,2,318,266,479,368,0.9966,0.0254,-0.0411,0.9732,8.7945,27.6325,
229,2,318,270,479,371,0.9985,0.0042,0.0007,0.9839,9.1777,13.6840,
230,2,310,266,470,370,1.0013,0.0123,0.0082,0.9970,7.8923,10.4769,
231,2,310,266,470,370,1.0008,0.0053,0.0069,1.0002,7.8197,8.7000,
232,2,308,264,468,368,0.9999,-0.0028,0.0061,0.9987,8.0546,7.4738,
233,2,307,261,466,366,0.9946,-0.0002,0.0033,1.0036,8.3745,6.4219,
234,2,306,258,465,364,0.9961,0.0044,-0.0036,1.0059,8.4293,7.0439,
235,2,306,258,465,364,0.9984,0.0104,-0.0136,1.0006,9.1490,9.4594,
236,2,308,259,467,365,0.9984,0.0255,-0.0299,1.0055,10.3139,12.5403,
237,2,312,261,471,368,0.9999,0.0211,-0.0409,1.0076,11.9759,14.9880,
238,2,315,264,474,371,0.9976,0.0165,-0.0264,1.0025,11.9367,14.6219,
239,2,316,266,476,372,1.0037,0.0083,-0.0110,0.9943,9.9719,12.1817,
240,2,309,251,456,378,1.0017,0.0167,0.0009,1.0066,7.6828,8.3821,
241,2,308,249,454,376,0.9960,0.0094,0.0137,1.0035,7.4627,6.1406,
242,2,307,246,452,374,0.9934,-0.0027,0.0137,1.0080,8.3387,5.6295,
243,2,306,244,451,373,0.9953,-0.0068,0.0150,1.0021,9.1611,6.7654,
244,2,306,244,451,373,1.0032,-0.0183,0.0139,0.9963,10.4146,8.7628,
245,2,306,244,451,373,1.0048,-0.0235,0.0051,1.0052,11.7420,9.9131,
246,2,308,245,452,375,0.9968,-0.0096,-0.0013,1.0057,12.0008,10.9223,
247,2,310,245,454,377,0.9988,-0.0215,0.0023,1.0173,12.8999,9.3339,
248,2,310,245,454,377,0.9991,-0.0050,-0.0026,1.0021,10.9806,9.7403,
249,2,310,243,454,377,0.9994,-0.0003,0.0030,1.0091,9.9292,7.6948,
250,2,305,237,455,366,1.0012,-0.0026,0.0062,1.0117,9.3592,6.3083,
251,2,305,234,454,364,0.9964,-0.0059,0.0079,1.0057,9.7769,5.8068,
252,2,305,232,453,362,0.9977,-0.0068,0.0125,1.0035,9.6302,6.1079,
253,2,305,232,453,362,1.0006,-0.0071,0.0117,1.0007,9.9892,7.9327,
254,2,305,232,453,362,0.9982,-0.0040,-0.0051,1.0015,10.8361,11.1445,
255,2,310,239,457,370,0.9933,0.0296,-0.0489,1.0076,12.4279,19.8441,
256,2,310,238,456,366,0.9952,0.1008,-0.0601,0.9793,2.3809,13.1267,
257,2,309,236,454,364,0.9956,-0.0051,0.0138,1.0015,8.7635,6.0468,
258,2,308,234,453,363,0.9941,-0.0172,0.0162,1.0031,10.0615,6.7683,
259,2,308,234,453,363,0.9989,-0.0189,0.0116,1.0034,10.7597,8.3351,
260,2,303,231,456,358,1.0039,-0.0131,0.0102,0.9958,10.7544,10.0446,
261,2,303,231,456,358,1.0012,-0.0117,-0.0022,1.0035,11.3370,10.7111,
262,2,303,231,456,358,0.9997,0.0017,-0.0037,0.9988,9.9975,10.1888,
263,2,303,231,456,358,0.9973,0.0036,-0.0035,1.0008,9.0663,8.6805,
264,2,302,230,454,356,0.9948,0.0096,-0.0021,0.9930,8.0962,8.4764,
265,2,302,230,454,356,0.9996,0.0051,0.0008,0.9987,8.7731,8.9961,
266,2,302,230,454,356,0.9905,-0.0051,-0.0034,1.0064,11.1039,10.3205,
267,2,303,231,455,358,0.9988,-0.0133,-0.0025,1.0017,11.6817,11.1902,
268,2,303,231,455,358,1.0010,-0.0033,0.0019,1.0016,10.4868,10.4301,
269,2,303,231,455,358,0.9998,0.0069,-0.0055,0.9965,9.2408,11.0679,
270,2,300,241,449,359,0.9972,0.0105,-0.0031,0.9998,9.0523,9.8848,
271,2,300,241,449,359,0.9960,0.0116,-0.0026,1.0005,9.1771,9.4760,
272,2,300,241,449,359,0.9996,-0.0032,-0.0007,1.0049,9.7577,9.0250,
273,2,300,241,449,359,0.9985,-0.0015,-0.0023,1.0048,9.7988,9.0584,
274,2,300,241,449,359,1.0013,-0.0056,0.0027,1.0034,9.8062,8.7313,
275,2,300,241,449,359,1.0042,-0.0181,0.0119,1.0006,10.3024,8.7909,
276,2,300,243,450,360,1.0056,-0.0166,0.0082,0.9948,10.6574,10.8672,
277,2,302,247,452,363,1.0011,-0.0215,0.0027,0.9904,12.2730,13.2703,
278,2,304,252,455,367,1.0084,-0.0141,0.0031,0.9898,12.5225,14.6432,
279,2,307,256,459,372,1.0052,-0.0018,-0.0059,1.0027,12.4142,14.3015,
280,2,305,258,455,370,0.9969,0.0167,-0.0083,0.9992,11.0928,13.0940,
281,2,306,260,456,371,1.0000,0.0053,0.0093,0.9924,10.3043,10.8363,
282,2,306,260,456,371,1.0002,0.0058,0.0150,0.9976,9.5967,9.2531,
283,2,306,260,456,371,1.0020,-0.0223,0.0274,0.9924,10.5604,8.1868,
284,2,304,263,451,370,0.9805,-0.2167,0.1907,0.9682,19.9828,-2.3460,
285,2,304,263,451,370,0.9988,-0.0583,0.0555,0.9934,12.3316,6.2896,
286,2,304,263,451,370,1.0009,-0.0662,0.0552,0.9994,12.7793,6.2744,
287,2,304,263,451,370,0.9994,-0.0618,0.0604,1.0024,12.7646,5.8472,
288,2,304,263,451,370,0.9993,-0.0693,0.0558,0.9983,13.1673,6.0617,
289,2,304,263,451,370,0.9994,-0.0761,0.0712,0.9966,13.6759,5.2069,
290,2,317,251,442,370,0.9951,-0.0719,0.0686,0.9965,13.8894,5.4458,
291,2,317,251,442,370,1.0022,-0.0852,0.0685,1.0077,15.2147,5.4004,
292,2,317,251,442,370,1.0013,-0.0784,0.0743,0.9984,15.1206,5.3776,
293,2,317,251,442,370,1.0028,-0.0728,0.0691,1.0017,14.9378,5.1873,
294,2,318,250,444,370,1.0019,-0.0614,0.0571,1.0023,14.5764,5.3844,
295,2,320,249,446,370,1.0026,-0.0531,0.0472,1.0055,14.3739,5.6271,
296,2,322,248,449,369,1.0063,-0.0426,0.0377,1.0032,13.9030,6.0827,
297,2,324,247,452,369,1.0047,-0.0391,0.0322,1.0073,14.1924,6.3264,
298,2,327,246,455,369,1.0058,-0.0390,0.0338,1.0058,14.4859,6.4350,
299,2,330,245,459,369,1.0080,-0.0492,0.0364,1.0062,15.1533,6.4737,
300,2,314,237,459,372,1.0101,-0.0547,0.0355,1.0059,15.4336,6.6283,
301,2,317,236,463,372,1.0065,-0.0501,0.0422,1.0043,15.7312,5.7513,
302,2,320,236,467,372,1.0048,-0.0506,0.0403,0.9979,15.7908,6.3488,
303,2,323,236,470,372,1.0044,-0.0505,0.0391,1.0030,15.7362,6.2995,
304,2,326,236,473,372,1.0023,-0.0464,0.0367,1.0040,15.6362,6.5246,
305,2,329,236,476,372,0.9970,-0.0476,0.0361,1.0044,16.1319,6.5395,
306,2,332,236,479,372,1.0019,-0.0515,0.0365,1.0018,16.1232,6.7021,
307,2,336,236,482,372,0.9949,-0.0497,0.0329,1.0018,16.4682,6.9300,
308,2,339,236,485,373,1.0039,-0.0444,0.0331,1.0061,15.4477,6.9436,
309,2,342,236,489,374,1.0064,-0.0327,0.0269,1.0054,14.7755,7.3073,
310,2,346,230,492,355,0.9973,-0.0399,0.0286,0.9970,16.1528,7.8860,
311,2,354,231,501,356,1.0044,-0.0468,0.0546,1.0026,20.3215,6.4633,
312,2,363,233,510,358,0.9997,-0.0324,0.0547,0.9963,20.1025,7.9452,
313,2,368,234,515,360,1.0000,-0.0216,0.0221,1.0048,15.5965,9.0875,
314,2,372,235,520,362,1.0029,-0.0235,0.0249,1.0046,15.4416,8.8550,
315,2,378,237,524,364,0.9831,-0.0173,0.0176,1.0023,16.8535,9.8242,
316,2,384,239,528,366,0.9817,-0.0187,0.0120,1.0059,17.1883,10.1500,
317,2,391,241,532,369,0.9854,-0.0109,0.0098,1.0046,16.8082,10.7166,
318,2,398,243,537,372,0.9820,-0.0136,0.0035,1.0021,17.6056,11.7411,
319,2,406,246,541,375,0.9702,-0.0083,-0.0036,1.0018,18.2475,12.7035,
320,2,408,252,534,374,0.9779,-0.0098,-0.0074,0.9997,18.1744,13.5790,
321,2,416,256,539,378,0.9766,-0.0113,-0.0067,0.9992,18.5632,13.9750,
322,2,425,260,544,382,0.9651,-0.0122,-0.0138,0.9971,19.4719,14.8520,
323,2,435,265,548,386,0.9554,-0.0218,-0.0187,0.9904,20.4068,15.8459,
324,2,443,297,575,443,1.6447,-1.3508,0.1499,1.2142,59.7066,46.4063,
325,2,443,297,575,443,0.9988,-0.0142,0.0158,1.0026,11.5618,9.2485,
326,2,445,298,576,444,0.9903,-0.0191,0.0182,1.0040,12.8402,9.0687,
327,2,445,298,576,444,0.9967,-0.0093,0.0092,0.9974,10.9729,9.5847,
328,2,445,298,576,444,1.0004,0.0035,0.0004,1.0014,9.7837,9.7188,
329,2,445,298,576,444,0.9995,0.0061,-0.0060,1.0005,9.3946,10.3227,
330,2,454,296,575,443,0.9981,0.0001,-0.0001,0.9989,10.1884,10.1394,
331,2,454,296,575,443,0.9998,-0.0006,0.0000,0.9983,10.1184,10.3141,
332,2,454,296,575,443,1.0001,-0.0009,0.0026,0.9991,10.1793,10.0734,
333,2,454,296,575,443,0.9978,0.0042,-0.0004,1.0025,9.7370,9.7989,
334,2,454,296,575,443,1.0000,0.0007,0.0066,1.0008,9.8928,9.5229,
335,2,454,296,575,443,0.9950,0.0042,-0.0039,0.9987,9.8073,10.2407,
336,2,454,296,575,443,1.0028,0.0061,0.0012,1.0029,9.2178,9.5542,
337,2,454,296,575,443,0.9999,0.0025,-0.0001,0.9992,9.7662,10.0225,
338,2,454,296,575,443,1.0005,0.0035,0.0029,1.0010,9.5941,9.6987,
339,2,454,296,575,443,0.9964,-0.0020,-0.0006,1.0004,10.3175,10.0808,
340,2,95,324,276,458,1.0015,0.0085,0.0012,1.0015,9.1381,9.8964,
341,2,452,305,569,447,1.0000,0.0000,-0.0000,1.0000,10.0000,10.0000,
342,2,452,305,569,447,0.9977,0.0012,0.0012,0.9999,10.0130,9.9129,
343,2,452,305,569,447,1.0034,-0.0002,0.0010,1.0018,9.7493,9.7227,
344,2,452,305,569,447,0.9993,-0.0050,-0.0032,1.0049,10.4104,9.6897,
345,2,452,305,569,447,1.0025,0.0027,-0.0041,1.0021,9.5777,10.0505,
346,2,452,305,569,447,0.9983,0.0006,0.0001,0.9975,9.9414,10.0853,
347,2,452,305,569,447,0.9993,0.0099,0.0023,1.0038,9.1791,9.5046,
348,2,452,305,569,447,1.0000,0.0062,-0.0039,1.0019,9.3638,9.9834,
349,2,452,305,569,447,0.9999,0.0011,0.0012,1.0020,9.8847,9.6715,
350,2,452,305,569,447,0.9989,-0.0010,-0.0020,1.0013,10.1194,9.9946,
351,2,452,305,569,447,1.0015,0.0067,-0.0058,0.9991,9.2653,10.4555,
352,2,452,305,569,447,1.0004,0.0026,0.0025,0.9971,9.7272,10.1428,
353,2,452,305,569,447,0.9989,-0.0018,0.0028,0.9989,10.3152,9.9285,
354,2,452,305,569,447,1.0004,-0.0008,-0.0005,0.9976,10.0740,10.2989,
355,2,452,305,569,447,1.0000,-0.0021,0.0005,0.9981,10.2308,10.1723,
356,2,452,305,569,447,1.0026,0.0005,-0.0002,0.9983,9.8117,10.1780,
357,2,452,305,569,447,1.0004,0.0003,0.0035,0.9963,10.0114,10.1511,
358,2,452,305,569,447,0.9995,-0.0021,0.0035,0.9984,10.2423,9.9448,
359,2,452,305,569,447,1.0001,0.0001,-0.0009,1.0010,9.9555,9.9780,
360,2,452,305,569,447,1.0005,0.0013,-0.0012,0.9988,9.8827,10.1509,
361,2,452,305,569,447,0.9992,-0.0009,0.0002,1.0001,10.0861,9.9566,
362,2,452,305,569,447,0.9971,-0.0063,0.0003,1.0027,10.4937,9.6725,
363,2,452,305,569,447,0.9999,0.0029,-0.0004,1.0006,9.6976,9.9299,
364,2,452,305,569,447,1.0004,0.0012,0.0013,0.9991,9.8434,9.9718,
365,2,452,305,569,447,0.9970,-0.0010,-0.0009,0.9972,10.2624,10.2772,
366,2,452,305,569,447,1.0005,0.0009,-0.0002,1.0014,9.8682,9.8645,
367,2,452,305,569,447,1.0007,0.0028,-0.0035,1.0001,9.6830,10.1188,
368,2,452,305,569,447,0.9999,-0.0002,-0.0029,1.0025,10.0274,9.9471,
369,2,454,305,568,448,0.9812,-0.0158,0.0050,1.0027,12.1976,9.5161,
370,2,454,305,568,448,0.9991,0.0006,0.0023,1.0012,9.9958,9.7688,
371,2,454,305,568,448,0.9996,-0.0006,0.0005,0.9960,10.1020,10.3752,
372,2,454,305,568,448,0.9998,0.0022,0.0039,0.9997,9.8246,9.7625,
373,2,454,305,568,448,1.0007,-0.0021,-0.0022,0.9985,10.1392,10.3520,
374,2,454,305,568,448,1.0012,-0.0016,0.0021,1.0006,10.0930,9.8531,
375,2,454,305,568,448,0.9988,0.0004,-0.0002,0.9995,10.0594,10.0432,
376,2,454,305,568,448,0.9998,-0.0014,0.0002,0.9986,10.1454,10.1633,
377,2,454,305,568,448,1.0028,0.0005,-0.0017,0.9974,9.8726,10.3306,
378,2,454,305,568,448,0.9975,-0.0026,0.0021,1.0015,10.3765,9.8065,
379,2,454,305,568,448,0.9978,0.0006,0.0011,1.0009,10.0403,9.8320,
380,2,454,305,568,448,1.0015,-0.0015,-0.0008,1.0006,10.0851,9.9689,
381,2,454,305,568,448,0.9999,0.0006,0.0008,1.0005,9.9258,9.8985,
382,2,454,305,568,448,0.9980,-0.0030,0.0022,1.0013,10.1641,9.7491,
383,2,454,305,568,448,1.0001,0.0065,0.0033,1.0003,9.5452,9.7716,
384,2,454,305,568,448,1.0013,0.0022,-0.0033,0.9994,9.7553,10.2644,
385,2,454,305,568,448,1.0017,-0.0009,-0.0034,1.0033,10.0034,9.8361,
386,2,454,305,568,448,1.0002,-0.0013,0.0036,0.9972,10.1099,10.0633,
387,2,454,305,568,448,1.0003,-0.0007,0.0002,1.0002,10.0740,9.9757,
388,2,454,305,568,448,1.0003,0.0017,0.0028,0.9991,9.8014,9.8921,
389,2,454,305,568,448,1.0002,-0.0018,-0.0046,1.0025,10.1974,10.1139,
390,2,454,305,568,448,1.0009,-0.0005,-0.0004,1.0009,10.0214,9.9559,
391,2,454,305,568,448,1.0007,-0.0031,-0.0007,0.9992,10.2112,10.1588,
392,2,454,305,568,448,1.0063,0.0079,0.0041,1.0032,9.0706,9.6303,
393,2,454,305,568,448,1.0003,-0.0033,-0.0002,1.0021,10.2965,9.8280,
394,2,454,305,568,448,1.0023,0.0011,-0.0016,0.9999,9.8391,10.0914,
395,2,454,305,568,448,0.9982,-0.0018,0.0006,0.9991,10.2640,10.0189,
396,2,454,305,568,448,0.9997,-0.0008,-0.0010,0.9999,10.1020,9.9659,
397,2,454,305,568,448,0.9998,0.0010,-0.0020,1.0010,9.8921,10.0055,
398,2,454,305,568,448,0.9995,-0.0004,-0.0004,1.0021,10.0296,9.8146,
399,2,454,305,568,448,1.0000,-0.0003,-0.0000,0.9987,10.0274,10.1014,
400,2,454,305,568,448,1.0011,0.0004,-0.0010,0.9993,9.9131,10.1344,
401,2,454,305,568,448,1.0017,-0.0008,0.0027,1.0022,10.0539,9.6928,
402,2,454,305,568,448,0.9998,0.0008,-0.0014,0.9971,9.9292,10.3481,
403,2,454,305,568,448,0.9985,-0.0021,0.0008,1.0008,10.3081,9.8782,
404,2,454,305,568,448,1.0007,-0.0034,-0.0003,0.9987,10.2900,10.1224,
405,2,454,305,568,448,1.0014,0.0011,0.0000,0.9992,9.8570,10.0761,
406,2,454,305,568,448,0.9980,-0.0015,0.0020,1.0004,10.2544,9.8844,
407,2,454,305,568,448,1.0016,-0.0003,0.0045,1.0020,9.9567,9.6078,
408,2,454,305,568,448,1.0011,0.0001,-0.0001,0.9996,9.9281,10.0463,
409,2,454,305,568,448,1.0012,0.0014,-0.0001,0.9990,9.8258,10.0998,
410,2,454,305,568,448,0.9986,-0.0002,0.0006,1.0016,10.0913,9.7999,
411,2,454,305,568,448,0.9993,-0.0001,-0.0032,1.0013,10.0805,10.1451,
412,2,454,305,568,448,1.0013,-0.0002,-0.0010,1.0003,9.9237,10.0019,
413,2,454,305,568,448,1.0016,-0.0015,0.0019,1.0001,10.0150,9.8958,
414,2,454,305,568,448,0.9993,0.0004,0.0009,1.0031,10.0488,9.6855,
415,2,454,305,568,448,1.0015,0.0016,-0.0003,0.9994,9.7210,10.0533,
416,2,454,305,568,448,1.0001,0.0013,-0.0036,0.9999,9.8919,10.2630,
417,2,454,305,568,448,1.0000,-0.0023,0.0023,0.9987,10.1293,9.9175,
418,2,454,305,568,448,1.0010,-0.0006,0.0006,1.0007,10.0420,9.9312,
419,2,454,305,568,448,1.0003,0.0087,0.0025,1.0014,9.3821,9.7949,
420,2,454,305,568,448,0.9997,-0.0003,-0.0002,0.9982,10.0552,10.2044,
421,2,454,305,568,448,0.9982,-0.0027,0.0049,1.0015,10.2981,9.5785,
422,2,454,305,568,448,0.9975,-0.0007,0.0005,0.9992,10.2176,10.0392,
423,2,454,305,568,448,1.0011,0.0003,-0.0028,1.0007,9.9198,10.0410,
424,2,454,305,568,448,1.0008,0.0005,0.0001,1.0014,9.9015,9.8863,
425,2,454,305,568,448,0.9989,0.0015,0.0006,1.0023,9.8846,9.7240,
426,2,454,305,568,448,1.0003,0.0002,0.0008,1.0005,9.9680,9.9410,
427,2,454,305,568,448,1.0001,0.0003,-0.0013,0.9984,9.9813,10.1717,
428,2,454,305,568,448,1.0001,0.0017,0.0004,1.0004,9.8358,9.9594,
429,2,454,305,568,448,0.9997,0.0024,-0.0030,1.0003,9.8380,10.2286,
430,2,454,305,568,448,0.9977,-0.0014,0.0022,1.0019,10.2529,9.7412,
431,2,454,305,568,448,1.0015,-0.0003,-0.0005,0.9985,9.9254,10.1730,
432,2,454,305,568,448,0.9981,0.0006,0.0017,0.9994,10.0320,9.9455,
433,2,454,305,568,448,0.9987,0.0013,-0.0016,0.9973,10.0559,10.2607,
434,2,454,305,568,448,0.9990,0.0000,0.0022,1.0005,10.0698,9.8115,
435,2,454,305,568,448,1.0007,0.0005,-0.0007,0.9990,9.8823,10.1084,
436,2,454,305,568,448,1.0001,0.0002,-0.0017,1.0017,9.9588,9.9242,
437,2,454,305,568,448,1.0002,-0.0022,0.0018,1.0009,10.1273,9.8398,
438,2,454,305,568,448,0.9990,0.0009,-0.0018,0.9994,10.0338,10.1354,
439,2,454,305,568,448,1.0009,-0.0003,0.0012,1.0001,9.9479,9.9417,
440,2,454,305,568,448,1.0017,-0.0007,-0.0011,0.9981,9.9748,10.1567,
441,2,454,305,568,448,0.9999,0.0021,-0.0010,1.0022,9.8078,9.9098,
442,2,454,305,568,448,0.9987,0.0011,-0.0035,0.9999,9.9705,10.1639,
443,2,454,305,568,448,0.9992,-0.0010,0.0029,0.9996,10.0754,9.8649,
444,2,454,305,568,448,1.0011,0.0023,-0.0007,0.9973,9.7600,10.2755,
445,2,454,305,568,448,0.9993,0.0004,0.0012,1.0023,10.0204,9.7153,
446,2,454,305,568,448,1.0004,-0.0001,0.0004,0.9993,9.9538,10.0542,
447,2,454,305,568,448,0.9997,0.0018,0.0014,1.0018,9.8781,9.7331,
448,2,454,305,568,448,0.9997,-0.0019,0.0011,0.9999,10.1921,9.9471,
449,2,454,305,568,448,0.9993,-0.0009,0.0009,0.9994,10.0872,10.0336,
450,2,454,305,568,448,0.9996,0.0009,-0.0049,1.0001,9.9440,10.2917,
451,2,454,305,568,448,0.9995,-0.0041,0.0034,1.0029,10.2680,9.5418,
452,2,454,305,568,448,1.0000,-0.0003,0.0015,0.9982,10.0612,10.1571,
453,2,454,305,568,448,0.9985,0.0013,-0.0011,1.0005,9.9799,9.9916,
454,2,454,305,568,448,1.0022,-0.0025,0.0044,0.9978,10.0358,9.8437,
455,2,454,305,568,448,1.0024,-0.0007,-0.0001,0.9999,9.9386,10.0363,
456,2,454,305,568,448,1.0002,-0.0004,-0.0004,1.0007,10.0259,9.9403,
457,2,454,305,568,448,1.0019,0.0005,-0.0007,0.9988,9.9010,10.1369,
458,2,454,305,568,448,0.9988,0.0012,-0.0004,0.9994,9.9306,10.1034,
459,2,454,305,568,448,0.9990,-0.0003,0.0002,1.0021,10.1277,9.8303,
460,2,454,305,568,448,1.0006,0.0019,-0.0009,0.9999,9.8302,10.0539,
461,2,454,305,568,448,0.9993,0.0003,0.0027,0.9987,10.0688,9.9909,
462,2,454,305,568,448,1.0002,0.0018,0.0022,1.0011,9.8035,9.8231,
463,2,454,305,568,448,1.0001,-0.0011,-0.0001,0.9985,10.0974,10.0882,
464,2,454,305,568,448,0.9988,0.0006,-0.0018,0.9996,10.0078,10.1791,
465,2,454,305,568,448,1.0005,0.0001,0.0004,1.0016,9.9994,9.7861,
466,2,454,305,568,448,0.9968,-0.0024,0.0024,1.0004,10.3188,9.8126,
467,2,454,305,568,448,1.0006,-0.0006,0.0012,0.9996,9.9879,9.9607,
468,2,454,305,568,448,0.9990,0.0007,0.0006,1.0013,9.9743,9.8319,
469,2,454,305,568,448,1.0007,0.0009,-0.0017,0.9999,9.8861,10.1242,
470,2,454,305,568,448,1.0010,0.0007,0.0017,0.9999,9.9316,9.9143,
471,2,454,305,568,448,1.0023,-0.0024,0.0022,1.0010,10.0197,9.7341,
472,2,454,305,568,448,0.9992,-0.0010,-0.0010,0.9982,10.2207,10.1823,
473,2,454,305,568,448,0.9980,0.0011,0.0024,1.0019,9.9375,9.7862,
474,2,454,305,568,448,0.9990,-0.0003,0.0016,0.9990,10.0773,9.9533,
475,2,454,305,568,448,0.9983,-0.0009,-0.0004,1.0006,10.2122,10.0162,
476,2,454,305,568,448,1.0004,-0.0005,0.0022,0.9998,10.0360,9.9294,
477,2,454,305,568,448,1.0009,-0.0002,-0.0002,0.9988,9.9885,10.1028,
478,2,454,305,568,448,0.9999,0.0002,-0.0000,0.9988,9.9836,10.1275,
479,2,454,305,568,448,1.0013,0.0007,-0.0006,0.9987,9.8728,10.1569,
480,2,454,305,568,448,1.0000,0.0005,0.0008,1.0001,9.9534,9.9535,
481,2,454,305,568,448,0.9998,0.0007,0.0010,0.9997,9.9185,9.9380,
482,2,454,305,568,448,1.0014,0.0016,-0.0008,1.0002,9.7843,10.0907,
483,2,454,305,568,448,0.9996,0.0002,-0.0015,1.0007,10.0772,10.0180,
484,2,454,305,568,448,1.0009,0.0009,0.0002,0.9995,9.9143,10.0057,
485,2,454,305,568,448,0.9992,-0.0001,0.0012,1.0003,10.0614,9.9395,
486,2,454,305,568,448,1.0003,0.0008,0.0004,1.0019,9.9605,9.8590,
487,2,454,305,568,448,1.0005,0.0015,-0.0001,1.0010,9.8242,9.8833,
488,2,454,305,568,448,0.9997,0.0004,-0.0013,0.9989,9.9972,10.1290,
489,2,454,305,568,448,1.0006,0.0015,0.0024,1.0017,9.8735,9.7845,
490,2,454,305,568,448,1.0000,-0.0012,0.0003,1.0003,10.0910,9.9912,
491,2,454,305,568,448,0.9996,-0.0012,0.0012,0.9987,10.1470,10.0391,
492,2,454,305,568,448,1.0024,0.0011,-0.0021,1.0003,9.7507,10.1097,
493,2,454,305,568,448,1.0004,-0.0002,0.0019,1.0026,9.9391,9.6811,
494,2,454,305,568,448,0.9997,-0.0010,0.0010,0.9997,10.1238,9.9613,
495,2,454,305,568,448,1.0002,0.0009,-0.0002,1.0003,9.8297,9.9858,
496,2,454,305,568,448,0.9985,-0.0008,-0.0024,1.0002,10.2433,10.1454,
497,2,454,305,568,448,0.9988,0.0010,-0.0022,1.0000,9.9950,10.1742,
498,2,454,305,568,448,1.0002,-0.0008,0.0024,1.0004,10.0642,9.8147,
499,2,454,305,568,448,0.9992,0.0013,-0.0004,1.0006,9.9295,10.0072,
500,2,454,305,568,448,0.9997,0.0016,-0.0024,1.0000,9.9239,10.1533,
501,2,454,305,568,448,0.9986,-0.0065,0.0013,0.9993,10.4702,10.0110,
502,2,454,305,568,448,0.9992,-0.0023,-0.0002,0.9998,10.2655,10.0224,
503,2,454,305,568,448,0.9998,0.0036,-0.0014,1.0011,9.7330,9.9867,
504,2,454,305,568,448,0.9991,-0.0026,0.0022,0.9998,10.2361,9.8799,
505,2,454,305,568,448,1.0018,-0.0007,-0.0019,0.9999,9.9747,10.1065,
506,2,454,305,568,448,0.9997,0.0022,-0.0008,1.0005,9.8260,10.0030,
507,2,454,305,568,448,0.9980,-0.0016,-0.0004,0.9991,10.2193,10.0652,
508,2,454,305,568,448,1.0004,-0.0019,0.0015,0.9997,10.1102,9.9638,
509,2,454,305,568,448,0.9984,0.0010,0.0007,0.9985,9.9516,10.1091,
510,2,454,305,568,448,0.9994,0.0011,-0.0025,1.0001,9.9798,10.1543,
511,2,454,305,568,448,0.9999,0.0016,0.0002,0.9997,9.8839,9.9892,
512,2,454,305,568,448,0.9979,0.0010,-0.0027,1.0023,10.0336,9.9821,
513,2,454,305,568,448,0.9995,0.0020,0.0006,0.9998,9.9013,9.9703,
514,2,454,305,568,448,0.9974,-0.0007,-0.0001,1.0015,10.2228,9.9399,
515,2,454,305,568,448,1.0009,0.0001,0.0015,1.0006,9.9338,9.8632,
516,2,454,305,568,448,1.0012,0.0002,0.0010,0.9988,9.9303,9.9877,
517,2,454,305,568,448,0.9997,-0.0013,0.0001,1.0005,10.0967,9.9514,
518,2,454,305,568,448,0.9997,0.0002,0.0001,1.0010,10.0052,9.8989,
519,2,454,305,568,448,0.9989,0.0003,0.0039,1.0008,10.0494,9.6984,
520,2,454,305,568,448,1.0109,0.0098,-0.0075,0.9961,8.8046,10.6800,
521,2,454,305,568,448,0.9999,0.0043,-0.0002,1.0022,9.7485,9.8465,
522,2,454,305,568,448,0.9992,-0.0001,0.0006,1.0015,10.0819,9.8210,
523,2,454,305,568,448,0.9990,0.0003,0.0021,0.9984,10.0454,10.0510,
524,2,454,305,568,448,0.9998,0.0016,-0.0009,1.0001,9.8372,10.0713,
525,2,454,305,568,448,0.9987,0.0022,-0.0026,1.0007,9.9154,10.0618,
526,2,454,305,568,448,1.0012,-0.0018,-0.0004,0.9994,10.0636,10.0960,
527,2,454,305,568,448,0.9998,0.0009,0.0017,1.0009,9.9391,9.8269,
528,2,454,305,568,448,1.0008,-0.0014,-0.0006,0.9999,10.0521,10.0114,
529,2,454,305,568,448,0.9992,0.0008,0.0008,1.0005,9.9893,9.9157,
530,2,454,305,568,448,0.9989,-0.0005,-0.0007,1.0009,10.0663,9.9273,
531,2,454,305,568,448,0.9996,0.0012,-0.0001,1.0004,9.9161,9.9670,
532,2,454,305,568,448,1.0021,-0.0017,-0.0002,1.0007,10.0132,9.9468,
533,2,454,305,568,448,0.9987,0.0021,0.0008,1.0001,9.9112,9.9781,
534,2,454,305,568,448,0.9984,-0.0012,0.0003,0.9995,10.1906,10.0266,
535,2,454,305,568,448,0.9990,0.0002,0.0003,1.0003,10.0191,9.9869,
536,2,454,305,568,448,0.9996,0.0001,0.0007,1.0005,10.0259,9.9115,
537,2,454,305,568,448,1.0024,0.0032,-0.0006,1.0015,9.5884,9.9158,
538,2,454,305,568,448,1.0013,-0.0034,0.0037,0.9976,10.1739,10.0074,
539,2,454,305,568,448,0.9990,-0.0003,0.0002,1.0010,10.0650,9.8869,
540,2,454,305,568,448,0.9978,0.0018,-0.0035,1.0014,9.9404,10.1275,
541,2,454,305,568,448,1.0001,0.0027,0.0004,1.0005,9.8139,9.9534,
542,2,454,305,568,448,0.9997,-0.0007,-0.0014,0.9998,10.0532,10.1049,
543,2,454,305,568,448,1.0004,-0.0011,-0.0012,1.0009,10.1325,9.9858,
544,2,454,305,568,448,0.9991,0.0007,-0.0006,1.0018,10.0296,9.9338,
545,2,454,305,568,448,1.0016,-0.0023,-0.0022,0.9991,10.0899,10.1871,
546,2,454,305,568,448,1.0014,0.0004,-0.0000,0.9989,9.8725,10.0492,
547,2,454,305,568,448,1.0000,-0.0004,-0.0018,1.0000,10.0351,10.0999,
548,2,454,305,568,448,1.0029,-0.0006,0.0026,1.0015,9.9542,9.7262,
549,2,454,305,568,448,0.9999,0.0007,-0.0008,0.9996,9.9595,10.0850,
550,2,454,305,568,448,0.9992,-0.0012,-0.0029,1.0012,10.1675,10.0992,
551,2,454,305,568,448,0.9991,0.0019,-0.0002,0.9995,9.8988,10.0472,
552,2,454,305,568,448,1.0014,-0.0004,0.0001,1.0017,9.9845,9.8287,
553,2,454,305,568,448,1.0013,0.0004,0.0015,0.9986,9.8823,10.0559,
554,2,454,305,568,448,0.9993,-0.0006,0.0002,1.0012,10.0705,9.9022,
555,2,454,305,568,448,1.0024,0.0010,0.0024,1.0010,9.9016,9.7642,
556,2,454,305,568,448,0.9994,0.0030,-0.0003,0.9985,9.7517,10.1284,
557,2,454,305,568,448,0.9998,-0.0016,0.0006,1.0006,10.1535,9.9761,
558,2,454,305,568,448,1.0004,-0.0025,0.0026,1.0013,10.1332,9.7342,
559,2,454,305,568,448,0.9999,0.0034,0.0004,1.0012,9.7698,9.9173,
560,2,454,305,568,448,0.9987,-0.0006,-0.0004,1.0004,10.1133,9.9482,
561,2,454,305,568,448,0.9994,0.0012,-0.0023,0.9988,9.9873,10.2372,
562,2,454,305,568,448,1.0010,-0.0010,0.0013,0.9998,10.0488,9.9444,
563,2,454,305,568,448,1.0001,0.0013,-0.0026,1.0007,9.9085,10.1075,
564,2,454,305,568,448,1.0000,-0.0001,-0.0031,0.9990,9.9885,10.2008,
565,2,454,305,568,448,1.0010,-0.0025,0.0022,1.0011,10.1507,9.8336,
566,2,454,305,568,448,0.9984,-0.0013,0.0011,1.0003,10.1576,9.9391,
567,2,454,305,568,448,1.0028,0.0021,0.0029,1.0013,9.6530,9.7302,
568,2,454,305,568,448,0.9997,0.0000,-0.0006,1.0014,10.0332,9.9591,
569,2,454,305,568,448,1.0012,0.0021,-0.0011,0.9993,9.7855,10.0930,
570,2,454,305,568,448,1.0013,0.0011,0.0030,1.0003,9.8701,9.7601,
571,2,454,305,568,448,1.0027,0.0026,0.0014,1.0025,9.6722,9.8092,
572,2,454,305,568,448,1.0006,-0.0021,0.0021,1.0000,10.1688,9.8683,
573,2,454,305,568,448,0.9997,0.0004,-0.0021,0.9999,9.9843,10.1250,
574,2,454,305,568,448,1.0010,-0.0011,0.0010,1.0000,10.0437,9.9758,
575,2,454,305,568,448,0.9979,0.0009,0.0016,0.9982,10.0352,10.0305,
576,2,454,305,568,448,1.0008,-0.0007,0.0003,1.0013,10.0152,9.8956,
577,2,454,305,568,448,1.0011,-0.0007,0.0002,0.9994,9.9846,10.0221,
578,2,454,305,568,448,0.9998,-0.0003,0.0005,1.0005,10.0365,9.9359,
579,2,454,305,568,448,0.9999,0.0009,-0.0010,1.0014,9.9493,9.9967,
580,2,454,305,568,448,1.0000,0.0004,-0.0013,1.0011,9.9860,9.9739,
581,2,454,305,568,448,0.9976,-0.0049,-0.0017,0.9987,10.3559,10.2325,
582,2,454,305,568,448,0.9987,0.0060,-0.0007,1.0003,9.7334,9.9852,
583,2,454,305,568,448,1.0009,0.0013,0.0008,1.0019,9.8718,9.8166,
584,2,454,305,568,448,1.0016,0.0008,-0.0001,0.9997,9.8494,9.9822,
585,2,454,305,568,448,1.0008,-0.0016,0.0007,0.9994,10.1151,10.0273,
586,2,454,305,568,448,1.0010,0.0006,0.0019,1.0006,9.8723,9.8203,
587,2,454,305,568,448,0.9982,0.0003,0.0013,0.9989,10.0980,9.9955,
588,2,454,305,568,448,0.9989,0.0020,0.0035,1.0011,9.8951,9.6760,
589,2,454,305,568,448,1.0022,-0.0003,0.0010,0.9987,9.9353,10.0630,
590,2,454,305,568,448,1.0007,-0.0003,-0.0009,1.0006,9.9448,10.0231,
591,2,454,305,568,448,1.0032,-0.0015,0.0022,0.9973,9.9641,10.0342,
592,2,454,305,568,448,0.9994,0.0016,0.0015,1.0013,9.8703,9.7987,
593,2,454,305,568,448,0.9991,-0.0035,0.0005,0.9997,10.2954,9.9850,
594,2,454,305,568,448,1.0004,-0.0017,0.0002,0.9996,10.1109,9.9978,
595,2,454,305,568,448,0.9987,-0.0001,-0.0001,1.0010,10.1137,9.9464,
596,2,454,305,568,448,1.0015,0.0022,0.0012,1.0003,9.7419,9.9426,
597,2,454,305,568,448,0.9999,-0.0010,-0.0007,0.9995,10.0686,10.0698,
598,2,454,305,568,448,1.0003,0.0003,-0.0008,0.9996,9.9373,10.0402,
599,2,454,305,568,448,0.9995,0.0003,-0.0002,0.9982,10.0493,10.1750,
600,2,454,305,568,448,0.9981,0.0004,0.0038,1.0031,9.9903,9.5572,
601,2,454,305,568,448,1.0015,-0.0019,0.0005,0.9988,10.0768,10.0962,
602,2,454,305,568,448,0.9987,-0.0000,0.0017,1.0007,10.1139,9.8131,
603,2,454,305,568,448,0.9999,-0.0040,-0.0015,1.0002,10.2110,10.0813,
604,2,454,305,568,448,1.0020,0.0028,-0.0010,0.9994,9.7472,10.1437,
605,2,454,305,568,448,1.0009,0.0010,-0.0030,0.9995,9.8845,10.2678,
606,2,454,305,568,448,0.9992,-0.0011,0.0013,1.0003,10.0754,9.8994,
607,2,454,305,568,448,0.9993,0.0011,-0.0032,1.0028,9.9668,10.0379,
608,2,454,305,568,448,0.9986,-0.0005,0.0056,1.0004,10.1178,9.6110,
609,2,454,305,568,448,0.9981,0.0012,0.0015,0.9998,9.9652,9.9278,
610,2,454,305,568,448,0.9994,-0.0010,-0.0008,0.9999,10.1320,10.0847,
611,2,454,305,568,448,0.9990,0.0000,0.0013,1.0001,10.1077,9.8963,
612,2,454,305,568,448,0.9982,-0.0015,-0.0014,0.9998,10.2372,10.1200,
613,2,454,305,568,448,0.9991,0.0005,-0.0002,1.0013,9.9879,9.8946,
614,2,454,305,568,448,0.9999,0.0018,0.0034,0.9995,9.8412,9.8242,
615,2,454,305,568,448,0.9995,0.0004,-0.0017,1.0019,10.0576,9.9847,
616,2,454,305,568,448,0.9987,0.0016,0.0003,1.0014,9.9314,9.8344,
617,2,454,305,568,448,1.0006,-0.0021,0.0003,1.0010,10.1082,9.9340,
618,2,454,305,568,448,1.0013,0.0010,-0.0005,1.0006,9.8635,9.9828,
619,2,454,305,568,448,1.0017,-0.0016,-0.0007,0.9966,10.0464,10.3292,
620,2,454,305,568,448,1.0025,0.0011,0.0028,1.0026,9.8441,9.5983,
621,2,454,305,568,448,0.9961,-0.0010,0.0006,1.0012,10.2198,9.8655,
622,2,454,305,568,448,0.9984,0.0028,0.0035,0.9983,9.8607,10.0542,
623,2,454,305,568,448,1.0001,-0.0031,-0.0027,1.0010,10.2541,9.9900,
624,2,454,305,568,448,1.0010,-0.0005,0.0033,1.0003,9.9970,9.8024,
625,2,454,305,568,448,1.0004,-0.0002,-0.0002,0.9988,10.0230,10.1298,
626,2,454,305,568,448,0.9990,-0.0020,-0.0004,1.0016,10.2127,9.9163,
627,2,454,305,568,448,0.9983,0.0028,-0.0001,1.0007,9.8299,9.9292,
628,2,454,305,568,448,1.0012,-0.0009,0.0025,1.0005,9.9697,9.8069,
629,2,454,305,568,448,0.9996,0.0017,0.0007,0.9997,9.8496,10.0172,
630,2,454,305,568,448,1.0014,-0.0018,-0.0009,0.9993,10.0940,10.0828,
631,2,454,305,568,448,1.0010,0.0012,0.0009,1.0001,9.8743,9.9781,
632,2,454,305,568,448,1.0009,-0.0004,-0.0015,1.0014,10.0099,9.9658,
633,2,454,305,568,448,1.0002,-0.0006,0.0007,0.9999,10.0091,9.9778,
634,2,454,305,568,448,0.9997,0.0020,-0.0004,0.9993,9.8189,10.1194,
635,2,454,305,568,448,0.9977,0.0010,0.0047,1.0006,10.0809,9.5906,
636,2,454,305,568,448,0.9993,-0.0021,-0.0009,1.0004,10.2581,10.0275,
637,2,454,305,568,448,1.0007,0.0004,-0.0013,1.0012,9.9736,9.9780,
638,2,454,305,568,448,0.9998,-0.0012,0.0012,1.0011,10.1264,9.9070,
639,2,454,305,568,448,1.0002,0.0019,-0.0017,0.9986,9.8402,10.2450,
640,2,454,305,568,448,1.0000,-0.0008,0.0008,1.0013,10.0348,9.8640,
641,2,454,305,568,448,0.9986,0.0001,-0.0021,1.0010,10.0954,10.1004,
642,2,454,305,568,448,0.9991,0.0002,0.0013,1.0012,10.0395,9.8123,
643,2,454,305,568,448,0.9992,0.0018,-0.0003,0.9997,9.8399,10.1042,
644,2,454,305,568,448,1.0021,-0.0035,-0.0014,0.9993,10.0662,10.0930,
645,2,454,305,568,448,1.0015,-0.0012,0.0008,0.9996,10.0222,10.0268,
646,2,454,305,568,448,0.9987,-0.0010,0.0010,1.0005,10.1800,9.8453,
647,2,454,305,568,448,0.9995,0.0015,-0.0014,1.0006,9.9170,10.0795,
648,2,454,305,568,448,1.0001,-0.0005,-0.0013,0.9994,10.0715,10.1242,
649,2,454,305,568,448,0.9998,-0.0011,0.0003,0.9987,10.1211,10.1145,
650,2,454,305,568,448,0.9992,-0.0007,0.0033,1.0004,10.1053,9.7902,
651,2,454,305,568,448,0.9976,0.0016,0.0006,0.9992,9.9968,9.9887,
652,2,454,305,568,448,1.0022,-0.0014,0.0002,1.0010,10.0352,9.9420,
653,2,454,305,568,448,1.0007,0.0014,0.0001,0.9997,9.8361,10.0062,
654,2,454,305,568,448,0.9990,-0.0011,-0.0022,1.0019,10.1710,10.0290,
655,2,454,305,568,448,1.0008,0.0030,0.0007,0.9989,9.7293,10.0520,
656,2,454,305,568,448,1.0019,0.0031,-0.0020,1.0009,9.6654,10.0603,
657,2,454,305,568,448,1.0005,0.0039,0.0013,1.0004,9.7650,9.8929,
658,2,454,305,568,448,0.9995,-0.0013,0.0019,0.9995,10.1170,9.9307,
659,2,454,305,568,448,0.9998,0.0005,0.0022,1.0011,9.9786,9.7673,
660,2,454,305,568,448,1.0006,0.0045,0.0008,1.0006,9.7287,9.9126,
661,2,454,305,568,448,1.0027,0.0010,-0.0003,1.0004,9.7790,9.9601,
662,2,454,305,568,448,0.9984,0.0018,-0.0005,1.0002,9.9175,10.0024,
663,2,454,305,568,448,0.9994,0.0083,0.0011,0.9989,9.3946,9.9967,
664,2,454,305,568,448,0.9999,0.0004,0.0028,1.0014,10.0087,9.7665,
665,2,454,305,568,448,1.0004,0.0013,-0.0003,0.9996,9.8652,10.0437,
666,2,454,305,568,448,1.0019,-0.0017,0.0001,0.9991,10.0657,10.0838,
667,2,454,305,568,448,0.9996,0.0015,0.0025,0.9998,9.8943,9.8784,
668,2,454,305,568,448,1.0008,-0.0023,-0.0008,1.0003,10.1756,10.0095,
669,2,454,305,568,448,0.9988,-0.0003,0.0014,1.0008,10.0906,9.8173,
670,2,454,305,568,448,0.9980,-0.0002,0.0017,0.9997,10.0725,9.9575,
671,2,454,305,568,448,1.0013,0.0004,0.0031,0.9971,9.8709,10.0225,
672,2,454,305,568,448,1.0006,0.0002,0.0002,0.9994,9.9484,10.0434,
673,2,454,305,568,448,0.9997,-0.0001,-0.0019,0.9999,10.0086,10.1263,
674,2,454,305,568,448,1.0016,0.0010,0.0020,0.9997,9.8845,9.9111,
675,2,454,305,568,448,1.0012,0.0016,-0.0006,0.9993,9.7954,10.1097,
676,2,454,305,568,448,0.9996,0.0007,0.0005,1.0007,9.9910,9.8835,
677,2,454,305,568,448,0.9999,0.0003,-0.0006,1.0006,9.9644,10.0133,
678,2,454,305,568,448,1.0009,-0.0002,0.0013,1.0004,9.9494,9.9018,
679,2,454,305,568,448,0.9995,0.0005,-0.0014,1.0006,10.0224,10.0355,
680,2,454,305,568,448,1.0025,-0.0009,0.0021,0.9988,9.9588,9.9935,
681,2,454,305,568,448,0.9994,0.0010,-0.0002,1.0008,9.9713,9.9353,
682,2,454,305,568,448,1.0008,0.0000,0.0011,1.0000,9.9798,9.9631,
683,2,454,305,568,448,0.9978,-0.0011,-0.0018,0.9994,10.0504,10.1465,
684,2,454,305,568,448,0.9988,-0.0026,0.0016,1.0013,10.4060,9.8299,
685,2,454,305,568,448,1.0016,0.0009,-0.0004,0.9991,9.8696,10.0755,
686,2,454,305,568,448,0.9993,0.0014,-0.0048,0.9981,9.9361,10.4358,
687,2,454,305,568,448,0.9993,0.0002,-0.0007,1.0024,9.9944,9.8844,
688,2,454,305,568,448,0.9989,-0.0005,0.0005,1.0009,10.0707,9.9082,
689,2,454,305,568,448,1.0012,0.0004,-0.0026,0.9993,9.9134,10.1803,
690,2,454,305,568,448,1.0018,-0.0005,0.0007,0.9983,9.9782,10.0730,
691,2,454,305,568,448,0.9989,0.0089,-0.0007,0.9991,9.4422,10.1126,
692,2,454,305,568,448,1.0008,-0.0001,0.0001,1.0014,9.9650,9.9157,
693,2,454,305,568,448,0.9986,-0.0031,-0.0010,0.9995,10.2037,10.0852,
694,2,454,305,568,448,0.9994,-0.0025,0.0022,1.0009,10.2580,9.8585,
695,2,454,305,568,448,1.0009,0.0024,0.0009,0.9998,9.7310,9.9365,
696,2,454,305,568,448,1.0009,0.0003,0.0025,0.9989,9.9620,9.9644,
697,2,454,305,568,448,0.9987,0.0016,-0.0016,1.0010,9.9337,10.0333,
698,2,454,305,568,448,1.0012,0.0008,-0.0021,0.9992,9.8796,10.1781,
699,2,454,305,568,448,0.9986,0.0002,-0.0007,0.9992,10.0288,10.1355,
700,2,454,305,568,448,0.9979,0.0015,-0.0004,1.0004,9.9737,10.0111,
701,2,454,305,568,448,1.0006,-0.0007,0.0011,1.0000,10.0680,9.9487,
702,2,454,305,568,448,1.0023,0.0010,0.0017,0.9988,9.8033,10.0120,
703,2,454,305,568,448,0.9991,-0.0015,-0.0005,0.9991,10.2648,10.0745,
704,2,454,305,568,448,1.0005,-0.0014,0.0017,1.0002,10.0661,9.8932,
705,2,454,305,568,448,0.9991,0.0013,0.0004,1.0007,10.0425,9.9719,
706,2,454,305,568,448,1.0037,0.0021,-0.0009,1.0003,9.5999,10.0115,
707,2,454,305,568,448,1.0000,-0.0024,-0.0016,1.0002,10.2562,10.0608,
708,2,454,305,568,448,0.9994,0.0012,0.0015,1.0000,9.9074,9.9672,
709,2,454,305,568,448,1.0002,0.0005,0.0008,0.9991,9.9259,9.9846,
710,2,454,305,568,448,1.0003,0.0009,-0.0009,1.0006,9.9061,10.0149,
711,2,454,305,568,448,1.0010,-0.0015,-0.0010,0.9986,10.0875,10.1961,
712,2,454,305,568,448,0.9994,0.0003,0.0017,1.0001,10.0023,9.8920,
713,2,454,305,568,448,0.9998,0.0002,0.0027,1.0006,10.0243,9.8092,
714,2,454,305,568,448,1.0000,-0.0015,-0.0016,1.0005,10.1200,10.0649,
715,2,454,305,568,448,0.9996,0.0005,-0.0005,0.9987,9.9764,10.1867,
716,2,454,305,568,448,0.9996,0.0007,0.0015,1.0016,9.9457,9.7715,
717,2,454,305,568,448,1.0008,0.0000,0.0002,1.0005,9.9853,9.9302,
718,2,454,305,568,448,0.9995,-0.0032,-0.0031,0.9993,10.3064,10.2504,
719,2,454,305,568,448,1.0004,0.0012,0.0009,1.0002,9.8770,9.9380,
720,2,454,305,568,448,1.0003,-0.0009,-0.0019,1.0019,10.0503,9.9397,
721,2,454,305,568,448,0.9999,0.0010,0.0048,1.0019,9.9458,9.5184,
722,2,454,305,568,448,1.0008,0.0017,0.0002,0.9992,9.8623,10.0957,
723,2,454,305,568,448,1.0004,0.0013,0.0011,0.9993,9.8551,10.0219,
724,2,454,305,568,448,1.0009,-0.0006,0.0003,1.0005,10.0194,9.9334,
725,2,454,305,568,448,0.9991,-0.0005,-0.0034,0.9998,10.1479,10.2095,
726,2,454,305,568,448,0.9983,0.0021,0.0005,1.0008,9.8972,9.8803,
727,2,454,305,568,448,0.9996,0.0020,0.0003,1.0020,9.8560,9.8093,
728,2,454,305,568,448,0.9999,-0.0011,-0.0001,1.0006,10.0962,9.9718,
729,2,454,305,568,448,0.9992,0.0004,-0.0001,0.9996,9.9654,10.0644,
730,2,454,305,568,448,1.0010,0.0002,-0.0016,0.9991,9.9442,10.1279,
731,2,454,305,568,448,0.9997,-0.0007,-0.0010,1.0005,10.0859,9.9831,
732,2,454,305,568,448,1.0001,0.0030,-0.0000,1.0003,9.7411,9.9547,
733,2,454,305,568,448,1.0005,0.0009,0.0032,0.9996,9.8851,9.7917,
734,2,454,305,568,448,0.9977,-0.0008,0.0007,0.9992,10.1858,10.0228,
735,2,454,305,568,448,0.9991,0.0029,-0.0028,1.0024,9.7646,9.9378,
736,2,454,305,568,448,1.0008,-0.0005,0.0017,1.0004,10.0047,9.8762,
737,2,454,305,568,448,0.9993,0.0008,-0.0011,1.0012,9.9310,9.9788,
738,2,454,305,568,448,0.9970,0.0012,-0.0003,1.0021,10.0443,9.7905,
739,2,454,305,568,448,0.9987,-0.0025,-0.0001,1.0014,10.3263,9.8686,
740,2,454,305,568,448,0.9997,-0.0008,0.0008,0.9996,10.0714,10.0277,
741,2,454,305,568,448,0.9979,-0.0037,-0.0009,1.0018,10.4495,9.9342,
742,2,454,305,568,448,1.0011,0.0031,-0.0018,0.9997,9.6644,10.1133,
743,2,454,305,568,448,1.0010,0.0009,0.0007,1.0001,9.7998,9.9387,
744,2,454,305,568,448,1.0013,-0.0028,-0.0006,0.9998,10.1131,10.0663,
745,2,454,305,568,448,0.9987,0.0010,-0.0002,0.9984,10.0048,10.0413,
746,2,454,305,568,448,0.9982,0.0025,-0.0006,1.0003,9.8683,10.0182,
747,2,454,305,568,448,0.9998,-0.0008,0.0035,0.9966,10.0640,10.1245,
748,2,454,305,568,448,1.0022,0.0013,0.0001,0.9968,9.7929,10.2638,
749,2,454,305,568,448,1.0007,-0.0017,0.0000,1.0025,10.0932,9.7822,
750,2,454,305,568,448,1.0000,0.0030,0.0034,0.9965,9.7926,10.1931,
751,2,454,305,568,448,0.9989,-0.0038,-0.0001,0.9993,10.4206,10.0772,
752,2,454,305,568,448,1.0016,-0.0003,0.0015,0.9988,9.9278,10.0377,
753,2,454,305,568,448,1.0006,0.0013,-0.0013,0.9998,9.8729,10.1056,
754,2,454,305,568,448,0.9998,0.0019,0.0013,0.9982,9.8034,10.0564,
755,2,454,305,568,448,0.9991,-0.0004,-0.0010,1.0004,10.0997,10.0009,
756,2,454,305,568,448,1.0016,-0.0008,-0.0007,1.0003,10.0019,9.9912,
757,2,454,305,568,448,1.0047,0.0097,-0.0046,0.9981,9.0482,10.3845,
758,2,454,305,568,448,1.0011,0.0005,-0.0007,0.9986,9.8783,10.1146,
759,2,454,305,568,448,1.0036,0.0068,-0.0004,0.9980,9.3874,10.1000,
760,2,454,305,568,448,0.9992,0.0021,0.0015,0.9989,9.7861,10.0125,
761,2,454,305,568,448,0.9999,0.0003,-0.0006,1.0007,9.9848,9.9832,
762,2,454,305,568,448,1.0010,-0.0007,-0.0028,1.0004,10.0265,10.1104,
763,2,454,305,568,448,1.0015,0.0016,-0.0001,0.9980,9.8047,10.1705,
764,2,454,305,568,448,0.9971,0.0017,0.0014,1.0023,10.0156,9.7283,
765,2,454,305,568,448,1.0015,-0.0057,0.0008,1.0012,10.3879,9.8708,
766,2,454,305,568,448,0.9995,0.0039,0.0003,0.9997,9.7042,10.0020,
767,2,454,305,568,448,0.9994,0.0015,-0.0015,0.9999,9.8715,10.1029,
768,2,454,305,568,448,0.9991,-0.0027,0.0006,1.0010,10.3302,9.8640,
