1,2,468,301,581,448,1.0000,-0.0000,-0.0000,1.0000,10.0000,10.0000,
2,2,468,301,581,448,0.9994,0.0010,-0.0008,0.9992,9.9643,10.1033,
3,2,468,301,581,448,1.0002,-0.0011,0.0001,1.0006,10.1036,9.9579,
4,2,468,301,581,448,1.0039,-0.0042,-0.0016,0.9983,10.1599,10.2994,
5,2,468,301,581,448,1.0005,0.0006,0.0012,1.0021,9.9373,9.8130,
6,2,468,301,581,448,1.0018,-0.0013,-0.0008,0.9991,9.9874,10.0800,
7,2,468,301,581,448,0.9978,0.0026,0.0005,1.0037,9.9627,9.7740,
8,2,468,301,581,448,1.0017,-0.0041,0.0058,0.9939,10.1785,10.0306,
9,2,468,301,581,448,0.9989,0.0002,0.0011,1.0033,10.0180,9.7415,
10,2,468,301,581,448,1.0031,-0.0057,0.0044,0.9962,10.2612,9.9354,
11,2,468,301,581,448,0.9987,0.0005,0.0012,1.0009,10.0299,9.8977,
12,2,468,301,581,448,0.9982,0.0046,-0.0000,0.9991,9.7434,10.0666,
13,2,468,301,581,448,1.0000,-0.0007,0.0039,0.9993,10.0137,9.8292,
14,2,468,301,581,448,1.0042,-0.0005,-0.0034,0.9993,9.6841,10.2761,
15,2,468,301,581,448,0.9987,0.0001,-0.0008,0.9991,10.0411,10.0385,
16,2,468,301,581,448,0.9988,-0.0022,0.0003,1.0008,10.2598,9.9088,
17,2,468,301,581,448,1.0025,-0.0020,-0.0071,0.9985,9.9847,10.6361,
18,2,468,301,581,448,0.9987,0.0026,-0.0022,1.0026,9.8676,9.8984,
19,2,468,301,581,448,0.9967,0.0037,0.0035,0.9966,9.8688,10.0713,
20,2,468,301,581,448,1.0022,-0.0035,-0.0005,0.9997,10.2030,10.0381,
21,2,468,301,581,448,1.0013,-0.0010,-0.0112,1.0059,9.9215,10.2998,
22,2,468,301,581,448,1.0053,-0.0044,0.0005,0.9957,9.9862,10.3005,
23,2,468,301,581,448,1.0005,-0.0008,-0.0019,1.0015,10.0626,9.9755,
24,2,468,301,581,448,0.9979,0.0031,-0.0019,0.9995,9.8728,10.1254,
25,2,468,301,581,448,0.9979,-0.0003,0.0019,1.0018,10.1499,9.7760,
26,2,468,301,581,448,1.0004,-0.0026,-0.0003,1.0009,10.1628,9.9896,
27,2,468,301,581,448,0.9981,0.0074,-0.0043,1.0025,9.4131,10.0340,
28,2,468,301,581,448,0.9987,-0.0019,-0.0120,1.0015,10.2364,10.7070,
29,2,468,301,581,448,0.9998,0.0007,0.0024,1.0013,9.9418,9.8243,
30,2,468,301,581,448,1.0011,-0.0015,0.0002,1.0012,10.0243,9.8879,
31,2,468,301,581,448,1.0003,0.0002,-0.0006,1.0007,9.9946,10.0436,
32,2,468,301,581,448,1.0024,-0.0025,0.0004,0.9998,10.0472,9.9788,
33,2,468,301,581,448,1.0004,0.0001,0.0111,0.9881,9.9780,10.0390,
34,2,468,301,581,448,1.0024,-0.0031,-0.0016,0.9990,10.0741,10.1290,
35,2,468,301,581,448,0.9988,0.0015,-0.0001,1.0020,9.9425,9.8887,
36,2,468,301,581,448,0.9992,0.0014,-0.0073,1.0047,9.9543,10.1932,
37,2,468,301,581,448,0.9994,0.0011,-0.0003,0.9999,9.9885,10.0161,
38,2,468,301,581,448,0.9992,0.0042,0.0054,1.0070,9.7119,9.2149,
39,2,468,301,581,448,1.0014,-0.0024,-0.0030,1.0098,10.0486,9.6103,
40,2,468,301,581,448,1.0007,-0.0013,-0.0008,1.0022,10.0488,9.8593,
41,2,468,301,581,448,1.0008,0.0032,-0.0003,0.9991,9.7657,10.0678,
42,2,468,301,581,448,0.9982,0.0014,0.0006,1.0001,10.0189,9.9653,
43,2,468,301,581,448,1.0003,-0.0006,-0.0103,1.0069,10.0227,10.2570,
44,2,468,301,581,448,1.0029,-0.0032,-0.0030,0.9982,9.9696,10.2983,
45,2,468,301,581,448,1.0008,-0.0012,0.0056,0.9960,10.0231,9.8422,
46,2,468,301,581,448,0.9995,0.0027,0.0082,0.9971,9.7970,9.6405,
47,2,468,301,581,448,0.9977,0.0002,-0.0000,0.9997,10.1218,9.9779,
48,2,468,301,581,448,1.0014,0.0005,-0.0055,0.9944,9.8910,10.6476,
49,2,468,301,581,448,1.0003,0.0023,0.0005,0.9947,9.8195,10.2508,
50,2,468,301,581,448,1.0026,-0.0042,-0.0020,1.0027,10.1849,9.9104,
51,2,468,301,581,448,0.9982,0.0037,-0.0065,1.0022,9.8026,10.3363,
52,2,468,301,581,448,1.0003,-0.0012,0.0020,0.9994,10.0548,9.9479,
53,2,468,301,581,448,0.9958,0.0024,0.0020,1.0029,10.1416,9.7609,
54,2,468,301,581,448,0.9990,0.0017,0.0024,0.9994,9.9446,9.8720,
55,2,468,301,581,448,1.0016,0.0005,-0.0087,0.9981,9.8004,10.7446,
56,2,468,301,581,448,0.9996,0.0001,-0.0005,1.0016,10.0730,9.9366,
57,2,468,301,581,448,1.0023,-0.0004,-0.0072,0.9990,9.8908,10.6216,
58,2,468,301,581,448,0.9989,0.0010,-0.0111,1.0080,9.9790,10.1824,
59,2,468,301,581,448,1.0015,-0.0008,0.0002,1.0005,9.9485,9.9534,
60,2,468,301,581,448,1.0007,0.0021,-0.0009,0.9977,9.7796,10.1987,
61,2,468,301,581,448,0.9996,-0.0017,-0.0001,1.0008,10.1441,9.9346,
62,2,468,301,581,448,0.9996,-0.0029,0.0096,0.9943,10.2418,9.6998,
63,2,468,301,581,448,1.0006,0.0006,-0.0009,1.0008,9.8889,9.9791,
64,2,468,301,581,448,1.0028,-0.0028,-0.0008,0.9999,9.9726,10.0334,
65,2,468,301,581,448,1.0011,-0.0011,0.0096,0.9925,9.9878,9.9390,
66,2,468,301,581,448,1.0004,-0.0002,0.0016,1.0032,9.9705,9.7294,
67,2,468,301,581,448,1.0032,-0.0012,0.0027,0.9982,9.9246,9.9500,
68,2,468,301,581,448,0.9989,-0.0001,0.0001,0.9946,10.1254,10.3172,
69,2,468,301,581,448,0.9992,0.0001,-0.0013,1.0010,10.0651,9.9958,
70,2,468,301,581,448,0.9974,0.0022,0.0041,0.9975,9.9480,9.9590,
71,2,468,301,581,448,1.0008,-0.0005,-0.0100,1.0032,10.0030,10.4446,
72,2,468,301,581,448,0.9999,-0.0002,-0.0015,0.9965,10.0703,10.2917,
73,2,468,301,581,448,1.0003,0.0020,-0.0005,0.9991,9.8227,10.0922,
74,2,468,301,581,448,1.0002,0.0017,0.0001,1.0004,9.8634,9.8917,
75,2,468,301,581,448,1.0024,-0.0002,-0.0179,1.0010,9.9197,11.2238,
76,2,468,301,581,448,0.9984,0.0026,0.0027,0.9969,9.9204,9.8743,
77,2,468,301,581,448,1.0001,-0.0003,0.0010,0.9999,10.0745,9.9585,
78,2,468,301,581,448,0.9998,-0.0011,0.0013,0.9985,10.0883,10.0204,
79,2,468,301,581,448,1.0019,-0.0010,0.0126,0.9943,9.9485,9.5871,
80,2,468,301,581,448,0.9999,0.0006,-0.0036,0.9994,9.9681,10.2273,
81,2,468,301,581,448,0.9978,0.0030,-0.0048,1.0080,9.8773,9.8453,
82,2,468,301,581,448,1.0002,-0.0008,0.0001,0.9982,10.0641,10.1006,
83,2,468,301,581,448,1.0015,-0.0012,0.0009,0.9983,10.0300,10.0672,
84,2,468,301,581,448,0.9991,0.0019,-0.0023,0.9984,9.8601,10.2489,
85,2,468,301,581,448,1.0007,-0.0022,0.0013,0.9967,10.1759,10.1184,
86,2,468,301,581,448,0.9961,0.0025,0.0059,1.0068,9.9988,9.0334,
87,2,468,301,581,448,0.9996,-0.0012,-0.0003,1.0016,10.1020,9.9433,
88,2,468,301,581,448,0.9932,-0.0214,0.0019,0.9975,11.6491,10.1218,
89,2,468,301,581,448,1.0004,-0.0036,0.0005,0.9994,10.2831,10.0261,
90,2,468,301,581,448,1.0014,-0.0003,-0.0044,0.9994,9.9089,10.3562,
91,2,468,301,581,448,0.9998,-0.0007,0.0070,0.9972,10.0696,9.7666,
92,2,468,301,581,448,1.0004,0.0013,-0.0120,1.0022,9.8824,10.6893,
93,2,468,301,581,448,1.0024,-0.0054,-0.0018,1.0067,10.1981,9.7726,
94,2,468,301,581,448,1.0012,0.0052,-0.0002,0.9999,9.4878,10.0010,
95,2,468,301,581,448,0.9998,-0.0003,-0.0020,0.9966,10.0513,10.3253,
96,2,468,301,581,448,1.0002,0.0002,-0.0030,1.0016,10.0326,10.1465,
97,2,468,301,581,448,1.0008,-0.0008,0.0093,0.9980,10.0007,9.4277,
98,2,468,301,581,448,1.0017,-0.0000,-0.0036,0.9975,9.9210,10.3516,
99,2,468,301,581,448,1.0015,-0.0024,0.0056,0.9980,10.0675,9.7638,
100,2,468,301,581,448,0.9990,0.0035,-0.0001,1.0016,9.7730,9.9158,
101,2,468,301,581,448,1.0022,-0.0040,0.0043,0.9952,10.1466,9.9849,
102,2,468,301,581,448,1.0011,0.0008,-0.0002,1.0047,9.8524,9.7314,
103,2,468,301,581,448,0.9991,-0.0002,0.0017,0.9998,10.0889,9.9362,
104,2,468,301,581,448,0.9955,-0.0047,-0.0114,1.0067,10.6776,10.2781,
105,2,468,301,581,448,1.0009,0.0011,0.0038,1.0003,9.8568,9.7952,
106,2,468,301,581,448,0.9949,0.0072,0.0035,1.0040,9.6507,9.3065,
107,2,468,301,581,448,1.0001,0.0001,0.0018,1.0024,9.9678,9.7553,
108,2,468,301,581,448,1.0052,0.0004,0.0021,0.9971,9.6347,9.9975,
109,2,468,301,581,448,0.9998,-0.0064,-0.0059,1.0040,10.5272,10.2261,
110,2,468,301,581,448,1.0005,-0.0124,0.0112,1.0009,10.9878,9.2635,
111,2,468,301,581,448,1.0041,-0.0066,-0.0024,1.0032,10.3014,10.0304,
112,2,468,301,581,448,1.0014,-0.0076,0.0002,0.9979,10.5324,10.1467,
113,2,468,301,581,448,0.9998,-0.0111,0.0049,0.9941,10.9138,10.2493,
114,2,468,301,581,448,1.0063,-0.0034,0.0085,0.9880,9.8608,10.4600,
115,2,466,305,585,446,1.0000,-0.0000,0.0000,1.0000,10.0000,10.0000,
116,2,466,305,585,446,0.9975,0.0012,0.0008,1.0014,10.0817,10.0501,
117,2,466,305,585,446,1.0021,-0.0023,0.0034,0.9936,10.1041,10.5264,
118,2,466,305,585,446,1.0016,-0.0012,0.0072,0.9914,9.7137,10.5007,
119,2,466,305,585,446,1.0057,-0.0067,0.0107,0.9938,9.8185,10.0219,
120,2,451,300,603,456,1.0031,-0.0010,0.0066,1.0009,9.5494,9.5121,
121,2,451,300,603,456,1.0012,0.0046,0.0055,0.9947,9.3158,9.6794,
122,2,451,300,603,456,0.9963,-0.0024,0.0008,1.0092,10.0521,8.8405,
123,2,451,300,603,456,1.0027,0.0046,-0.0049,1.0013,8.8279,9.9487,
124,2,451,300,603,456,0.9935,0.0110,-0.0195,1.0056,8.6244,10.1003,
125,2,451,298,602,456,0.9915,0.0226,-0.0055,1.0150,7.7070,7.7771,
126,2,449,296,601,454,1.0042,0.0386,-0.0338,0.9997,4.8255,10.3472,
127,2,447,295,599,451,1.0008,0.0611,-0.0578,0.9925,2.8931,12.4257,
128,2,445,295,598,446,1.0098,0.0622,-0.0667,0.9710,2.1571,14.3091,
129,2,442,294,598,441,1.0207,0.0840,-0.0536,0.9720,0.1185,12.8962,
130,2,439,278,584,436,1.0174,0.0769,-0.0434,0.9969,1.4547,10.2700,
131,2,436,275,585,433,1.0261,0.0537,-0.0497,1.0052,1.9709,9.7740,
132,2,435,272,584,430,0.9998,0.0612,-0.0335,0.9964,3.8485,9.2269,
133,2,434,269,583,427,1.0036,0.0479,-0.0365,1.0049,4.5135,8.7685,
134,2,434,266,582,424,0.9948,0.0432,-0.0393,1.0024,5.9969,9.2348,
135,2,434,263,581,421,0.9975,0.0362,-0.0409,0.9953,6.2413,9.8020,
136,2,433,260,580,417,1.0012,0.0295,-0.0314,0.9970,6.2994,8.7390,
137,2,432,257,579,413,0.9977,0.0346,-0.0355,0.9984,5.9310,8.6688,
138,2,431,254,577,410,0.9962,0.0390,-0.0384,0.9998,5.3929,8.9141,
139,2,429,251,575,407,0.9979,0.0449,-0.0443,1.0026,4.2399,9.3780,
140,2,417,263,578,393,0.9972,0.0498,-0.0487,1.0040,3.6534,9.4914,
141,2,415,260,576,390,0.9977,0.0558,-0.0461,0.9955,3.9865,10.4213,
142,2,414,257,574,388,0.9951,0.0727,-0.0489,1.0084,3.5429,10.0971,
143,2,413,254,572,385,0.9934,0.0494,-0.0452,1.0028,4.8581,10.1748,
144,2,412,252,569,382,0.9913,0.0471,-0.0373,0.9991,5.2438,10.0129,
145,2,411,250,567,380,0.9926,0.0398,-0.0373,0.9993,5.7800,10.3921,
146,2,410,248,565,378,0.9966,0.0329,-0.0262,0.9999,6.0420,9.8700,
147,2,409,247,563,377,0.9969,0.0263,-0.0218,0.9999,6.4319,9.9441,
148,2,408,247,560,375,0.9892,0.0256,-0.0178,0.9888,6.9822,10.8432,
149,2,407,247,558,373,0.9994,0.0220,-0.0262,0.9922,6.6333,11.0069,
150,2,408,244,521,371,0.9965,0.0178,-0.0166,0.9998,6.9613,10.4918,
151,2,407,244,519,371,0.9935,0.0297,-0.0280,1.0006,6.3753,11.0838,
152,2,405,244,518,371,1.0078,0.0322,-0.0339,0.9949,5.3560,11.5982,
153,2,404,244,516,370,0.9973,0.0375,-0.0381,0.9904,5.7647,11.9742,
154,2,402,244,514,370,1.0023,0.0284,-0.0290,0.9981,5.8479,11.0068,
155,2,400,244,513,369,1.0030,0.0277,-0.0234,0.9965,6.0445,10.6245,
156,2,398,244,511,369,0.9994,0.0245,-0.0182,1.0010,6.3782,10.2686,
157,2,397,244,509,368,0.9959,0.0162,-0.0149,0.9964,7.1193,10.2722,
158,2,396,244,506,369,0.9864,-0.0000,-0.0088,1.0074,8.4791,9.5788,
159,2,395,244,504,369,0.9969,0.0097,-0.0068,0.9993,7.5425,10.0668,
160,2,377,245,530,353,0.9928,0.0100,-0.0122,0.9979,7.8538,10.4745,
161,2,377,245,530,353,0.9983,0.0162,-0.0123,0.9992,7.3876,10.8173,
162,2,377,245,530,353,1.0005,0.0200,-0.0167,0.9971,7.2530,11.2792,
163,2,377,245,530,353,0.9990,0.0282,-0.0162,1.0000,7.0334,11.1581,
164,2,377,246,528,353,0.9920,0.0279,-0.0271,0.9915,7.4956,12.3591,
165,2,377,246,528,353,0.9958,0.0169,-0.0173,0.9951,7.8640,11.5181,
166,2,377,246,528,353,1.0011,0.0352,-0.0216,0.9974,7.0031,12.0036,
167,2,377,246,528,353,1.0012,0.0228,-0.0227,0.9919,7.6404,12.2955,
168,2,377,246,528,353,0.9943,0.0207,-0.0171,0.9965,8.3709,12.0348,
169,2,377,246,528,353,0.9990,0.0137,-0.0100,0.9971,8.4027,11.5371,
170,2,359,252,516,345,1.0024,0.0158,-0.0063,1.0014,8.2569,11.1621,
171,2,359,252,516,345,0.9980,0.0099,-0.0122,0.9977,8.8419,11.9192,
172,2,359,254,515,346,0.9958,0.0055,-0.0138,0.9962,9.1806,12.1117,
173,2,359,254,515,346,0.9994,0.0113,-0.0068,0.9997,8.7083,11.4449,
174,2,359,256,514,347,0.9962,0.0157,-0.0090,0.9945,8.7296,11.8183,
175,2,359,256,514,347,0.9960,0.0166,-0.0142,0.9967,8.6076,11.8514,
176,2,359,256,514,347,0.9981,0.0174,-0.0175,0.9894,8.4499,12.2625,
177,2,359,256,514,347,1.0028,0.0229,0.0007,1.0021,7.8817,10.6888,
178,2,359,256,514,347,1.0021,0.0181,-0.0087,0.9977,8.0893,11.2938,
179,2,359,256,514,347,1.0042,0.0208,-0.0073,0.9998,7.7938,11.1146,
180,2,354,252,508,350,1.0000,0.0029,-0.0036,0.9986,8.7198,10.9347,
181,2,354,252,508,350,0.9969,0.0034,0.0039,0.9936,8.9074,10.5839,
182,2,351,254,504,352,0.9983,-0.0056,0.0189,0.9984,6.5418,10.4158,
183,2,351,254,504,352,1.0017,-0.0027,0.0002,0.9966,9.2651,10.2737,
184,2,351,254,504,352,0.9995,-0.0023,0.0037,1.0031,9.4645,9.7380,
185,2,351,254,504,352,0.9992,-0.0062,0.0010,0.9966,9.8058,10.2505,
186,2,351,254,504,352,0.9954,0.0032,0.0039,0.9984,9.7559,10.0543,
187,2,351,254,504,352,1.0000,-0.0026,0.0023,1.0022,10.1173,10.1549,
188,2,351,254,504,352,0.9974,-0.0026,-0.0085,0.9976,10.5121,11.2063,
189,2,352,255,506,353,1.0038,0.0020,-0.0052,1.0032,10.3251,10.9465,
190,2,346,258,506,354,1.0023,0.0093,-0.0076,0.9969,9.9531,11.0979,
191,2,346,258,506,354,0.9985,0.0142,-0.0129,1.0027,9.4203,10.7140,
192,2,346,258,506,354,0.9980,0.0181,-0.0046,1.0037,8.6854,9.6466,
193,2,346,258,506,354,0.9997,0.0107,-0.0007,1.0029,8.5233,9.0643,
194,2,346,258,506,354,0.9958,0.0026,0.0048,0.9989,9.4399,9.2062,
195,2,346,258,506,354,0.9985,-0.0092,0.0076,1.0071,10.1028,9.1818,
196,2,346,258,506,354,1.0033,-0.0109,0.0080,0.9999,10.1470,9.6898,
197,2,346,258,506,354,1.0019,-0.0052,0.0044,1.0045,9.6692,9.2532,
198,2,346,257,504,354,0.9917,0.0044,0.0022,1.0044,9.0135,8.5286,
199,2,346,255,501,352,0.9861,0.0058,-0.0148,0.9935,8.7587,9.1419,
200,2,356,258,489,346,0.9916,-0.0055,0.0086,0.9963,9.1224,7.3838,
201,2,356,258,489,346,1.0003,-0.0221,0.0199,0.9921,9.8515,7.4643,
202,2,356,258,489,346,1.0094,-0.0271,0.0168,1.0088,10.4211,7.8374,
203,2,356,258,489,346,0.9934,-0.0442,-0.0112,0.9928,12.4394,10.8312,
204,2,357,260,490,348,1.0021,-0.0325,0.0096,1.0003,12.1353,10.3808,
205,2,358,261,491,350,1.0023,-0.0159,-0.0049,1.0038,11.3107,10.9913,
206,2,358,261,491,350,1.0000,-0.0035,-0.0024,1.0006,10.4981,10.6017,
207,2,358,261,491,350,0.9964,0.0067,-0.0013,0.9970,9.8730,9.9419,
208,2,358,261,491,350,0.9849,-0.0042,-0.0003,1.0041,10.3772,8.8166,
209,2,358,261,491,350,0.9964,0.0188,-0.0105,0.9947,8.7910,9.2178,
210,2,348,253,490,347,0.9992,0.0194,-0.0076,1.0034,8.6600,8.8095,
211,2,348,253,490,347,1.0017,0.0076,-0.0095,0.9994,9.2697,10.1211,
212,2,349,255,490,348,0.9956,0.0065,-0.0123,0.9956,10.1917,12.1758,
213,2,351,258,492,351,1.0006,0.0098,-0.0249,0.9993,10.6925,14.6409,
214,2,353,263,494,355,0.9980,0.0110,-0.0176,0.9974,11.3930,15.4832,
215,2,355,266,496,359,0.9977,0.0325,-0.0275,1.0059,9.8232,14.8328,
216,2,356,268,496,360,0.9958,0.0407,-0.0284,0.9935,8.3470,13.1296,
217,2,356,268,496,360,0.9915,0.0292,-0.0131,0.9930,8.6046,10.7658,
218,2,356,268,496,360,0.9921,0.0076,0.0058,0.9949,9.4214,8.7565,
219,2,356,268,496,360,0.9973,-0.0108,0.0172,0.9993,10.1759,7.5456,
220,2,348,263,496,357,0.9990,-0.0265,0.0218,1.0043,10.8632,7.0204,
221,2,348,263,496,357,1.0023,-0.0375,0.0267,1.0070,11.3361,6.4972,
222,2,348,263,496,357,1.0048,-0.0470,0.0367,0.9980,11.6638,6.4144,
223,2,348,263,496,357,0.9961,-0.0564,0.0374,0.9970,12.4638,6.4793,
224,2,348,263,496,357,1.0036,-0.0530,0.0475,1.0006,11.9315,5.8916,
225,2,348,263,496,357,1.0095,-0.0572,0.0479,1.0062,11.8673,5.7824,
226,2,348,263,496,357,0.9990,-0.0696,0.0577,1.0005,13.2769,5.6644,
227,2,348,263,496,357,1.0022,-0.0853,0.0687,0.9948,13.9146,5.1674,
228,2,348,263,496,357,0.9966,-0.0843,0.0717,0.9962,14.2600,4.8740,
229,2,348,264,498,355,1.0098,-0.0759,0.0579,0.9723,13.3914,6.1465,
230,2,344,237,496,367,0.9992,-0.0821,0.0736,0.9848,14.2854,4.9268,
231,2,346,237,498,367,0.9966,-0.0658,0.0683,1.0033,15.8712,4.1766,
232,2,348,236,499,368,0.9945,-0.0731,0.0621,1.0192,16.5657,3.5517,
233,2,350,235,501,368,0.9966,-0.0651,0.0593,1.0084,16.0363,4.3159,
234,2,352,234,503,368,1.0000,-0.0521,0.0533,1.0080,14.9049,4.8323,
235,2,354,234,505,368,0.9982,-0.0409,0.0413,0.9990,14.3167,6.1941,
236,2,356,234,508,368,1.0031,-0.0294,0.0330,1.0055,13.5477,6.6604,
237,2,359,234,510,369,0.9936,-0.0208,0.0225,1.0122,14.1025,7.3151,
238,2,361,234,513,369,1.0032,-0.0466,0.0461,1.0014,14.8428,6.2110,
239,2,363,234,515,370,0.9986,-0.0637,0.0523,1.0032,16.1984,5.5806,
240,2,363,225,509,365,0.9955,-0.0521,0.0503,0.9982,16.1366,5.8188,
241,2,366,224,512,365,0.9990,-0.0492,0.0512,1.0048,15.9330,4.9863,
242,2,379,220,516,363,0.9385,-0.2550,0.2000,1.0151,40.6994,-9.0683,
243,2,383,220,519,362,0.9888,-0.0368,0.0645,0.9937,16.5906,5.2814,
244,2,387,221,522,363,0.9949,-0.0514,0.0539,1.0006,17.3274,6.3544,
245,2,391,222,526,365,0.9987,-0.0551,0.0462,1.0094,17.3256,7.0759,
246,2,395,224,530,367,0.9946,-0.0517,0.0440,1.0028,17.4886,8.3604,
247,2,400,227,533,369,0.9866,-0.0459,0.0262,0.9955,17.5895,10.6349,
248,2,404,231,536,372,0.9917,-0.0444,0.0251,0.9930,17.0451,11.7017,
249,2,408,235,539,375,0.9924,-0.0383,0.0175,0.9903,16.3452,12.7025,
250,2,423,232,515,362,0.9845,-0.0240,0.0032,0.9902,15.9270,14.1637,
251,2,428,237,518,367,0.9845,-0.0107,-0.0122,1.0010,14.7163,14.7154,
252,2,432,242,521,372,0.9940,0.0141,-0.0194,0.9996,12.5080,15.4351,
253,2,435,248,525,377,1.0027,0.0256,-0.0152,0.9941,11.1936,15.7797,
254,2,438,254,529,382,1.0118,0.0338,-0.0192,0.9909,9.8845,16.4550,
255,2,441,260,532,388,1.0092,0.0334,-0.0330,0.9962,9.9871,17.1132,
256,2,444,266,536,393,1.0103,0.0314,-0.0303,0.9937,10.0788,17.1748,
257,2,447,272,540,398,1.0088,0.0227,-0.0287,0.9911,10.8179,16.9973,
258,2,450,278,544,403,1.0016,0.0122,-0.0185,0.9924,12.1086,16.1109,
259,2,454,284,548,407,1.0004,0.0014,-0.0143,0.9849,12.9298,16.0546,
260,2,448,278,557,403,0.9974,-0.0027,-0.0124,0.9833,13.0790,15.5655,
261,2,452,283,560,407,0.9950,-0.0043,-0.0073,0.9923,13.3161,14.5103,
262,2,455,287,563,410,1.0047,0.0054,-0.0064,0.9935,11.7657,14.0513,
263,2,457,291,566,413,1.0057,0.0099,-0.0102,0.9905,11.2002,14.0309,
264,2,458,295,569,416,1.0117,0.0149,-0.0006,0.9956,10.0527,13.0830,
265,2,459,298,571,419,1.0114,0.0145,-0.0097,0.9962,9.8012,13.4535,
266,2,460,301,573,422,1.0118,0.0204,-0.0007,1.0060,9.1688,12.2859,
267,2,460,304,576,425,1.0227,0.0256,-0.0028,0.9993,7.8695,12.5213,
268,2,459,306,578,428,1.0241,0.0406,-0.0189,1.0045,6.2472,13.0800,
269,2,455,308,585,431,1.0897,0.0292,0.1289,1.0133,4.0652,3.5130,
270,2,456,304,580,435,0.9967,-0.0108,-0.0062,1.0056,11.7666,11.1081,
271,2,458,305,581,436,0.9940,-0.0140,0.0143,1.0034,12.4461,9.5514,
272,2,460,305,583,437,1.0028,-0.0102,0.0255,1.0082,11.6862,8.2361,
273,2,461,305,585,438,1.0036,-0.0163,0.0384,1.0102,11.9633,6.9964,
274,2,463,305,587,440,0.9962,-0.0171,0.0219,1.0194,12.6773,7.7355,
275,2,465,306,588,441,0.9949,-0.0181,0.0169,1.0048,12.7147,8.9652,
276,2,467,307,589,442,0.9933,-0.0143,0.0071,1.0004,12.5190,10.2445,
277,2,469,308,590,444,0.9913,-0.0159,0.0038,1.0015,12.8136,10.6617,
278,2,471,309,591,446,0.9953,-0.0173,0.0105,1.0055,12.5285,9.8050,
279,2,471,309,591,446,0.9985,-0.0139,0.0152,1.0001,11.8216,9.0539,
280,2,468,305,586,441,0.9990,-0.0044,0.0075,1.0065,10.3920,8.8585,
281,2,468,305,586,441,1.0048,0.0099,0.0053,1.0042,8.6192,8.9792,
282,2,468,305,586,441,1.0033,0.0082,0.0059,1.0124,8.7202,8.3009,
283,2,468,305,586,441,1.0022,-0.0040,0.0043,1.0032,9.9537,9.3383,
284,2,468,305,586,441,1.0002,-0.0013,0.0075,1.0049,10.1642,9.0586,
285,2,468,305,586,441,1.0018,0.0035,0.0028,1.0002,9.7013,9.8812,
286,2,468,305,586,441,0.9970,-0.0008,-0.0017,0.9978,10.3193,10.3820,
287,2,468,305,586,441,0.9984,-0.0008,-0.0064,1.0035,10.2199,10.2141,
288,2,470,306,586,442,0.9872,-0.0095,-0.0056,0.9975,11.8200,10.7784,
289,2,470,306,586,442,1.0018,0.0018,0.0008,0.9980,9.8769,10.3508,
290,2,472,304,574,435,1.0062,-0.0004,-0.0016,0.9937,9.7998,10.9643,
291,2,470,311,582,441,1.0000,0.0000,-0.0000,1.0000,9.9997,10.0009,
292,2,470,311,582,441,1.0006,-0.0009,0.0014,0.9939,10.2157,10.7219,
293,2,470,311,582,441,1.0038,-0.0013,0.0026,0.9997,9.8298,9.8182,
294,2,470,311,582,441,0.9983,0.0140,-0.0093,1.0062,9.0675,9.6765,
295,2,470,311,582,441,0.9983,0.0043,0.0035,1.0076,9.7000,8.9160,
296,2,470,311,582,441,0.9964,0.0037,0.0021,1.0042,9.8321,9.3974,
297,2,470,311,582,441,1.0007,-0.0010,-0.0054,1.0038,10.0341,9.9565,
298,2,470,311,582,441,0.9985,0.0010,-0.0002,0.9997,10.0232,10.0680,
299,2,470,311,582,441,1.0021,0.0028,0.0031,0.9968,9.6586,10.2051,
300,2,471,313,583,441,1.0030,-0.0036,-0.0037,0.9870,10.3905,11.6923,
301,2,471,313,583,441,1.0017,-0.0006,-0.0002,1.0008,9.8688,9.8823,
302,2,471,313,583,441,0.9960,0.0115,0.0012,1.0054,9.2556,9.3632,
303,2,471,313,583,441,0.9977,0.0021,-0.0014,1.0045,9.9173,9.5940,
304,2,471,313,583,441,0.9991,0.0015,-0.0025,1.0017,9.9170,9.8816,
305,2,471,313,583,441,0.9982,0.0025,0.0003,0.9986,10.0061,10.0756,
306,2,471,313,583,441,1.0045,0.0002,0.0007,0.9979,9.6915,10.1590,
307,2,471,313,583,441,1.0013,-0.0028,-0.0039,0.9977,10.1934,10.5588,
308,2,471,313,583,441,1.0033,-0.0014,-0.0003,0.9944,10.0141,10.5069,
309,2,471,313,583,441,0.9997,0.0006,-0.0027,1.0001,10.0026,10.2117,
310,2,471,313,583,441,1.0004,0.0026,-0.0047,1.0005,9.7424,10.1171,
311,2,471,313,583,441,0.9998,0.0004,-0.0008,1.0029,9.9542,9.8261,
312,2,471,313,583,441,1.0006,-0.0009,0.0007,1.0014,10.0560,9.8118,
313,2,471,313,583,441,1.0013,0.0019,-0.0005,0.9996,9.7655,10.0557,
314,2,471,313,583,441,0.9988,-0.0006,0.0022,1.0024,10.0997,9.8366,
315,2,471,313,583,441,0.9999,-0.0021,-0.0018,0.9962,10.2264,10.3096,
316,2,471,313,583,441,1.0010,0.0019,0.0006,0.9996,9.7622,9.9909,
317,2,471,313,583,441,0.9984,0.0013,-0.0005,1.0003,10.0352,10.0364,
318,2,471,313,583,441,0.9988,-0.0002,-0.0005,0.9999,10.0415,10.0015,
319,2,471,313,583,441,0.9998,-0.0008,0.0006,0.9992,10.0560,9.9821,
320,2,471,313,583,441,0.9993,-0.0004,0.0039,0.9999,10.0233,9.7959,
321,2,471,313,583,441,0.9994,-0.0006,-0.0036,1.0008,10.0936,10.1677,
322,2,471,313,583,441,0.9992,0.0012,0.0006,0.9995,9.9481,10.0373,
323,2,471,313,583,441,1.0004,0.0002,-0.0024,0.9993,9.9687,10.0650,
324,2,471,313,583,441,0.9990,-0.0009,0.0021,1.0026,10.0664,9.7168,
325,2,471,313,583,441,0.9973,0.0002,-0.0024,0.9994,10.2834,10.1068,
326,2,471,313,583,441,1.0020,-0.0002,-0.0008,1.0007,9.9080,10.0027,
327,2,471,313,583,441,1.0040,0.0002,-0.0002,0.9996,9.7876,10.0534,
328,2,471,313,583,441,0.9995,0.0012,0.0024,0.9974,9.9633,10.0210,
329,2,471,313,583,441,1.0013,-0.0028,0.0019,1.0024,10.1249,9.8279,
330,2,471,313,583,441,1.0020,0.0014,-0.0006,1.0004,9.7353,9.9569,
331,2,471,313,583,441,1.0005,-0.0004,-0.0014,1.0022,9.9795,9.9330,
332,2,471,313,583,441,0.9988,0.0027,-0.0012,1.0019,9.8962,9.9580,
333,2,471,313,583,441,1.0022,-0.0001,-0.0008,0.9989,9.8862,10.1376,
334,2,471,313,583,441,0.9996,-0.0064,-0.0002,1.0035,10.3384,9.8409,
335,2,471,313,583,441,0.9995,0.0014,0.0012,0.9980,9.9614,9.9947,
336,2,471,313,583,441,1.0001,0.0005,-0.0004,1.0005,9.9753,9.9728,
337,2,471,313,583,441,1.0028,-0.0024,0.0040,0.9972,9.9358,9.9338,
338,2,471,313,583,441,0.9984,-0.0006,0.0009,0.9987,10.2048,9.9833,
339,2,471,313,583,441,1.0034,0.0013,0.0027,0.9997,9.7383,9.8790,
340,2,471,313,583,441,0.9990,-0.0001,0.0003,0.9991,10.0422,10.0757,
341,2,471,313,583,441,1.0008,-0.0002,0.0004,1.0003,9.9653,9.9260,
342,2,471,313,583,441,0.9986,-0.0005,0.0036,0.9978,10.1153,9.9192,
343,2,471,313,583,441,0.9985,0.0014,-0.0007,1.0034,10.0118,9.8648,
344,2,471,313,583,441,1.0002,-0.0006,0.0005,0.9995,10.0367,10.0049,
345,2,471,313,583,441,0.9999,-0.0068,-0.0021,1.0007,10.3574,10.0706,
346,2,471,313,583,441,1.0016,-0.0007,-0.0015,1.0017,9.9185,10.0229,
347,2,471,313,583,441,0.9967,0.0023,-0.0013,0.9995,10.0611,10.1114,
348,2,471,313,583,441,1.0034,-0.0000,-0.0002,1.0010,9.7853,9.9607,
349,2,471,313,583,441,0.9985,0.0003,-0.0061,1.0009,10.0025,10.2527,
350,2,471,313,583,441,1.0033,-0.0002,0.0007,0.9999,9.8250,9.9134,
351,2,471,313,583,441,1.0002,-0.0014,0.0000,0.9985,10.0105,10.0785,
352,2,471,313,583,441,1.0012,0.0003,-0.0021,1.0002,9.9592,10.1463,
353,2,471,313,583,441,1.0002,0.0007,0.0006,0.9985,9.9354,10.0455,
354,2,471,313,583,441,0.9990,-0.0011,-0.0004,1.0014,10.1178,9.9654,
355,2,471,313,583,441,1.0113,0.0159,0.0072,1.0082,8.6089,9.2095,
356,2,471,313,583,441,1.0007,-0.0066,0.0073,0.9997,10.2560,9.5808,
357,2,471,313,583,441,0.9984,-0.0004,-0.0012,0.9994,10.0963,10.1107,
358,2,471,313,583,441,1.0032,-0.0035,-0.0027,1.0010,10.0740,10.1336,
359,2,471,313,583,441,0.9972,0.0014,-0.0013,0.9986,10.0897,10.1334,
360,2,471,313,583,441,0.9976,-0.0011,0.0003,1.0011,10.2115,9.9146,
361,2,471,313,583,441,0.9955,0.0012,-0.0058,1.0000,10.1698,10.2795,
362,2,471,313,583,441,1.0015,-0.0002,0.0069,0.9969,9.9296,9.6784,
363,2,471,313,583,441,1.0017,-0.0006,-0.0034,1.0016,9.9788,10.1540,
364,2,471,313,583,441,1.0011,-0.0014,0.0010,1.0002,10.0374,9.9630,
365,2,471,313,583,441,0.9970,-0.0002,0.0013,1.0003,10.1817,9.9187,
366,2,471,313,583,441,1.0005,0.0005,-0.0027,1.0016,9.9568,10.0337,
367,2,471,313,583,441,1.0008,-0.0014,0.0008,0.9988,10.0761,9.9998,
368,2,471,313,583,441,1.0008,-0.0031,0.0039,0.9990,10.1428,9.8425,
369,2,471,313,583,441,1.0003,-0.0052,-0.0025,1.0008,10.4290,10.0433,
370,2,471,313,583,441,1.0005,-0.0000,0.0022,0.9988,9.9470,9.9736,
371,2,471,313,583,441,1.0004,0.0008,0.0012,0.9992,9.9179,9.9665,
372,2,471,313,583,441,0.9995,-0.0020,-0.0014,1.0005,10.1445,10.0352,
373,2,471,313,583,441,0.9986,0.0010,-0.0026,1.0005,10.0048,10.0786,
374,2,471,313,583,441,1.0005,-0.0004,0.0031,0.9977,10.0344,9.9892,
375,2,471,313,583,441,1.0001,0.0010,-0.0008,1.0008,9.9000,10.0131,
376,2,471,313,583,441,1.0003,-0.0016,-0.0016,0.9997,10.1080,10.1137,
377,2,471,313,583,441,1.0016,-0.0008,0.0039,0.9997,9.9366,9.8209,
378,2,471,313,583,441,1.0005,0.0017,0.0021,0.9994,9.8519,9.9287,
379,2,471,313,583,441,0.9975,0.0007,-0.0029,0.9992,10.1355,10.2296,
380,2,471,313,583,441,1.0010,0.0005,0.0003,0.9980,9.9391,10.1099,
381,2,471,313,583,441,1.0002,0.0005,0.0016,0.9989,9.9690,9.9592,
382,2,471,313,583,441,0.9966,0.0016,-0.0030,1.0016,10.1064,10.0749,
383,2,471,313,583,441,1.0004,-0.0002,0.0023,0.9992,9.9956,9.8697,
384,2,471,313,583,441,1.0008,-0.0008,-0.0018,1.0007,9.9819,9.9815,
385,2,471,313,583,441,0.9996,0.0011,-0.0010,0.9988,9.9251,10.1008,
386,2,471,313,583,441,1.0012,-0.0022,-0.0004,1.0025,10.0669,9.8883,
387,2,471,313,583,441,1.0000,-0.0007,-0.0049,0.9969,9.9991,10.3596,
388,2,471,313,583,441,0.9973,0.0001,0.0022,0.9993,10.1845,9.9320,
389,2,471,313,583,441,0.9998,-0.0019,0.0031,0.9999,10.1451,9.8200,
390,2,471,313,583,441,0.9973,0.0018,-0.0044,1.0017,9.9798,10.1208,
391,2,471,313,583,441,1.0002,0.0012,-0.0003,0.9979,9.8784,10.1346,
392,2,471,313,583,441,0.9999,-0.0004,-0.0016,0.9994,10.0491,10.0752,
393,2,471,313,583,441,1.0012,0.0001,-0.0039,1.0017,10.0136,10.2032,
394,2,471,313,583,441,0.9988,0.0010,0.0022,0.9989,9.9880,9.8997,
395,2,471,313,583,441,1.0003,-0.0006,-0.0003,0.9991,9.9668,9.9891,
396,2,471,313,583,441,0.9995,0.0009,-0.0059,1.0013,9.9503,10.2791,
397,2,471,313,583,441,1.0004,0.0007,0.0011,0.9992,9.9306,9.9579,
398,2,471,313,583,441,1.0024,-0.0021,-0.0031,1.0008,10.0895,10.1606,
399,2,471,313,583,441,0.9988,0.0010,0.0009,1.0011,9.9605,9.8562,
400,2,471,313,583,441,1.0001,0.0012,-0.0006,0.9995,9.9059,9.9731,
401,2,471,313,583,441,1.0007,0.0012,0.0007,1.0011,9.8822,9.8942,
402,2,471,313,583,441,0.9992,-0.0001,-0.0021,0.9998,10.0850,10.1209,
403,2,471,313,583,441,0.9997,0.0006,-0.0004,0.9997,9.9627,10.0504,
404,2,471,313,583,441,1.0008,-0.0016,0.0016,0.9965,10.1359,10.0466,
405,2,471,313,583,441,0.9995,-0.0002,-0.0016,1.0029,10.0154,9.9399,
406,2,471,313,583,441,0.9987,-0.0003,-0.0012,1.0043,10.0652,9.7890,
407,2,471,313,583,441,0.9999,0.0006,0.0040,1.0023,9.9758,9.6298,
408,2,471,313,583,441,1.0016,-0.0006,-0.0003,1.0013,10.0033,9.9288,
409,2,471,313,583,441,0.9980,-0.0007,-0.0004,0.9999,10.1961,10.0666,
410,2,471,313,583,441,1.0008,-0.0004,0.0014,1.0002,9.9666,9.9147,
411,2,471,313,583,441,1.0021,0.0006,-0.0019,1.0021,9.8129,9.9903,
412,2,471,313,583,441,0.9993,-0.0014,-0.0000,1.0012,10.1851,9.8977,
413,2,471,313,583,441,0.9993,-0.0005,0.0008,1.0004,10.0812,9.9147,
414,2,471,313,583,441,0.9989,-0.0007,-0.0000,0.9990,10.1454,10.0875,
415,2,471,313,583,441,0.9995,0.0014,-0.0003,0.9993,9.8793,10.0430,
416,2,471,313,583,441,1.0009,-0.0000,-0.0015,1.0005,9.9194,10.0426,
417,2,471,313,583,441,1.0002,-0.0004,0.0004,1.0011,9.9954,9.9147,
418,2,471,313,583,441,0.9998,-0.0001,0.0001,0.9988,10.0445,10.0849,
419,2,471,313,583,441,1.0025,0.0004,-0.0008,0.9992,9.8013,10.0836,
420,2,471,313,583,441,0.9982,-0.0014,-0.0006,0.9999,10.2087,10.0760,
421,2,471,313,583,441,0.9970,0.0015,0.0020,1.0007,10.0316,9.8448,
422,2,471,313,583,441,1.0013,-0.0015,0.0016,0.9991,9.9844,9.9486,
423,2,471,313,583,441,0.9999,-0.0001,0.0022,0.9988,10.0372,9.9771,
424,2,471,313,583,441,1.0026,-0.0006,-0.0010,0.9983,9.8245,10.1331,
425,2,471,313,583,441,0.9988,-0.0010,0.0024,1.0000,10.1265,9.8943,
426,2,471,313,583,441,0.9981,0.0002,0.0041,1.0013,10.0977,9.7217,
427,2,471,313,583,441,1.0001,-0.0013,-0.0027,0.9974,10.0306,10.1640,
428,2,471,313,583,441,0.9994,0.0017,0.0005,1.0002,9.9499,9.9576,
429,2,471,313,583,441,1.0004,-0.0003,-0.0013,1.0013,9.9976,9.9995,
430,2,471,313,583,441,0.9989,0.0005,-0.0007,0.9977,10.0560,10.1822,
431,2,471,313,583,441,1.0054,-0.0060,0.0092,0.9915,10.1436,10.0673,
432,2,471,313,583,441,1.0004,0.0002,0.0005,1.0013,9.9362,9.8983,
433,2,471,313,583,441,1.0041,-0.0011,0.0026,0.9940,9.8278,10.1668,
434,2,471,313,583,441,0.9957,0.0018,0.0013,1.0014,10.1786,9.8817,
435,2,471,313,583,441,1.0005,-0.0004,-0.0010,0.9991,9.9634,10.1070,
436,2,471,313,583,441,0.9998,0.0012,-0.0017,1.0011,9.9631,10.0099,
437,2,471,313,583,441,0.9975,0.0044,-0.0013,1.0002,9.7975,10.0678,
438,2,471,313,583,441,0.9986,0.0015,-0.0014,0.9985,10.0197,10.1796,
439,2,471,313,583,441,1.0009,0.0001,0.0009,1.0016,9.8986,9.8164,
440,2,471,313,583,441,0.9998,0.0010,0.0004,0.9980,9.9430,10.0647,
441,2,471,313,583,441,1.0004,-0.0013,0.0002,1.0013,10.0696,9.9196,
442,2,471,313,583,441,0.9981,0.0022,-0.0015,1.0003,9.9393,10.0384,
443,2,471,313,583,441,0.9952,0.0035,0.0029,0.9982,10.1871,9.8712,
444,2,471,313,583,441,1.0012,0.0012,0.0029,0.9991,9.8535,9.9283,
445,2,471,313,583,441,0.9982,0.0011,-0.0017,0.9998,10.0790,10.0784,
446,2,471,313,583,441,0.9972,0.0024,-0.0006,0.9998,10.0644,10.0399,
447,2,471,313,583,441,0.9997,-0.0002,-0.0023,1.0016,10.0107,10.0751,
448,2,471,313,583,441,0.9999,0.0007,0.0019,0.9996,9.9774,9.8848,
449,2,471,313,583,441,0.9993,-0.0006,-0.0019,1.0014,10.1201,10.0747,
450,2,471,313,583,441,0.9983,-0.0058,0.0008,1.0004,10.3070,10.0053,
451,2,471,313,583,441,1.0018,-0.0009,-0.0007,0.9998,9.9509,10.0352,
452,2,471,313,583,441,1.0016,0.0004,-0.0010,0.9986,9.8720,10.0770,
453,2,471,313,583,441,0.9990,0.0008,-0.0015,1.0016,10.0127,9.9722,
454,2,471,313,583,441,1.0052,-0.0010,-0.0044,0.9978,9.8029,10.3738,
455,2,471,313,583,441,1.0000,-0.0009,0.0042,0.9996,10.0753,9.7743,
456,2,471,313,583,441,1.0007,0.0014,0.0001,1.0005,9.8208,9.9100,
457,2,471,313,583,441,1.0012,-0.0017,-0.0057,0.9994,10.0319,10.3501,
458,2,471,313,583,441,1.0006,0.0005,0.0001,0.9993,9.9055,10.0290,
459,2,471,313,583,441,0.9952,0.0015,0.0027,0.9983,10.2531,9.9145,
460,2,471,313,583,441,1.0023,-0.0000,-0.0031,0.9997,9.8958,10.1986,
461,2,471,313,583,441,0.9962,0.0013,-0.0050,1.0021,10.1276,10.1654,
462,2,471,313,583,441,1.0012,0.0012,0.0016,1.0001,9.8708,9.8622,
463,2,471,313,583,441,0.9995,-0.0000,-0.0039,1.0011,9.9922,10.0730,
464,2,471,313,583,441,1.0010,0.0006,-0.0032,1.0006,9.9226,10.1329,
465,2,471,313,583,441,0.9971,0.0019,0.0042,0.9991,10.0206,9.7887,
466,2,471,313,583,441,1.0011,0.0004,-0.0014,1.0000,9.9458,10.0861,
467,2,471,313,583,441,0.9988,-0.0007,-0.0012,0.9987,10.1773,10.1426,
468,2,471,313,583,441,0.9995,-0.0010,0.0005,1.0035,10.0727,9.8234,
469,2,471,313,583,441,0.9993,-0.0001,-0.0066,1.0010,9.9903,10.2371,
470,2,471,313,583,441,0.9994,-0.0003,0.0002,0.9994,10.0381,10.0250,
471,2,471,313,583,441,1.0012,-0.0014,-0.0050,1.0006,9.9830,10.2768,
472,2,471,313,583,441,0.9981,0.0016,0.0019,1.0001,10.0075,9.9250,
473,2,471,313,583,441,1.0036,-0.0012,-0.0020,1.0001,9.8744,10.0807,
474,2,471,313,583,441,0.9999,-0.0001,0.0047,0.9974,10.0162,9.7929,
475,2,471,313,583,441,1.0022,0.0026,-0.0012,0.9998,9.6632,10.0550,
476,2,471,313,583,441,1.0010,-0.0002,0.0003,0.9979,9.9638,10.1163,
477,2,471,313,583,441,1.0007,-0.0001,-0.0012,1.0023,9.9414,9.9810,
478,2,471,313,583,441,0.9997,-0.0007,0.0004,0.9992,10.0614,10.0658,
479,2,471,313,583,441,0.9965,0.0021,-0.0006,1.0027,10.0109,9.8710,
480,2,471,313,583,441,1.0019,-0.0019,0.0021,0.9986,9.9835,9.9170,
481,2,471,313,583,441,0.9993,0.0010,-0.0008,0.9997,9.9602,10.0908,
482,2,471,313,583,441,1.0016,-0.0002,0.0019,0.9971,9.9379,10.0047,
483,2,471,313,583,441,0.9984,0.0011,-0.0025,1.0048,10.0418,9.9659,
484,2,471,313,583,441,0.9980,0.0013,0.0028,1.0008,10.0562,9.7557,
485,2,471,313,583,441,1.0013,-0.0012,-0.0015,1.0002,10.0365,10.0502,
486,2,471,313,583,441,0.9993,0.0020,0.0009,0.9992,9.9306,9.9812,
487,2,471,313,583,441,1.0059,-0.0050,-0.0017,0.9989,9.8541,10.1722,
488,2,471,313,583,441,0.9996,-0.0005,-0.0009,1.0021,10.0664,9.9460,
489,2,471,313,583,441,0.9992,0.0013,-0.0030,1.0001,9.9841,10.1952,
490,2,471,313,583,441,1.0002,-0.0002,-0.0002,0.9988,9.9548,10.1070,
491,2,471,313,583,441,1.0015,0.0001,0.0016,0.9995,9.9234,9.9568,
492,2,471,313,583,441,1.0010,-0.0007,-0.0001,1.0004,9.9558,9.9392,
493,2,471,313,583,441,1.0001,-0.0056,0.0005,0.9986,10.1968,10.0239,
494,2,471,313,583,441,1.0006,0.0002,-0.0017,0.9993,9.9758,10.0728,
495,2,471,313,583,441,0.9974,0.0020,0.0027,0.9993,10.0105,9.8879,
496,2,471,313,583,441,1.0000,-0.0007,0.0000,0.9980,10.0457,10.1042,
497,2,471,313,583,441,1.0000,-0.0016,-0.0032,1.0026,10.0797,10.0222,
498,2,471,313,583,441,1.0005,0.0011,0.0003,1.0000,9.9436,9.9878,
499,2,471,313,583,441,0.9990,-0.0016,-0.0042,1.0023,10.1711,10.1661,
500,2,471,313,583,441,0.9994,0.0062,0.0028,0.9989,9.7175,9.8593,
501,2,471,313,583,441,1.0006,0.0016,0.0107,1.0047,9.8437,9.0201,
502,2,471,313,583,441,1.0000,0.0002,0.0019,0.9961,9.9862,10.0259,
503,2,471,313,583,441,1.0011,-0.0008,-0.0037,0.9987,9.9813,10.2793,
504,2,471,313,583,441,0.9998,-0.0025,-0.0015,1.0012,10.2010,9.9705,
505,2,471,313,583,441,1.0043,-0.0012,0.0037,0.9976,9.8145,9.9355,
506,2,471,313,583,441,1.0003,0.0002,0.0002,1.0001,9.9522,9.9447,
507,2,471,313,583,441,0.9990,0.0004,-0.0011,1.0010,10.0123,10.0089,
508,2,471,313,583,441,0.9970,0.0017,-0.0033,0.9988,10.0686,10.2484,
509,2,471,313,583,441,1.0004,-0.0000,0.0021,0.9992,9.9483,9.9412,
510,2,471,313,583,441,0.9987,0.0006,-0.0019,1.0004,10.0469,10.0812,
511,2,471,313,583,441,1.0017,-0.0001,-0.0025,1.0030,9.9176,9.9694,
512,2,471,313,583,441,0.9994,-0.0009,0.0030,1.0005,10.0533,9.8011,
513,2,471,313,583,441,1.0010,-0.0014,-0.0021,0.9998,9.9524,10.1535,
514,2,471,313,583,441,1.0004,0.0006,-0.0046,0.9975,9.9502,10.4382,
515,2,471,313,583,441,0.9995,0.0001,0.0007,0.9979,10.0314,10.0758,
516,2,471,313,583,441,0.9953,0.0034,0.0024,0.9974,10.1276,9.9713,
517,2,471,313,583,441,1.0016,-0.0010,-0.0021,1.0010,9.9720,10.0991,
518,2,471,313,583,441,0.9980,0.0020,-0.0011,1.0000,9.9738,10.0377,
519,2,471,313,583,441,1.0001,-0.0008,0.0019,0.9995,9.9868,9.9672,
520,2,471,313,583,441,0.9991,0.0009,-0.0040,1.0012,9.9500,10.1013,
521,2,471,313,583,441,1.0024,-0.0014,-0.0016,0.9993,9.9768,10.1161,
522,2,471,313,583,441,0.9997,0.0006,-0.0017,1.0019,9.9929,9.9683,
523,2,471,313,583,441,0.9999,0.0001,-0.0001,0.9971,10.0075,10.2202,
524,2,471,313,583,441,0.9946,-0.0054,-0.0004,1.0008,10.5682,10.0107,
525,2,471,313,583,441,0.9998,0.0015,-0.0010,1.0002,9.8485,10.0150,
526,2,471,313,583,441,1.0004,-0.0028,-0.0040,1.0010,10.1952,10.1366,
527,2,471,313,583,441,1.0014,0.0003,0.0013,0.9989,9.8965,9.9817,
528,2,471,313,583,441,1.0029,-0.0018,-0.0014,1.0001,9.9030,10.0698,
529,2,471,313,583,441,0.9969,0.0014,-0.0002,0.9994,10.0562,10.0548,
530,2,471,313,583,441,1.0009,0.0021,-0.0020,1.0015,9.7992,10.0457,
531,2,471,313,583,441,1.0006,-0.0015,-0.0038,1.0012,10.0226,10.1461,
532,2,471,313,583,441,0.9999,-0.0003,0.0045,0.9997,10.0418,9.7922,
533,2,471,313,583,441,0.9986,0.0016,-0.0009,1.0004,9.9952,10.0194,
534,2,471,313,583,441,0.9994,0.0002,0.0002,0.9998,10.0079,10.0187,
535,2,471,313,583,441,0.9985,0.0014,-0.0055,1.0019,9.9913,10.1552,
536,2,471,313,583,441,1.0008,-0.0026,0.0045,0.9982,10.1200,9.7324,
537,2,471,313,583,441,0.9985,0.0005,-0.0021,0.9977,10.0757,10.1442,
538,2,471,313,583,441,1.0006,-0.0003,0.0013,1.0010,9.9713,9.9400,
539,2,471,313,583,441,0.9979,0.0019,-0.0026,1.0006,10.0151,10.1206,
540,2,471,313,583,441,1.0034,-0.0010,0.0011,1.0006,9.8859,9.9550,
541,2,471,313,583,441,1.0007,0.0009,-0.0033,0.9964,9.9570,10.3218,
542,2,471,313,583,441,0.9987,0.0012,0.0028,1.0027,9.9653,9.7179,
543,2,471,313,583,441,0.9990,-0.0007,0.0069,0.9923,10.0616,9.8654,
544,2,471,313,583,441,0.9997,0.0005,0.0005,1.0010,9.9920,9.9505,
545,2,471,313,583,441,0.9973,0.0013,-0.0028,0.9997,10.0779,10.1645,
546,2,471,313,583,441,1.0053,-0.0010,-0.0002,0.9994,9.7413,10.0353,
547,2,471,313,583,441,0.9977,0.0008,0.0016,1.0008,10.1054,9.8397,
548,2,471,313,583,441,0.9995,-0.0003,-0.0006,0.9992,10.0223,10.0741,
549,2,471,313,583,441,0.9972,-0.0018,0.0014,1.0006,10.3376,9.8387,
550,2,471,313,583,441,1.0018,0.0019,-0.0015,1.0001,9.8044,10.0936,
551,2,471,313,583,441,0.9993,-0.0008,-0.0025,0.9999,10.0747,10.1668,
552,2,471,313,583,441,1.0013,-0.0000,-0.0010,0.9995,9.9718,10.1486,
553,2,471,313,583,441,0.9979,-0.0003,-0.0055,1.0015,10.1098,10.1461,
554,2,471,313,583,441,1.0017,-0.0007,0.0030,1.0024,9.9355,9.6137,
555,2,471,313,583,441,1.0013,-0.0024,-0.0029,1.0000,10.0601,10.0820,
556,2,471,313,583,441,1.0003,0.0014,0.0002,0.9994,9.8865,10.0536,
557,2,471,313,583,441,1.0013,-0.0007,-0.0004,1.0006,9.9588,10.0786,
558,2,471,313,583,441,0.9955,0.0014,0.0008,1.0018,10.1345,9.7630,
559,2,471,313,583,441,1.0023,-0.0005,0.0020,0.9998,9.9075,9.8566,
560,2,471,313,583,441,0.9984,0.0012,-0.0009,0.9978,10.0309,10.2423,
561,2,471,313,583,441,1.0020,0.0004,0.0027,0.9980,9.8517,9.9811,
562,2,471,313,583,441,0.9996,-0.0005,-0.0007,1.0008,10.0280,10.0635,
563,2,471,313,583,441,1.0008,0.0002,0.0000,0.9998,9.9108,9.9238,
564,2,471,313,583,441,1.0004,-0.0023,-0.0009,1.0009,10.1357,9.9532,
565,2,471,313,583,441,0.9999,0.0009,-0.0012,1.0007,9.9400,9.9895,
566,2,471,313,583,441,0.9982,-0.0006,0.0021,1.0014,10.1470,9.8381,
567,2,471,313,583,441,1.0014,0.0023,-0.0034,0.9989,9.7883,10.2860,
568,2,471,313,583,441,1.0007,-0.0003,-0.0013,1.0009,9.9503,10.0710,
569,2,471,313,583,441,0.9990,-0.0002,-0.0028,0.9994,10.0797,10.1472,
570,2,471,313,583,441,1.0031,-0.0011,0.0019,1.0004,9.8626,9.8273,
571,2,471,313,583,441,1.0008,0.0000,-0.0027,1.0009,9.9186,10.0693,
572,2,471,313,583,441,0.9998,-0.0001,0.0017,1.0005,10.0290,9.9182,
573,2,471,313,583,441,0.9992,0.0004,-0.0016,0.9996,10.0199,10.1894,
574,2,471,313,583,441,1.0020,0.0002,-0.0013,0.9980,9.8844,10.1847,
575,2,471,313,583,441,0.9968,0.0003,0.0034,1.0007,10.1154,9.7181,
576,2,471,313,583,441,0.9996,-0.0076,-0.0009,0.9997,10.3762,10.0508,
577,2,471,313,583,441,1.0019,0.0058,-0.0001,0.9984,9.6597,10.1636,
578,2,471,313,583,441,1.0126,0.0168,0.0086,1.0088,8.4633,9.1271,
579,2,471,313,583,441,1.0001,-0.0003,0.0009,1.0038,9.9867,9.6867,
580,2,471,313,583,441,1.0026,-0.0021,-0.0038,0.9966,10.0192,10.4314,
581,2,471,313,583,441,0.9995,0.0019,0.0008,0.9996,9.9085,9.9868,
582,2,471,313,583,441,1.0006,-0.0006,0.0036,0.9972,10.0213,9.8779,
583,2,471,313,583,441,0.9975,-0.0008,0.0031,1.0013,10.1251,9.7185,
