1,2,58,342,154,412,0.0000,0.0000,0.0000,0.0000,0.0000,0.0000,
2,2,58,342,154,412,0.0000,0.0000,0.0000,0.0000,0.0000,0.0000,
3,2,58,342,154,412,0.0000,0.0000,0.0000,0.0000,0.0000,0.0000,
4,2,58,342,154,412,0.0000,0.0000,0.0000,0.0000,0.0000,0.0000,
5,2,58,342,154,412,0.0000,0.0000,0.0000,0.0000,0.0000,0.0000,
6,2,58,342,154,412,0.0000,0.0000,0.0000,0.0000,0.0000,0.0000,
7,2,58,342,154,412,0.0000,0.0000,0.0000,0.0000,0.0000,0.0000,
8,2,58,342,154,412,0.0000,0.0000,0.0000,0.0000,0.0000,0.0000,
9,2,58,342,154,412,0.0000,0.0000,0.0000,0.0000,0.0000,0.0000,
10,2,58,342,154,412,0.0000,0.0000,0.0000,0.0000,0.0000,0.0000,
11,2,58,342,154,412,0.0000,0.0000,0.0000,0.0000,0.0000,0.0000,
12,2,58,342,154,412,0.0000,0.0000,0.0000,0.0000,0.0000,0.0000,
13,2,58,342,154,412,0.0000,0.0000,0.0000,0.0000,0.0000,0.0000,
14,2,58,342,154,412,0.0000,0.0000,0.0000,0.0000,0.0000,0.0000,
15,2,58,342,154,412,0.0000,0.0000,0.0000,0.0000,0.0000,0.0000,
16,2,58,342,154,412,0.0000,0.0000,0.0000,0.0000,0.0000,0.0000,
17,2,58,342,154,412,0.0000,0.0000,0.0000,0.0000,0.0000,0.0000,
18,2,58,342,154,412,0.0000,0.0000,0.0000,0.0000,0.0000,0.0000,
19,2,58,342,154,412,0.0000,0.0000,0.0000,0.0000,0.0000,0.0000,
20,2,58,342,154,412,0.0000,0.0000,0.0000,0.0000,0.0000,0.0000,
21,2,58,342,154,412,0.0000,0.0000,0.0000,0.0000,0.0000,0.0000,
22,2,58,342,154,412,0.0000,0.0000,0.0000,0.0000,0.0000,0.0000,
23,2,58,342,154,412,0.0000,0.0000,0.0000,0.0000,0.0000,0.0000,
24,2,58,342,154,412,0.0000,0.0000,0.0000,0.0000,0.0000,0.0000,
25,2,58,342,154,412,0.0000,0.0000,0.0000,0.0000,0.0000,0.0000,
26,2,58,342,154,412,0.0000,0.0000,0.0000,0.0000,0.0000,0.0000,
27,2,58,342,154,412,0.0000,0.0000,0.0000,0.0000,0.0000,0.0000,
28,2,58,342,154,412,0.0000,0.0000,0.0000,0.0000,0.0000,0.0000,
29,2,58,342,154,412,0.0000,0.0000,0.0000,0.0000,0.0000,0.0000,
30,2,58,342,154,412,0.0000,0.0000,0.0000,0.0000,0.0000,0.0000,
31,2,58,342,154,412,0.0000,0.0000,0.0000,0.0000,0.0000,0.0000,
32,2,58,342,154,412,0.0000,0.0000,0.0000,0.0000,0.0000,0.0000,
33,2,58,342,154,412,0.0000,0.0000,0.0000,0.0000,0.0000,0.0000,
34,2,58,342,154,412,0.0000,0.0000,0.0000,0.0000,0.0000,0.0000,
35,2,58,342,154,412,0.0000,0.0000,0.0000,0.0000,0.0000,0.0000,
36,2,58,342,154,412,0.0000,0.0000,0.0000,0.0000,0.0000,0.0000,
37,2,58,342,154,412,0.0000,0.0000,0.0000,0.0000,0.0000,0.0000,
38,2,58,342,154,412,0.0000,0.0000,0.0000,0.0000,0.0000,0.0000,
39,2,58,342,154,412,0.0000,0.0000,0.0000,0.0000,0.0000,0.0000,
40,2,58,342,154,412,0.0000,0.0000,0.0000,0.0000,0.0000,0.0000,
41,2,58,342,154,412,0.0000,0.0000,0.0000,0.0000,0.0000,0.0000,
42,2,58,342,154,412,0.0000,0.0000,0.0000,0.0000,0.0000,0.0000,
43,2,58,342,154,412,0.0000,0.0000,0.0000,0.0000,0.0000,0.0000,
44,2,58,342,154,412,0.0000,0.0000,0.0000,0.0000,0.0000,0.0000,
45,2,58,342,154,412,0.0000,0.0000,0.0000,0.0000,0.0000,0.0000,
46,2,58,342,154,412,0.0000,0.0000,0.0000,0.0000,0.0000,0.0000,
47,2,58,342,154,412,0.0000,0.0000,0.0000,0.0000,0.0000,0.0000,
48,2,58,342,154,412,0.0000,0.0000,0.0000,0.0000,0.0000,0.0000,
49,2,58,342,154,412,0.0000,0.0000,0.0000,0.0000,0.0000,0.0000,
50,2,58,342,154,412,0.0000,0.0000,0.0000,0.0000,0.0000,0.0000,
51,2,58,342,154,412,0.0000,0.0000,0.0000,0.0000,0.0000,0.0000,
52,2,58,342,154,412,0.0000,0.0000,0.0000,0.0000,0.0000,0.0000,
53,2,58,342,154,412,0.0000,0.0000,0.0000,0.0000,0.0000,0.0000,
54,2,58,342,154,412,0.0000,0.0000,0.0000,0.0000,0.0000,0.0000,
55,2,58,342,154,412,0.0000,0.0000,0.0000,0.0000,0.0000,0.0000,
56,2,58,342,154,412,0.0000,0.0000,0.0000,0.0000,0.0000,0.0000,
57,2,58,342,154,412,0.0000,0.0000,0.0000,0.0000,0.0000,0.0000,
58,2,58,342,154,412,0.0000,0.0000,0.0000,0.0000,0.0000,0.0000,
59,2,58,342,154,412,0.0000,0.0000,0.0000,0.0000,0.0000,0.0000,
60,2,58,342,154,412,0.0000,0.0000,0.0000,0.0000,0.0000,0.0000,
61,2,58,342,154,412,0.0000,0.0000,0.0000,0.0000,0.0000,0.0000,
62,2,58,342,154,412,0.0000,0.0000,0.0000,0.0000,0.0000,0.0000,
63,2,58,342,154,412,0.0000,0.0000,0.0000,0.0000,0.0000,0.0000,
64,2,58,342,154,412,0.0000,0.0000,0.0000,0.0000,0.0000,0.0000,
65,2,58,342,154,412,0.0000,0.0000,0.0000,0.0000,0.0000,0.0000,
66,2,58,342,154,412,0.0000,0.0000,0.0000,0.0000,0.0000,0.0000,
67,2,58,342,154,412,0.0000,0.0000,0.0000,0.0000,0.0000,0.0000,
68,2,58,342,154,412,0.0000,0.0000,0.0000,0.0000,0.0000,0.0000,
69,2,58,342,154,412,0.0000,0.0000,0.0000,0.0000,0.0000,0.0000,
70,2,58,342,154,412,0.0000,0.0000,0.0000,0.0000,0.0000,0.0000,
71,2,58,342,154,412,0.0000,0.0000,0.0000,0.0000,0.0000,0.0000,
72,2,58,342,154,412,0.0000,0.0000,0.0000,0.0000,0.0000,0.0000,
73,2,58,342,154,412,0.0000,0.0000,0.0000,0.0000,0.0000,0.0000,
74,2,58,342,154,412,0.0000,0.0000,0.0000,0.0000,0.0000,0.0000,
75,2,58,342,154,412,0.0000,0.0000,0.0000,0.0000,0.0000,0.0000,
76,2,58,342,154,412,0.0000,0.0000,0.0000,0.0000,0.0000,0.0000,
77,2,58,342,154,412,0.0000,0.0000,0.0000,0.0000,0.0000,0.0000,
78,2,58,342,154,412,0.0000,0.0000,0.0000,0.0000,0.0000,0.0000,
79,2,58,342,154,412,0.0000,0.0000,0.0000,0.0000,0.0000,0.0000,
80,2,58,342,154,412,0.0000,0.0000,0.0000,0.0000,0.0000,0.0000,
81,2,58,342,154,412,0.0000,0.0000,0.0000,0.0000,0.0000,0.0000,
82,2,58,342,154,412,0.0000,0.0000,0.0000,0.0000,0.0000,0.0000,
83,2,58,342,154,412,0.0000,0.0000,0.0000,0.0000,0.0000,0.0000,
84,2,58,342,154,412,0.0000,0.0000,0.0000,0.0000,0.0000,0.0000,
85,2,58,342,154,412,0.0000,0.0000,0.0000,0.0000,0.0000,0.0000,
86,2,58,342,154,412,0.0000,0.0000,0.0000,0.0000,0.0000,0.0000,
87,2,58,342,154,412,0.0000,0.0000,0.0000,0.0000,0.0000,0.0000,
88,2,58,342,154,412,0.0000,0.0000,0.0000,0.0000,0.0000,0.0000,
89,2,58,342,154,412,0.0000,0.0000,0.0000,0.0000,0.0000,0.0000,
90,2,58,342,154,412,0.0000,0.0000,0.0000,0.0000,0.0000,0.0000,
91,2,58,342,154,412,0.0000,0.0000,0.0000,0.0000,0.0000,0.0000,
92,2,58,342,154,412,0.0000,0.0000,0.0000,0.0000,0.0000,0.0000,
93,2,58,342,154,412,0.0000,0.0000,0.0000,0.0000,0.0000,0.0000,
94,2,58,342,154,412,0.0000,0.0000,0.0000,0.0000,0.0000,0.0000,
95,2,58,342,154,412,0.0000,0.0000,0.0000,0.0000,0.0000,0.0000,
96,2,58,342,154,412,0.0000,0.0000,0.0000,0.0000,0.0000,0.0000,
97,2,58,342,154,412,0.0000,0.0000,0.0000,0.0000,0.0000,0.0000,
98,2,58,342,154,412,0.0000,0.0000,0.0000,0.0000,0.0000,0.0000,
99,2,58,342,154,412,0.0000,0.0000,0.0000,0.0000,0.0000,0.0000,
100,2,58,342,154,412,0.0000,0.0000,0.0000,0.0000,0.0000,0.0000,
101,2,58,342,154,412,0.0000,0.0000,0.0000,0.0000,0.0000,0.0000,
102,2,58,342,154,412,0.0000,0.0000,0.0000,0.0000,0.0000,0.0000,
103,2,58,342,154,412,0.0000,0.0000,0.0000,0.0000,0.0000,0.0000,
104,2,58,342,154,412,0.0000,0.0000,0.0000,0.0000,0.0000,0.0000,
105,2,58,342,154,412,0.0000,0.0000,0.0000,0.0000,0.0000,0.0000,
106,2,58,342,154,412,0.0000,0.0000,0.0000,0.0000,0.0000,0.0000,
107,2,58,342,154,412,0.0000,0.0000,0.0000,0.0000,0.0000,0.0000,
108,2,58,342,154,412,0.0000,0.0000,0.0000,0.0000,0.0000,0.0000,
109,2,58,342,154,412,0.0000,0.0000,0.0000,0.0000,0.0000,0.0000,
110,2,58,342,154,412,0.0000,0.0000,0.0000,0.0000,0.0000,0.0000,
111,2,58,342,154,412,0.0000,0.0000,0.0000,0.0000,0.0000,0.0000,
112,2,58,342,154,412,0.0000,0.0000,0.0000,0.0000,0.0000,0.0000,
113,2,58,342,154,412,0.0000,0.0000,0.0000,0.0000,0.0000,0.0000,
114,2,58,342,154,412,0.0000,0.0000,0.0000,0.0000,0.0000,0.0000,
115,2,58,342,154,412,0.0000,0.0000,0.0000,0.0000,0.0000,0.0000,
116,2,58,342,154,412,0.0000,0.0000,0.0000,0.0000,0.0000,0.0000,
117,2,58,342,154,412,0.0000,0.0000,0.0000,0.0000,0.0000,0.0000,
118,2,58,342,154,412,0.0000,0.0000,0.0000,0.0000,0.0000,0.0000,
119,2,58,342,154,412,0.0000,0.0000,0.0000,0.0000,0.0000,0.0000,
120,2,58,342,154,412,0.0000,0.0000,0.0000,0.0000,0.0000,0.0000,
121,2,58,342,154,412,0.0000,0.0000,0.0000,0.0000,0.0000,0.0000,
122,2,58,342,154,412,0.0000,0.0000,0.0000,0.0000,0.0000,0.0000,
123,2,58,342,154,412,0.0000,0.0000,0.0000,0.0000,0.0000,0.0000,
124,2,58,342,154,412,0.0000,0.0000,0.0000,0.0000,0.0000,0.0000,
125,2,58,342,154,412,0.0000,0.0000,0.0000,0.0000,0.0000,0.0000,
126,2,58,342,154,412,0.0000,0.0000,0.0000,0.0000,0.0000,0.0000,
127,2,58,342,154,412,0.0000,0.0000,0.0000,0.0000,0.0000,0.0000,
128,2,58,342,154,412,0.0000,0.0000,0.0000,0.0000,0.0000,0.0000,
129,2,58,342,154,412,0.0000,0.0000,0.0000,0.0000,0.0000,0.0000,
130,2,58,342,154,412,0.0000,0.0000,0.0000,0.0000,0.0000,0.0000,
131,2,58,342,154,412,0.0000,0.0000,0.0000,0.0000,0.0000,0.0000,
132,2,58,342,154,412,0.0000,0.0000,0.0000,0.0000,0.0000,0.0000,
133,2,58,342,154,412,0.0000,0.0000,0.0000,0.0000,0.0000,0.0000,
134,2,58,342,154,412,0.0000,0.0000,0.0000,0.0000,0.0000,0.0000,
135,2,58,342,154,412,0.0000,0.0000,0.0000,0.0000,0.0000,0.0000,
136,2,58,342,154,412,0.0000,0.0000,0.0000,0.0000,0.0000,0.0000,
137,2,58,342,154,412,0.0000,0.0000,0.0000,0.0000,0.0000,0.0000,
138,2,58,342,154,412,0.0000,0.0000,0.0000,0.0000,0.0000,0.0000,
139,2,58,342,154,412,0.0000,0.0000,0.0000,0.0000,0.0000,0.0000,
140,2,58,342,154,412,0.0000,0.0000,0.0000,0.0000,0.0000,0.0000,
141,2,58,342,154,412,0.0000,0.0000,0.0000,0.0000,0.0000,0.0000,
142,2,58,342,154,412,0.0000,0.0000,0.0000,0.0000,0.0000,0.0000,
143,2,58,342,154,412,0.0000,0.0000,0.0000,0.0000,0.0000,0.0000,
144,2,58,342,154,412,0.0000,0.0000,0.0000,0.0000,0.0000,0.0000,
145,2,58,342,154,412,0.0000,0.0000,0.0000,0.0000,0.0000,0.0000,
146,2,58,342,154,412,0.0000,0.0000,0.0000,0.0000,0.0000,0.0000,
147,2,58,342,154,412,0.0000,0.0000,0.0000,0.0000,0.0000,0.0000,
148,2,58,342,154,412,0.0000,0.0000,0.0000,0.0000,0.0000,0.0000,
149,2,58,342,154,412,0.0000,0.0000,0.0000,0.0000,0.0000,0.0000,
150,2,58,342,154,412,0.0000,0.0000,0.0000,0.0000,0.0000,0.0000,
151,2,58,342,154,412,0.0000,0.0000,0.0000,0.0000,0.0000,0.0000,
152,2,58,342,154,412,0.0000,0.0000,0.0000,0.0000,0.0000,0.0000,
153,2,58,342,154,412,0.0000,0.0000,0.0000,0.0000,0.0000,0.0000,
154,2,58,342,154,412,0.0000,0.0000,0.0000,0.0000,0.0000,0.0000,
155,2,58,342,154,412,0.0000,0.0000,0.0000,0.0000,0.0000,0.0000,
156,2,58,342,154,412,0.0000,0.0000,0.0000,0.0000,0.0000,0.0000,
157,2,58,342,154,412,0.0000,0.0000,0.0000,0.0000,0.0000,0.0000,
158,2,58,342,154,412,0.0000,0.0000,0.0000,0.0000,0.0000,0.0000,
159,2,58,342,154,412,0.0000,0.0000,0.0000,0.0000,0.0000,0.0000,
160,2,58,342,154,412,0.0000,0.0000,0.0000,0.0000,0.0000,0.0000,
161,2,58,342,154,412,0.0000,0.0000,0.0000,0.0000,0.0000,0.0000,
162,2,58,342,154,412,0.0000,0.0000,0.0000,0.0000,0.0000,0.0000,
163,2,58,342,154,412,0.0000,0.0000,0.0000,0.0000,0.0000,0.0000,
164,2,58,342,154,412,0.0000,0.0000,0.0000,0.0000,0.0000,0.0000,
165,2,58,342,154,412,0.0000,0.0000,0.0000,0.0000,0.0000,0.0000,
166,2,58,342,154,412,0.0000,0.0000,0.0000,0.0000,0.0000,0.0000,
167,2,58,342,154,412,0.0000,0.0000,0.0000,0.0000,0.0000,0.0000,
168,2,58,342,154,412,0.0000,0.0000,0.0000,0.0000,0.0000,0.0000,
169,2,58,342,154,412,0.0000,0.0000,0.0000,0.0000,0.0000,0.0000,
170,2,58,342,154,412,0.0000,0.0000,0.0000,0.0000,0.0000,0.0000,
171,2,58,342,154,412,0.0000,0.0000,0.0000,0.0000,0.0000,0.0000,
172,2,58,342,154,412,0.0000,0.0000,0.0000,0.0000,0.0000,0.0000,
173,2,58,342,154,412,0.0000,0.0000,0.0000,0.0000,0.0000,0.0000,
174,2,58,342,154,412,0.0000,0.0000,0.0000,0.0000,0.0000,0.0000,
175,2,58,342,154,412,0.0000,0.0000,0.0000,0.0000,0.0000,0.0000,
176,2,58,342,154,412,0.0000,0.0000,0.0000,0.0000,0.0000,0.0000,
177,2,58,342,154,412,0.0000,0.0000,0.0000,0.0000,0.0000,0.0000,
178,2,58,342,154,412,0.0000,0.0000,0.0000,0.0000,0.0000,0.0000,
179,2,58,342,154,412,0.0000,0.0000,0.0000,0.0000,0.0000,0.0000,
180,2,58,342,154,412,0.0000,0.0000,0.0000,0.0000,0.0000,0.0000,
181,2,58,342,154,412,0.0000,0.0000,0.0000,0.0000,0.0000,0.0000,
182,2,58,342,154,412,0.0000,0.0000,0.0000,0.0000,0.0000,0.0000,
183,2,58,342,154,412,0.0000,0.0000,0.0000,0.0000,0.0000,0.0000,
184,2,58,342,154,412,0.0000,0.0000,0.0000,0.0000,0.0000,0.0000,
185,2,58,342,154,412,0.0000,0.0000,0.0000,0.0000,0.0000,0.0000,
186,2,58,342,154,412,0.0000,0.0000,0.0000,0.0000,0.0000,0.0000,
187,2,58,342,154,412,0.0000,0.0000,0.0000,0.0000,0.0000,0.0000,
188,2,58,342,154,412,0.0000,0.0000,0.0000,0.0000,0.0000,0.0000,
189,2,58,342,154,412,0.0000,0.0000,0.0000,0.0000,0.0000,0.0000,
190,2,58,342,154,412,0.0000,0.0000,0.0000,0.0000,0.0000,0.0000,
191,2,58,342,154,412,0.0000,0.0000,0.0000,0.0000,0.0000,0.0000,
192,2,58,342,154,412,0.0000,0.0000,0.0000,0.0000,0.0000,0.0000,
193,2,58,342,154,412,0.0000,0.0000,0.0000,0.0000,0.0000,0.0000,
194,2,58,342,154,412,0.0000,0.0000,0.0000,0.0000,0.0000,0.0000,
195,2,58,342,154,412,0.0000,0.0000,0.0000,0.0000,0.0000,0.0000,
196,2,58,342,154,412,0.0000,0.0000,0.0000,0.0000,0.0000,0.0000,
197,2,58,342,154,412,0.0000,0.0000,0.0000,0.0000,0.0000,0.0000,
198,2,58,342,154,412,0.0000,0.0000,0.0000,0.0000,0.0000,0.0000,
199,2,58,342,154,412,0.0000,0.0000,0.0000,0.0000,0.0000,0.0000,
200,2,58,342,154,412,0.0000,0.0000,0.0000,0.0000,0.0000,0.0000,
201,2,60,345,153,410,1.0001,0.0003,0.0001,1.0000,9.9823,9.9983,
202,2,60,345,153,410,0.9975,0.0013,0.0041,1.0018,10.0928,9.6834,
203,2,60,345,153,410,1.0095,-0.0049,-0.0014,0.9898,9.9311,10.4251,
204,2,60,345,153,410,0.9949,0.0027,-0.0016,1.0006,10.2356,10.0655,
205,2,60,345,153,410,1.0036,0.0272,0.0089,0.9990,8.9290,9.5367,
206,2,60,345,153,410,1.0017,0.0097,-0.0048,0.9952,9.4469,10.4188,
207,2,60,345,153,410,1.0002,-0.0006,-0.0006,1.0010,9.9657,10.0082,
208,2,60,345,153,410,1.0028,0.0232,-0.0032,0.9899,9.2294,10.4682,
209,2,60,345,153,410,1.0041,-0.0285,0.0005,0.9994,11.0468,10.0471,
210,2,60,345,153,410,0.9945,-0.0053,-0.0055,0.9994,10.4836,10.2958,
211,2,60,345,153,410,0.9999,-0.0043,0.0041,0.9979,10.1428,9.8737,
212,2,60,345,153,410,1.0001,0.0046,-0.0003,1.0021,9.8884,9.9146,
213,2,60,345,153,410,1.0049,-0.0114,0.0045,0.9952,10.2420,9.9608,
214,2,60,345,153,410,0.9985,0.0006,-0.0016,1.0022,10.0510,10.0104,
215,2,60,345,153,410,1.0006,0.0027,-0.0009,1.0011,9.8608,10.0572,
216,2,60,345,153,410,0.9889,0.0270,-0.0048,1.0059,9.4072,9.9134,
217,2,60,345,153,410,1.0010,-0.0005,0.0029,1.0012,9.8606,9.8477,
218,2,60,345,153,410,0.9987,0.0008,-0.0037,0.9942,9.8029,10.3416,
219,2,60,345,153,410,1.0070,0.0036,-0.0043,0.9801,9.4395,10.5978,
220,2,60,345,153,410,1.0103,-0.0589,0.0196,0.9696,11.7090,9.6802,
221,2,60,345,153,410,1.0163,-0.0100,0.0169,0.9830,9.6266,9.2557,
222,2,62,345,153,411,0.9818,0.0710,-0.0089,1.0144,9.1751,10.0278,
223,2,62,345,153,411,0.9976,-0.0084,-0.0103,1.0070,10.5848,10.1338,
224,2,63,345,155,410,1.0133,0.0408,-0.0351,0.9798,9.1727,11.6145,
225,2,65,345,156,408,0.9946,0.0134,-0.0343,0.9724,10.6830,11.3122,
226,2,67,344,157,406,0.9908,0.0205,-0.0232,0.9853,10.9838,9.9420,
227,2,69,344,158,404,0.9901,0.0066,-0.0130,0.9681,11.1210,9.9007,
228,2,70,343,159,402,1.0028,0.0093,-0.0025,0.9854,10.4293,8.3744,
229,2,73,342,159,399,0.9760,0.0054,-0.0159,0.9738,11.8694,8.9416,
230,2,75,341,160,395,0.9963,-0.0083,-0.0383,0.9555,11.2839,9.7957,
231,2,75,338,162,391,1.0161,-0.0027,0.0057,0.9701,9.8022,6.5638,
232,2,76,335,163,387,1.0002,-0.0298,0.0102,0.9866,11.4820,5.6758,
233,2,77,331,164,383,1.0055,0.0001,0.0472,0.9979,10.1726,3.4243,
234,2,79,327,165,379,0.9916,-0.0011,0.0268,0.9972,11.3514,4.6815,
235,2,82,325,165,376,0.9751,0.0066,0.0045,0.9745,11.8670,7.7907,
236,2,83,325,168,373,1.0198,-0.0921,0.0413,0.9488,13.1580,7.3289,
237,2,85,323,169,373,0.9838,0.0182,0.0343,1.0428,11.5233,5.8082,
238,2,85,323,172,371,1.0340,0.0652,-0.0034,0.9708,7.8801,9.1655,
239,2,85,323,172,371,0.9830,0.0203,-0.0084,1.0096,10.1264,8.7928,
240,2,85,323,172,371,1.0131,0.1354,0.0158,1.0341,5.1128,7.5271,
241,2,84,321,172,370,1.0078,0.0266,0.0308,1.0282,8.2192,6.1842,
242,2,84,321,172,370,1.0044,-0.0031,0.0155,0.9959,9.3451,7.6183,
243,2,85,318,171,372,0.9850,0.0157,0.0206,1.0872,9.8896,5.7595,
244,2,86,319,171,366,0.9903,0.0014,-0.0304,0.8678,10.2956,12.0451,
245,2,86,317,173,367,1.0252,0.0580,-0.0077,1.0649,7.6301,7.4974,
246,2,87,316,174,365,0.9999,0.0364,-0.0195,0.9748,9.5789,9.7312,
247,2,87,315,183,365,1.1002,0.3833,0.0070,1.0263,-0.0392,7.8261,
248,2,93,314,180,363,0.9126,0.0752,-0.0652,0.9942,13.5299,11.3941,
249,2,95,313,180,362,0.9790,0.0230,0.0043,1.0105,10.8268,7.8248,
250,2,96,311,180,362,0.9795,0.0102,0.0068,1.0307,10.5628,7.1953,
251,2,82,281,163,340,1.0000,-0.0000,-0.0000,1.0000,10.0000,9.9999,
252,2,82,281,163,340,0.9932,-0.0213,-0.0004,0.9955,10.9815,8.3761,
253,2,84,279,163,339,0.9807,-0.0098,-0.0100,1.0148,11.4164,8.1805,
254,2,86,279,163,337,0.9772,0.0042,-0.0259,0.9719,11.0758,10.4502,
255,2,90,277,161,337,0.9298,-0.0460,0.0068,1.0187,14.7087,7.7125,
256,2,93,278,160,335,0.9362,-0.0361,-0.0528,0.9556,14.0423,12.0871,
257,2,95,276,160,335,0.9611,0.0068,-0.0241,1.0237,11.5967,8.8126,
258,2,96,274,161,334,1.0002,-0.0017,0.0073,1.0222,10.2945,7.3694,
259,2,98,273,160,332,0.9648,-0.0670,0.0189,0.9861,13.2636,7.8876,
260,2,99,272,161,330,0.9979,-0.0692,0.0137,0.9843,12.4173,8.0296,
261,2,101,272,161,328,0.9688,-0.0725,0.0021,0.9711,13.5079,9.1475,
262,2,101,271,162,326,1.0024,-0.0125,0.0037,0.9808,10.3334,8.8092,
263,2,101,271,162,326,0.9890,-0.0025,0.0123,1.0134,10.3066,7.8421,
264,2,101,271,162,326,0.9688,-0.0311,0.0074,1.0221,11.6273,8.0254,
265,2,101,271,162,326,0.9709,-0.0677,0.0030,1.0098,11.9354,8.7552,
266,2,103,269,160,327,0.9331,-0.0918,0.0111,1.0534,13.8840,7.4569,
267,2,103,269,160,327,0.9904,-0.0685,0.0125,1.0036,11.5317,8.7905,
268,2,103,269,160,327,0.9649,0.0029,0.0257,0.9980,10.7391,8.6729,
269,2,99,268,162,327,1.0999,0.0351,0.0633,1.0249,4.7487,6.4221,
270,2,99,268,162,327,0.9942,-0.0389,-0.0028,0.9937,11.1951,10.0234,
271,2,99,268,162,327,0.9916,-0.0022,-0.0052,1.0108,10.3091,9.7805,
272,2,97,269,162,327,1.0381,-0.2448,0.0149,0.9873,14.7582,9.5717,
273,2,99,270,162,327,0.9837,0.0394,-0.0053,0.9896,9.9127,10.2021,
274,2,101,271,163,328,0.9872,0.0295,-0.0154,1.0036,10.2318,10.5676,
275,2,100,272,167,328,1.0713,0.0958,-0.0076,0.9771,6.1309,10.7200,
276,2,98,271,168,332,1.0415,-0.1130,-0.0368,1.0888,10.9190,9.9578,
277,2,95,271,171,332,1.0841,-0.0475,0.0333,1.0048,8.1413,8.3527,
278,2,98,272,172,331,0.9720,0.0366,-0.0085,0.9745,11.2735,10.7756,
279,2,99,270,173,335,1.0011,-0.0059,0.0206,1.0952,10.6204,6.7462,
280,2,96,271,171,333,1.0179,-0.2445,0.0029,0.9469,14.5635,10.5801,
281,2,96,271,171,333,1.0059,-0.0158,-0.0193,1.0220,10.7850,10.0671,
282,2,101,273,166,333,0.8679,0.0207,0.1145,0.9613,13.6844,7.5712,
283,2,97,274,169,332,1.1075,-0.1353,-0.0634,0.9663,9.7628,12.6366,
284,2,94,274,168,333,1.0243,-0.2502,0.0198,1.0103,13.6419,8.9893,
285,2,100,276,156,334,0.7544,-0.0671,0.0179,0.9972,17.7894,10.3980,
286,2,97,261,163,304,0.0000,0.0000,0.0000,0.0000,0.0000,0.0000,
287,2,101,267,161,305,1.0628,0.6047,-0.0373,0.9020,-12.0717,15.5267,
288,2,100,267,162,304,0.9634,0.2844,-0.0476,0.6942,4.6546,20.2422,
289,2,102,273,161,303,0.9960,0.1006,0.0456,0.8679,7.7184,11.5576,
290,2,100,268,160,308,0.0000,0.0000,0.0000,0.0000,0.0000,0.0000,
291,2,100,268,160,308,0.0000,0.0000,0.0000,0.0000,0.0000,0.0000,
292,2,100,268,160,308,0.0000,0.0000,0.0000,0.0000,0.0000,0.0000,
293,2,100,268,160,308,0.0000,0.0000,0.0000,0.0000,0.0000,0.0000,
294,2,100,268,160,308,0.0000,0.0000,0.0000,0.0000,0.0000,0.0000,
295,2,100,268,160,308,0.0000,0.0000,0.0000,0.0000,0.0000,0.0000,
296,2,100,268,160,308,0.0000,0.0000,0.0000,0.0000,0.0000,0.0000,
297,2,100,268,160,308,0.0000,0.0000,0.0000,0.0000,0.0000,0.0000,
298,2,100,268,160,308,0.0000,0.0000,0.0000,0.0000,0.0000,0.0000,
299,2,100,268,160,308,0.0000,0.0000,0.0000,0.0000,0.0000,0.0000,
300,2,100,268,160,308,0.0000,0.0000,0.0000,0.0000,0.0000,0.0000,
301,2,100,268,160,308,0.0000,0.0000,0.0000,0.0000,0.0000,0.0000,
302,2,100,268,160,308,0.0000,0.0000,0.0000,0.0000,0.0000,0.0000,
303,2,100,268,160,308,0.0000,0.0000,0.0000,0.0000,0.0000,0.0000,
304,2,100,268,160,308,0.0000,0.0000,0.0000,0.0000,0.0000,0.0000,
305,2,100,268,160,308,0.0000,0.0000,0.0000,0.0000,0.0000,0.0000,
306,2,100,268,160,308,0.0000,0.0000,0.0000,0.0000,0.0000,0.0000,
307,2,100,268,160,308,0.0000,0.0000,0.0000,0.0000,0.0000,0.0000,
308,2,100,268,160,308,0.0000,0.0000,0.0000,0.0000,0.0000,0.0000,
309,2,100,268,160,308,0.0000,0.0000,0.0000,0.0000,0.0000,0.0000,
310,2,100,268,160,308,0.0000,0.0000,0.0000,0.0000,0.0000,0.0000,
311,2,100,268,160,308,0.0000,0.0000,0.0000,0.0000,0.0000,0.0000,
312,2,100,268,160,308,0.0000,0.0000,0.0000,0.0000,0.0000,0.0000,
313,2,100,268,160,308,0.0000,0.0000,0.0000,0.0000,0.0000,0.0000,
314,2,100,268,160,308,0.0000,0.0000,0.0000,0.0000,0.0000,0.0000,
315,2,100,268,160,308,0.0000,0.0000,0.0000,0.0000,0.0000,0.0000,
316,2,100,268,160,308,0.0000,0.0000,0.0000,0.0000,0.0000,0.0000,
317,2,100,268,160,308,0.0000,0.0000,0.0000,0.0000,0.0000,0.0000,
318,2,100,268,160,308,0.0000,0.0000,0.0000,0.0000,0.0000,0.0000,
319,2,100,268,160,308,0.0000,0.0000,0.0000,0.0000,0.0000,0.0000,
320,2,100,268,160,308,0.0000,0.0000,0.0000,0.0000,0.0000,0.0000,
321,2,100,268,160,308,0.0000,0.0000,0.0000,0.0000,0.0000,0.0000,
322,2,100,268,160,308,0.0000,0.0000,0.0000,0.0000,0.0000,0.0000,
323,2,100,268,160,308,0.0000,0.0000,0.0000,0.0000,0.0000,0.0000,
324,2,100,268,160,308,0.0000,0.0000,0.0000,0.0000,0.0000,0.0000,
325,2,100,268,160,308,0.0000,0.0000,0.0000,0.0000,0.0000,0.0000,
326,2,100,268,160,308,0.0000,0.0000,0.0000,0.0000,0.0000,0.0000,
327,2,100,268,160,308,0.0000,0.0000,0.0000,0.0000,0.0000,0.0000,
328,2,100,268,160,308,0.0000,0.0000,0.0000,0.0000,0.0000,0.0000,
329,2,100,268,160,308,0.0000,0.0000,0.0000,0.0000,0.0000,0.0000,
330,2,100,268,160,308,0.0000,0.0000,0.0000,0.0000,0.0000,0.0000,
331,2,103,264,164,307,1.0000,-0.0000,0.0000,1.0000,10.0002,9.9998,
332,2,103,264,164,307,0.9927,-0.0348,0.0033,1.0029,11.2276,9.8334,
333,2,102,266,165,307,1.0338,0.0764,-0.0173,0.9461,6.4926,12.1438,
334,2,102,266,165,307,0.9979,0.0105,-0.0299,0.9695,9.9872,11.8985,
335,2,102,266,165,307,1.0378,0.0065,0.0117,1.0112,7.8717,9.1792,
336,2,88,277,170,310,1.2964,0.1599,-0.3836,0.8075,-7.7634,32.8029,
337,2,88,277,170,310,1.0015,-0.0257,-0.0011,1.0142,10.3807,9.8069,
338,2,89,276,170,312,0.9878,-0.0281,0.0268,1.0844,10.9985,7.3278,
339,2,89,280,171,311,1.0173,0.0404,-0.0797,0.8630,8.5388,16.3750,
340,2,89,280,171,311,1.0074,-0.0487,0.0254,1.0297,10.3706,8.4903,
341,2,100,272,164,309,1.0000,0.0000,0.0000,1.0000,9.9995,9.9991,
342,2,98,274,165,309,1.0537,0.0755,-0.0501,0.9434,6.0332,13.5351,
343,2,98,274,165,309,0.9966,-0.0073,0.0058,1.0162,10.2882,9.5248,
344,2,98,274,165,309,1.0086,0.0064,-0.0030,0.9667,9.3768,10.4512,
345,2,98,274,165,309,1.0162,0.0096,-0.0024,0.9919,8.9380,10.2019,
346,2,0,0,0,0,0.0000,0.0000,0.0000,0.0000,0.0000,0.0000,
347,2,0,0,0,0,0.0000,0.0000,0.0000,0.0000,0.0000,0.0000,
348,2,0,0,0,0,0.0000,0.0000,0.0000,0.0000,0.0000,0.0000,
349,2,0,0,0,0,0.0000,0.0000,0.0000,0.0000,0.0000,0.0000,
350,2,0,0,0,0,0.0000,0.0000,0.0000,0.0000,0.0000,0.0000,
351,2,0,0,0,0,0.0000,0.0000,0.0000,0.0000,0.0000,0.0000,
352,2,0,0,0,0,0.0000,0.0000,0.0000,0.0000,0.0000,0.0000,
353,2,0,0,0,0,0.0000,0.0000,0.0000,0.0000,0.0000,0.0000,
354,2,0,0,0,0,0.0000,0.0000,0.0000,0.0000,0.0000,0.0000,
355,2,0,0,0,0,0.0000,0.0000,0.0000,0.0000,0.0000,0.0000,
356,2,0,0,0,0,0.0000,0.0000,0.0000,0.0000,0.0000,0.0000,
357,2,0,0,0,0,0.0000,0.0000,0.0000,0.0000,0.0000,0.0000,
358,2,0,0,0,0,0.0000,0.0000,0.0000,0.0000,0.0000,0.0000,
359,2,0,0,0,0,0.0000,0.0000,0.0000,0.0000,0.0000,0.0000,
360,2,0,0,0,0,0.0000,0.0000,0.0000,0.0000,0.0000,0.0000,
361,2,0,0,0,0,0.0000,0.0000,0.0000,0.0000,0.0000,0.0000,
362,2,0,0,0,0,0.0000,0.0000,0.0000,0.0000,0.0000,0.0000,
363,2,0,0,0,0,0.0000,0.0000,0.0000,0.0000,0.0000,0.0000,
364,2,0,0,0,0,0.0000,0.0000,0.0000,0.0000,0.0000,0.0000,
365,2,0,0,0,0,0.0000,0.0000,0.0000,0.0000,0.0000,0.0000,
366,2,0,0,0,0,0.0000,0.0000,0.0000,0.0000,0.0000,0.0000,
367,2,0,0,0,0,0.0000,0.0000,0.0000,0.0000,0.0000,0.0000,
368,2,0,0,0,0,0.0000,0.0000,0.0000,0.0000,0.0000,0.0000,
369,2,0,0,0,0,0.0000,0.0000,0.0000,0.0000,0.0000,0.0000,
370,2,0,0,0,0,0.0000,0.0000,0.0000,0.0000,0.0000,0.0000,
371,2,0,0,0,0,0.0000,0.0000,0.0000,0.0000,0.0000,0.0000,
372,2,0,0,0,0,0.0000,0.0000,0.0000,0.0000,0.0000,0.0000,
373,2,0,0,0,0,0.0000,0.0000,0.0000,0.0000,0.0000,0.0000,
374,2,0,0,0,0,0.0000,0.0000,0.0000,0.0000,0.0000,0.0000,
375,2,0,0,0,0,0.0000,0.0000,0.0000,0.0000,0.0000,0.0000,
376,2,0,0,0,0,0.0000,0.0000,0.0000,0.0000,0.0000,0.0000,
377,2,0,0,0,0,0.0000,0.0000,0.0000,0.0000,0.0000,0.0000,
378,2,0,0,0,0,0.0000,0.0000,0.0000,0.0000,0.0000,0.0000,
379,2,0,0,0,0,0.0000,0.0000,0.0000,0.0000,0.0000,0.0000,
380,2,0,0,0,0,0.0000,0.0000,0.0000,0.0000,0.0000,0.0000,
381,2,0,0,0,0,0.0000,0.0000,0.0000,0.0000,0.0000,0.0000,
382,2,0,0,0,0,0.0000,0.0000,0.0000,0.0000,0.0000,0.0000,
383,2,0,0,0,0,0.0000,0.0000,0.0000,0.0000,0.0000,0.0000,
384,2,0,0,0,0,0.0000,0.0000,0.0000,0.0000,0.0000,0.0000,
385,2,0,0,0,0,0.0000,0.0000,0.0000,0.0000,0.0000,0.0000,
386,2,0,0,0,0,0.0000,0.0000,0.0000,0.0000,0.0000,0.0000,
387,2,0,0,0,0,0.0000,0.0000,0.0000,0.0000,0.0000,0.0000,
388,2,0,0,0,0,0.0000,0.0000,0.0000,0.0000,0.0000,0.0000,
389,2,0,0,0,0,0.0000,0.0000,0.0000,0.0000,0.0000,0.0000,
390,2,0,0,0,0,0.0000,0.0000,0.0000,0.0000,0.0000,0.0000,
391,2,0,0,0,0,0.0000,0.0000,0.0000,0.0000,0.0000,0.0000,
392,2,0,0,0,0,0.0000,0.0000,0.0000,0.0000,0.0000,0.0000,
393,2,0,0,0,0,0.0000,0.0000,0.0000,0.0000,0.0000,0.0000,
394,2,0,0,0,0,0.0000,0.0000,0.0000,0.0000,0.0000,0.0000,
395,2,0,0,0,0,0.0000,0.0000,0.0000,0.0000,0.0000,0.0000,
396,2,0,0,0,0,0.0000,0.0000,0.0000,0.0000,0.0000,0.0000,
397,2,0,0,0,0,0.0000,0.0000,0.0000,0.0000,0.0000,0.0000,
398,2,0,0,0,0,0.0000,0.0000,0.0000,0.0000,0.0000,0.0000,
399,2,0,0,0,0,0.0000,0.0000,0.0000,0.0000,0.0000,0.0000,
400,2,0,0,0,0,0.0000,0.0000,0.0000,0.0000,0.0000,0.0000,
401,2,0,0,0,0,0.0000,0.0000,0.0000,0.0000,0.0000,0.0000,
402,2,0,0,0,0,0.0000,0.0000,0.0000,0.0000,0.0000,0.0000,
403,2,0,0,0,0,0.0000,0.0000,0.0000,0.0000,0.0000,0.0000,
404,2,0,0,0,0,0.0000,0.0000,0.0000,0.0000,0.0000,0.0000,
405,2,0,0,0,0,0.0000,0.0000,0.0000,0.0000,0.0000,0.0000,
406,2,0,0,0,0,0.0000,0.0000,0.0000,0.0000,0.0000,0.0000,
407,2,0,0,0,0,0.0000,0.0000,0.0000,0.0000,0.0000,0.0000,
408,2,0,0,0,0,0.0000,0.0000,0.0000,0.0000,0.0000,0.0000,
409,2,0,0,0,0,0.0000,0.0000,0.0000,0.0000,0.0000,0.0000,
410,2,0,0,0,0,0.0000,0.0000,0.0000,0.0000,0.0000,0.0000,
411,2,0,0,0,0,0.0000,0.0000,0.0000,0.0000,0.0000,0.0000,
412,2,0,0,0,0,0.0000,0.0000,0.0000,0.0000,0.0000,0.0000,
413,2,0,0,0,0,0.0000,0.0000,0.0000,0.0000,0.0000,0.0000,
414,2,0,0,0,0,0.0000,0.0000,0.0000,0.0000,0.0000,0.0000,
415,2,0,0,0,0,0.0000,0.0000,0.0000,0.0000,0.0000,0.0000,
416,2,0,0,0,0,0.0000,0.0000,0.0000,0.0000,0.0000,0.0000,
417,2,0,0,0,0,0.0000,0.0000,0.0000,0.0000,0.0000,0.0000,
418,2,0,0,0,0,0.0000,0.0000,0.0000,0.0000,0.0000,0.0000,
419,2,0,0,0,0,0.0000,0.0000,0.0000,0.0000,0.0000,0.0000,
420,2,0,0,0,0,0.0000,0.0000,0.0000,0.0000,0.0000,0.0000,
421,2,0,0,0,0,0.0000,0.0000,0.0000,0.0000,0.0000,0.0000,
422,2,0,0,0,0,0.0000,0.0000,0.0000,0.0000,0.0000,0.0000,
423,2,0,0,0,0,0.0000,0.0000,0.0000,0.0000,0.0000,0.0000,
424,2,0,0,0,0,0.0000,0.0000,0.0000,0.0000,0.0000,0.0000,
425,2,0,0,0,0,0.0000,0.0000,0.0000,0.0000,0.0000,0.0000,
426,2,0,0,0,0,0.0000,0.0000,0.0000,0.0000,0.0000,0.0000,
427,2,0,0,0,0,0.0000,0.0000,0.0000,0.0000,0.0000,0.0000,
428,2,0,0,0,0,0.0000,0.0000,0.0000,0.0000,0.0000,0.0000,
429,2,0,0,0,0,0.0000,0.0000,0.0000,0.0000,0.0000,0.0000,
430,2,0,0,0,0,0.0000,0.0000,0.0000,0.0000,0.0000,0.0000,
431,2,0,0,0,0,0.0000,0.0000,0.0000,0.0000,0.0000,0.0000,
432,2,0,0,0,0,0.0000,0.0000,0.0000,0.0000,0.0000,0.0000,
433,2,0,0,0,0,0.0000,0.0000,0.0000,0.0000,0.0000,0.0000,
434,2,0,0,0,0,0.0000,0.0000,0.0000,0.0000,0.0000,0.0000,
435,2,0,0,0,0,0.0000,0.0000,0.0000,0.0000,0.0000,0.0000,
436,2,0,0,0,0,0.0000,0.0000,0.0000,0.0000,0.0000,0.0000,
437,2,0,0,0,0,0.0000,0.0000,0.0000,0.0000,0.0000,0.0000,
438,2,0,0,0,0,0.0000,0.0000,0.0000,0.0000,0.0000,0.0000,
439,2,0,0,0,0,0.0000,0.0000,0.0000,0.0000,0.0000,0.0000,
440,2,0,0,0,0,0.0000,0.0000,0.0000,0.0000,0.0000,0.0000,
441,2,0,0,0,0,0.0000,0.0000,0.0000,0.0000,0.0000,0.0000,
442,2,0,0,0,0,0.0000,0.0000,0.0000,0.0000,0.0000,0.0000,
443,2,0,0,0,0,0.0000,0.0000,0.0000,0.0000,0.0000,0.0000,
444,2,0,0,0,0,0.0000,0.0000,0.0000,0.0000,0.0000,0.0000,
445,2,0,0,0,0,0.0000,0.0000,0.0000,0.0000,0.0000,0.0000,
446,2,0,0,0,0,0.0000,0.0000,0.0000,0.0000,0.0000,0.0000,
447,2,0,0,0,0,0.0000,0.0000,0.0000,0.0000,0.0000,0.0000,
448,2,0,0,0,0,0.0000,0.0000,0.0000,0.0000,0.0000,0.0000,
449,2,0,0,0,0,0.0000,0.0000,0.0000,0.0000,0.0000,0.0000,
450,2,0,0,0,0,0.0000,0.0000,0.0000,0.0000,0.0000,0.0000,
451,2,0,0,0,0,0.0000,0.0000,0.0000,0.0000,0.0000,0.0000,
452,2,0,0,0,0,0.0000,0.0000,0.0000,0.0000,0.0000,0.0000,
453,2,0,0,0,0,0.0000,0.0000,0.0000,0.0000,0.0000,0.0000,
454,2,0,0,0,0,0.0000,0.0000,0.0000,0.0000,0.0000,0.0000,
455,2,0,0,0,0,0.0000,0.0000,0.0000,0.0000,0.0000,0.0000,
456,2,0,0,0,0,0.0000,0.0000,0.0000,0.0000,0.0000,0.0000,
457,2,0,0,0,0,0.0000,0.0000,0.0000,0.0000,0.0000,0.0000,
458,2,0,0,0,0,0.0000,0.0000,0.0000,0.0000,0.0000,0.0000,
459,2,0,0,0,0,0.0000,0.0000,0.0000,0.0000,0.0000,0.0000,
460,2,0,0,0,0,0.0000,0.0000,0.0000,0.0000,0.0000,0.0000,
461,2,0,0,0,0,0.0000,0.0000,0.0000,0.0000,0.0000,0.0000,
462,2,0,0,0,0,0.0000,0.0000,0.0000,0.0000,0.0000,0.0000,
463,2,0,0,0,0,0.0000,0.0000,0.0000,0.0000,0.0000,0.0000,
464,2,0,0,0,0,0.0000,0.0000,0.0000,0.0000,0.0000,0.0000,
465,2,0,0,0,0,0.0000,0.0000,0.0000,0.0000,0.0000,0.0000,
466,2,0,0,0,0,0.0000,0.0000,0.0000,0.0000,0.0000,0.0000,
467,2,0,0,0,0,0.0000,0.0000,0.0000,0.0000,0.0000,0.0000,
468,2,0,0,0,0,0.0000,0.0000,0.0000,0.0000,0.0000,0.0000,
469,2,0,0,0,0,0.0000,0.0000,0.0000,0.0000,0.0000,0.0000,
470,2,0,0,0,0,0.0000,0.0000,0.0000,0.0000,0.0000,0.0000,
471,2,0,0,0,0,0.0000,0.0000,0.0000,0.0000,0.0000,0.0000,
472,2,0,0,0,0,0.0000,0.0000,0.0000,0.0000,0.0000,0.0000,
473,2,0,0,0,0,0.0000,0.0000,0.0000,0.0000,0.0000,0.0000,
474,2,0,0,0,0,0.0000,0.0000,0.0000,0.0000,0.0000,0.0000,
475,2,0,0,0,0,0.0000,0.0000,0.0000,0.0000,0.0000,0.0000,
476,2,0,0,0,0,0.0000,0.0000,0.0000,0.0000,0.0000,0.0000,
477,2,0,0,0,0,0.0000,0.0000,0.0000,0.0000,0.0000,0.0000,
478,2,0,0,0,0,0.0000,0.0000,0.0000,0.0000,0.0000,0.0000,
479,2,0,0,0,0,0.0000,0.0000,0.0000,0.0000,0.0000,0.0000,
480,2,0,0,0,0,0.0000,0.0000,0.0000,0.0000,0.0000,0.0000,
481,2,0,0,0,0,0.0000,0.0000,0.0000,0.0000,0.0000,0.0000,
482,2,0,0,0,0,0.0000,0.0000,0.0000,0.0000,0.0000,0.0000,
483,2,0,0,0,0,0.0000,0.0000,0.0000,0.0000,0.0000,0.0000,
484,2,0,0,0,0,0.0000,0.0000,0.0000,0.0000,0.0000,0.0000,
485,2,0,0,0,0,0.0000,0.0000,0.0000,0.0000,0.0000,0.0000,
486,2,0,0,0,0,0.0000,0.0000,0.0000,0.0000,0.0000,0.0000,
487,2,0,0,0,0,0.0000,0.0000,0.0000,0.0000,0.0000,0.0000,
488,2,0,0,0,0,0.0000,0.0000,0.0000,0.0000,0.0000,0.0000,
489,2,0,0,0,0,0.0000,0.0000,0.0000,0.0000,0.0000,0.0000,
490,2,0,0,0,0,0.0000,0.0000,0.0000,0.0000,0.0000,0.0000,
491,2,0,0,0,0,0.0000,0.0000,0.0000,0.0000,0.0000,0.0000,
492,2,0,0,0,0,0.0000,0.0000,0.0000,0.0000,0.0000,0.0000,
493,2,0,0,0,0,0.0000,0.0000,0.0000,0.0000,0.0000,0.0000,
494,2,0,0,0,0,0.0000,0.0000,0.0000,0.0000,0.0000,0.0000,
495,2,0,0,0,0,0.0000,0.0000,0.0000,0.0000,0.0000,0.0000,
496,2,0,0,0,0,0.0000,0.0000,0.0000,0.0000,0.0000,0.0000,
497,2,0,0,0,0,0.0000,0.0000,0.0000,0.0000,0.0000,0.0000,
498,2,0,0,0,0,0.0000,0.0000,0.0000,0.0000,0.0000,0.0000,
499,2,0,0,0,0,0.0000,0.0000,0.0000,0.0000,0.0000,0.0000,
500,2,0,0,0,0,0.0000,0.0000,0.0000,0.0000,0.0000,0.0000,
501,2,0,0,0,0,0.0000,0.0000,0.0000,0.0000,0.0000,0.0000,
502,2,0,0,0,0,0.0000,0.0000,0.0000,0.0000,0.0000,0.0000,
503,2,0,0,0,0,0.0000,0.0000,0.0000,0.0000,0.0000,0.0000,
504,2,0,0,0,0,0.0000,0.0000,0.0000,0.0000,0.0000,0.0000,
505,2,0,0,0,0,0.0000,0.0000,0.0000,0.0000,0.0000,0.0000,
506,2,0,0,0,0,0.0000,0.0000,0.0000,0.0000,0.0000,0.0000,
507,2,0,0,0,0,0.0000,0.0000,0.0000,0.0000,0.0000,0.0000,
508,2,0,0,0,0,0.0000,0.0000,0.0000,0.0000,0.0000,0.0000,
509,2,0,0,0,0,0.0000,0.0000,0.0000,0.0000,0.0000,0.0000,
510,2,0,0,0,0,0.0000,0.0000,0.0000,0.0000,0.0000,0.0000,
511,2,0,0,0,0,0.0000,0.0000,0.0000,0.0000,0.0000,0.0000,
512,2,0,0,0,0,0.0000,0.0000,0.0000,0.0000,0.0000,0.0000,
513,2,0,0,0,0,0.0000,0.0000,0.0000,0.0000,0.0000,0.0000,
514,2,0,0,0,0,0.0000,0.0000,0.0000,0.0000,0.0000,0.0000,
515,2,0,0,0,0,0.0000,0.0000,0.0000,0.0000,0.0000,0.0000,
516,2,0,0,0,0,0.0000,0.0000,0.0000,0.0000,0.0000,0.0000,
517,2,0,0,0,0,0.0000,0.0000,0.0000,0.0000,0.0000,0.0000,
518,2,0,0,0,0,0.0000,0.0000,0.0000,0.0000,0.0000,0.0000,
519,2,0,0,0,0,0.0000,0.0000,0.0000,0.0000,0.0000,0.0000,
520,2,0,0,0,0,0.0000,0.0000,0.0000,0.0000,0.0000,0.0000,
521,2,0,0,0,0,0.0000,0.0000,0.0000,0.0000,0.0000,0.0000,
522,2,0,0,0,0,0.0000,0.0000,0.0000,0.0000,0.0000,0.0000,
523,2,0,0,0,0,0.0000,0.0000,0.0000,0.0000,0.0000,0.0000,
524,2,0,0,0,0,0.0000,0.0000,0.0000,0.0000,0.0000,0.0000,
525,2,0,0,0,0,0.0000,0.0000,0.0000,0.0000,0.0000,0.0000,
526,2,0,0,0,0,0.0000,0.0000,0.0000,0.0000,0.0000,0.0000,
527,2,0,0,0,0,0.0000,0.0000,0.0000,0.0000,0.0000,0.0000,
528,2,0,0,0,0,0.0000,0.0000,0.0000,0.0000,0.0000,0.0000,
529,2,0,0,0,0,0.0000,0.0000,0.0000,0.0000,0.0000,0.0000,
530,2,0,0,0,0,0.0000,0.0000,0.0000,0.0000,0.0000,0.0000,
531,2,0,0,0,0,0.0000,0.0000,0.0000,0.0000,0.0000,0.0000,
532,2,0,0,0,0,0.0000,0.0000,0.0000,0.0000,0.0000,0.0000,
533,2,0,0,0,0,0.0000,0.0000,0.0000,0.0000,0.0000,0.0000,
534,2,0,0,0,0,0.0000,0.0000,0.0000,0.0000,0.0000,0.0000,
535,2,0,0,0,0,0.0000,0.0000,0.0000,0.0000,0.0000,0.0000,
536,2,0,0,0,0,0.0000,0.0000,0.0000,0.0000,0.0000,0.0000,
537,2,0,0,0,0,0.0000,0.0000,0.0000,0.0000,0.0000,0.0000,
538,2,0,0,0,0,0.0000,0.0000,0.0000,0.0000,0.0000,0.0000,
539,2,0,0,0,0,0.0000,0.0000,0.0000,0.0000,0.0000,0.0000,
540,2,0,0,0,0,0.0000,0.0000,0.0000,0.0000,0.0000,0.0000,
541,2,0,0,0,0,0.0000,0.0000,0.0000,0.0000,0.0000,0.0000,
542,2,0,0,0,0,0.0000,0.0000,0.0000,0.0000,0.0000,0.0000,
543,2,0,0,0,0,0.0000,0.0000,0.0000,0.0000,0.0000,0.0000,
544,2,0,0,0,0,0.0000,0.0000,0.0000,0.0000,0.0000,0.0000,
545,2,0,0,0,0,0.0000,0.0000,0.0000,0.0000,0.0000,0.0000,
546,2,0,0,0,0,0.0000,0.0000,0.0000,0.0000,0.0000,0.0000,
547,2,0,0,0,0,0.0000,0.0000,0.0000,0.0000,0.0000,0.0000,
548,2,0,0,0,0,0.0000,0.0000,0.0000,0.0000,0.0000,0.0000,
549,2,0,0,0,0,0.0000,0.0000,0.0000,0.0000,0.0000,0.0000,
550,2,0,0,0,0,0.0000,0.0000,0.0000,0.0000,0.0000,0.0000,
551,2,0,0,0,0,0.0000,0.0000,0.0000,0.0000,0.0000,0.0000,
552,2,0,0,0,0,0.0000,0.0000,0.0000,0.0000,0.0000,0.0000,
553,2,0,0,0,0,0.0000,0.0000,0.0000,0.0000,0.0000,0.0000,
554,2,0,0,0,0,0.0000,0.0000,0.0000,0.0000,0.0000,0.0000,
555,2,0,0,0,0,0.0000,0.0000,0.0000,0.0000,0.0000,0.0000,
556,2,0,0,0,0,0.0000,0.0000,0.0000,0.0000,0.0000,0.0000,
557,2,0,0,0,0,0.0000,0.0000,0.0000,0.0000,0.0000,0.0000,
558,2,0,0,0,0,0.0000,0.0000,0.0000,0.0000,0.0000,0.0000,
559,2,0,0,0,0,0.0000,0.0000,0.0000,0.0000,0.0000,0.0000,
560,2,0,0,0,0,0.0000,0.0000,0.0000,0.0000,0.0000,0.0000,
561,2,0,0,0,0,0.0000,0.0000,0.0000,0.0000,0.0000,0.0000,
562,2,0,0,0,0,0.0000,0.0000,0.0000,0.0000,0.0000,0.0000,
563,2,0,0,0,0,0.0000,0.0000,0.0000,0.0000,0.0000,0.0000,
564,2,0,0,0,0,0.0000,0.0000,0.0000,0.0000,0.0000,0.0000,
565,2,0,0,0,0,0.0000,0.0000,0.0000,0.0000,0.0000,0.0000,
566,2,0,0,0,0,0.0000,0.0000,0.0000,0.0000,0.0000,0.0000,
567,2,0,0,0,0,0.0000,0.0000,0.0000,0.0000,0.0000,0.0000,
568,2,0,0,0,0,0.0000,0.0000,0.0000,0.0000,0.0000,0.0000,
