1,3,1,253,259,479,
2,3,1,253,259,479,
3,3,1,253,259,479,
4,3,1,253,259,479,
5,3,1,253,259,479,
6,3,1,253,259,479,
7,3,1,253,259,479,
8,3,1,253,259,479,
9,3,1,253,259,479,
10,3,1,253,259,479,
11,3,1,253,259,479,
12,3,1,253,259,479,
13,3,1,253,259,479,
14,3,1,253,259,479,
15,3,1,253,259,479,
16,3,1,253,259,479,
17,3,1,253,259,479,
18,3,1,253,259,479,
19,3,1,253,259,479,
20,3,1,253,259,479,
21,3,1,253,259,479,
22,3,1,253,259,479,
23,3,1,253,259,479,
24,3,1,253,259,479,
25,3,1,253,259,479,
26,3,1,253,259,479,
27,3,1,253,259,479,
28,3,1,253,259,479,
29,3,1,253,259,479,
30,3,1,253,259,479,
31,3,1,253,259,479,
32,3,1,253,259,479,
33,3,1,253,259,479,
34,3,1,253,259,479,
35,3,1,253,259,479,
36,3,1,253,259,479,
37,3,1,253,259,479,
38,3,1,253,259,479,
39,3,1,253,259,479,
40,3,1,253,259,479,
41,3,1,253,259,479,
42,3,1,253,259,479,
43,3,1,253,259,479,
44,3,1,253,259,479,
45,3,1,253,259,479,
46,3,1,253,259,479,
47,3,1,253,259,479,
48,3,1,253,259,479,
49,3,1,253,259,479,
50,3,1,253,259,479,
51,3,1,253,259,479,
52,3,1,253,259,479,
53,3,1,253,259,479,
54,3,1,253,259,479,
55,3,1,253,259,479,
56,3,1,253,259,479,
57,3,1,253,259,479,
58,3,1,253,259,479,
59,3,1,253,259,479,
60,3,1,253,259,479,
61,3,1,253,259,479,
62,3,1,253,259,479,
63,3,1,253,259,479,
64,3,1,253,259,479,
65,3,1,253,259,479,
66,3,1,253,259,479,
67,3,1,253,259,479,
68,3,1,253,259,479,
69,3,1,253,259,479,
70,3,1,253,259,479,
71,3,1,253,259,479,
72,3,1,253,259,479,
73,3,1,253,259,479,
74,3,1,253,259,479,
75,3,1,253,259,479,
76,3,1,253,259,479,
77,3,1,253,259,479,
78,3,1,253,259,479,
79,3,1,253,259,479,
80,3,1,253,259,479,
81,3,1,253,259,479,
82,3,1,253,259,479,
83,3,1,253,259,479,
84,3,1,253,259,479,
85,3,1,253,259,479,
86,3,1,253,259,479,
87,3,1,253,259,479,
88,3,1,253,259,479,
89,3,1,253,259,479,
90,3,1,253,259,479,
91,3,1,253,259,479,
92,3,1,253,259,479,
93,3,1,253,259,479,
94,3,1,253,259,479,
95,3,1,253,259,479,
96,3,1,253,259,479,
97,3,1,253,259,479,
98,3,1,253,259,479,
99,3,1,253,259,479,
100,3,1,253,259,479,
101,3,1,253,259,479,
102,3,1,253,259,479,
103,3,1,253,259,479,
104,3,1,253,259,479,
105,3,1,253,259,479,
106,3,1,253,259,479,
107,3,1,253,259,479,
108,3,1,253,259,479,
109,3,1,253,259,479,
110,3,1,253,259,479,
111,3,1,253,259,479,
112,3,1,253,259,479,
113,3,1,253,259,479,
114,3,1,253,259,479,
115,3,1,253,259,479,
116,3,1,253,259,479,
117,3,1,253,259,479,
118,3,1,253,259,479,
119,3,1,253,259,479,
120,3,1,253,259,479,
121,3,1,253,259,479,
122,3,1,253,259,479,
123,3,1,253,259,479,
124,3,1,253,259,479,
125,3,1,253,259,479,
126,3,1,253,259,479,
127,3,1,253,259,479,
128,3,1,253,259,479,
129,3,1,253,259,479,
130,3,1,253,259,479,
131,3,1,253,259,479,
132,3,1,253,259,479,
133,3,1,253,259,479,
134,3,1,253,259,479,
135,3,1,253,259,479,
136,3,1,253,259,479,
137,3,1,253,259,479,
138,3,1,253,259,479,
139,3,1,253,259,479,
140,3,1,253,259,479,
141,3,1,253,259,479,
142,3,1,253,259,479,
143,3,1,253,259,479,
144,3,1,253,259,479,
145,3,1,253,259,479,
146,3,1,253,259,479,
147,3,1,253,259,479,
148,3,1,253,259,479,
149,3,1,253,259,479,
150,3,1,253,259,479,
151,3,1,253,259,479,
152,3,1,253,259,479,
153,3,1,253,259,479,
154,3,1,253,259,479,
155,3,1,253,259,479,
156,3,1,253,259,479,
157,3,1,253,259,479,
158,3,1,253,259,479,
159,3,1,253,259,479,
160,3,1,253,259,479,
161,3,1,253,259,479,
162,3,1,253,259,479,
163,3,1,253,259,479,
164,3,1,253,259,479,
165,3,1,253,259,479,
166,3,1,253,259,479,
167,3,1,253,259,479,
168,3,1,253,259,479,
169,3,1,253,259,479,
170,3,1,253,259,479,
171,3,1,253,259,479,
172,3,1,253,259,479,
173,3,1,253,259,479,
174,3,1,253,259,479,
175,3,1,253,259,479,
176,3,1,253,259,479,
177,3,1,253,259,479,
178,3,1,253,259,479,
179,3,1,253,259,479,
180,3,1,253,259,479,
181,3,1,253,259,479,
182,3,1,253,259,479,
183,3,1,253,259,479,
184,3,1,253,259,479,
185,3,1,253,259,479,
186,3,1,253,259,479,
187,3,1,253,259,479,
188,3,1,253,259,479,
189,3,1,253,259,479,
190,3,1,253,259,479,
191,3,1,253,259,479,
192,3,1,253,259,479,
193,3,1,253,259,479,
194,3,1,253,259,479,
195,3,1,253,259,479,
196,3,1,253,259,479,
197,3,1,253,259,479,
198,3,1,253,259,479,
199,3,1,253,259,479,
200,3,1,253,259,479,
201,3,1,253,259,479,
202,3,1,253,259,479,
203,3,1,253,259,479,
204,3,1,253,259,479,
205,3,1,253,259,479,
206,3,1,253,259,479,
207,3,1,253,259,479,
208,3,1,253,259,479,
209,3,1,253,259,479,
210,3,1,253,259,479,
211,3,1,253,259,479,
212,3,1,253,259,479,
213,3,1,253,259,479,
214,3,1,253,259,479,
215,3,1,253,259,479,
216,3,1,253,259,479,
217,3,1,253,259,479,
218,3,1,253,259,479,
219,3,1,253,259,479,
220,3,1,253,259,479,
221,3,1,253,259,479,
222,3,1,253,259,479,
223,3,1,253,259,479,
224,3,1,253,259,479,
225,3,1,253,259,479,
226,3,1,253,259,479,
227,3,1,253,259,479,
228,3,1,253,259,479,
229,3,1,253,259,479,
230,3,1,253,259,479,
231,3,1,253,259,479,
232,3,1,253,259,479,
233,3,1,253,259,479,
234,3,1,253,259,479,
235,3,1,253,259,479,
236,3,1,253,259,479,
237,3,1,253,259,479,
238,3,1,253,259,479,
239,3,1,253,259,479,
240,3,1,253,259,479,
241,3,1,253,259,479,
242,3,1,253,259,479,
243,3,1,253,259,479,
244,3,1,253,259,479,
245,3,1,253,259,479,
246,3,1,253,259,479,
247,3,1,253,259,479,
248,3,1,253,259,479,
249,3,1,253,259,479,
250,3,1,253,259,479,
251,3,1,253,259,479,
252,3,1,253,259,479,
253,3,1,253,259,479,
254,3,1,253,259,479,
255,3,1,253,259,479,
256,3,1,253,259,479,
257,3,1,253,259,479,
258,3,1,253,259,479,
259,3,1,253,259,479,
260,3,1,253,259,479,
261,3,1,253,259,479,
262,3,1,253,259,479,
263,3,1,253,259,479,
264,3,1,253,259,479,
265,3,1,253,259,479,
266,3,1,253,259,479,
267,3,1,253,259,479,
268,3,1,253,259,479,
269,3,1,253,259,479,
270,3,1,253,259,479,
271,3,1,253,259,479,
272,3,1,253,259,479,
273,3,1,253,259,479,
274,3,1,253,259,479,
275,3,1,253,259,479,
276,3,1,253,259,479,
277,3,1,253,259,479,
278,3,1,253,259,479,
279,3,1,253,259,479,
280,3,1,253,259,479,
281,3,1,253,259,479,
282,3,1,253,259,479,
283,3,1,253,259,479,
284,3,1,253,259,479,
285,3,1,253,259,479,
286,3,1,253,259,479,
287,3,1,253,259,479,
288,3,1,253,259,479,
289,3,1,253,259,479,
290,3,1,253,259,479,
291,3,1,253,259,479,
292,3,1,253,259,479,
293,3,1,253,259,479,
294,3,1,253,259,479,
295,3,1,253,259,479,
296,3,1,253,259,479,
297,3,1,253,259,479,
298,3,1,253,259,479,
299,3,1,253,259,479,
300,3,1,253,259,479,
301,3,1,253,259,479,
302,3,1,253,259,479,
303,3,1,253,259,479,
304,3,1,253,259,479,
305,3,1,253,259,479,
306,3,1,253,259,479,
307,3,1,253,259,479,
308,3,1,253,259,479,
309,3,1,253,259,479,
310,3,1,253,259,479,
311,3,1,253,259,479,
312,3,1,253,259,479,
313,3,1,253,259,479,
314,3,1,253,259,479,
315,3,1,253,259,479,
316,3,1,253,259,479,
317,3,1,253,259,479,
318,3,1,253,259,479,
319,3,1,253,259,479,
320,3,1,253,259,479,
321,3,1,253,259,479,
322,3,1,253,259,479,
323,3,1,253,259,479,
324,3,1,253,259,479,
325,3,1,253,259,479,
326,3,1,253,259,479,
327,3,1,253,259,479,
328,3,1,253,259,479,
329,3,1,253,259,479,
330,3,1,253,259,479,
331,3,1,253,259,479,
332,3,1,253,259,479,
333,3,1,253,259,479,
334,3,1,253,259,479,
335,3,1,253,259,479,
336,3,1,253,259,479,
337,3,1,253,259,479,
338,3,1,253,259,479,
339,3,1,253,259,479,
340,3,1,253,259,479,
341,3,1,253,259,479,
342,3,1,253,259,479,
343,3,1,253,259,479,
344,3,1,253,259,479,
345,3,1,253,259,479,
346,3,1,253,259,479,
347,3,1,253,259,479,
348,3,1,253,259,479,
349,3,1,253,259,479,
350,3,1,253,259,479,
351,3,1,253,259,479,
352,3,1,253,259,479,
353,3,1,253,259,479,
354,3,1,253,259,479,
355,3,1,253,259,479,
356,3,1,253,259,479,
357,3,1,253,259,479,
358,3,1,253,259,479,
359,3,1,253,259,479,
360,3,1,253,259,479,
361,3,1,253,259,479,
362,3,1,253,259,479,
363,3,1,253,259,479,
364,3,1,253,259,479,
365,3,1,253,259,479,
366,3,1,253,259,479,
367,3,1,253,259,479,
368,3,1,253,259,479,
369,3,1,253,259,479,
370,3,1,253,259,479,
371,3,1,253,259,479,
372,3,1,253,259,479,
373,3,1,253,259,479,
374,3,1,253,259,479,
375,3,1,253,259,479,
376,3,1,253,259,479,
377,3,1,253,259,479,
378,3,1,253,259,479,
379,3,1,253,259,479,
380,3,1,253,259,479,
381,3,1,253,259,479,
382,3,1,253,259,479,
383,3,1,253,259,479,
384,3,1,253,259,479,
385,3,1,253,259,479,
386,3,1,253,259,479,
387,3,1,253,259,479,
388,3,1,253,259,479,
389,3,1,253,259,479,
390,3,1,253,259,479,
391,3,1,253,259,479,
392,3,1,253,259,479,
393,3,1,253,259,479,
394,3,1,253,259,479,
395,3,1,253,259,479,
396,3,1,253,259,479,
397,3,1,253,259,479,
398,3,1,253,259,479,
399,3,1,253,259,479,
400,3,1,253,259,479,
401,3,1,253,259,479,
402,3,1,253,259,479,
403,3,1,253,259,479,
404,3,1,253,259,479,
405,3,1,253,259,479,
406,3,1,253,259,479,
407,3,1,253,259,479,
408,3,1,253,259,479,
409,3,1,253,259,479,
410,3,1,253,259,479,
411,3,1,253,259,479,
412,3,1,253,259,479,
413,3,1,253,259,479,
414,3,1,253,259,479,
415,3,1,253,259,479,
416,3,1,253,259,479,
417,3,1,253,259,479,
418,3,1,253,259,479,
419,3,1,253,259,479,
420,3,1,253,259,479,
421,3,1,253,259,479,
422,3,1,253,259,479,
423,3,1,253,259,479,
424,3,1,253,259,479,
425,3,1,253,259,479,
426,3,1,253,259,479,
427,3,1,253,259,479,
428,3,1,253,259,479,
429,3,1,253,259,479,
430,3,1,253,259,479,
431,3,1,253,259,479,
432,3,1,253,259,479,
433,3,1,253,259,479,
434,3,1,253,259,479,
435,3,1,253,259,479,
436,3,1,253,259,479,
437,3,1,253,259,479,
438,3,1,253,259,479,
439,3,1,253,259,479,
440,3,1,253,259,479,
441,3,1,253,259,479,
442,3,1,253,259,479,
443,3,1,253,259,479,
444,3,1,253,259,479,
445,3,1,253,259,479,
446,3,1,253,259,479,
447,3,1,253,259,479,
448,3,1,253,259,479,
449,3,1,253,259,479,
450,3,1,253,259,479,
451,3,1,253,259,479,
452,3,1,253,259,479,
453,3,1,253,259,479,
454,3,1,253,259,479,
455,3,1,253,259,479,
456,3,1,253,259,479,
457,3,1,253,259,479,
458,3,1,253,259,479,
459,3,1,253,259,479,
460,3,1,253,259,479,
461,3,1,253,259,479,
462,3,1,253,259,479,
463,3,1,253,259,479,
464,3,1,253,259,479,
465,3,1,253,259,479,
466,3,1,253,259,479,
467,3,1,253,259,479,
468,3,1,253,259,479,
469,3,1,253,259,479,
470,3,1,253,259,479,
471,3,1,253,259,479,
472,3,1,253,259,479,
473,3,1,253,259,479,
474,3,1,253,259,479,
475,3,1,253,259,479,
476,3,1,253,259,479,
477,3,1,253,259,479,
478,3,1,253,259,479,
479,3,1,253,259,479,
480,3,1,253,259,479,
481,3,1,253,259,479,
482,3,1,253,259,479,
483,3,1,253,259,479,
484,3,1,253,259,479,
485,3,1,253,259,479,
486,3,1,253,259,479,
487,3,1,253,259,479,
488,3,1,253,259,479,
489,3,1,253,259,479,
490,3,1,253,259,479,
491,3,1,253,259,479,
492,3,1,253,259,479,
493,3,1,253,259,479,
494,3,1,253,259,479,
495,3,1,253,259,479,
496,3,1,253,259,479,
497,3,1,253,259,479,
498,3,1,253,259,479,
499,3,1,253,259,479,
500,3,1,253,259,479,
501,3,1,253,259,479,
502,3,1,253,259,479,
503,3,1,253,259,479,
504,3,1,253,259,479,
505,3,1,253,259,479,
506,3,1,253,259,479,
507,3,1,253,259,479,
508,3,1,253,259,479,
509,3,1,253,259,479,
510,3,1,253,259,479,
511,3,1,253,259,479,
512,3,1,253,259,479,
513,3,1,253,259,479,
514,3,1,253,259,479,
515,3,1,253,259,479,
516,3,1,253,259,479,
517,3,1,253,259,479,
518,3,1,253,259,479,
519,3,1,253,259,479,
520,3,1,253,259,479,
521,3,1,253,259,479,
522,3,1,253,259,479,
523,3,1,253,259,479,
524,3,1,253,259,479,
525,3,1,253,259,479,
526,3,1,253,259,479,
527,3,1,253,259,479,
528,3,1,253,259,479,
529,3,1,253,259,479,
530,3,1,253,259,479,
531,3,1,253,259,479,
532,3,1,253,259,479,
533,3,1,253,259,479,
534,3,1,253,259,479,
535,3,1,253,259,479,
536,3,1,253,259,479,
537,3,1,253,259,479,
538,3,1,253,259,479,
539,3,1,253,259,479,
540,3,1,253,259,479,
541,3,1,253,259,479,
542,3,1,253,259,479,
543,3,1,253,259,479,
544,3,1,253,259,479,
545,3,1,253,259,479,
546,3,1,253,259,479,
547,3,1,253,259,479,
548,3,1,253,259,479,
549,3,1,253,259,479,
550,3,1,253,259,479,
551,3,1,253,259,479,
552,3,1,253,259,479,
553,3,1,253,259,479,
554,3,1,253,259,479,
555,3,1,253,259,479,
556,3,1,253,259,479,
557,3,1,253,259,479,
558,3,1,253,259,479,
559,3,1,253,259,479,
560,3,1,253,259,479,
561,3,1,253,259,479,
562,3,1,253,259,479,
563,3,1,253,259,479,
564,3,1,253,259,479,
565,3,1,253,259,479,
566,3,1,253,259,479,
567,3,1,253,259,479,
568,3,1,253,259,479,
