1,4,387,301,640,368,
2,4,387,301,640,368,
3,4,387,301,640,368,
4,4,387,301,640,368,
5,4,387,301,640,368,
6,4,387,301,640,368,
7,4,387,301,640,368,
8,4,387,301,640,368,
9,4,387,301,640,368,
10,4,387,301,640,368,
11,4,387,301,640,368,
12,4,387,301,640,368,
13,4,387,301,640,368,
14,4,387,301,640,368,
15,4,387,301,640,368,
16,4,387,301,640,368,
17,4,387,301,640,368,
18,4,387,301,640,368,
19,4,387,301,640,368,
20,4,387,301,640,368,
21,4,387,301,640,368,
22,4,387,301,640,368,
23,4,387,301,640,368,
24,4,387,301,640,368,
25,4,387,301,640,368,
26,4,387,301,640,368,
27,4,387,301,640,368,
28,4,387,301,640,368,
29,4,387,301,640,368,
30,4,387,301,640,368,
31,4,387,301,640,368,
32,4,387,301,640,368,
33,4,387,301,640,368,
34,4,387,301,640,368,
35,4,387,301,640,368,
36,4,387,301,640,368,
37,4,387,301,640,368,
38,4,387,301,640,368,
39,4,387,301,640,368,
40,4,387,301,640,368,
41,4,387,301,640,368,
42,4,387,301,640,368,
43,4,387,301,640,368,
44,4,387,301,640,368,
45,4,387,301,640,368,
46,4,387,301,640,368,
47,4,387,301,640,368,
48,4,387,301,640,368,
49,4,387,301,640,368,
50,4,387,301,640,368,
51,4,387,301,640,368,
52,4,387,301,640,368,
53,4,387,301,640,368,
54,4,387,301,640,368,
55,4,387,301,640,368,
56,4,387,301,640,368,
57,4,387,301,640,368,
58,4,387,301,640,368,
59,4,387,301,640,368,
60,4,387,301,640,368,
61,4,387,301,640,368,
62,4,387,301,640,368,
63,4,387,301,640,368,
64,4,387,301,640,368,
65,4,387,301,640,368,
66,4,387,301,640,368,
67,4,387,301,640,368,
68,4,387,301,640,368,
69,4,387,301,640,368,
70,4,387,301,640,368,
71,4,387,301,640,368,
72,4,387,301,640,368,
73,4,387,301,640,368,
74,4,387,301,640,368,
75,4,387,301,640,368,
76,4,387,301,640,368,
77,4,387,301,640,368,
78,4,387,301,640,368,
79,4,387,301,640,368,
80,4,387,301,640,368,
81,4,387,301,640,368,
82,4,387,301,640,368,
83,4,387,301,640,368,
84,4,387,301,640,368,
85,4,387,301,640,368,
86,4,387,301,640,368,
87,4,387,301,640,368,
88,4,387,301,640,368,
89,4,387,301,640,368,
90,4,387,301,640,368,
91,4,387,301,640,368,
92,4,387,301,640,368,
93,4,387,301,640,368,
94,4,387,301,640,368,
95,4,387,301,640,368,
96,4,387,301,640,368,
97,4,387,301,640,368,
98,4,387,301,640,368,
99,4,387,301,640,368,
100,4,387,301,640,368,
101,4,387,301,640,368,
102,4,387,301,640,368,
103,4,387,301,640,368,
104,4,387,301,640,368,
105,4,387,301,640,368,
106,4,387,301,640,368,
107,4,387,301,640,368,
108,4,387,301,640,368,
109,4,387,301,640,368,
110,4,387,301,640,368,
111,4,387,301,640,368,
112,4,387,301,640,368,
113,4,387,301,640,368,
114,4,387,301,640,368,
115,4,387,301,640,368,
116,4,387,301,640,368,
117,4,387,301,640,368,
118,4,387,301,640,368,
119,4,387,301,640,368,
120,4,387,301,640,368,
121,4,387,301,640,368,
122,4,387,301,640,368,
123,4,387,301,640,368,
124,4,387,301,640,368,
125,4,387,301,640,368,
126,4,387,301,640,368,
127,4,387,301,640,368,
128,4,387,301,640,368,
129,4,387,301,640,368,
130,4,387,301,640,368,
131,4,387,301,640,368,
132,4,387,301,640,368,
133,4,387,301,640,368,
134,4,387,301,640,368,
135,4,387,301,640,368,
136,4,387,301,640,368,
137,4,387,301,640,368,
138,4,387,301,640,368,
139,4,387,301,640,368,
140,4,387,301,640,368,
141,4,387,301,640,368,
142,4,387,301,640,368,
143,4,387,301,640,368,
144,4,387,301,640,368,
145,4,387,301,640,368,
146,4,387,301,640,368,
147,4,387,301,640,368,
148,4,387,301,640,368,
149,4,387,301,640,368,
150,4,387,301,640,368,
151,4,387,301,640,368,
152,4,387,301,640,368,
153,4,387,301,640,368,
154,4,387,301,640,368,
155,4,387,301,640,368,
156,4,387,301,640,368,
157,4,387,301,640,368,
158,4,387,301,640,368,
159,4,387,301,640,368,
160,4,387,301,640,368,
161,4,387,301,640,368,
162,4,387,301,640,368,
163,4,387,301,640,368,
164,4,387,301,640,368,
165,4,387,301,640,368,
166,4,387,301,640,368,
167,4,387,301,640,368,
168,4,387,301,640,368,
169,4,387,301,640,368,
170,4,387,301,640,368,
171,4,387,301,640,368,
172,4,387,301,640,368,
173,4,387,301,640,368,
174,4,387,301,640,368,
175,4,387,301,640,368,
176,4,387,301,640,368,
177,4,387,301,640,368,
178,4,387,301,640,368,
179,4,387,301,640,368,
180,5,393,312,638,369,
181,5,393,312,638,369,
182,5,393,312,638,369,
183,5,393,312,638,369,
184,5,393,312,638,369,
185,5,393,312,638,369,
186,5,393,312,638,369,
187,5,393,312,638,369,
188,5,393,312,638,369,
189,5,393,312,638,369,
190,5,393,312,638,369,
191,5,393,312,638,369,
192,5,393,312,638,369,
193,5,393,312,638,369,
194,5,393,312,638,369,
195,5,393,312,638,369,
196,5,393,312,638,369,
197,5,393,312,638,369,
198,5,393,312,638,369,
199,5,393,312,638,369,
200,5,393,312,638,369,
201,5,393,312,638,369,
202,5,393,312,638,369,
203,5,393,312,638,369,
204,5,393,312,638,369,
205,5,393,312,638,369,
206,5,393,312,638,369,
207,5,393,312,638,369,
208,5,393,312,638,369,
209,5,393,312,638,369,
210,5,393,312,638,369,
211,5,393,312,638,369,
212,5,393,312,638,369,
213,5,393,312,638,369,
214,5,393,312,638,369,
215,5,393,312,638,369,
216,5,393,312,638,369,
217,5,393,312,638,369,
218,5,393,312,638,369,
219,5,393,312,638,369,
220,5,393,312,638,369,
221,5,393,312,638,369,
222,5,393,312,638,369,
223,5,393,312,638,369,
224,5,393,312,638,369,
225,5,393,312,638,369,
226,5,393,312,638,369,
227,5,393,312,638,369,
228,5,393,312,638,369,
229,5,393,312,638,369,
230,5,393,312,638,369,
231,5,393,312,638,369,
232,5,393,312,638,369,
233,5,393,312,638,369,
234,5,393,312,638,369,
235,5,393,312,638,369,
236,5,393,312,638,369,
237,5,393,312,638,369,
238,5,393,312,638,369,
239,5,393,312,638,369,
240,5,393,312,638,369,
241,5,393,312,638,369,
242,5,393,312,638,369,
243,5,393,312,638,369,
244,5,393,312,638,369,
245,5,393,312,638,369,
246,5,393,312,638,369,
247,5,393,312,638,369,
248,5,393,312,638,369,
249,5,393,312,638,369,
250,5,393,312,638,369,
251,5,393,312,638,369,
252,5,393,312,638,369,
253,5,393,312,638,369,
254,5,393,312,638,369,
255,5,393,312,638,369,
256,5,393,312,638,369,
257,5,393,312,638,369,
258,5,393,312,638,369,
259,5,393,312,638,369,
260,5,393,312,638,369,
261,5,393,312,638,369,
262,5,393,312,638,369,
263,5,393,312,638,369,
264,5,393,312,638,369,
265,5,393,312,638,369,
266,5,393,312,638,369,
267,5,393,312,638,369,
268,5,393,312,638,369,
269,5,393,312,638,369,
270,5,393,312,638,369,
271,5,393,312,638,369,
272,5,393,312,638,369,
273,5,393,312,638,369,
274,5,393,312,638,369,
275,5,393,312,638,369,
276,5,393,312,638,369,
277,5,393,312,638,369,
278,5,393,312,638,369,
279,5,393,312,638,369,
280,5,393,312,638,369,
281,5,393,312,638,369,
282,5,393,312,638,369,
283,5,393,312,638,369,
284,5,393,312,638,369,
285,5,393,312,638,369,
286,5,393,312,638,369,
287,5,393,312,638,369,
288,5,393,312,638,369,
289,5,393,312,638,369,
290,5,393,312,638,369,
291,5,393,312,638,369,
292,5,393,312,638,369,
293,5,393,312,638,369,
294,5,393,312,638,369,
295,5,393,312,638,369,
296,5,393,312,638,369,
297,5,393,312,638,369,
298,5,393,312,638,369,
299,5,393,312,638,369,
300,5,393,312,638,369,
301,5,393,312,638,369,
302,5,393,312,638,369,
303,5,393,312,638,369,
304,5,393,312,638,369,
305,5,393,312,638,369,
306,5,393,312,638,369,
307,5,393,312,638,369,
308,5,393,312,638,369,
309,5,393,312,638,369,
310,5,393,312,638,369,
311,5,393,312,638,369,
312,5,393,312,638,369,
313,5,393,312,638,369,
314,5,393,312,638,369,
315,5,393,312,638,369,
316,5,393,312,638,369,
317,5,393,312,638,369,
318,5,393,312,638,369,
319,5,393,312,638,369,
320,5,393,312,638,369,
321,5,393,312,638,369,
322,5,393,312,638,369,
323,5,393,312,638,369,
324,5,393,312,638,369,
325,5,393,312,638,369,
326,5,393,312,638,369,
327,5,393,312,638,369,
328,5,393,312,638,369,
329,5,393,312,638,369,
330,5,393,312,638,369,
331,5,393,312,638,369,
332,5,393,312,638,369,
333,5,393,312,638,369,
334,5,393,312,638,369,
335,5,393,312,638,369,
336,5,393,312,638,369,
337,5,393,312,638,369,
338,5,393,312,638,369,
339,5,393,312,638,369,
340,5,393,312,638,369,
341,5,393,312,638,369,
342,5,393,312,638,369,
343,5,393,312,638,369,
344,5,393,312,638,369,
345,5,393,312,638,369,
346,5,393,312,638,369,
347,5,393,312,638,369,
348,5,393,312,638,369,
349,5,393,312,638,369,
350,5,393,312,638,369,
351,5,393,312,638,369,
352,5,393,312,638,369,
353,5,393,312,638,369,
354,5,393,312,638,369,
355,5,393,312,638,369,
356,5,393,312,638,369,
357,5,393,312,638,369,
358,5,393,312,638,369,
359,5,393,312,638,369,
360,5,393,312,638,369,
361,5,393,312,638,369,
362,5,393,312,638,369,
363,5,393,312,638,369,
364,5,393,312,638,369,
365,5,393,312,638,369,
366,5,393,312,638,369,
367,5,393,312,638,369,
368,5,393,312,638,369,
369,5,393,312,638,369,
370,5,393,312,638,369,
371,5,393,312,638,369,
372,5,393,312,638,369,
373,5,393,312,638,369,
374,5,393,312,638,369,
375,5,393,312,638,369,
376,5,393,312,638,369,
377,5,393,312,638,369,
378,5,393,312,638,369,
379,5,393,312,638,369,
380,5,393,312,638,369,
381,5,393,312,638,369,
382,5,393,312,638,369,
383,5,393,312,638,369,
384,5,393,312,638,369,
385,5,393,312,638,369,
386,5,393,312,638,369,
387,5,393,312,638,369,
388,5,393,312,638,369,
389,5,393,312,638,369,
390,5,393,312,638,369,
391,5,393,312,638,369,
392,5,393,312,638,369,
393,5,393,312,638,369,
394,5,393,312,638,369,
395,5,393,312,638,369,
396,5,393,312,638,369,
397,5,393,312,638,369,
398,5,393,312,638,369,
399,5,393,312,638,369,
400,5,393,312,638,369,
401,5,393,312,638,369,
402,5,393,312,638,369,
403,5,393,312,638,369,
404,5,393,312,638,369,
405,5,393,312,638,369,
406,5,393,312,638,369,
407,5,393,312,638,369,
408,5,393,312,638,369,
409,5,393,312,638,369,
410,5,393,312,638,369,
411,5,393,312,638,369,
412,5,393,312,638,369,
413,5,393,312,638,369,
414,5,393,312,638,369,
415,5,393,312,638,369,
416,5,393,312,638,369,
417,5,393,312,638,369,
418,5,393,312,638,369,
419,5,393,312,638,369,
420,5,393,312,638,369,
421,5,393,312,638,369,
422,5,393,312,638,369,
423,5,393,312,638,369,
424,5,393,312,638,369,
425,5,393,312,638,369,
426,5,393,312,638,369,
427,5,393,312,638,369,
428,5,393,312,638,369,
429,5,393,312,638,369,
430,5,393,312,638,369,
431,5,393,312,638,369,
432,5,393,312,638,369,
433,5,393,312,638,369,
434,5,393,312,638,369,
435,5,393,312,638,369,
436,5,393,312,638,369,
437,5,393,312,638,369,
438,5,393,312,638,369,
439,5,393,312,638,369,
440,5,393,312,638,369,
441,5,393,312,638,369,
442,5,393,312,638,369,
443,5,393,312,638,369,
444,5,393,312,638,369,
445,5,393,312,638,369,
446,5,393,312,638,369,
447,5,393,312,638,369,
448,5,393,312,638,369,
449,5,393,312,638,369,
450,5,393,312,638,369,
451,5,393,312,638,369,
452,5,393,312,638,369,
453,5,393,312,638,369,
454,5,393,312,638,369,
455,5,393,312,638,369,
456,5,393,312,638,369,
457,5,393,312,638,369,
458,5,393,312,638,369,
459,5,393,312,638,369,
460,5,393,312,638,369,
461,5,393,312,638,369,
462,5,393,312,638,369,
463,5,393,312,638,369,
464,5,393,312,638,369,
465,5,393,312,638,369,
466,5,393,312,638,369,
467,5,393,312,638,369,
468,5,393,312,638,369,
469,5,393,312,638,369,
470,5,393,312,638,369,
471,5,393,312,638,369,
472,5,393,312,638,369,
473,5,393,312,638,369,
474,5,393,312,638,369,
475,5,393,312,638,369,
476,5,393,312,638,369,
477,5,393,312,638,369,
478,5,393,312,638,369,
479,5,393,312,638,369,
480,5,393,312,638,369,
481,5,393,312,638,369,
482,5,393,312,638,369,
483,5,393,312,638,369,
484,5,393,312,638,369,
485,5,393,312,638,369,
486,5,393,312,638,369,
487,5,393,312,638,369,
488,5,393,312,638,369,
489,5,393,312,638,369,
490,5,393,312,638,369,
491,5,393,312,638,369,
492,5,393,312,638,369,
493,5,393,312,638,369,
494,5,393,312,638,369,
495,5,393,312,638,369,
496,5,393,312,638,369,
497,5,393,312,638,369,
498,5,393,312,638,369,
499,5,393,312,638,369,
500,5,393,312,638,369,
501,5,393,312,638,369,
502,5,393,312,638,369,
503,5,393,312,638,369,
504,5,393,312,638,369,
505,5,393,312,638,369,
506,5,393,312,638,369,
507,5,393,312,638,369,
508,5,393,312,638,369,
509,5,393,312,638,369,
510,5,393,312,638,369,
511,5,393,312,638,369,
512,5,393,312,638,369,
513,5,393,312,638,369,
514,5,393,312,638,369,
515,5,393,312,638,369,
516,5,393,312,638,369,
517,5,393,312,638,369,
518,5,393,312,638,369,
519,5,393,312,638,369,
520,5,393,312,638,369,
521,5,393,312,638,369,
522,5,393,312,638,369,
523,5,393,312,638,369,
524,5,393,312,638,369,
525,5,393,312,638,369,
526,5,393,312,638,369,
527,5,393,312,638,369,
528,5,393,312,638,369,
529,5,393,312,638,369,
530,5,393,312,638,369,
531,5,393,312,638,369,
532,5,393,312,638,369,
533,5,393,312,638,369,
534,5,393,312,638,369,
535,5,393,312,638,369,
536,5,393,312,638,369,
537,5,393,312,638,369,
538,5,393,312,638,369,
539,5,393,312,638,369,
540,5,393,312,638,369,
541,5,393,312,638,369,
542,5,393,312,638,369,
543,5,393,312,638,369,
544,5,393,312,638,369,
545,5,393,312,638,369,
546,5,393,312,638,369,
547,5,393,312,638,369,
548,5,393,312,638,369,
549,5,393,312,638,369,
550,5,393,312,638,369,
551,5,393,312,638,369,
552,5,393,312,638,369,
553,5,393,312,638,369,
554,5,393,312,638,369,
555,5,393,312,638,369,
556,5,393,312,638,369,
557,5,393,312,638,369,
558,5,393,312,638,369,
559,5,393,312,638,369,
560,5,393,312,638,369,
561,5,393,312,638,369,
562,4,387,301,640,368,
563,4,387,301,640,368,
564,4,387,301,640,368,
565,4,387,301,640,368,
566,4,387,301,640,368,
567,4,387,301,640,368,
568,4,387,301,640,368,
569,4,387,301,640,368,
570,4,387,301,640,368,
571,4,387,301,640,368,
572,4,387,301,640,368,
573,4,387,301,640,368,
574,4,387,301,640,368,
575,4,387,301,640,368,
576,4,387,301,640,368,
577,4,387,301,640,368,
578,4,387,301,640,368,
579,4,387,301,640,368,
580,4,387,301,640,368,
581,4,387,301,640,368,
582,4,387,301,640,368,
583,4,387,301,640,368,
584,4,387,301,640,368,
585,4,387,301,640,368,
586,4,387,301,640,368,
587,4,387,301,640,368,
588,4,387,301,640,368,
589,4,387,301,640,368,
590,4,387,301,640,368,
591,4,387,301,640,368,
592,4,387,301,640,368,
593,4,387,301,640,368,
594,4,387,301,640,368,
595,4,387,301,640,368,
596,4,387,301,640,368,
597,4,387,301,640,368,
598,4,387,301,640,368,
599,4,387,301,640,368,
600,4,387,301,640,368,
601,4,387,301,640,368,
602,4,387,301,640,368,
603,4,387,301,640,368,
604,4,387,301,640,368,
605,4,387,301,640,368,
606,4,387,301,640,368,
607,4,387,301,640,368,
608,4,387,301,640,368,
609,4,387,301,640,368,
610,4,387,301,640,368,
611,4,387,301,640,368,
612,4,387,301,640,368,
613,4,387,301,640,368,
614,4,387,301,640,368,
615,4,387,301,640,368,
616,4,387,301,640,368,
617,4,387,301,640,368,
618,4,387,301,640,368,
619,4,387,301,640,368,
620,4,387,301,640,368,
621,4,387,301,640,368,
622,4,387,301,640,368,
623,4,387,301,640,368,
624,4,387,301,640,368,
625,4,387,301,640,368,
626,4,387,301,640,368,
627,4,387,301,640,368,
628,4,387,301,640,368,
629,4,387,301,640,368,
630,4,387,301,640,368,
631,4,387,301,640,368,
632,4,387,301,640,368,
633,4,387,301,640,368,
634,4,387,301,640,368,
635,4,387,301,640,368,
636,4,387,301,640,368,
637,4,387,301,640,368,
638,4,387,301,640,368,
639,4,387,301,640,368,
640,4,387,301,640,368,
641,4,387,301,640,368,
642,4,387,301,640,368,
643,4,387,301,640,368,
644,4,387,301,640,368,
645,4,387,301,640,368,
646,4,387,301,640,368,
647,4,387,301,640,368,
648,4,387,301,640,368,
