1,67,0.724588,159,245,481,480,
2,67,0.604807,150,266,486,480,
3,67,0.710249,156,250,480,480,
4,67,0.599265,151,272,485,480,
5,67,0.622964,145,259,484,480,
6,67,0.770766,158,254,480,479,
7,67,0.644545,149,271,480,477,
8,67,0.679574,159,249,481,480,
9,67,0.669920,161,245,481,480,
10,67,0.648533,158,247,479,480,
11,67,0.650122,156,250,483,480,
12,67,0.668709,161,244,480,480,
13,67,0.642366,158,242,480,480,
14,67,0.696804,160,245,482,480,
15,67,0.672747,154,245,483,478,
16,67,0.620284,160,246,479,480,
17,67,0.689898,157,246,482,480,
18,67,0.604097,147,264,486,480,
19,67,0.704551,162,242,477,480,
20,67,0.789250,152,250,483,480,
21,67,0.694332,158,248,482,480,
22,67,0.749547,158,244,484,479,
23,67,0.629715,158,249,482,480,
24,67,0.700632,159,245,481,478,
25,67,0.662633,157,246,484,480,
26,67,0.705650,161,244,481,479,
27,67,0.675587,163,242,481,480,
28,67,0.762709,160,247,482,478,
29,67,0.675642,163,248,478,480,
30,67,0.676972,159,248,481,480,
31,67,0.691357,157,251,483,480,
32,67,0.666992,158,245,484,479,
33,67,0.747850,160,249,483,480,
34,67,0.684566,161,250,485,480,
35,67,0.603409,162,245,481,480,
36,67,0.694085,163,248,480,479,
37,67,0.623118,148,264,483,480,
38,67,0.634967,161,251,483,480,
39,67,0.662132,162,242,478,480,
40,67,0.727343,153,250,479,480,
41,67,0.701995,157,254,485,480,
42,67,0.625380,164,239,479,480,
43,67,0.711036,160,246,478,480,
44,67,0.729873,162,248,482,480,
45,67,0.679305,159,251,483,480,
46,67,0.669491,162,240,476,478,
47,67,0.740800,162,244,478,480,
48,67,0.710560,157,250,483,480,
49,67,0.709119,157,248,479,480,
50,67,0.700330,162,249,482,480,
51,67,0.697833,162,245,481,480,
52,67,0.626760,149,271,483,477,
53,67,0.571969,160,240,485,480,
54,67,0.683985,161,241,480,480,
55,67,0.629821,152,258,487,480,
56,67,0.663516,158,245,481,480,
57,67,0.666504,161,240,478,480,
58,67,0.663513,162,246,487,480,
59,67,0.669671,160,243,481,480,
60,67,0.722470,157,245,478,480,
61,67,0.644344,151,264,480,479,
62,67,0.633261,152,260,482,480,
63,67,0.689647,145,268,488,480,
64,67,0.658834,159,238,482,480,
65,67,0.575948,157,239,483,480,
66,67,0.684944,161,247,483,480,
67,67,0.724880,159,245,482,479,
68,67,0.680187,165,244,483,479,
69,67,0.770167,164,246,480,480,
70,67,0.670314,163,246,481,480,
71,67,0.715667,161,247,483,479,
72,67,0.697388,160,251,485,480,
73,67,0.730165,161,243,482,479,
74,67,0.723334,156,245,479,479,
75,67,0.664215,158,239,480,477,
76,67,0.678178,153,264,480,478,
77,67,0.659240,162,248,481,479,
78,67,0.732102,156,248,483,480,
79,67,0.679872,162,248,483,480,
80,67,0.652458,161,242,482,479,
81,67,0.670519,149,261,485,478,
82,67,0.717255,159,246,486,479,
83,67,0.640868,157,248,483,480,
84,67,0.652644,157,246,479,479,
85,67,0.698582,158,244,482,480,
86,67,0.703858,157,249,483,479,
87,67,0.698869,160,244,481,479,
88,67,0.655520,161,240,484,480,
89,67,0.741824,160,246,482,480,
90,67,0.752041,159,250,483,480,
91,67,0.701429,158,246,482,480,
92,67,0.680453,162,244,481,480,
93,67,0.631362,158,247,482,479,
94,67,0.599258,161,247,483,480,
95,67,0.701489,160,248,479,480,
96,67,0.738457,158,245,485,480,
97,67,0.646693,161,243,483,480,
98,67,0.717685,156,246,482,480,
99,67,0.771139,158,245,478,480,
100,67,0.646815,153,263,483,479,
101,67,0.638837,164,240,483,479,
102,67,0.687238,160,248,482,480,
103,67,0.720126,160,249,486,480,
104,67,0.589823,161,247,483,480,
105,67,0.637148,160,243,480,477,
106,67,0.671658,159,248,485,480,
107,67,0.716253,159,252,483,480,
108,67,0.655725,162,237,481,480,
109,67,0.698738,158,245,484,480,
110,67,0.604247,151,260,485,480,
111,67,0.628242,151,266,478,479,
112,67,0.694025,160,246,483,480,
113,67,0.683424,158,248,479,480,
114,67,0.650681,150,269,481,477,
115,67,0.650659,160,242,482,480,
116,67,0.728530,161,245,487,480,
117,67,0.704868,159,248,486,480,
118,67,0.677215,160,248,484,480,
119,67,0.727071,162,247,478,480,
120,67,0.714346,160,246,480,480,
121,67,0.685574,150,270,483,476,
122,67,0.694661,162,244,480,480,
123,67,0.669895,160,245,481,478,
124,67,0.770204,156,252,483,480,
125,67,0.675734,161,244,482,480,
126,67,0.586854,161,247,482,478,
127,67,0.665581,164,250,479,480,
128,67,0.682485,149,265,487,480,
129,67,0.677588,162,250,481,480,
130,67,0.600962,162,246,483,480,
131,67,0.734158,158,246,479,480,
132,67,0.718006,160,246,482,480,
133,67,0.651112,161,244,484,478,
134,67,0.609868,163,248,483,477,
135,67,0.700438,164,247,481,480,
136,67,0.699478,159,244,479,479,
137,67,0.681539,161,242,483,477,
138,67,0.729890,158,246,482,480,
139,67,0.626949,166,245,481,480,
140,67,0.719327,160,248,477,480,
141,67,0.731403,156,252,483,479,
142,67,0.748743,162,246,476,479,
143,67,0.670804,160,245,484,480,
144,67,0.735001,160,248,477,479,
145,67,0.688755,161,248,483,480,
146,67,0.644285,163,245,480,479,
147,67,0.734263,161,248,479,480,
148,67,0.708862,163,245,479,479,
149,67,0.669299,153,269,483,480,
150,67,0.694081,151,266,480,476,
151,67,0.723872,158,246,482,480,
152,67,0.715230,163,250,481,478,
153,67,0.707456,157,247,484,480,
154,67,0.685606,158,245,478,479,
155,67,0.703169,162,246,481,480,
156,67,0.647225,163,247,482,480,
157,67,0.669239,159,250,483,479,
158,67,0.592308,160,251,484,480,
159,67,0.626246,153,258,482,480,
160,67,0.756228,163,245,480,480,
161,67,0.671347,165,243,483,479,
162,67,0.729291,157,250,485,480,
163,67,0.641965,159,253,482,480,
164,67,0.673406,168,243,481,480,
165,67,0.713216,158,247,486,480,
166,67,0.681916,158,250,485,479,
167,67,0.634659,151,265,486,480,
168,67,0.714453,160,242,480,479,
169,67,0.703462,162,244,483,478,
170,67,0.727665,159,251,483,480,
171,67,0.707180,157,248,482,478,
172,67,0.716843,163,250,481,480,
173,67,0.699704,164,246,481,480,
174,67,0.675952,162,248,479,480,
175,67,0.665089,160,244,482,478,
176,67,0.696580,157,250,481,478,
177,67,0.661457,164,248,479,480,
178,67,0.724301,158,249,483,480,
179,67,0.674640,159,248,481,480,
180,67,0.628910,160,248,484,480,
181,67,0.618265,163,245,482,478,
182,67,0.658600,148,267,482,477,
183,67,0.638728,148,266,480,477,
184,67,0.697178,165,246,479,478,
185,67,0.679150,162,242,481,479,
186,67,0.703697,163,244,479,480,
187,67,0.660865,161,250,483,480,
188,67,0.564092,151,263,479,480,
189,67,0.682642,158,254,485,480,
190,67,0.593337,164,243,480,479,
191,67,0.568167,161,249,482,480,
192,67,0.716965,165,250,483,480,
193,67,0.649828,162,245,481,480,
194,67,0.681231,159,252,486,480,
195,67,0.677985,165,243,480,480,
196,67,0.668980,158,243,483,478,
197,67,0.681657,165,245,479,480,
198,67,0.693047,160,251,483,479,
199,67,0.654936,158,247,483,480,
200,67,0.706752,163,249,483,480,
201,67,0.652985,149,268,481,476,
202,67,0.659996,160,247,482,480,
203,67,0.661063,162,245,484,477,
204,67,0.722271,160,244,483,480,
205,67,0.728178,164,245,481,480,
206,67,0.679051,163,245,481,478,
207,67,0.666840,157,251,481,480,
208,67,0.565437,148,267,480,479,
209,67,0.746563,161,243,484,480,
210,67,0.736761,159,246,482,480,
211,67,0.632371,161,241,484,479,
212,67,0.701252,162,243,481,480,
213,67,0.611468,148,268,484,478,
214,67,0.689814,158,246,477,479,
215,67,0.718246,158,250,486,480,
216,67,0.685276,167,239,480,479,
217,67,0.604372,163,243,482,480,
218,67,0.632904,160,244,481,476,
219,67,0.690889,159,248,486,480,
220,67,0.602836,153,272,483,478,
221,67,0.627360,158,255,483,480,
222,67,0.748297,160,247,485,479,
223,67,0.655105,161,245,483,480,
224,67,0.614028,149,268,483,477,
225,67,0.766857,159,247,479,479,
226,67,0.665447,162,247,485,480,
227,67,0.675829,164,243,479,479,
228,67,0.745379,159,243,481,479,
229,67,0.739096,158,247,480,479,
230,67,0.704140,158,245,481,479,
231,67,0.725119,159,244,481,479,
232,67,0.691501,159,246,481,480,
233,67,0.684654,163,246,482,480,
234,67,0.539648,160,240,483,480,
235,67,0.706103,161,248,481,480,
236,67,0.658702,161,245,485,480,
237,67,0.664145,161,243,481,480,
238,67,0.629808,149,265,482,479,
239,67,0.615019,145,265,483,477,
240,67,0.683260,163,244,482,478,
241,67,0.673434,158,254,488,480,
242,67,0.669221,161,252,483,480,
243,67,0.634265,160,243,482,480,
244,67,0.687553,157,250,482,480,
245,67,0.653439,147,266,481,478,
246,67,0.536362,160,244,480,478,
247,67,0.657379,159,250,481,480,
248,67,0.697792,154,248,486,480,
249,67,0.608165,158,247,482,480,
250,67,0.669262,147,260,484,480,
251,67,0.708117,158,248,482,480,
252,67,0.643514,141,266,489,480,
253,67,0.697770,159,246,485,480,
254,67,0.570763,153,262,480,480,
255,67,0.597921,142,266,485,480,
256,67,0.648183,164,247,480,480,
257,67,0.733787,159,250,483,480,
258,67,0.692649,153,249,487,480,
259,67,0.709942,159,250,484,480,
260,67,0.718242,156,248,481,480,
261,67,0.680783,158,249,480,480,
262,67,0.714126,163,249,484,478,
263,67,0.619583,161,246,483,478,
264,67,0.621127,146,254,484,480,
265,67,0.599320,149,265,485,480,
266,67,0.630033,159,243,483,480,
267,67,0.647339,153,269,485,475,
268,67,0.665252,155,249,482,480,
269,67,0.699325,163,243,482,479,
270,67,0.750635,158,250,483,479,
271,67,0.678294,159,244,484,480,
272,67,0.725416,160,242,482,479,
273,67,0.702654,162,249,481,480,
274,67,0.601017,140,265,493,480,
275,67,0.772599,159,248,483,480,
276,67,0.718883,157,245,486,480,
277,67,0.575603,140,268,493,480,
278,67,0.749690,159,248,481,480,
279,67,0.717832,155,245,483,479,
280,67,0.733042,156,246,484,480,
281,67,0.563384,161,241,480,478,
282,67,0.681622,159,241,482,479,
283,67,0.658370,155,251,482,480,
284,67,0.696317,153,247,481,480,
285,67,0.608392,144,262,490,480,
286,67,0.761157,154,246,485,480,
287,67,0.648028,161,245,484,477,
288,67,0.758902,161,248,482,480,
289,67,0.694199,156,248,481,480,
290,67,0.715357,155,248,480,480,
291,67,0.661771,158,240,487,477,
292,67,0.725661,155,248,480,479,
293,67,0.741450,155,250,483,480,
294,67,0.710170,156,245,480,478,
295,67,0.625172,156,247,484,478,
296,67,0.622956,163,243,481,479,
297,67,0.780212,157,247,482,479,
298,67,0.653063,156,245,481,478,
299,67,0.743617,153,252,483,480,
300,67,0.735836,159,245,480,480,
301,67,0.695337,155,245,484,480,
302,67,0.776791,158,248,483,480,
303,67,0.649496,157,250,486,480,
304,67,0.661718,158,243,479,478,
305,67,0.695673,158,243,480,480,
306,67,0.627583,143,267,487,480,
307,67,0.700259,160,246,479,477,
308,67,0.727652,158,247,483,480,
309,67,0.767380,157,246,478,479,
310,67,0.716620,156,240,482,478,
311,67,0.736648,161,244,479,480,
312,67,0.683865,160,249,478,480,
313,67,0.682090,154,250,480,478,
314,67,0.608078,146,259,486,480,
315,67,0.743104,160,246,481,480,
316,67,0.691294,156,246,481,480,
318,67,0.685161,156,241,480,479,
319,67,0.750864,156,250,481,480,
320,67,0.705694,157,243,482,477,
321,67,0.728922,161,247,482,480,
322,67,0.684801,150,269,482,478,
323,67,0.699133,154,247,488,480,
324,67,0.719764,154,252,485,480,
325,67,0.658352,158,252,482,480,
326,67,0.653672,146,263,483,480,
327,67,0.712033,155,250,488,480,
328,67,0.640861,165,245,482,480,
329,67,0.737416,157,248,487,480,
330,67,0.681263,158,248,482,480,
331,67,0.591298,163,247,480,478,
332,67,0.673622,162,245,482,480,
333,67,0.597193,156,245,485,480,
334,67,0.720353,159,243,481,480,
335,67,0.668171,160,246,483,480,
336,67,0.684539,161,244,479,478,
337,67,0.705287,158,243,484,480,
338,67,0.639385,159,247,483,480,
339,67,0.644019,159,252,484,480,
340,67,0.763091,158,250,482,480,
341,67,0.738650,160,246,482,480,
342,67,0.670119,163,241,481,478,
343,67,0.614148,161,250,484,480,
344,67,0.708166,161,247,479,480,
345,67,0.747631,160,243,482,479,
346,67,0.675281,163,249,483,480,
347,67,0.636240,166,245,479,480,
348,67,0.739293,163,244,483,480,
349,67,0.702547,158,249,484,480,
350,67,0.682958,159,251,481,480,
351,67,0.677898,160,247,484,480,
352,67,0.695554,161,247,481,480,
353,67,0.708667,163,244,481,480,
354,67,0.656667,164,240,482,480,
355,67,0.696055,156,250,482,480,
356,67,0.640895,149,269,483,477,
357,67,0.666135,156,252,484,480,
358,67,0.721436,157,248,482,480,
359,67,0.707103,162,241,482,479,
360,67,0.712966,163,245,482,480,
361,67,0.716033,158,246,482,480,
362,67,0.674378,162,246,484,480,
363,67,0.684276,158,246,482,480,
364,67,0.678766,159,245,483,480,
365,67,0.608516,162,245,479,479,
366,67,0.661072,156,248,482,480,
367,67,0.640443,157,246,483,480,
368,67,0.567547,157,240,486,478,
369,67,0.617315,158,251,482,480,
370,67,0.732895,160,241,478,480,
371,67,0.762602,157,250,482,480,
372,67,0.717873,160,244,484,480,
373,67,0.691191,159,245,482,480,
374,67,0.723922,157,247,479,480,
375,67,0.737121,156,244,482,479,
376,67,0.722014,163,247,484,480,
377,67,0.724871,162,245,482,478,
378,67,0.679804,161,242,481,480,
379,67,0.719987,156,246,483,480,
380,67,0.706602,160,245,482,479,
381,67,0.752066,162,245,483,480,
382,67,0.663914,159,246,484,480,
383,67,0.682621,160,240,483,480,
384,67,0.742154,158,243,481,480,
385,67,0.775558,159,250,487,479,
386,67,0.726161,158,249,484,480,
387,67,0.683474,165,240,482,479,
388,67,0.675991,161,240,483,479,
389,67,0.680741,161,247,482,480,
390,67,0.669557,162,253,484,480,
391,67,0.710200,159,248,484,480,
392,67,0.701309,160,245,480,480,
393,67,0.732235,160,247,484,480,
394,67,0.660616,163,244,486,480,
395,67,0.669114,162,244,485,480,
396,67,0.701748,161,247,482,480,
397,67,0.708025,159,249,483,480,
398,67,0.679767,159,247,483,480,
399,67,0.708189,159,247,480,479,
400,67,0.691507,155,259,483,480,
401,67,0.704109,161,242,482,480,
402,67,0.685977,162,241,480,477,
403,67,0.713034,164,240,482,480,
404,67,0.746990,162,249,480,480,
405,67,0.696044,159,244,479,478,
406,67,0.668882,162,242,479,480,
407,67,0.716884,161,248,483,480,
408,67,0.599148,151,262,484,480,
409,67,0.686994,163,246,480,480,
410,67,0.649996,164,245,480,478,
411,67,0.711860,165,248,481,480,
412,67,0.681967,156,248,482,480,
413,67,0.692544,165,248,481,480,
414,67,0.683478,163,243,480,478,
415,67,0.775564,156,249,483,480,
416,67,0.685016,150,265,483,477,
417,67,0.714402,146,268,481,480,
418,67,0.626199,148,258,488,480,
419,67,0.664200,158,251,479,480,
420,67,0.680460,163,241,480,480,
421,67,0.700255,157,251,482,480,
422,67,0.747463,156,248,479,480,
423,67,0.703177,161,247,484,480,
424,67,0.737810,161,247,481,480,
425,67,0.629185,156,241,489,480,
426,67,0.625639,164,243,479,478,
427,67,0.625681,158,244,481,480,
428,67,0.548407,163,242,482,478,
429,67,0.717696,158,249,484,479,
430,67,0.729757,157,252,481,480,
431,67,0.742528,164,252,476,480,
432,67,0.688636,162,240,482,478,
433,67,0.689063,156,244,486,480,
434,67,0.714132,166,243,476,479,
435,67,0.707522,164,244,480,479,
436,67,0.688719,157,250,483,480,
437,67,0.718964,162,246,482,480,
438,67,0.657433,164,245,483,479,
439,67,0.664116,157,245,480,477,
440,67,0.671936,161,246,481,480,
441,67,0.679554,156,252,481,480,
442,67,0.593748,162,241,480,478,
443,67,0.683847,163,246,483,478,
444,67,0.694635,158,247,481,480,
445,67,0.664550,157,249,484,480,
446,67,0.670113,162,245,480,480,
447,67,0.702901,162,248,484,480,
448,67,0.701461,158,248,484,479,
449,67,0.712001,161,244,480,479,
450,67,0.545679,159,242,483,480,
451,67,0.549923,151,271,483,478,
452,67,0.569513,160,246,482,477,
453,67,0.614293,157,250,483,480,
454,67,0.646674,157,244,480,480,
455,67,0.613445,156,251,483,479,
456,67,0.583769,162,246,483,476,
457,67,0.554829,146,270,489,479,
458,67,0.660044,158,241,478,480,
459,67,0.604427,159,243,483,480,
460,67,0.602799,157,241,486,479,
461,67,0.664995,155,248,483,480,
463,67,0.591332,146,266,482,475,
464,67,0.513344,148,268,487,478,
465,67,0.620795,155,246,484,478,
466,67,0.647143,149,269,484,476,
467,67,0.569740,160,248,480,480,
469,67,0.561380,144,265,487,477,
482,67,0.523490,150,259,490,480,
564,67,0.510037,147,236,479,480,
568,67,0.504651,147,243,482,480,
574,67,0.585623,153,238,481,480,
577,67,0.547505,153,241,479,480,
578,67,0.591577,154,240,484,480,
579,67,0.573245,151,239,486,480,
580,67,0.502767,157,235,482,480,
581,67,0.506829,150,233,481,480,
583,67,0.543436,144,250,487,480,
585,67,0.503955,143,244,486,480,
593,67,0.540533,153,235,484,480,
594,67,0.527856,148,244,483,480,
595,67,0.556900,146,240,482,480,
597,67,0.503554,148,245,490,480,
599,67,0.508673,147,244,483,480,
602,67,0.567978,150,242,483,480,
606,67,0.597658,158,235,480,480,
621,67,0.567903,145,251,484,480,
624,67,0.569082,152,227,478,480,
625,67,0.504630,147,253,485,480,
627,67,0.553138,146,248,486,480,
629,67,0.518957,160,241,481,480,
630,67,0.501258,152,241,483,480,
631,67,0.588548,150,239,482,480,
632,67,0.517818,147,246,485,480,
636,67,0.510032,151,247,484,480,
638,67,0.558183,152,236,482,480,
644,67,0.557221,161,240,480,480,
647,67,0.517540,150,251,483,480,
649,67,0.563037,149,237,485,480,
653,67,0.507212,150,247,486,480,
656,67,0.550771,151,231,480,480,
659,67,0.592912,153,237,481,480,
661,67,0.614298,150,248,478,480,
665,67,0.574603,146,247,486,480,
667,67,0.568072,151,234,480,480,
668,67,0.594084,154,237,478,480,
670,67,0.522047,148,249,488,480,
673,67,0.552736,149,248,487,480,
677,67,0.523386,152,236,482,480,
682,67,0.511038,154,252,482,480,
686,67,0.654918,154,238,478,480,
688,67,0.617792,154,238,478,480,
692,67,0.512018,149,245,482,480,
694,67,0.552944,151,233,480,480,
696,67,0.620896,154,233,480,480,
697,67,0.597526,149,238,479,480,
698,67,0.590700,154,235,477,480,
701,67,0.537271,148,237,481,480,
702,67,0.576817,153,240,480,480,
703,67,0.546996,145,237,477,478,
706,67,0.507882,153,236,482,480,
707,67,0.563081,146,240,482,480,
709,67,0.530497,154,247,484,480,
716,67,0.516269,145,238,481,480,
717,67,0.519943,153,238,480,480,
718,67,0.516967,151,247,479,480,
721,67,0.569310,151,230,477,480,
722,67,0.563159,150,244,481,480,
725,67,0.518352,144,246,486,480,
726,67,0.567627,155,237,477,480,
729,67,0.536557,146,249,481,480,
730,67,0.537071,147,234,481,480,
741,67,0.513785,148,244,479,480,
742,67,0.599301,144,246,481,480,
743,67,0.656423,145,238,479,480,
745,67,0.586813,151,233,482,480,
747,67,0.524342,145,245,485,480,
753,67,0.528837,146,236,484,480,
756,67,0.502226,146,235,479,480,
758,67,0.554520,148,230,484,480,
760,67,0.554645,152,230,482,480,
828,67,0.548045,144,256,494,480,
1061,67,0.547482,147,234,482,480,
1068,67,0.507093,145,233,486,480,
1087,67,0.555379,151,237,477,480,
1090,67,0.519048,147,250,486,480,
1095,67,0.511688,147,246,487,480,
1099,67,0.596544,151,237,477,480,
1101,67,0.605022,151,232,478,480,
1102,67,0.550091,149,240,481,480,
1106,67,0.622143,149,235,479,480,
1111,67,0.509161,149,246,487,480,
1113,67,0.531319,148,237,479,480,
1116,67,0.504801,151,252,483,480,
1118,67,0.595304,148,238,480,480,
1121,67,0.541764,151,234,482,480,
1124,67,0.572247,144,241,478,480,
1125,67,0.558015,147,250,484,480,
1126,67,0.522128,149,247,479,480,
1127,67,0.608031,152,240,477,480,
1139,67,0.593260,145,240,479,480,
1142,67,0.593933,147,249,481,480,
1145,67,0.528287,147,245,485,480,
1157,67,0.547864,154,231,480,480,
1159,67,0.507978,150,249,483,480,
1160,67,0.565289,144,245,484,478,
1161,67,0.600703,152,240,483,480,
1163,67,0.605241,147,247,481,479,
1166,67,0.525366,149,246,483,480,
1167,67,0.550201,151,234,479,480,
1170,67,0.528796,153,241,482,480,
1171,67,0.625309,153,237,482,480,
1172,67,0.547316,151,254,483,480,
1173,67,0.543877,150,245,484,480,
1175,67,0.500181,148,235,488,480,
1176,67,0.556089,148,243,480,480,
1178,67,0.582647,151,238,478,480,
1184,67,0.525731,146,248,483,480,
1187,67,0.521025,143,248,482,480,
1195,67,0.520617,145,243,487,480,
1199,67,0.578302,142,238,480,480,
1203,67,0.525932,146,237,481,480,
