1,62,0.917698,561,351,639,477,
2,62,0.880837,561,352,640,475,
3,62,0.943162,561,349,640,473,
4,62,0.900365,559,356,640,475,
5,62,0.876655,559,353,640,475,
6,62,0.911177,561,347,640,474,
7,62,0.918063,561,355,640,476,
8,62,0.887077,562,351,638,477,
9,62,0.836331,563,354,640,480,
10,62,0.908892,563,353,639,473,
11,62,0.911379,559,356,640,474,
12,62,0.909695,560,348,639,477,
13,62,0.888440,561,349,640,478,
14,62,0.839580,561,350,639,477,
15,62,0.921641,558,351,639,477,
16,62,0.945972,560,348,640,475,
17,62,0.911995,559,351,638,477,
18,62,0.808364,562,349,640,475,
19,62,0.924365,561,353,638,477,
20,62,0.837366,563,353,640,476,
21,62,0.931317,559,351,639,477,
22,62,0.898715,560,358,638,478,
23,62,0.935160,560,356,639,477,
24,62,0.902176,559,354,640,473,
25,62,0.802155,564,354,639,479,
26,62,0.889603,556,352,640,474,
27,62,0.944522,561,359,638,477,
28,62,0.933599,558,353,639,476,
29,62,0.851318,565,350,639,478,
30,62,0.924921,561,354,639,478,
31,62,0.919813,560,350,638,477,
32,62,0.945647,557,350,639,476,
33,62,0.878252,562,348,640,474,
34,62,0.909912,559,351,639,477,
35,62,0.934286,563,354,638,477,
36,62,0.921118,563,354,639,477,
37,62,0.966405,561,352,639,477,
38,62,0.870967,561,348,640,475,
39,62,0.838204,560,351,639,478,
40,62,0.844371,560,350,639,477,
41,62,0.915424,559,352,639,473,
42,62,0.866820,560,348,639,480,
43,62,0.862386,560,352,639,477,
44,62,0.873652,561,356,640,473,
45,62,0.900027,560,353,640,474,
46,62,0.926282,563,348,640,475,
47,62,0.894727,559,353,639,477,
48,62,0.899745,564,351,640,478,
49,62,0.922327,563,350,639,478,
50,62,0.912031,560,350,640,475,
51,62,0.899373,564,352,639,475,
52,62,0.919166,560,352,639,476,
53,62,0.854447,560,352,639,477,
54,62,0.928996,560,352,639,478,
55,62,0.913627,559,348,640,477,
56,62,0.901398,558,352,640,477,
57,62,0.873959,558,350,640,475,
58,62,0.930183,560,353,638,477,
59,62,0.950134,560,350,639,476,
60,62,0.856246,562,350,639,477,
61,62,0.925094,561,351,639,476,
62,62,0.920519,561,352,640,474,
63,62,0.955669,558,350,639,477,
64,62,0.931721,562,354,640,474,
65,62,0.894304,561,351,640,477,
66,62,0.922952,559,350,638,477,
67,62,0.886082,562,347,640,475,
68,62,0.894666,560,355,638,478,
69,62,0.797695,563,350,640,474,
70,62,0.938763,562,351,639,478,
71,62,0.960370,558,349,638,476,
72,62,0.872269,563,353,639,477,
73,62,0.919429,559,351,639,477,
74,62,0.961166,559,351,639,476,
75,62,0.941339,563,354,638,478,
76,62,0.936196,559,349,639,477,
77,62,0.711553,562,371,639,477,
78,62,0.808112,561,373,640,476,
79,62,0.909815,563,349,640,474,
80,62,0.935844,558,352,640,475,
81,62,0.934342,560,352,639,477,
82,62,0.930350,558,356,638,477,
83,62,0.900056,564,349,640,477,
84,62,0.876837,558,353,640,474,
85,62,0.891522,562,359,639,477,
86,62,0.871388,562,352,638,478,
87,62,0.902812,559,352,639,479,
88,62,0.880697,558,358,640,474,
89,62,0.923657,563,349,639,477,
90,62,0.902324,562,352,639,478,
91,62,0.941493,558,349,639,476,
92,62,0.931520,561,351,638,478,
93,62,0.914519,562,354,639,475,
94,62,0.938954,560,353,639,477,
95,62,0.879659,561,350,638,478,
96,62,0.917228,564,348,640,475,
97,62,0.929115,559,355,639,478,
98,62,0.865576,561,351,639,478,
99,62,0.869045,563,351,638,478,
100,62,0.820409,561,349,640,475,
101,62,0.889979,556,357,640,476,
102,62,0.653708,562,371,640,476,
103,62,0.842653,562,347,639,480,
104,62,0.869082,559,357,640,473,
105,62,0.889514,559,360,640,474,
106,62,0.851696,560,363,639,474,
107,62,0.944834,562,353,639,477,
108,62,0.888485,561,356,639,478,
109,62,0.949295,561,350,640,475,
110,62,0.938787,560,353,639,478,
111,62,0.917532,559,352,639,473,
112,62,0.879203,560,353,639,476,
113,62,0.902871,562,351,640,474,
114,62,0.857343,561,350,640,476,
115,62,0.846745,561,351,638,478,
116,62,0.904760,560,351,638,477,
117,62,0.932822,561,358,638,477,
118,62,0.949986,561,348,638,478,
119,62,0.781372,562,349,640,476,
120,62,0.928491,562,350,640,474,
121,62,0.888995,560,352,638,477,
122,62,0.864185,561,351,640,475,
123,62,0.878153,560,388,637,476,
124,62,0.883347,563,350,638,478,
125,62,0.881687,561,352,639,473,
126,62,0.886877,563,350,640,474,
127,62,0.892292,560,354,640,476,
128,62,0.882688,560,349,639,476,
129,62,0.833150,562,347,640,479,
130,62,0.909522,561,356,639,478,
131,62,0.952152,562,352,638,477,
132,62,0.909708,562,352,639,478,
133,62,0.902161,559,350,639,478,
134,62,0.920378,557,353,640,475,
135,62,0.956287,562,352,638,477,
136,62,0.924036,565,351,640,475,
137,62,0.811172,560,350,639,478,
138,62,0.925765,560,352,638,477,
139,62,0.919993,562,352,638,478,
140,62,0.927799,560,351,639,477,
141,62,0.830000,560,348,640,474,
142,62,0.911751,558,349,640,474,
143,62,0.780623,563,353,638,478,
144,62,0.936041,556,359,640,478,
145,62,0.943514,560,360,639,477,
146,62,0.646735,559,350,638,478,
147,62,0.907985,559,350,639,478,
148,62,0.912619,563,348,640,475,
149,62,0.861107,561,348,640,474,
150,62,0.909048,559,351,639,476,
151,62,0.929644,561,350,640,474,
152,62,0.849510,563,349,640,477,
153,62,0.888982,563,352,638,479,
154,62,0.896043,560,350,640,474,
155,62,0.975035,560,350,639,477,
156,62,0.958851,560,350,639,478,
157,62,0.953341,562,357,638,476,
158,62,0.960318,559,354,639,476,
159,62,0.866559,561,349,640,476,
160,62,0.956752,558,365,639,476,
161,62,0.904760,559,348,640,476,
162,62,0.780914,560,351,638,477,
163,62,0.771837,560,352,639,478,
164,62,0.940450,561,351,639,477,
165,62,0.894938,558,357,640,476,
166,62,0.814324,559,370,640,475,
167,62,0.811514,560,348,640,474,
168,62,0.923954,563,353,639,477,
169,62,0.917039,564,350,640,475,
170,31,0.541673,562,353,640,480,
171,62,0.876029,563,349,640,476,
172,62,0.930300,564,349,639,476,
173,62,0.828615,560,352,640,475,
174,62,0.875818,565,347,640,474,
175,62,0.927854,562,354,639,478,
176,62,0.928328,561,350,639,478,
177,62,0.923436,561,351,639,478,
178,62,0.918242,564,351,640,475,
179,62,0.809950,560,347,640,474,
181,62,0.924384,559,356,638,477,
182,62,0.914488,560,351,639,477,
183,62,0.929744,559,349,640,479,
184,62,0.911775,563,352,640,476,
185,62,0.916249,559,356,639,477,
186,62,0.876430,560,352,638,477,
187,62,0.869327,559,357,640,472,
188,62,0.923384,560,355,638,477,
189,62,0.896381,561,352,640,474,
190,62,0.928469,561,355,639,477,
191,62,0.833997,559,352,639,477,
192,62,0.908065,564,350,640,476,
193,62,0.938964,561,348,640,476,
194,62,0.934737,563,352,639,478,
195,62,0.911990,562,349,638,478,
196,62,0.940887,561,353,640,476,
197,62,0.919774,562,351,640,474,
198,62,0.929943,563,347,639,479,
199,62,0.929022,560,350,639,477,
200,62,0.914450,564,350,639,478,
202,62,0.924590,561,350,640,475,
203,62,0.916725,560,352,639,477,
204,62,0.910074,559,352,639,477,
205,62,0.876061,559,357,639,477,
206,62,0.877133,561,354,639,478,
207,62,0.914464,560,349,639,476,
208,62,0.872050,562,348,639,478,
209,62,0.895410,559,349,638,476,
210,62,0.790141,564,351,639,479,
211,62,0.886705,559,354,640,475,
212,62,0.866489,561,352,639,477,
213,62,0.911126,564,358,640,476,
214,62,0.915160,564,353,638,478,
215,62,0.861845,560,352,639,478,
216,62,0.792827,563,363,640,478,
217,62,0.918940,562,349,640,475,
218,62,0.892637,559,351,639,475,
219,62,0.898935,561,347,640,475,
220,62,0.865810,559,353,639,477,
221,62,0.911161,559,356,640,475,
222,62,0.936360,562,354,639,474,
223,62,0.946150,562,349,640,475,
224,62,0.904881,560,350,639,478,
225,62,0.914183,559,359,640,475,
226,62,0.939327,560,349,639,477,
227,62,0.921036,561,352,639,477,
228,62,0.925883,562,353,638,478,
229,62,0.909481,561,348,640,475,
230,62,0.813648,559,355,640,475,
231,62,0.921494,562,349,640,476,
232,62,0.746642,565,349,640,476,
233,62,0.945760,562,354,638,477,
234,62,0.939030,562,351,639,477,
235,62,0.891411,559,350,638,479,
236,62,0.877833,560,351,639,478,
237,62,0.888177,563,347,640,475,
238,62,0.904565,562,347,640,475,
239,62,0.935084,560,353,639,478,
240,62,0.904896,561,351,639,477,
241,62,0.905447,559,354,639,478,
242,62,0.764835,558,352,639,478,
243,62,0.790085,561,353,639,477,
244,62,0.508518,562,355,640,475,
245,62,0.934464,560,348,640,475,
246,62,0.845356,565,350,640,475,
247,62,0.951715,558,353,638,477,
248,62,0.947281,560,348,640,474,
249,62,0.926670,563,354,638,478,
250,62,0.899192,558,351,639,478,
251,62,0.893390,564,352,640,476,
252,62,0.924825,562,348,640,475,
253,62,0.871253,560,349,639,477,
254,62,0.959374,560,349,638,477,
255,62,0.898620,560,349,640,474,
256,62,0.893990,562,352,640,476,
257,62,0.849535,560,351,639,478,
258,62,0.857584,560,352,639,478,
259,62,0.938189,560,358,640,476,
260,62,0.930487,563,353,639,476,
261,62,0.857922,562,348,639,480,
262,62,0.939428,563,350,639,473,
263,62,0.921866,562,351,638,477,
264,62,0.899813,559,351,639,477,
265,62,0.888244,562,352,640,474,
266,62,0.927779,562,349,640,475,
267,62,0.943364,559,350,640,476,
268,62,0.918407,556,350,639,477,
269,62,0.946672,563,352,639,478,
270,62,0.900626,560,360,640,474,
271,62,0.812095,561,350,639,477,
272,62,0.943623,563,351,639,479,
273,62,0.922853,560,350,639,477,
274,62,0.836970,561,348,639,477,
275,62,0.913323,563,355,639,477,
276,62,0.924215,558,351,639,476,
277,62,0.921627,558,354,638,477,
278,62,0.836213,556,356,640,474,
279,62,0.821402,562,357,638,478,
280,62,0.948340,559,358,639,475,
281,62,0.829833,563,348,640,476,
282,62,0.857131,562,349,639,477,
283,62,0.873487,559,355,639,478,
284,62,0.950687,561,349,640,475,
285,62,0.877544,561,350,639,478,
286,31,0.551577,567,358,639,477,
287,62,0.906051,555,353,639,474,
288,62,0.926020,561,350,639,478,
289,62,0.840246,561,353,638,478,
290,62,0.901425,561,352,638,477,
291,62,0.968544,562,350,639,477,
292,62,0.866394,558,353,638,478,
293,62,0.873697,559,350,640,477,
294,62,0.935778,558,351,639,477,
295,62,0.908904,561,352,638,478,
296,62,0.955174,559,350,639,477,
297,62,0.876354,564,348,640,476,
298,62,0.872032,562,348,640,476,
299,62,0.898417,561,349,640,475,
300,62,0.922384,560,350,639,478,
301,62,0.912192,564,357,639,475,
302,62,0.938757,560,361,639,477,
303,62,0.926805,559,351,639,477,
304,62,0.950191,560,350,639,478,
305,62,0.730470,561,351,640,476,
306,62,0.886463,560,350,639,478,
307,62,0.914214,563,359,639,478,
308,62,0.760822,561,351,639,479,
309,62,0.948086,563,350,640,476,
310,62,0.925008,560,355,638,478,
312,62,0.892521,558,351,639,477,
313,62,0.913389,560,350,639,477,
314,62,0.877605,562,349,640,476,
315,62,0.906917,562,350,639,477,
316,62,0.944912,558,351,639,477,
317,62,0.910364,561,352,639,478,
318,62,0.963309,560,356,639,475,
319,62,0.856963,560,355,638,477,
320,62,0.886523,563,349,640,475,
321,62,0.875483,560,349,640,476,
322,62,0.856895,562,353,638,478,
323,62,0.895875,564,352,640,475,
324,62,0.887114,559,353,640,474,
325,62,0.826621,564,348,639,479,
326,62,0.842374,561,353,639,478,
327,62,0.919607,557,353,639,477,
328,62,0.933276,559,352,639,477,
329,62,0.847698,560,347,640,475,
331,62,0.933725,560,355,639,474,
332,62,0.922757,562,353,640,476,
333,62,0.787669,559,349,639,477,
334,62,0.870055,560,350,640,475,
335,62,0.932638,559,351,639,477,
337,62,0.846703,560,352,639,478,
338,62,0.901712,564,356,640,476,
339,62,0.917214,559,360,639,473,
341,62,0.949466,560,355,639,473,
342,62,0.874312,561,357,638,478,
343,62,0.933067,559,350,639,478,
344,62,0.904225,557,351,640,474,
345,62,0.936657,559,360,640,475,
346,62,0.888045,560,350,640,476,
348,62,0.945082,558,353,638,477,
349,62,0.919193,560,362,640,473,
350,62,0.903126,559,352,639,477,
352,62,0.921054,562,354,639,477,
353,62,0.928510,559,351,639,477,
354,62,0.938676,556,350,639,477,
355,62,0.917284,558,352,639,477,
356,62,0.927815,561,353,640,474,
357,62,0.918480,560,356,639,474,
358,62,0.865504,559,353,639,477,
359,62,0.964221,561,352,639,476,
360,62,0.824374,557,356,640,474,
361,62,0.783011,562,348,640,475,
363,62,0.940777,562,351,639,478,
364,62,0.788457,559,349,638,478,
365,62,0.850629,560,352,640,476,
367,62,0.962977,561,355,639,477,
368,62,0.953202,563,357,638,475,
369,62,0.944825,560,352,638,477,
370,62,0.874533,559,349,640,473,
371,62,0.954553,561,350,639,477,
372,62,0.910513,558,350,639,479,
373,62,0.941067,561,350,638,477,
374,62,0.923056,560,353,638,477,
375,62,0.946581,560,352,640,476,
376,62,0.779375,559,351,639,477,
377,62,0.920898,561,353,638,476,
378,62,0.952597,561,350,640,475,
379,62,0.872811,562,349,640,475,
380,62,0.946744,560,350,639,478,
381,62,0.924289,562,347,640,475,
382,62,0.819755,560,346,640,480,
383,62,0.834518,561,356,638,477,
385,62,0.948252,559,353,639,477,
386,62,0.899599,560,355,640,473,
387,62,0.960346,558,351,639,477,
388,62,0.782671,561,351,640,475,
389,62,0.899291,561,349,640,475,
390,62,0.852860,559,354,639,478,
392,62,0.665764,560,361,639,477,
393,62,0.740146,563,349,640,475,
394,62,0.920917,563,349,639,478,
395,62,0.901301,561,350,639,477,
396,62,0.871454,562,348,640,476,
397,62,0.944650,560,352,639,478,
398,62,0.887894,560,350,639,478,
401,62,0.882669,560,351,639,477,
402,62,0.940315,565,350,639,477,
403,62,0.930455,560,353,638,477,
405,62,0.906165,562,348,640,474,
407,62,0.777088,562,354,639,478,
408,62,0.920860,561,349,639,478,
409,62,0.805789,563,351,639,478,
410,62,0.938805,561,356,638,478,
412,62,0.913782,561,358,639,477,
413,62,0.905103,559,354,640,476,
414,62,0.915290,559,350,639,477,
416,62,0.912326,557,348,640,476,
417,62,0.846580,560,351,638,478,
418,62,0.902588,560,350,639,477,
419,62,0.755675,561,349,640,474,
420,62,0.923955,562,348,640,475,
421,62,0.902866,560,348,640,475,
422,62,0.901727,561,355,640,473,
423,62,0.899493,561,349,640,475,
424,62,0.942778,563,350,640,474,
425,62,0.916538,562,351,638,478,
427,62,0.892857,560,353,639,478,
428,62,0.907048,560,357,638,477,
429,62,0.887902,562,352,640,476,
430,62,0.946330,560,347,640,474,
431,62,0.837951,560,346,640,475,
432,62,0.780683,560,351,640,474,
433,62,0.921830,560,356,640,476,
434,62,0.855052,561,348,640,474,
435,62,0.873267,558,348,640,479,
436,62,0.912452,558,350,640,474,
437,62,0.911529,561,351,639,479,
438,62,0.924594,558,349,639,477,
439,62,0.925458,561,348,640,475,
441,62,0.944285,559,350,639,477,
442,62,0.859439,560,351,639,478,
443,62,0.945322,559,350,639,477,
444,62,0.902387,560,353,640,476,
445,62,0.876874,562,358,639,474,
446,62,0.947112,562,354,638,477,
447,62,0.948794,562,351,638,477,
449,62,0.904922,563,349,638,477,
450,62,0.898587,563,353,639,478,
451,62,0.955744,560,351,639,477,
452,62,0.933163,564,351,640,475,
453,62,0.931001,560,355,639,474,
455,62,0.915843,559,353,639,477,
456,62,0.884609,561,350,639,477,
457,62,0.866984,563,354,638,478,
459,62,0.922424,559,362,640,473,
460,62,0.863886,561,350,638,478,
461,62,0.780411,561,350,640,475,
463,62,0.903545,562,353,640,476,
464,62,0.919934,560,354,638,478,
465,62,0.771838,562,354,640,476,
466,62,0.820654,556,350,640,474,
467,62,0.838028,563,351,639,478,
468,62,0.903634,559,352,639,478,
469,62,0.924822,561,360,639,477,
470,62,0.888598,560,351,638,478,
471,62,0.948276,560,350,639,476,
472,62,0.938499,559,353,639,477,
473,62,0.828395,561,348,640,476,
474,62,0.947681,561,351,639,477,
475,62,0.885239,559,352,639,474,
476,62,0.922597,559,350,638,477,
477,62,0.900742,557,352,640,475,
478,62,0.943869,562,353,640,476,
479,62,0.875384,558,350,639,477,
480,62,0.837020,560,354,639,477,
481,62,0.916382,561,352,638,477,
482,62,0.878737,561,348,640,476,
483,62,0.932572,560,354,639,477,
484,62,0.875475,562,352,640,476,
485,62,0.846561,562,352,639,476,
486,62,0.790564,559,354,638,478,
487,62,0.837771,556,350,640,474,
488,62,0.891066,561,351,638,478,
489,62,0.883012,562,356,638,478,
490,62,0.947176,563,354,639,477,
491,62,0.953367,562,351,639,477,
492,62,0.905219,561,359,638,478,
493,62,0.886901,562,346,640,476,
494,62,0.936095,559,353,638,477,
495,62,0.905776,559,352,639,478,
496,62,0.906461,560,352,639,477,
497,62,0.928005,562,351,639,477,
498,62,0.860692,563,352,639,478,
499,62,0.925224,560,354,639,477,
500,62,0.922320,559,349,640,475,
501,62,0.936669,558,350,639,476,
502,62,0.906679,560,346,640,477,
503,62,0.866075,560,354,639,477,
504,62,0.913303,559,351,640,475,
505,62,0.823652,563,350,640,477,
506,62,0.843342,562,350,640,475,
507,62,0.891010,559,353,639,478,
508,62,0.930851,560,350,640,477,
509,62,0.912745,561,347,639,480,
510,62,0.744576,564,351,640,476,
511,62,0.899039,563,352,639,477,
512,62,0.923841,557,354,638,477,
513,62,0.919477,561,351,639,477,
514,62,0.850784,560,348,640,476,
516,62,0.911985,558,351,639,477,
517,62,0.915253,561,356,639,474,
518,62,0.830487,561,356,639,475,
519,62,0.892236,561,351,638,478,
520,62,0.938218,559,354,638,478,
521,62,0.913090,563,350,640,474,
522,62,0.923582,560,352,640,476,
523,62,0.809409,560,348,639,477,
524,62,0.883527,559,349,640,475,
526,62,0.868761,565,353,640,476,
527,62,0.919698,561,350,640,474,
528,62,0.923999,563,351,639,477,
529,62,0.956479,558,355,639,477,
530,62,0.935980,562,349,640,476,
531,62,0.820836,559,355,640,476,
532,62,0.908416,563,351,640,476,
533,62,0.774504,563,345,640,480,
534,62,0.850937,561,351,640,474,
535,62,0.952005,559,356,639,477,
536,62,0.907420,560,356,639,477,
537,62,0.902039,562,353,639,479,
538,62,0.923066,563,350,638,478,
539,62,0.942741,561,349,640,474,
540,62,0.898108,564,350,639,478,
541,62,0.726129,563,351,638,478,
542,62,0.894806,560,347,640,475,
543,62,0.885058,561,352,639,477,
544,62,0.898732,559,353,638,477,
545,62,0.836774,559,350,639,478,
546,62,0.954225,559,352,639,475,
547,62,0.873206,557,355,640,474,
548,62,0.943869,563,351,639,477,
549,62,0.938784,560,356,639,478,
551,62,0.871577,562,349,639,474,
552,62,0.744909,561,355,639,478,
553,62,0.863484,558,350,638,477,
554,62,0.901216,563,350,640,475,
555,62,0.896942,555,354,640,474,
557,62,0.896245,562,351,639,476,
558,62,0.926301,559,352,639,477,
559,62,0.931598,564,345,640,474,
560,62,0.942339,562,354,639,477,
561,62,0.933590,562,354,639,477,
562,62,0.874989,562,350,640,475,
563,62,0.931712,563,352,640,475,
564,62,0.939297,561,351,639,477,
565,62,0.927110,561,355,638,477,
566,62,0.925339,562,350,638,477,
567,62,0.926108,562,356,639,477,
568,62,0.906008,561,358,640,475,
569,62,0.925775,559,355,639,477,
571,62,0.940086,560,352,639,476,
572,62,0.909190,561,351,639,478,
573,62,0.914750,561,352,638,477,
574,62,0.917647,563,352,639,477,
575,62,0.759176,562,343,640,480,
576,62,0.885239,562,350,640,477,
577,62,0.953805,562,356,639,477,
578,62,0.947917,559,351,639,477,
579,62,0.904873,562,347,639,477,
580,62,0.928588,559,348,640,475,
581,62,0.784018,563,349,640,475,
583,62,0.966180,563,353,639,473,
584,62,0.952778,561,350,639,477,
585,62,0.930162,561,351,639,476,
586,62,0.900514,561,355,639,474,
587,62,0.945718,561,350,640,475,
588,62,0.897340,562,349,640,477,
589,62,0.895264,561,354,640,476,
590,62,0.856905,561,348,640,475,
591,62,0.889931,564,355,638,477,
592,62,0.939126,561,355,640,476,
593,62,0.919633,559,350,639,477,
594,62,0.957343,560,362,639,477,
595,62,0.870872,560,348,639,480,
596,62,0.904452,560,351,639,477,
597,62,0.929651,558,355,638,478,
598,62,0.949876,560,353,640,474,
599,62,0.844082,563,350,640,476,
600,62,0.899458,562,348,640,475,
601,62,0.910130,563,347,640,477,
602,62,0.900944,556,357,640,473,
603,62,0.807739,555,351,640,475,
604,62,0.941492,558,358,638,476,
605,62,0.929358,564,352,639,478,
606,62,0.739833,563,358,640,477,
607,62,0.875456,562,350,640,476,
608,62,0.945615,561,350,640,475,
609,62,0.836220,561,355,639,477,
610,62,0.903259,560,350,640,475,
611,62,0.866237,559,353,639,477,
612,62,0.936936,558,352,638,477,
614,62,0.889437,561,354,640,475,
615,62,0.898643,563,351,638,478,
616,62,0.928367,561,350,639,477,
617,62,0.891207,565,356,638,478,
618,62,0.717917,560,353,640,477,
619,62,0.853326,564,346,640,475,
620,62,0.858077,563,357,640,478,
621,62,0.919561,564,348,640,475,
623,62,0.802580,560,350,639,478,
624,62,0.862667,560,347,640,474,
625,62,0.911140,559,351,639,475,
626,62,0.959048,559,359,638,477,
627,62,0.863789,562,350,640,477,
628,62,0.809532,563,349,640,474,
629,62,0.922502,561,348,640,474,
630,62,0.894889,559,360,640,475,
632,62,0.913162,561,351,640,474,
633,62,0.912967,561,351,639,477,
635,62,0.925052,557,349,640,475,
636,62,0.873346,561,356,640,474,
637,62,0.927730,561,361,639,477,
638,62,0.910737,558,350,638,478,
640,62,0.814591,566,350,640,476,
641,62,0.863444,558,353,639,478,
642,62,0.910973,561,352,638,477,
643,62,0.926589,560,353,640,475,
644,62,0.875525,558,353,639,477,
645,62,0.726734,562,362,640,476,
646,62,0.943882,560,350,640,475,
647,62,0.938782,560,355,638,477,
648,62,0.906835,561,351,638,478,
649,62,0.622947,561,350,639,477,
650,62,0.936864,559,365,638,476,
651,62,0.882757,562,355,638,477,
652,62,0.945530,561,350,640,475,
653,62,0.942283,559,354,639,477,
654,62,0.929892,561,351,638,478,
655,62,0.855292,558,351,639,477,
656,62,0.887864,560,355,638,477,
657,62,0.852498,561,354,639,477,
658,62,0.955877,563,351,639,474,
659,62,0.930316,559,352,639,477,
661,62,0.903519,561,351,640,474,
662,62,0.883917,559,351,639,478,
663,62,0.928253,561,350,639,477,
664,62,0.867623,556,351,639,477,
665,62,0.914887,561,354,639,478,
666,62,0.933338,564,352,638,477,
667,62,0.925866,562,350,640,475,
668,62,0.757202,564,351,640,476,
669,62,0.962192,560,352,638,476,
670,62,0.866659,561,352,640,475,
671,62,0.951649,560,351,639,477,
672,62,0.931783,562,351,639,477,
673,62,0.850662,557,352,639,477,
674,62,0.932588,561,349,638,478,
675,62,0.909781,563,349,640,476,
676,62,0.924944,562,351,639,478,
677,62,0.876547,559,352,639,477,
678,62,0.913595,565,359,639,477,
679,62,0.918375,559,352,639,477,
681,62,0.878248,558,351,638,477,
682,62,0.821940,563,350,639,478,
683,62,0.939361,557,350,639,476,
684,62,0.916534,560,352,639,478,
685,62,0.889017,561,351,639,478,
686,62,0.892034,563,348,639,478,
687,62,0.864630,562,350,640,474,
688,62,0.846922,561,348,640,480,
689,62,0.894771,561,349,640,474,
690,62,0.901702,562,349,640,475,
691,62,0.869418,562,349,640,479,
692,62,0.950721,561,355,638,476,
694,62,0.804047,561,352,640,474,
695,62,0.830180,561,354,639,477,
696,62,0.843987,560,352,639,477,
697,62,0.929855,563,349,640,475,
698,62,0.868501,562,349,640,475,
699,62,0.855927,559,350,639,476,
700,62,0.954139,557,356,640,475,
701,62,0.885637,559,350,640,474,
702,62,0.914649,562,351,639,475,
703,62,0.834762,557,355,639,478,
704,62,0.690205,561,348,640,475,
705,62,0.922517,560,350,639,477,
706,62,0.911826,561,352,639,477,
707,62,0.938601,559,350,639,478,
708,62,0.919923,559,352,640,475,
709,62,0.812975,559,348,638,478,
710,62,0.775474,564,348,640,475,
711,62,0.948504,562,349,640,475,
712,62,0.877528,557,349,640,475,
713,62,0.837904,561,351,640,476,
714,62,0.725471,563,345,638,480,
717,62,0.804293,563,348,640,479,
718,62,0.944360,558,353,639,476,
719,62,0.942125,560,352,639,477,
721,62,0.950526,562,357,639,478,
722,62,0.931867,560,350,639,477,
723,62,0.941639,563,352,639,478,
724,62,0.876936,559,350,638,478,
725,62,0.922268,558,348,638,476,
727,62,0.915379,556,348,640,474,
728,62,0.814263,561,348,640,477,
730,62,0.923770,562,352,639,477,
731,62,0.900371,560,357,639,477,
735,62,0.921496,560,351,638,477,
736,62,0.869161,556,356,639,478,
737,62,0.828413,558,353,640,473,
738,62,0.926472,560,356,638,477,
739,62,0.942288,559,355,639,477,
741,62,0.943001,559,356,639,477,
744,62,0.911330,562,356,640,476,
746,62,0.942763,561,357,638,477,
752,62,0.941463,561,354,638,478,
755,62,0.941750,564,354,638,478,
756,62,0.939994,562,356,638,478,
757,62,0.774655,559,353,639,477,
759,62,0.759853,561,357,640,478,
760,62,0.917013,560,353,638,477,
761,62,0.876971,558,353,640,475,
762,62,0.913855,559,348,640,476,
765,62,0.724234,560,371,640,477,
773,62,0.866578,560,367,639,473,
782,62,0.723866,557,370,640,475,
821,62,0.782425,562,362,640,476,
823,62,0.854703,561,361,640,474,
824,62,0.572714,557,369,639,476,
826,62,0.748639,564,369,640,477,
834,62,0.877746,561,363,640,479,
836,62,0.808849,563,361,640,478,
847,62,0.870905,560,363,639,478,
849,62,0.856521,560,367,640,476,
858,62,0.730950,560,369,640,476,
914,62,0.818947,559,380,640,475,
927,62,0.749525,559,371,640,475,
933,62,0.694954,560,380,640,476,
946,62,0.757811,560,383,640,476,
980,62,0.707573,560,377,640,475,
996,62,0.760090,559,371,640,475,
1007,62,0.922934,559,365,639,475,
1009,62,0.772576,559,373,640,475,
1013,62,0.917563,557,375,639,477,
1015,62,0.783552,561,372,640,476,
1038,62,0.886500,563,366,639,474,
1071,62,0.928925,561,365,638,478,
1077,62,0.723250,558,368,640,475,
1087,62,0.941524,558,362,639,474,
1098,62,0.883757,558,360,640,476,
1116,62,0.700565,561,366,640,477,
1135,62,0.931703,559,364,638,478,
1140,62,0.840383,560,359,639,476,
1143,62,0.933105,561,353,638,478,
1145,62,0.917221,555,352,640,473,
1146,62,0.922393,561,351,639,477,
1148,62,0.858473,560,350,639,477,
1149,62,0.873099,560,348,640,474,
1150,62,0.964741,561,357,637,477,
1151,62,0.910080,560,352,638,477,
1154,62,0.844282,563,350,640,474,
1156,62,0.887153,562,352,639,474,
1160,62,0.950545,560,351,639,476,
1161,62,0.935842,559,348,640,475,
1164,62,0.801451,562,355,640,476,
1165,62,0.950789,561,351,639,477,
1166,62,0.898963,561,351,639,478,
1167,62,0.834591,563,352,640,478,
1168,62,0.750855,561,349,640,477,
1169,62,0.899391,558,352,640,474,
1170,62,0.845045,564,351,640,476,
1171,62,0.853967,562,348,640,474,
1172,62,0.886715,562,353,638,478,
1173,62,0.922848,562,351,639,477,
1174,62,0.943720,559,352,639,477,
1175,62,0.931367,560,352,638,478,
1178,62,0.901044,561,350,639,477,
1179,62,0.934617,560,350,640,473,
1180,62,0.856754,564,347,640,476,
1182,62,0.898413,564,350,640,475,
1184,62,0.924772,562,349,640,475,
1187,62,0.912726,561,355,640,475,
1188,31,0.594495,567,362,640,475,
1254,62,0.663352,559,367,640,476,
1258,62,0.830066,561,374,639,475,
1267,62,0.768557,557,371,640,475,
1272,62,0.837689,560,374,640,475,
1276,62,0.658020,562,369,640,477,
1297,62,0.708684,563,375,640,477,
