4,47,0.705285,269,293,305,325,
5,47,0.737114,270,292,306,324,
6,47,0.651979,271,292,305,324,
7,47,0.685320,271,292,306,324,
8,47,0.706957,269,292,305,325,
9,47,0.671876,270,291,306,324,
10,47,0.730348,269,292,306,325,
11,47,0.634513,270,292,305,324,
12,47,0.680798,271,292,306,324,
13,47,0.704125,269,292,306,325,
14,47,0.728323,269,293,306,326,
15,47,0.761992,269,292,305,325,
16,47,0.627051,269,293,305,326,
17,47,0.726109,269,292,306,325,
18,47,0.711464,269,293,306,325,
19,47,0.655823,271,292,306,324,
20,47,0.592959,271,291,305,324,
21,47,0.713488,270,292,305,324,
22,47,0.665848,271,292,305,324,
23,47,0.696993,270,292,306,325,
24,47,0.606120,271,292,305,325,
25,47,0.723714,270,293,305,325,
26,47,0.827718,269,292,306,325,
27,47,0.596143,270,292,305,325,
28,47,0.665620,269,292,306,325,
29,47,0.754297,269,293,306,325,
30,47,0.727672,269,293,305,325,
31,47,0.561786,269,293,305,325,
32,47,0.665950,271,292,305,324,
33,47,0.793357,269,293,305,325,
34,47,0.833663,270,292,305,324,
35,47,0.854401,269,293,305,325,
36,47,0.710691,270,293,305,324,
37,47,0.920569,270,292,304,324,
38,47,0.926357,269,292,304,325,
39,47,0.920248,269,292,305,325,
40,47,0.916356,270,292,305,324,
41,47,0.911889,270,292,305,324,
42,47,0.939636,270,292,305,324,
43,47,0.944341,270,292,305,325,
44,47,0.955389,270,292,305,325,
45,47,0.921389,270,292,305,324,
46,47,0.957951,270,291,305,324,
47,47,0.971395,270,290,305,325,
48,47,0.962941,271,291,305,325,
49,47,0.972060,270,290,306,325,
50,47,0.965614,269,291,304,324,
51,47,0.970526,268,292,304,325,
52,47,0.974153,268,292,304,325,
53,47,0.981645,268,292,305,325,
54,47,0.962856,269,291,304,324,
55,47,0.968808,268,291,304,324,
56,47,0.921854,267,290,303,323,
57,47,0.960515,268,291,304,324,
58,47,0.953740,268,292,304,324,
59,47,0.963247,269,291,304,325,
60,47,0.963136,269,292,304,325,
61,47,0.974596,270,291,304,325,
62,47,0.976510,270,291,304,325,
63,47,0.970125,270,290,305,324,
64,47,0.955491,270,291,304,325,
65,47,0.956479,270,291,305,325,
66,47,0.916513,270,290,304,324,
67,47,0.959388,270,290,304,325,
68,47,0.948187,271,290,304,324,
69,47,0.950677,271,290,304,324,
70,47,0.925899,271,289,304,324,
71,47,0.850616,270,288,304,324,
72,47,0.950866,270,288,304,324,
73,47,0.931723,271,288,304,323,
74,47,0.928811,271,288,304,323,
75,47,0.919010,270,288,305,324,
76,47,0.921389,271,287,305,324,
77,47,0.878436,271,287,304,324,
78,47,0.807685,271,288,304,324,
79,47,0.839689,271,288,304,324,
80,47,0.705689,270,288,303,324,
81,47,0.785601,270,289,303,325,
82,47,0.881402,270,289,304,324,
83,47,0.877926,270,289,304,324,
84,47,0.952387,271,288,305,324,
85,47,0.941303,270,289,304,324,
86,47,0.912658,271,288,304,324,
87,47,0.969059,270,289,304,324,
88,47,0.960737,270,288,304,325,
89,47,0.967919,270,288,305,325,
90,47,0.955210,270,288,304,324,
91,47,0.853341,270,288,303,325,
92,47,0.737379,270,287,304,324,
93,47,0.809667,270,287,303,324,
94,47,0.811501,270,288,303,324,
95,47,0.914456,270,288,303,324,
96,47,0.927470,270,288,304,323,
97,47,0.951227,269,288,304,324,
98,47,0.945956,270,288,304,323,
99,47,0.874429,270,288,302,323,
100,47,0.933737,270,289,302,323,
101,47,0.782895,269,288,302,323,
102,47,0.877961,268,289,302,323,
103,47,0.801716,267,289,301,322,
104,47,0.878348,265,289,299,323,
105,47,0.771272,264,289,296,323,
107,47,0.842208,262,288,295,321,
108,47,0.681967,261,285,293,321,
109,47,0.758550,261,285,292,320,
114,75,0.607313,247,281,281,308,
328,75,0.606669,252,281,281,311,
329,75,0.761369,252,284,280,313,
335,47,0.727357,259,285,290,322,
336,47,0.654743,258,287,291,321,
339,47,0.668534,260,288,293,322,
340,47,0.786549,260,289,294,322,
341,47,0.876528,262,289,296,322,
342,47,0.784966,262,289,296,323,
343,47,0.580956,263,288,297,324,
344,47,0.786958,263,288,298,323,
345,47,0.808759,265,289,299,323,
346,47,0.871809,265,289,301,324,
347,47,0.854184,266,289,301,323,
348,47,0.867261,266,289,301,324,
349,47,0.676907,266,288,302,324,
350,47,0.802603,268,289,303,323,
351,47,0.809778,269,288,304,323,
352,47,0.892070,269,287,304,323,
353,47,0.871544,269,288,304,324,
354,47,0.915787,269,287,305,325,
355,47,0.885622,271,286,304,325,
356,47,0.855396,270,286,304,325,
357,47,0.868019,271,286,304,325,
358,47,0.926440,271,285,304,326,
359,47,0.889933,271,286,304,326,
360,47,0.821190,272,285,303,326,
361,47,0.606021,271,286,304,326,
362,47,0.764105,272,286,304,325,
363,47,0.795477,272,287,304,325,
364,47,0.733413,272,287,304,326,
365,47,0.885177,272,286,304,325,
366,47,0.854144,271,286,304,326,
367,47,0.897918,270,289,302,325,
368,47,0.848963,272,288,304,325,
369,47,0.890853,270,289,303,325,
370,47,0.916221,270,289,302,325,
371,47,0.693326,271,289,303,326,
372,47,0.878750,270,290,303,325,
373,47,0.537774,271,288,304,326,
374,47,0.558654,272,288,304,325,
379,47,0.653687,271,289,303,326,
380,47,0.753973,270,289,303,325,
382,47,0.543067,270,289,303,326,
383,47,0.777810,271,289,305,326,
384,47,0.728534,271,288,306,326,
385,47,0.909035,271,289,306,325,
386,47,0.929594,270,289,306,326,
387,47,0.970689,271,290,306,326,
388,47,0.980305,272,290,307,326,
389,47,0.982011,271,292,306,326,
390,47,0.978527,272,292,307,326,
391,47,0.980947,272,293,306,326,
392,47,0.934505,272,292,307,326,
393,47,0.948126,272,292,307,326,
394,47,0.903747,271,292,306,325,
395,47,0.927941,272,292,306,326,
396,47,0.925741,272,293,306,326,
397,47,0.897180,271,293,306,325,
398,47,0.920048,272,293,306,325,
399,47,0.879251,272,293,306,325,
400,47,0.878072,272,293,306,325,
401,47,0.885809,272,293,306,325,
402,47,0.891527,272,293,306,325,
403,47,0.891100,272,293,307,325,
404,47,0.885575,272,293,306,325,
405,47,0.897330,272,293,307,325,
406,47,0.884583,272,293,306,325,
407,47,0.881416,273,293,307,325,
408,47,0.885906,272,293,306,325,
409,47,0.847695,272,293,306,325,
410,47,0.892926,272,293,307,325,
411,47,0.874373,272,293,306,325,
412,47,0.915160,272,293,306,325,
413,47,0.857727,273,293,307,325,
414,47,0.903755,272,293,307,325,
415,47,0.919538,272,293,306,326,
416,47,0.872406,272,293,306,325,
417,47,0.846719,273,294,306,325,
418,47,0.869830,272,293,306,326,
419,47,0.891057,272,293,306,325,
420,47,0.877307,272,293,306,325,
421,47,0.864868,272,293,306,325,
422,47,0.893212,272,293,306,325,
423,47,0.891447,272,293,306,325,
424,47,0.896868,273,294,306,325,
425,47,0.853171,272,293,306,325,
426,47,0.853221,272,293,306,325,
427,47,0.888415,273,294,306,325,
428,47,0.894452,272,293,306,325,
429,47,0.839422,273,294,306,325,
430,47,0.886205,272,294,305,325,
431,47,0.892371,272,293,306,325,
432,47,0.880320,272,294,306,325,
433,47,0.876688,272,293,306,325,
434,47,0.875704,272,294,306,325,
435,47,0.834260,271,294,305,326,
436,47,0.867959,272,293,306,325,
437,47,0.863341,272,294,305,325,
438,47,0.903783,272,293,306,325,
439,47,0.885268,272,293,306,325,
440,47,0.906000,273,293,306,325,
441,47,0.885661,272,294,305,326,
442,47,0.906580,272,294,306,325,
443,47,0.890319,272,294,306,325,
444,47,0.882064,273,294,306,325,
445,47,0.868633,272,293,305,325,
446,47,0.822622,272,294,305,325,
447,47,0.889058,273,294,306,325,
448,47,0.885784,272,293,305,325,
449,47,0.869770,272,294,306,325,
450,47,0.871686,272,294,306,325,
451,47,0.839386,272,294,305,325,
452,47,0.895969,272,294,306,325,
453,47,0.902391,272,294,306,325,
454,47,0.892157,272,294,306,325,
455,47,0.875569,272,293,305,325,
456,47,0.857692,272,294,305,325,
457,47,0.851710,272,294,305,325,
458,47,0.878128,272,294,306,325,
459,47,0.884505,272,294,306,325,
460,47,0.913448,273,294,306,326,
461,47,0.897527,272,293,306,326,
462,47,0.893675,272,294,305,325,
463,47,0.902942,272,294,305,325,
464,47,0.877979,272,294,305,325,
465,47,0.881715,272,294,306,325,
466,47,0.852542,272,294,306,326,
467,47,0.844721,272,293,306,325,
468,47,0.888312,272,294,305,325,
469,47,0.832193,272,294,306,325,
470,47,0.882436,272,294,305,326,
471,47,0.879145,272,294,305,325,
472,47,0.875283,273,294,306,325,
473,47,0.888950,272,293,305,325,
474,47,0.876579,272,294,305,326,
475,47,0.894406,272,293,305,325,
476,47,0.875294,272,294,306,325,
477,47,0.909158,273,294,306,325,
478,47,0.868145,272,293,306,325,
479,47,0.875979,272,294,306,325,
480,47,0.872349,272,294,306,325,
481,47,0.879933,272,293,306,325,
482,47,0.873788,272,294,306,325,
483,47,0.870015,272,293,306,325,
484,47,0.842460,272,294,306,325,
485,47,0.879284,272,293,306,325,
486,47,0.899150,272,293,306,325,
487,47,0.886685,272,293,306,325,
488,47,0.894846,272,293,306,325,
489,47,0.815814,272,293,305,325,
490,47,0.893598,272,293,306,325,
491,47,0.890084,272,293,306,325,
492,47,0.870023,272,293,306,325,
493,47,0.867120,272,293,305,326,
494,47,0.902565,272,293,306,325,
495,47,0.893065,273,293,306,325,
496,47,0.879117,273,293,306,325,
497,47,0.882358,273,294,306,325,
498,47,0.889224,272,293,306,325,
499,47,0.876611,272,294,306,325,
500,47,0.887000,272,293,307,325,
501,47,0.890137,272,294,305,325,
502,47,0.869167,273,293,307,325,
503,47,0.870584,273,293,307,325,
504,47,0.888695,273,293,307,325,
505,47,0.873491,272,293,306,325,
506,47,0.855897,273,293,307,325,
507,47,0.846445,272,293,306,325,
508,47,0.905984,272,293,307,326,
509,47,0.863076,272,293,306,325,
510,47,0.894342,272,293,307,325,
511,47,0.833247,272,293,306,325,
512,47,0.876511,272,293,306,326,
513,47,0.853684,273,293,307,325,
514,47,0.884371,273,293,307,325,
515,47,0.865526,272,293,306,325,
516,47,0.866610,272,293,306,325,
517,47,0.868578,272,293,306,325,
518,47,0.885428,272,293,306,326,
519,47,0.877411,273,293,307,325,
520,47,0.897915,272,293,306,325,
521,47,0.881054,272,292,307,325,
522,47,0.872981,272,293,306,325,
523,47,0.877705,272,293,307,325,
524,47,0.893368,272,292,306,325,
525,47,0.873146,272,293,306,325,
526,47,0.865201,272,293,306,325,
527,47,0.861314,272,293,306,325,
528,47,0.886567,272,293,306,325,
529,47,0.840006,272,293,306,325,
530,47,0.879198,272,293,306,325,
531,47,0.859904,272,292,307,325,
532,47,0.863810,273,293,306,325,
533,47,0.889818,272,293,306,325,
534,47,0.893560,272,293,307,325,
535,47,0.853161,272,293,306,325,
536,47,0.863191,272,293,306,325,
537,47,0.869765,272,293,306,325,
538,47,0.893792,272,293,307,325,
539,47,0.842541,272,293,306,325,
540,47,0.866283,272,293,306,325,
541,47,0.846440,272,293,306,325,
542,47,0.875993,272,293,306,325,
543,47,0.819532,273,293,306,325,
544,47,0.887555,272,293,306,325,
545,47,0.833359,273,293,306,325,
546,47,0.817240,271,293,307,326,
547,47,0.828265,272,293,306,325,
548,47,0.800137,273,293,306,325,
549,47,0.851916,273,293,306,325,
550,47,0.885036,272,293,306,325,
551,47,0.881048,272,293,307,325,
552,47,0.848271,272,293,306,325,
553,47,0.851437,272,293,307,325,
554,47,0.809922,273,293,307,325,
555,47,0.836707,272,293,306,325,
556,47,0.822345,273,293,306,325,
557,47,0.841719,273,293,306,325,
558,47,0.878076,271,293,307,326,
559,47,0.861021,272,293,306,325,
560,47,0.816164,273,293,307,325,
561,47,0.843440,272,292,306,325,
562,47,0.835038,272,293,306,325,
563,47,0.830349,271,293,306,326,
564,47,0.859039,272,293,306,325,
565,47,0.878038,272,292,307,325,
566,47,0.832965,273,293,307,325,
567,47,0.867772,273,293,306,325,
568,47,0.873934,273,293,307,325,
569,47,0.878313,272,293,306,325,
570,47,0.874976,273,293,306,325,
571,47,0.847545,272,293,306,326,
572,47,0.786878,272,293,306,325,
573,47,0.851701,273,293,306,325,
574,47,0.872034,273,293,306,325,
575,47,0.872901,272,293,306,325,
576,47,0.847455,273,293,307,325,
577,47,0.845320,273,293,306,325,
578,47,0.864656,272,293,306,325,
579,47,0.857190,273,293,306,325,
580,47,0.883880,273,293,307,325,
581,47,0.861786,272,293,306,325,
582,47,0.818317,273,293,306,325,
583,47,0.859187,272,292,306,325,
584,47,0.882681,272,293,306,325,
585,47,0.837336,273,293,306,325,
586,47,0.861809,273,293,307,325,
587,47,0.841473,273,293,306,325,
588,47,0.873946,272,293,306,326,
589,47,0.890093,272,293,306,325,
590,47,0.851479,273,293,306,325,
591,47,0.836454,272,293,307,325,
592,47,0.839634,272,293,306,325,
593,47,0.897173,272,292,307,325,
594,47,0.831972,272,293,306,325,
595,47,0.850116,271,293,307,326,
596,47,0.859668,272,293,306,325,
597,47,0.864697,272,293,306,325,
598,47,0.842545,272,293,306,325,
599,47,0.887200,272,293,306,325,
600,47,0.837508,272,293,306,325,
601,47,0.855675,272,293,306,325,
602,47,0.886609,272,293,306,325,
603,47,0.898659,272,293,306,325,
604,47,0.907734,272,293,307,325,
605,47,0.906578,272,293,307,325,
606,47,0.815116,272,293,306,325,
607,47,0.867922,272,293,306,325,
608,47,0.874525,272,293,306,325,
609,47,0.886310,272,292,306,325,
610,47,0.880915,272,293,306,325,
611,47,0.853745,273,293,307,325,
612,47,0.896886,272,292,307,325,
613,47,0.822153,272,293,306,325,
614,47,0.895121,272,292,306,325,
615,47,0.885420,273,293,307,325,
616,47,0.863982,273,293,306,325,
617,47,0.838114,273,293,306,325,
618,47,0.898553,272,293,306,325,
619,47,0.847663,272,293,306,325,
620,47,0.900870,272,293,307,325,
621,47,0.843253,272,293,306,325,
622,47,0.879929,272,293,306,325,
623,47,0.889323,272,293,306,325,
624,47,0.886721,272,293,306,325,
625,47,0.875166,272,293,306,325,
626,47,0.872568,273,293,306,325,
627,47,0.851009,272,293,306,325,
628,47,0.823925,272,294,306,326,
629,47,0.868394,273,294,306,325,
630,47,0.885539,272,293,306,325,
631,47,0.842215,272,294,305,325,
632,47,0.881487,272,294,305,325,
633,47,0.866874,270,293,304,325,
634,47,0.870187,272,294,305,325,
635,47,0.874635,272,293,305,325,
636,47,0.901538,272,293,305,325,
637,47,0.882832,272,293,306,325,
638,47,0.854898,272,294,305,325,
639,47,0.875571,272,293,306,325,
640,47,0.883449,272,294,305,325,
641,47,0.890167,273,294,306,325,
642,47,0.887571,273,294,306,325,
643,47,0.861053,272,294,306,325,
644,47,0.904770,272,293,306,325,
645,47,0.881016,272,293,306,325,
646,47,0.861130,272,294,305,325,
647,47,0.894400,272,294,306,325,
648,47,0.849086,272,294,306,325,
649,47,0.887278,272,294,305,325,
650,47,0.876767,272,294,305,325,
651,47,0.813770,273,293,306,325,
652,47,0.875659,273,294,306,325,
653,47,0.881514,272,294,305,325,
654,47,0.872163,273,294,306,326,
655,47,0.841046,272,293,306,325,
656,47,0.881749,272,293,306,326,
657,47,0.918721,272,293,306,325,
658,47,0.876855,272,293,306,325,
659,47,0.907511,272,293,306,325,
660,47,0.893577,273,294,306,325,
661,47,0.866453,272,294,305,326,
662,47,0.877510,272,294,305,325,
663,47,0.813153,272,294,305,325,
664,47,0.862964,272,293,305,325,
665,47,0.877854,272,294,305,325,
666,47,0.866793,272,294,305,325,
667,47,0.903224,273,293,306,325,
668,47,0.867251,272,294,306,325,
669,47,0.852695,272,293,305,325,
670,47,0.880594,272,294,306,325,
671,47,0.856127,271,293,305,325,
672,47,0.889035,272,293,306,325,
673,47,0.876306,272,294,305,325,
674,47,0.903960,272,293,306,325,
675,47,0.871704,272,294,305,325,
676,47,0.869845,272,293,306,325,
677,47,0.892832,272,293,306,325,
678,47,0.859179,272,294,305,325,
679,47,0.868486,272,294,306,325,
680,47,0.879692,272,293,306,325,
681,47,0.860096,272,294,306,325,
682,47,0.858840,272,293,306,325,
683,47,0.858520,272,293,306,325,
684,47,0.828011,272,294,305,325,
685,47,0.853829,272,294,305,325,
686,47,0.888107,272,293,306,325,
687,47,0.836763,272,294,305,325,
688,47,0.874692,272,294,306,325,
689,47,0.872450,273,294,305,325,
690,47,0.879051,272,293,306,325,
691,47,0.886958,272,294,305,325,
692,47,0.858725,272,294,306,325,
693,47,0.870772,272,293,306,325,
694,47,0.919300,272,293,306,325,
695,47,0.894739,273,294,306,325,
696,47,0.856606,272,293,306,325,
697,47,0.861148,272,293,306,325,
698,47,0.893874,273,293,306,325,
699,47,0.865607,272,293,306,325,
700,47,0.852127,273,293,306,325,
701,47,0.881652,272,293,306,326,
702,47,0.866742,272,294,306,325,
703,47,0.872700,273,293,307,325,
704,47,0.858155,272,293,306,325,
705,47,0.845902,273,293,307,325,
706,47,0.899223,272,293,306,325,
707,47,0.856635,273,293,306,325,
708,47,0.875564,272,293,306,325,
709,47,0.896925,272,293,306,326,
710,47,0.873566,272,293,306,325,
711,47,0.832139,272,293,306,325,
712,47,0.838469,273,294,306,325,
713,47,0.871618,272,293,306,325,
714,47,0.849908,272,293,306,325,
715,47,0.871224,272,293,306,325,
716,47,0.895836,272,293,306,325,
717,47,0.882350,272,293,306,325,
718,47,0.878750,272,293,306,326,
719,47,0.885810,272,293,306,325,
720,47,0.865255,272,293,307,325,
721,47,0.894038,272,293,307,325,
722,47,0.891706,272,293,306,325,
723,47,0.886339,273,293,306,326,
724,47,0.888854,273,293,307,325,
725,47,0.877173,272,293,306,325,
726,47,0.866617,272,293,307,325,
727,47,0.877055,272,293,306,325,
728,47,0.844255,272,293,306,325,
729,47,0.845169,272,293,306,325,
730,47,0.876580,272,293,307,325,
731,47,0.868386,272,292,307,325,
732,47,0.907253,272,293,307,325,
733,47,0.880487,272,293,306,325,
734,47,0.828493,272,293,307,325,
735,47,0.861779,272,293,306,325,
736,47,0.879803,272,293,306,325,
737,47,0.883257,272,293,306,325,
738,47,0.883596,273,293,306,325,
739,47,0.840266,273,293,307,325,
740,47,0.870480,273,293,307,325,
741,47,0.892316,272,293,306,325,
742,47,0.884760,272,293,306,325,
743,47,0.874976,272,293,307,325,
744,47,0.890273,272,292,306,325,
745,47,0.868526,272,293,306,325,
746,47,0.814883,272,293,306,325,
747,47,0.843100,272,293,306,325,
748,47,0.839938,272,293,306,325,
749,47,0.871092,271,293,306,326,
750,47,0.838245,272,293,307,325,
751,47,0.895921,272,292,306,325,
752,47,0.851619,272,292,306,325,
753,47,0.864549,272,293,307,325,
754,47,0.866955,272,293,306,325,
755,47,0.875561,272,293,306,325,
756,47,0.812021,272,292,307,325,
757,47,0.835353,272,292,307,325,
758,47,0.847512,272,292,306,325,
759,47,0.878527,271,293,306,325,
760,47,0.835810,271,293,307,325,
761,47,0.897892,271,293,306,325,
762,47,0.904802,272,293,306,325,
763,47,0.914750,271,293,306,325,
764,47,0.896716,271,293,306,325,
765,47,0.917479,271,293,306,325,
766,47,0.912367,271,292,306,326,
767,47,0.932685,272,293,306,325,
768,47,0.933308,272,293,306,325,
769,47,0.937150,271,293,306,325,
770,47,0.934572,272,293,306,326,
771,47,0.941854,272,292,306,325,
772,47,0.949201,273,292,306,325,
773,47,0.979553,273,292,307,326,
774,47,0.977592,273,292,306,325,
775,47,0.980247,273,292,306,325,
776,47,0.980971,271,292,306,325,
777,47,0.974351,273,291,307,325,
778,47,0.979707,272,292,305,326,
779,47,0.967305,271,292,305,325,
780,47,0.967199,272,292,306,326,
781,47,0.950404,272,291,306,325,
782,47,0.949490,272,291,306,326,
783,47,0.955721,273,291,307,326,
784,47,0.933229,273,290,306,326,
785,47,0.924312,273,289,306,326,
786,47,0.941576,273,290,306,326,
787,47,0.903870,273,290,306,326,
788,47,0.920021,273,290,306,326,
789,47,0.903334,272,291,306,326,
790,47,0.921746,273,291,306,326,
791,47,0.810196,273,291,306,326,
792,47,0.658624,272,290,306,326,
793,47,0.809578,272,291,306,325,
794,47,0.743618,272,291,306,326,
795,47,0.707366,272,289,305,325,
796,47,0.648097,272,288,305,326,
798,47,0.736380,272,287,305,325,
804,47,0.546572,272,287,305,325,
805,47,0.648182,272,287,305,325,
807,47,0.522651,272,287,305,326,
808,47,0.565327,272,285,305,326,
809,47,0.735476,272,285,305,325,
810,47,0.702056,272,285,304,324,
811,47,0.865229,272,286,304,323,
812,47,0.780717,268,284,302,324,
813,47,0.859550,271,286,303,322,
814,47,0.659689,268,287,302,323,
815,47,0.886372,266,287,300,322,
816,47,0.562641,266,284,299,321,
818,47,0.697151,262,287,293,319,
819,47,0.736538,261,286,291,319,
983,47,0.643219,254,279,289,314,
986,47,0.777602,261,282,292,317,
987,47,0.760916,260,285,293,318,
989,47,0.676234,263,285,295,319,
990,47,0.741209,264,286,297,320,
992,47,0.659179,264,286,298,321,
993,47,0.549553,266,288,300,320,
994,47,0.700656,266,288,300,320,
995,47,0.744395,266,287,300,320,
996,47,0.690263,266,287,301,320,
997,47,0.733692,267,285,300,320,
998,47,0.600115,268,285,300,320,
999,47,0.831307,267,286,301,320,
1000,47,0.878203,268,287,301,320,
1001,47,0.830089,267,286,302,321,
1002,47,0.804135,267,285,302,321,
1003,47,0.772856,268,285,302,320,
1004,47,0.834442,268,286,302,321,
1005,47,0.599424,268,286,302,320,
1006,47,0.695556,267,286,301,320,
1007,47,0.782355,267,286,301,320,
1008,47,0.916630,270,287,303,320,
1009,47,0.889836,268,287,302,320,
1010,47,0.901299,268,287,303,320,
1011,47,0.925910,267,288,301,320,
1012,47,0.950397,270,288,303,320,
1013,47,0.883413,268,287,302,320,
1014,47,0.906395,270,288,303,320,
1015,47,0.901351,269,287,303,321,
1016,47,0.924521,268,287,301,321,
1017,47,0.869945,268,286,301,320,
1018,47,0.792845,269,284,301,321,
1019,47,0.857641,269,286,302,321,
1020,47,0.815521,269,284,301,321,
1021,47,0.850524,269,285,301,322,
1022,47,0.859120,269,286,301,321,
1023,47,0.672073,269,287,303,321,
1024,47,0.817679,268,286,302,320,
1025,47,0.902321,268,287,302,320,
1026,47,0.968619,269,289,304,321,
1027,47,0.943825,268,289,304,321,
1028,47,0.964752,268,288,304,321,
1029,47,0.966464,269,288,303,321,
1030,47,0.977794,268,289,303,322,
1031,47,0.976410,268,290,303,322,
1032,47,0.973658,269,289,304,322,
1033,47,0.977814,269,290,304,322,
1034,47,0.983453,270,289,304,321,
1035,47,0.905054,271,288,304,321,
1036,47,0.935093,269,289,303,322,
1037,47,0.940202,269,289,303,321,
1038,47,0.935118,269,289,303,321,
1039,47,0.868910,271,290,304,321,
1040,47,0.805790,270,289,304,320,
1041,47,0.824014,271,290,304,321,
1042,47,0.788054,269,289,302,321,
1043,47,0.777427,269,289,303,321,
1044,47,0.683209,271,289,305,320,
1045,47,0.643525,271,288,304,320,
1046,47,0.672168,272,289,304,321,
1047,47,0.731326,270,290,303,321,
1048,47,0.660672,271,289,304,321,
1049,47,0.649236,271,289,304,321,
1050,47,0.721974,271,289,304,320,
1051,47,0.712755,271,290,304,321,
1052,47,0.607484,272,289,305,321,
1053,47,0.727336,271,290,304,321,
1054,47,0.708287,271,289,304,321,
1055,47,0.632242,271,289,305,321,
1056,47,0.739039,272,289,304,321,
1057,47,0.681072,271,290,304,320,
1058,47,0.593188,271,290,304,321,
1059,47,0.697522,272,289,304,321,
1060,47,0.757395,271,289,304,321,
1061,47,0.711974,271,289,304,321,
1062,47,0.762551,271,290,304,321,
1063,47,0.713699,271,289,305,321,
1064,47,0.715279,272,289,304,321,
1065,47,0.721608,271,289,304,321,
1066,47,0.651082,271,290,305,321,
1067,47,0.715189,272,290,304,321,
1068,47,0.733349,271,289,305,321,
1069,47,0.805933,271,290,304,321,
1070,47,0.792283,269,289,303,322,
1071,47,0.666918,270,290,303,321,
1072,47,0.776056,272,290,305,321,
1073,47,0.716935,271,290,305,321,
1074,47,0.725503,272,290,304,321,
1075,47,0.738634,271,289,305,321,
1076,47,0.678381,272,289,305,321,
1077,47,0.728111,271,290,305,321,
1078,47,0.795556,271,290,304,321,
1079,47,0.710235,272,289,304,321,
1080,47,0.712669,272,290,304,321,
1081,47,0.701482,272,290,304,321,
1082,47,0.644061,272,289,304,321,
1083,47,0.753453,270,289,303,321,
1084,47,0.752996,272,289,304,321,
1085,47,0.770434,272,290,304,321,
1086,47,0.810664,272,290,304,321,
1087,47,0.719847,272,290,304,321,
1088,47,0.687011,271,290,304,321,
1089,47,0.738207,272,289,305,321,
1090,47,0.733098,271,289,304,321,
1091,47,0.756245,271,289,304,321,
1092,47,0.789622,271,290,304,321,
1093,47,0.794305,272,290,304,321,
1094,47,0.781429,271,289,304,321,
1095,47,0.813396,271,290,304,321,
1096,47,0.690806,271,289,305,321,
1097,47,0.752633,272,290,304,321,
1098,47,0.771049,271,289,305,321,
1099,47,0.692765,272,289,304,321,
1100,47,0.708344,271,290,304,321,
1101,47,0.678612,272,289,305,321,
1102,47,0.691395,272,289,305,321,
