1,51,0.966976,297,113,339,135,
2,51,0.958617,298,113,338,136,
3,51,0.930759,296,113,339,134,
4,51,0.956152,297,113,339,135,
5,51,0.959656,298,113,339,135,
6,51,0.957330,297,113,340,135,
7,51,0.950502,299,113,338,135,
8,51,0.948306,295,112,339,134,
9,51,0.956017,297,113,338,135,
10,51,0.962195,298,113,339,135,
11,51,0.965246,298,113,338,136,
12,51,0.932166,296,112,340,135,
13,51,0.938072,295,112,340,135,
14,51,0.964549,298,113,338,136,
15,51,0.968225,297,113,339,135,
16,51,0.904125,299,113,340,135,
17,51,0.951884,298,113,338,135,
18,51,0.960061,297,113,339,135,
19,51,0.951502,298,113,338,135,
20,51,0.966033,298,113,339,135,
21,51,0.959682,297,113,339,135,
22,51,0.958519,298,113,338,135,
23,51,0.958552,298,114,338,135,
24,51,0.958431,298,113,340,135,
25,51,0.918685,299,113,339,135,
26,51,0.953941,297,113,339,135,
27,51,0.965887,297,113,339,135,
28,51,0.934881,295,112,340,135,
29,51,0.959570,298,113,338,136,
30,51,0.945049,298,113,339,135,
31,51,0.918508,299,113,340,135,
32,51,0.925636,299,113,339,135,
33,51,0.940183,295,113,340,135,
34,51,0.959334,298,113,339,135,
35,51,0.928353,296,113,340,135,
36,51,0.954277,298,114,338,135,
37,51,0.947751,297,114,339,135,
38,51,0.923411,295,112,340,135,
39,51,0.949629,297,113,340,135,
40,51,0.958586,298,114,338,135,
41,51,0.923378,298,113,340,135,
42,51,0.910511,300,113,339,135,
43,51,0.962168,298,114,339,135,
44,51,0.962255,298,113,339,136,
45,51,0.929341,298,113,340,135,
46,51,0.926269,299,113,339,135,
47,51,0.968993,298,113,338,135,
48,51,0.963703,297,113,340,135,
49,51,0.951756,297,113,339,135,
50,51,0.931454,296,113,338,134,
51,51,0.920604,297,113,339,135,
52,51,0.922272,299,113,339,135,
53,51,0.943333,295,112,341,135,
54,51,0.948108,295,113,339,135,
55,51,0.953655,298,113,339,135,
56,51,0.939980,295,112,340,135,
57,51,0.951655,298,113,339,135,
58,51,0.928420,298,113,339,135,
59,51,0.932832,296,112,339,135,
60,51,0.958112,297,113,340,135,
61,51,0.943613,298,113,338,135,
62,51,0.916762,298,113,339,135,
63,51,0.935184,298,113,340,135,
64,51,0.946225,298,113,338,136,
65,51,0.915255,299,114,338,135,
66,51,0.928713,296,113,339,134,
67,51,0.934379,296,113,339,134,
68,51,0.950301,299,114,338,135,
69,51,0.933834,298,113,340,135,
70,51,0.956531,298,113,340,135,
71,51,0.944377,295,112,339,135,
72,51,0.948637,298,113,338,135,
73,51,0.948233,298,113,339,135,
74,51,0.956496,295,112,340,135,
75,51,0.952285,298,113,339,136,
76,51,0.917586,298,113,340,135,
77,51,0.939785,295,112,339,135,
78,51,0.957559,298,113,338,135,
79,51,0.941380,298,113,338,135,
80,51,0.943381,297,113,341,135,
81,51,0.951461,299,114,338,135,
82,51,0.971303,298,113,339,136,
83,51,0.955305,298,113,338,135,
84,51,0.947950,295,112,339,135,
85,51,0.955787,299,114,338,136,
86,51,0.909430,298,113,339,135,
87,51,0.931956,299,113,340,135,
88,51,0.952930,299,114,338,135,
89,51,0.960354,297,113,339,135,
90,51,0.937999,296,112,339,135,
91,51,0.951177,298,114,338,135,
92,51,0.960584,298,113,339,135,
93,51,0.956000,298,114,339,135,
94,51,0.923493,296,113,338,135,
95,51,0.934954,298,113,339,135,
96,51,0.943117,296,112,340,134,
97,51,0.950103,298,113,339,135,
98,51,0.914071,299,113,339,135,
99,51,0.959487,298,113,339,135,
100,51,0.956058,298,113,339,135,
101,51,0.932597,299,113,339,135,
102,51,0.958596,298,113,338,135,
103,51,0.940845,299,113,340,135,
104,51,0.915604,299,114,339,135,
105,51,0.916340,298,113,339,135,
106,51,0.949285,297,113,340,135,
107,51,0.928637,298,113,339,135,
108,51,0.899545,298,113,340,135,
109,51,0.916192,299,113,340,135,
110,51,0.960483,299,114,338,135,
111,51,0.962016,298,113,339,135,
112,51,0.954812,298,113,338,135,
113,51,0.948213,298,113,338,136,
114,51,0.923639,296,113,339,135,
115,51,0.941919,298,113,339,135,
116,51,0.961196,298,113,338,135,
117,51,0.965796,297,113,338,135,
118,51,0.959323,299,114,338,136,
119,51,0.928215,295,113,340,135,
120,51,0.950585,296,112,338,135,
121,51,0.948827,297,113,340,135,
122,51,0.970401,298,113,339,136,
123,51,0.922068,296,113,338,135,
124,51,0.967023,298,113,339,135,
125,51,0.923738,299,113,340,135,
126,51,0.945349,298,113,339,135,
127,51,0.950089,299,113,338,135,
128,51,0.959766,298,113,339,136,
129,51,0.925612,295,112,340,135,
130,51,0.949663,298,113,339,136,
131,51,0.958986,298,113,340,135,
132,51,0.917906,298,114,339,135,
133,51,0.947058,298,113,339,135,
134,51,0.933314,299,113,340,135,
135,51,0.933486,298,114,339,135,
136,51,0.885358,299,114,339,135,
137,51,0.962139,298,113,338,136,
138,51,0.959149,298,114,338,135,
139,51,0.959148,299,114,338,135,
140,51,0.944974,295,112,340,134,
141,51,0.960951,298,113,338,135,
142,51,0.917002,298,113,339,135,
143,51,0.960852,298,113,338,136,
144,51,0.930117,298,113,339,135,
145,51,0.937702,295,113,338,135,
146,51,0.964825,298,113,339,135,
147,51,0.965054,297,113,340,135,
148,51,0.960836,297,113,339,135,
149,51,0.930426,298,113,339,135,
150,51,0.956935,298,113,339,135,
151,51,0.952261,298,114,338,136,
152,51,0.950713,298,113,340,135,
153,51,0.916802,298,113,340,135,
154,51,0.967333,298,113,339,136,
155,51,0.908361,298,113,339,135,
156,51,0.930431,299,113,339,135,
157,51,0.962762,297,113,338,135,
158,51,0.968870,297,113,338,135,
159,51,0.931037,296,113,340,135,
160,51,0.968561,296,113,340,135,
161,51,0.964910,298,113,339,135,
162,51,0.948337,298,113,339,135,
163,51,0.953222,298,113,339,135,
164,51,0.957753,297,113,340,135,
165,51,0.935541,298,113,340,135,
166,51,0.957206,298,113,338,135,
167,51,0.960165,297,113,340,135,
168,51,0.923436,296,113,339,135,
169,51,0.959034,298,113,338,135,
170,51,0.933825,296,113,339,135,
171,51,0.958452,298,113,338,135,
172,51,0.958976,298,114,338,135,
173,51,0.959916,298,114,338,135,
174,51,0.957562,298,113,338,135,
175,51,0.954388,298,113,339,135,
176,51,0.959100,298,113,339,135,
177,51,0.956754,298,113,338,135,
178,51,0.944099,298,113,338,135,
179,51,0.955991,298,114,339,135,
180,51,0.959122,298,113,338,135,
181,51,0.942859,296,112,339,135,
182,51,0.936208,298,113,339,135,
183,51,0.918795,299,113,340,135,
184,51,0.940291,297,113,340,135,
185,51,0.945508,296,112,339,134,
186,51,0.952029,299,114,339,135,
187,51,0.953031,298,113,338,135,
188,51,0.935389,295,112,340,135,
189,51,0.944874,298,114,338,136,
190,51,0.959744,298,114,339,135,
191,51,0.938469,296,113,340,135,
192,51,0.953608,298,114,339,136,
193,51,0.920575,299,113,340,135,
194,51,0.954035,298,113,339,135,
195,51,0.894895,295,112,339,135,
196,51,0.961818,298,114,338,136,
197,51,0.935662,298,113,340,135,
198,51,0.950873,297,113,339,135,
199,51,0.956766,298,113,339,135,
200,51,0.954317,298,113,340,135,
201,51,0.960476,298,113,338,135,
202,51,0.948029,298,113,339,135,
203,51,0.958032,298,113,339,135,
204,51,0.951530,298,113,340,135,
205,51,0.953482,297,113,338,135,
206,51,0.951819,298,113,338,136,
207,51,0.956719,298,113,338,136,
208,51,0.940693,296,113,340,135,
209,51,0.954858,298,114,339,136,
210,51,0.934366,295,113,339,135,
211,51,0.953300,298,114,338,135,
212,51,0.948686,296,112,340,135,
213,51,0.947619,298,114,338,135,
214,51,0.949196,298,113,339,135,
215,51,0.953454,298,113,338,135,
216,51,0.934666,295,112,340,135,
217,51,0.959311,298,113,338,135,
218,51,0.955278,298,113,339,135,
219,51,0.962163,297,113,338,135,
220,51,0.950245,298,113,338,135,
221,51,0.940655,296,113,340,135,
222,51,0.949444,298,113,338,135,
223,51,0.962716,298,113,339,135,
224,51,0.955727,297,113,340,135,
225,51,0.950226,298,113,339,135,
226,51,0.953190,298,113,338,135,
227,51,0.945379,297,113,340,135,
228,51,0.947367,298,114,338,135,
229,51,0.960277,298,113,339,136,
230,51,0.929532,295,112,339,135,
231,51,0.961801,298,114,339,136,
232,51,0.925754,295,112,337,135,
233,51,0.964338,298,113,338,136,
234,51,0.957147,298,113,339,136,
235,51,0.956040,298,113,338,136,
236,51,0.909707,299,113,340,135,
237,51,0.950030,298,113,338,135,
238,51,0.936281,296,112,339,135,
239,51,0.942331,298,113,338,135,
240,51,0.955376,298,113,339,136,
241,51,0.953399,298,113,338,136,
242,51,0.949971,297,113,339,135,
243,51,0.941995,298,114,338,135,
244,51,0.954984,298,113,338,135,
245,51,0.960591,298,113,339,136,
246,51,0.962999,298,113,340,135,
247,51,0.925218,299,113,340,135,
248,51,0.958854,298,113,339,136,
249,51,0.960703,298,113,339,135,
250,51,0.949527,296,113,339,134,
251,51,0.916928,298,113,339,135,
252,51,0.954643,298,113,338,135,
253,51,0.958885,298,113,338,136,
254,51,0.932591,296,113,338,135,
255,51,0.910214,298,113,340,135,
256,51,0.956268,298,114,338,135,
257,51,0.936735,295,112,340,135,
258,51,0.945232,295,112,340,135,
259,51,0.965214,298,113,338,136,
260,51,0.958158,298,113,338,136,
261,51,0.964686,298,113,339,135,
262,51,0.917206,296,113,339,135,
263,51,0.951961,298,113,339,135,
264,51,0.927983,298,113,340,135,
265,51,0.955102,297,113,340,135,
266,51,0.963182,297,114,339,135,
267,51,0.952091,299,113,338,135,
268,51,0.923921,299,113,339,135,
269,51,0.966898,298,113,339,136,
270,51,0.934005,295,112,339,135,
271,51,0.962495,298,113,339,135,
272,51,0.963814,298,113,339,136,
273,51,0.955423,298,113,338,135,
274,51,0.949260,299,113,338,135,
275,51,0.939454,299,113,340,135,
276,51,0.957553,298,113,339,135,
277,51,0.936626,295,113,340,134,
278,51,0.926150,298,113,340,135,
279,51,0.949544,297,114,338,135,
280,51,0.950093,297,113,340,135,
281,51,0.955399,298,114,338,135,
282,51,0.946570,298,113,339,136,
283,51,0.959427,297,113,339,135,
284,51,0.951886,298,114,339,135,
285,51,0.955195,299,113,338,135,
286,51,0.957756,297,114,338,135,
287,51,0.961938,298,113,339,136,
288,51,0.941831,298,113,338,135,
289,51,0.953563,298,113,339,135,
290,51,0.945537,298,113,339,135,
291,51,0.962743,298,113,338,135,
292,51,0.958042,298,113,339,135,
293,51,0.968583,298,113,338,135,
294,51,0.949848,297,113,340,135,
295,51,0.952808,298,113,338,135,
296,51,0.968076,298,113,339,135,
297,51,0.973249,297,113,339,135,
298,51,0.950783,297,113,340,135,
299,51,0.934714,298,114,338,135,
300,51,0.949658,298,114,338,135,
301,51,0.912392,298,113,339,135,
302,51,0.967872,298,113,339,135,
303,51,0.968887,298,113,339,136,
304,51,0.929753,295,113,340,135,
305,51,0.951725,298,113,338,135,
306,51,0.940661,298,113,339,135,
307,51,0.959930,298,114,338,135,
308,51,0.955721,298,113,339,135,
309,51,0.934887,298,114,338,135,
310,51,0.970523,298,113,339,135,
311,51,0.962226,297,113,339,135,
312,51,0.962648,298,113,339,136,
313,51,0.952626,298,113,339,136,
314,51,0.933722,298,113,339,135,
315,51,0.966352,296,113,340,135,
316,51,0.969174,298,113,338,135,
317,51,0.962760,297,113,340,135,
318,51,0.943997,297,113,339,135,
319,51,0.944609,299,114,338,135,
320,51,0.950280,298,113,338,135,
321,51,0.943802,298,113,338,136,
322,51,0.949240,298,113,338,135,
323,51,0.958533,298,113,339,135,
324,51,0.960651,298,113,338,136,
325,51,0.921344,299,113,339,135,
326,51,0.936898,299,114,339,135,
327,51,0.941368,298,114,338,136,
328,51,0.964356,298,113,338,135,
329,51,0.951756,298,113,340,135,
330,51,0.939531,295,112,340,135,
331,51,0.936983,297,113,339,135,
332,51,0.963862,298,113,339,135,
333,51,0.961658,298,113,338,135,
334,51,0.952155,298,113,338,135,
335,51,0.941902,296,112,339,135,
336,51,0.948680,298,113,339,135,
337,51,0.938267,298,113,340,135,
338,51,0.931775,295,113,339,135,
339,51,0.924374,297,113,340,135,
340,51,0.959468,298,114,339,135,
341,51,0.956854,297,113,339,135,
342,51,0.936168,296,112,339,135,
343,51,0.956941,298,113,338,135,
344,51,0.948095,298,114,338,135,
345,51,0.938139,298,113,339,135,
346,51,0.944523,295,113,340,135,
347,51,0.955577,297,113,340,135,
348,51,0.957538,297,113,339,135,
349,51,0.958966,298,113,339,135,
350,51,0.953226,298,113,338,135,
351,51,0.943971,298,113,339,135,
352,51,0.931087,299,113,339,135,
353,51,0.920720,299,113,340,135,
354,51,0.960019,297,113,338,135,
355,51,0.935735,297,113,339,135,
356,51,0.963538,298,113,338,136,
357,51,0.929294,295,112,340,135,
358,51,0.918135,299,114,339,135,
359,51,0.948479,298,113,338,135,
360,51,0.962447,298,113,339,135,
361,51,0.965263,298,113,339,135,
362,51,0.931389,298,113,340,135,
363,51,0.918857,298,113,339,135,
364,51,0.927206,296,113,339,135,
365,51,0.965945,297,113,339,135,
366,51,0.943222,296,112,339,135,
367,51,0.915878,298,113,339,135,
368,51,0.962544,297,113,340,135,
369,51,0.937411,299,113,339,135,
370,51,0.930243,295,112,339,135,
371,51,0.954236,297,113,339,135,
372,51,0.926976,298,113,339,135,
373,51,0.944384,298,113,339,135,
374,51,0.967040,298,114,339,135,
375,51,0.933253,297,113,339,135,
376,51,0.904970,299,113,339,135,
377,51,0.937615,298,114,338,135,
378,51,0.962467,298,113,338,136,
379,51,0.955430,298,113,338,135,
380,51,0.938693,297,113,339,135,
381,51,0.905784,296,112,339,135,
382,51,0.957246,298,113,339,135,
383,51,0.936318,296,112,339,135,
384,51,0.970203,297,113,339,136,
385,51,0.917746,298,113,339,135,
386,51,0.931650,296,113,339,135,
387,51,0.943934,297,113,338,135,
388,51,0.931363,295,112,339,135,
389,51,0.948807,298,113,340,135,
390,51,0.950283,298,114,339,136,
391,51,0.958430,298,113,338,136,
392,51,0.944939,296,112,339,135,
393,51,0.961992,298,114,339,136,
394,51,0.924997,298,113,339,135,
395,51,0.934231,295,112,339,135,
396,51,0.926360,298,113,340,135,
397,51,0.942808,296,112,340,135,
398,51,0.952222,296,113,339,135,
399,51,0.962377,298,113,339,135,
400,51,0.952667,297,113,340,135,
401,51,0.942721,297,113,339,135,
402,51,0.959207,298,114,339,135,
403,51,0.930075,298,113,339,135,
404,51,0.930532,296,113,340,135,
405,51,0.955892,297,113,339,135,
406,51,0.958997,297,113,339,135,
407,51,0.954718,297,113,339,135,
408,51,0.959456,298,113,339,135,
409,51,0.953459,298,114,338,135,
410,51,0.944632,295,112,339,135,
411,51,0.927995,298,113,340,135,
412,51,0.955399,298,113,338,135,
413,51,0.923961,299,113,339,135,
414,51,0.952113,297,113,339,135,
415,51,0.961154,297,113,338,135,
416,51,0.943614,295,112,340,135,
417,51,0.956161,297,113,340,135,
418,51,0.934764,298,113,339,135,
419,51,0.941124,296,112,339,135,
420,51,0.947744,295,113,339,135,
421,51,0.959266,297,113,339,135,
422,51,0.934543,296,113,339,135,
423,51,0.945327,298,114,338,135,
424,51,0.907042,299,114,339,135,
425,51,0.950248,298,113,339,135,
426,51,0.936299,299,113,339,135,
427,51,0.942326,296,112,339,135,
428,51,0.939610,299,113,339,135,
429,51,0.932704,298,114,339,135,
430,51,0.942469,295,112,339,135,
431,51,0.954108,298,114,338,135,
432,51,0.963434,297,113,339,135,
433,51,0.961953,298,113,338,136,
434,51,0.939381,296,112,339,135,
435,51,0.960807,298,113,338,135,
436,51,0.939134,296,113,340,135,
437,51,0.931734,296,113,339,135,
438,51,0.960330,298,113,339,135,
439,51,0.963843,298,113,338,136,
440,51,0.958616,298,114,340,135,
441,51,0.943812,298,113,339,135,
442,51,0.905680,298,113,339,135,
443,51,0.918771,299,113,340,135,
444,51,0.943045,295,112,339,135,
445,51,0.958196,297,113,338,135,
446,51,0.957218,296,113,339,135,
447,51,0.954950,297,113,339,135,
448,51,0.955347,298,113,338,136,
449,51,0.954550,298,114,339,136,
450,51,0.913149,298,113,339,135,
451,51,0.937619,296,112,340,134,
452,51,0.957154,298,113,338,136,
453,51,0.967178,297,113,339,135,
454,51,0.959709,298,113,338,135,
455,51,0.947390,298,114,338,136,
456,51,0.924491,296,113,340,135,
457,51,0.947792,298,114,338,135,
458,51,0.956649,298,113,339,135,
459,51,0.953364,297,113,339,135,
460,51,0.899521,299,113,340,135,
461,51,0.953512,298,113,338,136,
462,51,0.924852,296,113,338,134,
463,51,0.953261,298,113,338,135,
464,51,0.940387,296,113,339,135,
465,51,0.961949,296,113,339,135,
466,51,0.969382,298,113,339,134,
467,51,0.946407,298,113,339,135,
468,51,0.954043,298,114,340,135,
469,51,0.953656,299,113,338,135,
470,51,0.957009,297,113,339,135,
471,51,0.936735,295,113,339,135,
472,51,0.962833,297,113,339,136,
473,51,0.954020,298,113,338,135,
474,51,0.955336,298,113,339,135,
475,51,0.956974,298,113,340,135,
476,51,0.940506,298,114,339,135,
477,51,0.965483,298,113,338,135,
478,51,0.952688,298,114,339,135,
479,51,0.955041,298,113,339,135,
480,51,0.951253,298,113,338,135,
481,51,0.913763,298,114,338,135,
482,51,0.939648,296,113,339,135,
483,51,0.954971,298,113,339,135,
484,51,0.932347,298,113,340,135,
485,51,0.930190,297,113,339,135,
486,51,0.955186,298,114,338,136,
487,51,0.957163,298,113,339,135,
488,51,0.920286,298,113,339,135,
489,51,0.918464,298,113,340,135,
490,51,0.954008,298,113,339,135,
491,51,0.928267,298,113,340,135,
492,51,0.963718,298,113,339,135,
493,51,0.950200,297,113,339,135,
494,51,0.956354,298,113,338,136,
495,51,0.952403,298,113,340,135,
496,51,0.954511,298,113,339,135,
497,51,0.951157,298,114,338,135,
498,51,0.940128,295,112,340,135,
499,51,0.956773,298,113,339,136,
500,51,0.949230,295,113,340,135,
501,51,0.932721,299,113,339,135,
502,51,0.915410,298,113,339,135,
503,51,0.934641,296,112,339,135,
504,51,0.955574,298,113,340,135,
505,51,0.964342,299,113,338,135,
506,51,0.921645,296,112,339,134,
507,51,0.962410,298,113,339,135,
508,51,0.936434,296,113,339,135,
509,51,0.921028,298,113,339,135,
510,51,0.965700,298,113,339,136,
511,51,0.915929,298,113,340,136,
512,51,0.965070,298,113,339,135,
513,51,0.944626,297,113,338,134,
514,51,0.944466,296,112,339,134,
515,51,0.950950,297,113,338,136,
516,51,0.955206,296,113,340,135,
517,51,0.943744,296,113,339,135,
518,51,0.960349,297,113,339,135,
519,51,0.897952,298,113,340,135,
520,51,0.962951,298,113,339,136,
521,51,0.935081,295,112,340,135,
522,51,0.959498,297,113,338,136,
523,51,0.938628,296,113,339,135,
524,51,0.930005,299,114,340,135,
525,51,0.938636,296,112,340,135,
526,51,0.920140,298,113,339,135,
527,51,0.950114,297,113,340,135,
528,51,0.937458,299,113,339,135,
529,51,0.924400,298,114,339,135,
530,51,0.951260,298,113,339,136,
531,51,0.959872,297,113,339,135,
532,51,0.932753,298,113,340,135,
533,51,0.926342,298,113,340,135,
534,51,0.946947,298,113,340,135,
535,51,0.962589,298,113,339,136,
536,51,0.920168,298,113,340,135,
537,51,0.919924,296,113,339,135,
538,51,0.957158,298,113,339,135,
539,51,0.925760,299,113,339,135,
540,51,0.949596,297,113,338,136,
541,51,0.950295,299,114,338,135,
542,51,0.962972,298,113,339,135,
543,51,0.940173,297,113,341,135,
544,51,0.934486,295,112,340,135,
545,51,0.921473,298,113,339,135,
546,51,0.956322,298,113,339,135,
547,51,0.930134,298,113,339,135,
548,51,0.937094,298,114,338,135,
549,51,0.922834,298,113,339,135,
550,51,0.922793,298,113,339,135,
551,51,0.955734,299,114,338,136,
552,51,0.952236,298,113,340,135,
553,51,0.964554,298,113,339,135,
554,51,0.926564,299,113,339,135,
555,51,0.940542,296,113,338,135,
556,51,0.949711,298,114,338,135,
557,51,0.960511,298,114,339,135,
558,51,0.954670,298,114,339,135,
559,51,0.939527,297,113,338,135,
560,51,0.958890,298,113,338,136,
561,51,0.945401,299,113,338,136,
562,51,0.930165,298,113,339,135,
563,51,0.956017,297,113,339,135,
564,51,0.966482,297,113,340,135,
565,51,0.947790,298,113,339,135,
566,51,0.945902,298,113,339,135,
567,51,0.941554,298,114,339,135,
568,51,0.931040,297,113,340,135,
569,51,0.941525,297,113,339,135,
570,51,0.913745,295,112,340,135,
571,51,0.964023,298,113,339,135,
572,51,0.953650,298,114,338,135,
573,51,0.948736,295,113,339,135,
574,51,0.961116,298,113,338,136,
575,51,0.943183,298,113,339,135,
576,51,0.937376,298,113,339,135,
577,51,0.934615,296,112,339,135,
578,51,0.932213,296,113,339,134,
579,51,0.953854,298,113,338,135,
580,51,0.946354,298,114,339,135,
581,51,0.952219,297,113,339,135,
582,51,0.908535,298,113,340,135,
583,51,0.931843,297,113,339,135,
584,51,0.959343,297,113,338,135,
585,51,0.910966,298,114,339,135,
586,51,0.940564,295,113,340,135,
587,51,0.968367,297,113,339,136,
588,51,0.951367,297,113,340,135,
589,51,0.949846,298,113,338,136,
590,51,0.960973,298,113,338,135,
591,51,0.947018,298,113,338,135,
592,51,0.930403,296,113,339,135,
593,51,0.943517,298,114,338,135,
594,51,0.957545,298,113,340,135,
595,51,0.949874,298,113,338,135,
596,51,0.955759,297,113,339,135,
597,51,0.943963,299,114,338,136,
598,51,0.961598,298,113,339,135,
599,51,0.950183,298,114,338,135,
600,51,0.937067,295,112,340,135,
601,51,0.954594,297,113,338,135,
602,51,0.925322,298,113,340,135,
603,51,0.960870,297,113,339,135,
604,51,0.953614,298,113,338,135,
605,51,0.959244,298,113,338,136,
606,51,0.913955,299,114,340,135,
607,51,0.963136,297,113,339,135,
608,51,0.950199,298,113,338,135,
609,51,0.962872,298,113,339,135,
610,51,0.953052,298,114,339,135,
611,51,0.943737,298,113,338,136,
612,51,0.950588,298,113,338,136,
613,51,0.952684,297,113,340,135,
614,51,0.940682,298,113,339,135,
615,51,0.956441,298,113,339,135,
616,51,0.948647,298,114,338,135,
617,51,0.949759,298,114,338,136,
618,51,0.964947,298,114,338,136,
619,51,0.950989,298,114,338,135,
620,51,0.931845,295,112,340,135,
621,51,0.956560,297,113,340,135,
622,51,0.955309,297,113,340,135,
623,51,0.931143,298,113,340,135,
624,51,0.958133,297,113,339,135,
625,51,0.955948,298,113,339,135,
626,51,0.931685,296,113,338,135,
627,51,0.960174,298,114,338,136,
628,51,0.951697,298,113,338,135,
629,51,0.948742,298,114,339,136,
630,51,0.957547,298,114,338,135,
631,51,0.955628,299,114,338,135,
632,51,0.954196,297,113,339,135,
633,51,0.919709,298,113,340,135,
634,51,0.967456,297,113,339,135,
635,51,0.956496,298,113,338,135,
636,51,0.931542,298,113,339,135,
637,51,0.954728,298,113,339,136,
638,51,0.963360,298,113,338,135,
639,51,0.957072,297,114,339,135,
640,51,0.968454,297,113,338,135,
641,51,0.959618,298,113,339,135,
642,51,0.950116,298,114,338,135,
643,51,0.929862,298,114,338,135,
644,51,0.965843,298,113,338,136,
645,51,0.884101,299,113,340,135,
646,51,0.946089,298,114,339,136,
647,51,0.917345,296,113,339,135,
648,51,0.962025,298,114,339,135,
649,51,0.949814,298,114,339,135,
650,51,0.964462,298,113,339,136,
651,51,0.942097,295,113,340,135,
652,51,0.959375,298,113,339,135,
653,51,0.914615,298,113,340,135,
654,51,0.969817,297,113,339,135,
655,51,0.887338,299,113,339,135,
656,51,0.961104,298,114,339,136,
657,51,0.937774,295,113,340,135,
658,51,0.937375,298,113,338,136,
659,51,0.945803,297,113,340,135,
660,51,0.955511,297,113,339,135,
661,51,0.952303,298,114,340,135,
662,51,0.933484,297,113,340,135,
663,51,0.968206,297,114,339,136,
664,51,0.962145,298,113,340,135,
665,51,0.931703,296,113,339,135,
666,51,0.933630,296,112,339,135,
667,51,0.950541,296,113,339,135,
668,51,0.938547,299,113,340,135,
669,51,0.918093,299,113,340,135,
670,51,0.953378,297,113,340,135,
671,51,0.970864,297,113,339,136,
672,51,0.933987,296,112,339,135,
673,51,0.958313,297,113,339,135,
674,51,0.956953,298,114,339,136,
675,51,0.923667,298,114,339,135,
676,51,0.938662,295,113,340,135,
677,51,0.961663,298,113,339,136,
678,51,0.937853,298,113,339,135,
679,51,0.945631,298,114,339,135,
680,51,0.913823,298,113,339,135,
681,51,0.958791,298,114,339,135,
682,51,0.953514,298,113,338,136,
683,51,0.930605,298,113,340,135,
684,51,0.934441,297,113,340,135,
685,51,0.923796,297,113,339,135,
686,51,0.930457,299,113,339,135,
687,51,0.952272,297,113,340,135,
688,51,0.915089,298,113,339,135,
689,51,0.956124,298,113,338,135,
690,51,0.946059,298,113,338,135,
691,51,0.931543,298,113,338,135,
692,51,0.929351,298,113,339,135,
693,51,0.961397,298,113,338,136,
694,51,0.953867,297,113,339,135,
695,51,0.920472,298,113,340,135,
696,51,0.952718,298,114,338,135,
697,51,0.960248,297,113,340,135,
698,51,0.953124,297,113,339,135,
699,51,0.941219,297,113,340,135,
700,51,0.960596,298,113,338,136,
701,51,0.942927,295,113,340,135,
702,51,0.951639,297,113,338,135,
703,51,0.933058,298,113,340,135,
704,51,0.952665,298,113,338,135,
705,51,0.964814,298,113,339,136,
706,51,0.947102,298,114,339,135,
707,51,0.944037,298,113,338,135,
708,51,0.914290,299,113,340,135,
709,51,0.963427,298,113,339,135,
710,51,0.959445,298,114,338,135,
711,51,0.937433,295,112,339,135,
712,51,0.957596,298,114,338,135,
713,51,0.946542,298,113,339,135,
714,51,0.958705,297,113,338,135,
715,51,0.966375,298,113,339,135,
716,51,0.959723,298,113,339,136,
717,51,0.949315,297,114,339,135,
718,51,0.958881,298,113,338,136,
719,51,0.952160,298,113,338,135,
720,51,0.953611,297,113,339,135,
721,51,0.953720,298,114,338,136,
722,51,0.940962,298,114,339,135,
723,51,0.949516,298,113,339,135,
724,51,0.953769,298,113,339,135,
725,51,0.962461,297,113,339,135,
726,51,0.937993,299,113,339,135,
727,51,0.965266,298,113,338,135,
728,51,0.963780,297,113,338,135,
729,51,0.968108,298,113,339,135,
730,51,0.958992,298,113,338,136,
731,51,0.941793,298,113,339,135,
732,51,0.950238,297,113,341,135,
733,51,0.951967,298,113,339,135,
734,51,0.928382,298,113,339,135,
735,51,0.943934,298,113,338,136,
736,51,0.941625,296,113,339,134,
737,51,0.959831,297,113,339,135,
738,51,0.957672,297,113,339,135,
739,51,0.962426,298,113,339,135,
740,51,0.954046,297,113,339,135,
741,51,0.939970,296,112,340,135,
742,51,0.961064,298,113,338,135,
743,51,0.936543,298,113,339,135,
744,51,0.950030,298,113,338,136,
745,51,0.944227,299,114,339,136,
746,51,0.944425,296,112,340,135,
747,51,0.960390,298,113,338,135,
748,51,0.964367,298,113,338,136,
749,51,0.953807,298,113,339,135,
750,51,0.957309,298,114,338,135,
751,51,0.921208,296,113,339,135,
752,51,0.951559,297,113,338,135,
753,51,0.946524,298,113,339,135,
754,51,0.945051,297,113,340,135,
755,51,0.945072,298,114,338,135,
756,51,0.929502,294,112,340,135,
757,51,0.955529,298,113,339,135,
758,51,0.937409,296,113,339,135,
759,51,0.923677,298,113,339,135,
760,51,0.916180,297,113,339,135,
761,51,0.956200,298,113,338,135,
762,51,0.951188,298,114,339,135,
763,51,0.924646,298,113,339,135,
764,51,0.955656,297,113,339,135,
765,51,0.954982,298,114,339,136,
766,51,0.938488,298,113,338,135,
767,51,0.956077,298,113,339,135,
768,51,0.951494,298,114,339,136,
769,51,0.926512,299,113,339,135,
770,51,0.948197,295,113,339,135,
771,51,0.933215,298,113,340,135,
772,51,0.928711,298,113,339,135,
773,51,0.959388,298,114,338,135,
774,51,0.952343,298,113,339,136,
775,51,0.930469,296,113,339,134,
776,51,0.939282,298,114,339,135,
777,51,0.939063,296,112,340,135,
778,51,0.951509,298,113,338,135,
779,51,0.956723,297,113,339,135,
780,51,0.948707,298,113,338,135,
781,51,0.928667,298,113,340,135,
782,51,0.923667,296,113,339,135,
783,51,0.942606,298,113,339,135,
784,51,0.921784,297,113,340,135,
785,51,0.947616,298,113,340,135,
786,51,0.945783,298,114,338,135,
787,51,0.958646,297,113,339,136,
788,51,0.934546,298,113,340,135,
789,51,0.936570,298,113,340,135,
790,51,0.949527,297,113,340,135,
791,51,0.936708,297,113,340,135,
792,51,0.958302,297,113,340,135,
793,51,0.948752,297,113,339,135,
794,51,0.962752,297,113,339,135,
795,51,0.957451,298,113,339,136,
796,51,0.929616,295,112,339,135,
797,51,0.933292,297,113,339,135,
798,51,0.953656,299,113,338,135,
799,51,0.941928,296,112,339,135,
800,51,0.950676,298,113,338,135,
801,51,0.942625,297,113,339,135,
802,51,0.953362,298,113,338,135,
803,51,0.925132,298,113,340,135,
804,51,0.932383,299,113,339,135,
805,51,0.931716,295,113,338,135,
806,51,0.947033,298,113,338,135,
807,51,0.954200,298,113,339,135,
808,51,0.941854,298,113,339,135,
809,51,0.948073,296,112,339,135,
810,51,0.927671,298,113,339,135,
811,51,0.952683,298,113,338,135,
812,51,0.936652,297,114,339,135,
813,51,0.924688,298,113,339,135,
814,51,0.946787,296,112,339,135,
815,51,0.932146,298,114,338,136,
816,51,0.943139,296,113,339,135,
817,51,0.964201,297,113,338,135,
818,51,0.945018,298,113,338,136,
819,51,0.948908,298,113,339,135,
820,51,0.944105,299,113,340,135,
821,51,0.950712,298,113,339,135,
822,51,0.935341,295,113,339,134,
823,51,0.961270,298,113,338,136,
824,51,0.942025,298,113,339,135,
825,51,0.961287,298,113,338,136,
826,51,0.957817,298,113,339,135,
827,51,0.935661,298,113,339,135,
828,51,0.927446,297,113,339,135,
829,51,0.956574,298,113,339,135,
830,51,0.929670,295,112,339,135,
831,51,0.920360,298,114,339,135,
832,51,0.940906,297,113,339,135,
833,51,0.935595,298,113,340,135,
834,51,0.942041,298,113,339,135,
835,51,0.930754,296,113,339,135,
836,51,0.958107,297,113,339,135,
837,51,0.931150,296,113,339,135,
838,51,0.953765,298,113,338,135,
839,51,0.943424,298,113,339,135,
840,51,0.959329,298,113,339,135,
841,51,0.961193,297,113,338,136,
842,51,0.941536,296,113,340,135,
843,51,0.922539,298,113,339,135,
844,51,0.946485,298,114,338,135,
845,51,0.954998,295,112,339,135,
846,51,0.945907,295,112,339,135,
847,51,0.946127,298,113,339,135,
848,51,0.933295,296,113,339,135,
849,51,0.965186,298,113,338,135,
850,51,0.937331,295,113,338,135,
851,51,0.895139,299,113,340,135,
852,51,0.953826,297,112,339,135,
853,51,0.944362,299,114,338,135,
854,51,0.941577,295,112,339,135,
855,51,0.966601,298,113,338,135,
856,51,0.926566,295,113,339,136,
857,51,0.961456,298,113,339,135,
858,51,0.965780,298,114,338,136,
859,51,0.966482,298,113,339,135,
860,51,0.954237,297,113,339,136,
861,51,0.939096,298,114,338,135,
862,51,0.939164,298,114,340,135,
863,51,0.943554,296,113,339,135,
864,51,0.926339,296,113,339,135,
865,51,0.937380,298,113,339,135,
866,51,0.955619,299,113,338,135,
867,51,0.935202,298,113,339,135,
868,51,0.951022,298,114,338,135,
869,51,0.933733,298,113,340,135,
870,51,0.928051,296,113,340,135,
871,51,0.954626,298,113,339,135,
872,51,0.954216,299,113,339,136,
873,51,0.960135,298,113,338,136,
874,51,0.958517,298,113,339,135,
875,51,0.954214,298,113,338,135,
876,51,0.940479,298,113,339,135,
877,51,0.957782,298,114,339,135,
878,51,0.964442,297,113,338,135,
879,51,0.940127,295,112,340,135,
880,51,0.966251,298,113,339,136,
881,51,0.903092,298,113,340,135,
882,51,0.964993,297,113,339,135,
883,51,0.955968,298,114,339,135,
884,51,0.934607,298,113,339,135,
885,51,0.959176,298,113,340,135,
886,51,0.959081,299,114,338,136,
887,51,0.962826,297,113,338,135,
888,51,0.934717,296,113,339,135,
889,51,0.942550,298,113,339,135,
890,51,0.941085,296,112,339,135,
891,51,0.945141,296,113,340,135,
892,51,0.921763,299,113,339,135,
893,51,0.936701,296,113,339,135,
894,51,0.944721,297,113,339,135,
895,51,0.937663,296,113,338,135,
896,51,0.954338,297,113,340,135,
897,51,0.969872,297,113,340,135,
898,51,0.938605,298,113,340,135,
899,51,0.942514,296,113,339,134,
900,51,0.926610,299,114,338,135,
901,51,0.958529,298,114,339,135,
902,51,0.931783,299,113,341,135,
903,51,0.950939,296,112,338,135,
904,51,0.938690,296,113,339,135,
905,51,0.966345,296,113,340,135,
906,51,0.961728,298,113,339,136,
907,51,0.959113,298,114,338,136,
908,51,0.960485,298,113,339,135,
909,51,0.948176,295,112,339,135,
910,51,0.939693,296,113,339,135,
911,51,0.934581,297,113,340,135,
912,51,0.968728,298,114,338,135,
913,51,0.938055,299,113,339,135,
914,51,0.925793,298,113,339,135,
915,51,0.933907,296,113,339,135,
916,51,0.944120,298,113,340,135,
917,51,0.928840,295,112,340,135,
918,51,0.926454,299,113,340,135,
919,51,0.968394,297,113,339,135,
920,51,0.923564,299,113,339,135,
921,51,0.964890,298,113,339,136,
922,51,0.922915,298,113,339,135,
923,51,0.920553,299,113,339,135,
924,51,0.929617,298,113,340,135,
925,51,0.943320,299,113,340,135,
926,51,0.953494,296,113,339,134,
927,51,0.933865,296,112,339,135,
928,51,0.957482,298,113,339,136,
929,51,0.953375,298,113,339,135,
930,51,0.941610,298,113,340,135,
931,51,0.921910,299,113,339,135,
932,51,0.944147,298,113,339,136,
933,51,0.959760,298,113,339,136,
934,51,0.955292,298,114,338,136,
935,51,0.951936,297,113,340,135,
936,51,0.946275,298,113,338,135,
937,51,0.932275,296,113,340,135,
938,51,0.929475,298,113,340,135,
939,51,0.929891,296,112,339,135,
940,51,0.907136,299,113,339,135,
941,51,0.960570,298,113,338,135,
942,51,0.964624,298,113,339,136,
943,51,0.914158,298,113,340,135,
944,51,0.925312,295,112,340,135,
945,51,0.927467,300,114,339,135,
946,51,0.964468,297,113,339,136,
947,51,0.934001,296,113,338,135,
948,51,0.957384,297,113,339,135,
949,51,0.935295,296,113,339,134,
950,51,0.962739,298,113,338,135,
951,51,0.932385,298,114,338,135,
952,51,0.955184,298,113,338,135,
953,51,0.952331,298,113,338,135,
954,51,0.959507,297,113,339,135,
955,51,0.953667,298,114,339,135,
956,51,0.950291,298,113,338,136,
957,51,0.955716,297,113,340,135,
958,51,0.963562,298,113,338,135,
959,51,0.945243,298,114,338,135,
960,51,0.956148,298,113,338,135,
961,51,0.932476,298,113,340,135,
962,51,0.941538,298,113,339,136,
963,51,0.951014,298,114,338,135,
964,51,0.947668,298,114,338,135,
965,51,0.937884,297,113,340,135,
966,51,0.925036,298,113,339,135,
967,51,0.952244,298,113,339,135,
968,51,0.931759,299,113,340,135,
969,51,0.963454,298,114,338,136,
970,51,0.959644,297,113,339,135,
971,51,0.963977,298,113,338,136,
972,51,0.951450,298,113,338,136,
973,51,0.941457,296,112,339,135,
974,51,0.926379,298,113,339,135,
975,51,0.955582,298,113,338,135,
976,51,0.965790,298,113,339,135,
977,51,0.955478,298,114,339,135,
978,51,0.917477,298,113,339,135,
979,51,0.946368,297,113,338,136,
980,51,0.963104,297,113,339,135,
981,51,0.936630,298,113,338,136,
982,51,0.932344,298,113,339,135,
983,51,0.957787,298,114,338,136,
984,51,0.946542,298,114,339,135,
985,51,0.949206,299,113,338,135,
986,51,0.958730,297,113,338,136,
987,51,0.963177,298,113,338,135,
988,51,0.966701,298,114,338,136,
989,51,0.958835,298,113,338,136,
990,51,0.960546,298,113,338,136,
991,51,0.953351,298,114,339,135,
992,51,0.950343,298,113,338,135,
993,51,0.948658,297,113,340,135,
994,51,0.936828,298,113,339,135,
995,51,0.945358,296,112,340,135,
996,51,0.957677,297,113,338,135,
997,51,0.949326,298,114,338,136,
998,51,0.968810,297,113,339,135,
999,51,0.957782,298,114,339,135,
1000,51,0.945270,299,113,337,135,
1001,51,0.959357,297,113,340,135,
1002,51,0.943518,298,113,338,135,
1003,51,0.942858,298,114,339,135,
1004,51,0.956454,298,114,337,136,
1005,51,0.949590,298,113,338,136,
1006,51,0.959091,298,113,339,136,
1007,51,0.907442,298,113,339,135,
1008,51,0.955335,298,113,338,135,
1009,51,0.964884,297,113,340,135,
1010,51,0.959835,298,114,339,135,
1011,51,0.912977,298,112,339,135,
1012,51,0.962085,298,113,338,135,
1013,51,0.924125,298,113,340,135,
1014,51,0.964397,298,113,338,135,
1015,51,0.934302,295,112,339,135,
1016,51,0.930828,296,113,338,135,
1017,51,0.941837,298,113,339,135,
1018,51,0.955820,298,113,338,136,
1019,51,0.968740,298,113,338,135,
1020,51,0.966076,297,113,339,135,
1021,51,0.958587,298,113,338,136,
1022,51,0.965314,298,113,339,135,
1023,51,0.928085,299,113,340,135,
1024,51,0.942324,298,113,338,135,
1025,51,0.901792,298,113,340,135,
1026,51,0.901837,298,113,339,135,
1027,51,0.958571,298,114,339,136,
1028,51,0.957757,298,113,339,135,
1029,51,0.959635,297,114,339,135,
1030,51,0.945751,298,113,338,135,
1031,51,0.939633,298,114,338,135,
1032,51,0.952452,298,113,339,135,
1033,51,0.923269,298,113,339,135,
1034,51,0.902391,298,113,340,135,
1035,51,0.956490,298,113,339,135,
1036,51,0.954719,298,113,339,135,
1037,51,0.903344,296,113,337,135,
1038,51,0.913034,299,113,340,135,
1039,51,0.962356,298,113,339,136,
1040,51,0.953431,298,113,340,135,
1041,51,0.963175,297,113,339,135,
1042,51,0.960161,298,114,339,136,
1043,51,0.957008,298,113,339,136,
1044,51,0.927725,299,113,340,135,
1045,51,0.945413,298,113,339,136,
1046,51,0.957164,298,113,339,135,
1047,51,0.939899,298,114,338,136,
1048,51,0.946887,298,113,338,135,
1049,51,0.968608,298,113,338,135,
1050,51,0.950005,299,113,339,136,
1051,51,0.954885,298,113,339,135,
1052,51,0.939172,298,113,339,135,
1053,51,0.934605,296,113,339,135,
1054,51,0.929004,296,113,339,135,
1055,51,0.925960,299,113,340,135,
1056,51,0.959786,298,114,338,135,
1057,51,0.947345,298,113,339,135,
1058,51,0.949791,299,114,338,135,
1059,51,0.928256,298,113,338,135,
1060,51,0.957642,298,114,338,135,
1061,51,0.969845,297,113,339,136,
1062,51,0.958928,298,113,339,135,
1063,51,0.963288,298,113,339,135,
1064,51,0.920599,296,113,339,135,
1065,51,0.940948,298,113,338,135,
1066,51,0.949945,298,113,338,135,
1067,51,0.949656,299,114,338,135,
1068,51,0.924041,297,113,340,135,
1069,51,0.953591,298,113,339,135,
1070,51,0.957338,298,114,339,136,
1071,51,0.962177,297,113,339,135,
1072,51,0.953392,298,114,340,135,
1073,51,0.953029,298,114,338,135,
1074,51,0.959807,298,113,338,135,
1075,51,0.968946,298,113,339,135,
1076,51,0.944509,298,113,338,136,
1077,51,0.947179,298,113,338,135,
1078,51,0.928534,298,113,340,135,
1079,51,0.962849,298,113,339,135,
1080,51,0.955719,298,113,338,135,
1081,51,0.931242,296,113,339,135,
1082,51,0.949595,298,113,339,135,
1083,51,0.966652,297,113,339,136,
1084,51,0.945711,298,113,340,135,
1085,51,0.962460,297,113,339,136,
1086,51,0.955174,297,113,340,135,
1087,51,0.930166,298,113,339,135,
1088,51,0.947388,298,113,338,136,
1089,51,0.955770,297,113,339,136,
1090,51,0.956446,298,113,338,136,
1091,51,0.949009,297,113,338,135,
1092,51,0.959631,298,113,338,136,
1093,51,0.957107,297,113,340,135,
1094,51,0.961885,298,113,339,135,
1095,51,0.920270,299,113,339,135,
1096,51,0.954810,297,113,340,135,
1097,51,0.953733,298,114,339,135,
1098,51,0.949358,299,114,338,136,
1099,51,0.948409,298,113,340,135,
1100,51,0.931656,296,113,340,135,
1101,51,0.959558,297,114,339,135,
1102,51,0.959717,298,114,339,135,
1103,51,0.960694,297,113,339,135,
1104,51,0.948152,299,113,338,136,
1105,51,0.928893,298,113,339,135,
1106,51,0.944888,297,113,339,135,
1107,51,0.955145,298,113,338,136,
1108,51,0.911855,298,113,340,135,
1109,51,0.956387,298,114,338,135,
1110,51,0.955051,298,114,338,135,
1111,51,0.901161,298,113,340,135,
1112,51,0.928660,296,113,339,134,
1113,51,0.918342,299,113,340,135,
1114,51,0.955601,299,114,339,136,
1115,51,0.954062,298,113,338,136,
1116,51,0.953335,297,113,338,136,
1117,51,0.934143,298,113,340,135,
1118,51,0.960928,298,113,338,135,
1119,51,0.945591,298,113,338,135,
1120,51,0.944014,298,114,338,136,
1121,51,0.900264,298,113,339,135,
1122,51,0.947327,298,114,338,135,
1123,51,0.956598,298,114,338,135,
1124,51,0.950292,297,113,339,135,
1125,51,0.956715,298,114,339,135,
1126,51,0.948138,298,114,338,135,
1127,51,0.958916,298,114,339,135,
1128,51,0.923480,296,112,339,134,
1129,51,0.956840,298,113,339,136,
1130,51,0.931426,297,113,339,134,
1131,51,0.963825,298,113,339,135,
1132,51,0.901750,298,113,339,135,
1133,51,0.953906,297,113,339,135,
1134,51,0.951540,298,113,339,135,
1135,51,0.952175,297,113,340,135,
1136,51,0.940494,295,112,340,135,
1137,51,0.924796,295,112,339,134,
1138,51,0.915821,296,113,340,135,
1139,51,0.966107,297,113,338,135,
1140,51,0.913141,299,113,339,135,
1141,51,0.948931,298,113,340,135,
1142,51,0.937750,296,113,338,135,
1143,51,0.954822,298,113,339,136,
1144,51,0.951692,299,114,338,136,
1145,51,0.965351,298,113,338,136,
1146,51,0.954537,298,113,339,136,
1147,51,0.942738,296,113,340,135,
1148,51,0.923455,299,113,339,135,
1149,51,0.933725,298,113,339,135,
1150,51,0.951409,298,113,338,135,
1151,51,0.965474,298,113,339,135,
1152,51,0.914169,299,113,340,135,
1153,51,0.953988,298,114,338,135,
1154,51,0.937747,298,113,340,135,
1155,51,0.934281,298,113,339,135,
1156,51,0.956190,298,114,339,135,
1157,51,0.940091,298,114,338,135,
1158,51,0.949218,298,114,338,136,
1159,51,0.938054,295,113,340,135,
1160,51,0.909829,298,113,340,135,
1161,51,0.945161,299,114,338,136,
1162,51,0.931694,296,113,340,135,
1163,51,0.955264,298,113,339,136,
1164,51,0.962158,298,113,339,136,
1165,51,0.951566,299,113,339,136,
1166,51,0.961697,297,113,339,135,
1167,51,0.947394,298,114,338,135,
1168,51,0.946223,298,113,339,136,
1169,51,0.898332,298,113,339,135,
1170,51,0.919770,299,113,339,135,
1171,51,0.942139,298,114,338,136,
1172,51,0.899794,298,113,340,135,
1173,51,0.956743,298,113,339,135,
1174,51,0.947402,298,113,339,136,
1175,51,0.905523,298,113,339,135,
1176,51,0.952907,297,113,339,135,
1177,51,0.953577,298,114,339,136,
1178,51,0.963425,298,113,339,136,
1179,51,0.938629,298,114,338,135,
1180,51,0.946234,297,113,339,135,
1181,51,0.948560,298,113,339,135,
1182,51,0.963283,297,113,339,135,
1183,51,0.906906,299,114,339,135,
1184,51,0.961038,298,113,339,135,
1185,51,0.946525,298,114,338,135,
1186,51,0.942108,298,113,340,135,
1187,51,0.947152,298,113,338,135,
1188,51,0.957057,298,114,338,135,
1189,51,0.955674,298,113,338,136,
1190,51,0.964424,297,113,338,136,
1191,51,0.936330,296,113,339,135,
1192,51,0.948171,298,113,340,135,
1193,51,0.963136,298,114,338,136,
1194,51,0.902859,298,113,339,135,
1195,51,0.947549,298,114,338,135,
1196,51,0.958190,299,114,338,135,
1197,51,0.962007,297,113,339,136,
1198,51,0.937983,298,114,339,135,
1199,51,0.949984,298,113,339,135,
1200,51,0.962046,297,113,339,135,
1201,51,0.949225,299,113,338,135,
1202,51,0.966235,298,113,339,135,
1203,51,0.952302,298,113,338,136,
1204,51,0.927263,299,113,339,135,
1205,51,0.947880,298,113,338,135,
1206,51,0.962590,298,113,338,136,
1207,51,0.951361,298,113,339,135,
1208,51,0.966273,298,113,339,135,
1209,51,0.960880,297,113,339,135,
1210,51,0.965669,297,113,339,135,
1211,51,0.960554,298,113,338,136,
1212,51,0.963070,298,113,339,135,
1213,51,0.962777,298,113,338,135,
1214,51,0.956257,298,113,338,136,
1215,51,0.960437,297,113,340,135,
1216,51,0.960755,298,113,339,136,
1217,51,0.931165,298,113,340,135,
1218,51,0.929945,298,113,340,135,
1219,51,0.953780,298,114,339,135,
1220,51,0.932827,295,112,339,135,
1221,51,0.943501,298,114,339,135,
1222,51,0.959245,298,113,339,135,
1223,51,0.953275,298,113,339,135,
1224,51,0.961433,298,113,338,135,
1225,51,0.960200,297,113,340,135,
1226,51,0.958891,297,113,339,136,
1227,51,0.950909,298,114,339,135,
1228,51,0.950307,297,113,339,136,
1229,51,0.945504,298,114,338,135,
1230,51,0.959424,298,113,338,136,
1231,51,0.934450,296,112,339,135,
1232,51,0.906288,298,113,339,135,
1233,51,0.957378,297,113,338,135,
1234,51,0.958406,297,113,339,135,
1235,51,0.929967,298,113,339,135,
1236,51,0.948466,298,113,338,135,
1237,51,0.966319,298,114,338,135,
1238,51,0.950909,298,113,338,136,
1239,51,0.963584,297,113,339,135,
1240,51,0.894578,299,113,338,135,
1241,51,0.961014,297,113,339,136,
1242,51,0.947130,297,113,339,135,
1243,51,0.960982,298,113,339,135,
1244,51,0.897980,298,113,339,135,
1245,51,0.962711,298,113,338,135,
1246,51,0.964323,298,113,339,135,
1247,51,0.942396,298,113,338,135,
1248,51,0.957277,298,113,339,135,
1249,51,0.950274,298,113,338,135,
1250,51,0.957957,298,113,338,135,
1251,51,0.951576,297,113,338,136,
1252,51,0.951983,298,114,340,135,
1253,51,0.944552,298,113,339,135,
1254,51,0.924133,298,113,339,135,
1255,51,0.935316,295,113,340,135,
1256,51,0.950419,298,113,339,136,
1257,51,0.957190,298,113,340,136,
1258,51,0.951799,298,113,339,135,
1259,51,0.962374,298,113,338,135,
1260,51,0.951123,297,113,340,135,
1261,51,0.952759,298,113,339,135,
1262,51,0.962141,298,113,339,136,
1263,51,0.938357,296,113,340,135,
1264,51,0.942487,298,114,338,135,
1265,51,0.956467,298,113,338,135,
1266,51,0.961931,298,114,340,135,
1267,51,0.949142,299,113,339,135,
1268,51,0.955133,298,113,338,135,
1269,51,0.948034,299,113,338,135,
1270,51,0.959850,297,113,340,135,
1271,51,0.965764,297,113,340,135,
1272,51,0.931544,299,113,339,135,
1273,51,0.940828,298,114,338,135,
1274,51,0.953212,297,113,339,135,
1275,51,0.938325,299,114,338,136,
1276,51,0.907743,298,113,339,135,
1277,51,0.964002,296,113,340,135,
1278,51,0.960755,298,113,339,135,
1279,51,0.953572,298,113,339,135,
1280,51,0.964966,298,113,338,136,
1281,51,0.956243,298,113,338,136,
1282,51,0.958893,298,113,338,135,
1283,51,0.905848,299,113,339,135,
1284,51,0.954153,298,114,338,136,
1285,51,0.953524,298,113,340,135,
1286,51,0.951774,297,113,340,135,
1287,51,0.961355,297,113,339,135,
1288,51,0.925112,298,113,339,135,
1289,51,0.960078,298,113,338,135,
1290,51,0.942396,298,113,338,136,
1291,51,0.951149,297,113,339,135,
1292,51,0.939534,297,113,339,135,
1293,51,0.917506,298,113,339,135,
1294,51,0.952478,298,113,338,135,
1295,51,0.940660,298,113,339,135,
1296,51,0.942316,295,113,339,135,
1297,51,0.944172,299,113,339,135,
1298,51,0.963004,298,113,338,135,
