7,51,0.590808,349,107,410,130,
8,51,0.592338,351,107,408,130,
9,51,0.588699,353,106,409,130,
10,51,0.654391,350,106,409,130,
11,51,0.733960,356,106,413,131,
12,51,0.677784,352,106,409,130,
13,51,0.634071,351,106,409,130,
14,51,0.620096,351,107,408,130,
15,51,0.542351,351,107,410,130,
16,51,0.599218,351,107,407,130,
18,51,0.608204,352,106,411,129,
19,51,0.621738,351,107,411,130,
20,51,0.618067,349,107,408,130,
21,51,0.547273,354,107,409,130,
23,51,0.690887,351,106,408,130,
24,51,0.560473,350,106,409,130,
25,51,0.592663,352,106,410,130,
26,51,0.596335,350,106,410,130,
27,51,0.732337,351,107,408,131,
28,51,0.648927,351,107,409,130,
29,51,0.622184,346,106,409,130,
30,51,0.543269,352,107,408,131,
31,51,0.535296,349,107,410,130,
32,51,0.667245,351,107,408,131,
33,51,0.515967,352,107,412,130,
34,51,0.696408,352,107,409,130,
35,51,0.617583,351,107,409,130,
37,51,0.744503,351,106,408,129,
38,51,0.668078,351,107,410,131,
39,51,0.574422,350,106,408,130,
40,51,0.632067,350,107,408,130,
41,51,0.639529,350,107,408,130,
42,51,0.644035,351,107,408,130,
43,51,0.599009,353,106,412,130,
44,51,0.640691,348,107,410,130,
45,51,0.553673,351,107,409,130,
46,51,0.552086,348,107,409,130,
47,51,0.578626,352,107,408,131,
48,51,0.580417,350,107,410,130,
49,51,0.664075,351,107,408,130,
50,51,0.632689,352,106,409,130,
51,51,0.670997,350,106,408,130,
52,51,0.633654,349,107,412,130,
53,51,0.539314,353,106,412,130,
54,51,0.723885,351,106,409,130,
55,51,0.636486,351,106,409,130,
57,51,0.527272,349,106,409,130,
58,51,0.567906,352,107,410,130,
59,51,0.582565,352,106,411,130,
60,51,0.621058,354,106,410,130,
61,51,0.629558,349,107,409,130,
62,51,0.727830,351,106,408,130,
63,51,0.598293,353,106,410,130,
65,51,0.606344,352,106,410,130,
66,51,0.630773,350,107,409,130,
67,51,0.555019,351,107,410,130,
68,51,0.639783,350,107,410,130,
69,51,0.629126,355,106,410,129,
70,51,0.588855,349,106,409,130,
71,51,0.549828,354,106,408,130,
72,51,0.614189,353,107,411,130,
73,51,0.527540,350,107,409,131,
74,51,0.629725,351,107,408,130,
75,51,0.658555,352,107,409,130,
76,51,0.556621,353,106,410,130,
77,51,0.561991,350,107,408,130,
78,51,0.546297,350,107,409,130,
79,51,0.587496,351,107,409,130,
80,51,0.655379,352,106,408,130,
81,51,0.693154,350,107,408,130,
82,51,0.615076,349,106,411,130,
83,51,0.625893,351,107,408,130,
84,51,0.685061,350,107,409,131,
85,51,0.557894,348,107,411,130,
86,51,0.623337,355,106,410,130,
87,51,0.616424,353,106,408,131,
88,51,0.588304,348,107,410,130,
89,51,0.515431,349,107,411,130,
90,51,0.536298,348,107,411,130,
91,51,0.578982,352,107,410,130,
92,51,0.531305,352,106,409,130,
93,51,0.564733,347,107,408,130,
94,51,0.645865,348,107,409,131,
95,51,0.603764,350,107,408,130,
96,51,0.579548,351,106,409,131,
97,51,0.528156,351,107,411,130,
98,51,0.628013,355,106,410,131,
99,51,0.589657,350,106,407,130,
100,51,0.608513,350,107,409,130,
101,51,0.663872,350,106,409,131,
102,51,0.597744,348,107,409,130,
103,51,0.635686,351,107,409,131,
104,51,0.552177,352,106,411,130,
105,51,0.620271,352,107,408,130,
106,51,0.543621,353,106,409,130,
107,51,0.730336,351,106,408,131,
108,51,0.561562,350,107,409,130,
109,51,0.711997,354,107,412,131,
110,51,0.672079,350,107,409,130,
111,51,0.631290,351,107,408,131,
112,51,0.605599,350,107,406,130,
113,51,0.620092,352,106,411,130,
114,51,0.528724,350,107,408,130,
115,51,0.693598,353,106,411,130,
116,51,0.579117,350,107,407,130,
117,51,0.581632,349,107,410,130,
118,51,0.508288,349,106,410,130,
119,51,0.610275,350,107,408,130,
120,51,0.634264,353,107,411,130,
121,51,0.623535,350,106,410,130,
122,51,0.567246,350,107,408,130,
123,51,0.718053,351,106,409,130,
124,51,0.522473,350,107,409,130,
125,51,0.642902,351,106,408,130,
126,51,0.553176,348,107,408,130,
127,51,0.556873,351,107,409,130,
128,51,0.665031,353,106,411,130,
129,51,0.648402,350,107,407,130,
130,51,0.604169,353,107,410,130,
131,51,0.671878,353,106,411,131,
132,51,0.576968,351,106,409,130,
133,51,0.637782,355,107,410,130,
134,51,0.642107,351,107,409,130,
135,51,0.620926,353,106,410,130,
136,51,0.589541,352,106,411,130,
137,51,0.505457,349,106,410,131,
138,51,0.523534,351,107,408,130,
139,51,0.676474,350,106,409,130,
140,51,0.617585,354,106,410,130,
141,51,0.700640,350,107,409,130,
142,51,0.538549,349,107,409,130,
143,51,0.608970,352,107,408,130,
144,51,0.539653,348,107,408,130,
145,51,0.584349,352,107,410,130,
146,51,0.525001,350,106,410,130,
148,51,0.520642,349,107,410,130,
149,51,0.585538,349,107,410,130,
150,51,0.572669,349,107,409,130,
151,51,0.698755,352,107,408,130,
152,51,0.612473,352,106,409,131,
153,51,0.612582,351,107,408,130,
154,51,0.554000,353,107,412,131,
155,51,0.647328,351,107,408,130,
156,51,0.673448,350,107,408,130,
157,51,0.618970,353,107,409,130,
158,51,0.628393,349,106,411,130,
160,51,0.573885,349,107,409,130,
161,51,0.642309,353,106,412,130,
162,51,0.601678,351,107,411,130,
163,51,0.618656,353,106,412,130,
164,51,0.656045,349,106,410,131,
165,51,0.563592,348,107,409,130,
167,51,0.612035,351,106,408,130,
168,51,0.531914,351,107,408,130,
169,51,0.727485,353,106,407,130,
170,51,0.638122,350,106,408,130,
171,51,0.530322,350,107,408,130,
172,51,0.598220,352,107,410,130,
173,51,0.613708,353,106,411,129,
174,51,0.675718,349,106,409,130,
175,51,0.703899,351,106,409,130,
176,51,0.509565,349,107,410,130,
177,51,0.645994,349,107,409,130,
178,51,0.635609,354,106,410,130,
179,51,0.666683,351,106,410,130,
180,51,0.630223,351,107,408,131,
182,51,0.690385,350,106,410,130,
183,51,0.549064,353,106,411,130,
184,51,0.557211,355,106,408,130,
185,51,0.570494,352,107,410,130,
186,51,0.602692,351,106,410,130,
187,51,0.514453,354,106,410,130,
188,51,0.620982,347,107,409,130,
189,51,0.603023,353,107,409,129,
190,51,0.618531,352,106,412,130,
191,51,0.580821,354,106,410,130,
192,51,0.613888,350,107,409,130,
193,51,0.576143,352,107,411,130,
194,51,0.662859,350,107,407,130,
195,51,0.592158,351,106,411,130,
196,51,0.612341,353,106,409,130,
197,51,0.662312,350,106,410,130,
198,51,0.576813,348,106,410,130,
199,51,0.646419,350,107,408,130,
200,51,0.597383,353,106,411,130,
201,51,0.672521,354,106,410,130,
202,51,0.595722,351,107,408,130,
203,51,0.624591,355,106,411,130,
204,51,0.551067,352,106,410,130,
205,51,0.681355,353,106,413,130,
206,51,0.544843,353,106,410,130,
207,51,0.541856,352,107,411,130,
208,51,0.580956,354,106,411,130,
209,51,0.618269,351,106,409,130,
210,51,0.592043,353,107,411,131,
211,51,0.632785,353,106,412,130,
212,51,0.579127,350,107,408,131,
213,51,0.620265,353,106,409,130,
214,51,0.600209,353,106,409,130,
215,51,0.658247,349,106,409,131,
216,51,0.609629,353,106,410,130,
217,51,0.627808,350,107,408,130,
218,51,0.605619,351,107,408,130,
219,51,0.574930,349,107,407,131,
220,51,0.553020,349,106,411,130,
221,51,0.585894,354,107,411,130,
222,51,0.606436,353,107,409,130,
223,51,0.591588,352,106,412,130,
224,51,0.605742,350,107,408,130,
225,51,0.649184,351,107,411,130,
226,51,0.693625,354,106,409,130,
227,51,0.671499,351,107,407,130,
228,51,0.666709,352,106,408,130,
229,51,0.722840,351,107,409,130,
230,51,0.612868,351,106,409,130,
231,51,0.670901,350,107,407,131,
232,51,0.591652,353,106,412,129,
234,51,0.654918,348,107,409,131,
235,51,0.598855,351,106,409,131,
236,51,0.611599,354,107,411,130,
237,51,0.510068,352,107,413,130,
238,51,0.574084,354,106,411,130,
239,51,0.571257,352,106,409,130,
240,51,0.546133,347,107,410,130,
241,51,0.634245,350,107,408,130,
242,51,0.585274,349,107,410,130,
243,51,0.605817,352,107,408,130,
244,51,0.585221,347,107,408,131,
245,51,0.621422,349,106,410,130,
246,51,0.576704,349,107,409,130,
247,51,0.580793,352,107,408,130,
248,51,0.554898,352,107,412,130,
249,51,0.605395,353,107,412,130,
250,51,0.582691,355,106,410,130,
251,51,0.632137,351,107,410,131,
252,51,0.641982,351,106,408,130,
253,51,0.646307,350,107,408,130,
254,51,0.625470,352,106,412,130,
255,51,0.563873,354,107,409,130,
257,51,0.636019,351,106,409,130,
258,51,0.616080,350,107,409,130,
259,51,0.623418,352,107,412,130,
260,51,0.629717,351,106,411,130,
261,51,0.582051,353,106,411,130,
262,51,0.607602,351,106,412,130,
263,51,0.635510,350,107,410,130,
264,51,0.562375,355,106,411,130,
265,51,0.638492,355,106,410,130,
266,51,0.525041,351,107,408,130,
267,51,0.671628,354,106,410,130,
268,51,0.631145,350,107,409,130,
269,51,0.550772,347,107,409,130,
270,51,0.591181,351,107,408,130,
271,51,0.694210,349,106,410,131,
272,51,0.528602,350,107,409,130,
273,51,0.605611,349,107,411,130,
274,51,0.659259,352,107,409,130,
275,51,0.533611,354,107,409,130,
276,51,0.641285,350,106,410,130,
277,51,0.736918,351,107,409,130,
278,51,0.648686,355,106,410,130,
279,51,0.585539,351,106,408,130,
280,51,0.662682,351,107,407,131,
281,51,0.560911,350,106,408,131,
282,51,0.603095,353,107,409,130,
283,51,0.608741,351,107,411,129,
284,51,0.630980,354,107,410,130,
285,51,0.625785,351,107,408,130,
286,51,0.592381,348,107,410,130,
287,51,0.585130,350,107,409,130,
288,51,0.565803,353,106,410,130,
289,51,0.610297,353,106,408,130,
290,51,0.563281,347,107,411,130,
291,51,0.611314,350,106,409,130,
292,51,0.576700,355,106,410,130,
293,51,0.724576,352,106,408,130,
294,51,0.519284,350,107,411,129,
295,51,0.560422,349,107,409,130,
296,51,0.709332,353,106,410,130,
297,51,0.640320,351,106,408,130,
298,51,0.575696,351,106,409,130,
299,51,0.682026,352,106,409,130,
300,51,0.649641,351,106,409,131,
302,51,0.533152,351,106,410,130,
303,51,0.721725,352,106,407,130,
304,51,0.614909,351,107,410,130,
305,51,0.619484,349,107,408,131,
306,51,0.626348,348,107,409,130,
307,51,0.559572,353,107,410,130,
308,51,0.654976,350,107,409,130,
309,51,0.605989,354,106,410,130,
310,51,0.554769,352,107,407,130,
311,51,0.507954,351,106,410,130,
312,51,0.517565,351,107,409,130,
313,51,0.615616,350,107,409,130,
314,51,0.637737,353,106,410,130,
315,51,0.646676,353,106,409,130,
317,51,0.578921,350,106,409,130,
318,51,0.668166,352,106,410,130,
319,51,0.630312,349,107,408,130,
320,51,0.535019,352,106,408,130,
321,51,0.597829,350,107,407,130,
322,51,0.557484,352,106,409,130,
323,51,0.661187,352,106,409,130,
324,51,0.613135,354,106,410,130,
325,51,0.604726,353,106,409,130,
326,51,0.698787,351,106,410,130,
327,51,0.645264,354,106,411,130,
328,51,0.571778,353,107,406,130,
329,51,0.558804,350,107,409,130,
330,51,0.638122,354,107,411,130,
331,51,0.649574,350,107,409,130,
332,51,0.679643,352,106,412,130,
333,51,0.612292,349,107,410,130,
334,51,0.598179,353,106,410,130,
335,51,0.676111,351,107,409,131,
336,51,0.624753,351,107,407,130,
337,51,0.650853,352,107,407,130,
338,51,0.609948,351,107,409,130,
339,51,0.556830,352,106,411,130,
340,51,0.565511,354,107,410,130,
341,51,0.595029,350,106,409,130,
342,51,0.545204,351,107,410,131,
343,51,0.605635,351,107,408,131,
344,51,0.669622,355,106,407,130,
345,51,0.724187,351,107,408,131,
346,51,0.663564,348,107,410,130,
347,51,0.651722,350,107,409,131,
348,51,0.591833,354,107,410,130,
349,51,0.557842,354,106,409,130,
350,51,0.684661,351,106,409,130,
351,51,0.578256,354,106,410,129,
352,51,0.647534,354,106,410,130,
353,51,0.619204,349,107,408,131,
354,51,0.572149,351,107,412,130,
355,51,0.704116,350,107,409,130,
356,51,0.572303,350,107,412,130,
357,51,0.627310,351,107,409,130,
358,51,0.651844,349,106,408,130,
359,51,0.685514,351,107,408,130,
360,51,0.672140,350,106,410,130,
361,51,0.623345,349,107,410,130,
362,51,0.591004,350,107,410,130,
363,51,0.671519,354,107,410,130,
364,51,0.707981,352,107,408,131,
365,51,0.606907,353,107,409,130,
366,51,0.595130,350,107,411,130,
367,51,0.550399,350,107,407,130,
368,51,0.550214,353,107,411,130,
369,51,0.632258,352,106,410,130,
370,51,0.631260,350,107,410,130,
371,51,0.645874,352,106,408,130,
372,51,0.558429,352,106,409,130,
375,51,0.586500,349,106,411,130,
376,51,0.638297,353,106,410,130,
377,51,0.681581,350,106,407,130,
378,51,0.628356,354,106,412,129,
379,51,0.650191,351,107,409,130,
380,51,0.586307,351,107,408,130,
381,51,0.634621,351,107,408,130,
382,51,0.587837,354,107,410,130,
383,51,0.576861,352,107,408,130,
384,51,0.722720,349,106,408,130,
385,51,0.620720,355,107,410,131,
386,51,0.670453,353,106,407,130,
387,51,0.610689,351,107,409,130,
388,51,0.590856,352,106,408,130,
389,51,0.599091,349,106,409,131,
391,51,0.554074,349,107,410,130,
392,51,0.632868,354,106,411,130,
393,51,0.607023,349,107,408,130,
394,51,0.512432,348,107,409,131,
395,51,0.612247,353,106,411,129,
397,51,0.637318,351,107,410,130,
398,51,0.715230,353,107,407,131,
399,51,0.586553,353,107,409,130,
400,51,0.647501,349,107,408,131,
401,51,0.701533,351,107,408,130,
402,51,0.607503,354,106,410,130,
403,51,0.564479,353,107,411,130,
404,51,0.667878,352,106,409,130,
405,51,0.629653,353,106,412,129,
406,51,0.568267,349,106,408,130,
407,51,0.617503,349,107,409,130,
408,51,0.719160,352,106,413,130,
409,51,0.556989,356,106,407,130,
410,51,0.566589,349,107,409,130,
411,51,0.597011,351,107,407,131,
412,51,0.582409,348,107,408,130,
413,51,0.576886,352,106,411,130,
414,51,0.611441,351,107,407,130,
415,51,0.661040,350,107,409,130,
416,51,0.585173,351,107,409,130,
417,51,0.626168,352,107,408,131,
418,51,0.697604,350,107,406,130,
419,51,0.644887,353,106,411,130,
420,51,0.573343,352,107,411,130,
421,51,0.633875,348,107,410,130,
422,51,0.594542,354,106,410,130,
423,51,0.523425,351,107,410,130,
424,51,0.701429,351,106,408,130,
425,51,0.641307,350,106,410,130,
426,51,0.529636,351,107,410,130,
427,51,0.618811,351,107,410,130,
428,51,0.726420,351,106,408,131,
429,51,0.606512,352,107,409,130,
430,51,0.602788,353,107,412,130,
431,51,0.598623,349,107,408,130,
432,51,0.606718,352,107,408,130,
433,51,0.694437,351,106,408,130,
434,51,0.610807,350,107,406,130,
435,51,0.698376,351,106,407,130,
436,51,0.695253,350,107,411,130,
437,51,0.524254,353,108,412,130,
438,51,0.647403,351,106,408,130,
439,51,0.669768,352,106,407,130,
440,51,0.609102,349,106,410,130,
441,51,0.622116,351,106,409,130,
442,51,0.552265,352,106,410,130,
443,51,0.607856,353,107,410,130,
444,51,0.630855,350,107,409,130,
445,51,0.645157,353,107,411,131,
446,51,0.593295,352,106,412,130,
447,51,0.570998,350,107,408,130,
448,51,0.571196,351,107,409,130,
449,51,0.641304,354,106,410,130,
450,51,0.516269,349,106,411,130,
451,51,0.544073,354,106,409,130,
452,51,0.605888,353,106,411,129,
453,51,0.567066,350,106,410,130,
454,51,0.583754,350,106,409,130,
455,51,0.564166,350,107,408,131,
456,51,0.625885,349,106,409,130,
457,51,0.589084,353,107,411,130,
458,51,0.538478,350,107,407,129,
459,51,0.687696,351,106,409,130,
460,51,0.613330,352,107,406,130,
461,51,0.679472,355,106,413,131,
462,51,0.539687,349,106,410,131,
463,51,0.618440,352,107,407,130,
464,51,0.618077,349,107,409,131,
465,51,0.680614,355,107,412,131,
466,51,0.670281,351,107,409,130,
467,51,0.624516,349,106,410,130,
468,51,0.737178,350,106,410,130,
469,51,0.608427,350,106,409,130,
470,51,0.685727,350,106,408,130,
471,51,0.610658,353,106,411,129,
472,51,0.553871,354,106,409,130,
473,51,0.642601,351,106,409,130,
474,51,0.654990,353,107,407,130,
475,51,0.529593,352,107,409,130,
476,51,0.632471,349,107,409,130,
477,51,0.577911,351,107,408,131,
478,51,0.660173,350,106,408,130,
479,51,0.662046,349,107,408,130,
480,51,0.635515,350,106,409,130,
481,51,0.573200,353,106,412,130,
482,51,0.639492,353,106,410,130,
483,51,0.773245,350,106,411,130,
484,51,0.577818,354,106,410,130,
485,51,0.558356,352,106,412,130,
486,51,0.652486,350,107,409,130,
487,51,0.691805,349,106,409,131,
488,51,0.556980,353,106,410,130,
489,51,0.664094,351,106,409,130,
490,51,0.664787,350,107,408,130,
491,51,0.612178,353,106,411,130,
492,51,0.611439,350,107,408,130,
493,51,0.623477,350,107,411,130,
494,51,0.562041,351,107,410,130,
495,51,0.557263,348,107,410,130,
496,51,0.685160,351,107,407,130,
497,51,0.595966,352,106,412,130,
498,51,0.639559,350,106,409,130,
499,51,0.737031,353,106,409,129,
500,51,0.619224,351,106,409,131,
501,51,0.705194,351,106,408,130,
502,51,0.584568,349,106,411,130,
503,51,0.628853,352,106,412,130,
504,51,0.587955,353,107,411,130,
505,51,0.533302,354,107,410,129,
506,51,0.601551,349,107,409,131,
507,51,0.656188,350,107,409,130,
508,51,0.571090,353,106,410,130,
509,51,0.595501,349,107,411,130,
510,51,0.619049,349,107,408,130,
511,51,0.611015,352,107,409,130,
512,51,0.613277,350,106,409,130,
513,51,0.670914,351,107,407,130,
514,51,0.633745,349,107,410,130,
515,51,0.602717,352,107,412,130,
516,51,0.649418,350,107,408,130,
517,51,0.669827,350,107,408,130,
518,51,0.625266,350,107,409,130,
519,51,0.553757,351,107,412,130,
520,51,0.584654,352,106,411,130,
521,51,0.657085,351,107,408,130,
522,51,0.540103,350,107,410,130,
523,51,0.647679,350,107,408,130,
524,51,0.598171,351,106,409,130,
525,51,0.733387,353,106,410,130,
526,51,0.641777,353,106,413,130,
527,51,0.693287,352,107,410,130,
528,51,0.628319,350,106,408,130,
529,51,0.619178,353,107,407,130,
530,51,0.580454,354,108,412,131,
531,51,0.754838,352,107,407,130,
532,51,0.571479,351,107,411,130,
533,51,0.571406,352,107,409,130,
534,51,0.519122,351,107,409,130,
535,51,0.710714,349,107,410,131,
536,51,0.594713,351,107,408,130,
537,51,0.667828,354,106,412,129,
538,51,0.592097,351,106,410,130,
539,51,0.603690,349,107,408,131,
540,51,0.733280,352,106,409,130,
541,51,0.550884,349,107,408,130,
542,51,0.535858,348,106,412,130,
544,51,0.582391,354,107,410,130,
545,51,0.563845,350,107,409,130,
546,51,0.636612,351,106,411,130,
547,51,0.594384,351,107,408,130,
548,51,0.549827,350,106,409,130,
549,51,0.660958,351,106,408,130,
550,51,0.592632,353,106,409,130,
551,51,0.580522,354,106,409,130,
552,51,0.550752,351,106,409,130,
554,51,0.542708,349,107,409,130,
555,51,0.642657,353,107,411,130,
556,51,0.655010,351,106,409,130,
557,51,0.522931,348,107,410,130,
558,51,0.642954,350,107,409,130,
560,51,0.699038,350,106,409,130,
561,51,0.643056,350,106,410,130,
562,51,0.575092,352,106,411,130,
563,51,0.615227,349,106,407,130,
564,51,0.684652,351,107,409,131,
565,51,0.645423,350,107,409,130,
566,51,0.683983,351,106,411,130,
567,51,0.558960,354,107,409,131,
568,51,0.652218,350,107,410,130,
569,51,0.549516,347,106,412,130,
570,51,0.640604,352,107,411,130,
571,51,0.624893,349,107,409,130,
572,51,0.594077,352,107,409,130,
573,51,0.616633,350,107,409,130,
574,51,0.543392,348,107,409,130,
575,51,0.587018,353,106,412,130,
576,51,0.725776,351,106,409,130,
577,51,0.672335,349,107,409,131,
578,51,0.624427,351,107,408,130,
579,51,0.643593,349,106,409,130,
580,51,0.628138,349,106,408,130,
581,51,0.584174,353,107,411,131,
582,51,0.568346,353,106,411,130,
583,51,0.621306,354,106,409,130,
584,51,0.660900,349,107,409,130,
585,51,0.543049,353,107,412,129,
586,51,0.701524,354,106,408,130,
587,51,0.610858,353,106,409,130,
588,51,0.645723,349,107,408,130,
589,51,0.591675,354,107,410,131,
590,51,0.612809,353,106,412,130,
591,51,0.562039,351,107,408,130,
592,51,0.648432,353,106,408,130,
593,51,0.652778,354,106,410,130,
594,51,0.660620,352,106,412,130,
595,51,0.675083,350,106,411,130,
596,51,0.639479,350,106,410,130,
597,51,0.602588,352,106,410,130,
598,51,0.593196,352,107,410,130,
599,51,0.627768,350,107,411,130,
600,51,0.658509,350,107,411,130,
601,51,0.632960,350,107,409,131,
603,51,0.607350,353,107,412,130,
604,51,0.569644,352,107,412,130,
606,51,0.528335,350,107,409,130,
607,51,0.719218,351,107,408,130,
608,51,0.588278,348,107,410,130,
609,51,0.628222,351,107,409,130,
610,51,0.612835,353,106,409,130,
611,51,0.662047,352,107,408,130,
612,51,0.603414,350,106,409,130,
613,51,0.639302,351,107,409,131,
614,51,0.634313,350,106,409,130,
615,51,0.587486,349,107,410,131,
616,51,0.519627,349,106,410,130,
617,51,0.577010,349,107,406,130,
618,51,0.620962,351,106,410,130,
619,51,0.699069,353,106,408,130,
620,51,0.697558,350,107,409,130,
621,51,0.557616,353,107,409,130,
622,51,0.556924,348,107,411,130,
623,51,0.588689,350,107,409,130,
624,51,0.649723,349,107,411,130,
625,51,0.637619,353,107,408,130,
626,51,0.587999,349,107,412,130,
627,51,0.586337,349,107,408,130,
628,51,0.627968,349,107,410,130,
629,51,0.516485,349,107,408,130,
630,51,0.604351,351,107,408,130,
631,51,0.615772,349,107,410,130,
632,51,0.568794,351,107,408,130,
633,51,0.621135,353,107,409,130,
634,51,0.558727,350,106,408,130,
635,51,0.660654,349,107,408,130,
636,51,0.589717,352,108,411,131,
637,51,0.655102,350,106,411,130,
638,51,0.561290,353,107,409,130,
639,51,0.566104,350,107,410,130,
640,51,0.656582,349,107,410,130,
641,51,0.584853,348,106,411,130,
642,51,0.708526,350,107,409,130,
643,51,0.603134,350,107,407,130,
644,51,0.618847,350,107,409,130,
645,51,0.626743,350,107,409,130,
646,51,0.675916,350,106,409,131,
647,51,0.642967,355,106,408,129,
648,51,0.607374,354,106,410,130,
649,51,0.522276,352,106,410,130,
650,51,0.681555,349,107,408,130,
651,51,0.534708,350,107,409,130,
652,51,0.702255,351,107,409,131,
653,51,0.597418,354,106,410,130,
654,51,0.616216,353,106,410,130,
655,51,0.680100,350,107,409,130,
656,51,0.619264,351,107,408,131,
657,51,0.641564,355,106,412,130,
659,51,0.505014,353,106,410,130,
661,51,0.690712,350,106,411,130,
662,51,0.516816,354,107,408,130,
663,51,0.563968,354,107,409,130,
664,51,0.645372,352,107,408,130,
665,51,0.645274,353,106,411,130,
666,51,0.685244,352,106,408,130,
667,51,0.652134,350,107,407,130,
668,51,0.662587,351,106,409,131,
669,51,0.545638,352,107,409,130,
670,51,0.572125,352,107,414,130,
671,51,0.592716,352,106,411,130,
672,51,0.664842,349,107,410,130,
673,51,0.677739,354,107,409,130,
674,51,0.519598,355,107,409,130,
675,51,0.603783,351,107,408,130,
676,51,0.657744,349,106,409,131,
677,51,0.601035,350,107,409,130,
678,51,0.622169,351,107,408,130,
679,51,0.516595,354,106,411,130,
680,51,0.572783,348,107,409,130,
681,51,0.559440,354,107,408,130,
682,51,0.584493,354,106,410,130,
683,51,0.551020,349,106,408,130,
684,51,0.663712,349,107,408,130,
685,51,0.604342,351,106,408,131,
686,51,0.658650,351,107,408,131,
687,51,0.563598,350,107,408,130,
688,51,0.609550,350,107,411,131,
689,51,0.648221,349,107,408,131,
690,51,0.634228,354,106,409,129,
691,51,0.527089,353,106,410,130,
692,51,0.653916,349,107,410,130,
693,51,0.619168,351,106,412,130,
694,51,0.670281,351,106,409,130,
695,51,0.536415,350,106,409,130,
696,51,0.620215,353,106,410,129,
697,51,0.652897,350,107,409,130,
698,51,0.559483,349,107,409,130,
699,51,0.508374,350,107,409,131,
700,51,0.571350,351,107,408,130,
701,51,0.586045,350,107,408,131,
702,51,0.546423,349,107,410,130,
703,51,0.609348,352,106,410,130,
704,51,0.664067,351,107,409,130,
706,51,0.649394,352,107,410,129,
707,51,0.649163,352,107,408,130,
708,51,0.610348,350,107,412,131,
709,51,0.606603,349,107,412,130,
710,51,0.654172,353,106,410,130,
711,51,0.619173,349,107,408,130,
712,51,0.551688,350,107,408,131,
713,51,0.647492,348,107,410,131,
714,51,0.641794,352,107,408,130,
715,51,0.538624,351,106,411,129,
716,51,0.658255,351,106,407,131,
717,51,0.744587,351,107,408,130,
718,51,0.723314,352,106,408,130,
719,51,0.647862,354,107,411,130,
720,51,0.588503,350,107,408,130,
721,51,0.658912,352,107,408,130,
722,51,0.605734,351,107,410,130,
723,51,0.673572,352,106,408,131,
724,51,0.648977,351,106,408,130,
725,51,0.619199,353,106,411,130,
726,51,0.602932,353,106,410,130,
727,51,0.641367,350,106,410,130,
728,51,0.580043,351,107,408,130,
729,51,0.675562,351,106,408,130,
730,51,0.516616,349,107,407,131,
731,51,0.647703,349,106,410,129,
732,51,0.629021,354,107,410,130,
733,51,0.649265,350,107,411,130,
734,51,0.681410,350,107,410,131,
735,51,0.583484,352,106,411,129,
736,51,0.622763,352,106,412,130,
737,51,0.580479,353,107,411,130,
738,51,0.581892,350,106,408,130,
739,51,0.558344,350,107,407,130,
740,51,0.597357,354,106,410,130,
741,51,0.621742,352,106,410,130,
742,51,0.587538,353,106,410,130,
743,51,0.723939,351,106,410,130,
744,51,0.685302,351,106,411,129,
745,51,0.707352,352,106,409,130,
746,51,0.562197,349,107,411,131,
747,51,0.561126,354,106,411,130,
748,51,0.652238,351,107,408,130,
749,51,0.647253,351,107,408,131,
750,51,0.628300,349,107,410,130,
751,51,0.574462,348,107,412,130,
752,51,0.552593,353,106,410,130,
753,51,0.669937,352,107,409,130,
754,51,0.617888,351,106,410,131,
755,51,0.594318,352,106,410,130,
756,51,0.631972,349,106,408,130,
757,51,0.688539,354,106,410,130,
758,51,0.569304,354,106,412,130,
759,51,0.720568,351,106,410,130,
760,51,0.695025,351,107,409,130,
761,51,0.631252,350,107,409,130,
762,51,0.605878,351,107,410,130,
763,51,0.656345,351,106,409,131,
764,51,0.650959,350,106,409,130,
765,51,0.586458,349,106,410,130,
766,51,0.613907,354,106,410,130,
767,51,0.735528,351,106,411,130,
768,51,0.617321,353,106,410,130,
769,51,0.603663,351,107,409,130,
770,51,0.620701,351,107,409,130,
771,51,0.553627,350,107,409,130,
772,51,0.572595,349,107,409,130,
774,51,0.644876,354,106,411,130,
775,51,0.723739,351,106,409,131,
776,51,0.561282,351,106,409,130,
777,51,0.638726,350,107,409,130,
778,51,0.567732,354,106,410,130,
779,51,0.657403,350,107,409,130,
780,51,0.677342,349,107,409,131,
781,51,0.589538,351,107,410,130,
782,51,0.520108,350,107,409,130,
783,51,0.634724,352,106,409,130,
784,51,0.600539,351,106,409,130,
785,51,0.577606,354,107,408,130,
786,51,0.525766,350,107,411,130,
787,51,0.550367,353,107,408,130,
788,51,0.664943,352,106,408,130,
790,51,0.589769,350,107,408,130,
791,51,0.590726,347,107,410,130,
792,51,0.653983,352,106,410,130,
793,51,0.537902,351,107,409,130,
794,51,0.655246,352,106,411,130,
795,51,0.536193,351,107,408,130,
796,51,0.543582,350,107,411,130,
797,51,0.716767,351,107,408,130,
798,51,0.677281,352,106,408,130,
799,51,0.512169,348,107,410,130,
800,51,0.724337,351,106,409,131,
801,51,0.726669,353,106,412,130,
802,51,0.557005,350,107,409,130,
803,51,0.647062,353,107,411,130,
804,51,0.635101,351,107,408,130,
805,51,0.550306,352,106,411,130,
806,51,0.571469,350,106,408,130,
807,51,0.536897,347,106,412,130,
808,51,0.592383,349,107,411,130,
809,51,0.539642,349,106,409,130,
810,51,0.527406,348,107,411,130,
811,51,0.608641,349,107,410,130,
812,51,0.584399,352,107,410,130,
813,51,0.579704,350,107,410,130,
814,51,0.689346,351,107,408,131,
815,51,0.532479,354,107,408,130,
816,51,0.577935,348,106,411,130,
817,51,0.574743,354,106,406,130,
818,51,0.626720,354,106,410,130,
819,51,0.585934,355,106,411,130,
820,51,0.629353,351,106,408,130,
821,51,0.682141,349,107,409,130,
822,51,0.665698,353,107,410,130,
823,51,0.521859,351,106,410,130,
824,51,0.625265,350,107,407,130,
825,51,0.625790,349,106,408,130,
826,51,0.743065,352,106,409,130,
827,51,0.675058,351,107,409,131,
828,51,0.619194,349,106,410,130,
829,51,0.612924,351,106,409,130,
830,51,0.549803,352,107,411,130,
831,51,0.536192,352,106,412,130,
832,51,0.648578,352,106,407,130,
833,51,0.650452,350,107,410,131,
834,51,0.565037,354,107,409,130,
835,51,0.651509,351,106,408,130,
836,51,0.626268,354,106,410,130,
837,51,0.558418,351,107,407,129,
838,51,0.666266,353,106,410,130,
839,51,0.691638,349,107,408,130,
840,51,0.629062,349,107,409,130,
841,51,0.585965,349,107,407,131,
842,51,0.655276,355,107,408,130,
843,51,0.592306,351,106,410,130,
844,51,0.583580,351,107,411,130,
845,51,0.656851,354,106,410,130,
846,51,0.572579,351,107,409,131,
847,51,0.633713,351,106,411,130,
848,51,0.713788,351,106,410,130,
849,51,0.616977,351,107,408,130,
850,51,0.658386,352,106,410,130,
852,51,0.655639,353,106,409,129,
853,51,0.595040,351,106,410,130,
854,51,0.553226,354,107,409,130,
855,51,0.569750,352,107,413,130,
856,51,0.639173,353,107,410,130,
857,51,0.622473,350,107,408,131,
858,51,0.667419,351,107,411,130,
859,51,0.564831,353,106,411,129,
860,51,0.526896,350,107,410,130,
861,51,0.632329,350,107,413,130,
862,51,0.608097,352,106,412,130,
863,51,0.654037,352,107,409,130,
864,51,0.507314,348,107,410,130,
865,51,0.598294,354,106,412,130,
866,51,0.634561,347,107,410,131,
867,51,0.648868,350,106,408,130,
868,51,0.634172,350,106,409,130,
869,51,0.535000,348,106,410,130,
870,51,0.653567,352,107,408,130,
871,51,0.643484,353,107,410,130,
872,51,0.659573,353,108,410,131,
873,51,0.651966,353,106,410,130,
874,51,0.526681,351,107,408,130,
875,51,0.673175,350,107,411,130,
876,51,0.662353,352,107,406,131,
877,51,0.604932,353,107,407,131,
878,51,0.650919,355,106,409,130,
879,51,0.591004,351,107,409,131,
880,51,0.572204,352,107,409,130,
881,51,0.698536,354,106,411,130,
882,51,0.571114,353,107,412,130,
883,51,0.642266,349,106,411,130,
884,51,0.658952,349,106,409,130,
885,51,0.621599,348,107,411,130,
886,51,0.556601,351,106,412,129,
887,51,0.689664,349,106,409,131,
888,51,0.732820,351,106,408,130,
889,51,0.607667,350,107,408,130,
890,51,0.656706,352,106,410,130,
891,51,0.573559,350,107,409,130,
892,51,0.611106,350,107,409,130,
893,51,0.606105,351,106,410,130,
894,51,0.581419,352,106,411,130,
895,51,0.626917,350,107,409,130,
896,51,0.587007,349,106,408,130,
897,51,0.554453,351,107,411,130,
898,51,0.621101,349,107,409,130,
899,51,0.510562,349,107,411,130,
900,51,0.637741,350,107,408,131,
901,51,0.592810,353,106,408,130,
902,51,0.629877,350,107,409,130,
903,51,0.598669,349,106,411,130,
904,51,0.690973,350,106,408,130,
905,51,0.637553,354,106,410,130,
906,51,0.655085,350,107,407,130,
907,51,0.665230,351,106,411,130,
908,51,0.539367,354,106,410,130,
909,51,0.653096,350,106,410,131,
910,51,0.567752,351,107,409,130,
911,51,0.601035,349,107,411,130,
912,51,0.641411,350,107,408,130,
913,51,0.589073,350,106,410,130,
914,51,0.616768,351,107,410,130,
915,51,0.512769,351,106,411,130,
916,51,0.666415,350,107,410,130,
917,51,0.549483,353,107,411,130,
918,51,0.571786,353,107,410,130,
919,51,0.611549,352,106,409,130,
920,51,0.575471,351,106,410,130,
921,51,0.604488,351,106,410,130,
922,51,0.563421,347,107,408,131,
923,51,0.556007,349,107,410,130,
924,51,0.628622,351,106,409,130,
925,51,0.581160,353,106,409,130,
926,51,0.705175,350,107,408,131,
927,51,0.646387,350,106,409,130,
928,51,0.569294,349,107,410,130,
929,51,0.553572,353,107,409,130,
930,51,0.608929,354,106,410,130,
931,51,0.590214,350,106,409,130,
932,51,0.676721,352,107,412,130,
933,51,0.627001,354,106,409,130,
934,51,0.547242,351,107,408,130,
935,51,0.637890,350,107,409,130,
