1,78,0.994522,285,216,410,296,
2,78,0.994236,284,216,409,295,
3,78,0.994240,285,216,408,296,
4,78,0.993876,284,216,408,295,
5,78,0.992626,284,216,409,295,
6,78,0.992831,284,216,409,295,
7,78,0.990652,284,216,408,295,
8,78,0.993127,285,216,409,296,
9,78,0.994721,284,216,410,295,
10,78,0.993063,285,216,410,295,
11,78,0.992287,284,216,410,295,
12,78,0.991365,286,216,410,295,
13,78,0.994325,284,216,410,295,
14,78,0.992753,284,216,410,294,
15,78,0.995083,284,216,409,294,
16,78,0.993395,284,216,409,295,
17,78,0.993368,284,217,409,295,
18,78,0.993897,284,216,408,295,
19,78,0.993782,284,216,409,295,
20,78,0.993074,284,217,410,296,
21,78,0.994939,284,216,409,295,
22,78,0.995440,284,217,409,295,
23,78,0.992946,286,216,410,295,
24,78,0.994306,285,217,410,295,
25,78,0.993774,285,216,408,295,
26,78,0.993901,285,216,409,296,
27,78,0.990007,285,216,409,295,
28,78,0.991839,284,216,409,295,
29,78,0.991649,285,216,409,295,
30,78,0.992349,285,217,410,295,
31,78,0.991478,285,216,410,295,
32,78,0.992617,285,217,410,295,
33,78,0.992965,284,217,410,295,
34,78,0.993224,284,216,410,294,
35,78,0.992366,285,216,409,296,
36,78,0.990697,285,217,409,294,
37,78,0.990883,284,216,409,295,
38,78,0.991899,284,216,408,296,
39,78,0.989112,285,217,409,295,
40,78,0.993361,284,216,409,295,
41,78,0.993028,285,217,409,296,
42,78,0.994089,284,217,410,296,
43,78,0.991827,284,216,409,295,
44,78,0.993434,285,216,410,296,
45,78,0.995400,285,216,409,295,
46,78,0.993577,284,216,409,295,
47,78,0.994444,284,216,410,296,
48,78,0.993637,284,216,410,295,
49,78,0.994760,285,216,409,295,
50,78,0.994015,284,216,409,296,
51,78,0.993565,283,216,408,295,
52,78,0.995644,284,215,408,295,
53,78,0.995324,283,216,408,296,
54,78,0.995403,284,215,408,295,
55,78,0.993222,284,215,409,295,
56,78,0.993784,283,215,408,295,
57,78,0.995481,283,215,408,295,
58,78,0.994505,285,215,409,295,
59,78,0.996061,284,216,409,294,
60,78,0.996585,284,216,408,295,
61,78,0.995895,284,216,410,294,
62,78,0.996368,284,215,408,295,
63,78,0.996234,284,216,409,295,
64,78,0.995793,284,216,410,294,
65,78,0.996481,283,215,409,295,
66,78,0.995926,283,215,409,295,
67,78,0.996618,284,216,408,294,
68,78,0.995847,283,215,408,295,
69,78,0.996523,284,216,407,295,
70,78,0.996153,283,216,408,294,
71,78,0.996810,285,215,407,295,
72,78,0.995677,282,216,407,294,
73,78,0.996020,283,215,408,294,
74,78,0.996277,282,216,408,294,
75,78,0.994180,283,215,407,294,
76,78,0.996246,284,215,408,294,
77,78,0.996218,283,215,408,294,
78,78,0.995746,282,215,407,294,
79,78,0.995271,282,215,408,294,
80,78,0.997205,284,216,407,294,
81,78,0.995986,281,215,409,294,
82,78,0.996012,282,215,408,294,
83,78,0.995830,282,215,407,294,
84,78,0.996906,283,216,407,294,
85,78,0.996839,283,215,407,294,
86,78,0.996968,282,215,408,294,
87,78,0.998001,283,216,408,294,
88,78,0.997990,281,215,408,294,
89,78,0.998375,283,216,406,294,
90,78,0.997714,283,216,407,295,
91,78,0.997567,282,215,405,297,
92,78,0.997907,283,215,406,296,
93,78,0.996285,284,216,408,296,
94,78,0.996815,283,215,406,296,
95,78,0.996209,281,214,409,295,
96,78,0.997407,281,214,410,295,
97,78,0.997653,282,214,410,296,
98,78,0.995639,278,214,412,295,
99,78,0.997290,282,214,412,296,
100,78,0.997932,283,214,410,296,
101,78,0.998258,282,215,409,296,
102,78,0.998373,283,216,411,296,
103,78,0.997619,283,216,408,297,
104,78,0.996826,284,216,408,298,
105,78,0.996765,283,216,411,299,
106,78,0.990512,282,215,409,301,
107,78,0.986494,283,214,410,302,
108,78,0.973479,282,215,407,303,
109,78,0.987744,283,215,408,303,
110,78,0.990633,283,216,407,303,
111,78,0.989876,283,216,411,303,
112,78,0.990083,282,217,408,303,
113,78,0.989313,281,216,410,303,
114,78,0.990230,281,218,410,303,
115,78,0.992554,281,217,411,302,
116,78,0.993278,281,219,410,302,
117,78,0.993163,283,215,411,304,
118,78,0.990196,282,216,411,305,
119,78,0.992779,282,217,409,303,
120,78,0.992340,281,216,405,305,
121,78,0.983859,284,217,405,304,
122,78,0.989863,284,217,401,305,
123,78,0.996256,282,217,413,305,
124,78,0.954211,281,217,389,309,
125,78,0.841152,282,215,391,308,
126,78,0.859934,280,218,392,310,
127,78,0.758918,280,216,378,310,
128,78,0.830971,281,220,373,308,
129,78,0.944482,283,217,377,312,
130,78,0.977623,284,217,382,311,
131,78,0.971176,285,214,387,313,
132,78,0.936867,284,216,380,316,
133,78,0.960026,284,220,378,315,
134,78,0.961351,282,216,393,313,
135,78,0.956629,287,216,388,310,
136,78,0.986187,289,214,390,313,
137,78,0.992474,288,216,398,312,
138,78,0.989160,289,218,398,307,
139,78,0.996045,288,221,410,306,
140,78,0.999081,288,218,403,308,
141,78,0.998344,289,220,402,305,
142,78,0.991060,288,218,397,307,
143,78,0.993228,288,214,409,304,
144,78,0.993002,289,214,406,305,
145,78,0.961846,291,212,404,305,
146,78,0.977927,288,215,409,308,
147,78,0.982386,285,220,411,307,
148,78,0.984730,286,217,411,304,
149,78,0.856906,285,223,409,297,
151,78,0.716045,294,230,415,298,
152,78,0.771123,292,239,418,297,
153,78,0.601420,291,240,422,296,
154,78,0.531292,290,235,425,298,
158,78,0.730919,299,234,420,295,
159,78,0.750372,300,232,412,292,
160,78,0.812093,298,236,418,293,
161,78,0.851225,299,234,414,294,
162,78,0.723266,297,235,416,293,
163,78,0.523897,295,234,410,295,
165,78,0.783279,294,233,409,294,
166,78,0.592334,298,235,411,293,
168,78,0.581091,297,231,408,294,
169,73,0.749516,278,231,413,300,
170,73,0.509703,287,233,413,297,
171,73,0.705311,285,235,413,296,
188,78,0.921448,285,233,415,294,
189,78,0.931473,285,234,412,294,
357,78,0.978529,288,225,410,293,
358,78,0.992997,283,234,413,294,
359,78,0.983631,281,235,414,294,
360,78,0.998029,279,234,410,297,
361,78,0.994416,277,232,409,297,
362,78,0.990227,276,233,407,297,
363,78,0.990778,278,229,409,296,
364,78,0.985163,281,227,411,295,
365,78,0.987699,276,230,407,295,
366,78,0.863248,293,228,416,294,
367,78,0.907751,283,231,405,296,
368,78,0.922925,287,232,417,295,
369,78,0.940162,286,234,419,296,
370,78,0.911648,285,232,419,295,
371,78,0.928015,287,234,414,297,
372,78,0.740367,292,232,421,296,
373,78,0.866756,292,234,415,295,
374,78,0.811650,292,234,421,297,
376,78,0.789395,293,232,412,297,
