38,62,0.605735,165,214,262,353,
39,62,0.801614,169,216,263,343,
40,62,0.868814,171,217,262,348,
41,62,0.854608,168,215,261,325,
42,62,0.889170,170,218,263,344,
43,62,0.961952,166,220,265,367,
44,62,0.985214,168,215,267,376,
45,62,0.984732,164,209,267,380,
46,62,0.980079,167,206,271,381,
47,62,0.975826,167,208,269,383,
48,62,0.986367,168,211,271,380,
49,62,0.991138,168,207,270,383,
50,62,0.993970,169,207,271,381,
51,62,0.993804,167,206,272,382,
52,62,0.991886,168,206,271,382,
53,62,0.996413,167,204,275,379,
54,62,0.992889,165,204,275,379,
55,62,0.993696,165,207,277,379,
56,62,0.994215,168,211,280,379,
57,62,0.990035,167,196,280,380,
58,62,0.985708,164,198,284,379,
59,62,0.988277,169,195,287,379,
60,62,0.985791,166,199,294,383,
61,62,0.983903,164,187,295,378,
62,62,0.988813,167,192,297,379,
63,62,0.986315,169,184,304,379,
64,62,0.986863,166,188,303,380,
65,62,0.972918,164,190,311,382,
66,62,0.975603,167,191,313,383,
67,62,0.975912,161,190,314,384,
68,62,0.957753,163,190,317,381,
69,62,0.975507,164,188,320,384,
70,62,0.977612,161,187,321,383,
71,62,0.987137,163,190,320,384,
72,62,0.989210,169,184,318,376,
73,62,0.989429,164,191,317,379,
74,62,0.993652,166,192,315,380,
75,62,0.992165,163,190,321,381,
76,62,0.992596,167,179,325,383,
77,62,0.993816,166,180,322,382,
78,62,0.991862,162,188,322,383,
79,62,0.992299,161,189,321,384,
80,62,0.994512,165,179,323,384,
81,62,0.995969,166,179,321,383,
82,62,0.996164,166,183,322,384,
83,62,0.996103,164,189,320,386,
84,62,0.994902,168,191,319,388,
85,62,0.995823,166,181,323,382,
86,62,0.996035,168,189,319,386,
87,62,0.995631,165,181,323,381,
88,62,0.995857,163,188,320,383,
89,62,0.996061,166,183,322,383,
90,62,0.995222,166,183,322,383,
91,62,0.996020,166,180,323,384,
92,62,0.995803,167,186,319,389,
93,62,0.997221,165,183,321,385,
94,62,0.994505,167,187,317,382,
95,62,0.996898,163,185,319,379,
96,62,0.996104,164,184,323,381,
97,62,0.994305,162,188,320,384,
98,62,0.993513,166,179,322,382,
99,62,0.995273,166,180,322,382,
100,62,0.994137,165,182,321,385,
101,62,0.994574,164,188,322,383,
102,62,0.994549,162,188,319,386,
103,62,0.995795,165,181,321,384,
104,62,0.995169,167,192,320,389,
105,62,0.994409,167,178,324,383,
106,62,0.993741,170,190,320,388,
107,62,0.992283,163,190,321,387,
108,62,0.995681,164,190,321,388,
109,62,0.994865,166,177,324,383,
110,62,0.993836,167,188,321,383,
111,62,0.994284,167,181,324,383,
112,62,0.995902,165,185,320,382,
113,62,0.991308,167,177,321,378,
114,62,0.993962,167,182,324,381,
115,62,0.992973,164,191,320,381,
116,62,0.994715,165,188,319,386,
117,62,0.995971,165,184,319,381,
118,62,0.993568,162,189,322,383,
119,62,0.992420,165,180,320,381,
120,62,0.992317,166,182,320,381,
121,62,0.990275,165,188,318,380,
122,62,0.995526,166,192,319,380,
123,62,0.989725,166,186,320,381,
124,62,0.983201,167,174,321,379,
125,62,0.992368,164,192,320,379,
126,62,0.985758,163,188,320,380,
127,62,0.990276,161,181,316,385,
128,62,0.991428,164,188,321,380,
129,62,0.981188,163,187,321,384,
130,62,0.992478,165,193,312,386,
131,62,0.979335,164,195,314,384,
132,62,0.986870,162,191,311,382,
133,62,0.983998,167,185,306,380,
134,62,0.990535,164,192,299,382,
135,62,0.982465,161,191,296,380,
136,62,0.983090,164,188,296,386,
137,62,0.974694,166,197,294,382,
138,62,0.983104,166,202,284,379,
139,62,0.989466,166,201,281,379,
140,62,0.989909,165,200,276,380,
141,62,0.994769,167,203,273,378,
142,62,0.993165,166,201,270,382,
143,62,0.992560,165,204,269,382,
144,62,0.990915,166,206,267,382,
145,62,0.991122,164,211,266,382,
146,62,0.992226,166,214,264,380,
147,62,0.997101,167,214,265,379,
148,62,0.996011,167,212,264,379,
149,62,0.992050,168,213,264,381,
150,62,0.989681,166,214,267,382,
151,62,0.991813,168,210,266,379,
152,62,0.984605,168,211,265,379,
153,62,0.991150,167,214,263,380,
154,62,0.983157,168,212,266,383,
155,62,0.991986,169,218,265,373,
156,62,0.988766,168,213,266,382,
157,62,0.991951,167,216,266,374,
158,62,0.995243,166,214,265,376,
159,62,0.994111,166,211,266,381,
160,62,0.987505,164,211,267,382,
161,62,0.990507,165,210,266,382,
162,62,0.995031,165,211,266,381,
163,62,0.993596,166,209,268,382,
164,62,0.991670,167,206,270,384,
165,62,0.993009,165,206,270,381,
166,62,0.996228,167,208,270,380,
167,62,0.996131,168,204,270,378,
168,62,0.996893,167,203,273,378,
169,62,0.994506,167,200,277,378,
170,62,0.996382,166,202,275,377,
171,62,0.993959,166,193,279,380,
172,62,0.993425,164,194,280,380,
173,62,0.990558,166,198,281,375,
174,62,0.994996,166,201,282,381,
175,62,0.990731,166,195,283,378,
176,62,0.989522,165,194,282,378,
177,62,0.990140,167,200,283,379,
178,62,0.990833,166,196,283,378,
179,62,0.994302,168,195,285,375,
180,62,0.987765,163,194,292,384,
181,62,0.984620,167,189,289,378,
182,62,0.979662,168,191,289,380,
183,62,0.965765,167,189,290,379,
184,62,0.980568,168,191,298,380,
185,62,0.977255,166,187,294,380,
186,62,0.969955,167,188,295,380,
187,62,0.984069,163,187,298,380,
188,62,0.980447,162,189,306,385,
189,62,0.974606,166,187,303,383,
190,62,0.973670,167,198,308,384,
191,62,0.976526,166,186,307,383,
192,62,0.963449,166,193,309,381,
193,62,0.974433,167,193,306,380,
194,62,0.964189,165,189,309,381,
195,62,0.936757,165,194,314,385,
196,62,0.953187,163,186,312,383,
197,62,0.964180,164,188,311,384,
198,62,0.969090,163,187,309,384,
199,62,0.969542,165,192,311,382,
200,62,0.936513,163,190,314,383,
201,62,0.969299,161,190,311,381,
202,62,0.933507,166,196,313,378,
203,62,0.981393,165,191,309,382,
204,62,0.927124,164,190,314,386,
205,62,0.954654,168,192,311,382,
206,62,0.934471,163,189,310,382,
207,62,0.942054,164,189,311,381,
208,62,0.960101,162,187,310,384,
209,62,0.940319,166,192,311,381,
210,62,0.955968,168,190,310,381,
211,62,0.966812,165,191,307,381,
212,62,0.973532,164,186,311,379,
213,62,0.953330,162,190,310,384,
214,62,0.946274,171,189,316,381,
215,62,0.956999,166,192,308,382,
216,62,0.977397,163,186,308,384,
217,62,0.961478,166,186,307,383,
218,62,0.977281,164,185,309,384,
219,62,0.979349,169,188,305,380,
220,62,0.976840,164,191,302,381,
221,62,0.974077,168,189,303,381,
222,62,0.986607,163,187,302,379,
223,62,0.980684,164,188,304,382,
224,62,0.983240,166,196,302,383,
225,62,0.981990,164,189,300,379,
226,62,0.976013,166,192,297,380,
227,62,0.969259,163,189,307,383,
228,62,0.974579,165,189,296,378,
229,62,0.972093,164,189,303,383,
230,62,0.977411,164,188,296,380,
231,62,0.985639,166,191,296,379,
232,62,0.964877,167,198,297,385,
233,62,0.970398,166,194,298,383,
234,62,0.985281,164,189,297,382,
235,62,0.975703,165,186,295,379,
236,62,0.983741,163,189,302,380,
237,62,0.982083,164,191,294,381,
238,62,0.978551,166,197,302,383,
239,62,0.983455,163,191,298,379,
240,62,0.990610,165,188,295,381,
241,62,0.990800,164,189,296,378,
242,62,0.985313,165,194,302,385,
243,62,0.980597,160,193,301,379,
244,62,0.987511,162,190,303,380,
245,62,0.987234,163,186,296,380,
246,62,0.977759,167,192,302,374,
247,62,0.987680,161,191,297,380,
248,62,0.986773,167,190,297,378,
249,62,0.979790,163,190,301,378,
250,62,0.988941,162,188,301,380,
251,62,0.988143,161,188,300,378,
252,62,0.991665,162,182,297,379,
253,62,0.981831,165,195,301,383,
254,62,0.986314,162,188,298,379,
255,62,0.987259,161,187,299,381,
256,62,0.988498,162,186,299,379,
257,62,0.982511,164,188,297,382,
258,62,0.982916,162,191,297,378,
259,62,0.973051,161,193,297,380,
260,62,0.979251,163,191,298,379,
261,62,0.980586,162,190,300,380,
262,62,0.984123,167,191,301,379,
263,62,0.970744,165,191,298,379,
264,62,0.975988,161,189,301,379,
265,62,0.969973,165,192,305,384,
266,62,0.974467,163,193,302,380,
267,62,0.983372,163,193,301,378,
268,62,0.981232,165,193,304,381,
269,62,0.976587,164,197,305,384,
270,62,0.989579,163,195,302,380,
271,62,0.983440,170,184,314,381,
272,62,0.981529,167,194,301,386,
273,62,0.987103,166,196,301,384,
274,62,0.985548,164,191,299,381,
275,62,0.983106,166,197,302,383,
276,62,0.989647,164,194,301,381,
277,62,0.992796,163,186,297,379,
278,62,0.994518,166,193,299,382,
279,62,0.986763,164,192,297,385,
280,62,0.993360,163,187,294,383,
281,62,0.985898,165,193,297,378,
282,62,0.987692,166,188,298,385,
283,62,0.988472,164,187,296,383,
284,62,0.986994,162,190,295,380,
285,62,0.984795,167,195,302,384,
286,62,0.977719,167,189,298,384,
287,62,0.961072,165,194,296,379,
288,62,0.968019,167,194,302,382,
289,62,0.981928,162,189,298,382,
290,62,0.981285,168,189,300,374,
291,62,0.977592,166,196,303,385,
292,62,0.957369,163,197,300,382,
293,62,0.971786,167,197,300,386,
294,62,0.979633,166,196,302,385,
295,62,0.979794,166,198,303,386,
296,62,0.987189,165,195,301,385,
297,62,0.978979,165,189,298,382,
298,62,0.980160,166,190,300,385,
299,62,0.982202,163,191,305,386,
300,62,0.987031,166,188,302,386,
301,62,0.970528,162,195,304,385,
302,62,0.977249,165,190,307,386,
303,62,0.980652,162,195,299,379,
304,62,0.980120,166,190,305,382,
305,62,0.964290,163,198,302,379,
306,62,0.974184,163,192,306,383,
307,62,0.976763,166,197,306,384,
308,62,0.965549,164,194,307,384,
309,62,0.979806,164,188,305,383,
310,62,0.960403,164,195,304,383,
311,62,0.954413,161,190,311,380,
312,62,0.948923,166,200,313,383,
313,62,0.969102,164,195,311,384,
314,62,0.981240,165,191,309,381,
315,62,0.969942,167,194,309,382,
316,62,0.978177,162,191,312,383,
317,62,0.970456,162,191,311,383,
318,62,0.973257,163,194,304,384,
319,62,0.982575,163,188,304,382,
320,62,0.979221,164,191,305,387,
321,62,0.978097,167,189,308,385,
322,62,0.971935,166,187,308,384,
323,62,0.984186,164,195,306,382,
324,62,0.985686,165,195,308,382,
325,62,0.985825,163,192,306,383,
326,62,0.978692,163,192,307,384,
327,62,0.987340,162,188,304,382,
328,62,0.980439,164,194,307,386,
329,62,0.974341,162,196,309,386,
330,62,0.985655,164,195,300,381,
331,62,0.981668,163,191,304,382,
332,62,0.983686,168,193,305,383,
333,62,0.988684,163,192,305,383,
334,62,0.991324,165,189,300,379,
335,62,0.978654,166,191,303,380,
336,62,0.982078,167,193,301,387,
337,62,0.986970,164,189,297,384,
338,62,0.975468,165,197,301,384,
339,62,0.985182,167,194,301,383,
340,62,0.984163,164,192,296,381,
341,62,0.984438,166,193,292,382,
342,62,0.979569,165,192,296,380,
343,62,0.982022,167,192,297,380,
344,62,0.975458,165,195,298,383,
345,62,0.985460,168,201,294,382,
346,62,0.978620,167,198,292,382,
347,62,0.985231,164,196,288,383,
348,62,0.994217,166,204,285,375,
349,62,0.991981,166,200,283,382,
350,62,0.994730,168,203,278,374,
351,62,0.992075,168,199,279,376,
352,62,0.995476,167,208,274,380,
353,62,0.994917,165,203,273,382,
354,62,0.994994,167,203,273,380,
355,62,0.994002,168,202,271,379,
356,62,0.987022,165,208,269,382,
357,62,0.993807,167,206,269,376,
358,62,0.992207,167,209,272,374,
359,62,0.975937,168,216,267,357,
360,62,0.994580,165,210,266,377,
361,62,0.994307,164,206,265,381,
362,62,0.995961,167,213,264,377,
363,62,0.994553,169,209,264,377,
364,62,0.977215,167,208,268,382,
365,62,0.973237,165,212,265,379,
366,62,0.924195,164,198,275,380,
367,62,0.954811,167,205,267,379,
368,62,0.937855,168,214,264,373,
369,62,0.849473,165,202,265,376,
370,62,0.877916,161,207,258,379,
371,62,0.814484,164,216,252,362,
376,62,0.649957,162,238,240,344,
