179,47,0.514052,144,303,206,386,
180,47,0.523888,144,304,206,386,
181,47,0.811306,143,301,206,387,
182,47,0.639891,144,304,206,387,
183,47,0.656529,144,301,207,387,
184,47,0.742405,144,302,207,387,
185,47,0.783697,145,302,206,387,
186,47,0.662660,144,303,206,388,
187,47,0.679740,145,303,206,388,
188,47,0.553891,144,302,206,387,
190,47,0.600680,144,304,207,387,
191,47,0.506136,144,304,207,387,
192,47,0.709977,144,303,207,387,
193,47,0.582167,145,302,206,388,
194,47,0.628860,145,303,205,388,
195,47,0.597189,145,302,205,388,
198,86,0.521580,145,300,204,386,
199,86,0.707143,146,295,204,384,
200,86,0.728719,146,298,205,383,
201,86,0.693426,146,299,204,384,
202,86,0.679965,146,299,205,386,
203,86,0.787932,147,300,205,383,
204,86,0.896784,148,301,206,385,
206,86,0.565167,148,302,207,381,
207,86,0.625271,150,298,208,382,
209,86,0.598652,151,302,209,384,
210,86,0.528943,151,301,209,381,
211,86,0.534988,153,300,209,384,
216,86,0.784839,160,302,217,382,
217,47,0.630621,161,301,218,381,
427,86,0.850641,182,277,229,357,
428,86,0.719072,182,279,228,355,
429,86,0.677924,179,278,228,357,
431,86,0.688547,173,281,227,356,
432,86,0.651027,171,282,225,356,
433,47,0.929082,169,285,220,355,
435,47,0.929916,164,292,219,354,
436,47,0.920156,164,291,217,356,
437,86,0.738680,161,288,219,356,
438,86,0.503739,159,290,219,356,
