484,47,0.507974,144,301,207,385,
485,47,0.519609,145,300,207,385,
486,47,0.765840,143,302,206,384,
487,47,0.760512,142,302,206,385,
488,47,0.764188,142,302,206,385,
489,47,0.897363,143,302,206,386,
490,47,0.904360,142,302,206,386,
491,47,0.920147,141,302,205,386,
492,47,0.844244,144,301,207,385,
493,47,0.669100,144,302,207,384,
494,47,0.644150,145,301,207,384,
495,47,0.733822,144,300,207,384,
496,47,0.760824,145,300,207,384,
497,47,0.825369,143,301,207,384,
498,47,0.883055,142,300,207,385,
499,47,0.814863,142,301,206,385,
500,47,0.898148,142,300,207,386,
501,47,0.858988,141,301,207,387,
502,47,0.764594,142,300,206,385,
503,47,0.694148,144,299,208,385,
506,86,0.506019,144,299,203,382,
510,86,0.620110,144,299,202,382,
512,86,0.600176,143,299,203,382,
514,86,0.517229,145,298,202,381,
515,86,0.709915,145,299,203,382,
516,86,0.628275,145,299,203,381,
517,86,0.580952,145,299,202,382,
518,86,0.546564,144,299,203,382,
519,86,0.676711,145,299,203,381,
520,86,0.608393,144,299,203,382,
522,86,0.514654,145,299,202,382,
523,86,0.518847,145,300,203,382,
524,86,0.650782,145,299,203,382,
525,86,0.522210,145,299,203,382,
526,86,0.668925,146,300,203,382,
527,86,0.511869,145,299,203,382,
529,86,0.561169,146,299,203,382,
530,86,0.533058,144,299,204,382,
531,86,0.662526,145,299,204,381,
533,86,0.574328,145,298,203,381,
534,86,0.623343,144,299,203,382,
536,86,0.549233,144,299,203,381,
537,86,0.663172,144,299,203,382,
540,86,0.648709,144,299,203,382,
541,86,0.505959,145,299,202,382,
543,86,0.507204,143,298,204,382,
544,86,0.584759,145,299,203,382,
545,86,0.698285,145,299,203,382,
546,86,0.546817,144,299,203,382,
548,86,0.514774,146,299,202,382,
549,86,0.758560,144,299,203,382,
550,86,0.609641,144,298,203,382,
553,86,0.695701,145,300,203,383,
554,86,0.603142,144,299,203,382,
557,86,0.639348,144,298,203,382,
558,86,0.732855,144,300,204,382,
559,86,0.580937,144,299,202,384,
560,86,0.617219,143,299,203,383,
561,86,0.572394,144,298,203,383,
562,86,0.547698,145,299,203,382,
563,86,0.521417,143,299,202,383,
564,86,0.614709,145,299,203,382,
565,86,0.527514,144,299,203,383,
566,86,0.577554,145,299,203,382,
568,86,0.552785,145,298,202,382,
569,86,0.570340,144,298,203,382,
570,86,0.566995,144,299,203,382,
572,86,0.612138,144,299,203,383,
573,86,0.543171,145,298,202,381,
574,86,0.762967,144,299,203,383,
575,86,0.587721,144,299,203,382,
576,86,0.531603,143,299,204,383,
577,86,0.647482,143,297,203,383,
579,86,0.519056,144,299,204,382,
581,86,0.525875,144,298,204,383,
582,86,0.580079,144,298,203,383,
583,86,0.523857,144,299,202,382,
585,47,0.524718,142,300,206,383,
587,47,0.546500,141,302,206,384,
591,47,0.737357,142,303,207,384,
593,47,0.540647,143,301,206,384,
594,47,0.526687,142,301,206,384,
595,47,0.720094,144,299,207,384,
597,47,0.655933,145,299,207,384,
598,47,0.808890,143,301,205,383,
599,47,0.724475,145,299,207,385,
600,47,0.610641,144,298,207,385,
601,47,0.700843,143,301,207,384,
602,47,0.702007,142,301,207,384,
603,47,0.701425,145,299,208,384,
605,47,0.787354,143,301,207,384,
606,47,0.643062,145,298,207,385,
607,47,0.680318,143,301,206,383,
608,47,0.603830,141,302,206,383,
609,47,0.667893,143,301,208,386,
610,86,0.518698,144,299,204,383,
614,47,0.750757,144,301,205,384,
615,47,0.507970,143,297,207,384,
617,86,0.565554,144,300,204,383,
618,86,0.555766,145,299,204,383,
620,86,0.647980,144,299,203,383,
622,86,0.525126,144,300,204,383,
625,47,0.541816,143,300,205,383,
630,86,0.554210,145,299,203,383,
632,47,0.560187,144,298,207,385,
634,86,0.512768,144,299,203,383,
636,86,0.593702,144,299,203,383,
639,47,0.520731,142,300,206,384,
640,86,0.588640,144,300,203,383,
645,86,0.540712,144,299,203,383,
647,86,0.583547,144,299,202,383,
648,86,0.625578,142,299,203,384,
649,86,0.629190,145,299,203,382,
652,86,0.515290,144,299,203,383,
654,86,0.585342,145,299,203,383,
657,86,0.556410,144,300,203,384,
662,86,0.520955,143,299,203,383,
663,86,0.640564,144,299,203,383,
664,86,0.665944,144,299,203,382,
665,86,0.658355,144,299,203,384,
666,86,0.771815,144,299,202,382,
667,86,0.551908,145,299,202,382,
668,86,0.625038,145,300,203,383,
670,86,0.626132,145,300,203,382,
671,86,0.623671,144,300,203,383,
672,86,0.741815,145,300,203,382,
673,86,0.622816,144,300,203,383,
674,86,0.678006,145,300,203,382,
675,86,0.659520,143,300,203,383,
676,86,0.628470,144,300,203,382,
677,86,0.770921,144,300,203,382,
678,86,0.731180,144,300,204,383,
679,86,0.696775,144,300,203,383,
680,86,0.689127,144,300,203,383,
681,86,0.710884,146,299,202,382,
682,86,0.771622,144,300,203,382,
683,86,0.543740,144,299,203,383,
684,86,0.836640,144,299,203,382,
685,86,0.773929,144,299,203,383,
686,86,0.702890,144,300,203,383,
687,86,0.757515,146,300,203,382,
688,86,0.687584,145,300,203,382,
689,86,0.634981,144,299,203,383,
690,86,0.690339,144,300,203,383,
691,86,0.812739,145,300,203,382,
692,86,0.714278,145,300,202,382,
693,86,0.729400,145,300,202,382,
694,86,0.663679,144,299,202,383,
696,86,0.745693,145,299,202,382,
697,86,0.714438,144,300,203,382,
698,86,0.770828,145,299,202,382,
699,86,0.542846,144,299,203,382,
700,86,0.556474,145,299,203,383,
701,86,0.771428,145,300,203,382,
702,86,0.595830,143,300,202,382,
703,86,0.756380,144,299,202,382,
704,86,0.564736,144,299,203,383,
705,86,0.597957,144,299,203,382,
706,86,0.511231,144,300,202,382,
707,86,0.739096,145,300,202,382,
708,86,0.646168,145,299,203,383,
709,86,0.661870,144,298,203,382,
710,86,0.734803,144,299,203,383,
711,86,0.780620,144,299,203,383,
712,86,0.732402,145,299,203,382,
713,86,0.724215,144,299,202,383,
714,86,0.682414,144,299,203,382,
715,86,0.682060,144,299,202,383,
716,86,0.794601,144,300,203,382,
717,86,0.576652,144,300,203,383,
718,86,0.610355,144,300,203,383,
719,86,0.621367,144,299,203,383,
721,86,0.693394,144,300,203,382,
722,86,0.767715,143,300,203,383,
723,86,0.558625,145,299,202,383,
724,86,0.648429,145,299,203,382,
725,86,0.679382,144,299,203,383,
726,86,0.652873,144,300,203,382,
727,86,0.713206,144,299,203,382,
728,86,0.528340,144,299,203,382,
729,86,0.668145,145,300,203,382,
730,86,0.726567,145,300,204,382,
731,86,0.554116,145,300,203,382,
733,86,0.644776,145,300,204,382,
734,86,0.676525,145,299,204,383,
735,86,0.731712,143,301,204,383,
736,86,0.610289,145,300,203,381,
737,86,0.628260,144,300,204,381,
738,86,0.639013,144,300,204,382,
740,86,0.710112,144,300,203,382,
741,86,0.761299,144,300,204,382,
742,86,0.808934,144,300,203,383,
743,86,0.768162,144,300,203,382,
744,86,0.737209,144,299,203,382,
745,86,0.813612,145,300,204,382,
746,86,0.563531,146,300,202,382,
747,86,0.674992,144,300,204,382,
748,86,0.524063,144,300,203,383,
749,86,0.579031,144,299,203,383,
750,86,0.696750,144,300,203,382,
752,86,0.658965,144,299,204,382,
753,86,0.716580,145,300,203,381,
754,86,0.555074,144,300,203,382,
755,86,0.643992,143,299,204,382,
756,86,0.727113,144,299,203,382,
757,86,0.555937,144,300,203,382,
759,86,0.592959,144,299,204,382,
760,86,0.517060,144,298,203,382,
761,86,0.543725,144,299,204,381,
762,86,0.560752,145,299,203,382,
763,86,0.621318,144,299,203,382,
764,86,0.706297,145,299,203,382,
765,86,0.676321,144,300,203,381,
766,86,0.539202,144,299,203,382,
768,86,0.750787,145,299,203,381,
769,86,0.593078,144,299,203,382,
770,86,0.659918,144,300,204,382,
771,86,0.631262,144,299,204,382,
772,86,0.715521,144,300,204,382,
773,86,0.733790,144,300,203,382,
774,86,0.743667,145,300,203,382,
775,86,0.784150,144,300,203,382,
776,86,0.570402,143,299,203,382,
777,86,0.796630,144,299,204,383,
778,86,0.842894,144,300,204,382,
779,86,0.772564,145,300,204,382,
780,86,0.817965,144,300,203,382,
781,86,0.769873,144,300,203,382,
782,86,0.752981,144,300,204,382,
783,86,0.540266,144,300,203,382,
784,86,0.563357,144,300,203,381,
785,86,0.731850,145,300,203,382,
786,86,0.815108,144,300,204,382,
787,86,0.733747,145,301,203,382,
788,86,0.833372,145,299,203,381,
789,86,0.786990,144,299,203,381,
790,86,0.616924,146,300,203,382,
791,86,0.660091,144,300,203,382,
792,86,0.609127,145,300,202,382,
793,86,0.678309,144,299,203,381,
794,86,0.611258,145,299,203,382,
795,86,0.774348,144,300,203,382,
796,86,0.792938,144,300,204,383,
797,86,0.631500,145,300,203,382,
798,86,0.802654,145,300,203,382,
799,86,0.540589,145,300,203,382,
800,86,0.633641,145,300,202,383,
801,86,0.766536,144,299,203,383,
802,86,0.678351,142,299,203,382,
803,86,0.576135,144,299,202,382,
805,86,0.665087,142,299,204,382,
806,86,0.657619,144,299,203,382,
807,86,0.710607,144,299,203,382,
808,86,0.708011,145,299,203,382,
809,86,0.674193,144,299,203,381,
810,86,0.624775,144,299,202,382,
812,86,0.653186,144,299,203,382,
813,86,0.686118,144,299,203,382,
814,86,0.593862,143,300,203,383,
815,86,0.725415,144,300,202,382,
816,86,0.603773,144,299,204,382,
817,86,0.641810,144,299,203,382,
