80,51,0.766302,284,278,358,325,
81,51,0.805329,283,280,360,329,
82,51,0.941184,280,284,358,333,
83,51,0.745265,287,285,357,337,
84,51,0.602630,280,287,358,341,
85,51,0.867832,282,293,357,346,
86,51,0.867582,279,296,354,348,
87,51,0.908565,275,299,352,349,
88,51,0.958600,276,303,353,354,
89,51,0.974595,277,305,352,355,
90,51,0.933598,277,308,353,357,
91,51,0.977805,277,311,353,361,
92,51,0.951838,275,313,352,364,
93,51,0.944497,276,315,351,367,
94,51,0.954802,279,318,354,372,
95,51,0.964494,276,320,353,375,
96,51,0.967226,277,321,355,376,
97,51,0.977165,276,323,355,377,
98,51,0.966624,276,325,353,379,
99,51,0.753915,277,325,355,381,
100,51,0.959617,278,329,354,382,
101,51,0.971653,276,331,355,386,
102,51,0.985140,277,332,357,387,
103,51,0.976719,277,333,356,389,
104,51,0.971942,277,333,355,389,
105,51,0.956835,277,335,356,389,
106,51,0.968599,275,335,356,391,
107,51,0.972127,275,338,356,393,
108,51,0.981765,277,337,356,393,
109,51,0.975927,275,338,358,395,
110,51,0.946463,274,338,357,395,
111,51,0.936706,277,338,355,396,
112,51,0.951918,275,339,354,395,
113,51,0.983818,277,340,355,397,
114,51,0.985459,276,340,354,398,
115,51,0.968733,277,341,354,400,
116,51,0.971734,277,341,353,399,
117,51,0.921577,277,342,356,399,
118,51,0.941298,278,343,354,400,
119,51,0.967891,275,344,353,400,
120,51,0.957390,276,343,352,402,
121,51,0.961097,274,343,353,401,
122,51,0.952506,274,344,354,401,
123,51,0.958967,276,344,354,401,
124,51,0.966658,276,345,354,401,
125,51,0.970476,275,345,352,402,
126,51,0.973552,275,345,352,403,
127,51,0.931424,277,346,355,402,
128,51,0.897507,275,346,353,403,
129,51,0.867379,277,346,353,403,
130,51,0.931394,276,346,354,403,
131,51,0.935096,276,346,356,404,
132,51,0.948855,276,345,355,404,
133,51,0.921603,277,346,356,405,
134,51,0.929101,278,347,354,404,
135,51,0.945407,279,347,355,404,
136,51,0.942285,277,347,354,404,
137,51,0.953167,278,347,354,404,
138,51,0.958576,277,347,354,404,
139,51,0.953105,278,347,355,405,
140,51,0.953059,278,347,355,404,
141,51,0.952501,278,347,355,405,
142,51,0.961782,278,347,354,405,
143,51,0.959756,278,348,356,404,
144,51,0.968982,277,347,354,404,
145,51,0.972853,275,347,353,404,
146,51,0.965147,276,346,353,405,
147,51,0.951449,276,347,352,404,
148,51,0.965326,275,346,352,405,
149,51,0.970962,276,348,352,405,
150,51,0.978892,276,348,354,404,
151,51,0.981247,275,348,354,405,
152,51,0.974584,275,349,353,404,
153,51,0.973530,276,348,353,404,
154,51,0.969460,273,348,351,404,
155,51,0.976556,274,348,354,406,
156,51,0.980463,275,349,354,404,
157,51,0.984333,275,349,354,404,
158,51,0.978206,275,349,353,404,
159,51,0.971461,275,348,352,405,
160,51,0.983692,275,348,354,404,
161,51,0.984664,275,349,354,404,
162,51,0.980171,276,349,353,404,
163,51,0.984237,276,349,353,404,
164,51,0.983226,276,349,353,404,
165,51,0.985142,275,349,354,404,
166,51,0.983750,276,349,353,404,
167,51,0.979534,276,349,353,404,
168,51,0.979519,275,349,353,404,
169,51,0.981934,276,346,354,404,
170,51,0.977051,276,348,352,404,
171,51,0.978275,277,347,354,405,
172,51,0.985261,276,349,353,404,
173,51,0.984879,277,346,354,405,
174,51,0.982522,275,348,353,404,
175,51,0.985465,276,347,354,405,
176,51,0.983655,277,346,353,405,
177,51,0.983633,276,347,353,405,
178,51,0.985363,276,348,353,404,
179,51,0.980749,273,348,352,404,
180,51,0.984636,275,348,353,404,
181,51,0.983498,276,348,354,404,
182,51,0.985745,276,348,354,403,
183,51,0.987613,276,348,353,404,
184,51,0.986061,277,347,355,405,
185,51,0.987145,276,349,354,404,
186,51,0.980749,276,348,353,404,
187,51,0.986119,276,348,354,404,
188,51,0.986552,275,348,353,404,
189,51,0.987461,275,348,354,404,
190,51,0.985724,275,347,352,404,
191,51,0.982203,276,348,353,404,
192,51,0.986907,275,348,353,404,
193,51,0.986493,276,348,353,404,
194,51,0.984753,276,348,353,404,
195,51,0.987544,276,348,353,404,
196,51,0.984336,276,348,353,404,
197,51,0.986245,275,348,354,404,
198,51,0.987167,275,348,354,404,
199,51,0.985274,275,348,353,403,
200,51,0.984442,276,348,353,404,
201,51,0.985674,276,348,353,404,
202,51,0.985912,276,348,354,404,
203,51,0.985186,276,348,354,404,
204,51,0.986114,276,349,353,404,
205,51,0.985903,276,348,353,404,
206,51,0.986522,276,348,353,404,
207,51,0.985023,275,348,353,404,
208,51,0.987270,276,348,353,403,
209,51,0.985513,276,349,353,404,
210,51,0.986633,276,348,353,404,
211,51,0.987600,276,348,353,404,
212,51,0.987666,276,348,354,404,
213,51,0.982036,274,348,351,404,
214,51,0.985001,275,348,353,404,
215,51,0.986536,275,348,353,404,
216,51,0.985469,276,348,353,404,
217,51,0.987078,276,348,354,404,
218,51,0.982497,276,348,353,403,
219,51,0.984693,276,348,353,404,
220,51,0.988476,275,348,353,404,
221,51,0.986847,276,348,353,404,
222,51,0.988024,275,348,353,404,
223,51,0.986074,275,348,353,404,
224,51,0.986785,275,349,353,404,
225,51,0.984387,275,349,353,404,
226,51,0.985224,275,348,354,403,
227,51,0.986260,276,348,354,404,
228,51,0.984269,275,349,354,404,
229,51,0.985172,275,348,353,404,
230,51,0.984474,276,348,353,403,
231,51,0.985693,275,348,354,403,
232,51,0.984675,276,348,353,404,
233,51,0.987803,277,347,354,406,
234,51,0.987462,276,348,354,404,
235,51,0.981771,277,346,354,405,
236,51,0.986186,275,348,354,404,
237,51,0.981035,275,348,353,404,
238,51,0.981966,275,348,354,404,
239,51,0.989279,277,346,354,405,
240,51,0.985431,275,348,354,404,
241,51,0.985350,275,348,354,404,
242,51,0.985943,275,348,354,404,
243,51,0.983587,275,348,353,404,
244,51,0.982995,273,348,353,404,
245,51,0.988590,275,348,354,404,
246,51,0.984706,275,348,353,404,
247,51,0.983807,275,348,354,404,
248,51,0.984974,275,348,354,404,
249,51,0.987392,275,348,354,404,
250,51,0.987094,275,348,354,405,
251,51,0.987793,275,348,354,404,
252,51,0.986677,277,346,354,406,
253,51,0.980510,275,348,353,404,
254,51,0.984993,275,348,354,404,
255,51,0.978042,273,348,352,404,
256,51,0.985214,275,348,353,404,
257,51,0.986446,276,348,354,404,
258,51,0.983909,275,348,354,404,
259,51,0.983713,276,348,353,404,
260,51,0.987820,276,346,354,406,
261,51,0.987839,275,348,354,404,
262,51,0.984435,275,348,354,404,
263,51,0.981217,275,348,354,404,
264,51,0.979021,275,348,354,404,
265,51,0.986245,275,347,353,404,
266,51,0.986540,275,348,354,404,
267,51,0.977976,273,348,351,404,
268,51,0.980882,275,348,354,405,
269,51,0.980911,275,347,352,404,
270,51,0.985676,277,346,354,406,
271,51,0.983066,273,348,353,404,
272,51,0.981625,275,348,354,404,
273,51,0.985726,275,348,354,404,
274,51,0.986741,276,346,354,406,
275,51,0.986831,275,348,354,404,
276,51,0.990428,273,347,352,406,
277,51,0.985877,277,348,354,406,
278,51,0.987187,276,347,355,406,
279,51,0.985454,274,349,354,404,
280,51,0.985559,275,348,354,404,
281,51,0.990232,274,347,352,405,
282,51,0.981761,275,349,354,404,
283,51,0.983387,275,349,354,404,
284,51,0.988138,275,349,353,404,
285,51,0.983554,275,349,354,404,
286,51,0.985380,275,349,354,404,
287,51,0.982352,276,349,353,404,
288,51,0.983666,275,349,353,404,
289,51,0.982956,275,349,353,404,
290,51,0.980151,275,349,353,404,
291,51,0.980645,276,348,354,404,
292,51,0.984471,275,348,354,404,
293,51,0.986354,275,349,354,404,
294,51,0.984731,275,349,354,404,
295,51,0.984132,275,349,354,404,
296,51,0.980439,275,348,354,404,
297,51,0.983800,275,349,353,404,
298,51,0.985539,275,349,354,404,
299,51,0.983024,277,348,354,405,
300,51,0.985873,276,349,353,404,
301,51,0.983998,276,349,354,404,
302,51,0.984633,276,347,355,405,
303,51,0.983246,275,349,354,404,
304,51,0.983199,275,348,354,405,
305,51,0.984323,276,348,355,405,
306,51,0.983235,275,349,354,404,
307,51,0.986184,275,348,353,404,
308,51,0.982332,276,349,354,404,
309,51,0.982763,276,349,353,404,
310,51,0.980334,276,349,352,404,
311,51,0.982475,275,349,354,406,
312,51,0.975418,273,349,352,404,
313,51,0.984089,275,349,354,404,
314,51,0.987471,276,349,354,404,
315,51,0.980596,273,349,352,404,
316,51,0.981150,274,349,352,405,
317,51,0.977481,274,349,352,405,
318,51,0.978561,273,349,352,404,
319,51,0.979921,276,349,353,404,
320,51,0.982480,276,349,353,404,
321,51,0.978275,277,349,353,404,
322,51,0.982191,276,349,353,404,
323,51,0.980825,276,349,353,404,
324,51,0.979528,276,349,353,404,
325,51,0.982851,276,349,354,404,
326,51,0.982346,276,349,353,404,
327,51,0.977638,276,348,353,404,
328,51,0.980772,276,349,353,404,
329,51,0.982172,276,349,354,404,
330,51,0.981556,276,349,354,404,
331,51,0.978609,276,349,354,404,
332,51,0.976882,276,348,354,404,
333,51,0.981444,276,349,353,404,
334,51,0.974623,274,348,352,405,
335,51,0.978247,276,348,353,405,
336,51,0.981501,276,349,353,404,
337,51,0.978922,276,349,354,405,
338,51,0.978822,276,348,354,404,
339,51,0.977526,276,349,354,404,
340,51,0.974413,276,348,354,405,
341,51,0.976918,276,348,354,404,
342,51,0.983437,276,348,354,404,
343,51,0.973927,276,348,354,404,
344,51,0.971965,276,348,354,404,
345,51,0.972768,276,348,354,404,
346,51,0.962962,275,348,354,405,
347,51,0.972281,276,348,354,404,
348,51,0.971618,275,347,353,404,
349,51,0.975832,274,346,355,405,
350,51,0.973131,275,348,354,405,
351,51,0.980622,274,347,355,405,
352,51,0.976457,275,347,354,404,
353,51,0.978380,276,348,354,404,
354,51,0.978511,275,347,353,405,
355,51,0.963987,274,347,355,406,
356,51,0.973652,275,347,353,404,
357,51,0.972552,273,347,352,406,
358,51,0.973157,273,348,353,405,
359,51,0.978269,276,349,354,404,
360,51,0.980934,273,349,351,405,
361,51,0.972784,274,348,352,406,
362,51,0.973582,273,348,351,405,
363,51,0.974486,273,348,352,405,
364,51,0.978392,273,348,352,405,
365,51,0.972511,274,348,355,405,
366,51,0.966894,273,347,352,405,
367,51,0.970460,275,348,354,404,
368,51,0.976993,273,348,352,405,
369,51,0.973607,276,347,356,404,
370,51,0.968399,275,348,354,404,
371,51,0.975568,274,348,351,405,
372,51,0.973612,274,348,352,405,
373,51,0.973105,273,348,352,405,
374,51,0.975080,274,348,352,405,
375,51,0.968396,274,348,352,405,
376,51,0.960360,274,348,351,405,
377,51,0.967631,274,349,351,405,
378,51,0.967927,275,349,351,405,
379,51,0.960000,275,349,352,405,
380,51,0.953728,274,349,352,405,
381,51,0.968758,274,349,351,405,
382,51,0.953024,273,349,352,405,
383,51,0.959379,274,349,352,405,
384,51,0.967463,274,349,352,405,
385,51,0.962345,274,349,351,405,
386,51,0.953071,275,349,352,405,
387,51,0.956150,274,349,352,405,
388,51,0.954527,274,349,352,405,
389,51,0.963635,274,348,352,405,
390,51,0.958665,274,349,352,405,
391,51,0.952476,275,350,352,405,
392,51,0.958834,274,348,352,405,
393,51,0.955093,274,349,351,406,
394,51,0.953955,274,349,351,405,
395,51,0.963908,274,349,351,405,
396,51,0.953247,275,349,352,405,
397,51,0.965445,274,349,351,405,
398,51,0.954316,274,349,352,405,
399,51,0.950864,274,349,351,405,
400,51,0.960726,275,349,352,405,
401,51,0.946825,275,349,352,405,
402,51,0.957003,274,349,352,405,
403,51,0.959470,274,349,351,406,
404,51,0.945828,275,349,355,405,
405,51,0.955406,274,349,351,406,
406,51,0.957163,274,349,352,405,
407,51,0.946209,274,349,352,405,
408,51,0.941190,274,349,351,406,
409,51,0.947070,274,349,351,406,
410,51,0.937423,275,349,352,405,
411,51,0.950468,274,348,352,405,
412,51,0.954464,274,349,352,406,
413,51,0.949960,274,348,351,405,
414,51,0.939545,274,349,352,405,
415,51,0.958665,274,349,353,405,
416,51,0.957787,274,349,352,405,
417,51,0.960465,274,348,352,405,
418,51,0.958797,274,348,352,406,
419,51,0.956510,274,349,352,406,
420,51,0.961353,274,348,351,406,
421,51,0.967028,273,347,352,406,
422,51,0.974455,274,348,352,405,
423,51,0.971261,274,347,352,405,
424,51,0.970598,274,347,351,405,
425,51,0.950185,275,348,355,406,
426,51,0.967505,274,347,351,405,
427,51,0.946288,275,348,355,406,
428,51,0.949321,276,349,356,406,
429,51,0.947181,275,349,356,406,
430,51,0.962276,275,349,356,406,
431,51,0.959675,274,349,352,405,
432,51,0.932410,274,349,353,405,
433,51,0.961202,274,349,353,404,
434,51,0.965358,276,349,354,404,
435,51,0.971013,274,349,352,405,
436,51,0.970811,276,349,354,404,
437,51,0.971784,274,348,353,405,
438,51,0.971108,275,348,356,406,
439,51,0.971934,273,348,351,406,
440,51,0.982258,276,349,354,404,
441,51,0.973745,276,349,356,406,
442,51,0.982161,275,349,354,405,
443,51,0.982809,274,349,352,405,
444,51,0.984780,276,349,354,404,
445,51,0.980804,276,349,355,406,
446,51,0.982529,276,349,354,404,
447,51,0.978593,276,349,354,406,
448,51,0.981462,274,349,352,405,
449,51,0.985205,275,348,352,406,
450,51,0.979922,276,349,353,404,
451,51,0.976431,276,349,355,406,
452,51,0.976507,276,349,355,406,
453,51,0.976192,275,349,355,406,
454,51,0.972252,274,349,352,405,
455,51,0.972556,274,349,352,405,
456,51,0.979998,274,349,352,405,
457,51,0.979560,274,349,352,405,
458,51,0.976057,274,349,352,404,
459,51,0.980903,273,349,353,405,
460,51,0.974585,273,349,353,404,
461,51,0.968920,273,349,352,404,
462,51,0.978908,276,349,353,404,
463,51,0.973502,273,348,352,404,
464,51,0.977717,273,348,352,404,
465,51,0.975953,273,349,352,404,
466,51,0.970312,275,348,354,405,
467,51,0.973880,275,348,354,405,
468,51,0.979147,276,349,354,404,
469,51,0.975633,275,348,355,406,
470,51,0.977737,275,349,355,406,
471,51,0.969987,275,349,355,405,
472,51,0.979289,275,348,353,404,
473,51,0.973030,273,349,352,404,
474,51,0.974165,275,348,355,406,
475,51,0.974180,275,348,355,406,
476,51,0.976215,276,349,354,405,
477,51,0.982302,275,349,354,404,
478,51,0.984438,275,349,354,404,
479,51,0.978116,275,349,355,406,
480,51,0.978726,275,349,354,404,
481,51,0.977373,273,348,352,405,
482,51,0.973549,273,349,352,404,
483,51,0.971487,273,349,353,404,
484,51,0.983950,275,349,354,404,
485,51,0.981840,273,349,352,404,
486,51,0.977673,275,348,354,404,
487,51,0.978214,276,349,354,404,
488,51,0.974165,274,349,352,404,
489,51,0.980768,275,349,353,404,
490,51,0.975985,273,348,352,405,
491,51,0.982526,275,349,354,404,
492,51,0.979505,275,349,354,404,
493,51,0.980073,276,348,353,404,
494,51,0.981498,275,348,354,404,
495,51,0.976880,273,349,353,404,
496,51,0.975230,273,349,353,404,
497,51,0.972411,273,349,351,405,
498,51,0.972977,275,349,355,406,
499,51,0.972370,273,349,352,405,
500,51,0.977671,273,349,352,404,
501,51,0.968613,274,349,352,404,
502,51,0.974923,276,348,353,404,
503,51,0.973192,273,349,352,404,
504,51,0.976909,273,349,352,404,
505,51,0.968749,273,348,352,405,
506,51,0.966938,273,348,352,404,
507,51,0.978861,276,348,353,404,
508,51,0.975423,275,348,353,404,
509,51,0.972195,273,348,352,404,
510,51,0.978879,273,348,353,405,
511,51,0.981409,275,348,354,404,
512,51,0.971270,273,349,353,404,
513,51,0.975857,275,349,355,406,
514,51,0.973935,273,348,352,404,
515,51,0.980526,273,349,352,405,
516,51,0.981503,273,349,352,405,
517,51,0.980116,275,348,354,406,
518,51,0.976164,275,348,355,405,
519,51,0.974016,276,348,355,405,
520,51,0.967167,273,349,352,405,
521,51,0.980635,275,349,355,405,
522,51,0.968766,273,348,352,404,
523,51,0.973368,273,348,353,404,
524,51,0.979583,273,349,352,404,
525,51,0.977116,273,349,352,405,
526,51,0.974510,273,349,352,404,
527,51,0.976621,275,348,355,406,
528,51,0.978763,275,349,354,404,
529,51,0.978044,276,348,355,406,
530,51,0.978250,276,349,354,405,
531,51,0.971348,276,349,354,405,
532,51,0.975191,275,349,354,404,
533,51,0.971342,275,349,354,405,
534,51,0.978387,274,349,352,405,
535,51,0.970801,273,349,351,405,
536,51,0.970278,276,349,353,405,
537,51,0.981393,273,349,353,405,
538,51,0.975872,273,348,352,405,
539,51,0.964932,275,348,354,405,
540,51,0.976643,276,349,354,405,
541,51,0.979029,273,349,352,405,
542,51,0.960170,273,349,352,405,
543,51,0.970435,275,348,354,405,
544,51,0.975092,274,349,352,404,
545,51,0.965888,275,348,354,406,
546,51,0.969788,275,348,354,405,
547,51,0.972244,273,349,352,404,
548,51,0.978514,275,348,354,404,
549,51,0.969937,276,348,353,405,
550,51,0.973424,276,348,353,404,
551,51,0.972404,273,349,352,405,
552,51,0.964273,273,349,352,404,
553,51,0.977569,276,349,353,404,
554,51,0.975271,275,349,353,404,
555,51,0.973671,276,349,354,404,
556,51,0.975333,276,349,353,404,
557,51,0.974023,276,349,353,404,
558,51,0.967194,275,348,354,406,
559,51,0.963576,276,348,354,405,
560,51,0.976409,276,349,352,404,
561,51,0.964737,274,349,351,404,
562,51,0.959469,274,349,351,404,
563,51,0.967108,274,349,351,404,
564,51,0.953558,273,349,350,405,
565,51,0.967417,274,349,350,404,
566,51,0.975672,275,348,350,404,
567,51,0.961668,275,349,351,404,
568,51,0.965579,275,348,352,406,
569,51,0.965400,276,349,352,404,
570,51,0.962470,276,349,352,404,
571,51,0.966753,276,349,353,404,
572,51,0.954943,277,350,352,404,
573,51,0.945316,274,349,351,404,
574,51,0.963910,277,348,353,404,
575,51,0.965934,277,348,353,404,
576,51,0.968093,276,348,352,404,
577,51,0.968859,274,348,351,405,
578,51,0.974255,273,348,350,404,
579,51,0.969140,277,348,353,405,
580,51,0.976642,275,348,351,406,
581,51,0.978487,275,348,352,406,
582,51,0.972715,276,348,353,404,
583,51,0.974709,276,348,353,404,
584,51,0.975280,275,348,351,405,
585,51,0.974522,275,348,351,405,
586,51,0.970090,274,349,352,404,
587,51,0.977871,275,347,351,406,
588,51,0.967070,275,347,351,405,
589,51,0.974577,274,348,351,405,
590,51,0.966829,275,347,351,404,
591,51,0.968620,275,347,351,404,
592,51,0.973571,275,347,352,404,
593,51,0.966364,275,347,351,404,
594,51,0.970655,275,347,352,404,
595,51,0.963328,275,346,350,404,
596,51,0.973838,275,347,351,404,
597,51,0.969760,275,347,352,404,
598,51,0.970597,275,347,352,404,
599,51,0.973210,275,347,351,404,
600,51,0.971866,275,347,351,405,
601,51,0.972239,276,346,352,404,
602,51,0.976571,275,346,352,404,
603,51,0.977221,276,347,353,404,
604,51,0.977667,276,346,353,403,
605,51,0.975740,276,347,353,404,
606,51,0.972109,275,346,352,404,
607,51,0.978839,275,346,353,404,
608,51,0.976501,276,347,353,404,
609,51,0.972012,275,347,352,404,
610,51,0.974025,275,347,352,405,
611,51,0.965997,276,347,353,403,
612,51,0.976345,275,347,353,405,
613,51,0.969148,276,348,352,403,
614,51,0.969520,275,348,352,404,
615,51,0.967366,275,347,352,405,
616,51,0.963930,275,347,352,405,
617,51,0.971685,276,348,353,404,
618,51,0.969216,275,348,352,405,
619,51,0.956343,276,347,351,403,
620,51,0.971512,275,347,352,404,
621,51,0.959391,275,348,354,405,
622,51,0.969763,275,348,352,404,
623,51,0.962959,275,347,352,403,
624,51,0.961544,276,347,352,403,
625,51,0.966730,275,347,352,404,
626,51,0.972170,276,347,352,403,
627,51,0.969259,276,348,353,404,
628,51,0.961920,275,348,352,403,
629,51,0.962966,275,347,352,404,
630,51,0.973677,276,348,353,403,
631,51,0.960840,276,348,354,405,
632,51,0.969658,275,347,352,405,
633,51,0.974454,276,347,352,404,
634,51,0.975917,276,346,353,404,
635,51,0.972510,275,347,352,405,
636,51,0.977884,276,347,353,404,
637,51,0.971633,275,346,351,405,
638,51,0.970378,273,347,352,404,
639,51,0.978748,275,347,352,405,
640,51,0.976609,276,346,352,405,
641,51,0.979958,276,347,353,404,
642,51,0.978564,276,346,352,404,
643,51,0.978713,276,346,353,404,
644,51,0.977288,276,346,354,404,
645,51,0.978195,275,346,353,404,
646,51,0.976674,275,346,353,404,
647,51,0.978000,275,347,353,404,
648,51,0.977394,275,345,353,404,
649,51,0.977470,275,346,351,405,
650,51,0.973803,275,346,352,404,
651,51,0.977418,274,345,352,404,
652,51,0.974890,275,346,353,404,
653,51,0.974110,275,346,352,404,
654,51,0.977345,276,346,353,404,
655,51,0.981862,275,347,352,405,
656,51,0.976224,277,347,353,404,
657,51,0.982951,274,346,351,405,
658,51,0.984627,274,346,351,405,
659,51,0.973403,276,347,353,404,
660,51,0.976972,275,347,351,404,
661,51,0.970452,276,348,352,403,
662,51,0.971174,276,347,351,404,
663,51,0.968170,276,347,351,404,
664,51,0.973301,275,347,352,404,
665,51,0.970303,276,347,351,404,
666,51,0.970187,276,347,351,404,
667,51,0.971390,275,347,352,404,
668,51,0.965898,274,348,351,405,
669,51,0.964615,274,348,351,405,
670,51,0.958965,275,348,353,405,
671,51,0.959476,274,348,351,404,
672,51,0.965886,275,348,352,406,
673,51,0.969982,274,348,350,404,
674,51,0.958587,274,349,351,404,
675,51,0.961320,274,348,350,404,
676,51,0.970464,274,349,352,404,
677,51,0.956924,274,349,351,404,
678,51,0.977122,276,348,353,404,
679,51,0.960053,273,348,352,404,
680,51,0.969687,276,349,353,404,
681,51,0.971779,276,348,353,404,
682,51,0.977431,276,348,353,404,
683,51,0.969372,273,349,352,404,
684,51,0.974727,274,349,351,404,
685,51,0.975444,273,348,351,404,
686,51,0.975057,273,348,351,404,
687,51,0.967798,273,348,352,405,
688,51,0.970692,273,348,352,404,
689,51,0.968735,273,348,352,405,
690,51,0.971658,274,348,352,404,
691,51,0.971091,274,348,351,404,
692,51,0.980505,276,349,353,405,
693,51,0.975293,273,349,352,404,
694,51,0.975440,274,349,352,405,
695,51,0.974249,275,349,353,404,
696,51,0.969297,274,349,352,405,
697,51,0.975918,273,348,351,405,
698,51,0.972582,273,348,351,405,
699,51,0.970656,275,348,354,405,
700,51,0.975151,275,348,355,406,
701,51,0.973007,276,348,354,406,
702,51,0.964259,274,349,352,405,
703,51,0.976508,276,349,353,404,
704,51,0.966773,275,348,354,406,
705,51,0.968607,275,348,354,405,
706,51,0.954394,274,349,352,404,
707,51,0.968453,274,349,352,405,
708,51,0.966777,276,348,354,405,
709,51,0.971359,276,349,355,405,
710,51,0.970317,276,349,354,405,
711,51,0.975823,276,349,354,406,
712,51,0.961856,276,349,354,406,
713,51,0.973450,273,349,352,405,
714,51,0.980465,277,349,352,405,
715,51,0.971109,276,349,353,405,
716,51,0.962579,274,349,352,405,
717,51,0.963004,274,349,352,404,
718,51,0.972911,275,349,354,405,
719,51,0.969326,275,349,354,405,
720,51,0.978082,277,349,352,404,
721,51,0.967756,273,349,352,405,
722,51,0.973186,274,348,351,405,
723,51,0.973516,276,349,354,405,
724,51,0.964138,274,349,352,405,
725,51,0.972166,276,349,354,406,
726,51,0.979912,278,349,352,405,
727,51,0.974066,275,349,353,406,
728,51,0.978766,277,348,352,405,
729,51,0.982138,277,348,352,405,
730,51,0.971232,275,349,354,406,
731,51,0.963390,274,349,353,405,
732,51,0.966459,276,348,354,405,
733,51,0.974453,274,349,352,405,
734,51,0.969152,275,348,354,405,
735,51,0.967218,273,349,352,405,
736,51,0.978486,276,349,353,404,
737,51,0.967853,275,349,353,405,
738,51,0.976944,275,348,354,406,
739,51,0.970377,276,349,354,405,
740,51,0.959054,273,349,352,405,
741,51,0.966663,274,348,352,405,
742,51,0.971459,273,349,352,405,
743,51,0.967653,274,349,351,405,
744,51,0.980548,277,348,352,404,
745,51,0.971572,274,349,351,405,
746,51,0.971849,274,349,352,404,
747,51,0.963156,273,348,351,405,
748,51,0.963249,274,348,351,405,
749,51,0.977662,276,348,353,404,
750,51,0.976438,276,348,353,404,
751,51,0.975666,273,348,352,405,
752,51,0.970920,273,349,351,405,
753,51,0.977275,273,348,351,405,
754,51,0.967850,273,348,352,405,
755,51,0.974196,273,348,351,405,
756,51,0.975788,273,349,352,404,
757,51,0.973964,276,348,353,404,
758,51,0.969612,273,348,352,404,
759,51,0.980919,275,348,353,404,
760,51,0.973957,276,348,353,404,
761,51,0.979815,275,348,353,404,
762,51,0.984367,275,349,354,404,
763,51,0.979520,276,349,353,404,
764,51,0.981034,276,348,353,404,
765,51,0.981098,275,349,353,404,
766,51,0.977988,276,349,353,404,
767,51,0.981844,275,348,353,404,
768,51,0.984106,276,349,353,404,
769,51,0.982172,276,349,353,404,
770,51,0.981463,276,348,353,404,
771,51,0.980970,276,346,354,405,
772,51,0.973338,274,348,351,405,
773,51,0.969353,273,348,351,405,
774,51,0.973924,273,348,351,404,
775,51,0.978659,275,348,353,404,
776,51,0.978100,275,347,352,404,
777,51,0.982302,275,348,354,404,
778,51,0.978213,276,349,353,404,
779,51,0.978414,276,348,353,404,
