1,67,0.959088,0,338,614,479,
2,67,0.964796,0,347,623,477,
3,67,0.944183,7,340,609,480,
4,67,0.950168,0,349,622,477,
5,67,0.955488,3,340,598,478,
6,67,0.959964,14,344,591,478,
7,67,0.958014,5,342,617,478,
8,67,0.963867,0,340,616,476,
9,67,0.969018,0,342,614,477,
10,67,0.963456,3,338,613,479,
11,67,0.950582,6,345,623,477,
12,67,0.952596,9,345,626,478,
13,67,0.957493,12,344,597,477,
14,67,0.967216,8,341,608,476,
15,67,0.955078,7,341,615,477,
16,67,0.973320,0,346,625,475,
17,67,0.949137,17,345,599,479,
18,67,0.951265,0,346,615,477,
19,67,0.965090,8,340,610,479,
20,67,0.974627,0,346,625,476,
21,67,0.958022,11,343,610,478,
22,67,0.961721,6,342,617,477,
23,67,0.961026,8,341,611,478,
24,67,0.974616,0,345,630,476,
25,67,0.963804,0,347,626,476,
26,67,0.955259,2,349,622,478,
27,67,0.955730,0,343,613,476,
28,67,0.962795,15,342,599,477,
29,67,0.955299,0,344,617,476,
30,67,0.945532,9,342,617,478,
31,67,0.962418,11,343,621,478,
32,67,0.967846,0,349,621,477,
33,67,0.969883,3,345,615,475,
34,67,0.962810,0,342,613,478,
35,67,0.958758,0,343,627,478,
36,67,0.948519,24,346,586,478,
37,67,0.959171,3,348,618,477,
38,67,0.957514,9,343,604,477,
39,67,0.948725,8,345,624,477,
40,67,0.953782,9,346,624,478,
41,67,0.962171,4,346,618,477,
42,67,0.968818,3,343,630,478,
43,67,0.957845,0,347,620,478,
44,67,0.954963,10,346,602,478,
45,67,0.961883,0,343,615,478,
46,67,0.950635,6,341,612,478,
47,67,0.958611,13,343,597,478,
48,67,0.946995,1,348,614,477,
49,67,0.954472,0,336,613,480,
50,67,0.959653,6,350,616,477,
51,67,0.965724,19,347,613,477,
52,67,0.958482,0,348,617,476,
53,67,0.949633,8,345,613,478,
54,67,0.956878,6,350,612,476,
55,67,0.958487,3,342,619,478,
56,67,0.957722,0,345,613,476,
57,67,0.976723,0,347,616,475,
58,67,0.951573,13,345,593,479,
59,67,0.960009,6,345,634,479,
60,67,0.975123,1,345,611,476,
61,67,0.959715,7,346,623,479,
62,67,0.940932,15,343,590,478,
63,67,0.965693,4,349,615,476,
64,67,0.951364,0,346,613,477,
65,67,0.953559,0,348,621,475,
66,67,0.963735,8,343,616,478,
67,67,0.935248,20,343,592,477,
68,67,0.967989,0,343,605,476,
69,67,0.962353,0,343,620,475,
70,67,0.973970,0,346,621,473,
71,67,0.961187,0,347,611,479,
72,67,0.956324,8,343,615,477,
73,67,0.957242,2,341,611,476,
74,67,0.957793,13,345,594,477,
75,67,0.965023,10,346,626,480,
76,67,0.949385,0,342,611,475,
77,67,0.949705,12,343,625,478,
78,67,0.947111,8,343,605,479,
79,67,0.967488,5,341,602,477,
80,67,0.955638,8,340,596,478,
81,67,0.950997,0,348,618,476,
82,67,0.963824,6,342,615,478,
83,67,0.959235,3,341,613,478,
84,67,0.954591,6,340,618,475,
85,67,0.944544,2,344,604,478,
86,67,0.942624,0,350,619,475,
87,67,0.958833,0,346,601,474,
88,67,0.965117,0,344,624,474,
89,67,0.955920,1,336,608,477,
90,67,0.950075,0,336,615,478,
91,67,0.916123,4,340,609,476,
92,67,0.957404,4,344,608,475,
93,67,0.943523,2,335,599,476,
94,67,0.947299,8,342,610,475,
95,67,0.949259,0,338,606,476,
96,67,0.971743,0,343,600,474,
97,67,0.938448,5,334,624,477,
98,67,0.960641,0,331,603,475,
99,67,0.958601,0,335,603,474,
100,67,0.969875,0,337,623,475,
101,67,0.965664,6,328,597,476,
102,67,0.967507,0,333,627,476,
103,67,0.964912,0,331,621,474,
104,67,0.947140,13,326,618,476,
105,67,0.975423,6,327,610,475,
106,67,0.948175,22,322,607,478,
107,67,0.918326,16,324,629,476,
108,67,0.944241,18,334,625,477,
109,67,0.961988,0,326,625,474,
110,67,0.955630,8,325,628,475,
111,67,0.923438,22,325,616,476,
112,67,0.964163,0,332,618,472,
113,67,0.959013,10,329,624,477,
114,67,0.924627,19,329,628,478,
115,67,0.950624,8,329,609,474,
116,67,0.972686,16,324,618,472,
117,67,0.952014,2,327,612,474,
118,67,0.959118,7,330,607,473,
119,67,0.931040,16,326,621,477,
120,67,0.962030,10,326,633,476,
121,67,0.947494,17,333,608,477,
122,67,0.933461,0,328,619,474,
123,67,0.967379,9,333,631,478,
124,67,0.936652,6,331,606,474,
125,67,0.955271,13,335,609,475,
126,67,0.973389,22,329,608,474,
127,67,0.949849,14,332,605,476,
128,67,0.955685,9,330,606,475,
129,67,0.943016,22,332,604,478,
130,67,0.960916,5,330,618,475,
131,67,0.933769,16,333,620,478,
132,67,0.945954,17,336,617,474,
133,67,0.934270,18,333,632,479,
134,67,0.901801,16,333,598,476,
135,67,0.959590,13,332,630,477,
136,67,0.905807,9,326,608,473,
137,67,0.956164,11,331,626,478,
138,67,0.965186,1,331,624,474,
139,67,0.956473,8,336,606,475,
140,67,0.929897,18,333,614,480,
141,67,0.943098,21,333,627,479,
142,67,0.944843,20,332,610,479,
143,67,0.957963,24,330,609,479,
144,67,0.947743,22,331,611,479,
145,67,0.917844,18,325,614,479,
146,67,0.939015,23,333,617,477,
147,67,0.938862,13,332,607,475,
148,67,0.962934,17,331,609,478,
149,67,0.955121,19,330,611,476,
150,67,0.972619,0,336,626,475,
151,67,0.952549,16,332,613,479,
152,67,0.972046,7,330,620,474,
153,67,0.948573,12,333,611,478,
154,67,0.964886,7,326,613,478,
155,67,0.930238,15,328,600,475,
156,67,0.944725,13,332,630,478,
157,67,0.966897,16,331,614,474,
158,67,0.939014,24,330,631,478,
159,67,0.971845,22,328,609,473,
160,67,0.964039,16,327,608,476,
161,67,0.962481,20,329,614,479,
162,67,0.955176,21,327,605,478,
163,67,0.959580,22,327,606,478,
164,67,0.963071,13,328,605,475,
165,67,0.949626,23,327,606,478,
166,67,0.952781,23,331,616,478,
167,67,0.950908,12,326,628,479,
168,67,0.953626,15,329,610,477,
169,67,0.967023,5,328,629,476,
170,67,0.974777,16,328,605,476,
171,67,0.963482,20,327,603,477,
172,67,0.977774,5,325,620,474,
173,67,0.960083,26,327,608,480,
174,67,0.950317,6,325,608,475,
175,67,0.977916,13,329,609,474,
176,67,0.962572,7,328,624,479,
177,67,0.950435,16,324,608,478,
178,67,0.964352,16,321,604,476,
179,67,0.968984,21,323,598,475,
180,67,0.971379,10,330,624,478,
181,67,0.950341,9,325,609,475,
182,67,0.956124,0,321,640,477,
183,67,0.954581,13,326,600,477,
184,67,0.956106,11,323,609,475,
185,67,0.965808,7,322,629,476,
186,67,0.974298,15,331,614,476,
187,67,0.969140,11,325,626,475,
188,67,0.974236,5,328,623,476,
189,67,0.944090,12,330,620,478,
190,67,0.963080,22,333,608,476,
191,67,0.965416,16,329,620,478,
192,67,0.971244,11,333,604,477,
193,67,0.970112,13,324,608,477,
194,67,0.950029,14,327,615,477,
195,67,0.949328,19,327,610,477,
196,67,0.970468,16,325,602,477,
197,67,0.962266,1,328,610,477,
198,67,0.967684,16,323,609,477,
199,67,0.979912,15,328,615,475,
200,67,0.964533,0,327,618,474,
201,67,0.967259,16,324,607,476,
202,67,0.964718,9,326,617,477,
203,67,0.967520,6,334,613,475,
204,67,0.973726,0,330,615,475,
205,67,0.967582,13,326,612,476,
206,67,0.951016,4,332,610,475,
207,67,0.971271,7,327,618,476,
208,67,0.940086,12,340,627,480,
209,67,0.958889,8,330,625,478,
210,67,0.951616,7,336,611,477,
211,67,0.969891,13,327,608,475,
212,67,0.927351,5,330,610,476,
213,67,0.947030,6,329,617,478,
214,67,0.948217,7,328,606,475,
215,67,0.956073,0,318,605,473,
216,67,0.942274,17,324,598,477,
217,67,0.909313,24,325,616,480,
218,67,0.970270,0,325,594,471,
219,67,0.945184,16,323,605,477,
220,67,0.949704,16,328,597,477,
221,67,0.899361,21,328,604,480,
222,67,0.952240,0,326,607,474,
223,67,0.926778,22,332,606,478,
224,67,0.913984,21,330,608,477,
225,67,0.921572,1,330,603,477,
226,67,0.928309,15,331,602,477,
227,67,0.933084,2,324,608,477,
228,67,0.929183,0,333,606,475,
229,67,0.961843,6,335,620,480,
230,67,0.939231,2,327,606,476,
231,67,0.964287,2,332,640,480,
232,67,0.938189,11,333,607,480,
233,67,0.925804,15,335,617,476,
234,67,0.929945,18,333,623,478,
235,67,0.932916,22,336,621,480,
236,67,0.897910,5,333,618,479,
237,67,0.934490,11,342,614,478,
238,67,0.916621,0,329,640,476,
239,67,0.919953,16,333,620,479,
240,67,0.894476,8,334,609,477,
241,67,0.939130,17,333,628,479,
242,67,0.935426,15,333,606,479,
243,67,0.953979,8,341,621,477,
244,67,0.923214,16,334,621,479,
245,67,0.944616,4,334,618,476,
246,67,0.950072,1,335,605,477,
247,67,0.931874,7,336,609,474,
248,67,0.946818,9,335,610,480,
249,67,0.963145,0,329,616,475,
250,67,0.915776,10,338,610,475,
251,67,0.961801,18,332,621,478,
252,67,0.929363,7,336,618,478,
253,67,0.924830,4,340,609,476,
254,67,0.932734,0,330,613,477,
255,67,0.914134,0,335,610,475,
256,67,0.938339,0,333,608,475,
257,67,0.926746,16,334,613,479,
258,67,0.951469,12,338,616,479,
259,67,0.942042,11,339,619,478,
260,67,0.906572,9,327,608,480,
261,67,0.930902,16,332,615,479,
262,67,0.908721,16,333,628,479,
263,67,0.939713,11,327,608,479,
264,67,0.959229,0,331,621,476,
265,67,0.943068,19,332,624,479,
266,67,0.951734,2,331,609,476,
267,67,0.934166,20,332,604,479,
268,67,0.932277,4,326,610,475,
269,67,0.947457,16,334,629,477,
270,67,0.921685,0,327,614,476,
271,67,0.928630,16,331,618,480,
272,67,0.945086,0,328,626,476,
273,67,0.962446,14,334,624,477,
274,67,0.920551,18,327,614,478,
275,67,0.938164,11,335,626,480,
276,67,0.947304,0,330,601,477,
277,67,0.945315,8,335,632,479,
278,67,0.947697,17,333,613,479,
279,67,0.936929,7,333,614,478,
280,67,0.958069,9,332,605,476,
281,67,0.919930,22,332,622,479,
282,67,0.948956,8,332,617,479,
283,67,0.929328,4,334,605,479,
284,67,0.922774,17,332,608,476,
285,67,0.948822,13,335,614,476,
286,67,0.959488,8,336,620,476,
287,67,0.944200,20,335,609,479,
288,67,0.918898,14,336,629,480,
289,67,0.959928,3,333,615,478,
290,67,0.933105,16,334,611,479,
291,67,0.924794,6,335,628,477,
292,67,0.954383,0,334,640,478,
293,67,0.949848,5,332,613,477,
294,67,0.954446,15,338,622,475,
295,67,0.952046,0,333,606,476,
296,67,0.937186,13,339,606,474,
297,67,0.967160,23,337,622,479,
298,67,0.965344,3,337,624,477,
299,67,0.951930,5,336,609,476,
300,67,0.962841,16,335,612,475,
301,67,0.952059,12,335,622,479,
302,67,0.941756,17,333,605,478,
303,67,0.966262,15,336,620,478,
304,67,0.916646,14,335,616,480,
305,67,0.958290,15,338,620,478,
306,67,0.952683,0,331,613,475,
307,67,0.934977,15,335,610,477,
308,67,0.947266,20,334,605,477,
309,67,0.961343,0,333,615,475,
310,67,0.954539,14,336,620,477,
311,67,0.944418,20,337,603,479,
312,67,0.951953,0,332,621,473,
313,67,0.953353,6,341,625,477,
314,67,0.970002,3,334,613,474,
315,67,0.972750,3,334,619,475,
316,67,0.923627,11,333,605,478,
317,67,0.966100,5,328,598,474,
318,67,0.956635,0,338,610,475,
319,67,0.950798,17,334,605,477,
320,67,0.936523,24,338,609,478,
321,67,0.945192,7,338,621,476,
322,67,0.941251,18,338,633,479,
323,67,0.955859,17,337,607,478,
324,67,0.957936,25,337,613,477,
325,67,0.958983,11,337,626,478,
326,67,0.955479,5,338,603,476,
327,67,0.951740,19,336,614,478,
328,67,0.945816,23,337,614,478,
329,67,0.948025,4,335,600,476,
330,67,0.957957,15,341,635,477,
331,67,0.938269,16,336,612,479,
332,67,0.957439,18,336,616,479,
333,67,0.966310,1,336,619,476,
334,67,0.964681,6,334,604,475,
335,67,0.952046,19,342,621,477,
336,67,0.955878,23,338,603,479,
337,67,0.951212,21,339,603,477,
338,67,0.948674,17,340,617,479,
339,67,0.956092,0,333,599,472,
340,67,0.956795,22,336,599,478,
341,67,0.953985,19,339,607,477,
342,67,0.954989,23,339,606,477,
343,67,0.949808,19,336,616,477,
344,67,0.947201,1,332,606,476,
345,67,0.958811,3,334,606,477,
346,67,0.958508,0,333,603,476,
347,67,0.951900,19,332,625,478,
348,67,0.958584,22,340,626,476,
349,67,0.955451,21,337,610,478,
350,67,0.961181,7,337,612,475,
351,67,0.955356,13,339,629,476,
352,67,0.960117,1,339,627,478,
353,67,0.963724,18,333,622,477,
354,67,0.954778,6,332,607,477,
355,67,0.959268,0,336,626,476,
356,67,0.960486,14,338,612,478,
357,67,0.953979,19,344,622,479,
358,67,0.971454,3,333,622,474,
359,67,0.956528,10,337,618,474,
360,67,0.940740,2,331,616,474,
361,67,0.945547,15,337,633,478,
362,67,0.957124,4,334,622,475,
363,67,0.955828,7,335,614,476,
364,67,0.972560,0,335,608,475,
365,67,0.959474,0,337,613,476,
366,67,0.972090,14,337,623,476,
367,67,0.960122,3,329,610,477,
368,67,0.964723,5,332,611,474,
369,67,0.941478,15,333,610,478,
370,67,0.962397,9,334,624,477,
371,67,0.953103,15,334,626,477,
372,67,0.964781,3,333,608,474,
373,67,0.953548,23,336,622,480,
374,67,0.967725,0,333,611,477,
375,67,0.937780,8,327,612,477,
376,67,0.942669,14,331,606,479,
377,67,0.939440,17,334,609,472,
378,67,0.951951,0,331,607,476,
379,67,0.960045,16,335,624,476,
380,67,0.955701,12,337,629,476,
381,67,0.950013,0,332,607,477,
382,67,0.890832,19,329,632,478,
383,67,0.955734,18,333,595,478,
384,67,0.961339,7,336,628,478,
385,67,0.930512,5,332,635,480,
386,67,0.924928,12,328,613,476,
387,67,0.907934,17,332,606,479,
388,67,0.929596,4,335,613,477,
389,67,0.944510,19,333,607,479,
390,67,0.938955,10,339,628,479,
391,67,0.930073,11,340,625,478,
392,67,0.915021,9,325,621,476,
393,67,0.930371,20,338,631,480,
394,67,0.943812,19,335,614,475,
395,67,0.943627,0,335,609,477,
396,67,0.942646,4,333,617,477,
397,67,0.951002,10,338,632,478,
398,67,0.941401,8,336,621,479,
399,67,0.902889,5,338,602,478,
400,67,0.951856,9,341,635,478,
401,67,0.942643,18,334,608,478,
402,67,0.937419,18,335,637,480,
403,67,0.964157,3,337,630,476,
404,67,0.931664,10,340,629,480,
405,67,0.936691,18,338,620,478,
406,67,0.943228,2,337,609,479,
407,67,0.936483,7,340,620,479,
408,67,0.924442,19,335,611,479,
409,67,0.933481,26,336,630,479,
410,67,0.961009,14,340,622,476,
411,67,0.948608,2,335,621,476,
412,67,0.944342,9,335,601,478,
413,67,0.953649,5,336,604,476,
414,67,0.945559,22,340,604,479,
415,67,0.911762,19,336,617,480,
416,67,0.947778,14,334,631,479,
417,67,0.936209,20,342,624,480,
418,67,0.943248,25,335,612,480,
419,67,0.956649,20,337,622,479,
420,67,0.932075,6,340,609,475,
421,67,0.931110,18,337,624,478,
422,67,0.949209,4,338,616,479,
423,67,0.925604,26,337,622,480,
424,67,0.953323,3,335,605,477,
425,67,0.926510,0,335,594,475,
426,67,0.958306,0,330,616,475,
427,67,0.937035,18,336,608,480,
428,67,0.953410,0,331,604,475,
429,67,0.920304,18,335,613,480,
430,67,0.935003,20,335,609,480,
431,67,0.948186,24,329,611,479,
432,67,0.940986,21,336,617,479,
433,67,0.923401,15,333,611,478,
434,67,0.938860,8,326,610,480,
435,67,0.975618,0,329,605,473,
436,67,0.927333,22,322,602,479,
437,67,0.929257,8,326,609,477,
438,67,0.950533,9,325,622,480,
439,67,0.962573,1,325,604,476,
440,67,0.948223,23,333,599,480,
441,67,0.950119,10,330,610,477,
442,67,0.937857,4,328,600,478,
443,67,0.954950,0,334,614,477,
444,67,0.947845,18,332,594,478,
445,67,0.939602,0,336,620,476,
446,67,0.961140,21,328,597,480,
447,67,0.950832,23,329,608,477,
448,67,0.945328,15,325,600,479,
449,67,0.955886,2,330,614,476,
450,67,0.958112,27,326,602,480,
451,67,0.959453,3,324,627,477,
452,67,0.957958,6,327,618,476,
453,67,0.959306,8,326,614,477,
454,67,0.945474,10,326,628,478,
455,67,0.949933,3,332,611,478,
456,67,0.948192,17,324,628,479,
457,67,0.961891,8,333,614,476,
458,67,0.974716,12,326,611,476,
459,67,0.962883,9,328,624,479,
460,67,0.940499,0,323,615,476,
461,67,0.947803,20,327,619,479,
462,67,0.970042,12,327,626,478,
463,67,0.936689,0,325,612,474,
464,67,0.970320,2,327,622,476,
465,67,0.965031,17,331,617,475,
466,67,0.979533,10,328,601,475,
467,67,0.959196,8,330,626,478,
468,67,0.967806,2,324,614,477,
469,67,0.950081,6,331,622,477,
470,67,0.957885,18,323,603,476,
471,67,0.967948,17,325,606,478,
472,67,0.958369,9,334,607,473,
473,67,0.959728,5,329,608,475,
474,67,0.957807,19,325,633,480,
475,67,0.964826,23,327,606,479,
476,67,0.955006,17,322,606,479,
477,67,0.955508,14,325,629,478,
478,67,0.970169,11,323,624,476,
479,67,0.964623,6,327,606,474,
480,67,0.954436,9,330,608,477,
481,67,0.964475,15,334,614,474,
482,67,0.973627,10,323,604,477,
483,67,0.974195,1,329,615,473,
484,67,0.963323,11,324,620,477,
485,67,0.967245,8,317,615,475,
486,67,0.962497,12,322,600,476,
487,67,0.969987,9,332,614,476,
488,67,0.974816,9,325,603,476,
489,67,0.975298,5,323,630,475,
490,67,0.942070,26,330,620,480,
491,67,0.973361,10,323,619,476,
492,67,0.972303,16,320,597,474,
493,67,0.974112,7,325,614,476,
494,67,0.969576,11,323,614,476,
495,67,0.928742,25,328,607,480,
496,67,0.953022,2,333,613,474,
497,67,0.961782,12,333,615,479,
498,67,0.967436,19,318,609,479,
499,67,0.957025,8,329,608,474,
500,67,0.963901,4,321,631,478,
501,67,0.947080,30,325,630,480,
502,67,0.939207,0,324,618,475,
503,67,0.955070,11,321,638,475,
504,67,0.958618,12,321,640,477,
505,67,0.953669,20,320,625,476,
506,67,0.957925,7,337,622,476,
507,67,0.954343,21,325,610,477,
508,67,0.958439,16,322,625,476,
509,67,0.947504,30,323,605,477,
510,67,0.971039,13,318,604,474,
511,67,0.943083,14,320,601,474,
512,67,0.934855,20,319,599,476,
513,67,0.962399,19,322,602,476,
514,67,0.940970,17,324,611,475,
515,67,0.953502,21,326,622,476,
516,67,0.958707,18,321,629,477,
517,67,0.971360,19,317,606,474,
518,67,0.950544,10,326,613,476,
519,67,0.964677,16,323,636,477,
520,67,0.966812,22,318,619,475,
521,67,0.955004,18,317,618,475,
522,67,0.959459,19,324,615,478,
523,67,0.962237,20,321,619,476,
524,67,0.959843,0,328,619,474,
525,67,0.955655,14,317,620,475,
526,67,0.930123,13,321,612,477,
527,67,0.947862,14,325,618,477,
528,67,0.946037,19,324,620,478,
529,67,0.950821,16,324,613,477,
530,67,0.946965,14,323,609,477,
531,67,0.952333,22,322,605,477,
532,67,0.961060,15,321,622,476,
533,67,0.957793,20,323,603,477,
534,67,0.950164,15,319,617,476,
535,67,0.955128,8,322,621,474,
536,67,0.966015,32,321,613,480,
537,67,0.971134,17,323,613,476,
538,67,0.929606,6,328,611,475,
539,67,0.974862,13,327,610,476,
540,67,0.959205,17,332,610,475,
541,67,0.960956,18,320,620,477,
542,67,0.963921,20,319,623,477,
543,67,0.946281,23,332,614,479,
544,67,0.954059,27,330,608,480,
545,67,0.926709,18,324,616,479,
546,67,0.964593,25,328,607,478,
547,67,0.952612,18,333,610,480,
548,67,0.937066,13,321,614,472,
549,67,0.936342,17,316,614,478,
550,67,0.945734,9,325,620,472,
551,67,0.958668,0,323,633,475,
552,67,0.948403,7,312,626,476,
553,67,0.933448,8,322,621,474,
554,67,0.959443,4,319,629,476,
555,67,0.931683,10,316,621,477,
556,67,0.911094,9,318,594,477,
557,67,0.928613,12,309,615,475,
558,67,0.868641,19,309,596,480,
559,67,0.926313,20,317,623,473,
560,67,0.879593,19,310,622,480,
561,67,0.946108,19,320,624,480,
562,67,0.889719,15,309,610,480,
563,67,0.845294,15,329,602,476,
564,67,0.893555,15,326,610,475,
565,67,0.911517,16,318,633,475,
566,67,0.878605,23,319,628,478,
567,67,0.828986,17,317,629,477,
568,67,0.896667,11,311,626,477,
569,67,0.914130,15,314,631,476,
570,67,0.822047,8,331,621,474,
571,67,0.841177,12,328,629,475,
572,67,0.889804,12,330,622,476,
573,67,0.858573,8,329,628,477,
574,67,0.879665,13,330,630,478,
575,67,0.874926,15,319,598,479,
576,67,0.854892,3,338,619,474,
577,67,0.857926,8,325,626,475,
578,67,0.849340,8,329,620,478,
579,67,0.872877,15,333,603,476,
580,67,0.805134,12,330,620,476,
581,67,0.837202,0,331,622,473,
582,67,0.851781,3,340,627,477,
583,67,0.790462,5,330,629,478,
584,67,0.855451,8,333,618,476,
585,67,0.880159,8,326,630,474,
586,67,0.909742,3,329,637,477,
587,67,0.883953,7,332,630,476,
588,67,0.863495,0,334,617,471,
589,67,0.933026,12,334,612,476,
590,67,0.869263,7,334,615,476,
591,67,0.841508,0,333,640,474,
592,67,0.909573,7,332,637,478,
593,67,0.894257,7,332,611,478,
594,67,0.899737,7,334,628,475,
595,67,0.869034,0,337,624,473,
596,67,0.878405,4,339,627,473,
597,67,0.867825,0,337,618,474,
598,67,0.870487,0,336,622,472,
599,67,0.889814,16,332,636,479,
600,67,0.901731,9,330,626,474,
601,67,0.823186,15,333,623,478,
602,67,0.765086,1,337,628,472,
603,67,0.861388,12,333,618,474,
604,67,0.809658,18,327,640,480,
605,67,0.859010,12,332,640,477,
606,67,0.897751,10,332,611,476,
607,67,0.800452,7,334,623,475,
608,67,0.777910,13,334,618,478,
609,67,0.881175,19,329,617,476,
610,67,0.877488,14,332,617,476,
611,67,0.890489,7,332,619,475,
612,67,0.834163,18,332,620,473,
613,67,0.801142,7,338,631,475,
614,67,0.833160,11,336,618,475,
615,67,0.829361,5,340,625,476,
616,67,0.833731,16,333,636,478,
617,67,0.832198,10,339,596,480,
618,67,0.815280,15,336,623,474,
619,67,0.728209,17,339,601,478,
620,67,0.808900,17,334,635,476,
621,67,0.835046,10,338,622,473,
622,67,0.857749,0,338,633,475,
623,67,0.859224,0,337,630,475,
624,67,0.818726,11,339,615,478,
625,67,0.800358,6,338,632,475,
626,67,0.697697,11,332,623,478,
627,67,0.804038,9,332,627,477,
628,67,0.873700,12,333,631,477,
629,67,0.872076,8,337,611,478,
630,67,0.834502,5,335,631,475,
631,67,0.824662,10,330,632,478,
632,67,0.830745,5,332,617,476,
633,67,0.809382,9,334,640,477,
634,67,0.823216,9,336,618,476,
635,67,0.847278,4,335,620,474,
636,67,0.788449,12,332,625,477,
637,67,0.800967,10,334,619,475,
638,67,0.791240,6,331,619,474,
639,67,0.879313,13,331,623,477,
640,67,0.806450,18,326,639,475,
641,67,0.813191,20,327,623,477,
642,67,0.862197,13,332,622,477,
643,67,0.830774,9,335,640,477,
644,67,0.848134,12,331,628,477,
645,67,0.814909,6,330,623,476,
646,67,0.847388,10,333,618,478,
647,67,0.837707,10,332,615,476,
648,67,0.840037,14,335,625,476,
649,67,0.835721,12,331,614,476,
650,67,0.803126,14,328,620,478,
651,67,0.824097,6,334,601,476,
652,67,0.808816,6,333,619,474,
653,67,0.836270,11,333,635,476,
654,67,0.807799,3,331,629,478,
655,67,0.864552,8,333,625,477,
656,67,0.789724,19,327,623,475,
657,67,0.831229,12,331,614,476,
658,67,0.854678,14,332,628,477,
659,67,0.848445,14,333,627,477,
660,67,0.817620,6,339,629,478,
661,67,0.817597,10,336,617,475,
662,67,0.815714,9,338,620,476,
663,67,0.825628,2,338,624,474,
664,67,0.754162,6,334,629,478,
665,67,0.780992,11,338,640,478,
666,67,0.835000,15,335,622,478,
667,67,0.791778,13,331,613,477,
668,67,0.839627,8,338,619,475,
669,67,0.844820,16,333,629,476,
670,67,0.825400,8,334,627,477,
671,67,0.804998,17,333,624,480,
672,67,0.805591,6,338,604,477,
673,67,0.816682,15,334,631,477,
674,67,0.837388,15,335,633,475,
675,67,0.776342,13,335,635,478,
676,67,0.779292,15,335,630,474,
677,67,0.846783,17,335,607,477,
678,67,0.816558,13,335,625,477,
679,67,0.829056,14,334,626,480,
680,67,0.776873,9,338,620,474,
681,67,0.842467,17,335,621,477,
682,67,0.750959,19,331,617,477,
683,67,0.764981,12,332,636,477,
684,67,0.891728,14,333,619,477,
685,67,0.805054,5,343,615,476,
686,67,0.847048,14,329,618,480,
687,67,0.771577,8,340,640,477,
688,67,0.859317,11,332,628,477,
689,67,0.771999,3,336,626,475,
690,67,0.798043,6,341,624,475,
691,67,0.846363,20,329,604,478,
692,67,0.834474,12,335,628,479,
693,67,0.852805,17,333,609,476,
694,67,0.868550,11,332,629,476,
695,67,0.677530,10,338,618,476,
696,67,0.829775,18,331,640,479,
697,67,0.773948,13,330,626,478,
698,67,0.850109,8,329,613,476,
699,67,0.745333,18,323,627,480,
700,67,0.835942,10,336,619,475,
701,67,0.855170,4,329,617,475,
702,67,0.822193,9,331,592,475,
703,67,0.820514,12,332,625,476,
704,67,0.826683,11,326,621,479,
705,67,0.820756,0,339,620,473,
706,67,0.820436,13,326,619,480,
707,67,0.881834,10,335,625,476,
708,67,0.859521,3,338,617,473,
709,67,0.798036,11,333,617,474,
710,67,0.862037,7,327,624,476,
711,67,0.856887,9,326,630,477,
712,67,0.827648,13,314,631,480,
713,67,0.905691,11,325,626,476,
714,67,0.891902,15,324,615,476,
715,67,0.857451,16,333,621,474,
716,67,0.872340,11,318,619,474,
717,67,0.938517,18,328,617,474,
718,67,0.903851,15,321,614,479,
719,67,0.946855,14,327,624,475,
720,67,0.924001,20,325,622,476,
721,67,0.924255,21,323,606,475,
722,67,0.951792,14,317,615,472,
723,67,0.952058,12,322,630,473,
724,67,0.920602,21,313,600,479,
725,67,0.962225,11,318,624,475,
726,67,0.930689,13,321,625,476,
727,67,0.944442,15,318,636,478,
728,67,0.944099,12,311,616,480,
729,67,0.969302,14,314,622,474,
730,67,0.946521,23,319,612,480,
731,67,0.954033,17,318,621,475,
732,67,0.958325,15,319,620,477,
733,67,0.923832,23,325,625,478,
734,67,0.931271,17,322,614,478,
735,67,0.954102,11,319,613,476,
736,67,0.926712,15,320,618,480,
737,67,0.958857,4,326,621,475,
738,67,0.936721,6,324,614,474,
739,67,0.961357,20,322,609,478,
740,67,0.943328,17,325,629,478,
741,67,0.926832,9,330,615,472,
742,67,0.942138,9,327,611,473,
743,67,0.940113,3,326,622,475,
744,67,0.960820,14,324,615,477,
745,67,0.945354,11,326,617,478,
746,67,0.950984,18,323,618,477,
747,67,0.968690,14,323,622,476,
748,67,0.975473,15,325,618,473,
749,67,0.950005,13,338,612,473,
750,67,0.953930,22,320,608,473,
751,67,0.939041,12,328,615,474,
752,67,0.956382,18,319,627,478,
753,67,0.968840,15,320,621,475,
754,67,0.954465,20,322,620,477,
755,67,0.972421,9,327,611,475,
756,67,0.935378,26,323,626,480,
757,67,0.952158,7,329,615,473,
758,67,0.953670,25,333,617,480,
759,67,0.936779,11,327,624,478,
760,67,0.964354,4,326,613,475,
761,67,0.948659,11,337,614,473,
762,67,0.965923,19,322,613,474,
763,67,0.969620,18,329,614,475,
764,67,0.958019,16,328,615,478,
765,67,0.946531,14,339,612,473,
766,67,0.968053,15,321,617,478,
767,67,0.962108,0,323,624,475,
768,67,0.950856,12,330,615,473,
769,67,0.951761,18,328,629,477,
770,67,0.967416,15,326,625,478,
771,67,0.949182,21,328,581,475,
772,67,0.943288,20,332,625,477,
773,67,0.965773,15,326,630,478,
774,67,0.948942,24,328,605,477,
775,67,0.965470,18,320,621,476,
776,67,0.962741,6,329,622,474,
777,67,0.939044,17,328,615,475,
778,67,0.961879,0,329,629,476,
779,67,0.951707,9,324,637,477,
780,67,0.958930,25,327,598,480,
781,67,0.965834,16,324,606,473,
782,67,0.954091,23,323,616,476,
783,67,0.951560,16,323,639,478,
784,67,0.968407,18,320,629,474,
785,67,0.950825,21,330,629,477,
786,67,0.944290,21,329,628,478,
787,67,0.954986,19,327,631,478,
788,67,0.949422,19,331,637,479,
789,67,0.956919,18,328,625,478,
790,67,0.948839,19,327,604,478,
791,67,0.956742,9,335,616,474,
792,67,0.938015,13,336,618,474,
793,67,0.957527,14,323,610,477,
794,67,0.947613,14,330,636,480,
795,67,0.958400,16,333,610,476,
796,67,0.967674,15,326,636,477,
797,67,0.968357,14,330,633,478,
798,67,0.948891,13,334,612,477,
799,67,0.962218,15,329,628,479,
800,67,0.959846,10,340,614,477,
801,67,0.955861,21,333,634,479,
802,67,0.954033,12,339,615,475,
803,67,0.954983,18,336,640,479,
804,67,0.968075,17,329,633,478,
805,67,0.942751,14,332,638,478,
806,67,0.945846,21,336,636,479,
807,67,0.964066,14,329,636,479,
808,67,0.958261,17,333,610,476,
809,67,0.973375,18,332,613,475,
810,67,0.965106,15,330,637,480,
811,67,0.961944,17,332,615,476,
812,67,0.965745,13,331,640,478,
813,67,0.945561,9,336,625,475,
814,67,0.946842,16,335,640,479,
815,67,0.960646,17,337,620,474,
816,67,0.947792,13,336,622,475,
817,67,0.944136,15,338,615,479,
