82,51,0.650298,274,297,351,348,
83,51,0.919317,275,299,350,350,
84,51,0.837390,273,301,350,353,
85,51,0.832964,273,304,348,355,
86,51,0.770524,273,308,348,357,
87,51,0.898535,273,309,349,360,
88,51,0.947293,272,310,349,364,
89,51,0.906988,271,312,350,367,
90,51,0.961948,272,317,349,371,
91,51,0.900119,274,320,352,372,
92,51,0.984709,273,322,351,375,
93,51,0.976388,273,323,350,377,
94,51,0.960881,273,323,351,379,
95,51,0.870684,273,324,350,381,
96,51,0.903455,274,328,351,382,
97,51,0.938555,275,329,353,385,
98,51,0.948292,275,332,355,387,
99,51,0.959076,277,334,357,387,
100,51,0.955321,277,334,356,390,
101,51,0.915998,279,335,354,390,
102,51,0.939698,278,336,354,392,
103,51,0.895139,278,337,355,394,
104,51,0.906210,278,339,354,395,
105,51,0.828723,277,339,355,397,
106,51,0.878599,277,341,356,399,
107,51,0.913492,278,341,355,400,
108,51,0.916660,278,344,355,400,
109,51,0.790478,276,344,356,401,
110,51,0.882631,275,347,354,401,
111,51,0.927368,275,346,354,402,
112,51,0.900633,275,347,353,401,
113,51,0.937170,275,346,354,401,
114,51,0.921042,278,346,355,401,
115,51,0.906251,275,345,354,402,
116,51,0.911404,276,346,355,402,
117,51,0.901428,277,346,355,401,
118,51,0.912405,277,345,356,401,
119,51,0.953242,276,346,354,402,
120,51,0.944556,276,347,352,402,
121,51,0.927433,275,346,354,401,
122,51,0.914849,277,346,354,402,
123,51,0.889040,278,345,354,402,
124,51,0.890501,277,346,356,402,
125,51,0.923358,277,345,355,402,
126,51,0.890485,277,345,353,401,
127,51,0.918512,276,345,354,402,
128,51,0.933940,277,345,352,402,
129,51,0.937953,277,345,352,402,
130,51,0.937754,277,346,351,401,
131,51,0.936360,277,346,353,401,
132,51,0.929759,275,344,352,401,
133,51,0.948926,274,345,352,401,
134,51,0.935710,276,345,351,402,
135,51,0.946718,276,345,351,401,
136,51,0.960487,276,344,350,401,
137,51,0.966264,275,346,350,401,
138,51,0.966705,276,345,352,402,
139,51,0.971542,275,345,352,401,
140,51,0.973943,276,345,351,401,
141,51,0.978404,276,345,351,401,
142,51,0.978649,276,346,350,401,
143,51,0.974489,275,345,350,401,
144,51,0.978502,276,346,351,401,
145,51,0.979390,275,346,350,402,
146,51,0.978480,275,345,352,401,
147,51,0.981042,275,346,350,401,
148,51,0.977131,276,346,351,401,
149,51,0.978503,276,346,351,401,
150,51,0.984670,275,346,351,401,
151,51,0.974458,275,345,350,401,
152,51,0.981665,275,346,350,401,
153,51,0.984785,275,346,351,401,
154,51,0.979739,276,345,351,401,
155,51,0.980879,276,345,350,402,
156,51,0.988676,275,346,351,401,
157,51,0.985628,276,346,352,401,
158,51,0.981426,275,345,351,401,
159,51,0.984515,276,346,352,401,
160,51,0.981249,276,346,350,401,
161,51,0.982889,276,346,351,401,
162,51,0.986228,276,346,351,401,
163,51,0.984731,276,345,352,401,
164,51,0.984025,276,346,351,401,
165,51,0.984964,276,346,351,400,
166,51,0.984896,276,346,351,401,
167,51,0.981867,276,346,351,400,
168,51,0.982195,276,346,351,400,
169,51,0.981676,276,346,351,400,
170,51,0.983843,276,346,350,400,
171,51,0.977157,276,346,350,401,
172,51,0.978056,276,346,350,400,
173,51,0.983900,276,346,351,400,
174,51,0.978820,276,346,351,400,
175,51,0.982940,276,346,350,400,
176,51,0.980859,276,346,351,400,
177,51,0.979217,276,346,351,401,
178,51,0.982801,277,346,351,400,
179,51,0.982132,276,346,350,400,
180,51,0.981494,276,346,350,400,
181,51,0.979103,276,346,350,400,
182,51,0.979130,276,346,350,401,
183,51,0.979000,276,346,351,401,
184,51,0.981971,276,346,351,400,
185,51,0.976386,277,346,350,400,
186,51,0.980316,276,346,350,400,
187,51,0.979388,276,345,350,400,
188,51,0.976946,277,346,350,400,
189,51,0.978530,276,346,350,400,
190,51,0.980450,277,346,350,400,
191,51,0.979860,276,346,350,400,
192,51,0.980842,276,346,351,400,
193,51,0.982510,276,346,351,400,
194,51,0.977668,276,346,350,401,
195,51,0.981464,276,346,350,400,
196,51,0.980856,277,346,350,400,
197,51,0.977545,276,346,350,400,
198,51,0.982440,276,346,350,400,
199,51,0.978552,276,346,350,400,
200,51,0.975572,276,346,350,401,
201,51,0.979061,276,346,350,400,
202,51,0.982794,276,346,350,400,
203,51,0.981754,276,346,351,400,
204,51,0.981709,276,346,350,400,
205,51,0.979440,276,346,350,400,
206,51,0.980930,276,346,350,400,
207,51,0.978026,277,346,350,400,
208,51,0.978469,276,346,350,401,
209,51,0.983631,276,346,350,400,
210,51,0.981901,276,346,350,400,
211,51,0.983409,276,346,351,400,
212,51,0.979035,276,346,351,401,
213,51,0.974181,276,346,350,400,
214,51,0.979673,276,346,350,400,
215,51,0.982075,277,346,350,400,
216,51,0.981403,276,346,350,400,
217,51,0.980808,279,346,351,401,
218,51,0.983683,276,346,350,400,
219,51,0.975523,276,346,350,401,
220,51,0.978270,276,346,350,400,
221,51,0.976690,276,345,351,401,
222,51,0.980805,277,346,350,400,
223,51,0.979584,277,346,351,400,
224,51,0.981507,276,346,350,400,
225,51,0.982355,276,346,350,400,
226,51,0.981755,276,346,350,400,
227,51,0.976345,276,346,350,400,
228,51,0.973907,276,346,350,401,
229,51,0.981528,277,346,351,401,
230,51,0.978505,277,345,350,401,
231,51,0.982578,276,346,351,400,
232,51,0.979772,276,346,350,400,
233,51,0.978127,276,346,350,400,
234,51,0.982204,276,346,350,400,
235,51,0.980419,276,345,350,400,
236,51,0.985082,276,346,350,400,
237,51,0.984242,276,346,350,401,
238,51,0.980541,276,346,349,400,
239,51,0.980039,277,346,350,400,
240,51,0.980101,276,346,351,401,
241,51,0.983487,276,346,350,401,
242,51,0.985080,277,346,351,400,
243,51,0.986204,277,346,350,401,
244,51,0.985910,276,346,350,401,
245,51,0.985017,276,346,351,401,
246,51,0.984294,276,346,350,401,
247,51,0.987986,276,346,351,401,
248,51,0.985200,276,346,351,400,
249,51,0.988177,276,346,351,400,
250,51,0.986599,276,346,351,400,
251,51,0.983354,277,345,351,400,
252,51,0.983501,276,345,350,401,
253,51,0.985101,276,345,350,401,
254,51,0.984328,276,346,351,401,
255,51,0.984188,276,345,351,400,
256,51,0.984888,276,345,351,401,
257,51,0.986682,276,345,351,401,
258,51,0.980442,277,346,350,401,
259,51,0.987142,277,345,351,401,
260,51,0.985796,276,345,350,401,
261,51,0.985854,276,345,351,401,
262,51,0.985840,276,346,350,401,
263,51,0.986238,276,346,351,401,
264,51,0.986931,276,345,351,401,
265,51,0.979909,276,345,350,401,
266,51,0.983272,276,345,350,401,
267,51,0.982525,276,345,351,401,
268,51,0.986569,276,345,351,401,
269,51,0.985353,276,345,351,401,
270,51,0.976884,276,346,350,401,
271,51,0.986608,276,345,351,400,
272,51,0.984478,276,345,351,401,
273,51,0.984402,276,345,350,401,
274,51,0.987904,276,346,351,401,
275,51,0.987266,276,345,350,401,
276,51,0.986847,276,345,351,401,
277,51,0.986001,276,345,350,401,
278,51,0.986723,276,345,350,401,
279,51,0.985031,276,346,350,401,
280,51,0.987559,276,346,350,401,
281,51,0.988646,276,345,351,401,
282,51,0.987326,276,346,350,401,
283,51,0.986619,276,346,350,401,
284,51,0.985671,276,345,350,401,
285,51,0.987280,276,346,351,401,
286,51,0.988079,275,345,351,401,
287,51,0.986241,275,345,351,401,
288,51,0.988015,276,345,351,401,
289,51,0.985048,276,345,350,401,
290,51,0.985258,275,345,350,401,
291,51,0.985733,276,345,351,401,
292,51,0.986354,276,346,350,401,
293,51,0.985968,276,346,350,401,
294,51,0.982940,276,346,351,401,
295,51,0.987768,276,346,351,401,
296,51,0.981793,276,346,350,401,
297,51,0.986517,276,346,351,401,
298,51,0.986345,276,345,351,401,
299,51,0.988604,276,345,351,401,
300,51,0.986313,276,345,351,401,
301,51,0.981806,276,345,351,401,
302,51,0.985991,276,345,351,401,
303,51,0.982753,276,346,350,401,
304,51,0.985567,276,346,351,401,
305,51,0.984970,275,346,350,401,
306,51,0.982066,276,345,350,401,
307,51,0.985983,276,346,351,401,
308,51,0.986250,276,346,351,400,
309,51,0.986934,276,346,350,401,
310,51,0.985106,276,346,351,401,
311,51,0.983328,276,346,351,401,
312,51,0.986436,276,346,351,401,
313,51,0.986085,276,346,351,401,
314,51,0.981161,276,346,350,401,
315,51,0.986038,276,346,351,401,
316,51,0.987556,276,346,350,401,
317,51,0.985700,276,346,351,401,
318,51,0.988023,275,345,351,401,
319,51,0.984450,276,346,351,401,
320,51,0.986511,276,346,351,401,
321,51,0.985356,276,346,350,401,
322,51,0.982704,275,346,350,401,
323,51,0.982100,276,346,351,401,
324,51,0.982943,275,346,351,401,
325,51,0.985373,276,346,351,401,
326,51,0.983666,276,346,351,401,
327,51,0.987205,275,346,351,401,
328,51,0.984393,276,346,351,401,
329,51,0.986471,276,346,351,401,
330,51,0.984250,276,346,351,401,
331,51,0.983243,276,347,351,401,
332,51,0.982154,276,346,351,401,
333,51,0.983822,276,346,351,401,
334,51,0.984994,277,345,352,401,
335,51,0.984503,275,345,350,401,
336,51,0.982043,276,345,351,401,
337,51,0.983142,276,345,351,401,
338,51,0.979144,275,345,351,401,
339,51,0.982914,276,345,351,401,
340,51,0.981401,276,345,351,401,
341,51,0.983266,275,344,351,402,
342,51,0.982214,276,345,351,401,
343,51,0.982538,276,345,351,401,
344,51,0.983715,275,345,351,401,
345,51,0.979414,276,345,352,401,
346,51,0.978108,276,345,351,401,
347,51,0.979697,276,346,351,401,
348,51,0.982434,276,345,351,401,
349,51,0.985058,276,345,351,401,
350,51,0.981344,276,345,351,401,
351,51,0.979952,275,346,351,401,
352,51,0.977868,275,345,351,401,
353,51,0.978855,275,345,352,401,
354,51,0.981372,275,346,351,401,
355,51,0.980218,276,345,352,400,
356,51,0.977939,275,346,351,401,
357,51,0.975975,275,345,351,401,
358,51,0.980805,276,345,352,401,
359,51,0.979017,275,345,351,401,
360,51,0.976099,275,345,352,401,
361,51,0.981135,276,345,351,401,
362,51,0.980693,276,345,352,401,
363,51,0.980877,276,345,351,401,
364,51,0.975359,276,345,352,401,
365,51,0.980694,276,345,352,401,
366,51,0.978735,276,345,352,401,
367,51,0.975822,276,345,351,401,
368,51,0.978536,276,345,351,401,
369,51,0.982473,276,345,352,401,
370,51,0.978882,276,345,351,401,
371,51,0.979377,276,345,351,401,
372,51,0.972887,276,345,352,401,
373,51,0.976004,277,345,351,401,
374,51,0.975758,276,345,351,401,
375,51,0.976198,276,345,351,401,
376,51,0.978428,276,345,351,401,
377,51,0.974576,276,345,351,400,
378,51,0.978660,276,345,351,401,
379,51,0.977654,277,345,351,401,
380,51,0.972684,276,345,351,401,
381,51,0.978834,276,345,352,401,
382,51,0.981556,276,345,351,401,
383,51,0.977441,276,345,351,401,
384,51,0.976942,276,345,351,401,
385,51,0.979674,276,345,351,401,
386,51,0.978509,276,345,351,401,
387,51,0.978897,275,345,351,401,
388,51,0.984011,276,345,351,401,
389,51,0.977709,276,345,351,401,
390,51,0.976434,275,345,351,401,
391,51,0.980072,276,345,351,401,
392,51,0.980263,276,345,352,401,
393,51,0.977330,276,345,351,400,
394,51,0.980556,276,345,351,401,
395,51,0.983536,276,345,351,401,
396,51,0.975319,276,345,351,401,
397,51,0.974459,275,345,351,401,
398,51,0.980060,276,345,352,401,
399,51,0.980189,276,345,351,401,
400,51,0.977793,276,345,351,401,
401,51,0.973870,276,345,351,401,
402,51,0.974976,276,345,351,401,
403,51,0.982005,276,345,351,401,
404,51,0.978602,276,345,351,401,
405,51,0.979390,276,345,351,401,
406,51,0.981564,276,345,351,401,
407,51,0.973933,276,345,351,401,
408,51,0.979338,276,345,351,401,
409,51,0.983328,275,345,351,401,
410,51,0.981106,275,346,351,401,
411,51,0.981969,275,345,351,401,
412,51,0.980557,276,345,351,400,
413,51,0.977503,276,345,351,400,
414,51,0.979851,276,345,351,401,
415,51,0.977341,276,345,351,401,
416,51,0.974556,276,345,351,401,
417,51,0.978371,276,345,351,401,
418,51,0.977102,276,345,351,401,
419,51,0.980015,276,345,351,401,
420,51,0.979444,276,345,351,401,
421,51,0.979139,275,345,351,401,
422,51,0.976739,276,345,351,401,
423,51,0.979557,275,345,351,401,
424,51,0.978928,275,345,351,401,
425,51,0.981023,275,345,351,401,
426,51,0.974752,276,345,351,401,
427,51,0.978277,275,345,351,401,
428,51,0.971404,276,344,351,401,
429,51,0.974523,276,345,351,401,
430,51,0.978459,276,345,351,401,
431,51,0.975704,276,345,351,401,
432,51,0.977979,275,345,351,401,
433,51,0.978699,276,345,352,401,
434,51,0.975157,276,345,350,401,
435,51,0.976086,275,345,352,401,
436,51,0.978482,276,345,351,401,
437,51,0.977531,276,345,351,401,
438,51,0.980208,275,345,351,401,
439,51,0.982233,275,345,351,401,
440,51,0.977893,275,345,351,401,
441,51,0.982967,275,345,351,401,
442,51,0.977660,276,345,352,401,
443,51,0.978995,276,345,351,401,
444,51,0.970976,276,344,351,401,
445,51,0.978015,275,344,352,401,
446,51,0.979868,275,345,351,401,
447,51,0.980169,276,345,351,401,
448,51,0.980333,276,345,351,401,
449,51,0.976867,275,345,351,401,
450,51,0.981401,276,345,351,401,
451,51,0.977653,275,345,351,401,
452,51,0.983418,276,345,351,401,
453,51,0.975414,276,344,351,401,
454,51,0.973627,275,345,351,401,
455,51,0.974809,275,344,351,401,
456,51,0.963943,275,344,351,401,
457,51,0.972254,276,344,351,401,
458,51,0.968452,276,344,351,401,
459,51,0.960269,276,344,351,401,
460,51,0.977376,275,345,351,401,
461,51,0.966382,276,344,352,401,
462,51,0.975705,275,345,351,401,
463,51,0.966814,276,344,352,401,
464,51,0.968204,275,344,351,401,
465,51,0.977210,276,345,352,401,
466,51,0.979299,275,344,352,401,
467,51,0.976116,275,345,352,401,
468,51,0.982375,276,345,351,401,
469,51,0.979911,276,345,351,401,
470,51,0.979946,275,344,351,401,
471,51,0.979774,275,345,351,401,
472,51,0.982435,275,345,352,401,
473,51,0.978714,275,345,351,401,
474,51,0.978655,275,345,351,401,
475,51,0.979954,276,344,352,401,
476,51,0.982668,275,345,352,401,
477,51,0.977552,275,344,352,401,
478,51,0.968724,276,344,351,401,
479,51,0.977092,275,345,352,401,
480,51,0.977882,275,345,352,401,
481,51,0.981336,275,345,351,401,
482,51,0.981055,275,345,351,401,
483,51,0.971184,276,344,351,401,
484,51,0.982587,276,344,351,401,
485,51,0.980208,276,344,352,401,
486,51,0.970130,275,344,352,401,
487,51,0.972273,275,344,351,401,
488,51,0.979409,276,344,351,401,
489,51,0.977086,276,344,351,401,
490,51,0.972184,276,344,351,401,
491,51,0.980283,275,345,352,402,
492,51,0.978184,276,344,351,400,
493,51,0.970465,275,345,352,401,
494,51,0.977223,275,345,352,402,
495,51,0.979173,275,345,351,401,
496,51,0.973986,275,345,351,401,
497,51,0.977556,275,345,351,401,
498,51,0.980040,276,345,352,401,
499,51,0.976312,276,345,351,401,
500,51,0.978204,275,344,351,401,
501,51,0.973371,275,344,351,401,
502,51,0.977980,276,345,351,401,
503,51,0.979691,275,345,351,401,
504,51,0.979516,276,345,351,401,
505,51,0.973600,276,345,350,401,
506,51,0.972498,276,344,351,401,
507,51,0.983076,276,345,351,401,
508,51,0.978483,276,345,351,401,
509,51,0.973727,276,344,351,401,
510,51,0.971946,275,344,351,401,
511,51,0.971579,276,345,351,401,
512,51,0.974998,276,345,352,401,
513,51,0.978830,276,345,351,401,
514,51,0.976152,276,345,351,400,
515,51,0.971210,276,345,351,401,
516,51,0.977999,275,345,351,401,
517,51,0.978052,275,345,351,401,
518,51,0.974924,276,345,351,401,
519,51,0.978906,276,344,351,401,
520,51,0.973902,276,344,351,401,
521,51,0.969250,276,345,350,401,
522,51,0.973087,276,345,351,401,
523,51,0.974969,276,345,351,401,
524,51,0.970272,276,344,351,401,
525,51,0.974458,276,345,351,401,
526,51,0.970793,276,345,351,402,
527,51,0.972978,276,346,352,402,
528,51,0.979593,276,346,352,401,
529,51,0.980463,276,345,351,401,
530,51,0.978557,276,345,351,401,
531,51,0.976220,277,346,351,401,
532,51,0.981302,276,345,351,401,
533,51,0.980488,276,345,352,401,
534,51,0.976852,276,345,351,401,
535,51,0.978152,275,345,351,401,
536,51,0.978561,276,346,351,401,
537,51,0.978413,276,345,350,401,
538,51,0.975698,276,345,351,401,
539,51,0.983172,276,345,352,402,
540,51,0.980636,276,345,352,401,
541,51,0.978756,275,345,351,401,
542,51,0.976390,276,345,351,401,
543,51,0.978879,277,344,352,402,
544,51,0.983511,275,345,349,401,
545,51,0.984511,275,345,351,401,
546,51,0.980537,275,345,350,402,
547,51,0.981595,275,345,350,401,
548,51,0.983054,276,346,351,401,
549,51,0.985924,278,344,351,402,
550,51,0.980030,276,345,350,401,
551,51,0.978796,276,346,351,401,
552,51,0.980787,276,345,351,401,
553,51,0.979608,275,345,351,401,
554,51,0.985046,275,345,351,401,
555,51,0.982830,276,345,351,401,
556,51,0.981724,275,345,351,401,
557,51,0.984427,275,345,352,402,
558,51,0.984116,275,345,352,401,
559,51,0.987187,275,345,352,401,
560,51,0.982556,275,345,351,401,
561,51,0.980984,275,345,351,401,
562,51,0.984989,275,345,351,401,
563,51,0.984390,275,346,352,402,
564,51,0.984138,275,345,352,402,
565,51,0.984405,276,344,351,402,
566,51,0.982598,275,345,352,402,
567,51,0.983929,275,345,351,402,
568,51,0.982612,275,345,352,402,
569,51,0.982912,275,345,351,402,
570,51,0.985421,278,344,351,402,
571,51,0.986469,278,344,352,402,
572,51,0.985462,278,344,352,402,
573,51,0.983604,278,344,352,402,
574,51,0.982338,275,345,352,402,
575,51,0.981355,275,345,351,401,
576,51,0.981690,277,344,352,402,
577,51,0.977186,276,345,351,402,
578,51,0.978290,276,344,351,402,
579,51,0.980864,275,345,351,402,
580,51,0.978374,276,345,351,401,
581,51,0.973856,276,345,351,402,
582,51,0.979857,274,344,350,402,
583,51,0.981059,275,345,352,402,
584,51,0.985246,276,344,352,402,
585,51,0.980398,275,345,351,401,
586,51,0.982478,276,344,352,402,
587,51,0.976174,275,345,351,401,
588,51,0.978579,275,345,351,401,
589,51,0.977535,276,346,350,401,
590,51,0.976879,275,345,351,401,
591,51,0.980280,276,345,351,401,
592,51,0.981063,276,346,351,401,
593,51,0.980683,275,345,351,401,
594,51,0.975663,276,345,351,401,
595,51,0.977710,276,345,351,401,
596,51,0.974159,276,345,351,401,
597,51,0.975537,276,345,350,401,
598,51,0.981093,276,345,352,401,
599,51,0.978137,275,344,350,401,
600,51,0.975482,276,345,351,401,
601,51,0.973288,276,344,351,401,
602,51,0.979331,275,345,351,401,
603,51,0.976344,276,345,351,401,
604,51,0.964586,276,344,350,401,
605,51,0.972768,275,344,351,401,
606,51,0.965881,276,345,350,401,
607,51,0.968489,276,345,350,402,
608,51,0.963025,276,344,350,401,
609,51,0.969312,276,345,351,401,
610,51,0.969920,276,344,350,401,
611,51,0.976084,276,345,350,401,
612,51,0.976238,276,345,350,401,
613,51,0.975186,276,344,350,401,
614,51,0.970412,277,345,350,401,
615,51,0.965779,277,345,350,401,
616,51,0.971545,276,344,350,401,
617,51,0.973892,276,344,350,401,
618,51,0.972180,277,345,350,401,
619,51,0.973287,276,344,350,401,
620,51,0.974389,276,345,350,401,
621,51,0.968212,276,345,350,401,
622,51,0.976672,275,345,350,401,
623,51,0.973556,276,345,350,401,
624,51,0.969285,276,345,350,402,
625,51,0.966845,276,345,350,401,
626,51,0.978636,276,345,350,401,
627,51,0.975375,276,345,350,401,
628,51,0.983431,275,346,350,401,
629,51,0.976921,276,345,351,401,
630,51,0.967630,276,345,350,401,
631,51,0.969631,276,346,350,401,
632,51,0.964968,276,346,350,401,
633,51,0.968262,276,346,349,401,
634,51,0.969156,276,346,350,401,
635,51,0.967206,276,346,349,401,
636,51,0.969020,276,346,349,401,
637,51,0.976322,276,346,349,401,
638,51,0.970688,276,346,349,401,
639,51,0.976564,276,346,349,402,
640,51,0.977436,276,345,350,401,
641,51,0.979115,276,345,350,401,
642,51,0.975130,277,344,350,402,
643,51,0.973441,276,345,350,401,
644,51,0.975000,278,344,350,402,
645,51,0.976003,276,346,350,401,
646,51,0.977549,277,344,351,402,
647,51,0.984439,275,345,350,401,
648,51,0.972954,276,346,349,401,
649,51,0.981632,276,346,350,401,
650,51,0.980069,276,346,350,401,
651,51,0.983770,276,346,350,401,
652,51,0.980938,275,346,349,401,
653,51,0.976664,276,346,349,401,
654,51,0.977255,276,346,350,402,
655,51,0.981774,276,346,350,402,
656,51,0.979124,276,346,349,402,
657,51,0.981592,276,346,350,401,
658,51,0.981664,276,346,350,401,
659,51,0.978413,275,345,349,401,
660,51,0.976089,276,346,349,401,
661,51,0.966990,276,346,350,402,
662,51,0.971144,275,345,350,401,
663,51,0.977189,276,345,349,401,
664,51,0.982160,276,345,349,401,
665,51,0.978354,276,345,349,402,
666,51,0.974943,276,345,349,402,
667,51,0.981075,275,344,350,401,
668,51,0.976010,276,345,349,402,
669,51,0.980053,276,344,349,401,
670,51,0.979097,276,345,349,401,
671,51,0.982370,276,345,350,401,
672,51,0.980712,275,345,350,402,
673,51,0.982459,275,346,350,402,
674,51,0.968766,276,346,350,402,
675,51,0.984533,276,345,350,401,
676,51,0.981792,276,346,350,401,
677,51,0.983884,276,345,350,401,
678,51,0.982127,277,344,351,402,
679,51,0.980142,275,345,350,401,
680,51,0.982790,275,345,350,401,
681,51,0.976281,275,344,349,401,
682,51,0.976585,276,344,349,401,
683,51,0.975232,275,345,349,401,
684,51,0.983975,276,345,350,401,
685,51,0.983199,275,345,350,401,
686,51,0.982777,275,344,350,402,
687,51,0.982513,275,344,350,402,
688,51,0.982298,275,344,350,401,
689,51,0.981441,275,345,350,401,
690,51,0.978826,276,345,351,401,
691,51,0.981525,276,345,350,402,
692,51,0.979545,275,344,350,401,
693,51,0.982942,275,344,350,401,
694,51,0.982989,276,344,351,401,
695,51,0.980529,276,345,349,401,
696,51,0.979897,276,344,350,401,
697,51,0.979781,276,345,350,401,
698,51,0.983428,276,344,350,401,
699,51,0.974923,275,344,350,402,
700,51,0.978851,277,344,351,402,
701,51,0.979638,275,345,350,402,
702,51,0.977190,276,346,349,402,
703,51,0.980783,277,345,352,402,
704,51,0.983506,275,345,350,402,
705,51,0.983383,275,344,350,401,
706,51,0.981612,276,345,350,401,
707,51,0.982841,277,345,351,402,
708,51,0.982063,276,346,350,402,
709,51,0.980332,275,345,350,402,
710,51,0.985034,275,345,350,402,
711,51,0.985659,275,345,349,401,
712,51,0.979697,278,345,352,402,
713,51,0.979534,276,345,350,401,
714,51,0.984131,276,345,350,401,
715,51,0.980562,276,345,349,401,
716,51,0.983628,276,345,350,401,
717,51,0.979679,276,345,349,401,
718,51,0.982059,275,346,349,402,
719,51,0.984594,274,346,349,402,
720,51,0.979690,275,344,349,401,
721,51,0.981985,278,344,352,402,
722,51,0.982003,276,344,350,401,
723,51,0.984580,275,345,349,401,
724,51,0.986843,277,345,351,402,
725,51,0.983072,275,345,349,401,
726,51,0.986371,275,346,349,402,
727,51,0.985223,275,345,350,402,
728,51,0.982113,275,345,349,401,
729,51,0.969109,276,345,349,401,
730,51,0.972340,275,346,351,402,
731,51,0.962501,275,345,350,402,
732,51,0.980468,275,345,350,402,
733,51,0.976393,275,345,349,402,
734,51,0.978195,275,345,350,401,
735,51,0.975433,276,345,350,402,
736,51,0.980447,275,345,350,402,
737,51,0.974211,276,345,350,402,
738,51,0.974499,276,346,350,401,
739,51,0.980188,275,345,349,401,
740,51,0.984229,275,346,350,402,
741,51,0.983871,275,345,350,401,
742,51,0.977545,275,345,350,402,
743,51,0.977906,276,346,349,401,
744,51,0.985471,275,346,349,402,
745,51,0.980315,276,346,349,402,
746,51,0.978774,276,346,349,401,
747,51,0.984384,275,347,349,402,
748,51,0.977057,275,346,349,402,
749,51,0.977602,275,346,350,402,
750,51,0.979785,275,346,350,402,
751,51,0.980035,275,346,350,401,
752,51,0.985129,275,346,350,402,
753,51,0.977387,275,346,350,402,
754,51,0.977884,275,345,350,401,
755,51,0.981617,275,345,350,401,
756,51,0.978630,275,345,350,402,
757,51,0.978570,275,345,350,402,
758,51,0.973722,276,345,350,401,
759,51,0.984819,276,346,350,401,
760,51,0.981189,275,346,351,401,
761,51,0.973165,276,346,351,401,
762,51,0.972244,277,346,351,402,
763,51,0.975090,276,346,351,401,
764,51,0.973027,276,346,350,401,
765,51,0.972668,275,346,350,401,
766,51,0.968542,276,345,351,401,
767,51,0.980756,276,346,351,401,
768,51,0.971417,276,346,351,401,
769,51,0.973457,276,346,351,401,
770,51,0.971245,275,346,351,401,
771,51,0.970860,276,346,350,402,
772,51,0.976460,276,346,351,401,
773,51,0.975607,276,346,351,401,
774,51,0.979209,276,346,350,401,
775,51,0.970751,275,346,350,402,
776,51,0.980474,276,346,351,401,
777,51,0.979757,276,346,351,402,
778,51,0.972651,276,346,350,402,
779,51,0.973531,276,346,350,401,
780,51,0.973532,276,346,350,401,
781,51,0.968770,276,346,351,401,
782,51,0.975135,276,346,350,402,
783,51,0.976616,276,346,350,402,
784,51,0.977347,276,346,350,401,
785,51,0.972114,277,346,351,401,
786,51,0.974013,276,346,351,401,
787,51,0.977435,276,346,351,401,
788,51,0.975959,275,346,350,401,
789,51,0.973517,276,346,351,401,
790,51,0.976568,276,345,351,401,
791,51,0.976400,276,346,350,401,
792,51,0.977939,276,346,351,401,
793,51,0.982361,276,346,351,401,
794,51,0.976417,276,346,350,401,
795,51,0.973931,276,346,351,402,
796,51,0.975092,276,346,350,401,
797,51,0.977619,276,346,351,401,
798,51,0.974647,276,346,350,401,
799,51,0.973750,276,346,351,401,
800,51,0.978021,276,346,350,401,
801,51,0.979257,276,346,350,401,
802,51,0.974310,276,346,351,401,
803,51,0.980387,276,346,350,401,
804,51,0.982296,276,346,350,401,
805,51,0.973259,276,346,350,401,
806,51,0.983037,276,346,350,401,
807,51,0.977998,277,346,350,401,
808,51,0.981661,276,345,351,401,
809,51,0.981771,276,345,352,402,
810,51,0.978765,276,345,350,401,
811,51,0.975422,276,345,350,401,
812,51,0.977764,276,346,350,401,
813,51,0.976900,276,346,350,401,
814,51,0.981028,276,345,350,402,
815,51,0.974148,276,345,351,401,
816,51,0.976532,276,345,351,401,
817,51,0.980782,276,346,350,401,
818,51,0.977977,276,345,351,401,
819,51,0.977722,276,346,351,401,
820,51,0.980054,276,346,351,401,
821,51,0.978353,276,345,351,401,
822,51,0.978809,275,346,350,401,
823,51,0.981712,276,345,351,401,
824,51,0.982891,276,346,351,401,
825,51,0.982862,276,346,351,402,
826,51,0.982120,276,346,351,401,
827,51,0.980368,276,345,351,401,
828,51,0.981332,276,346,350,401,
829,51,0.976785,276,346,350,401,
830,51,0.982020,276,346,351,401,
831,51,0.983103,276,346,351,401,
832,51,0.980983,276,346,350,401,
833,51,0.981755,276,346,350,401,
834,51,0.981484,276,346,350,401,
835,51,0.982274,276,346,350,401,
836,51,0.979779,276,346,350,401,
837,51,0.980674,276,346,350,401,
838,51,0.981438,276,346,350,401,
839,51,0.978703,276,346,350,401,
840,51,0.979008,276,346,350,401,
841,51,0.981047,276,347,350,401,
842,51,0.975825,276,346,350,402,
