1,67,0.946041,0,336,622,477,
2,67,0.965903,0,344,629,476,
3,67,0.935585,0,341,619,474,
4,67,0.964213,0,347,628,476,
5,67,0.959367,0,344,613,477,
6,67,0.947501,8,344,587,479,
7,67,0.968413,0,345,636,476,
8,67,0.976930,0,345,620,476,
9,67,0.965984,0,338,619,475,
10,67,0.931639,2,338,604,478,
11,67,0.976271,0,344,627,476,
12,67,0.963570,0,346,618,474,
13,67,0.952516,0,345,620,474,
14,67,0.910643,21,347,562,472,
15,67,0.963957,0,349,632,473,
16,67,0.941465,0,338,614,477,
17,67,0.961565,5,343,576,477,
18,67,0.975471,0,348,630,476,
19,67,0.956887,0,344,612,479,
20,67,0.963602,0,342,626,475,
21,67,0.963617,0,342,621,473,
22,67,0.969111,0,344,631,476,
23,67,0.948816,0,338,614,475,
24,67,0.963209,0,345,634,475,
25,67,0.973480,0,343,629,475,
26,67,0.934743,0,344,618,474,
27,67,0.965659,0,341,626,475,
28,67,0.973282,0,346,624,476,
29,67,0.963041,0,343,638,475,
30,67,0.956562,0,345,629,471,
31,67,0.946939,0,341,613,473,
32,67,0.962319,0,339,615,474,
33,67,0.968578,0,347,624,476,
34,67,0.973401,0,346,629,475,
35,67,0.940267,0,347,625,475,
36,67,0.930903,0,349,624,476,
37,67,0.941746,11,338,591,478,
38,67,0.939408,0,344,615,474,
39,67,0.968067,0,343,612,475,
40,67,0.975829,0,347,625,476,
41,67,0.912410,0,339,605,477,
42,67,0.935684,0,337,608,478,
43,67,0.974102,0,346,624,476,
44,67,0.942856,0,338,610,476,
45,67,0.948721,2,337,614,478,
46,67,0.958813,0,337,610,475,
47,67,0.970595,0,339,618,475,
48,67,0.937911,0,339,610,476,
49,67,0.945565,0,338,619,478,
50,67,0.953248,0,338,612,476,
51,67,0.955047,7,342,593,478,
52,67,0.971449,0,343,628,475,
53,67,0.957986,0,344,612,477,
54,67,0.922259,0,347,614,474,
55,67,0.970058,0,346,630,476,
56,67,0.968862,0,340,627,474,
57,67,0.918499,0,348,627,476,
58,67,0.964226,0,348,627,475,
59,67,0.963811,0,342,613,475,
60,67,0.952651,0,348,626,476,
61,67,0.951056,0,347,626,475,
62,67,0.952427,0,346,624,475,
63,67,0.928297,0,340,619,475,
64,67,0.971196,0,342,616,474,
65,67,0.940856,0,352,625,476,
66,67,0.962963,0,341,628,473,
67,67,0.940001,0,341,614,474,
68,67,0.956256,0,338,627,475,
69,67,0.957061,6,343,593,479,
70,67,0.952177,0,340,618,475,
71,67,0.951831,0,345,623,476,
72,67,0.950859,0,343,626,472,
73,67,0.948657,0,342,613,474,
74,67,0.962311,0,347,630,475,
75,67,0.893946,3,337,610,477,
76,67,0.938210,0,342,619,477,
77,67,0.934024,0,348,633,474,
78,67,0.930369,0,342,614,474,
79,67,0.963914,0,346,627,475,
80,67,0.969100,0,347,625,475,
81,67,0.943498,0,349,637,475,
82,67,0.918503,0,344,620,474,
83,67,0.966251,0,344,628,474,
84,67,0.923284,0,333,606,474,
85,67,0.936882,0,331,614,477,
86,67,0.935838,0,342,621,473,
87,67,0.940056,0,336,627,473,
88,67,0.896138,0,327,607,477,
89,67,0.945101,0,340,627,475,
90,67,0.965990,0,334,633,477,
91,67,0.938327,0,327,618,475,
92,67,0.946412,0,337,628,474,
93,67,0.948930,0,324,632,478,
94,67,0.932201,15,324,609,475,
95,67,0.946149,0,324,635,478,
96,67,0.939791,0,323,640,475,
97,67,0.916875,6,331,606,474,
98,67,0.948168,0,328,635,478,
99,67,0.931626,14,332,640,477,
100,67,0.927137,4,341,640,473,
101,67,0.904704,1,332,628,472,
102,67,0.951643,15,326,622,474,
103,67,0.939699,0,340,637,474,
104,67,0.898377,10,333,622,477,
105,67,0.953481,13,326,633,476,
106,67,0.924720,10,337,636,476,
107,67,0.952573,9,326,627,472,
108,67,0.851131,0,339,629,473,
109,67,0.947854,1,340,617,476,
110,67,0.914733,13,330,627,476,
111,67,0.937344,18,320,627,475,
112,67,0.929983,7,331,636,477,
113,67,0.882955,8,333,632,476,
114,67,0.885467,21,334,621,475,
115,67,0.942046,18,333,633,476,
116,67,0.963839,0,333,637,476,
117,67,0.945492,8,329,640,478,
118,67,0.964125,0,332,625,475,
119,67,0.971419,10,333,615,475,
120,67,0.938958,5,336,628,474,
121,67,0.970825,3,336,630,477,
122,67,0.970004,14,333,612,478,
123,67,0.902614,10,333,610,476,
124,67,0.911094,22,329,606,475,
125,67,0.912298,10,328,628,479,
126,67,0.941718,6,335,625,473,
127,67,0.967518,6,336,614,476,
128,67,0.935281,0,338,628,474,
129,67,0.944051,12,331,617,476,
130,67,0.928029,9,329,631,473,
131,67,0.945757,16,333,601,476,
132,67,0.949020,1,336,628,476,
133,67,0.957657,18,335,598,476,
134,67,0.904727,15,332,621,477,
135,67,0.958965,9,327,619,472,
136,67,0.935456,1,331,615,472,
137,67,0.972779,14,334,618,477,
138,67,0.932497,15,329,623,478,
139,67,0.915401,11,325,616,473,
140,67,0.932614,2,338,630,474,
141,67,0.964484,3,334,621,477,
142,67,0.915257,14,332,614,476,
143,67,0.905148,17,332,612,476,
144,67,0.927508,18,334,614,476,
145,67,0.961969,10,327,621,472,
146,67,0.945598,15,335,615,478,
147,67,0.948363,14,332,615,472,
148,67,0.877573,16,332,626,477,
149,67,0.924057,16,330,634,478,
150,67,0.966009,3,334,632,478,
151,67,0.940975,6,338,625,476,
152,67,0.957215,10,336,633,477,
153,67,0.951073,5,339,612,474,
154,67,0.963747,0,338,627,478,
155,67,0.859066,16,329,635,479,
156,67,0.920707,0,342,629,474,
157,67,0.924665,3,341,629,473,
158,67,0.967981,0,337,620,476,
159,67,0.973003,0,341,619,477,
160,67,0.947304,0,341,625,475,
161,67,0.964572,7,333,609,475,
162,67,0.916707,0,340,625,475,
163,67,0.955162,0,342,629,474,
164,67,0.955089,11,333,628,479,
165,67,0.957687,1,343,623,475,
166,67,0.966291,10,334,629,480,
167,67,0.964595,0,335,624,474,
168,67,0.967508,0,337,629,475,
169,67,0.944811,7,333,620,476,
170,67,0.953388,3,330,619,480,
171,67,0.923174,12,332,595,475,
172,67,0.937036,14,331,631,480,
173,67,0.929935,10,330,614,478,
174,67,0.941501,5,328,621,480,
175,67,0.929270,12,330,614,478,
176,67,0.949055,9,333,615,479,
177,67,0.935983,6,332,604,478,
178,67,0.929010,13,331,615,477,
179,67,0.954226,7,335,617,476,
180,67,0.951156,9,335,613,480,
181,67,0.933459,12,333,614,478,
182,67,0.936274,0,342,623,475,
183,67,0.932535,11,336,619,479,
184,67,0.950407,7,335,625,479,
185,67,0.943897,11,333,624,480,
186,67,0.950378,8,347,629,475,
187,67,0.955998,16,338,623,480,
188,67,0.940342,2,339,622,475,
189,67,0.927398,14,329,617,476,
190,67,0.912359,16,328,631,480,
191,67,0.932621,12,334,617,478,
192,67,0.964990,4,334,611,480,
193,67,0.945262,9,336,627,480,
194,67,0.966114,6,329,619,472,
195,67,0.971330,0,338,627,474,
196,67,0.956497,8,336,611,480,
197,67,0.941907,8,330,626,477,
198,67,0.936377,4,330,625,478,
199,67,0.920860,9,330,612,478,
200,67,0.962196,6,330,612,473,
201,67,0.936993,0,342,614,474,
202,67,0.933650,7,330,620,478,
203,67,0.922752,11,330,604,478,
204,67,0.952846,10,333,621,480,
205,67,0.914320,17,332,609,479,
206,67,0.942222,4,341,620,474,
207,67,0.949213,14,336,620,479,
208,67,0.940401,19,329,596,476,
209,67,0.956063,10,337,627,479,
210,67,0.942491,11,335,621,480,
211,67,0.947520,0,343,622,475,
212,67,0.950600,11,333,606,475,
213,67,0.933219,14,336,636,480,
214,67,0.957057,11,336,611,480,
215,67,0.942830,8,335,627,479,
216,67,0.972032,0,337,614,476,
217,67,0.934714,1,339,617,476,
218,67,0.954262,7,337,626,473,
219,67,0.916027,8,336,627,480,
220,67,0.957596,0,339,607,476,
221,67,0.936422,4,335,628,479,
222,67,0.939950,7,348,629,474,
223,67,0.950314,0,337,612,473,
224,67,0.940738,1,339,624,476,
225,67,0.950032,17,331,597,478,
226,67,0.940351,12,336,593,475,
227,67,0.952598,1,336,615,478,
228,67,0.931896,3,340,623,473,
229,67,0.946800,0,335,622,473,
230,67,0.940058,3,335,628,480,
231,67,0.960763,0,333,615,471,
232,67,0.958566,7,336,626,480,
233,67,0.939143,13,331,585,476,
234,67,0.943242,11,334,621,480,
235,67,0.968470,0,337,628,477,
236,67,0.934531,0,339,624,474,
237,67,0.929130,2,338,624,476,
238,67,0.960654,7,336,630,480,
239,67,0.954492,2,333,632,480,
240,67,0.912521,3,332,618,478,
241,67,0.943321,2,337,625,475,
242,67,0.937412,12,332,601,478,
243,67,0.929134,8,330,615,479,
244,67,0.938372,6,337,628,480,
245,67,0.937706,13,336,626,479,
246,67,0.948736,0,339,626,476,
247,67,0.938928,13,338,588,476,
248,67,0.948601,4,338,627,479,
249,67,0.920766,11,338,640,480,
250,67,0.956828,13,334,627,480,
251,67,0.950781,0,337,631,473,
252,67,0.961712,7,335,623,480,
253,67,0.957344,9,338,632,479,
254,67,0.949878,11,334,616,476,
255,67,0.885654,15,337,611,480,
256,67,0.928998,11,337,625,479,
257,67,0.940753,13,333,631,479,
258,67,0.947689,11,336,624,478,
259,67,0.965242,0,332,624,475,
260,67,0.961836,0,336,631,475,
261,67,0.958055,0,332,629,477,
262,67,0.938438,0,339,626,476,
263,67,0.908218,9,329,622,478,
264,67,0.919251,7,335,633,480,
265,67,0.960679,6,330,620,474,
266,67,0.914446,7,332,609,478,
267,67,0.925907,0,335,622,475,
268,67,0.958350,0,332,623,475,
269,67,0.958027,0,334,626,477,
270,67,0.878157,4,334,606,477,
271,67,0.930304,6,334,625,475,
272,67,0.940837,2,334,617,475,
273,67,0.965412,0,328,621,478,
274,67,0.962815,8,336,613,475,
275,67,0.920393,7,332,612,476,
276,67,0.932942,5,329,615,474,
277,67,0.951736,7,333,615,475,
278,67,0.858147,11,326,610,477,
279,67,0.954036,7,334,623,480,
280,67,0.949774,12,333,613,480,
281,67,0.963100,8,345,612,474,
282,67,0.947197,7,330,608,476,
283,67,0.949597,4,332,606,476,
284,67,0.962027,5,336,618,475,
285,67,0.948686,8,332,616,475,
286,67,0.961325,0,329,617,478,
287,67,0.929574,6,331,607,477,
288,67,0.968596,3,335,616,475,
289,67,0.926407,15,330,622,479,
290,67,0.914698,22,335,612,480,
291,67,0.925394,2,333,610,476,
292,67,0.958799,0,334,615,474,
293,67,0.923315,10,327,605,477,
294,67,0.943494,15,332,617,478,
295,67,0.936945,15,334,612,478,
296,67,0.920099,12,337,610,479,
297,67,0.915697,0,328,622,476,
298,67,0.910318,9,334,609,476,
299,67,0.940412,9,338,622,480,
300,67,0.910548,16,338,638,480,
301,67,0.924261,17,336,633,480,
302,67,0.916663,0,333,615,477,
303,67,0.907011,4,339,625,479,
304,67,0.926715,12,337,616,478,
305,67,0.903649,13,339,635,480,
306,67,0.939963,10,341,627,480,
307,67,0.924613,11,343,623,480,
308,67,0.972826,0,340,621,478,
309,67,0.938492,1,336,614,477,
310,67,0.961447,0,338,624,479,
311,67,0.910197,17,337,634,480,
312,67,0.935183,18,341,612,480,
313,67,0.917992,10,340,640,480,
314,67,0.953188,4,336,620,475,
315,67,0.957202,11,341,615,478,
316,67,0.931912,7,339,629,480,
317,67,0.899533,17,338,604,478,
318,67,0.932731,5,336,635,480,
319,67,0.944568,9,340,620,477,
320,67,0.961980,0,337,614,476,
321,67,0.954043,9,338,624,480,
322,67,0.968760,0,337,633,479,
323,67,0.951937,4,339,631,479,
324,67,0.962547,0,337,633,480,
325,67,0.925634,10,329,607,480,
326,67,0.946619,9,340,625,477,
327,67,0.941601,13,336,627,480,
328,67,0.966274,0,332,631,478,
329,67,0.958243,9,341,621,473,
330,67,0.938115,16,330,627,479,
331,67,0.937284,11,331,617,479,
332,67,0.956868,0,335,617,475,
333,67,0.964653,11,335,627,480,
334,67,0.940306,6,331,626,480,
335,67,0.949037,0,331,613,477,
336,67,0.936599,3,338,632,478,
337,67,0.969348,5,337,612,479,
338,67,0.928322,14,342,626,473,
339,67,0.953940,18,332,639,480,
340,67,0.942993,15,338,627,479,
341,67,0.965260,0,338,626,478,
342,67,0.922713,16,327,640,480,
343,67,0.963681,15,333,621,480,
344,67,0.947913,0,329,615,479,
345,67,0.937934,14,330,624,478,
346,67,0.964864,0,332,622,475,
347,67,0.970117,0,333,630,478,
348,67,0.943324,15,328,604,478,
349,67,0.940499,14,329,609,479,
350,67,0.959206,3,330,620,475,
351,67,0.942400,23,344,633,476,
352,67,0.974431,0,331,629,478,
353,67,0.960630,10,333,632,480,
354,67,0.952169,9,334,638,480,
355,67,0.940707,12,327,625,480,
356,67,0.952505,14,328,605,477,
357,67,0.961321,9,334,633,480,
358,67,0.949029,17,338,620,480,
359,67,0.954184,12,329,631,479,
360,67,0.981953,7,338,620,478,
361,67,0.936393,13,330,615,479,
362,67,0.931762,16,327,625,479,
363,67,0.931495,16,328,630,479,
364,67,0.941543,14,328,632,479,
365,67,0.965841,0,330,609,477,
366,67,0.936469,12,326,608,478,
367,67,0.943778,2,326,617,475,
368,67,0.949172,3,328,620,474,
369,67,0.965660,0,332,624,478,
370,67,0.929016,17,340,618,480,
371,67,0.945624,12,336,632,478,
372,67,0.952651,14,335,592,477,
373,67,0.960867,7,336,637,480,
374,67,0.948453,14,327,614,479,
375,67,0.957511,9,330,593,478,
376,67,0.975039,0,332,628,477,
377,67,0.946323,6,329,616,479,
378,67,0.956245,6,328,617,474,
379,67,0.947275,13,329,624,480,
380,67,0.960242,11,330,630,479,
381,67,0.943165,17,331,606,479,
382,67,0.982677,0,331,625,476,
383,67,0.935333,20,337,624,479,
384,67,0.943833,13,331,621,480,
385,67,0.951089,4,331,623,478,
386,67,0.961931,6,330,615,473,
387,67,0.956594,9,329,602,478,
388,67,0.947803,12,332,629,480,
389,67,0.964130,13,334,629,480,
390,67,0.949594,7,325,614,472,
391,67,0.949120,8,326,610,473,
392,67,0.932844,5,327,617,473,
393,67,0.946110,17,329,618,478,
394,67,0.970194,0,335,622,475,
395,67,0.938170,14,330,626,480,
396,67,0.941235,17,330,619,478,
397,67,0.973909,0,334,624,477,
398,67,0.959338,16,328,600,478,
399,67,0.944754,14,333,626,480,
400,67,0.945785,11,327,604,478,
401,67,0.941105,13,338,625,479,
402,67,0.951860,15,338,618,477,
403,67,0.943722,8,325,616,472,
404,67,0.958279,16,327,605,478,
405,67,0.953954,7,327,624,476,
406,67,0.954337,8,331,623,474,
407,67,0.941472,14,337,623,478,
408,67,0.949768,4,330,617,473,
409,67,0.961588,9,330,629,480,
410,67,0.973102,0,330,623,477,
411,67,0.940927,8,341,619,480,
412,67,0.948488,6,327,616,474,
413,67,0.976737,0,330,618,478,
414,67,0.958590,12,340,621,477,
415,67,0.938668,13,329,617,480,
416,67,0.977533,0,333,619,476,
417,67,0.919211,19,340,638,479,
418,67,0.930920,12,328,618,479,
419,67,0.942197,11,325,607,478,
420,67,0.956074,10,330,619,479,
421,67,0.964622,0,329,619,476,
422,67,0.937896,13,326,616,478,
423,67,0.939037,6,341,626,479,
424,67,0.957864,1,334,635,474,
425,67,0.944208,16,328,625,479,
426,67,0.965733,8,326,630,475,
427,67,0.957481,10,325,615,474,
428,67,0.967262,19,342,617,476,
429,67,0.952745,18,324,611,480,
430,67,0.947926,4,330,623,474,
431,67,0.955357,6,330,628,475,
432,67,0.944650,13,327,615,476,
433,67,0.973538,0,334,625,477,
434,67,0.964305,3,331,622,475,
435,67,0.919602,17,323,633,479,
436,67,0.959767,17,342,614,477,
437,67,0.922888,21,335,617,480,
438,67,0.951305,10,334,632,480,
439,67,0.943812,5,330,630,478,
440,67,0.963741,0,338,618,476,
441,67,0.949293,4,334,621,474,
442,67,0.972820,0,338,630,478,
443,67,0.929372,16,337,640,478,
444,67,0.957338,0,336,626,472,
445,67,0.934529,14,343,615,478,
446,67,0.933664,3,336,627,476,
447,67,0.934062,16,336,627,478,
448,67,0.930442,10,341,620,478,
449,67,0.944966,4,336,623,475,
450,67,0.921207,17,343,636,480,
451,67,0.951006,11,335,623,480,
452,67,0.926804,11,335,615,480,
453,67,0.971029,2,340,626,479,
454,67,0.939026,12,331,615,479,
455,67,0.950912,3,332,617,475,
456,67,0.977685,2,340,614,479,
457,67,0.929851,20,342,592,476,
458,67,0.943253,0,334,640,479,
459,67,0.950872,12,338,622,479,
460,67,0.930408,7,338,622,479,
461,67,0.915342,3,336,617,477,
462,67,0.942499,6,337,612,478,
463,67,0.962918,0,335,627,476,
464,67,0.907276,9,331,626,479,
465,67,0.945158,0,332,610,475,
466,67,0.880757,0,339,624,475,
467,67,0.927907,8,333,605,477,
468,67,0.970881,9,337,629,480,
469,67,0.880247,1,329,615,478,
470,67,0.919425,5,331,602,475,
471,67,0.949378,1,326,625,478,
472,67,0.934718,8,329,615,478,
473,67,0.943511,7,328,606,476,
474,67,0.901439,20,332,618,480,
475,67,0.962977,10,332,621,478,
476,67,0.974503,3,336,614,476,
477,67,0.972094,7,336,613,477,
478,67,0.948484,9,330,623,478,
479,67,0.924467,7,330,619,476,
480,67,0.965697,0,337,624,477,
481,67,0.957966,9,333,624,478,
482,67,0.945393,15,335,626,478,
483,67,0.963184,10,336,624,479,
484,67,0.946640,5,336,621,474,
485,67,0.942755,12,332,592,477,
486,67,0.956810,3,335,616,474,
487,67,0.950958,8,341,618,474,
488,67,0.948620,10,335,618,477,
489,67,0.969473,9,337,625,473,
490,67,0.958883,6,333,619,476,
491,67,0.957892,12,335,598,476,
492,67,0.979603,8,340,617,476,
493,67,0.963102,12,334,625,479,
494,67,0.939920,9,335,616,476,
495,67,0.952272,12,335,605,476,
496,67,0.952811,4,334,620,474,
497,67,0.961932,0,333,631,477,
498,67,0.936859,19,336,616,477,
499,67,0.944356,1,348,611,473,
500,67,0.947506,16,337,624,478,
501,67,0.967217,9,337,618,479,
502,67,0.965085,12,335,629,478,
503,67,0.963540,0,338,611,478,
504,67,0.965155,0,337,619,474,
505,67,0.963834,11,336,620,478,
506,67,0.948725,2,336,615,473,
507,67,0.950809,3,346,623,477,
508,67,0.951729,4,337,626,475,
509,67,0.950793,9,334,621,478,
510,67,0.902324,15,337,629,480,
511,67,0.959861,11,332,629,479,
512,67,0.928699,9,338,603,476,
513,67,0.963494,9,336,636,479,
514,67,0.962420,9,331,619,476,
515,67,0.965548,5,334,624,473,
516,67,0.974155,2,336,632,472,
517,67,0.955752,11,334,612,477,
518,67,0.963202,6,338,617,475,
519,67,0.955759,0,338,623,475,
520,67,0.960623,16,337,626,479,
521,67,0.963462,13,332,617,479,
522,67,0.973773,1,341,619,477,
523,67,0.948975,12,336,624,478,
524,67,0.960345,2,332,629,476,
525,67,0.968174,4,337,620,473,
526,67,0.926698,0,337,612,476,
527,67,0.967655,13,332,627,478,
528,67,0.951032,8,334,610,477,
529,67,0.954014,11,333,614,479,
530,67,0.965410,7,338,621,478,
531,67,0.959969,8,339,626,478,
532,67,0.956779,13,338,613,478,
533,67,0.964414,6,336,624,480,
534,67,0.958447,0,342,633,476,
535,67,0.950398,10,335,617,475,
536,67,0.933215,13,335,628,479,
537,67,0.957343,6,334,616,474,
538,67,0.972295,0,338,622,477,
539,67,0.964184,9,338,614,475,
540,67,0.971990,0,339,626,475,
541,67,0.944430,0,336,616,476,
542,67,0.972744,0,342,623,474,
543,67,0.963574,12,339,614,479,
544,67,0.973575,6,340,621,474,
545,67,0.952119,16,332,608,479,
546,67,0.959044,19,332,600,477,
547,67,0.955733,15,339,624,477,
548,67,0.953222,17,334,614,477,
549,67,0.943421,14,334,615,478,
550,67,0.950518,10,334,619,473,
551,67,0.946203,10,333,625,477,
552,67,0.932872,14,329,614,477,
553,67,0.950472,12,332,622,476,
554,67,0.963596,10,330,618,475,
555,67,0.952851,8,331,615,474,
556,67,0.951120,16,332,618,474,
557,67,0.960079,7,332,619,474,
558,67,0.958709,18,329,611,476,
559,67,0.898411,25,332,605,477,
560,67,0.951695,13,329,612,474,
561,67,0.929048,14,335,618,476,
562,67,0.877037,16,328,612,476,
563,67,0.926554,13,331,611,474,
564,67,0.921763,13,333,614,476,
565,67,0.917070,2,334,626,473,
566,67,0.957058,6,333,616,475,
567,67,0.954109,9,333,616,474,
568,67,0.954237,9,333,630,474,
569,67,0.933765,3,335,615,474,
570,67,0.933011,7,333,603,475,
571,67,0.939184,6,336,622,476,
572,67,0.908566,9,329,613,475,
573,67,0.916278,9,335,607,478,
574,67,0.928132,8,332,619,476,
575,67,0.906357,7,332,630,475,
576,67,0.919482,14,331,597,478,
577,67,0.910056,12,331,604,479,
578,67,0.957226,4,335,621,476,
579,67,0.936069,11,330,609,478,
580,67,0.923146,0,338,628,475,
581,67,0.945685,2,337,625,476,
582,67,0.941159,9,333,612,475,
583,67,0.880367,4,335,603,477,
584,67,0.937840,0,334,618,476,
585,67,0.934777,4,336,617,475,
586,67,0.936239,10,333,605,478,
587,67,0.944206,8,337,620,476,
588,67,0.948579,2,336,623,475,
589,67,0.928323,0,343,628,474,
590,67,0.904459,0,341,597,477,
591,67,0.883849,1,341,623,472,
592,67,0.904060,2,344,620,474,
593,67,0.825061,3,342,595,476,
594,67,0.896836,0,340,621,473,
595,67,0.893790,2,337,607,475,
596,67,0.870840,3,342,621,473,
597,67,0.911718,7,342,631,476,
598,67,0.875698,8,340,622,476,
599,67,0.881888,12,345,617,477,
600,67,0.886714,2,342,619,479,
601,67,0.904989,9,343,620,477,
602,67,0.885906,5,343,618,478,
603,67,0.885793,8,343,614,477,
604,67,0.889114,9,341,626,474,
605,67,0.905997,9,343,610,478,
606,67,0.908311,10,342,624,476,
607,67,0.880883,10,343,612,476,
608,67,0.888235,1,346,626,475,
609,67,0.901662,11,347,622,476,
610,67,0.864608,11,345,605,479,
611,67,0.894567,0,340,626,476,
612,67,0.902221,12,340,613,476,
613,67,0.900066,11,349,621,477,
614,67,0.853218,11,340,621,480,
615,67,0.870004,6,344,625,475,
616,67,0.908328,4,344,619,474,
617,67,0.899256,3,339,622,473,
618,67,0.906744,5,338,616,477,
619,67,0.912521,2,343,622,476,
620,67,0.816080,2,342,631,477,
621,67,0.880906,0,341,615,477,
622,67,0.894236,11,343,624,477,
623,67,0.853550,7,341,624,476,
624,67,0.853291,2,339,622,476,
625,67,0.870672,3,341,618,477,
626,67,0.860438,5,342,616,480,
627,67,0.845328,0,344,627,474,
628,67,0.884937,9,340,610,480,
629,67,0.867005,4,345,632,477,
630,67,0.889305,1,343,630,475,
631,67,0.780253,5,341,629,473,
632,67,0.851657,6,342,606,478,
633,67,0.857631,0,342,623,476,
634,67,0.903172,5,344,601,479,
635,67,0.880660,14,348,611,478,
636,67,0.877037,16,341,619,473,
637,67,0.826951,1,346,629,474,
638,67,0.814331,7,339,625,475,
639,67,0.848038,9,345,617,477,
640,67,0.871663,5,344,603,476,
641,67,0.867309,5,342,607,477,
642,67,0.893519,6,344,621,477,
643,67,0.860716,13,340,626,477,
644,67,0.811787,2,343,634,476,
645,67,0.818239,7,343,618,474,
646,67,0.839276,9,341,623,473,
647,67,0.846621,9,343,613,475,
648,67,0.840349,10,342,623,477,
649,67,0.781448,0,344,617,475,
650,67,0.897674,4,344,608,478,
651,67,0.854913,8,342,602,476,
652,67,0.750403,10,344,620,479,
653,67,0.791518,3,345,626,475,
654,67,0.883234,4,344,625,477,
655,67,0.818564,5,344,624,475,
656,67,0.844218,4,343,621,475,
657,67,0.858796,7,343,606,478,
658,67,0.857406,10,341,609,476,
659,67,0.865587,7,343,607,477,
660,67,0.887376,11,344,616,476,
661,67,0.858450,5,343,612,475,
662,67,0.887108,4,344,601,476,
663,67,0.942048,13,347,601,477,
664,67,0.911377,7,342,614,475,
665,67,0.841886,0,346,631,476,
666,67,0.853214,0,342,601,475,
667,67,0.883948,5,347,610,475,
668,67,0.864497,0,344,623,473,
669,67,0.906553,2,344,615,475,
670,67,0.858855,0,343,619,473,
671,67,0.903809,11,342,618,472,
672,67,0.863629,0,341,621,472,
673,67,0.877911,8,335,620,479,
674,67,0.922632,4,341,610,478,
675,67,0.864806,0,341,619,475,
676,67,0.883480,5,344,622,474,
677,67,0.931933,4,340,612,476,
678,67,0.925285,8,338,597,476,
679,67,0.927615,10,335,619,474,
680,67,0.934409,5,339,599,475,
681,67,0.926216,4,339,608,476,
682,67,0.912021,2,334,620,475,
683,67,0.913605,4,340,619,474,
684,67,0.852677,10,331,603,478,
685,67,0.890617,11,334,610,479,
686,67,0.921585,14,332,607,475,
687,67,0.899104,9,322,601,476,
688,67,0.939207,6,332,620,473,
689,67,0.922018,5,324,612,476,
690,67,0.933024,16,333,611,475,
691,67,0.945700,13,331,594,477,
692,67,0.968291,10,333,617,475,
693,67,0.927180,12,330,610,479,
694,67,0.943475,16,338,600,478,
695,67,0.954033,11,338,623,474,
696,67,0.929898,14,334,586,478,
697,67,0.957921,8,336,627,476,
698,67,0.955443,15,335,613,479,
699,67,0.935442,13,334,604,478,
700,67,0.971549,21,333,618,477,
701,67,0.965221,13,337,614,478,
702,67,0.967059,15,340,603,478,
703,67,0.962831,13,343,616,479,
704,67,0.967862,5,338,623,475,
705,67,0.968315,15,333,614,478,
706,67,0.964797,14,339,608,479,
707,67,0.949872,12,338,602,480,
708,67,0.951566,16,339,616,479,
709,67,0.972179,11,336,622,479,
710,67,0.955575,16,334,619,476,
711,67,0.973470,11,336,620,479,
712,67,0.963308,12,338,611,479,
713,67,0.978790,0,339,626,474,
714,67,0.967735,9,337,615,477,
715,67,0.963189,6,334,604,478,
716,67,0.960181,7,340,622,474,
717,67,0.958828,12,338,603,478,
718,67,0.972629,0,341,621,476,
719,67,0.960694,9,341,618,474,
720,67,0.948234,10,334,607,477,
721,67,0.959589,10,337,602,477,
722,67,0.966769,8,338,615,479,
723,67,0.948959,11,339,608,478,
724,67,0.966173,0,336,624,476,
725,67,0.974466,0,337,631,475,
726,67,0.941842,12,331,606,476,
727,67,0.951183,4,334,603,477,
728,67,0.956183,9,340,607,479,
729,67,0.963482,9,334,600,476,
730,67,0.966384,5,339,614,472,
731,67,0.960168,13,330,587,479,
732,67,0.959572,14,337,614,478,
733,67,0.945970,12,335,602,477,
734,67,0.966976,4,335,624,476,
735,67,0.972988,2,338,621,477,
736,67,0.973493,6,340,626,476,
737,67,0.950404,16,340,630,479,
738,67,0.951623,14,335,618,472,
739,67,0.955787,9,335,614,473,
740,67,0.965202,13,335,618,477,
741,67,0.971016,3,336,625,477,
742,67,0.941436,11,337,618,472,
743,67,0.972102,0,334,622,478,
744,67,0.967805,8,336,621,474,
745,67,0.957142,11,338,623,477,
746,67,0.964874,15,338,619,478,
747,67,0.964532,12,336,628,472,
748,67,0.961196,15,334,630,480,
749,67,0.967226,16,335,618,479,
750,67,0.945506,16,336,619,477,
751,67,0.966800,13,334,626,479,
752,67,0.951450,20,333,615,479,
753,67,0.958390,15,335,620,479,
754,67,0.954842,18,334,618,477,
755,67,0.959975,14,330,591,477,
756,67,0.956450,16,333,605,477,
757,67,0.949062,13,337,621,479,
758,67,0.958953,12,336,613,478,
759,67,0.967492,10,336,614,475,
760,67,0.972816,9,340,616,476,
761,67,0.949125,6,336,617,472,
762,67,0.969188,10,335,620,478,
763,67,0.965466,7,338,615,476,
764,67,0.965897,7,336,621,476,
765,67,0.960651,9,340,620,474,
766,67,0.931478,15,330,598,476,
767,67,0.958899,12,333,616,472,
768,67,0.956988,16,339,617,473,
769,67,0.958394,10,337,621,478,
770,67,0.942218,15,336,626,477,
771,67,0.958266,2,338,619,472,
772,67,0.967800,3,333,617,475,
773,67,0.959799,11,336,636,479,
774,67,0.935710,14,333,630,478,
775,67,0.945595,17,334,614,476,
776,67,0.955225,11,332,621,477,
777,67,0.949930,9,335,618,473,
778,67,0.927574,15,329,623,477,
779,67,0.949655,19,336,619,478,
