1,3,62,272,458,478,
2,3,62,272,458,478,
3,3,62,272,458,478,
4,3,62,272,458,478,
5,3,62,272,458,478,
6,3,62,272,458,478,
7,3,62,272,458,478,
8,3,62,272,458,478,
9,3,62,272,458,478,
10,3,62,272,458,478,
11,3,62,272,458,478,
12,3,62,272,458,478,
13,3,62,272,458,478,
14,3,62,272,458,478,
15,3,62,272,458,478,
16,3,62,272,458,478,
17,3,62,272,458,478,
18,3,62,272,458,478,
19,3,62,272,458,478,
20,3,62,272,458,478,
21,3,62,272,458,478,
22,3,62,272,458,478,
23,3,62,272,458,478,
24,3,62,272,458,478,
25,3,62,272,458,478,
26,3,62,272,458,478,
27,3,62,272,458,478,
28,3,62,272,458,478,
29,3,62,272,458,478,
30,3,62,272,458,478,
31,3,62,272,458,478,
32,3,62,272,458,478,
33,3,62,272,458,478,
34,3,62,272,458,478,
35,3,62,272,458,478,
36,3,62,272,458,478,
37,3,62,272,458,478,
38,3,62,272,458,478,
39,3,62,272,458,478,
40,3,62,272,458,478,
41,3,62,272,458,478,
42,3,62,272,458,478,
43,3,62,272,458,478,
44,3,62,272,458,478,
45,3,62,272,458,478,
46,3,62,272,458,478,
47,3,62,272,458,478,
48,3,62,272,458,478,
49,3,62,272,458,478,
50,3,62,272,458,478,
51,3,62,272,458,478,
52,3,62,272,458,478,
53,3,62,272,458,478,
54,3,62,272,458,478,
55,3,62,272,458,478,
56,3,62,272,458,478,
57,3,62,272,458,478,
58,3,62,272,458,478,
59,3,62,272,458,478,
60,3,62,272,458,478,
61,3,62,272,458,478,
62,3,62,272,458,478,
63,3,62,272,458,478,
64,3,62,272,458,478,
65,3,62,272,458,478,
66,3,62,272,458,478,
67,3,62,272,458,478,
68,3,62,272,458,478,
69,3,62,272,458,478,
70,3,62,272,458,478,
71,3,62,272,458,478,
72,3,62,272,458,478,
73,3,62,272,458,478,
74,3,62,272,458,478,
75,3,62,272,458,478,
76,3,62,272,458,478,
77,3,62,272,458,478,
78,3,62,272,458,478,
79,3,62,272,458,478,
80,3,62,272,458,478,
81,3,62,272,458,478,
82,3,62,272,458,478,
83,3,62,272,458,478,
84,3,62,272,458,478,
85,3,62,272,458,478,
86,3,62,272,458,478,
87,3,62,272,458,478,
88,3,62,272,458,478,
89,3,62,272,458,478,
90,3,62,272,458,478,
91,3,62,272,458,478,
92,3,62,272,458,478,
93,3,62,272,458,478,
94,3,62,272,458,478,
95,3,62,272,458,478,
96,3,62,272,458,478,
97,3,62,272,458,478,
98,3,62,272,458,478,
99,3,62,272,458,478,
100,3,62,272,458,478,
101,3,62,272,458,478,
102,3,62,272,458,478,
103,3,62,272,458,478,
104,3,62,272,458,478,
105,3,62,272,458,478,
106,3,62,272,458,478,
107,3,62,272,458,478,
108,3,62,272,458,478,
109,3,62,272,458,478,
110,3,62,272,458,478,
111,3,62,272,458,478,
112,3,62,272,458,478,
113,3,62,272,458,478,
114,3,62,272,458,478,
115,3,62,272,458,478,
116,3,62,272,458,478,
117,3,62,272,458,478,
118,3,62,272,458,478,
119,3,62,272,458,478,
120,3,62,272,458,478,
121,3,62,272,458,478,
122,3,62,272,458,478,
123,3,62,272,458,478,
124,3,62,272,458,478,
125,3,62,272,458,478,
126,3,62,272,458,478,
127,3,62,272,458,478,
128,3,62,272,458,478,
129,3,62,272,458,478,
130,3,62,272,458,478,
131,3,62,272,458,478,
132,3,62,272,458,478,
133,3,62,272,458,478,
134,3,62,272,458,478,
135,3,62,272,458,478,
136,3,62,272,458,478,
137,3,62,272,458,478,
138,3,62,272,458,478,
139,3,62,272,458,478,
140,3,62,272,458,478,
141,3,62,272,458,478,
142,3,62,272,458,478,
143,3,62,272,458,478,
144,3,62,272,458,478,
145,3,62,272,458,478,
146,3,62,272,458,478,
147,3,62,272,458,478,
148,3,62,272,458,478,
149,3,62,272,458,478,
150,3,62,272,458,478,
151,3,62,272,458,478,
152,3,62,272,458,478,
153,3,62,272,458,478,
154,3,62,272,458,478,
155,3,62,272,458,478,
156,3,62,272,458,478,
157,3,62,272,458,478,
158,3,62,272,458,478,
159,3,62,272,458,478,
160,3,62,272,458,478,
161,3,62,272,458,478,
162,3,62,272,458,478,
163,3,62,272,458,478,
164,3,62,272,458,478,
165,3,62,272,458,478,
166,3,62,272,458,478,
167,3,62,272,458,478,
168,3,62,272,458,478,
169,3,62,272,458,478,
170,3,62,272,458,478,
171,3,62,272,458,478,
172,3,62,272,458,478,
173,3,62,272,458,478,
174,3,62,272,458,478,
175,3,62,272,458,478,
176,3,62,272,458,478,
177,3,62,272,458,478,
178,3,62,272,458,478,
179,3,62,272,458,478,
180,3,62,272,458,478,
181,3,62,272,458,478,
182,3,62,272,458,478,
183,3,62,272,458,478,
184,3,62,272,458,478,
185,3,62,272,458,478,
186,3,62,272,458,478,
187,3,62,272,458,478,
188,3,62,272,458,478,
189,3,62,272,458,478,
190,3,62,272,458,478,
191,3,62,272,458,478,
192,3,62,272,458,478,
193,3,62,272,458,478,
194,3,62,272,458,478,
195,3,62,272,458,478,
196,3,62,272,458,478,
197,3,62,272,458,478,
198,3,62,272,458,478,
199,3,62,272,458,478,
200,3,62,272,458,478,
201,3,62,272,458,478,
202,3,62,272,458,478,
203,3,62,272,458,478,
204,3,62,272,458,478,
205,3,62,272,458,478,
206,3,62,272,458,478,
207,3,62,272,458,478,
208,3,62,272,458,478,
209,3,62,272,458,478,
210,3,62,272,458,478,
211,3,62,272,458,478,
212,3,62,272,458,478,
213,3,62,272,458,478,
214,3,62,272,458,478,
215,3,62,272,458,478,
216,3,62,272,458,478,
217,3,62,272,458,478,
218,3,62,272,458,478,
219,3,62,272,458,478,
220,3,62,272,458,478,
221,3,62,272,458,478,
222,3,62,272,458,478,
223,3,62,272,458,478,
224,3,62,272,458,478,
225,3,62,272,458,478,
226,3,62,272,458,478,
227,3,62,272,458,478,
228,3,62,272,458,478,
229,3,62,272,458,478,
230,3,62,272,458,478,
231,3,62,272,458,478,
232,3,62,272,458,478,
233,3,62,272,458,478,
234,3,62,272,458,478,
235,3,62,272,458,478,
236,3,62,272,458,478,
237,3,62,272,458,478,
238,3,62,272,458,478,
239,3,62,272,458,478,
240,3,62,272,458,478,
241,3,62,272,458,478,
242,3,62,272,458,478,
243,3,62,272,458,478,
244,3,62,272,458,478,
245,3,62,272,458,478,
246,3,62,272,458,478,
247,3,62,272,458,478,
248,3,62,272,458,478,
249,3,62,272,458,478,
250,3,62,272,458,478,
251,3,62,272,458,478,
252,3,62,272,458,478,
253,3,62,272,458,478,
254,3,62,272,458,478,
255,3,62,272,458,478,
256,3,62,272,458,478,
257,3,62,272,458,478,
258,3,62,272,458,478,
259,3,62,272,458,478,
260,3,62,272,458,478,
261,3,62,272,458,478,
262,3,62,272,458,478,
263,3,62,272,458,478,
264,3,62,272,458,478,
265,3,62,272,458,478,
266,3,62,272,458,478,
267,3,62,272,458,478,
268,3,62,272,458,478,
269,3,62,272,458,478,
270,3,62,272,458,478,
271,3,62,272,458,478,
272,3,62,272,458,478,
273,3,62,272,458,478,
274,3,62,272,458,478,
275,3,62,272,458,478,
276,3,62,272,458,478,
277,3,62,272,458,478,
278,3,62,272,458,478,
279,3,62,272,458,478,
280,3,62,272,458,478,
281,3,62,272,458,478,
282,3,62,272,458,478,
283,3,62,272,458,478,
284,3,62,272,458,478,
285,3,62,272,458,478,
286,3,62,272,458,478,
287,3,62,272,458,478,
288,3,62,272,458,478,
289,3,62,272,458,478,
290,3,62,272,458,478,
291,3,62,272,458,478,
292,3,62,272,458,478,
293,3,62,272,458,478,
294,3,62,272,458,478,
295,3,62,272,458,478,
296,3,62,272,458,478,
297,3,62,272,458,478,
298,3,62,272,458,478,
299,3,62,272,458,478,
300,3,62,272,458,478,
301,3,62,272,458,478,
302,3,62,272,458,478,
303,3,62,272,458,478,
304,3,62,272,458,478,
305,3,62,272,458,478,
306,3,62,272,458,478,
307,3,62,272,458,478,
308,3,62,272,458,478,
309,3,62,272,458,478,
310,3,62,272,458,478,
311,3,62,272,458,478,
312,3,62,272,458,478,
313,3,62,272,458,478,
314,3,62,272,458,478,
315,3,62,272,458,478,
316,3,62,272,458,478,
317,3,62,272,458,478,
318,3,62,272,458,478,
319,3,62,272,458,478,
320,3,62,272,458,478,
321,3,62,272,458,478,
322,3,62,272,458,478,
323,3,62,272,458,478,
324,3,62,272,458,478,
325,3,62,272,458,478,
326,3,62,272,458,478,
327,3,62,272,458,478,
328,3,62,272,458,478,
329,3,62,272,458,478,
330,3,62,272,458,478,
331,3,62,272,458,478,
332,3,62,272,458,478,
333,3,62,272,458,478,
334,3,62,272,458,478,
335,3,62,272,458,478,
336,3,62,272,458,478,
337,3,62,272,458,478,
338,3,62,272,458,478,
339,3,62,272,458,478,
340,3,62,272,458,478,
341,3,62,272,458,478,
342,3,62,272,458,478,
343,3,62,272,458,478,
344,3,62,272,458,478,
345,3,62,272,458,478,
346,3,62,272,458,478,
347,3,62,272,458,478,
348,3,62,272,458,478,
349,3,62,272,458,478,
350,3,62,272,458,478,
351,3,62,272,458,478,
352,3,62,272,458,478,
353,3,62,272,458,478,
354,3,62,272,458,478,
355,3,62,272,458,478,
356,3,62,272,458,478,
357,3,62,272,458,478,
358,3,62,272,458,478,
359,3,62,272,458,478,
360,3,62,272,458,478,
361,3,62,272,458,478,
362,3,62,272,458,478,
363,3,62,272,458,478,
364,3,62,272,458,478,
365,3,62,272,458,478,
366,3,62,272,458,478,
367,3,62,272,458,478,
368,3,62,272,458,478,
369,3,62,272,458,478,
370,3,62,272,458,478,
371,3,62,272,458,478,
372,3,62,272,458,478,
373,3,62,272,458,478,
374,3,62,272,458,478,
375,3,62,272,458,478,
376,3,62,272,458,478,
377,3,62,272,458,478,
378,3,62,272,458,478,
379,3,62,272,458,478,
380,3,62,272,458,478,
381,3,62,272,458,478,
382,3,62,272,458,478,
383,3,62,272,458,478,
384,3,62,272,458,478,
385,3,62,272,458,478,
386,3,62,272,458,478,
387,3,62,272,458,478,
388,3,62,272,458,478,
389,3,62,272,458,478,
390,3,62,272,458,478,
391,3,62,272,458,478,
392,3,62,272,458,478,
393,3,62,272,458,478,
394,3,62,272,458,478,
395,3,62,272,458,478,
396,3,62,272,458,478,
397,3,62,272,458,478,
398,3,62,272,458,478,
399,3,62,272,458,478,
400,3,62,272,458,478,
401,3,62,272,458,478,
402,3,62,272,458,478,
403,3,62,272,458,478,
404,3,62,272,458,478,
405,3,62,272,458,478,
406,3,62,272,458,478,
407,3,62,272,458,478,
408,3,62,272,458,478,
409,3,62,272,458,478,
410,3,62,272,458,478,
411,3,62,272,458,478,
412,3,62,272,458,478,
413,3,62,272,458,478,
414,3,62,272,458,478,
415,3,62,272,458,478,
416,3,62,272,458,478,
417,3,62,272,458,478,
