1,86,0.722757,107,305,177,400,
2,86,0.648804,107,305,177,399,
3,86,0.699018,107,304,177,399,
4,86,0.629988,107,304,177,400,
5,86,0.741218,107,304,177,400,
6,86,0.748006,107,303,176,401,
7,86,0.667744,107,305,177,400,
8,86,0.548997,107,305,177,400,
9,86,0.656842,107,303,177,400,
10,86,0.668086,107,305,177,400,
11,86,0.604965,107,303,177,400,
13,86,0.523315,108,305,177,400,
14,86,0.678252,107,304,177,400,
15,86,0.721756,107,304,177,400,
16,86,0.755599,107,304,177,400,
17,86,0.670592,107,305,177,401,
18,86,0.539788,107,304,177,400,
19,86,0.548587,107,304,178,401,
20,86,0.642987,107,305,177,400,
21,86,0.782184,107,304,177,400,
22,86,0.637395,107,303,177,400,
23,86,0.607483,107,304,177,400,
24,86,0.774809,108,305,177,400,
25,86,0.585711,108,306,177,401,
26,86,0.673113,107,305,178,400,
27,86,0.791759,108,306,177,400,
28,86,0.626324,108,305,177,400,
29,86,0.727764,107,305,177,400,
30,86,0.706174,107,305,177,400,
31,86,0.666791,108,304,177,400,
32,86,0.657450,107,304,177,400,
33,86,0.649009,107,305,178,400,
34,86,0.732187,108,305,177,401,
35,86,0.760872,107,304,177,400,
36,86,0.622079,107,304,177,401,
37,86,0.712883,107,304,178,400,
38,86,0.753126,107,304,177,400,
39,86,0.689243,107,304,177,400,
40,86,0.603509,107,303,177,400,
41,86,0.774909,108,305,178,400,
42,86,0.648583,107,305,177,400,
43,86,0.733206,107,304,177,400,
44,86,0.624764,108,304,178,400,
45,86,0.639344,108,304,177,400,
46,86,0.770023,107,304,177,400,
47,86,0.740984,108,304,177,401,
48,86,0.604564,107,304,177,400,
49,86,0.687320,108,305,177,401,
50,86,0.722252,107,307,177,400,
51,86,0.649722,107,303,177,401,
52,86,0.739363,107,305,177,400,
53,86,0.634042,107,306,177,400,
54,86,0.618785,108,303,177,399,
55,86,0.777413,108,305,177,399,
56,86,0.662588,107,304,177,400,
57,86,0.679733,108,305,177,400,
58,86,0.638968,107,305,177,400,
59,86,0.626787,107,307,177,400,
60,86,0.717607,107,304,178,400,
61,86,0.756829,107,304,178,401,
62,86,0.661235,108,305,178,401,
63,86,0.696051,107,304,177,401,
64,86,0.688765,107,306,177,400,
65,86,0.763028,107,305,178,400,
66,86,0.661617,107,303,177,399,
67,86,0.615225,107,306,177,400,
68,86,0.553299,107,304,177,400,
69,86,0.710891,107,304,178,400,
70,86,0.540448,107,305,177,400,
71,86,0.563950,107,306,177,400,
72,86,0.571450,107,306,178,400,
73,86,0.687603,107,304,178,400,
74,86,0.626174,107,307,178,400,
75,86,0.645774,107,305,178,400,
76,86,0.578266,107,307,178,401,
77,86,0.576724,108,307,178,401,
78,86,0.707195,107,305,178,400,
79,86,0.711387,107,303,178,400,
80,86,0.609819,108,305,177,400,
81,86,0.717174,107,306,178,400,
82,86,0.758244,107,305,177,399,
83,86,0.627612,107,304,177,400,
84,86,0.547448,108,306,178,400,
85,86,0.653028,107,305,177,399,
86,86,0.527949,107,304,178,399,
87,86,0.726397,107,305,177,399,
88,86,0.570218,107,304,177,399,
89,86,0.636553,107,305,178,400,
90,86,0.527245,107,305,177,401,
91,86,0.563604,107,305,178,400,
92,86,0.605805,107,306,178,401,
93,86,0.729774,107,305,178,400,
94,86,0.811043,107,304,177,400,
95,86,0.730443,107,306,178,401,
97,86,0.620313,107,305,178,401,
98,86,0.729489,107,306,177,401,
99,86,0.511955,107,304,178,400,
100,86,0.691775,107,306,178,400,
101,86,0.727252,107,306,177,400,
102,86,0.725959,107,304,178,400,
103,86,0.677510,107,304,178,400,
104,86,0.664491,107,306,177,400,
105,86,0.715136,107,305,177,400,
106,86,0.544606,107,305,177,400,
107,86,0.618964,107,306,178,401,
109,86,0.516900,107,306,178,402,
111,86,0.637343,107,305,178,401,
112,86,0.655011,107,305,178,400,
113,86,0.608280,108,306,178,401,
114,86,0.605906,108,305,178,401,
115,86,0.662852,107,305,178,400,
116,86,0.635812,106,304,177,400,
117,86,0.503436,107,305,178,401,
118,86,0.687297,107,305,178,401,
119,86,0.698507,107,305,178,401,
120,86,0.550783,107,305,177,401,
122,86,0.702544,107,305,178,401,
123,86,0.664732,107,305,178,401,
124,86,0.690810,107,305,178,401,
125,86,0.547025,107,305,178,401,
126,86,0.753370,107,306,178,403,
127,86,0.825089,107,307,178,402,
128,86,0.813898,107,304,178,402,
129,86,0.662644,108,306,177,402,
130,86,0.702154,107,304,178,403,
131,86,0.642486,107,304,177,402,
132,86,0.671636,107,304,177,402,
133,86,0.777792,107,305,177,401,
134,86,0.760329,107,305,177,402,
135,86,0.701132,107,305,178,401,
136,86,0.696965,107,304,177,402,
137,86,0.607191,107,304,177,402,
138,86,0.586975,107,305,178,401,
139,86,0.606365,107,305,177,402,
140,86,0.703183,107,306,178,402,
141,86,0.712452,107,304,178,402,
142,86,0.686707,107,305,178,402,
143,86,0.633450,107,305,177,401,
144,86,0.667074,108,305,178,402,
145,86,0.692430,107,305,178,402,
146,86,0.713222,108,306,177,402,
147,86,0.731735,106,306,178,402,
148,86,0.607798,107,306,177,403,
149,86,0.737171,107,304,177,403,
150,86,0.726982,107,307,178,403,
151,86,0.815559,107,304,178,402,
152,86,0.743246,107,305,178,402,
153,86,0.739452,107,305,178,402,
154,86,0.724376,107,304,178,402,
155,86,0.753368,107,305,177,402,
156,86,0.634650,108,305,178,402,
157,86,0.784346,107,305,178,401,
158,86,0.682365,107,304,177,402,
159,86,0.687800,107,305,178,402,
160,86,0.831461,107,304,178,402,
161,86,0.705164,107,306,178,403,
162,86,0.839012,107,306,177,402,
163,86,0.653817,107,305,178,403,
164,86,0.856618,108,306,178,403,
165,86,0.745586,107,305,177,402,
166,86,0.709860,107,305,176,401,
167,86,0.744994,107,305,178,401,
168,86,0.720758,108,304,177,401,
169,86,0.744125,107,304,178,401,
170,86,0.628442,107,306,178,402,
171,86,0.522113,108,303,177,401,
172,86,0.764072,108,305,178,402,
173,86,0.521507,107,303,178,402,
174,86,0.654047,107,304,178,402,
175,86,0.735923,107,306,177,402,
176,86,0.777105,108,305,177,403,
177,86,0.788873,107,305,177,402,
178,86,0.636984,107,306,178,402,
179,86,0.782681,107,305,177,402,
180,86,0.729070,107,305,178,401,
181,86,0.633004,107,305,178,402,
182,86,0.767509,106,306,178,403,
183,86,0.624490,107,306,178,402,
184,86,0.686313,107,303,178,402,
185,86,0.544557,107,305,178,402,
186,86,0.605225,107,305,178,401,
187,86,0.680464,107,306,178,402,
188,86,0.725349,107,304,177,402,
189,86,0.664293,108,304,178,401,
190,86,0.612039,107,305,178,401,
191,86,0.629367,107,305,178,401,
192,86,0.572370,106,304,177,402,
193,86,0.742631,107,305,178,402,
194,86,0.746379,107,305,177,401,
195,86,0.722768,108,305,178,401,
196,86,0.696729,108,305,177,401,
197,86,0.682045,107,305,178,401,
198,86,0.685697,107,305,178,402,
199,86,0.636100,107,305,178,401,
200,86,0.703440,107,305,177,400,
201,86,0.640572,107,305,178,401,
202,86,0.697449,107,305,177,402,
203,86,0.728868,107,306,178,401,
204,86,0.681499,108,304,177,402,
205,86,0.736686,107,305,178,402,
206,86,0.704504,107,305,177,401,
207,86,0.751799,107,305,177,402,
208,86,0.719316,107,304,177,401,
209,86,0.744172,107,305,178,401,
210,86,0.739252,107,305,177,401,
211,86,0.758360,107,305,177,402,
212,86,0.731385,107,305,177,402,
213,86,0.679743,108,305,177,402,
214,86,0.734863,107,305,177,401,
215,86,0.713104,107,305,177,402,
216,86,0.741277,107,305,178,402,
217,86,0.620367,108,304,178,401,
218,86,0.526798,107,304,178,402,
219,86,0.664650,108,305,177,402,
220,86,0.537671,107,303,177,400,
221,86,0.582688,108,304,178,402,
222,86,0.702858,107,305,178,401,
223,86,0.628196,107,304,177,402,
224,86,0.798619,107,303,177,402,
225,86,0.685531,107,304,177,401,
226,86,0.669063,107,305,178,402,
227,86,0.743747,107,304,178,402,
228,86,0.647642,107,304,177,401,
229,86,0.653385,108,304,177,402,
230,86,0.645251,108,305,178,402,
231,86,0.641386,107,305,178,402,
232,86,0.755340,107,305,177,401,
233,86,0.798920,108,305,178,402,
234,86,0.572815,108,304,177,401,
235,86,0.688145,108,305,178,402,
236,86,0.644545,108,305,177,401,
237,86,0.572443,107,305,178,401,
238,86,0.785687,107,304,177,402,
239,86,0.659409,107,304,178,402,
240,86,0.550193,108,304,178,401,
241,86,0.754367,107,305,178,402,
242,86,0.545133,107,304,178,401,
243,86,0.665106,107,305,178,401,
244,86,0.792023,107,305,178,402,
245,86,0.621131,107,305,178,401,
246,86,0.667823,107,304,177,400,
247,86,0.689601,107,304,178,401,
248,86,0.631536,108,304,177,401,
249,86,0.603331,107,305,177,402,
250,86,0.753722,107,304,178,402,
251,86,0.800555,108,306,177,402,
252,86,0.554066,107,303,178,402,
253,86,0.767280,107,304,178,402,
254,86,0.656749,107,305,177,402,
255,86,0.697849,107,306,178,401,
256,86,0.567145,108,305,177,402,
257,86,0.750489,107,304,178,401,
258,86,0.646626,107,304,178,401,
259,86,0.567706,107,304,178,401,
260,86,0.684051,107,306,178,402,
261,86,0.548091,107,304,177,401,
262,86,0.723597,108,304,178,402,
263,86,0.827188,108,305,178,401,
264,86,0.759116,107,303,178,401,
265,86,0.753614,108,305,178,402,
266,86,0.760529,107,304,177,402,
267,86,0.666904,107,304,178,402,
268,86,0.649657,107,304,177,402,
269,86,0.630394,107,304,177,402,
270,86,0.627979,107,305,177,401,
271,86,0.677865,107,305,177,402,
272,86,0.725406,107,306,177,401,
273,86,0.618142,108,304,177,401,
274,86,0.672891,107,304,178,401,
275,86,0.556226,107,304,178,400,
276,86,0.657337,107,305,177,401,
277,86,0.732345,107,304,178,401,
278,86,0.671349,107,305,178,401,
279,86,0.655191,107,304,178,400,
280,86,0.623049,107,304,178,401,
281,86,0.544914,108,305,178,401,
282,86,0.553522,107,304,177,401,
283,86,0.613251,107,306,177,402,
284,86,0.541692,108,304,178,401,
285,86,0.671600,107,304,178,400,
286,86,0.740045,107,306,178,402,
287,86,0.575790,108,305,178,402,
288,86,0.746568,107,305,177,401,
289,86,0.732543,107,305,177,401,
290,86,0.624833,107,306,178,401,
291,86,0.626820,107,304,177,400,
292,86,0.733384,107,304,178,401,
293,86,0.578145,107,304,178,401,
294,86,0.631967,107,304,178,400,
295,86,0.591850,108,305,178,400,
296,86,0.683817,107,304,178,401,
297,86,0.756209,107,304,177,400,
298,86,0.772298,107,305,178,401,
299,86,0.687203,107,306,178,401,
300,86,0.751298,106,305,177,401,
301,86,0.641904,107,305,177,401,
302,86,0.685285,107,305,178,400,
303,86,0.635419,107,304,178,401,
304,86,0.642686,108,305,178,400,
305,86,0.696328,107,304,178,401,
306,86,0.603338,108,303,178,400,
307,86,0.622188,107,304,178,401,
308,86,0.681247,108,305,178,400,
309,86,0.626315,108,305,178,401,
310,86,0.720744,107,304,178,401,
311,86,0.700099,107,304,177,400,
312,86,0.778476,108,305,178,401,
313,86,0.683456,107,304,177,400,
314,86,0.648721,108,305,178,400,
315,86,0.817173,108,306,177,401,
316,86,0.594905,107,305,178,400,
317,86,0.608285,107,304,177,401,
318,86,0.758387,107,307,178,400,
319,86,0.754031,107,305,178,401,
320,86,0.701820,107,305,178,401,
321,86,0.716222,107,305,177,400,
322,86,0.570733,108,304,178,401,
323,86,0.734768,108,305,178,401,
324,86,0.649356,107,304,178,401,
325,86,0.711557,107,306,178,400,
326,86,0.601934,107,305,178,399,
327,86,0.631289,107,305,178,402,
328,86,0.569186,107,306,178,400,
329,86,0.626648,107,306,177,401,
330,86,0.645943,107,304,178,401,
331,86,0.638105,107,304,177,401,
332,86,0.687698,107,305,178,400,
333,86,0.638844,108,305,178,401,
334,86,0.777185,107,304,177,400,
335,86,0.722057,108,305,178,400,
337,86,0.545670,107,305,178,400,
338,86,0.628777,108,304,177,400,
339,86,0.637668,107,304,178,400,
340,86,0.591586,107,304,178,400,
341,86,0.796822,107,305,178,400,
342,86,0.650720,107,304,178,401,
344,86,0.611533,107,305,178,401,
345,86,0.691405,107,305,177,400,
346,86,0.659386,107,305,178,399,
347,86,0.679687,106,304,177,401,
348,86,0.537596,107,305,177,401,
349,86,0.739250,107,305,178,401,
350,86,0.583583,107,305,177,400,
351,86,0.592957,107,304,178,400,
352,86,0.642774,107,304,178,400,
353,86,0.522248,107,303,177,401,
354,86,0.621432,106,305,178,401,
355,86,0.728238,108,305,178,401,
356,86,0.579961,108,303,178,400,
357,86,0.678027,107,306,178,400,
358,86,0.685492,107,305,178,401,
359,86,0.666186,107,306,178,401,
360,86,0.632352,107,304,178,400,
361,86,0.730330,107,304,178,401,
362,86,0.621252,107,304,178,400,
363,86,0.611742,107,305,177,400,
364,86,0.690426,107,306,177,400,
365,86,0.703120,107,304,178,400,
366,86,0.614887,108,303,177,401,
367,86,0.694439,107,304,178,400,
368,86,0.733797,107,304,177,399,
369,86,0.601426,107,303,178,401,
370,86,0.701112,107,305,177,400,
371,86,0.752632,108,304,178,401,
372,86,0.613956,107,304,177,400,
374,86,0.755665,107,305,178,401,
375,86,0.535392,107,306,177,401,
376,86,0.672506,107,305,178,401,
377,86,0.667558,107,304,178,400,
378,86,0.667441,107,303,177,401,
379,86,0.721268,107,305,178,401,
380,86,0.608293,107,305,178,401,
381,86,0.730070,107,305,178,401,
382,86,0.698328,107,306,177,401,
383,86,0.630682,107,305,178,400,
384,86,0.754809,107,304,177,401,
386,86,0.723434,107,305,177,400,
387,86,0.788765,107,305,177,401,
388,86,0.816005,106,304,178,401,
389,86,0.582653,107,304,178,401,
390,86,0.828207,107,304,178,400,
391,86,0.695232,107,305,179,400,
392,86,0.800475,107,305,178,400,
393,86,0.697057,107,304,178,401,
394,86,0.721459,107,305,178,402,
395,86,0.617475,107,305,177,401,
396,86,0.802678,107,304,178,401,
397,86,0.603250,108,305,177,402,
398,86,0.626757,107,304,178,401,
399,86,0.636172,107,306,178,401,
400,86,0.593473,107,305,177,401,
401,86,0.666913,107,305,177,402,
402,86,0.709355,107,305,178,400,
403,86,0.670438,108,303,177,401,
404,86,0.750888,107,304,178,401,
405,86,0.714130,107,304,178,400,
406,86,0.641284,107,304,178,401,
407,86,0.737506,107,304,178,402,
408,86,0.814538,107,305,177,401,
409,86,0.560679,108,304,177,401,
410,86,0.748535,107,304,177,402,
411,86,0.621639,107,304,177,401,
412,86,0.723135,107,306,177,402,
413,86,0.672271,107,304,177,402,
414,86,0.741190,107,305,177,401,
415,86,0.746988,107,305,178,402,
416,86,0.781874,107,306,178,402,
417,86,0.778784,107,305,177,402,
418,86,0.536246,108,305,177,402,
419,86,0.721905,108,304,177,401,
420,86,0.502119,108,304,178,401,
421,86,0.633653,108,306,177,402,
422,86,0.538536,107,304,178,402,
423,86,0.682991,107,305,177,402,
424,86,0.630890,107,305,177,402,
425,86,0.794655,107,306,178,402,
426,86,0.634774,107,304,177,402,
427,86,0.662628,107,305,178,402,
428,86,0.798795,107,305,178,402,
429,86,0.631410,107,304,177,402,
430,86,0.721480,107,306,177,402,
431,86,0.560387,107,305,177,402,
432,86,0.676289,107,305,178,402,
433,86,0.694976,107,305,177,402,
434,86,0.712776,107,305,178,402,
435,86,0.744097,107,305,178,402,
436,86,0.620574,107,304,178,401,
437,86,0.698784,107,305,178,402,
438,86,0.750104,107,305,177,402,
439,86,0.746781,107,305,178,402,
440,86,0.579097,107,304,177,403,
441,86,0.739434,107,304,177,402,
442,86,0.543118,107,304,178,401,
443,86,0.650430,107,304,177,402,
444,86,0.794471,107,304,178,402,
445,86,0.819507,107,304,177,402,
446,86,0.777789,107,306,178,402,
447,86,0.693971,108,305,178,402,
448,86,0.633555,107,303,177,402,
449,86,0.672524,108,306,177,402,
450,86,0.751209,107,305,178,402,
451,86,0.630434,107,304,178,402,
452,86,0.706772,108,306,177,402,
453,86,0.752822,107,305,178,402,
454,86,0.762118,107,305,178,402,
455,86,0.686612,107,303,177,402,
456,86,0.653822,107,306,177,402,
457,86,0.681158,107,304,178,402,
458,86,0.593861,107,304,178,402,
459,86,0.722345,107,305,178,402,
460,86,0.776820,108,305,177,403,
461,86,0.677898,107,304,178,402,
462,86,0.777775,107,305,177,401,
463,86,0.711293,107,305,178,402,
464,86,0.614710,107,305,178,402,
466,86,0.846894,107,305,178,402,
467,86,0.817565,107,303,178,401,
468,86,0.679747,107,304,177,403,
469,86,0.726310,108,305,177,402,
470,86,0.734834,107,304,177,402,
471,86,0.768519,107,306,177,403,
472,86,0.809170,107,306,178,403,
473,86,0.680456,107,305,178,402,
474,86,0.712958,107,304,177,402,
475,86,0.783450,107,305,177,402,
476,86,0.796966,107,305,177,402,
477,86,0.588288,107,304,177,402,
478,86,0.649240,108,305,177,403,
479,86,0.771932,108,305,178,402,
480,86,0.683470,107,304,178,403,
481,86,0.663570,107,305,178,402,
482,86,0.801211,107,305,178,402,
483,86,0.577825,107,304,178,402,
484,86,0.790021,107,306,177,402,
485,86,0.590368,106,304,178,402,
486,86,0.599163,107,304,178,403,
487,86,0.636747,107,305,178,402,
488,86,0.679015,107,304,177,402,
489,86,0.785023,107,303,177,402,
490,86,0.646165,107,305,178,402,
491,86,0.804758,107,306,177,403,
492,86,0.727441,108,305,177,402,
493,86,0.732591,107,305,178,402,
494,86,0.672968,107,306,178,402,
495,86,0.728581,107,304,177,402,
496,86,0.849620,107,305,178,403,
497,86,0.700130,107,305,178,402,
498,86,0.730234,107,304,178,402,
499,86,0.708907,108,305,178,403,
500,86,0.725953,108,305,177,403,
501,86,0.742319,107,305,177,401,
502,86,0.716398,107,304,178,401,
503,86,0.697741,107,305,178,402,
504,86,0.757092,107,306,178,403,
505,86,0.738447,107,304,177,402,
506,86,0.806362,107,305,177,402,
507,86,0.806595,108,306,178,402,
508,86,0.743347,107,306,178,403,
509,86,0.718866,107,306,178,401,
510,86,0.627197,107,305,178,401,
511,86,0.599378,108,305,177,401,
512,86,0.689237,107,305,178,402,
513,86,0.715771,107,305,178,401,
514,86,0.645142,108,305,177,401,
515,86,0.727618,108,305,178,400,
516,86,0.785528,107,305,177,401,
517,86,0.590675,107,304,177,400,
518,86,0.696915,108,304,177,400,
519,86,0.716951,107,304,178,401,
520,86,0.611523,108,307,178,401,
521,86,0.669771,108,305,180,401,
522,86,0.668458,108,304,177,401,
528,86,0.551280,108,306,177,400,
529,86,0.599669,108,307,177,401,
530,86,0.569747,108,307,178,400,
531,86,0.614877,109,309,176,400,
532,86,0.737340,109,308,176,401,
533,86,0.599039,109,308,177,400,
534,86,0.511746,108,308,177,400,
535,86,0.584817,108,308,178,400,
539,86,0.516042,107,304,175,401,
541,86,0.671398,105,303,175,397,
544,86,0.502271,106,286,178,381,
545,86,0.653779,107,278,179,376,
939,86,0.533554,116,290,185,382,
940,86,0.660728,112,293,184,387,
941,86,0.601688,108,293,181,392,
942,86,0.690021,106,296,180,394,
943,86,0.766352,104,302,176,396,
944,86,0.669877,101,303,175,399,
945,86,0.522711,98,304,171,402,
946,86,0.527567,94,304,170,404,
947,86,0.767389,91,304,168,405,
948,86,0.551879,88,309,167,406,
949,86,0.762860,87,307,165,406,
950,86,0.795102,85,308,163,408,
951,86,0.581248,84,308,161,410,
952,86,0.755539,81,314,156,415,
953,86,0.627510,80,314,154,415,
954,86,0.508114,79,317,154,417,
955,86,0.818519,79,315,154,420,
956,86,0.753782,77,318,154,419,
957,86,0.701715,76,318,154,419,
958,86,0.754636,75,319,153,418,
959,86,0.686202,75,318,153,420,
960,86,0.709531,75,318,153,419,
961,86,0.706203,74,318,152,419,
962,86,0.669382,73,318,151,419,
963,86,0.633990,73,318,152,420,
964,86,0.574759,72,319,152,420,
966,86,0.656373,72,319,153,420,
967,86,0.577340,73,320,153,419,
968,86,0.580895,73,320,153,420,
969,86,0.606532,71,319,152,420,
970,86,0.574835,72,319,152,419,
971,86,0.583796,73,319,153,419,
972,86,0.744190,72,318,152,419,
973,86,0.583130,73,320,152,419,
974,86,0.642601,73,320,152,419,
975,86,0.506858,74,320,152,419,
976,86,0.563911,74,319,153,419,
977,86,0.675873,73,318,151,421,
978,86,0.710396,74,318,152,421,
979,86,0.606280,73,318,151,420,
980,86,0.561865,73,318,152,420,
981,86,0.535302,73,319,152,420,
982,86,0.586640,73,319,152,420,
983,86,0.715712,73,318,152,420,
984,86,0.733951,73,319,152,420,
985,86,0.628391,73,319,153,420,
986,86,0.730738,73,318,152,420,
