1,51,0.899920,324,216,390,254,
2,51,0.897043,323,217,388,253,
3,51,0.983384,320,217,388,254,
4,51,0.955745,319,218,386,256,
5,51,0.924125,318,217,386,255,
6,51,0.896706,318,217,386,257,
7,51,0.964598,317,218,384,257,
8,51,0.962504,316,220,382,257,
9,51,0.982649,314,220,380,256,
10,51,0.961802,314,222,380,257,
11,51,0.948641,313,222,382,259,
12,51,0.879089,314,222,379,260,
13,51,0.921776,314,222,380,260,
14,51,0.829129,311,223,378,260,
15,51,0.900062,311,222,380,260,
16,51,0.920706,312,223,378,260,
17,51,0.861949,312,223,378,261,
18,51,0.856400,311,223,377,261,
19,51,0.518228,310,222,375,259,
20,51,0.760001,308,223,374,260,
21,51,0.840045,306,224,376,260,
22,51,0.641943,305,223,373,259,
23,51,0.568338,302,222,372,262,
24,51,0.577038,300,222,372,261,
25,51,0.772394,298,222,370,261,
26,51,0.659908,295,223,372,262,
27,51,0.585035,292,225,370,262,
28,51,0.684736,290,225,368,263,
29,51,0.834978,290,223,367,263,
30,31,0.743325,281,220,368,267,
32,51,0.674185,283,226,363,267,
34,51,0.666664,266,229,354,269,
35,51,0.791945,273,232,351,273,
36,51,0.846218,269,234,350,274,
37,51,0.822857,271,237,345,275,
38,51,0.893838,268,239,347,279,
39,51,0.901574,260,244,346,280,
40,51,0.958887,263,245,341,284,
41,51,0.941430,262,251,337,287,
42,51,0.952775,258,251,338,288,
43,51,0.805548,255,253,336,292,
44,51,0.912528,259,257,332,298,
45,51,0.682784,246,261,336,302,
46,51,0.559092,252,262,334,304,
47,51,0.756663,252,266,335,307,
48,51,0.807476,251,270,330,313,
49,51,0.759975,252,273,330,317,
50,31,0.589137,238,272,340,326,
51,51,0.702797,247,279,328,325,
52,51,0.553173,247,285,330,332,
53,51,0.553716,247,288,329,337,
54,51,0.719482,250,293,329,342,
55,51,0.587457,252,297,332,346,
56,51,0.510502,247,298,332,356,
57,51,0.674393,251,305,329,356,
58,51,0.535634,254,309,332,360,
59,51,0.949039,251,311,336,366,
60,51,0.895562,253,317,332,369,
61,51,0.969672,253,324,333,374,
62,51,0.948272,254,325,336,379,
64,51,0.730932,256,334,333,389,
65,51,0.669665,253,335,336,392,
67,60,0.549522,255,341,334,400,
69,60,0.617422,255,346,335,407,
70,60,0.763005,258,349,336,411,
71,60,0.548785,256,350,336,412,
72,61,0.656001,260,356,337,410,
73,61,0.740459,259,354,336,414,
74,61,0.716027,260,354,335,414,
75,61,0.779815,257,355,339,416,
76,61,0.590717,261,356,336,416,
77,61,0.779097,262,357,338,416,
78,61,0.514334,261,359,339,417,
79,60,0.570685,261,359,338,420,
80,60,0.550775,261,360,339,419,
81,60,0.834469,261,359,339,420,
82,61,0.577968,262,359,339,419,
83,61,0.515424,261,360,339,420,
84,60,0.521238,261,360,338,421,
85,61,0.633417,261,360,339,419,
86,61,0.515649,262,362,339,418,
87,61,0.609562,262,362,340,418,
88,61,0.554880,261,361,340,418,
89,61,0.510392,262,361,340,418,
90,61,0.640364,261,361,340,418,
91,61,0.559721,261,362,339,418,
92,61,0.581848,261,362,339,419,
93,61,0.507455,261,361,339,419,
94,61,0.508549,262,363,341,419,
95,61,0.693410,262,363,340,418,
96,61,0.783278,261,363,339,418,
97,61,0.674232,261,363,339,418,
98,61,0.662868,261,362,339,419,
99,61,0.643193,261,362,339,418,
100,61,0.616644,261,362,339,418,
101,61,0.669176,261,363,340,419,
102,61,0.728901,261,362,340,419,
103,61,0.631845,262,362,340,418,
104,61,0.699202,261,362,340,418,
105,61,0.591103,261,362,340,419,
106,61,0.675396,262,362,340,419,
107,61,0.632257,262,362,340,419,
108,61,0.624833,262,363,340,419,
109,61,0.700525,263,362,340,419,
110,61,0.618728,263,362,340,419,
111,61,0.561967,263,361,339,419,
120,61,0.500502,262,362,341,419,
121,61,0.540671,261,363,342,419,
138,51,0.527422,257,364,340,420,
139,51,0.650341,256,364,338,420,
147,51,0.514021,255,364,340,420,
148,51,0.528109,256,364,340,420,
152,51,0.609477,256,365,339,420,
154,51,0.555370,256,364,339,419,
155,51,0.515566,256,364,340,420,
159,51,0.573339,257,365,339,420,
195,51,0.570680,256,364,339,420,
213,51,0.577289,257,362,339,420,
216,51,0.707695,258,363,337,420,
218,51,0.715468,257,363,337,420,
219,51,0.707664,257,363,337,419,
220,51,0.580951,258,362,337,420,
221,51,0.826630,257,364,338,421,
222,51,0.732865,258,363,338,421,
223,51,0.591836,258,363,337,421,
224,51,0.618988,257,363,337,421,
226,51,0.865670,257,362,338,420,
227,51,0.559088,258,362,338,420,
228,51,0.777278,257,363,338,420,
229,51,0.752984,258,362,337,421,
230,51,0.609936,258,362,337,420,
231,51,0.651647,256,364,336,421,
232,51,0.600078,258,362,337,420,
234,51,0.918581,256,363,336,422,
235,51,0.705680,256,364,336,421,
237,51,0.644087,258,363,337,420,
238,51,0.805650,256,364,337,421,
240,51,0.923622,256,364,339,421,
241,51,0.850885,256,364,336,420,
242,51,0.615474,255,364,336,421,
243,51,0.585624,258,362,338,420,
244,51,0.634158,258,362,337,420,
245,51,0.700358,256,364,335,420,
246,51,0.753053,255,364,337,421,
249,51,0.526468,257,362,337,419,
260,61,0.532469,260,362,338,420,
261,51,0.578422,255,364,336,421,
262,51,0.568901,255,365,336,420,
264,51,0.623498,258,364,338,420,
265,51,0.538247,256,365,336,420,
267,51,0.787903,258,364,338,420,
268,51,0.535756,257,363,339,420,
269,51,0.754371,255,364,337,421,
272,51,0.689518,257,364,338,421,
326,51,0.575999,256,364,341,420,
458,61,0.519099,260,361,335,420,
467,61,0.503234,260,361,336,420,
472,61,0.540066,259,361,336,421,
510,61,0.573758,259,361,336,420,
511,61,0.517354,260,361,336,420,
533,61,0.500534,259,361,337,420,
534,61,0.593108,259,361,336,420,
555,51,0.547254,260,362,342,420,
556,51,0.657200,261,362,343,420,
558,51,0.507116,261,363,342,420,
561,51,0.683310,261,363,342,420,
562,51,0.786790,263,363,341,420,
563,51,0.853423,261,362,341,420,
564,51,0.837284,261,362,342,422,
565,51,0.693954,261,362,342,420,
566,51,0.692483,261,362,341,420,
567,51,0.788308,261,363,341,421,
568,61,0.611410,262,357,343,421,
569,61,0.508995,263,357,342,420,
570,51,0.620323,261,364,343,419,
571,61,0.506184,262,359,342,421,
572,61,0.636159,262,358,342,422,
573,61,0.636093,262,358,342,421,
574,61,0.577296,262,359,343,422,
577,61,0.594364,262,356,342,420,
579,51,0.561119,259,361,343,421,
581,51,0.682149,259,361,343,420,
582,61,0.504567,262,359,342,421,
583,51,0.556333,260,362,343,420,
585,61,0.537884,262,358,343,421,
587,61,0.540806,261,358,342,421,
590,51,0.719082,263,363,343,420,
591,51,0.521404,263,363,343,419,
592,51,0.716550,260,364,343,419,
594,51,0.731423,261,363,342,420,
595,51,0.745465,260,362,343,420,
596,51,0.562331,260,363,342,420,
597,51,0.686372,259,361,343,421,
598,51,0.700888,260,362,341,421,
599,51,0.808400,260,363,342,421,
600,51,0.909839,261,363,342,421,
601,51,0.810801,261,363,343,421,
602,51,0.875700,262,363,343,420,
603,51,0.783918,262,362,343,420,
604,51,0.780473,261,363,343,420,
605,51,0.900510,260,363,343,421,
606,51,0.770622,261,363,342,420,
607,51,0.720026,262,362,342,420,
608,51,0.703277,261,364,343,421,
609,51,0.697874,261,364,343,421,
610,51,0.833045,262,363,343,421,
611,51,0.786029,262,363,343,421,
612,51,0.739743,261,363,342,421,
613,51,0.673832,260,363,342,421,
614,51,0.584602,262,363,341,421,
615,51,0.647154,263,364,341,420,
616,51,0.628361,263,364,343,420,
617,51,0.592743,260,364,342,420,
619,51,0.532620,261,362,342,420,
620,51,0.559759,261,362,343,420,
622,61,0.642775,262,359,343,421,
623,61,0.610604,261,360,343,421,
624,61,0.522668,261,360,344,420,
625,61,0.571444,260,360,342,420,
626,61,0.548778,262,359,343,421,
627,61,0.531846,260,359,343,421,
628,61,0.582614,261,359,343,421,
629,51,0.581060,259,362,342,421,
632,61,0.511940,260,359,343,421,
633,61,0.566255,260,361,343,421,
637,51,0.537077,258,362,341,420,
646,51,0.573842,258,363,340,420,
648,61,0.502166,259,362,338,420,
649,61,0.506138,261,361,338,419,
