1,67,0.896153,0,343,622,472,
2,67,0.955146,4,342,640,469,
3,67,0.914108,2,338,602,473,
4,67,0.893684,0,345,622,472,
5,67,0.949604,2,345,635,468,
6,67,0.956861,4,344,640,468,
7,67,0.900236,8,331,623,469,
8,67,0.924356,4,338,618,471,
9,67,0.919617,5,333,619,470,
10,67,0.917653,0,340,605,472,
11,67,0.953577,4,345,640,468,
12,67,0.934780,0,340,627,469,
13,67,0.929838,1,348,619,473,
14,67,0.937991,12,345,566,474,
15,67,0.941591,0,339,635,471,
16,67,0.899899,0,344,621,472,
17,67,0.909420,4,355,599,473,
18,67,0.933031,4,333,619,470,
19,67,0.935239,3,339,592,472,
20,67,0.928725,0,341,627,470,
21,67,0.904293,3,333,619,471,
22,67,0.938357,8,345,614,471,
23,67,0.921460,0,345,623,474,
24,67,0.924852,5,344,576,474,
25,67,0.892000,2,342,619,472,
26,67,0.881233,0,344,622,472,
27,67,0.901516,4,344,566,477,
28,67,0.939621,2,344,615,472,
29,67,0.921037,5,341,564,472,
30,67,0.860300,9,344,556,474,
31,67,0.921202,2,351,625,472,
32,67,0.916072,1,340,603,471,
33,67,0.922623,0,346,620,471,
34,67,0.936099,2,338,622,470,
35,67,0.903647,8,337,592,472,
36,67,0.889783,13,344,563,475,
37,67,0.915872,0,343,615,471,
38,67,0.912902,9,354,576,474,
39,67,0.914695,0,346,615,473,
40,67,0.943303,0,351,625,472,
41,67,0.953926,1,347,635,469,
42,67,0.872605,9,340,627,471,
43,67,0.945558,6,341,585,471,
44,67,0.914314,9,343,595,473,
45,67,0.881933,2,346,618,475,
46,67,0.902218,2,338,620,470,
47,67,0.897392,0,342,617,474,
48,67,0.899662,0,343,621,474,
49,67,0.875818,0,345,625,473,
50,67,0.849716,5,335,629,471,
51,67,0.835839,0,343,628,473,
52,67,0.880407,6,346,564,475,
53,67,0.887473,7,337,631,471,
54,67,0.833036,3,339,614,472,
55,67,0.897251,3,335,640,467,
56,67,0.916679,8,339,621,470,
57,67,0.884331,9,341,569,471,
58,67,0.862451,0,330,602,473,
59,67,0.914961,0,329,631,473,
60,67,0.896794,5,318,638,466,
61,67,0.861927,3,326,620,472,
62,67,0.893042,14,328,606,471,
63,67,0.883283,6,329,640,471,
64,67,0.881788,7,322,640,469,
65,67,0.857525,9,331,640,473,
66,67,0.939346,11,335,640,470,
67,67,0.856927,15,327,610,473,
68,67,0.883653,19,327,636,473,
69,67,0.898495,21,320,630,473,
70,67,0.874804,32,323,609,472,
71,67,0.918864,14,333,615,473,
72,67,0.901121,3,332,623,474,
73,67,0.903023,14,331,609,474,
74,67,0.890143,14,328,625,472,
75,67,0.938506,14,334,617,473,
76,67,0.894408,8,331,618,473,
77,67,0.900597,6,336,628,474,
78,67,0.871956,13,327,610,474,
79,67,0.908235,18,335,597,475,
80,67,0.901503,11,337,626,474,
81,67,0.923604,16,331,625,474,
82,67,0.911843,14,331,630,474,
83,67,0.888785,20,329,625,475,
84,67,0.867658,20,335,619,474,
85,67,0.879104,21,330,636,472,
86,67,0.918880,13,333,621,474,
87,67,0.926562,6,340,624,473,
88,67,0.920248,14,334,624,475,
89,67,0.895778,20,329,629,474,
90,67,0.926960,16,332,627,474,
91,67,0.900707,10,331,629,471,
92,67,0.907394,19,335,605,475,
93,67,0.907499,22,328,625,473,
94,67,0.915047,16,335,618,473,
95,67,0.904147,0,336,640,474,
96,67,0.870950,6,338,613,475,
97,67,0.870929,21,336,639,474,
98,67,0.904762,13,340,619,475,
99,67,0.890413,22,332,629,476,
100,67,0.899064,10,333,627,472,
101,67,0.913160,20,328,624,472,
102,67,0.929188,13,342,605,474,
103,67,0.898704,23,337,637,473,
104,67,0.928723,18,335,623,474,
105,67,0.881788,14,340,585,475,
106,67,0.896830,18,335,627,474,
107,67,0.903434,14,333,623,474,
108,67,0.899397,14,330,611,472,
109,67,0.900363,19,331,635,475,
110,67,0.892430,15,338,610,476,
111,67,0.883977,22,332,608,474,
112,67,0.849503,17,331,611,473,
113,67,0.892587,17,334,607,473,
114,67,0.914903,15,329,621,473,
115,67,0.903225,3,334,618,474,
116,67,0.887436,22,332,619,475,
117,67,0.914585,12,336,624,473,
118,67,0.911555,11,338,628,474,
119,67,0.934452,20,338,615,474,
120,67,0.874638,20,327,617,473,
121,67,0.949871,12,340,625,474,
122,67,0.925924,14,339,622,475,
123,67,0.893959,16,335,608,475,
124,67,0.899417,12,339,609,476,
125,67,0.904546,15,342,608,475,
126,67,0.928015,7,339,604,476,
127,67,0.922229,24,339,628,476,
128,67,0.920808,12,344,604,477,
129,67,0.929002,6,342,601,476,
130,67,0.915624,7,345,632,477,
131,67,0.926851,14,340,602,473,
132,67,0.959124,2,344,630,474,
133,67,0.933970,11,339,623,476,
134,67,0.938727,5,344,606,477,
135,67,0.936029,7,339,593,477,
136,67,0.955021,13,341,620,473,
137,67,0.925581,11,335,628,475,
138,67,0.941032,9,347,592,475,
139,67,0.921799,7,342,608,476,
140,67,0.935268,2,343,607,477,
141,67,0.907680,10,342,618,472,
142,67,0.950294,12,343,629,475,
143,67,0.954958,3,347,630,476,
144,67,0.958809,13,346,614,474,
145,67,0.956521,10,344,627,475,
146,67,0.949212,5,347,621,476,
147,67,0.961529,10,345,624,475,
148,67,0.940369,10,340,628,476,
149,67,0.959626,9,346,612,475,
150,67,0.937491,2,347,624,476,
151,67,0.955543,7,345,630,475,
152,67,0.936741,4,341,595,476,
153,67,0.931060,9,347,625,477,
154,67,0.961075,5,347,631,474,
155,67,0.966716,0,346,631,477,
156,67,0.959051,2,348,632,476,
157,67,0.944196,6,343,611,475,
158,67,0.944909,10,344,591,478,
159,67,0.914500,3,341,617,475,
160,67,0.943437,3,347,624,475,
161,67,0.935089,5,346,617,474,
162,67,0.913329,4,345,597,475,
163,67,0.935608,13,345,614,476,
164,67,0.954292,5,345,629,472,
165,67,0.930100,0,346,631,474,
166,67,0.903649,6,344,632,473,
167,67,0.924929,4,344,629,474,
168,67,0.935289,0,349,618,474,
169,67,0.888143,8,344,640,470,
170,67,0.940602,3,348,616,474,
171,67,0.930711,1,352,621,476,
172,67,0.923226,14,350,611,476,
173,67,0.946951,0,352,612,475,
174,67,0.930669,7,349,605,475,
175,67,0.941097,8,348,611,474,
176,67,0.868152,0,337,623,473,
177,67,0.914250,2,351,597,476,
178,67,0.940992,10,351,603,475,
179,67,0.933049,2,348,617,474,
180,67,0.899510,14,352,577,477,
181,67,0.938271,1,349,594,474,
182,67,0.933279,9,351,608,475,
183,67,0.901645,0,348,634,476,
184,67,0.938433,4,353,605,474,
185,67,0.922713,0,347,624,475,
186,67,0.906010,8,349,622,476,
187,67,0.915122,0,346,625,474,
188,67,0.946737,6,347,616,475,
189,67,0.945786,11,350,609,474,
190,67,0.934507,4,358,546,477,
191,67,0.911246,0,348,632,476,
192,67,0.920281,0,348,630,472,
193,67,0.932451,0,347,620,475,
194,67,0.928835,9,348,572,475,
195,67,0.949942,0,349,592,476,
196,67,0.917034,2,347,618,473,
197,67,0.953515,5,350,618,475,
198,67,0.957287,2,352,607,474,
199,67,0.902670,0,353,636,473,
200,67,0.924526,0,351,616,475,
201,67,0.918967,2,357,597,476,
202,67,0.949555,8,354,603,475,
203,67,0.915530,4,352,618,475,
204,67,0.951785,4,346,583,474,
205,67,0.923332,7,347,608,475,
206,67,0.919486,6,345,618,475,
207,67,0.902337,6,343,591,475,
208,67,0.944242,3,346,620,475,
209,67,0.923301,11,347,601,475,
210,67,0.894990,2,345,604,475,
211,67,0.863049,7,347,595,477,
212,67,0.904729,9,344,622,474,
213,67,0.868152,2,346,614,476,
214,67,0.923878,5,348,609,473,
215,67,0.920067,7,345,611,475,
216,67,0.925832,7,346,619,473,
217,67,0.911767,8,345,622,472,
218,67,0.811073,1,346,616,476,
219,67,0.888022,4,343,600,475,
220,67,0.847843,3,352,612,474,
221,67,0.909887,2,346,612,476,
222,67,0.887994,0,345,605,474,
223,67,0.874149,2,345,605,474,
224,67,0.877740,0,344,603,474,
225,67,0.895456,0,344,603,473,
226,67,0.886228,6,343,596,474,
227,67,0.904138,13,342,616,476,
228,67,0.922377,0,346,626,474,
229,67,0.924425,1,343,610,473,
230,67,0.908168,4,340,620,471,
231,67,0.878477,1,338,628,473,
232,67,0.890175,6,338,629,473,
233,67,0.837844,10,342,617,472,
234,67,0.858118,0,345,619,473,
235,67,0.898487,4,342,609,474,
236,67,0.890861,17,340,604,473,
237,67,0.890372,0,342,608,475,
238,67,0.905646,4,338,620,473,
239,67,0.915232,1,340,614,474,
240,67,0.885718,5,336,628,474,
241,67,0.921663,9,342,620,474,
242,67,0.862111,12,340,624,473,
243,67,0.810426,14,334,638,476,
244,67,0.862933,12,341,621,477,
245,67,0.931034,9,341,617,476,
246,67,0.918878,5,344,616,475,
247,67,0.908010,0,342,610,476,
248,67,0.914396,2,342,627,474,
249,67,0.884656,6,342,613,474,
250,67,0.875830,1,336,629,474,
251,67,0.888704,4,341,614,475,
252,67,0.913874,9,342,608,475,
253,67,0.877128,4,339,616,475,
254,67,0.909581,14,344,605,475,
255,67,0.918448,5,342,609,475,
256,67,0.920948,7,341,614,473,
257,67,0.925807,6,342,612,475,
258,67,0.917393,4,343,603,474,
259,67,0.895575,13,345,604,475,
260,67,0.917536,0,341,604,475,
261,67,0.933234,0,339,615,474,
262,67,0.924523,0,341,598,476,
263,67,0.908710,13,342,596,475,
264,67,0.904138,6,341,605,474,
265,67,0.890816,8,341,616,477,
266,67,0.922734,10,339,600,474,
267,67,0.886750,2,341,619,475,
268,67,0.911790,12,343,611,476,
269,67,0.898616,9,339,611,474,
270,67,0.866246,7,342,621,475,
271,67,0.879949,4,345,622,476,
272,67,0.881501,2,343,612,475,
273,67,0.891742,5,341,623,473,
274,67,0.867865,7,338,640,475,
275,67,0.839145,5,346,623,476,
276,67,0.816421,4,342,614,475,
277,67,0.869466,4,347,606,475,
278,67,0.836467,8,340,613,473,
279,67,0.888368,4,344,615,475,
280,67,0.874126,0,343,615,474,
281,67,0.868010,3,342,605,475,
282,67,0.881408,1,347,602,475,
283,67,0.902332,9,344,622,473,
284,67,0.876424,11,333,621,477,
285,67,0.873273,1,342,603,475,
286,67,0.867072,0,342,605,475,
287,67,0.891432,10,341,623,474,
288,67,0.894909,7,340,630,476,
289,67,0.856482,5,333,631,478,
290,67,0.870720,11,336,618,477,
291,67,0.881479,7,344,625,473,
292,67,0.860975,8,336,637,476,
293,67,0.817275,3,335,635,473,
294,67,0.909046,4,343,625,474,
295,67,0.885260,0,339,638,474,
296,67,0.875189,2,335,640,474,
297,67,0.856368,13,337,634,476,
298,67,0.832981,7,337,637,478,
299,67,0.795700,8,332,640,476,
300,67,0.820114,6,342,620,472,
301,67,0.838449,1,345,614,475,
302,67,0.844210,0,332,621,473,
303,67,0.869829,1,345,627,474,
304,67,0.817483,0,342,613,475,
305,67,0.869625,5,344,619,473,
306,67,0.916867,5,341,617,474,
307,67,0.837877,2,335,640,476,
308,67,0.853304,2,344,602,474,
309,67,0.925520,4,345,629,474,
310,67,0.873321,14,345,566,474,
311,67,0.892956,5,344,596,475,
312,67,0.944908,3,344,581,474,
313,67,0.901592,7,344,587,475,
314,67,0.929060,6,348,619,474,
315,67,0.816594,5,341,612,476,
316,67,0.899814,1,345,598,474,
317,67,0.849702,0,352,605,474,
318,67,0.893305,0,343,609,475,
319,67,0.907595,2,343,619,474,
320,67,0.936948,6,341,611,474,
321,67,0.888401,16,334,624,478,
322,67,0.884480,0,340,614,476,
323,67,0.932318,4,336,626,473,
324,67,0.937230,3,339,631,474,
325,67,0.911778,6,344,629,476,
326,67,0.903959,2,347,620,474,
327,67,0.903716,0,344,610,475,
328,67,0.938754,0,347,616,474,
329,67,0.869524,0,346,613,472,
330,67,0.913417,0,347,603,472,
331,67,0.924519,5,349,611,474,
332,67,0.873719,0,347,604,474,
333,67,0.888134,13,357,548,476,
334,67,0.932941,2,349,612,473,
335,67,0.902351,7,342,627,473,
336,67,0.915353,8,346,622,475,
337,67,0.944063,2,351,613,474,
338,67,0.885244,1,349,632,472,
339,67,0.930141,0,347,599,474,
340,67,0.913532,7,346,603,472,
341,67,0.919783,5,347,598,474,
342,67,0.914662,5,347,611,472,
343,67,0.889632,0,345,629,474,
344,67,0.897052,4,347,635,475,
345,67,0.920981,0,345,636,475,
346,67,0.934771,1,347,624,476,
347,67,0.938584,7,344,634,477,
348,67,0.945799,9,345,616,477,
349,67,0.941076,4,344,625,474,
350,67,0.941686,10,342,625,475,
351,67,0.905238,9,343,600,477,
352,67,0.929176,8,345,628,476,
353,67,0.945007,5,342,623,476,
354,67,0.933898,5,343,619,475,
355,67,0.916748,9,343,603,476,
356,67,0.948346,9,343,613,476,
357,67,0.882012,15,342,640,474,
358,67,0.944972,6,347,615,477,
359,67,0.923140,4,336,624,475,
360,67,0.936682,5,345,628,476,
361,67,0.944781,12,333,612,474,
362,67,0.916537,4,344,637,471,
363,67,0.912733,2,339,624,475,
364,67,0.946070,9,343,620,474,
365,67,0.936604,3,344,630,475,
366,67,0.954708,4,340,622,475,
367,67,0.966878,11,345,635,473,
368,67,0.953470,15,340,622,478,
369,67,0.946245,12,342,621,478,
370,67,0.971465,2,346,623,476,
371,67,0.964671,14,346,629,476,
372,67,0.951054,12,348,630,478,
373,67,0.947728,6,352,621,477,
374,67,0.971673,10,347,619,475,
375,67,0.954975,5,343,630,476,
376,67,0.974100,2,347,637,475,
377,67,0.967380,4,348,631,475,
378,67,0.970453,5,342,626,475,
379,67,0.962795,12,348,605,478,
380,67,0.974447,6,347,623,475,
381,67,0.965024,7,344,623,475,
382,67,0.965192,11,344,630,475,
383,67,0.935749,18,336,608,472,
384,67,0.964906,7,345,623,476,
385,67,0.971821,5,349,623,474,
386,67,0.969162,8,345,628,475,
387,67,0.967321,4,348,630,476,
388,67,0.960527,7,346,630,476,
389,67,0.956300,8,350,640,473,
390,67,0.965848,5,344,625,476,
391,67,0.966857,8,345,628,474,
392,67,0.970375,12,346,591,477,
393,67,0.962160,5,346,602,477,
394,67,0.958427,10,345,597,477,
395,67,0.976385,11,344,626,476,
396,67,0.981876,10,349,629,475,
397,67,0.965699,11,348,610,476,
398,67,0.975181,6,348,629,475,
399,67,0.968366,6,345,616,475,
400,67,0.976577,10,344,614,473,
401,67,0.958845,9,347,632,475,
402,67,0.976864,6,350,634,475,
403,67,0.963426,11,349,584,477,
404,67,0.971672,12,346,630,475,
405,67,0.974027,8,346,635,476,
406,67,0.973874,11,346,612,476,
407,67,0.959775,7,353,628,472,
408,67,0.971116,6,348,602,475,
409,67,0.978389,8,349,632,475,
410,67,0.974764,8,347,592,475,
411,67,0.979451,8,349,627,474,
412,67,0.971495,12,345,623,476,
413,67,0.967209,11,346,631,475,
414,67,0.953209,15,344,592,476,
415,67,0.966728,11,342,617,476,
416,67,0.971729,11,342,584,475,
417,67,0.975157,11,341,584,475,
418,67,0.968798,11,342,603,475,
419,67,0.971013,11,342,593,475,
420,67,0.960635,12,341,624,476,
421,67,0.963730,13,341,626,476,
422,67,0.977263,4,348,626,476,
423,67,0.969450,9,345,633,475,
424,67,0.955162,15,340,618,475,
425,67,0.976587,0,351,637,475,
426,67,0.973744,7,349,627,476,
427,67,0.968568,14,343,596,475,
428,67,0.972931,9,343,638,476,
429,67,0.981375,10,345,638,476,
430,67,0.959635,3,344,624,474,
431,67,0.958301,10,340,605,475,
432,67,0.963564,9,339,631,475,
433,67,0.955225,10,344,593,475,
434,67,0.955255,12,343,607,474,
435,67,0.957981,13,343,597,475,
436,67,0.964507,9,347,598,474,
437,67,0.964363,4,349,638,476,
438,67,0.975402,12,345,629,474,
439,67,0.955087,12,349,598,478,
440,67,0.962372,12,344,613,476,
441,67,0.975252,6,347,627,476,
442,67,0.950103,10,344,621,476,
443,67,0.944435,15,344,623,476,
444,67,0.951390,14,347,608,476,
445,67,0.947715,16,347,607,475,
446,67,0.939088,13,343,625,476,
447,67,0.975167,7,341,610,473,
448,67,0.954069,17,345,608,475,
449,67,0.960080,15,343,618,475,
450,67,0.958077,17,343,622,475,
451,67,0.955919,0,345,624,472,
452,67,0.970078,16,349,629,475,
453,67,0.932925,14,347,606,477,
454,67,0.957701,8,344,618,475,
455,67,0.970012,11,351,627,474,
456,67,0.962483,8,348,638,475,
457,67,0.977973,7,350,621,474,
458,67,0.969572,12,348,637,473,
459,67,0.961984,15,345,626,474,
460,67,0.974557,0,350,628,473,
461,67,0.971400,16,347,630,475,
462,67,0.964360,16,345,611,475,
463,67,0.972404,13,349,637,474,
464,67,0.950718,6,346,622,471,
465,67,0.974834,12,348,632,475,
466,67,0.949905,12,346,618,475,
467,67,0.964349,13,347,595,475,
468,67,0.947566,14,348,606,476,
469,67,0.964988,7,351,628,475,
470,67,0.965134,16,348,632,474,
471,67,0.971103,11,347,635,474,
472,67,0.962524,14,346,615,475,
473,67,0.955647,13,343,619,475,
474,67,0.961948,14,343,626,474,
475,67,0.964406,9,345,621,476,
476,67,0.976333,7,348,616,471,
477,67,0.961387,13,347,635,475,
478,67,0.948885,12,342,629,475,
479,67,0.942983,12,348,594,476,
480,67,0.974567,13,349,622,474,
481,67,0.949481,16,345,622,475,
482,67,0.977479,12,347,630,475,
483,67,0.962290,15,346,639,475,
484,67,0.968696,10,346,632,475,
485,67,0.962411,11,347,634,474,
486,67,0.972926,10,346,638,474,
487,67,0.968433,13,347,632,475,
488,67,0.970005,14,343,625,475,
489,67,0.973165,16,348,634,475,
490,67,0.953208,5,347,640,479,
491,67,0.961507,12,347,640,475,
492,67,0.957445,5,351,636,476,
493,67,0.953989,15,348,618,476,
494,67,0.974776,6,349,635,474,
495,67,0.967337,11,344,630,474,
496,67,0.955266,6,346,608,476,
497,67,0.961022,18,345,616,475,
498,67,0.972866,5,348,613,474,
499,67,0.970094,12,346,631,474,
500,67,0.976358,8,351,631,474,
501,67,0.969861,17,347,637,474,
502,67,0.966444,9,342,615,475,
503,67,0.966868,16,347,640,475,
504,67,0.977227,12,347,640,475,
505,67,0.952433,14,349,622,476,
506,67,0.935474,12,345,561,476,
507,67,0.961649,12,346,640,474,
508,67,0.976843,13,348,631,475,
509,67,0.976262,14,348,638,475,
510,67,0.949615,13,343,629,475,
511,67,0.955683,11,348,609,477,
512,67,0.974251,12,347,627,475,
513,67,0.963888,12,344,618,475,
514,67,0.943143,8,344,625,476,
515,67,0.945349,17,345,612,477,
516,67,0.974528,15,346,635,475,
517,67,0.972805,4,348,637,476,
518,67,0.957082,10,342,619,474,
519,67,0.971368,15,348,638,474,
520,67,0.948738,19,345,621,476,
521,67,0.956463,0,351,629,476,
522,67,0.976535,12,346,636,475,
523,67,0.975963,8,351,623,473,
524,67,0.971912,13,347,631,474,
525,67,0.970797,19,346,625,475,
526,67,0.956961,7,345,627,473,
527,67,0.953350,14,344,630,480,
528,67,0.975704,7,347,632,473,
529,67,0.981715,12,346,630,475,
530,67,0.956740,15,343,620,475,
531,67,0.978790,13,348,640,474,
532,67,0.961996,21,338,629,476,
533,67,0.973250,12,348,637,475,
534,67,0.976115,5,346,640,475,
535,67,0.949253,9,337,622,476,
536,67,0.958167,13,345,598,477,
537,67,0.955902,14,338,599,475,
538,67,0.961606,14,342,606,477,
539,67,0.955384,17,336,609,476,
540,67,0.963033,15,341,601,474,
541,67,0.957668,15,338,587,475,
542,67,0.957727,12,336,578,474,
543,67,0.959345,15,333,592,475,
544,67,0.950070,24,328,615,476,
545,67,0.968565,22,331,601,473,
546,67,0.971503,12,334,601,473,
547,67,0.968477,19,329,614,471,
548,67,0.956543,4,340,622,472,
549,67,0.967926,28,328,628,475,
550,67,0.965331,13,332,596,474,
551,67,0.958797,17,329,591,471,
552,67,0.946052,11,330,592,472,
553,67,0.939232,24,311,598,470,
554,67,0.948628,0,321,607,469,
555,67,0.959699,27,322,596,470,
556,67,0.970823,22,322,612,468,
557,67,0.961846,18,318,609,469,
558,67,0.957959,28,326,628,472,
559,67,0.955052,3,329,618,471,
560,67,0.953955,23,326,603,471,
561,67,0.953990,14,330,614,467,
562,67,0.953095,25,322,628,473,
563,67,0.960318,27,328,625,471,
564,67,0.975359,14,321,601,469,
565,67,0.965313,24,335,638,467,
566,67,0.951344,11,322,610,472,
567,67,0.941522,21,318,622,472,
568,67,0.951965,3,329,621,469,
569,67,0.961162,18,318,622,470,
570,67,0.959231,18,335,635,466,
571,67,0.961980,23,327,622,472,
572,67,0.977451,16,323,607,470,
573,67,0.974556,10,325,603,471,
574,67,0.972165,24,329,597,470,
575,67,0.971967,10,332,613,468,
576,67,0.934728,26,329,621,472,
577,67,0.955753,18,326,568,470,
578,67,0.944245,16,321,612,469,
579,67,0.964447,18,322,619,470,
580,67,0.968965,19,329,582,469,
581,67,0.953057,17,323,611,471,
582,67,0.965120,14,323,623,475,
583,67,0.934094,20,322,624,470,
584,67,0.979453,12,337,608,469,
585,67,0.977190,13,334,606,469,
586,67,0.953051,24,329,631,470,
587,67,0.975516,25,333,615,470,
588,67,0.972994,18,332,581,472,
589,67,0.966433,29,327,613,472,
590,67,0.970766,19,330,626,471,
591,67,0.970003,18,329,603,469,
592,67,0.965124,15,321,608,470,
593,67,0.952319,15,322,617,472,
594,67,0.969262,18,327,628,473,
595,67,0.971725,17,319,604,469,
596,67,0.966369,25,323,605,471,
597,67,0.959034,23,321,608,468,
598,67,0.956833,18,316,609,470,
599,67,0.977761,20,333,612,469,
600,67,0.951328,19,322,614,469,
601,67,0.976454,18,335,583,471,
602,67,0.971349,17,330,614,468,
603,67,0.970653,14,332,605,468,
604,67,0.962353,15,318,607,469,
605,67,0.966938,14,326,621,469,
606,67,0.963884,15,315,604,468,
607,67,0.966450,19,333,638,470,
608,67,0.962365,19,324,626,471,
609,67,0.960527,17,318,610,469,
610,67,0.963622,21,322,632,473,
611,67,0.957953,22,329,605,470,
612,67,0.974796,22,328,620,471,
613,67,0.948799,1,328,618,472,
614,67,0.963423,21,322,619,469,
615,67,0.966864,22,321,629,474,
616,67,0.965968,21,327,597,470,
617,67,0.960486,22,323,631,472,
618,67,0.961729,20,315,606,471,
619,67,0.978329,11,327,605,470,
620,67,0.957870,31,316,629,469,
621,67,0.974140,12,326,613,469,
622,67,0.953939,17,323,607,470,
623,67,0.951531,12,327,614,470,
624,67,0.947412,12,332,623,468,
625,67,0.958855,14,338,608,471,
626,67,0.968113,10,336,606,472,
627,67,0.974057,22,328,610,470,
628,67,0.959599,14,334,599,473,
629,67,0.961646,23,330,622,472,
630,67,0.970951,14,327,610,471,
631,67,0.970128,13,335,594,471,
632,67,0.956086,15,334,607,474,
633,67,0.955657,13,325,619,471,
634,67,0.963697,11,337,608,471,
635,67,0.956333,23,328,631,476,
636,67,0.962882,10,334,622,470,
637,67,0.941936,24,332,629,471,
638,67,0.956474,5,337,597,474,
639,67,0.969257,11,336,603,473,
640,67,0.954153,13,333,605,474,
641,67,0.952779,12,337,591,475,
642,67,0.964855,11,338,595,474,
643,67,0.956294,14,339,599,474,
644,67,0.952343,18,324,628,474,
645,67,0.950230,14,340,602,474,
646,67,0.974027,9,343,621,471,
647,67,0.934775,23,328,619,476,
648,67,0.972217,4,339,626,472,
649,67,0.957898,14,335,621,473,
650,67,0.974489,12,348,637,476,
651,67,0.959798,11,349,634,475,
652,67,0.971214,9,349,631,473,
653,67,0.972472,8,350,626,474,
654,67,0.953288,14,346,631,475,
655,67,0.964101,12,349,635,475,
656,67,0.953217,12,340,632,475,
657,67,0.972448,11,349,638,475,
658,67,0.972910,7,350,635,475,
659,67,0.958617,15,344,621,474,
660,67,0.967962,12,347,624,474,
661,67,0.974328,2,349,636,474,
662,67,0.955729,9,347,622,475,
663,67,0.971066,10,348,640,476,
664,67,0.955943,14,343,631,476,
665,67,0.950163,11,342,632,474,
666,67,0.972244,16,348,637,475,
667,67,0.956119,12,348,592,475,
668,67,0.975956,15,348,627,475,
669,67,0.966116,16,348,640,474,
670,67,0.959342,9,343,632,475,
671,67,0.971467,10,348,640,475,
672,67,0.973316,10,349,629,475,
673,67,0.949020,14,342,616,475,
674,67,0.959543,15,349,602,477,
675,67,0.959509,14,348,623,475,
676,67,0.951964,15,347,590,476,
677,67,0.971928,7,348,635,475,
678,67,0.972158,11,349,637,476,
679,67,0.962869,12,345,631,475,
680,67,0.976974,6,348,622,473,
681,67,0.954358,20,342,634,476,
682,67,0.973119,15,346,628,475,
683,67,0.955920,14,345,615,477,
684,67,0.967549,14,347,638,476,
685,67,0.959119,9,345,617,475,
686,67,0.958933,5,344,616,475,
687,67,0.957503,12,345,617,476,
688,67,0.968558,11,343,614,476,
689,67,0.956872,11,344,620,475,
690,67,0.975286,6,348,629,475,
691,67,0.961429,11,343,621,475,
692,67,0.975901,9,350,640,474,
693,67,0.975593,9,346,631,475,
694,67,0.955817,12,344,619,475,
695,67,0.972053,9,346,624,474,
696,67,0.960361,14,342,631,475,
697,67,0.976589,9,349,629,476,
698,67,0.972403,12,350,633,475,
699,67,0.975972,11,349,627,475,
700,67,0.969282,12,345,617,474,
701,67,0.966028,12,348,640,475,
702,67,0.959729,11,349,604,475,
703,67,0.969224,10,346,635,476,
704,67,0.973647,9,347,631,475,
705,67,0.943623,14,338,614,475,
706,67,0.966843,8,343,640,474,
707,67,0.952923,4,341,640,474,
708,67,0.936109,16,343,607,475,
709,67,0.941634,24,336,611,473,
710,67,0.952767,10,336,629,475,
711,67,0.963889,3,343,640,474,
712,67,0.951827,13,340,630,477,
713,67,0.976730,6,343,636,472,
714,67,0.965573,15,344,589,473,
715,67,0.965638,18,346,598,474,
716,67,0.968969,11,336,621,476,
717,67,0.973230,1,344,633,474,
718,67,0.971874,11,338,624,475,
719,67,0.980130,4,344,627,475,
720,67,0.978239,7,339,626,474,
721,67,0.982317,0,350,627,476,
722,67,0.980612,6,347,628,473,
723,67,0.978161,5,345,634,476,
724,67,0.978172,0,346,640,476,
725,67,0.977731,6,345,629,476,
726,67,0.978283,0,348,621,474,
727,67,0.970307,3,345,640,475,
728,67,0.979502,7,344,626,475,
729,67,0.975805,6,346,627,475,
730,67,0.957628,0,350,588,474,
731,67,0.978062,1,346,635,475,
732,67,0.957158,6,349,602,474,
733,67,0.974390,1,350,616,474,
734,67,0.930142,10,348,583,477,
735,67,0.978641,5,349,633,475,
736,67,0.946131,7,349,601,475,
737,67,0.951054,9,344,625,476,
738,67,0.969395,4,342,631,474,
739,67,0.975818,2,347,637,475,
740,67,0.971559,9,348,611,476,
741,67,0.967060,10,345,630,475,
742,67,0.968693,5,344,629,474,
743,67,0.970830,9,349,580,474,
744,67,0.974018,13,351,602,475,
745,67,0.976396,7,346,636,475,
746,67,0.963176,10,348,598,474,
747,67,0.967096,3,346,638,476,
748,67,0.958788,2,350,583,476,
749,67,0.959461,10,347,602,478,
750,67,0.966016,9,348,601,478,
751,67,0.972562,6,348,622,475,
752,67,0.956008,8,349,599,476,
753,67,0.976177,4,348,629,476,
754,67,0.953546,7,349,616,476,
