146,44,0.526718,442,303,466,348,
147,44,0.862626,439,305,468,350,
148,44,0.835875,437,305,467,350,
149,44,0.836355,437,305,467,350,
150,44,0.842586,437,305,466,349,
151,44,0.899018,437,305,467,349,
152,44,0.865051,438,305,467,349,
153,44,0.796984,438,307,467,350,
154,44,0.837608,438,306,467,349,
155,44,0.859593,438,306,468,349,
156,44,0.813266,437,307,467,349,
157,44,0.751958,436,307,466,349,
158,44,0.764046,436,307,466,349,
159,44,0.780721,437,306,466,349,
160,44,0.813954,437,307,466,349,
161,44,0.801054,436,307,467,349,
162,44,0.877114,436,307,467,350,
163,44,0.843126,437,307,466,350,
164,44,0.798725,436,306,466,350,
165,44,0.821161,437,306,466,349,
166,44,0.708513,436,306,467,350,
167,44,0.839524,436,305,467,349,
168,44,0.685681,437,306,467,350,
169,44,0.743955,436,306,467,350,
170,44,0.775330,437,307,468,350,
171,44,0.812071,437,307,467,350,
172,44,0.837027,436,307,466,349,
173,44,0.832882,436,306,466,350,
174,44,0.861395,436,307,465,349,
175,44,0.815564,436,307,466,349,
176,44,0.750483,438,307,467,349,
177,44,0.797651,435,307,465,350,
178,44,0.835718,435,307,464,349,
179,44,0.837902,436,307,466,349,
180,44,0.662552,436,307,465,349,
181,44,0.775519,437,306,467,349,
182,44,0.789243,435,307,465,349,
183,44,0.629813,435,307,465,349,
184,44,0.870278,436,306,466,350,
185,44,0.648626,436,307,466,350,
186,44,0.651559,436,307,466,350,
187,44,0.663280,436,308,466,349,
188,44,0.691400,435,307,465,349,
189,44,0.611995,435,307,465,349,
190,44,0.710619,437,307,466,349,
191,44,0.776072,436,307,465,349,
192,44,0.670029,436,307,465,349,
193,44,0.758450,436,307,465,349,
194,44,0.663292,436,307,465,350,
195,44,0.624151,436,308,466,349,
196,44,0.706186,436,307,466,349,
197,44,0.751941,436,307,466,350,
198,44,0.630754,436,307,466,350,
199,44,0.718748,436,306,466,350,
200,44,0.818953,436,307,466,350,
201,44,0.711191,436,307,465,349,
202,44,0.797817,436,307,466,350,
203,44,0.802524,437,307,466,350,
204,44,0.727745,436,307,466,350,
205,44,0.734649,436,307,466,350,
206,44,0.686260,436,308,465,349,
207,44,0.748035,436,307,466,349,
208,44,0.633688,437,307,467,349,
209,44,0.840161,436,307,466,349,
210,44,0.678436,436,307,465,350,
211,44,0.719022,435,307,465,350,
212,44,0.659629,436,307,466,350,
213,44,0.690138,436,307,466,349,
214,44,0.739377,435,307,465,349,
215,44,0.700804,436,307,466,350,
216,44,0.754408,435,307,466,350,
217,44,0.547505,435,307,464,350,
218,44,0.659675,435,308,465,350,
219,44,0.660953,436,307,466,350,
220,44,0.679580,436,307,466,350,
221,44,0.651970,436,307,465,349,
222,44,0.739736,435,307,465,350,
223,44,0.657330,436,307,466,349,
224,44,0.542188,435,307,465,350,
225,44,0.755103,436,308,466,350,
226,44,0.647229,436,308,465,349,
227,44,0.627059,436,307,466,350,
228,44,0.729431,436,307,466,349,
229,44,0.731531,436,307,466,350,
230,44,0.723563,436,308,465,350,
231,44,0.703730,435,307,465,349,
232,44,0.694688,436,307,465,349,
233,44,0.829672,436,307,466,349,
234,44,0.802994,436,307,465,349,
235,44,0.663400,436,307,466,349,
236,44,0.704062,436,308,465,349,
237,44,0.688432,438,307,467,349,
238,44,0.728411,438,306,467,349,
239,44,0.719640,436,307,466,349,
240,44,0.747087,435,307,466,350,
241,44,0.719706,435,306,465,349,
242,44,0.815344,437,307,465,349,
243,44,0.734151,436,307,466,349,
244,44,0.786838,436,307,465,349,
245,44,0.783233,438,307,467,349,
246,44,0.704386,436,307,466,350,
247,44,0.747901,437,307,466,350,
248,44,0.761383,437,307,467,350,
249,44,0.636807,437,306,467,350,
250,44,0.752939,437,306,466,350,
251,44,0.867108,436,306,466,350,
252,44,0.797267,436,306,465,350,
253,44,0.859984,436,306,466,350,
254,44,0.856777,435,306,466,350,
255,44,0.653559,436,306,466,350,
256,44,0.829269,436,306,465,350,
257,44,0.555658,436,306,465,351,
259,44,0.755525,440,306,468,349,
