316,61,0.515350,300,283,395,356,
317,61,0.731640,298,283,397,353,
318,61,0.708390,297,281,366,353,
319,61,0.718887,296,280,392,352,
320,61,0.973048,302,282,400,358,
321,61,0.914943,301,285,399,357,
322,61,0.966751,304,285,377,356,
323,61,0.978262,298,283,391,358,
324,61,0.878064,300,284,383,358,
325,61,0.942251,303,286,373,359,
326,61,0.952781,302,285,374,358,
327,61,0.972492,303,285,380,358,
328,61,0.928722,306,283,395,358,
329,61,0.595248,307,284,399,359,
332,61,0.533186,299,283,394,365,
336,41,0.583217,302,283,388,377,
339,61,0.540480,297,281,385,368,
341,61,0.588123,301,282,391,365,
342,61,0.962673,297,282,391,365,
343,61,0.834914,297,282,393,363,
344,61,0.756318,300,285,391,359,
345,61,0.674429,297,284,391,361,
346,61,0.730582,296,286,368,361,
347,61,0.816291,302,284,393,364,
348,61,0.811455,296,285,390,371,
349,61,0.585741,292,281,387,369,
350,61,0.720464,297,280,389,367,
353,61,0.714681,298,280,383,367,
359,61,0.504008,299,275,383,361,
360,61,0.774664,298,276,383,365,
361,61,0.804640,294,276,384,368,
362,61,0.518111,295,282,379,363,
365,61,0.608810,295,281,388,365,
366,61,0.816369,294,282,389,364,
367,61,0.894171,297,280,386,363,
369,61,0.527576,298,277,388,363,
371,61,0.593589,300,277,387,363,
373,61,0.883468,296,279,386,363,
375,61,0.683966,295,276,387,362,
376,61,0.701334,296,276,387,362,
382,61,0.573872,291,266,389,357,
385,61,0.690506,297,275,387,355,
386,61,0.805552,296,273,395,352,
387,61,0.818963,291,267,389,353,
389,61,0.730501,290,262,367,345,
390,61,0.945165,295,262,392,354,
402,61,0.514661,321,232,416,358,
403,61,0.669892,327,235,428,356,
404,61,0.654473,328,231,428,359,
