550,86,0.501901,146,277,227,366,
551,86,0.686196,147,279,229,368,
552,86,0.847720,145,281,228,370,
553,86,0.686400,146,283,228,375,
554,86,0.528527,144,285,229,376,
555,86,0.744194,144,287,228,379,
556,86,0.626349,144,291,230,382,
557,86,0.610464,142,294,230,383,
558,86,0.597666,142,300,231,385,
559,86,0.552105,142,297,231,390,
561,86,0.530565,137,303,231,394,
562,86,0.574460,136,306,229,395,
563,86,0.512108,135,306,231,395,
580,61,0.552399,137,306,236,379,
583,51,0.528597,135,312,235,380,
586,51,0.770175,135,308,240,380,
587,51,0.917880,138,307,241,376,
589,61,0.597880,142,304,246,376,
590,61,0.557197,142,306,243,376,
591,51,0.681789,140,305,244,375,
601,61,0.506637,146,299,248,370,
604,61,0.520281,145,301,252,375,
605,61,0.707263,145,300,252,374,
607,61,0.519535,148,302,254,373,
631,31,0.529212,134,291,251,374,
647,61,0.643354,147,306,248,375,
648,61,0.578572,146,307,251,376,
649,61,0.529150,147,305,247,376,
653,61,0.661653,144,301,247,375,
662,86,0.608031,142,287,241,380,
663,86,0.581044,143,285,239,383,
664,86,0.609851,143,283,238,383,
669,86,0.647587,144,270,231,379,
670,86,0.834531,142,267,232,381,
671,86,0.697404,142,274,228,376,
673,86,0.667395,138,275,222,376,
674,86,0.669158,136,273,223,372,
676,86,0.603684,133,275,219,367,
683,75,0.565111,130,272,201,361,
693,75,0.652594,128,268,199,356,
764,86,0.658371,152,268,217,359,
767,86,0.711734,150,278,210,365,
768,86,0.607032,146,281,208,365,
772,44,0.578442,131,284,195,381,
773,44,0.563979,129,283,192,387,
774,86,0.768891,122,291,191,391,
775,86,0.675852,119,293,188,394,
777,86,0.504961,110,299,184,397,
778,86,0.862196,107,299,178,401,
779,86,0.755581,100,301,177,402,
780,86,0.943950,96,303,171,405,
781,86,0.695984,93,304,169,407,
782,86,0.769333,89,306,168,408,
783,86,0.665709,81,311,159,416,
784,86,0.749015,81,313,157,418,
785,86,0.725781,78,314,156,418,
786,86,0.812081,76,314,155,420,
787,86,0.734041,75,316,154,419,
788,86,0.672883,75,317,154,420,
789,86,0.734341,73,317,154,420,
790,86,0.813807,75,318,154,421,
791,86,0.744409,75,319,154,421,
792,86,0.536918,77,319,158,420,
793,86,0.556464,79,320,157,422,
802,86,0.503308,79,319,158,426,
806,86,0.563477,82,319,156,424,
812,86,0.595988,82,319,155,424,
813,86,0.675585,80,320,159,425,
815,86,0.614147,81,320,155,424,
820,86,0.525695,80,318,159,424,
825,86,0.513219,83,320,157,424,
