1,67,0.905812,4,344,561,475,
2,67,0.909069,8,323,620,471,
3,67,0.922160,6,327,619,471,
4,67,0.896362,2,326,623,470,
5,67,0.892307,1,334,618,473,
6,67,0.911449,3,340,615,471,
7,67,0.906926,3,351,637,474,
8,67,0.894707,0,332,640,468,
9,67,0.910474,0,352,635,476,
10,67,0.860820,0,335,587,469,
11,67,0.857866,2,336,595,469,
12,67,0.912204,0,338,578,470,
13,67,0.858538,2,338,590,470,
14,67,0.885777,1,324,617,471,
15,67,0.900606,6,327,640,470,
16,67,0.881643,0,345,620,473,
17,67,0.884708,0,340,590,472,
18,67,0.859855,1,332,610,470,
19,67,0.900070,0,351,639,473,
20,67,0.911847,0,328,617,472,
21,67,0.924547,0,344,624,473,
22,67,0.888827,3,330,615,472,
23,67,0.917825,4,327,622,472,
24,67,0.913452,0,325,616,473,
25,67,0.848339,2,332,620,469,
26,67,0.889763,0,351,639,473,
27,67,0.884325,0,348,637,474,
28,67,0.881013,0,336,610,470,
29,67,0.895517,0,339,562,472,
30,67,0.887420,3,345,561,473,
31,67,0.886976,2,336,573,470,
32,67,0.904949,7,330,640,472,
33,67,0.846438,2,334,623,471,
34,67,0.882216,5,320,622,471,
35,67,0.878442,0,352,640,475,
36,67,0.874551,0,338,591,471,
37,67,0.874010,3,339,561,472,
38,67,0.922188,2,329,618,472,
39,67,0.902783,2,339,595,470,
40,67,0.885390,6,330,617,473,
41,67,0.896200,0,350,640,474,
42,67,0.832313,0,334,634,469,
43,67,0.912822,1,331,622,473,
44,67,0.849077,5,341,570,475,
45,67,0.857910,8,345,561,474,
46,67,0.916810,12,336,622,469,
47,67,0.865420,7,336,584,471,
48,67,0.879261,1,340,563,473,
49,67,0.845392,0,321,623,470,
50,67,0.866180,1,317,622,472,
51,67,0.844938,11,332,620,466,
52,67,0.840203,0,336,585,471,
53,67,0.865396,7,344,551,475,
54,67,0.891530,0,323,640,472,
55,67,0.893776,6,311,640,469,
56,67,0.829608,1,317,625,473,
57,67,0.820193,1,327,631,469,
58,67,0.797530,34,300,624,474,
59,67,0.776840,6,303,631,476,
60,67,0.800717,8,302,623,470,
61,67,0.796100,4,329,565,471,
62,67,0.904250,0,317,635,470,
63,67,0.847407,0,312,597,469,
64,67,0.867418,9,311,597,470,
65,67,0.875409,9,313,588,470,
66,67,0.905967,9,318,586,471,
67,67,0.857879,10,327,639,474,
68,67,0.897815,8,315,584,470,
69,67,0.942992,14,321,590,470,
70,67,0.921715,11,326,599,471,
71,67,0.877920,18,318,607,469,
72,67,0.933313,17,316,632,470,
73,67,0.908742,14,322,603,470,
74,67,0.925320,8,325,629,472,
75,67,0.864431,13,329,567,474,
76,67,0.928796,6,333,624,472,
77,67,0.917080,19,323,617,474,
78,67,0.928226,12,320,628,472,
79,67,0.933238,12,326,578,471,
80,67,0.918293,13,324,594,471,
81,67,0.912495,15,326,615,473,
82,67,0.906951,15,316,621,473,
83,67,0.941225,10,326,580,472,
84,67,0.897162,12,331,561,475,
85,67,0.900655,11,333,569,474,
86,67,0.891312,10,312,630,473,
87,67,0.933018,12,329,577,471,
88,67,0.938345,10,320,620,472,
89,67,0.944679,14,325,574,472,
90,67,0.887670,18,337,560,474,
91,67,0.903433,6,330,571,473,
92,67,0.918718,15,332,556,474,
93,67,0.928127,8,326,584,473,
94,67,0.937814,11,328,586,471,
95,67,0.929937,12,326,600,473,
96,67,0.939623,14,330,589,473,
97,67,0.932086,8,328,582,472,
98,67,0.917802,7,330,579,473,
99,67,0.942600,11,328,579,473,
100,67,0.872985,12,330,577,475,
101,67,0.903091,10,326,601,470,
102,67,0.941140,10,332,575,472,
103,67,0.930190,10,326,614,471,
104,67,0.894012,2,314,624,471,
105,67,0.915825,11,312,624,472,
106,67,0.909094,13,332,559,475,
107,67,0.919858,14,336,565,475,
108,67,0.921960,15,314,625,471,
109,67,0.917357,16,323,597,471,
110,67,0.926808,19,332,610,472,
111,67,0.934815,10,330,577,471,
112,67,0.940659,9,331,583,473,
113,67,0.908012,16,347,566,476,
114,67,0.926656,4,319,619,471,
115,67,0.965683,14,327,580,472,
116,67,0.955297,9,333,576,473,
117,67,0.954047,16,332,582,472,
118,67,0.956528,10,331,569,473,
119,67,0.940649,13,329,598,473,
120,67,0.962748,12,334,581,475,
121,67,0.956369,0,340,616,474,
122,67,0.964070,9,335,579,474,
123,67,0.969359,7,338,569,474,
124,67,0.958011,5,336,593,474,
125,67,0.964281,5,339,579,475,
126,67,0.932002,3,347,548,478,
127,67,0.915242,9,343,551,478,
128,67,0.948644,4,337,600,474,
129,67,0.947802,8,334,604,473,
130,67,0.952502,2,334,577,475,
131,67,0.946441,4,337,578,476,
132,67,0.948447,7,344,613,474,
133,67,0.942214,12,334,622,474,
134,67,0.952960,0,336,609,474,
135,67,0.925862,9,326,627,480,
136,67,0.940452,8,341,611,477,
137,67,0.960669,2,336,572,473,
138,67,0.944387,1,335,601,473,
139,67,0.957200,6,338,598,474,
140,67,0.963512,2,333,617,474,
141,67,0.938199,8,346,569,478,
142,67,0.962018,6,338,602,474,
143,67,0.965934,6,338,593,473,
144,67,0.961734,7,339,596,473,
145,67,0.965133,11,345,598,473,
146,67,0.970206,6,339,596,475,
147,67,0.953405,8,338,597,473,
148,67,0.968466,12,342,599,476,
149,67,0.965881,5,342,573,476,
150,67,0.941538,1,342,608,473,
151,67,0.926270,2,343,602,474,
152,67,0.939104,5,344,601,473,
153,67,0.920211,15,336,610,472,
154,67,0.907579,4,346,606,476,
155,67,0.933280,9,341,601,473,
156,67,0.919476,13,342,597,473,
157,67,0.923592,6,346,613,476,
158,67,0.894381,0,347,592,476,
159,67,0.923616,5,349,605,473,
160,67,0.917088,2,317,614,475,
161,67,0.926140,12,349,592,472,
162,67,0.935922,2,349,598,473,
163,67,0.931688,0,353,589,477,
164,67,0.914810,5,351,605,480,
165,67,0.929925,0,350,607,475,
166,67,0.916868,4,360,561,475,
167,67,0.929784,0,350,608,476,
168,67,0.937431,13,351,593,474,
169,67,0.942719,7,352,599,474,
170,67,0.921435,10,352,608,475,
171,67,0.913048,10,351,601,474,
172,67,0.940417,12,348,608,474,
173,67,0.894624,11,353,570,478,
174,67,0.922900,4,351,610,474,
175,67,0.912643,5,351,601,474,
176,67,0.901274,1,359,562,477,
177,67,0.930736,8,354,559,477,
178,67,0.909828,0,358,566,477,
179,67,0.902022,5,346,606,473,
180,67,0.889701,7,338,622,475,
181,67,0.902065,7,345,597,475,
182,67,0.923342,5,353,575,478,
183,67,0.878748,0,337,622,475,
184,67,0.875733,12,351,570,476,
185,67,0.911705,3,348,594,474,
186,67,0.881784,6,350,574,477,
187,67,0.896338,0,341,621,475,
188,67,0.914483,0,359,575,479,
189,67,0.943638,0,348,589,474,
190,67,0.913842,0,348,614,474,
191,67,0.903062,8,358,568,476,
192,67,0.922279,0,349,595,473,
193,67,0.899305,0,346,601,475,
194,67,0.924540,0,349,595,474,
195,67,0.928415,0,351,590,477,
196,67,0.913594,0,348,601,475,
197,67,0.915922,5,350,606,474,
198,67,0.893051,3,354,579,478,
199,67,0.865701,5,356,564,478,
200,67,0.885572,10,359,576,478,
201,67,0.888071,8,352,569,476,
202,67,0.879952,12,354,585,479,
203,67,0.886019,7,341,614,477,
204,67,0.846656,5,346,605,479,
205,67,0.891935,0,348,617,474,
206,67,0.899236,7,347,604,475,
207,67,0.867604,3,346,598,473,
208,67,0.907959,1,359,593,478,
209,67,0.882834,4,359,576,478,
210,67,0.924899,0,345,632,473,
211,67,0.892762,6,350,601,475,
212,67,0.933045,0,361,575,476,
213,67,0.916572,1,348,602,474,
214,67,0.900941,2,349,601,474,
215,67,0.883027,3,349,597,473,
216,67,0.907913,1,350,606,475,
217,67,0.889264,0,344,591,472,
218,67,0.875393,1,344,608,473,
219,67,0.894056,3,349,602,474,
220,67,0.890229,5,340,618,473,
221,67,0.895370,6,353,561,477,
222,67,0.897332,5,344,609,478,
223,67,0.916563,0,354,577,479,
224,67,0.892195,7,345,599,473,
225,67,0.936006,0,346,595,476,
226,67,0.942831,0,351,585,476,
227,67,0.922747,10,348,599,474,
228,67,0.911089,2,351,581,477,
229,67,0.916177,2,347,601,472,
230,67,0.901287,5,347,602,475,
231,67,0.892633,0,357,586,478,
232,67,0.897951,5,346,606,473,
233,67,0.902372,4,346,607,474,
234,67,0.907685,5,353,560,479,
235,67,0.882210,6,343,614,480,
236,67,0.884791,12,351,582,476,
237,67,0.924357,8,356,556,477,
238,67,0.922204,4,349,595,473,
239,67,0.900705,3,358,574,477,
240,67,0.913850,9,347,606,473,
241,67,0.906095,7,348,614,474,
242,67,0.937267,2,360,568,478,
243,67,0.918222,3,350,603,475,
244,67,0.926950,0,345,619,471,
245,67,0.892088,0,357,568,477,
246,67,0.922567,4,349,601,475,
247,67,0.902517,8,349,612,477,
248,67,0.913801,4,353,601,474,
249,67,0.901558,10,350,615,479,
250,67,0.934753,2,350,592,474,
251,67,0.893714,8,348,601,474,
252,67,0.902326,8,354,569,477,
253,67,0.906616,10,343,613,479,
254,67,0.926381,0,349,590,476,
255,67,0.894952,11,355,575,478,
256,67,0.911630,6,342,610,477,
257,67,0.879008,6,354,580,477,
258,67,0.935873,6,351,594,475,
259,67,0.930145,7,346,597,473,
260,67,0.877311,11,348,604,474,
261,67,0.910425,3,349,604,476,
262,67,0.909599,3,349,602,473,
263,67,0.912874,7,344,609,479,
264,67,0.943580,0,351,587,477,
265,67,0.919385,9,351,607,473,
266,67,0.901113,6,348,602,474,
267,67,0.894723,17,355,572,478,
268,67,0.901220,8,349,612,477,
269,67,0.913115,9,359,562,478,
270,67,0.897871,8,345,614,473,
271,67,0.911571,2,349,592,474,
272,67,0.921726,3,360,576,477,
273,67,0.896761,3,350,602,474,
274,67,0.903041,11,348,596,474,
275,67,0.877518,0,349,607,475,
276,67,0.925546,5,349,606,475,
277,67,0.901163,1,342,619,475,
278,67,0.900014,4,348,602,472,
279,67,0.904794,0,349,607,474,
280,67,0.944254,0,350,593,476,
281,67,0.907104,5,349,612,473,
282,67,0.902709,2,347,602,472,
283,67,0.920158,8,357,570,477,
284,67,0.897505,1,350,607,474,
285,67,0.873836,0,351,614,475,
286,67,0.904658,4,348,607,474,
287,67,0.854410,5,341,618,477,
288,67,0.890686,9,345,609,476,
289,67,0.891887,5,345,601,473,
290,67,0.897158,7,341,618,472,
291,67,0.906712,3,343,607,475,
292,67,0.920051,5,359,576,475,
293,67,0.927403,3,342,610,480,
294,67,0.921343,0,343,622,473,
295,67,0.910205,2,343,618,476,
296,67,0.905166,2,343,612,475,
297,67,0.882458,1,344,614,473,
298,67,0.903466,0,346,628,475,
299,67,0.906207,3,342,617,475,
300,67,0.924945,6,336,613,473,
301,67,0.925957,0,341,609,476,
302,67,0.913738,6,336,620,479,
303,67,0.902404,14,335,626,476,
304,67,0.921840,10,334,616,480,
305,67,0.922462,5,343,607,474,
306,67,0.905886,6,355,585,476,
307,67,0.912979,0,338,597,473,
308,67,0.937460,6,338,607,471,
309,67,0.897805,4,342,611,480,
310,67,0.911412,5,347,607,473,
311,67,0.921616,8,344,597,475,
312,67,0.925078,0,347,594,474,
313,67,0.911516,5,356,584,476,
314,67,0.917118,0,358,595,478,
315,67,0.913192,10,348,605,475,
316,67,0.898812,7,337,609,474,
317,67,0.911988,6,344,623,478,
318,67,0.903571,9,351,577,478,
319,67,0.900589,4,346,606,475,
320,67,0.903053,2,336,607,473,
321,67,0.869102,5,342,604,476,
322,67,0.917472,5,358,565,478,
323,67,0.907871,0,359,588,476,
324,67,0.831730,3,333,616,478,
325,67,0.907785,0,344,604,477,
326,67,0.884720,9,360,582,475,
327,67,0.915242,2,349,568,476,
328,67,0.861180,7,351,578,477,
329,67,0.902952,6,349,571,474,
330,67,0.883748,8,357,594,474,
331,67,0.892114,10,338,618,473,
332,67,0.927283,0,340,608,474,
333,67,0.925105,9,344,607,475,
334,67,0.916419,4,339,600,474,
335,67,0.864888,0,353,602,476,
336,67,0.885691,9,339,605,472,
337,67,0.932648,3,346,585,476,
338,67,0.913525,10,343,591,474,
339,67,0.908432,1,340,591,475,
340,67,0.928392,10,344,600,473,
341,67,0.894857,0,345,618,474,
342,67,0.902060,6,336,627,476,
343,67,0.899499,1,342,598,472,
344,67,0.913617,2,339,623,473,
345,67,0.922654,5,344,601,472,
346,67,0.917168,0,332,606,475,
347,67,0.927421,0,343,602,475,
348,67,0.910161,3,339,612,473,
349,67,0.936582,0,342,598,475,
350,67,0.921946,10,345,594,473,
351,67,0.918252,0,345,601,476,
352,67,0.872490,10,341,614,475,
353,67,0.868816,1,336,602,476,
354,67,0.907535,1,354,582,475,
355,67,0.904752,0,344,608,472,
356,67,0.899057,13,350,578,477,
357,67,0.905385,9,349,568,477,
358,67,0.907363,9,343,608,471,
359,67,0.902144,15,345,609,474,
360,67,0.936583,7,345,592,472,
361,67,0.934798,3,345,598,474,
362,67,0.935293,7,343,586,474,
363,67,0.902354,5,340,611,477,
364,67,0.927069,6,339,601,475,
365,67,0.908115,12,345,599,472,
366,67,0.916070,0,340,604,472,
367,67,0.911737,10,335,612,476,
368,67,0.916326,5,335,611,473,
369,67,0.909015,12,340,602,473,
370,67,0.914076,0,353,600,476,
371,67,0.930971,3,345,595,474,
372,67,0.891118,0,358,602,476,
373,67,0.935311,9,346,607,474,
374,67,0.880855,5,349,573,476,
375,67,0.936461,9,342,592,474,
376,67,0.903637,9,332,613,471,
377,67,0.886101,0,340,611,472,
378,67,0.934567,0,346,591,475,
379,67,0.916267,0,343,600,475,
380,67,0.902695,0,343,597,475,
381,67,0.890332,4,355,594,477,
382,67,0.843140,7,338,614,476,
383,67,0.867459,7,353,571,475,
384,67,0.885639,0,347,603,475,
385,67,0.849396,9,345,614,472,
386,67,0.917887,0,343,586,475,
387,67,0.934832,8,346,606,473,
388,67,0.907848,6,342,599,473,
389,67,0.912199,9,344,615,475,
390,67,0.890022,4,344,609,477,
391,67,0.857655,0,306,622,476,
392,67,0.913200,4,336,626,475,
393,67,0.904573,8,346,613,473,
394,67,0.860074,3,348,615,474,
395,67,0.893554,5,344,608,479,
396,67,0.885224,0,357,603,477,
397,67,0.915351,5,346,602,472,
398,67,0.885078,3,349,609,475,
399,67,0.917911,11,344,606,472,
400,67,0.874431,14,343,630,475,
401,67,0.899605,5,346,614,474,
402,67,0.858605,2,345,618,477,
403,67,0.872367,5,346,616,480,
404,67,0.915943,2,349,612,473,
405,67,0.880762,5,347,618,478,
406,67,0.862089,9,349,607,474,
407,67,0.826764,3,351,624,479,
408,67,0.862348,0,347,609,473,
409,67,0.926003,0,350,597,472,
410,67,0.910768,0,352,612,473,
411,67,0.906050,1,351,606,474,
412,67,0.856418,0,353,616,476,
413,67,0.924046,1,353,612,473,
414,67,0.922685,0,348,601,472,
415,67,0.928667,0,350,602,473,
416,67,0.921474,0,349,608,473,
417,67,0.941018,4,359,552,478,
418,67,0.939578,5,350,606,473,
419,67,0.928882,0,351,602,473,
420,67,0.896830,6,347,607,475,
421,67,0.871823,0,349,615,475,
422,67,0.921976,0,350,605,473,
423,67,0.923701,3,354,606,477,
424,67,0.938146,4,348,593,472,
425,67,0.918316,2,352,606,473,
426,67,0.935084,1,353,570,479,
427,67,0.929041,2,351,600,473,
428,67,0.926715,0,361,555,478,
429,67,0.913158,0,352,599,473,
430,67,0.932880,1,351,603,474,
431,67,0.944412,6,352,599,475,
432,67,0.897314,3,350,609,479,
433,67,0.941899,6,353,601,471,
434,67,0.925732,6,353,600,474,
435,67,0.920472,8,350,600,471,
436,67,0.886955,6,347,592,472,
437,67,0.886048,3,352,603,473,
438,67,0.882032,10,347,604,472,
439,67,0.886316,4,344,605,473,
440,67,0.906929,0,351,594,476,
441,67,0.869749,7,349,600,474,
442,67,0.886081,0,345,587,476,
443,67,0.884506,12,350,596,476,
444,67,0.873853,10,353,606,475,
445,67,0.928813,9,344,611,473,
446,67,0.893298,5,342,596,475,
447,67,0.911373,1,342,621,475,
448,67,0.934951,1,345,575,476,
449,67,0.922495,10,345,616,474,
450,67,0.911614,4,339,593,473,
451,67,0.940688,0,345,573,476,
452,67,0.932502,7,339,595,474,
453,67,0.946668,1,338,593,474,
454,67,0.938770,4,339,587,472,
455,67,0.950927,0,339,593,476,
456,67,0.920500,10,344,604,472,
457,67,0.916097,5,343,620,474,
458,67,0.952885,1,341,596,473,
459,67,0.948419,0,340,597,475,
460,67,0.949207,0,340,584,474,
461,67,0.930775,8,345,616,473,
462,67,0.955940,0,341,586,476,
463,67,0.944514,4,345,621,476,
464,67,0.962147,5,341,585,477,
465,67,0.949344,4,344,594,476,
466,67,0.935487,7,334,629,474,
467,67,0.949470,0,343,576,477,
468,67,0.944467,1,348,579,478,
469,67,0.955454,4,346,599,476,
470,67,0.962835,0,344,581,477,
471,67,0.947716,0,345,602,475,
472,67,0.955663,2,345,598,476,
473,67,0.946732,0,345,574,477,
474,67,0.944767,5,346,599,475,
475,67,0.947748,1,344,592,476,
476,67,0.933800,7,345,609,473,
477,67,0.963210,0,343,570,478,
478,67,0.951897,2,344,596,475,
479,67,0.945159,0,341,624,475,
480,67,0.942155,0,344,602,475,
481,67,0.956121,1,342,575,477,
482,67,0.955680,3,345,601,475,
483,67,0.944666,11,339,621,480,
484,67,0.960617,4,344,574,478,
485,67,0.950233,3,343,601,475,
486,67,0.931799,9,349,563,479,
487,67,0.949476,0,344,593,476,
488,67,0.953223,0,341,570,477,
489,67,0.950097,8,346,591,474,
490,67,0.934110,0,338,629,474,
491,67,0.961895,4,342,594,474,
492,67,0.956693,1,339,588,477,
493,67,0.961139,1,343,585,475,
494,67,0.955111,0,346,589,475,
495,67,0.952413,0,346,601,475,
496,67,0.958758,2,346,589,475,
497,67,0.944346,5,353,556,480,
498,67,0.948813,0,341,623,475,
499,67,0.940319,7,353,551,478,
500,67,0.956201,0,345,581,476,
501,67,0.956270,0,343,571,475,
502,67,0.943731,0,345,592,475,
503,67,0.951230,0,344,594,476,
504,67,0.960872,2,343,592,477,
505,67,0.957208,0,344,600,475,
506,67,0.948227,0,344,600,475,
507,67,0.955831,3,341,594,476,
508,67,0.947657,3,342,625,475,
509,67,0.946482,4,346,619,475,
510,67,0.945362,4,341,619,474,
511,67,0.961609,9,348,613,476,
512,67,0.930570,13,353,581,480,
513,67,0.957179,0,342,578,475,
514,67,0.932209,5,349,578,479,
515,67,0.957053,7,343,598,475,
516,67,0.943387,2,334,622,472,
517,67,0.950023,7,335,619,474,
518,67,0.950746,5,337,590,473,
519,67,0.940344,5,338,585,475,
520,67,0.947544,0,333,617,472,
521,67,0.937622,5,336,618,472,
522,67,0.917155,10,357,560,477,
523,67,0.941054,0,341,588,476,
524,67,0.935636,1,342,598,475,
525,67,0.948670,9,340,613,474,
526,67,0.942405,4,334,611,473,
527,67,0.951462,2,338,614,474,
528,67,0.936002,0,339,592,474,
529,67,0.927942,4,339,618,474,
530,67,0.931231,0,341,603,474,
531,67,0.942273,10,342,618,475,
532,67,0.942533,4,341,610,474,
533,67,0.932157,0,342,594,475,
534,67,0.946809,10,341,614,475,
535,67,0.946620,5,341,612,474,
536,67,0.940476,0,338,618,474,
537,67,0.924800,0,334,617,472,
538,67,0.938232,8,342,623,474,
539,67,0.918094,0,357,581,478,
540,67,0.917811,2,355,572,477,
541,67,0.933038,0,337,605,474,
542,67,0.920282,10,330,610,472,
543,67,0.915899,19,324,609,472,
544,67,0.930882,11,329,605,472,
545,67,0.933328,0,337,624,472,
546,67,0.951618,1,347,628,475,
547,67,0.928962,16,339,615,476,
548,67,0.926697,7,343,603,475,
549,67,0.916067,0,338,571,475,
550,67,0.920061,1,340,600,474,
551,67,0.932890,0,340,623,474,
552,67,0.939393,0,339,567,475,
553,67,0.925697,0,339,573,475,
554,67,0.937703,0,337,613,474,
555,67,0.937148,1,341,599,474,
556,67,0.914236,16,343,624,477,
557,67,0.915470,0,340,620,473,
558,67,0.920359,0,340,597,476,
559,67,0.919214,3,340,594,474,
560,67,0.927161,1,342,601,475,
561,67,0.940802,0,343,602,475,
562,67,0.936837,0,344,624,474,
563,67,0.915193,2,340,598,474,
564,67,0.923733,7,341,635,478,
565,67,0.934348,4,339,602,475,
566,67,0.924765,6,335,640,475,
567,67,0.899708,3,342,622,479,
568,67,0.933033,0,340,574,476,
569,67,0.932903,1,340,604,474,
570,67,0.949335,8,344,617,474,
571,67,0.919245,0,341,586,476,
572,67,0.914098,0,341,601,477,
573,67,0.923575,0,341,596,475,
574,67,0.904311,12,341,611,476,
575,67,0.928587,1,336,637,474,
576,67,0.924352,13,337,606,472,
577,67,0.940735,0,341,579,476,
578,67,0.927287,0,339,577,475,
579,67,0.932970,0,340,606,474,
580,67,0.909448,0,341,585,475,
581,67,0.924761,8,338,622,475,
582,67,0.924460,0,338,573,475,
583,67,0.920214,3,337,605,474,
584,67,0.944091,0,338,594,474,
585,67,0.925674,0,338,597,475,
586,67,0.931224,0,334,592,474,
587,67,0.942417,0,340,601,474,
588,67,0.937057,0,343,612,476,
589,67,0.930179,0,339,579,474,
590,67,0.908868,0,339,602,476,
591,67,0.923178,10,338,625,475,
592,67,0.942494,5,340,620,474,
593,67,0.927741,0,341,596,475,
594,67,0.941680,0,340,599,476,
595,67,0.924800,4,342,605,475,
596,67,0.934542,0,343,626,473,
597,67,0.945784,17,345,635,480,
598,67,0.922772,0,336,616,473,
599,67,0.934335,1,336,586,474,
600,67,0.939320,2,336,605,474,
601,67,0.939826,0,340,577,475,
602,67,0.925845,0,343,612,475,
603,67,0.932694,11,346,630,480,
604,67,0.949073,0,339,621,473,
605,67,0.939602,3,344,627,475,
606,67,0.919956,0,340,580,475,
607,67,0.924648,0,337,593,475,
608,67,0.930678,3,337,594,474,
609,67,0.930466,20,345,624,480,
610,67,0.927317,0,341,602,475,
611,67,0.935264,0,340,591,476,
612,67,0.938122,0,342,599,475,
613,67,0.942204,0,338,577,475,
614,67,0.929272,0,338,623,472,
615,67,0.936416,0,340,589,476,
616,67,0.930250,3,335,602,474,
617,67,0.933910,1,337,605,474,
618,67,0.919831,0,335,598,475,
619,67,0.935494,0,340,598,476,
620,67,0.932271,0,339,593,476,
621,67,0.929844,0,339,572,474,
622,67,0.910806,0,332,624,477,
623,67,0.922136,0,335,603,475,
624,67,0.918496,0,340,594,476,
625,67,0.924739,2,341,603,474,
626,67,0.924532,0,340,576,476,
627,67,0.918992,0,338,606,476,
628,67,0.918474,4,335,594,474,
629,67,0.933539,0,340,571,474,
630,67,0.931319,0,337,596,474,
631,67,0.921307,0,341,567,474,
632,67,0.941039,0,338,597,476,
633,67,0.923721,0,341,603,474,
634,67,0.913851,0,335,622,472,
635,67,0.931993,3,341,596,476,
636,67,0.920513,0,335,618,472,
637,67,0.946888,3,341,594,475,
638,67,0.938471,0,339,596,473,
639,67,0.946023,0,341,589,475,
640,67,0.938992,0,341,567,474,
641,67,0.941148,1,341,626,472,
642,67,0.949637,0,341,628,473,
643,67,0.946456,0,340,573,475,
644,67,0.941396,0,341,618,474,
645,67,0.953102,0,334,573,473,
646,67,0.924613,7,347,624,480,
647,67,0.919232,20,332,611,477,
648,67,0.922369,2,331,594,473,
649,67,0.917961,5,331,602,475,
650,67,0.926627,0,330,596,475,
651,67,0.937035,0,332,574,474,
652,67,0.937283,4,329,598,474,
653,67,0.924114,3,334,625,472,
654,67,0.938770,1,333,629,472,
655,67,0.942246,0,325,575,473,
656,67,0.947020,5,335,625,473,
657,67,0.948008,3,332,625,472,
658,67,0.951540,0,327,620,473,
659,67,0.946252,4,333,634,473,
660,67,0.935562,1,321,620,473,
661,67,0.945733,27,315,605,474,
662,67,0.958200,6,332,626,473,
663,67,0.943931,1,332,628,475,
664,67,0.945074,5,326,578,473,
665,67,0.961756,4,327,572,473,
666,67,0.949182,2,325,579,473,
667,67,0.941021,1,328,627,473,
668,67,0.938690,17,327,600,473,
669,67,0.942889,12,328,607,475,
670,67,0.940123,11,325,599,474,
671,67,0.944787,2,322,575,471,
672,67,0.941410,3,324,577,473,
673,67,0.936941,0,320,571,471,
674,67,0.942126,7,328,624,472,
675,67,0.944111,8,319,596,473,
676,67,0.954233,0,322,619,472,
677,67,0.935659,7,318,618,470,
678,67,0.921264,1,323,619,472,
679,67,0.946477,0,319,572,470,
680,67,0.933829,0,327,576,471,
681,67,0.946136,1,317,619,470,
682,67,0.947064,19,328,609,472,
683,67,0.943119,0,321,564,472,
684,67,0.938750,6,325,628,472,
685,67,0.945148,0,322,640,473,
686,67,0.941577,3,325,573,472,
687,67,0.931375,1,319,617,470,
688,67,0.925089,22,322,610,473,
689,67,0.943739,5,324,628,474,
690,67,0.956762,2,321,577,473,
691,67,0.951480,0,324,568,474,
692,67,0.949059,5,322,573,472,
693,67,0.945906,8,325,616,471,
694,67,0.934694,8,325,624,472,
695,67,0.938151,2,318,574,472,
696,67,0.934570,5,320,586,471,
697,67,0.915412,13,321,611,472,
698,67,0.952251,1,320,579,473,
699,67,0.919116,5,318,573,471,
700,67,0.944699,5,330,625,472,
701,67,0.936845,4,325,616,470,
702,67,0.940568,9,326,629,472,
703,67,0.941367,0,322,616,470,
704,67,0.929591,8,324,570,472,
705,67,0.925856,24,329,606,473,
706,67,0.936777,0,324,622,472,
707,67,0.927063,2,321,621,472,
708,67,0.912797,5,326,617,470,
709,67,0.923400,6,320,568,471,
710,67,0.936600,30,324,622,471,
711,67,0.944103,3,322,579,473,
712,67,0.945518,4,320,577,471,
713,67,0.932001,12,324,623,470,
714,67,0.929328,7,315,592,472,
715,67,0.936649,0,319,573,473,
716,67,0.927603,5,315,587,472,
717,67,0.933380,2,320,570,471,
718,67,0.950454,5,318,572,472,
719,67,0.942789,4,319,572,471,
720,67,0.949542,7,314,581,472,
721,67,0.938844,23,329,611,472,
722,67,0.932521,3,327,621,471,
723,67,0.936206,1,322,563,472,
724,67,0.940441,24,329,610,472,
725,67,0.949172,3,323,569,472,
726,67,0.927358,8,326,626,471,
727,67,0.930684,3,317,633,476,
728,67,0.942249,17,330,609,473,
729,67,0.947863,11,330,640,473,
730,67,0.938787,6,326,578,472,
731,67,0.942313,5,323,580,472,
732,67,0.937650,24,329,606,476,
733,67,0.943690,7,321,586,472,
734,67,0.931385,33,324,614,475,
735,67,0.938967,7,329,618,472,
736,67,0.950201,4,326,574,470,
737,67,0.914562,28,327,604,475,
738,67,0.950298,6,327,621,472,
739,67,0.935810,5,327,622,472,
740,67,0.929393,9,328,626,471,
741,67,0.942188,11,324,587,473,
742,67,0.916527,6,329,623,472,
743,67,0.940877,0,328,623,472,
744,67,0.954219,3,331,577,472,
745,67,0.930222,27,329,601,472,
746,67,0.940207,1,326,625,472,
747,67,0.937505,8,328,624,470,
748,67,0.945971,5,329,564,471,
749,67,0.953796,15,330,569,472,
750,67,0.951826,10,325,578,473,
751,67,0.936808,0,327,574,473,
752,67,0.936396,0,328,625,472,
753,67,0.917430,6,323,592,471,
754,67,0.945461,9,325,628,471,
755,67,0.935234,11,329,627,471,
756,67,0.930503,7,323,627,470,
757,67,0.950273,8,326,586,473,
758,67,0.934564,8,325,586,473,
759,67,0.941310,3,328,625,470,
760,67,0.941609,9,325,577,473,
761,67,0.949110,5,324,617,471,
762,67,0.917391,5,327,623,472,
763,67,0.948658,4,326,619,470,
764,67,0.937401,25,329,604,477,
765,67,0.943073,6,327,626,472,
766,67,0.939554,3,322,571,470,
767,67,0.930084,13,323,624,470,
768,67,0.926600,10,326,624,470,
769,67,0.932055,13,328,624,471,
770,67,0.931979,9,325,622,470,
771,67,0.930538,0,326,626,472,
772,67,0.937513,1,330,627,472,
773,67,0.947081,8,326,622,471,
774,67,0.914179,8,327,621,472,
775,67,0.942614,0,328,625,472,
776,67,0.939001,8,330,575,473,
777,67,0.954585,6,329,574,471,
778,67,0.934329,13,327,595,473,
779,67,0.938915,8,329,624,471,
780,67,0.946520,4,326,575,471,
781,67,0.956889,8,329,565,471,
782,67,0.943670,14,320,640,472,
783,67,0.942313,21,327,613,475,
784,67,0.940990,11,323,630,468,
785,67,0.937308,5,326,623,470,
786,67,0.933883,8,324,627,471,
787,67,0.946461,0,323,616,471,
788,67,0.942859,5,324,582,471,
789,67,0.939544,9,325,589,472,
790,67,0.925996,0,326,626,472,
791,67,0.944920,7,326,629,471,
792,67,0.947991,12,325,627,469,
793,67,0.952079,10,329,632,471,
794,67,0.930088,4,323,618,471,
795,67,0.937745,0,329,625,472,
796,67,0.935595,1,322,624,469,
797,67,0.916053,19,323,594,473,
798,67,0.892191,18,314,610,470,
799,67,0.922428,7,325,625,471,
800,67,0.945766,9,326,577,471,
801,67,0.950162,9,330,628,470,
802,67,0.924175,8,322,620,470,
803,67,0.930205,9,318,594,473,
804,67,0.924932,33,318,611,472,
805,67,0.957977,12,328,570,471,
806,67,0.942362,1,327,585,473,
807,67,0.941081,23,326,611,473,
808,67,0.925980,24,324,609,474,
809,67,0.943581,10,324,623,472,
810,67,0.936976,0,323,567,472,
811,67,0.933533,6,330,624,470,
812,67,0.944203,15,327,605,476,
813,67,0.939898,7,320,597,474,
814,67,0.932422,5,330,628,472,
815,67,0.916220,9,328,628,472,
816,67,0.916317,15,323,609,472,
817,67,0.950141,16,334,630,472,
818,67,0.946229,4,320,620,471,
819,67,0.940427,7,331,596,475,
820,67,0.898217,0,327,578,474,
821,67,0.934866,7,334,601,476,
822,67,0.932156,6,329,583,473,
823,67,0.929801,10,333,592,475,
824,67,0.917728,2,332,580,472,
825,67,0.905173,7,330,592,475,
826,67,0.944719,3,333,621,474,
827,67,0.901641,6,338,600,476,
828,67,0.947319,5,348,626,480,
829,67,0.935098,0,336,640,474,
830,67,0.934851,2,340,567,474,
831,67,0.946897,0,339,566,474,
832,67,0.951955,8,339,587,474,
833,67,0.929530,0,337,620,473,
834,67,0.931606,16,339,607,477,
835,67,0.944584,14,344,630,480,
836,67,0.941454,0,343,573,476,
837,67,0.922136,0,339,625,473,
838,67,0.934073,2,343,606,475,
839,67,0.920899,0,335,626,473,
840,67,0.925978,0,338,620,473,
841,67,0.948766,1,341,601,476,
842,67,0.930710,0,335,610,476,
843,67,0.937485,0,343,626,473,
844,67,0.940069,0,338,630,474,
845,67,0.939132,5,340,626,473,
846,67,0.915699,8,341,621,477,
847,67,0.919604,0,339,601,476,
848,67,0.930736,1,338,590,475,
849,67,0.939009,0,353,629,479,
850,67,0.945877,0,341,624,474,
851,67,0.930925,0,343,592,477,
852,67,0.930994,0,340,625,473,
853,67,0.909832,0,341,595,475,
854,67,0.934951,1,341,624,473,
855,67,0.931966,1,342,606,474,
856,67,0.933631,0,340,609,475,
857,67,0.919037,0,340,601,475,
858,67,0.921694,3,341,600,475,
859,67,0.921901,0,342,602,475,
860,67,0.906871,0,341,600,475,
861,67,0.932331,2,344,597,475,
862,67,0.944624,0,340,587,477,
863,67,0.928934,0,342,599,475,
864,67,0.920845,0,340,593,476,
865,67,0.915779,0,340,602,474,
866,67,0.927154,2,343,626,473,
867,67,0.925940,14,333,640,473,
868,67,0.928392,0,340,600,476,
869,67,0.921895,0,341,608,475,
870,67,0.922423,0,341,606,476,
871,67,0.937575,0,351,629,473,
872,67,0.932100,0,342,602,475,
873,67,0.935312,2,341,598,476,
874,67,0.929125,3,341,636,479,
875,67,0.924309,0,340,605,474,
876,67,0.934142,2,344,603,476,
877,67,0.915404,0,340,603,474,
878,67,0.921505,1,340,600,474,
879,67,0.903081,13,344,611,477,
880,67,0.922388,0,340,624,472,
881,67,0.929204,0,337,604,475,
882,67,0.938213,0,342,621,473,
883,67,0.930691,0,341,574,474,
884,67,0.925845,0,344,614,474,
885,67,0.927072,0,341,571,476,
886,67,0.925625,0,344,619,473,
887,67,0.924439,0,341,585,475,
888,67,0.942908,0,339,595,476,
889,67,0.937975,0,341,590,476,
890,67,0.940980,0,344,621,474,
891,67,0.927992,0,340,585,475,
892,67,0.941508,0,342,570,475,
893,67,0.933503,0,339,596,476,
894,67,0.888018,9,347,625,480,
895,67,0.927707,2,343,598,475,
896,67,0.919708,5,344,632,480,
897,67,0.946509,0,338,584,475,
898,67,0.939114,2,341,600,475,
899,67,0.881817,20,349,613,479,
900,67,0.927715,0,339,592,475,
901,67,0.936134,0,343,607,476,
902,67,0.934095,0,341,574,476,
903,67,0.911334,5,342,630,480,
904,67,0.917187,0,340,602,475,
905,67,0.923401,0,337,618,473,
906,67,0.921960,0,340,619,473,
907,67,0.924261,0,339,608,476,
908,67,0.913180,0,338,607,474,
909,67,0.918318,0,342,604,473,
910,67,0.918887,0,342,609,474,
911,67,0.938753,0,339,604,475,
912,67,0.929875,0,338,630,471,
913,67,0.926424,0,342,604,474,
914,67,0.913470,0,337,621,473,
915,67,0.923699,15,335,606,474,
916,67,0.916130,0,340,605,475,
917,67,0.924346,3,340,601,475,
918,67,0.946250,0,342,623,473,
919,67,0.931017,0,341,598,475,
920,67,0.920849,5,352,605,480,
921,67,0.933687,0,341,576,474,
922,67,0.925762,0,342,601,475,
923,67,0.924337,2,336,601,475,
924,67,0.931400,0,337,630,473,
925,67,0.937215,0,339,609,475,
926,67,0.906034,6,342,604,474,
927,67,0.887034,7,345,582,476,
928,67,0.915119,0,342,608,476,
929,67,0.924832,11,340,617,477,
930,67,0.935056,18,347,637,480,
931,67,0.908915,0,341,573,474,
932,67,0.927391,0,336,591,475,
933,67,0.924761,5,338,599,474,
934,67,0.936589,0,338,593,475,
935,67,0.931173,0,337,598,475,
936,67,0.921214,0,330,627,474,
937,67,0.930775,6,334,598,476,
938,67,0.909668,11,336,602,474,
939,67,0.933981,2,336,611,476,
940,67,0.916348,27,324,640,473,
941,67,0.929929,3,337,602,476,
942,67,0.943549,12,341,613,474,
943,67,0.897290,23,325,606,472,
944,67,0.931480,0,338,596,475,
945,67,0.932155,2,335,593,474,
946,67,0.928032,1,336,602,473,
947,67,0.947161,1,337,584,476,
948,67,0.921396,0,337,624,473,
949,67,0.927704,0,335,600,474,
950,67,0.915062,1,337,600,476,
951,67,0.920043,4,337,608,476,
952,67,0.947095,8,340,621,472,
953,67,0.930623,0,333,578,477,
954,67,0.946141,5,339,623,474,
955,67,0.937904,5,335,614,472,
956,67,0.923882,0,332,577,477,
957,67,0.937215,0,332,573,476,
958,67,0.920596,1,331,597,476,
959,67,0.914084,0,333,595,477,
960,67,0.912087,1,333,613,475,
961,67,0.925428,0,333,595,477,
962,67,0.931048,5,343,618,474,
963,67,0.942501,8,340,619,474,
964,67,0.916857,5,333,598,475,
965,67,0.938433,0,332,585,476,
966,67,0.935614,5,337,619,473,
967,67,0.913966,15,337,626,476,
968,67,0.917040,1,337,607,477,
969,67,0.947552,15,340,618,474,
970,67,0.934902,2,341,621,475,
971,67,0.934498,6,342,618,472,
972,67,0.924080,8,336,598,477,
973,67,0.935531,2,336,621,475,
974,67,0.917954,0,336,607,477,
975,67,0.940900,6,339,617,474,
976,67,0.919109,2,333,608,475,
977,67,0.934338,2,337,605,476,
978,67,0.928230,2,337,602,477,
979,67,0.917794,19,341,617,477,
980,67,0.919747,2,336,614,477,
981,67,0.939125,0,343,623,474,
982,67,0.949401,2,337,619,475,
983,67,0.915427,5,354,591,476,
984,67,0.879806,15,339,618,477,
985,67,0.936035,0,333,620,473,
986,67,0.951459,0,341,623,474,
