201,44,0.648410,199,180,217,230,
202,44,0.663316,200,180,218,230,
203,44,0.723795,200,180,218,230,
204,44,0.722773,200,180,219,231,
205,44,0.715656,200,180,217,230,
206,44,0.715716,199,180,219,231,
207,44,0.657363,200,181,217,230,
208,44,0.674859,200,179,218,231,
209,44,0.632633,200,181,219,232,
210,44,0.570777,200,180,218,231,
211,44,0.733085,200,180,218,231,
212,44,0.700669,199,180,216,230,
213,44,0.673822,200,180,218,231,
214,44,0.643710,200,179,217,230,
215,44,0.747334,199,180,216,230,
216,44,0.620937,200,180,218,230,
217,44,0.575149,200,180,218,231,
218,44,0.595121,200,180,219,230,
219,44,0.709941,200,180,218,230,
220,44,0.630058,200,180,219,231,
221,44,0.581648,198,181,217,230,
222,44,0.554640,199,180,218,230,
223,44,0.718719,200,179,219,231,
224,44,0.529235,200,180,218,230,
225,44,0.601658,200,180,218,230,
226,44,0.620792,200,179,219,231,
228,44,0.596350,200,180,219,230,
229,44,0.616959,199,179,220,231,
230,44,0.630096,200,179,219,231,
231,44,0.677470,200,179,219,231,
232,44,0.644698,200,179,219,231,
233,44,0.681376,200,180,219,230,
235,44,0.593310,200,179,219,231,
236,44,0.529208,200,180,219,230,
237,44,0.650694,200,180,219,230,
238,44,0.610046,200,180,219,231,
239,44,0.695093,200,179,220,231,
241,44,0.570234,200,180,220,231,
242,44,0.577770,200,180,218,231,
243,44,0.642331,200,180,219,231,
244,44,0.567475,200,180,218,230,
245,44,0.564166,200,180,220,232,
246,44,0.751591,200,179,220,231,
247,44,0.530426,200,180,218,230,
249,44,0.541959,200,180,219,231,
250,44,0.674981,200,180,219,230,
251,44,0.571661,200,179,219,231,
252,44,0.575618,200,180,219,231,
253,44,0.509609,200,180,218,230,
254,44,0.589055,200,179,219,231,
255,44,0.509040,198,181,216,230,
257,44,0.655648,200,180,219,231,
258,44,0.595475,201,179,219,231,
262,44,0.516506,200,180,219,231,
263,44,0.597987,198,181,217,230,
266,44,0.591757,200,180,220,231,
267,44,0.678423,200,179,220,231,
269,44,0.560931,200,180,220,231,
270,44,0.645342,200,181,219,230,
271,44,0.570650,201,180,219,230,
272,44,0.651371,200,180,220,231,
273,44,0.588817,200,180,219,231,
274,44,0.586205,200,180,220,231,
275,44,0.596130,200,179,221,231,
276,44,0.574043,200,180,219,231,
277,44,0.592211,200,180,220,231,
278,44,0.589732,199,181,216,229,
279,44,0.643697,200,180,219,231,
280,44,0.695766,200,180,219,231,
281,44,0.680928,199,180,216,231,
282,44,0.718706,200,180,218,231,
283,44,0.763412,200,180,218,231,
284,44,0.784300,199,180,218,231,
285,44,0.666840,200,180,218,231,
286,44,0.644856,200,181,217,231,
287,44,0.690222,200,181,218,231,
288,44,0.522851,200,181,217,231,
289,44,0.525131,201,181,217,230,
290,44,0.541871,198,181,216,230,
292,44,0.588681,200,181,219,231,
293,44,0.576330,200,181,219,231,
294,44,0.554138,200,181,219,231,
295,44,0.698227,200,181,219,231,
296,44,0.588425,202,181,221,231,
297,44,0.664000,200,180,219,230,
298,44,0.509587,200,181,220,232,
299,44,0.651535,200,181,219,231,
300,44,0.672112,199,181,218,231,
301,44,0.731969,200,182,220,231,
302,44,0.638385,202,180,220,232,
303,44,0.696095,200,181,219,232,
304,44,0.739066,200,182,219,232,
305,44,0.579251,200,182,218,232,
306,44,0.590131,200,182,219,232,
307,44,0.649940,200,182,219,232,
309,44,0.551324,200,182,218,231,
314,44,0.582404,200,182,219,232,
320,44,0.560293,200,181,217,232,
321,44,0.574176,200,181,217,232,
323,44,0.628158,200,182,216,231,
324,44,0.571072,200,182,216,231,
325,44,0.618389,200,182,217,231,
326,44,0.541638,200,182,216,231,
327,44,0.536252,201,182,216,231,
333,44,0.544033,200,182,216,232,
334,44,0.563379,200,181,217,232,
336,44,0.595932,200,182,217,231,
341,44,0.591195,200,182,216,231,
343,44,0.586911,200,182,216,231,
348,44,0.581651,201,182,216,230,
349,44,0.613874,200,181,217,232,
350,44,0.602781,200,182,217,232,
351,44,0.677669,200,181,217,232,
352,44,0.511869,200,182,216,231,
353,44,0.592726,200,181,217,231,
354,44,0.538593,200,182,217,232,
355,44,0.638956,200,182,217,231,
356,44,0.583345,200,182,217,231,
357,44,0.569156,200,182,216,232,
359,44,0.528649,200,182,216,231,
362,44,0.503155,200,181,216,231,
364,44,0.501673,200,182,216,231,
365,44,0.578703,200,183,216,231,
373,44,0.583683,200,182,216,231,
376,44,0.541311,200,182,216,231,
378,44,0.647757,200,183,216,231,
380,44,0.501789,200,182,216,231,
381,44,0.530255,200,182,216,231,
382,44,0.631457,200,182,217,231,
384,44,0.615982,200,181,217,232,
386,44,0.582017,200,182,217,232,
388,44,0.577180,200,181,218,232,
389,44,0.500830,200,181,218,232,
393,44,0.565533,200,182,220,231,
395,44,0.790800,202,181,220,232,
396,44,0.729156,200,180,220,232,
397,44,0.717889,200,181,220,231,
398,44,0.685502,202,180,221,230,
399,44,0.616938,202,180,221,231,
400,44,0.615637,200,181,219,230,
401,44,0.775462,200,180,219,230,
402,44,0.623202,199,180,219,230,
403,44,0.563177,199,180,219,230,
404,44,0.597716,200,180,219,231,
405,44,0.540386,200,180,219,230,
407,44,0.568091,200,180,220,230,
411,44,0.549802,201,180,220,230,
413,44,0.556919,201,181,219,230,
414,44,0.545333,201,181,220,230,
419,44,0.522548,201,181,220,230,
422,44,0.581993,203,180,222,230,
426,44,0.506926,202,179,222,230,
429,44,0.521063,202,179,222,231,
430,44,0.569324,202,179,222,230,
439,44,0.536898,202,179,221,229,
454,44,0.522686,202,180,222,230,
462,44,0.595980,200,180,220,230,
474,44,0.568308,200,180,222,231,
490,44,0.629952,201,179,221,230,
510,44,0.578555,201,181,220,230,
517,44,0.602825,199,182,212,229,
