731,75,0.944933,108,319,178,422,
732,75,0.584213,109,323,179,424,
733,75,0.719727,109,325,176,423,
734,75,0.651852,109,324,178,424,
735,75,0.897028,109,326,177,425,
736,75,0.965609,107,327,176,425,
737,75,0.967192,108,327,176,426,
738,75,0.917911,108,325,177,424,
739,75,0.878127,109,323,177,423,
740,75,0.921584,108,325,177,423,
741,75,0.975535,108,325,177,425,
742,75,0.980103,108,325,176,426,
743,75,0.932445,107,326,179,427,
744,75,0.953263,108,325,173,422,
745,75,0.850863,108,321,174,422,
746,75,0.839628,109,320,175,421,
747,75,0.638081,107,321,174,421,
748,75,0.779870,109,326,174,422,
749,75,0.673389,110,329,171,423,
750,75,0.634930,109,330,172,423,
751,75,0.780016,109,328,174,424,
