151,72,0.644348,295,236,377,322,
152,72,0.689753,291,235,378,321,
153,72,0.744127,293,236,376,317,
154,72,0.566174,293,234,380,319,
155,72,0.605896,289,237,374,315,
156,72,0.602304,287,236,373,315,
157,72,0.510487,287,235,373,316,
158,72,0.568181,286,236,374,315,
159,72,0.668553,287,236,373,315,
160,72,0.635929,287,236,374,315,
161,72,0.640108,287,237,374,315,
162,72,0.533917,287,237,373,314,
163,72,0.679913,288,236,373,315,
164,72,0.784222,288,237,373,315,
165,72,0.724758,288,236,373,315,
166,72,0.626961,287,236,374,315,
167,72,0.633167,289,237,373,315,
168,72,0.698173,287,238,373,314,
169,72,0.568739,286,237,374,315,
170,72,0.536540,287,236,374,316,
171,72,0.708468,286,236,373,316,
172,72,0.625451,286,236,373,316,
173,72,0.733394,285,237,374,314,
174,72,0.642353,287,236,373,316,
175,72,0.536085,288,237,373,314,
176,72,0.750487,287,234,375,318,
177,72,0.645158,287,235,373,315,
178,72,0.569496,288,236,374,317,
179,72,0.606598,288,235,373,316,
180,72,0.569860,287,237,373,315,
181,72,0.573120,288,236,372,315,
182,72,0.556646,289,235,372,315,
183,72,0.677547,288,235,373,316,
184,72,0.582334,286,237,375,315,
185,72,0.612824,287,236,375,315,
186,72,0.664426,286,237,375,315,
187,72,0.781255,285,236,375,316,
188,72,0.762107,283,236,374,317,
189,72,0.789394,284,237,374,316,
190,72,0.712778,281,236,376,316,
191,72,0.779058,281,237,376,316,
192,72,0.675690,281,236,378,317,
193,72,0.672320,282,236,379,317,
196,72,0.682403,283,236,380,317,
197,72,0.657182,281,237,377,317,
198,72,0.713015,281,237,375,316,
199,72,0.636420,280,236,376,317,
200,72,0.633606,281,237,376,317,
201,72,0.579651,280,237,376,317,
202,72,0.540148,282,236,378,317,
203,72,0.633235,280,238,376,317,
204,72,0.608528,281,237,376,316,
205,72,0.716864,281,236,379,319,
206,72,0.561883,281,237,376,317,
207,72,0.645884,281,236,379,317,
208,72,0.559546,281,237,376,317,
209,72,0.533125,282,237,375,314,
211,72,0.636666,280,237,376,317,
212,72,0.534399,282,236,380,318,
213,72,0.604294,281,238,375,316,
214,72,0.619884,280,235,377,318,
215,72,0.615184,280,236,376,316,
216,72,0.684059,280,237,376,316,
217,72,0.598698,280,237,376,316,
218,72,0.571608,282,237,377,316,
219,72,0.681607,281,237,375,315,
220,72,0.658065,279,236,376,318,
221,72,0.681269,281,236,379,317,
222,72,0.746308,281,237,375,316,
223,72,0.578758,281,235,379,317,
224,72,0.780563,282,237,374,316,
225,72,0.530146,281,238,375,315,
226,72,0.705013,281,237,376,316,
227,72,0.797225,283,237,374,316,
228,72,0.679696,281,237,376,317,
229,72,0.661570,281,236,376,316,
230,72,0.748842,281,236,375,317,
231,72,0.701768,282,236,375,316,
232,72,0.745254,282,236,375,316,
233,72,0.781864,283,237,374,316,
234,72,0.758142,283,237,374,316,
235,72,0.697626,283,237,375,314,
236,72,0.760292,284,236,378,316,
237,72,0.610689,283,237,375,313,
238,72,0.578817,283,237,374,312,
239,72,0.675577,282,237,374,313,
240,72,0.669793,283,237,374,312,
241,72,0.666415,285,237,374,312,
242,72,0.656157,285,237,374,311,
243,72,0.604777,287,237,373,311,
244,72,0.658809,291,237,373,313,
245,72,0.615831,291,238,372,312,
247,72,0.590741,290,238,372,312,
248,72,0.629958,290,236,376,313,
251,72,0.513022,289,237,373,310,
252,72,0.572047,289,237,374,309,
362,73,0.571291,301,237,376,296,
364,73,0.524801,305,237,375,301,
366,73,0.890166,294,235,376,312,
369,73,0.599357,284,234,378,314,
370,78,0.659392,282,233,377,315,
372,72,0.681575,288,234,373,314,
374,72,0.525458,282,236,375,315,
375,72,0.552703,284,236,373,315,
377,72,0.501227,287,237,375,313,
378,72,0.564413,287,237,372,313,
380,72,0.615848,286,235,372,314,
381,72,0.587733,288,237,372,313,
382,72,0.566400,287,237,374,314,
383,72,0.507305,287,236,374,315,
388,72,0.527455,288,236,377,318,
389,72,0.535588,290,235,373,320,
390,72,0.575882,289,237,375,318,
391,72,0.605796,291,236,376,319,
392,72,0.592544,289,236,376,321,
393,72,0.607706,294,236,377,321,
395,72,0.701851,295,236,377,323,
398,72,0.679535,302,237,377,327,
