1,1,391,326,482,437,1.0002,-0.0001,-0.0000,1.0000,9.9975,10.0007,
2,1,391,326,482,437,1.0025,0.0007,0.0028,0.9981,9.8119,10.0609,
3,1,391,326,482,437,1.0006,-0.0014,-0.0001,0.9995,10.0702,10.0557,
4,1,391,326,482,437,0.9985,0.0001,0.0002,1.0009,10.0701,9.8274,
5,1,391,326,482,437,1.0007,0.0014,0.0006,1.0017,9.8525,9.8837,
6,1,391,326,482,437,1.0006,0.0012,0.0022,1.0020,9.8861,9.7453,
7,1,391,326,482,437,1.0176,-0.0047,0.0027,1.0000,9.6068,9.8348,
8,1,391,326,482,437,0.9998,0.0005,-0.0064,1.0028,10.0279,10.0947,
9,1,391,326,482,437,0.9990,-0.0004,-0.0023,1.0001,10.1018,10.0664,
10,1,398,326,469,434,0.9998,-0.0000,-0.0004,0.9992,10.0229,10.0934,
11,1,398,326,469,434,1.0010,0.0001,0.0028,0.9988,9.9458,9.9327,
12,1,398,326,469,434,1.0003,-0.0004,0.0002,1.0003,10.0355,9.9675,
13,1,398,326,469,434,0.9997,0.0010,-0.0010,0.9992,9.9426,10.1010,
14,1,398,326,469,434,1.0017,-0.0007,-0.0008,0.9990,9.9909,10.1154,
15,1,398,326,469,434,0.9966,0.0025,0.0040,0.9997,9.9353,9.8625,
16,1,398,326,469,434,1.0002,-0.0019,-0.0008,0.9988,10.1270,10.1153,
17,1,398,326,469,434,1.0003,-0.0001,-0.0006,0.9985,10.0033,10.1260,
18,1,398,326,469,434,1.0009,0.0004,0.0012,0.9970,9.9474,10.1453,
19,1,398,326,469,434,1.0013,-0.0004,-0.0003,1.0014,9.9604,9.9181,
20,1,395,332,471,430,0.9986,-0.0001,-0.0016,1.0004,10.0564,10.0318,
21,1,395,332,471,430,1.0021,0.0001,0.0015,0.9992,9.8990,10.0243,
22,1,395,332,471,430,1.0052,0.0002,-0.0111,1.0012,9.7909,10.3287,
23,1,395,332,471,430,1.0004,-0.0004,-0.0012,0.9983,10.0110,10.1356,
24,1,395,332,471,430,1.0017,-0.0003,0.0010,1.0001,9.9544,9.9209,
25,1,395,332,471,430,0.9990,-0.0004,0.0020,1.0006,10.0409,9.9309,
26,1,395,332,471,430,1.0087,0.0051,-0.0048,0.9968,9.3005,10.3831,
27,1,395,332,471,430,0.9937,-0.0033,0.0011,1.0015,10.5078,9.8496,
28,1,395,332,471,430,1.0046,-0.0022,-0.0093,1.0038,9.9732,10.0828,
29,1,395,332,471,430,1.0016,0.0012,0.0021,1.0022,9.8798,9.7946,
30,1,401,332,466,430,1.0016,-0.0001,-0.0008,0.9986,9.9655,10.0940,
31,1,401,332,466,430,1.0012,-0.0001,0.0005,1.0017,9.9822,9.9166,
32,1,401,332,466,430,1.0004,-0.0003,-0.0012,0.9985,9.9684,10.0684,
33,1,401,332,466,430,1.0030,-0.0011,-0.0095,1.0029,9.9756,10.1214,
34,1,401,332,466,430,0.9998,0.0003,-0.0012,1.0017,9.9900,9.9889,
35,1,401,332,466,430,1.0005,-0.0015,-0.0085,1.0053,10.0949,9.9233,
36,1,401,332,466,430,1.0006,-0.0010,-0.0009,1.0000,10.0614,10.0295,
37,1,401,332,466,430,0.9998,0.0002,-0.0009,0.9991,9.9961,10.0679,
38,1,401,332,466,430,1.0028,-0.0010,-0.0001,0.9996,9.9647,10.0652,
39,1,401,332,466,430,1.0016,-0.0008,0.0028,0.9962,9.9719,10.0849,
40,1,399,335,468,431,0.9965,0.0016,-0.0067,1.0050,10.0234,9.9241,
41,1,399,335,468,431,1.0015,-0.0007,0.0027,0.9978,10.0036,10.0610,
42,1,399,335,468,431,1.0005,-0.0000,-0.0004,0.9997,9.9735,10.0285,
43,1,399,335,468,431,0.9997,-0.0017,0.0027,0.9997,10.1074,9.9249,
44,1,399,335,468,431,1.0018,-0.0011,-0.0008,0.9995,10.0024,10.0801,
45,1,399,335,468,431,0.9974,-0.0007,0.0009,1.0009,10.1589,9.9024,
46,1,399,335,468,431,0.9975,-0.0029,-0.0046,1.0020,10.2995,10.0562,
47,1,399,335,468,431,1.0044,-0.0018,-0.0079,1.0026,9.9604,10.1161,
48,1,399,335,468,431,1.0018,-0.0003,0.0034,1.0011,9.9394,9.8144,
49,1,399,335,468,431,0.9998,0.0013,0.0004,0.9991,9.9586,10.0309,
50,1,401,335,461,431,1.0002,-0.0016,-0.0068,0.9974,10.0692,10.4407,
51,1,399,332,462,428,0.9986,-0.0004,0.0001,1.0011,10.0885,9.9398,
52,1,404,338,459,428,1.0005,0.0008,0.0010,0.9986,9.9335,10.0263,
53,1,403,333,459,430,1.0017,-0.0002,-0.0030,1.0022,9.9505,9.9765,
54,1,407,339,458,425,0.9985,0.0000,0.0002,0.9987,10.0572,10.0855,
55,1,402,332,461,431,1.0005,-0.0005,-0.0002,0.9991,10.0149,10.0452,
56,1,82,338,403,527,0.9993,0.0001,0.0012,0.9999,10.0244,9.9688,
57,1,402,336,460,432,1.0000,0.0000,-0.0000,1.0000,9.9997,9.9999,
58,1,402,336,460,432,1.0004,0.0003,-0.0000,1.0014,9.9978,9.9481,
59,1,402,336,460,432,0.9993,0.0001,-0.0007,0.9994,10.0062,10.0425,
60,1,403,335,463,429,1.0006,-0.0002,0.0007,0.9996,10.0039,10.0039,
61,1,403,335,463,429,1.0027,-0.0004,-0.0000,0.9990,9.9064,10.0554,
62,1,403,335,463,429,0.9981,0.0009,-0.0016,1.0000,10.0165,10.0391,
63,1,403,335,463,429,1.0021,-0.0017,0.0020,0.9997,10.0282,9.9440,
64,1,403,335,463,429,1.0015,0.0015,-0.0012,1.0005,9.8709,9.9858,
65,1,403,335,463,429,1.0007,-0.0020,-0.0122,1.0043,10.1071,10.1458,
66,1,403,335,463,429,0.9996,0.0004,-0.0013,0.9997,10.0053,10.0406,
67,1,403,335,463,429,1.0004,-0.0025,0.0017,0.9989,10.1173,9.9841,
68,1,403,335,463,429,0.9940,-0.0014,-0.0012,0.9998,10.3027,10.0708,
69,1,403,335,463,429,1.0012,0.0010,-0.0014,0.9993,9.8995,10.0735,
70,1,402,335,464,432,1.0001,0.0001,0.0002,0.9975,9.9900,10.1415,
71,1,402,335,464,432,0.9921,-0.0020,-0.0182,0.9922,10.4295,11.2038,
72,1,402,335,464,432,1.0055,0.0049,-0.0075,0.9938,9.4589,10.6581,
73,1,402,335,464,432,1.0011,0.0012,-0.0066,0.9975,9.8725,10.4415,
74,1,402,335,464,432,0.9894,0.0002,0.0015,0.9955,10.3860,10.2311,
75,1,402,335,464,432,1.0048,0.0037,-0.0128,0.9909,9.5729,11.1309,
76,1,402,335,464,432,1.0000,0.0017,-0.0033,0.9952,9.8690,10.4456,
77,1,402,335,464,432,0.9982,0.0008,-0.0026,0.9974,10.0003,10.2986,
78,1,402,335,464,432,1.0058,0.0131,-0.0068,0.9926,8.9192,10.7716,
79,1,402,335,464,432,1.0044,-0.0022,0.0047,1.0011,9.6709,9.8797,
80,1,399,336,459,432,1.0154,0.0103,0.0034,0.9964,8.1225,10.1989,
81,1,399,336,459,432,0.9988,0.0013,0.0020,0.9981,9.3234,10.1054,
82,1,399,336,459,432,0.9953,0.0004,-0.0057,1.0068,9.5612,9.9244,
83,1,399,336,459,432,1.0012,0.0010,0.0045,1.0013,9.3739,9.7696,
84,1,399,336,459,432,0.9917,0.0003,-0.0121,1.0072,9.7114,10.0443,
85,1,399,336,459,432,0.9999,0.0048,-0.0159,1.0129,9.3597,9.8336,
86,1,399,335,459,434,1.0081,-0.0008,-0.0022,1.0248,9.1374,8.6657,
87,1,399,335,459,434,1.0071,-0.0024,-0.0063,1.0079,9.2676,9.3738,
88,1,399,335,459,434,0.9886,0.0095,0.0094,1.0169,9.1939,8.4564,
89,1,399,335,459,434,1.0033,0.0035,0.0118,1.0198,9.4983,8.1799,
90,1,400,336,456,431,1.0065,0.0081,0.0065,1.0165,9.1958,8.5783,
91,1,400,336,456,431,1.0102,-0.0007,0.0035,1.0218,9.6520,8.4231,
92,1,400,336,456,431,0.9998,-0.0002,0.0157,1.0097,10.0207,8.7651,
93,1,400,336,456,431,1.0039,0.0008,0.0004,1.0007,9.8204,9.9278,
94,1,400,336,456,431,0.9982,-0.0006,0.0013,1.0009,10.0954,9.8948,
95,1,400,336,456,431,1.0027,0.0008,0.0034,0.9981,9.8302,9.9728,
96,1,400,336,456,431,1.0014,-0.0009,-0.0003,1.0012,10.0128,9.9244,
97,1,400,336,456,431,0.9989,0.0006,-0.0001,1.0020,10.0028,9.9051,
98,1,400,336,456,431,1.0039,0.0007,0.0025,0.9983,9.7901,9.9742,
99,1,400,336,456,431,1.0004,0.0067,0.0034,1.0017,9.5160,9.7726,
100,1,400,338,457,430,1.0058,-0.0061,0.0011,0.9982,10.2071,10.0689,
101,1,400,338,457,430,1.0045,-0.0017,0.0120,0.9941,9.9474,9.9170,
102,1,400,338,457,430,0.9870,-0.0097,0.0055,1.0034,11.0678,9.6468,
103,1,400,338,457,430,1.0024,-0.0013,-0.0031,0.9982,10.0190,10.1822,
104,1,400,338,457,430,1.0034,-0.0035,-0.0010,1.0030,10.0918,9.8606,
105,1,400,338,457,430,1.0001,-0.0007,-0.0003,1.0000,10.0328,9.9864,
106,1,400,338,457,430,1.0056,-0.0042,0.0046,0.9994,10.0423,9.9022,
107,1,400,338,457,430,0.9999,0.0009,0.0001,0.9989,9.9602,10.0395,
108,1,400,338,457,430,0.9985,0.0013,-0.0020,1.0009,9.9753,9.9996,
109,1,400,338,457,430,0.9994,-0.0000,-0.0018,1.0002,10.0229,10.0592,
110,1,397,338,462,430,0.9890,-0.0041,-0.0016,0.9977,10.6597,10.2219,
111,1,397,338,462,430,1.0082,-0.0028,0.0009,1.0011,9.8510,9.9107,
112,1,397,338,462,430,1.0021,-0.0017,-0.0016,0.9985,10.0250,10.1055,
113,1,397,338,462,430,0.9960,-0.0030,-0.0025,0.9999,10.3692,10.1041,
114,1,397,338,462,430,1.0059,0.0029,0.0012,1.0033,9.5522,9.7426,
115,1,397,338,462,430,0.9925,-0.0076,0.0034,1.0016,10.7949,9.7813,
116,1,397,338,462,430,0.9975,-0.0009,-0.0045,1.0008,10.1515,10.1180,
117,1,397,338,462,430,0.9943,0.0105,0.0111,0.9884,9.4987,10.3388,
118,1,397,338,462,430,0.9997,0.0016,0.0007,1.0005,9.9145,9.9660,
119,1,397,338,462,430,1.0022,-0.0026,-0.0013,1.0007,10.0941,10.0211,
120,1,399,333,463,430,1.0026,0.0009,0.0026,0.9989,9.8293,9.9759,
121,1,399,333,463,430,0.9895,-0.0022,-0.0068,1.0004,10.5640,10.2549,
122,1,399,333,463,430,0.9988,0.0033,0.0018,1.0023,9.8147,9.8111,
123,1,399,333,463,430,1.0056,-0.0111,-0.0025,0.9983,10.5829,10.1846,
124,1,399,333,463,430,0.9959,0.0040,0.0064,0.9961,9.8660,10.0531,
125,1,399,333,463,430,0.9980,-0.0010,-0.0021,1.0015,10.1356,9.9928,
126,1,399,333,463,430,1.0007,0.0000,-0.0033,1.0023,9.9952,9.9452,
127,1,399,333,463,430,1.0016,-0.0008,-0.0019,1.0028,9.9805,9.8926,
128,1,399,333,463,430,0.9997,-0.0000,-0.0001,1.0001,10.0022,9.9844,
129,1,399,333,463,430,1.0007,-0.0003,-0.0015,1.0014,9.9936,9.9730,
130,1,398,336,459,432,1.0003,0.0007,0.0032,0.9977,9.9525,10.0426,
131,1,398,336,459,432,0.9974,-0.0004,-0.0031,1.0021,10.1353,9.9830,
132,1,398,336,459,432,1.0065,-0.0095,0.0024,0.9958,10.3920,10.1768,
133,1,398,336,459,432,1.0010,0.0002,-0.0002,1.0013,9.9480,9.9191,
134,1,398,336,459,432,0.9917,0.0069,-0.0041,1.0014,9.8344,10.0817,
135,1,398,336,459,432,0.9971,-0.0077,-0.0020,0.9996,10.6603,10.0976,
136,1,398,336,459,432,0.9998,0.0035,-0.0002,0.9988,9.7602,10.0811,
137,1,398,336,459,432,0.9998,0.0013,-0.0014,1.0018,9.9225,9.9424,
138,1,398,336,459,432,0.9997,0.0022,0.0035,0.9984,9.8676,9.9587,
139,1,398,336,459,432,0.9988,-0.0016,-0.0014,1.0014,10.1546,9.9844,
140,1,398,338,460,429,0.9990,-0.0002,-0.0002,0.9991,10.0368,10.0680,
141,1,398,338,460,429,0.9996,-0.0003,-0.0005,0.9996,10.0430,10.0299,
142,1,398,338,460,429,1.0016,-0.0007,-0.0008,0.9993,9.9937,10.0754,
143,1,398,338,460,429,0.9993,0.0001,-0.0014,0.9993,10.0227,10.0646,
144,1,398,338,460,429,0.9994,-0.0016,0.0014,1.0019,10.1290,9.8873,
145,1,398,338,460,429,1.0001,0.0029,0.0011,0.9987,9.8114,10.0051,
146,1,398,338,460,429,0.9979,0.0010,0.0023,1.0003,10.0145,9.9472,
147,1,398,338,460,429,1.0017,-0.0005,-0.0035,1.0011,9.9657,10.0169,
148,1,398,338,460,429,0.9985,-0.0008,-0.0041,1.0008,10.1010,10.1061,
149,1,398,338,460,429,1.0008,0.0002,-0.0005,1.0013,9.9634,9.9455,
150,1,398,339,459,430,1.0001,0.0015,0.0018,0.9992,9.8882,9.9936,
151,1,398,339,459,430,1.0012,0.0001,0.0016,0.9997,9.9463,9.9483,
152,1,398,339,459,430,0.9987,0.0010,0.0000,1.0004,9.9795,9.9743,
153,1,398,339,459,430,1.0001,-0.0013,0.0002,0.9987,10.0853,10.0617,
154,1,398,339,459,430,0.9981,0.0010,-0.0009,0.9997,10.0130,10.0636,
155,1,398,339,459,430,1.0000,0.0037,0.0025,1.0009,9.7710,9.8477,
156,1,398,339,459,430,0.9939,-0.0047,-0.0005,0.9951,10.5329,10.3238,
157,1,398,339,459,430,1.0086,0.0006,-0.0061,1.0110,9.6355,9.5149,
158,1,398,339,459,430,0.9907,-0.0039,0.0057,0.9855,10.6232,10.7229,
159,1,398,339,459,430,0.9998,0.0016,0.0021,0.9982,9.8931,10.0481,
160,1,392,341,459,433,1.0096,-0.0047,-0.0007,1.0048,9.9423,9.7523,
161,1,392,341,459,433,0.9977,-0.0155,-0.0014,0.9971,11.0887,10.2471,
162,1,392,341,459,433,0.9913,-0.0070,-0.0056,0.9997,10.8303,10.2464,
163,1,392,341,459,433,1.0020,-0.0151,0.0009,0.9968,10.8564,10.1739,
164,1,392,341,459,433,1.0022,-0.0049,-0.0037,0.9981,10.2211,10.2680,
165,1,392,341,459,433,1.0006,-0.0019,-0.0032,1.0036,10.0885,9.9143,
166,1,392,341,459,433,0.9963,0.0000,0.0036,0.9940,10.1576,10.2319,
167,1,392,341,459,433,0.9984,-0.0068,0.0005,0.9981,10.5153,10.0663,
168,1,392,341,459,433,0.9841,-0.0007,-0.0150,1.0122,10.7131,9.8915,
169,1,392,341,459,433,0.9824,-0.0070,-0.0057,0.9952,11.2400,10.5518,
170,1,393,340,465,430,1.0126,0.0134,-0.0007,1.0043,8.5713,9.7941,
171,1,393,340,465,430,0.9943,-0.0018,-0.0013,1.0000,10.3515,10.0709,
172,1,393,340,465,430,1.0054,0.0056,0.0035,0.9977,9.4134,9.9906,
173,1,393,340,465,430,0.9987,0.0035,-0.0069,0.9952,9.8593,10.5916,
174,1,393,340,465,430,1.0010,-0.0020,-0.0029,0.9993,10.0874,10.1374,
175,1,393,340,465,430,1.0007,0.0028,0.0001,1.0015,9.7838,9.9146,
176,1,393,340,465,430,0.9950,-0.0013,-0.0058,0.9994,10.3213,10.2935,
177,1,393,340,465,430,1.0008,0.0035,0.0079,0.9962,9.7428,9.9316,
178,1,393,340,465,430,1.0053,0.0195,0.0006,1.0040,8.5791,9.7368,
179,1,393,340,465,430,1.0008,0.0024,0.0012,0.9984,9.7950,10.0622,
180,1,398,340,460,430,1.0020,0.0024,0.0047,1.0027,9.7719,9.6246,
181,1,398,340,460,430,0.9967,0.0018,0.0045,0.9955,10.0135,10.0958,
182,1,398,340,460,430,0.9916,-0.0089,-0.0091,1.0032,10.8716,10.1509,
183,1,398,340,460,430,1.0067,0.0196,0.0016,1.0016,8.5230,9.8423,
184,1,398,340,460,430,1.0006,0.0101,0.0024,1.0196,9.3464,8.7802,
185,1,398,340,460,430,1.0093,0.0141,0.0146,1.0179,8.7707,8.3721,
186,1,398,340,460,430,1.0057,0.0021,-0.0004,1.0243,9.6633,8.4267,
187,1,398,340,460,430,0.9988,-0.0005,0.0101,0.9924,10.0784,10.1335,
188,1,398,340,460,430,0.9985,0.0003,-0.0080,1.0080,10.0335,9.7898,
189,1,398,340,460,430,0.9850,0.0111,0.0172,0.9835,9.8588,10.4032,
190,1,398,336,458,431,0.9996,-0.0018,0.0015,1.0012,10.1179,9.9044,
191,1,398,336,458,431,1.0002,0.0025,0.0016,1.0016,9.7975,9.8404,
192,1,398,336,458,431,0.9942,0.0268,0.0010,0.9994,8.3506,9.9671,
193,1,398,336,458,431,0.9972,0.0005,-0.0016,0.9994,10.0702,10.0936,
194,1,398,336,458,431,0.9987,-0.0016,-0.0003,1.0011,10.1623,9.9534,
195,1,398,336,458,431,0.9986,-0.0005,-0.0016,0.9984,10.1074,10.1801,
196,1,398,336,458,431,1.0026,0.0004,0.0019,1.0001,9.8722,9.9328,
197,1,398,336,458,431,0.9987,0.0003,-0.0003,0.9993,10.0418,10.0594,
198,1,398,336,458,431,0.9991,0.0005,-0.0016,1.0004,10.0082,10.0307,
199,1,398,336,458,431,0.9988,-0.0017,-0.0011,0.9991,10.1412,10.0752,
200,1,394,332,458,435,1.0004,0.0012,-0.0006,1.0004,9.9087,9.9908,
201,1,394,332,458,435,0.9998,0.0001,0.0014,0.9994,10.0246,10.0058,
202,1,394,332,458,435,0.9999,-0.0004,-0.0003,0.9997,10.0302,9.9966,
203,1,394,332,458,435,0.9933,0.0021,-0.0006,0.9995,10.1300,10.0599,
204,1,394,332,458,435,1.0034,0.0008,-0.0008,0.9995,9.7981,10.0520,
205,1,394,332,458,435,0.9991,-0.0022,-0.0032,0.9987,10.2022,10.2339,
206,1,394,332,458,435,1.0036,-0.0004,0.0014,1.0007,9.8770,9.9050,
207,1,394,332,458,435,0.9948,0.0019,-0.0052,0.9975,10.1029,10.3543,
208,1,394,332,458,435,1.0044,-0.0021,0.0008,1.0018,9.9568,9.8749,
209,1,394,332,458,435,0.9986,-0.0001,-0.0011,1.0001,10.0520,10.0327,
210,1,399,335,458,432,1.0001,0.0003,0.0001,1.0007,9.9707,9.9766,
211,1,399,335,458,432,0.9913,0.0052,-0.0053,1.0005,9.9562,10.1312,
212,1,399,335,458,432,0.9959,0.0030,-0.0016,1.0010,9.9596,9.9844,
213,1,399,335,458,432,1.0004,0.0002,0.0013,0.9977,9.9601,10.1067,
214,1,399,335,458,432,0.9973,0.0003,-0.0013,1.0034,10.0801,9.8241,
215,1,399,335,458,432,0.9992,0.0001,0.0018,0.9987,10.0171,10.0124,
216,1,399,335,458,432,1.0024,0.0024,-0.0018,1.0012,9.7511,9.9873,
217,1,399,335,458,432,1.0011,-0.0003,0.0020,1.0000,9.9527,9.9381,
218,1,399,335,458,432,0.9982,0.0014,0.0038,0.9980,9.9798,9.9862,
219,1,399,335,458,432,1.0028,0.0004,0.0005,0.9990,9.8826,10.0775,
220,1,399,338,457,431,1.0018,-0.0014,0.0016,0.9996,10.0086,9.9700,
221,1,399,338,457,431,1.0023,0.0006,-0.0052,1.0034,9.8771,9.9242,
222,1,399,338,457,431,0.9958,-0.0018,0.0001,0.9996,10.2960,10.0399,
223,1,399,338,457,431,1.0035,0.0005,0.0014,1.0006,9.8361,9.9206,
224,1,399,338,457,431,0.9994,0.0015,-0.0005,1.0021,9.9068,9.9137,
225,1,399,338,457,431,1.0011,0.0020,0.0015,0.9975,9.8381,10.0687,
226,1,399,338,457,431,0.9998,-0.0034,0.0069,1.0024,10.2232,9.5740,
227,1,399,338,457,431,1.0060,-0.0016,-0.0106,0.9964,9.8697,10.6145,
228,1,399,338,457,431,1.0002,-0.0001,0.0007,1.0003,10.0059,9.9793,
229,1,399,338,457,431,0.9932,0.0019,0.0161,0.9939,10.1287,9.8179,
230,1,397,336,464,433,0.9989,-0.0003,-0.0016,0.9992,10.0553,10.0797,
231,1,397,336,464,433,0.9896,0.0053,0.0156,0.9872,10.0250,10.2942,
232,1,397,336,464,433,1.0019,0.0006,0.0005,1.0010,9.8708,9.9193,
233,1,397,336,464,433,0.9982,0.0001,0.0037,0.9994,10.0478,9.9230,
234,1,397,336,464,433,1.0035,-0.0013,0.0017,0.9983,9.9865,10.0074,
235,1,397,336,464,433,0.9895,0.0056,0.0111,0.9911,10.0071,10.1949,
236,1,397,336,464,433,0.9972,0.0040,0.0023,1.0020,9.8333,9.8015,
237,1,397,336,464,433,1.0026,-0.0009,0.0008,0.9990,9.9588,10.0465,
238,1,397,336,464,433,0.9948,0.0038,0.0039,0.9937,9.9544,10.2845,
239,1,397,336,464,433,1.0048,-0.0047,-0.0094,1.0072,10.1352,9.8392,
240,1,398,338,456,429,0.9979,0.0021,0.0080,0.9952,9.9380,10.0415,
241,1,398,338,456,429,1.0029,-0.0030,0.0025,1.0006,10.0761,9.8805,
242,1,398,338,456,429,1.0004,-0.0036,0.0003,0.9982,10.2006,10.0791,
243,1,398,338,456,429,0.9973,0.0032,-0.0010,0.9995,9.8841,10.0530,
244,1,398,338,456,429,1.0012,0.0009,0.0002,0.9991,9.8961,10.0450,
245,1,398,338,456,429,0.9991,-0.0010,0.0012,1.0019,10.0903,9.8514,
246,1,398,338,456,429,0.9980,0.0014,-0.0008,1.0000,9.9956,10.0597,
247,1,398,338,456,429,1.0030,-0.0005,-0.0000,1.0002,9.9253,9.9682,
248,1,398,338,456,429,1.0011,0.0007,0.0013,0.9981,9.9073,10.0281,
249,1,398,338,456,429,0.9991,-0.0019,0.0008,1.0002,10.1298,9.9715,
250,1,397,336,459,430,0.9963,0.0028,-0.0026,1.0012,9.9789,10.0269,
251,1,397,336,459,430,1.0094,0.0002,-0.0037,0.9973,9.6301,10.3307,
252,1,397,336,459,430,0.9958,-0.0036,0.0066,1.0028,10.4090,9.5681,
253,1,397,336,459,430,0.9940,0.0036,0.0182,0.9924,9.9944,9.7922,
254,1,397,336,459,430,0.9957,-0.0013,-0.0024,1.0014,10.2645,10.0522,
255,1,397,336,459,430,1.0008,0.0022,-0.0028,1.0009,9.8414,10.0220,
256,1,397,336,459,430,0.9979,0.0004,-0.0025,1.0006,10.0482,10.0835,
257,1,397,336,459,430,1.0028,0.0048,0.0012,1.0000,9.5993,9.9388,
258,1,397,336,459,430,0.9970,-0.0010,0.0027,1.0017,10.1887,9.7739,
259,1,397,336,459,430,1.0014,-0.0023,0.0001,1.0003,10.1048,9.9888,
260,1,399,337,458,433,1.0022,-0.0015,-0.0006,0.9996,10.0240,10.0382,
261,1,399,337,458,433,0.9972,0.0001,0.0015,1.0000,10.0977,9.9618,
262,1,399,337,458,433,0.9979,-0.0011,-0.0023,0.9985,10.1500,10.1882,
263,1,399,337,458,433,0.9994,-0.0003,0.0006,1.0010,10.0424,9.9201,
264,1,399,337,458,433,0.9993,-0.0009,0.0050,0.9963,10.0823,10.0774,
265,1,399,337,458,433,1.0029,-0.0002,-0.0005,0.9988,9.9161,10.1148,
266,1,399,337,458,433,1.0073,0.0033,-0.0037,0.9966,9.5128,10.3265,
267,1,399,337,458,433,0.9994,0.0031,-0.0001,1.0001,9.8284,9.9901,
268,1,399,337,458,433,0.9952,-0.0008,0.0073,1.0032,10.2201,9.5163,
269,1,399,337,458,433,0.9961,-0.0014,-0.0006,0.9996,10.2372,10.0750,
270,1,397,339,459,429,1.0036,0.0002,0.0012,0.9993,9.8492,9.9801,
271,1,397,339,459,429,0.9944,0.0054,-0.0107,1.0112,9.8896,9.7117,
272,1,397,339,459,429,1.0020,-0.0015,-0.0041,1.0012,10.0068,10.0630,
273,1,397,339,459,429,0.9972,0.0020,0.0139,0.9907,9.9917,10.0626,
274,1,397,339,459,429,1.0011,-0.0023,-0.0040,1.0033,10.1133,9.9336,
275,1,397,339,459,429,0.9996,0.0013,-0.0071,1.0069,9.9163,9.8398,
276,1,397,339,459,429,1.0006,-0.0014,0.0009,0.9987,10.0580,10.0372,
277,1,397,339,459,429,1.0040,0.0030,-0.0084,1.0009,9.6656,10.2676,
278,1,397,339,459,429,0.9996,-0.0014,-0.0032,0.9996,10.0999,10.1574,
279,1,397,339,459,429,1.0027,0.0007,-0.0017,1.0004,9.8520,10.0360,
280,1,398,337,457,430,0.9996,0.0009,0.0007,1.0019,9.9549,9.8423,
281,1,398,337,457,430,0.9944,0.0020,-0.0026,1.0011,10.0927,10.0520,
282,1,398,337,457,430,1.0006,0.0000,-0.0016,1.0006,9.9898,10.0251,
283,1,398,337,457,430,1.0008,-0.0005,0.0035,0.9977,9.9998,10.0174,
284,1,398,337,457,430,0.9984,0.0004,-0.0004,0.9998,10.0584,10.0408,
285,1,398,337,457,430,1.0031,0.0026,-0.0006,0.9995,9.7003,10.0412,
286,1,398,337,457,430,0.9973,0.0001,0.0010,1.0024,10.1077,9.8251,
287,1,398,337,457,430,1.0043,0.0003,0.0056,0.9963,9.7870,9.9970,
288,1,398,337,457,430,1.0023,-0.0012,-0.0014,1.0014,9.9878,9.9588,
289,1,398,337,457,430,0.9926,-0.0016,-0.0023,0.9975,10.3913,10.2572,
290,1,398,336,459,432,0.9974,-0.0023,0.0002,0.9985,10.2723,10.0899,
291,1,398,336,459,432,0.9975,-0.0004,-0.0002,1.0012,10.1113,9.9337,
292,1,398,336,459,432,1.0010,-0.0016,-0.0012,0.9997,10.0571,10.0799,
293,1,398,336,459,432,0.9980,0.0011,0.0103,0.9942,10.0039,10.0393,
294,1,398,336,459,432,0.9993,-0.0003,-0.0047,0.9993,10.0568,10.1838,
295,1,398,336,459,432,0.9999,-0.0004,-0.0069,1.0056,10.0302,9.8955,
296,1,398,336,459,432,1.0029,-0.0002,0.0022,1.0005,9.8980,9.9062,
297,1,398,336,459,432,0.9974,0.0025,-0.0070,1.0014,9.9262,10.1204,
298,1,398,336,459,432,0.9989,0.0000,0.0015,1.0003,10.0508,9.9403,
299,1,398,336,459,432,0.9972,0.0049,0.0093,0.9936,9.7467,10.1029,
300,1,393,332,459,433,1.0053,0.0012,0.0025,1.0032,9.7237,9.6991,
301,1,393,332,459,433,0.9959,0.0029,0.0087,0.9942,9.9705,10.0498,
302,1,393,332,459,433,0.9829,0.0042,0.0186,0.9863,10.3849,10.2445,
303,1,393,332,459,433,1.0044,-0.0011,0.0022,0.9995,9.8786,9.9347,
304,1,393,332,459,433,1.0050,-0.0025,0.0098,1.0013,9.9395,9.4747,
305,1,393,332,459,433,0.9945,0.0015,0.0121,0.9899,10.1160,10.2201,
306,1,393,332,459,433,1.0030,0.0011,0.0023,1.0018,9.7867,9.7882,
307,1,393,332,459,433,1.0023,0.0012,-0.0012,0.9993,9.8108,10.0847,
308,1,393,332,459,433,0.9926,0.0011,-0.0040,1.0073,10.2327,9.6604,
309,1,393,332,459,433,0.9935,0.0086,0.0104,0.9944,9.6439,9.9547,
310,1,394,336,458,433,0.9961,-0.0014,-0.0251,1.0125,10.2627,10.2677,
311,1,394,336,458,433,1.0013,-0.0011,0.0109,0.9975,9.9945,9.7113,
312,1,394,336,458,433,0.9942,0.0148,-0.0003,1.0003,9.2269,9.9777,
313,1,395,338,458,433,0.9853,0.0088,0.0306,0.9819,9.9972,10.0283,
314,1,395,338,458,433,1.0052,-0.0091,0.0018,0.9984,10.3907,10.0271,
315,1,395,338,458,433,0.9958,0.0033,0.0026,1.0002,9.9525,9.8659,
316,1,395,338,458,433,0.9861,0.0010,0.0418,0.9791,10.4833,9.6618,
317,1,395,338,458,433,1.0023,0.0011,-0.0005,1.0001,9.8238,10.0218,
318,1,395,338,458,433,0.9985,-0.0001,0.0021,1.0010,10.0494,9.8907,
319,1,395,338,458,433,1.0008,-0.0015,-0.0010,0.9999,10.0781,10.0368,
320,1,399,339,458,431,0.9945,-0.0045,0.0229,0.9786,10.5004,10.3288,
321,1,399,339,458,431,0.9985,0.0010,0.0009,0.9992,9.9942,10.0173,
322,1,399,339,458,431,1.0026,-0.0036,0.0002,1.0030,10.1398,9.8361,
323,1,399,339,458,431,0.9866,-0.0018,0.0013,0.9938,10.6348,10.3825,
324,1,399,339,458,431,1.0072,0.0038,0.0034,1.0003,9.4582,9.8170,
325,1,400,341,458,431,0.9844,0.0113,0.0248,0.9793,9.8379,10.4731,
326,1,400,341,458,431,1.0007,0.0007,0.0021,1.0007,9.9234,9.8873,
327,1,400,341,458,431,1.0005,-0.0034,0.0005,0.9980,10.1790,10.0885,
328,1,400,341,458,431,1.0031,0.0006,0.0003,1.0014,9.8408,9.9049,
329,1,400,341,458,431,0.9968,-0.0012,-0.0009,0.9997,10.1859,10.0719,
330,1,396,331,458,436,1.0011,-0.0006,0.0007,0.9979,9.9988,10.1155,
331,1,396,331,458,436,0.9978,0.0019,0.0072,0.9963,9.9597,9.9869,
332,1,396,331,458,436,0.9970,-0.0053,0.0003,0.9960,10.5251,10.2875,
333,1,396,331,458,436,0.9995,-0.0005,-0.0019,1.0004,10.0449,10.0632,
334,1,396,331,458,436,0.9982,-0.0015,-0.0007,0.9990,10.2125,10.1015,
335,1,396,331,458,436,0.9994,0.0006,-0.0008,1.0005,9.9697,9.9946,
336,1,396,331,458,436,0.9965,0.0016,-0.0046,1.0018,10.0527,10.0607,
337,1,396,331,458,436,0.9924,0.0035,0.0173,0.9917,10.0437,9.9400,
338,1,396,331,458,436,1.0030,-0.0019,-0.0004,1.0012,9.9998,9.9285,
339,1,396,331,458,436,1.0003,0.0008,0.0005,0.9986,9.9343,10.0628,
340,1,398,336,458,435,1.0059,-0.0016,-0.0029,1.0041,9.9363,9.8511,
341,1,398,336,458,435,1.0025,-0.0058,0.0025,0.9937,10.2979,10.3295,
342,1,398,336,458,435,0.9999,-0.0005,0.0035,1.0008,10.0314,9.8407,
343,1,398,336,458,435,0.9987,0.0024,0.0079,0.9934,9.8685,10.1586,
344,1,398,336,458,435,0.9967,0.0004,0.0011,1.0014,10.1261,9.8453,
345,1,398,336,458,435,0.9968,-0.0009,-0.0013,1.0003,10.2027,10.0387,
346,1,398,336,458,435,1.0026,-0.0013,0.0015,1.0008,9.9817,9.8656,
347,1,398,336,458,435,0.9997,0.0012,0.0006,0.9996,9.9213,10.0047,
348,1,398,336,458,435,0.9947,0.0016,0.0076,0.9914,10.1080,10.3396,
349,1,398,336,458,435,1.0003,-0.0018,-0.0010,0.9999,10.1126,10.0285,
350,1,397,335,456,436,0.9984,0.0013,0.0011,0.9978,9.9749,10.0917,
351,1,397,335,456,436,0.9988,-0.0014,-0.0012,1.0007,10.1400,10.0245,
352,1,397,335,456,436,1.0029,0.0018,-0.0036,1.0006,9.7801,10.0775,
353,1,397,335,456,436,0.9981,-0.0012,0.0004,0.9997,10.1732,9.9809,
354,1,397,335,456,436,1.0012,0.0002,0.0005,0.9999,9.9435,9.9858,
355,1,397,335,456,436,0.9928,-0.0040,-0.0015,0.9999,10.5502,10.0992,
356,1,397,335,456,436,1.0013,0.0006,-0.0011,0.9993,9.9096,10.0764,
357,1,397,335,456,436,1.0014,-0.0001,0.0030,0.9998,9.9532,9.8644,
358,1,397,335,456,436,0.9991,-0.0006,-0.0007,1.0012,10.0817,9.9572,
359,1,397,335,456,436,1.0002,0.0005,-0.0005,0.9994,9.9504,10.0768,
360,1,397,333,460,435,1.0007,0.0029,-0.0008,1.0011,9.7936,9.9492,
361,1,397,333,460,435,1.0019,-0.0014,0.0013,0.9995,10.0041,9.9736,
362,1,397,333,460,435,0.9988,0.0029,0.0000,1.0009,9.8525,9.9440,
363,1,397,333,460,435,0.9997,-0.0011,-0.0044,1.0061,10.0983,9.7347,
364,1,397,333,460,435,0.9996,-0.0001,0.0046,1.0037,10.0215,9.5755,
365,1,397,333,460,435,1.0021,-0.0043,0.0014,0.9978,10.2350,10.0864,
366,1,397,333,460,435,0.9964,0.0038,0.0087,0.9950,9.8609,10.0390,
367,1,397,333,460,435,1.0042,-0.0031,-0.0011,1.0030,10.0361,9.8299,
368,1,397,333,460,435,0.9913,0.0059,0.0165,0.9886,9.9114,10.2166,
369,1,397,333,460,435,1.0027,0.0005,-0.0002,1.0003,9.8738,9.9779,
370,1,395,338,461,434,0.9972,0.0002,-0.0035,1.0049,10.0781,9.7934,
371,1,395,338,461,434,1.0102,-0.0028,-0.0095,1.0070,9.8019,9.8747,
372,1,395,338,461,434,1.0005,0.0018,0.0026,0.9995,9.8497,9.9380,
373,1,395,338,461,434,1.0021,0.0011,0.0022,1.0003,9.8451,9.9071,
374,1,395,338,461,434,0.9891,0.0041,0.0051,0.9939,10.1864,10.2842,
375,1,395,338,461,434,0.9995,0.0001,0.0010,0.9991,10.0230,9.9776,
376,1,395,338,461,434,0.9993,0.0014,-0.0046,0.9982,9.9470,10.3122,
377,1,395,338,461,434,1.0079,-0.0036,-0.0129,1.0091,9.9170,9.9276,
378,1,395,338,461,434,1.0063,-0.0105,0.0013,0.9957,10.4505,10.2071,
379,1,395,338,461,434,0.9949,0.0062,0.0157,0.9882,9.7761,10.1764,
380,1,395,337,459,432,1.0009,0.0003,-0.0001,0.9992,9.9651,10.0436,
381,1,395,337,459,432,1.0000,0.0001,-0.0001,1.0015,9.9826,9.9092,
382,1,395,337,459,432,1.0086,0.0009,0.0173,0.9928,9.6075,9.7690,
383,1,395,337,459,432,1.0012,-0.0003,-0.0025,1.0014,9.9725,10.0028,
384,1,395,337,459,432,0.9982,-0.0004,-0.0024,1.0010,10.1121,10.0656,
385,1,395,337,459,432,0.9989,0.0008,-0.0009,0.9991,9.9826,10.0635,
386,1,395,337,459,432,0.9921,0.0014,-0.0063,1.0000,10.2666,10.2479,
387,1,395,337,459,432,1.0006,0.0008,-0.0002,1.0009,9.9291,9.9805,
388,1,395,337,459,432,0.9959,0.0125,0.0200,0.9887,9.2951,9.9503,
389,1,395,337,459,432,0.9903,-0.0166,-0.0011,0.9978,11.5199,10.2264,
390,1,397,339,460,430,1.0006,0.0002,0.0022,0.9962,9.9654,10.1239,
391,1,397,339,460,430,0.9849,-0.0040,0.0069,0.9987,10.8252,9.8713,
392,1,397,339,460,430,0.9983,0.0017,-0.0032,1.0011,9.9417,10.0618,
393,1,397,339,460,430,1.0012,-0.0017,0.0002,0.9984,10.0705,10.1013,
394,1,397,339,460,430,1.0017,0.0033,0.0007,1.0029,9.7173,9.7972,
395,1,397,339,460,430,0.9999,-0.0014,-0.0013,0.9999,10.0968,10.0550,
396,1,397,339,460,430,0.9946,-0.0069,0.0028,0.9983,10.6411,9.9820,
397,1,397,339,460,430,1.0008,-0.0005,-0.0037,1.0001,10.0020,10.1206,
398,1,397,339,460,430,0.9983,0.0024,0.0028,0.9990,9.9154,9.9432,
399,1,397,339,460,430,0.9992,-0.0010,-0.0016,1.0017,10.0928,9.9659,
400,1,396,338,460,434,0.9981,0.0008,-0.0025,1.0007,10.0399,10.0828,
401,1,396,338,460,434,1.0001,0.0003,0.0021,1.0011,9.9589,9.8410,
402,1,396,338,460,434,1.0030,-0.0012,0.0014,0.9976,9.9670,10.1119,
403,1,396,338,460,434,1.0006,0.0012,0.0004,0.9992,9.9036,10.0196,
404,1,396,338,460,434,1.0051,-0.0011,0.0017,1.0000,9.8494,9.9118,
405,1,396,338,460,434,0.9928,0.0018,0.0077,0.9930,10.1698,10.1803,
406,1,396,338,460,434,1.0025,-0.0022,-0.0010,0.9999,10.0480,10.0436,
407,1,396,338,460,434,0.9997,0.0022,0.0004,0.9983,9.8614,10.0693,
408,1,396,338,460,434,0.9994,-0.0011,-0.0038,1.0018,10.1273,10.0606,
409,1,396,338,460,434,1.0009,0.0002,0.0005,0.9989,9.9512,10.0401,
410,1,396,340,458,430,1.0040,0.0009,0.0005,1.0028,9.7748,9.7918,
411,1,396,340,458,430,0.9994,0.0010,0.0008,0.9961,9.9530,10.1978,
412,1,396,340,458,430,0.9999,0.0004,0.0003,0.9984,9.9900,10.0791,
413,1,396,340,458,430,1.0017,0.0003,0.0030,0.9998,9.9066,9.8851,
414,1,396,340,458,430,1.0101,0.0010,0.0022,0.9981,9.5114,10.0731,
415,1,396,340,458,430,1.0001,0.0026,-0.0024,0.9975,9.8414,10.2178,
416,1,396,340,458,430,0.9945,-0.0008,0.0065,1.0065,10.2920,9.3544,
417,1,396,340,458,430,1.0020,-0.0010,0.0018,0.9972,9.9712,10.0636,
418,1,396,340,458,430,1.0029,-0.0040,0.0017,0.9984,10.1331,10.0610,
419,1,396,340,458,430,1.0001,0.0017,-0.0002,1.0002,9.8891,9.9867,
420,1,400,336,456,431,1.0021,0.0010,-0.0009,0.9997,9.8521,10.0714,
421,1,400,336,456,431,0.9939,0.0035,0.0137,0.9888,9.9771,10.2483,
422,1,400,336,456,431,1.0009,0.0016,0.0020,0.9976,9.8799,10.0823,
423,1,400,336,456,431,1.0036,-0.0017,0.0048,1.0009,9.9575,9.7765,
424,1,400,336,456,431,1.0015,0.0006,0.0114,0.9934,9.9036,10.0451,
425,1,400,336,456,431,0.9985,0.0001,0.0087,1.0008,10.0495,9.5711,
426,1,400,336,456,431,0.9962,-0.0008,-0.0010,1.0030,10.1881,9.8763,
427,1,400,336,456,431,1.0063,-0.0014,0.0042,0.9995,9.8458,9.8845,
428,1,400,336,456,431,1.0009,0.0002,0.0032,0.9986,9.9512,9.9566,
429,1,400,336,456,431,0.9958,-0.0078,0.0080,0.9900,10.6737,10.3769,
430,1,397,337,458,431,1.0023,-0.0009,0.0027,1.0000,9.9644,9.9226,
431,1,397,337,458,431,1.0020,0.0037,-0.0074,1.0004,9.6658,10.2975,
432,1,397,337,458,431,0.9957,-0.0001,0.0017,0.9994,10.2053,9.9048,
433,1,397,337,458,431,1.0011,0.0005,-0.0004,1.0014,9.9173,9.9124,
434,1,397,337,458,431,1.0046,0.0021,0.0049,1.0005,9.7385,9.8025,
435,1,397,337,458,431,0.9964,-0.0018,-0.0025,0.9996,10.2536,10.1205,
436,1,397,337,458,431,1.0068,-0.0106,0.0029,0.9946,10.4602,10.2367,
437,1,397,337,458,431,1.0019,0.0024,0.0019,0.9999,9.7329,9.9023,
438,1,397,337,458,431,1.0030,-0.0105,0.0008,1.0006,10.5938,9.9591,
439,1,397,337,458,431,1.0012,-0.0006,0.0010,1.0011,9.9997,9.8884,
440,1,399,338,457,433,1.0001,0.0002,-0.0019,0.9988,9.9773,10.1681,
441,1,399,338,457,433,0.9995,-0.0001,0.0001,1.0003,10.0178,9.9473,
442,1,399,338,457,433,0.9981,0.0004,-0.0025,1.0017,10.0668,9.9909,
443,1,399,338,457,433,0.9985,-0.0004,0.0041,0.9990,10.0826,9.9121,
444,1,399,338,457,433,1.0012,0.0002,0.0110,0.9931,9.9438,10.0552,
445,1,399,338,457,433,1.0009,-0.0020,-0.0017,1.0001,10.1026,10.0678,
446,1,399,338,457,433,0.9989,0.0006,-0.0023,1.0006,10.0084,10.0410,
447,1,399,338,457,433,0.9892,-0.0026,-0.0015,1.0002,10.5788,10.0504,
448,1,399,338,457,433,0.9988,0.0007,-0.0032,1.0012,9.9881,10.0308,
449,1,399,338,457,433,1.0000,0.0005,-0.0001,0.9981,9.9972,10.1125,
450,1,397,340,459,433,0.9993,0.0006,0.0019,1.0011,9.9691,9.8965,
451,1,397,340,459,433,1.0028,0.0012,-0.0014,0.9958,9.8016,10.3073,
452,1,397,340,459,433,0.9972,-0.0015,0.0008,1.0025,10.2263,9.7731,
453,1,397,340,459,433,0.9949,0.0002,0.0021,0.9983,10.1790,10.0636,
454,1,397,340,459,433,1.0016,0.0011,0.0059,0.9955,9.8650,10.0253,
455,1,397,340,459,433,0.9978,-0.0017,-0.0004,1.0100,10.2104,9.3991,
456,1,397,340,459,433,1.0012,0.0010,0.0010,0.9981,9.8837,10.0880,
457,1,397,340,459,433,1.0004,0.0007,0.0069,0.9946,9.9395,10.0775,
458,1,397,340,459,433,0.9956,0.0015,-0.0008,1.0002,10.0956,10.0516,
459,1,397,340,459,433,0.9935,-0.0028,-0.0015,0.9990,10.4401,10.1603,
460,1,395,338,460,435,1.0083,0.0028,0.0015,1.0034,9.4658,9.7042,
461,1,395,338,460,435,1.0010,-0.0020,0.0309,0.9849,10.0847,9.6254,
462,1,395,338,460,435,1.0039,-0.0018,0.0034,0.9981,9.9633,9.9704,
463,1,395,338,460,435,0.9967,0.0005,0.0074,1.0034,10.1117,9.4891,
464,1,395,338,460,435,0.9963,-0.0007,-0.0035,1.0011,10.1924,10.0541,
465,1,395,338,460,435,0.9931,0.0008,-0.0068,1.0010,10.2749,10.2334,
466,1,395,338,460,435,0.9966,0.0024,0.0051,0.9964,9.9783,10.0382,
467,1,395,338,460,435,0.9989,-0.0104,0.0029,0.9901,10.7617,10.5464,
468,1,395,338,460,435,0.9990,0.0004,0.0009,1.0023,10.0102,9.8375,
469,1,395,338,460,435,1.0013,-0.0008,0.0052,0.9957,9.9888,10.0933,
470,1,394,331,455,435,1.0013,-0.0004,0.0017,0.9994,9.9833,9.9497,
