1,4,142,414,253,476,0.0000,0.0000,0.0000,0.0000,0.0000,0.0000,
2,4,142,414,253,476,0.0000,0.0000,0.0000,0.0000,0.0000,0.0000,
3,4,142,414,253,476,0.0000,0.0000,0.0000,0.0000,0.0000,0.0000,
4,4,142,414,253,476,0.0000,0.0000,0.0000,0.0000,0.0000,0.0000,
5,4,142,414,253,476,0.0000,0.0000,0.0000,0.0000,0.0000,0.0000,
6,4,142,414,253,476,0.0000,0.0000,0.0000,0.0000,0.0000,0.0000,
7,4,142,414,253,476,0.0000,0.0000,0.0000,0.0000,0.0000,0.0000,
8,4,142,414,253,476,0.0000,0.0000,0.0000,0.0000,0.0000,0.0000,
9,4,142,414,253,476,0.0000,0.0000,0.0000,0.0000,0.0000,0.0000,
10,4,142,414,253,476,0.0000,0.0000,0.0000,0.0000,0.0000,0.0000,
11,4,142,414,253,476,0.0000,0.0000,0.0000,0.0000,0.0000,0.0000,
12,4,142,414,253,476,0.0000,0.0000,0.0000,0.0000,0.0000,0.0000,
13,4,142,414,253,476,0.0000,0.0000,0.0000,0.0000,0.0000,0.0000,
14,4,142,414,253,476,0.0000,0.0000,0.0000,0.0000,0.0000,0.0000,
15,4,142,414,253,476,0.0000,0.0000,0.0000,0.0000,0.0000,0.0000,
16,4,142,414,253,476,0.0000,0.0000,0.0000,0.0000,0.0000,0.0000,
17,4,142,414,253,476,0.0000,0.0000,0.0000,0.0000,0.0000,0.0000,
18,4,142,414,253,476,0.0000,0.0000,0.0000,0.0000,0.0000,0.0000,
19,4,142,414,253,476,0.0000,0.0000,0.0000,0.0000,0.0000,0.0000,
20,4,142,414,253,476,0.0000,0.0000,0.0000,0.0000,0.0000,0.0000,
21,4,142,414,253,476,0.0000,0.0000,0.0000,0.0000,0.0000,0.0000,
22,4,142,414,253,476,0.0000,0.0000,0.0000,0.0000,0.0000,0.0000,
23,4,142,414,253,476,0.0000,0.0000,0.0000,0.0000,0.0000,0.0000,
24,4,142,414,253,476,0.0000,0.0000,0.0000,0.0000,0.0000,0.0000,
25,4,142,414,253,476,0.0000,0.0000,0.0000,0.0000,0.0000,0.0000,
26,4,142,414,253,476,0.0000,0.0000,0.0000,0.0000,0.0000,0.0000,
27,4,142,414,253,476,0.0000,0.0000,0.0000,0.0000,0.0000,0.0000,
28,4,142,414,253,476,0.0000,0.0000,0.0000,0.0000,0.0000,0.0000,
29,4,142,414,253,476,0.0000,0.0000,0.0000,0.0000,0.0000,0.0000,
30,4,142,414,253,476,0.0000,0.0000,0.0000,0.0000,0.0000,0.0000,
31,4,142,414,253,476,0.0000,0.0000,0.0000,0.0000,0.0000,0.0000,
32,4,142,414,253,476,0.0000,0.0000,0.0000,0.0000,0.0000,0.0000,
33,4,142,414,253,476,0.0000,0.0000,0.0000,0.0000,0.0000,0.0000,
34,4,142,414,253,476,0.0000,0.0000,0.0000,0.0000,0.0000,0.0000,
35,4,142,414,253,476,0.0000,0.0000,0.0000,0.0000,0.0000,0.0000,
36,4,142,414,253,476,0.0000,0.0000,0.0000,0.0000,0.0000,0.0000,
37,4,142,414,253,476,0.0000,0.0000,0.0000,0.0000,0.0000,0.0000,
38,4,142,414,253,476,0.0000,0.0000,0.0000,0.0000,0.0000,0.0000,
39,4,142,414,253,476,0.0000,0.0000,0.0000,0.0000,0.0000,0.0000,
40,4,142,414,253,476,0.0000,0.0000,0.0000,0.0000,0.0000,0.0000,
41,4,142,414,253,476,0.0000,0.0000,0.0000,0.0000,0.0000,0.0000,
42,4,142,414,253,476,0.0000,0.0000,0.0000,0.0000,0.0000,0.0000,
43,4,142,414,253,476,0.0000,0.0000,0.0000,0.0000,0.0000,0.0000,
44,4,142,414,253,476,0.0000,0.0000,0.0000,0.0000,0.0000,0.0000,
45,4,142,414,253,476,0.0000,0.0000,0.0000,0.0000,0.0000,0.0000,
46,4,142,414,253,476,0.0000,0.0000,0.0000,0.0000,0.0000,0.0000,
47,4,142,414,253,476,0.0000,0.0000,0.0000,0.0000,0.0000,0.0000,
48,4,142,414,253,476,0.0000,0.0000,0.0000,0.0000,0.0000,0.0000,
49,4,142,414,253,476,0.0000,0.0000,0.0000,0.0000,0.0000,0.0000,
50,4,142,414,253,476,0.0000,0.0000,0.0000,0.0000,0.0000,0.0000,
51,4,142,414,253,476,0.0000,0.0000,0.0000,0.0000,0.0000,0.0000,
52,4,142,414,253,476,0.0000,0.0000,0.0000,0.0000,0.0000,0.0000,
53,4,142,414,253,476,0.0000,0.0000,0.0000,0.0000,0.0000,0.0000,
54,4,142,414,253,476,0.0000,0.0000,0.0000,0.0000,0.0000,0.0000,
55,4,142,414,253,476,0.0000,0.0000,0.0000,0.0000,0.0000,0.0000,
56,4,142,414,253,476,0.0000,0.0000,0.0000,0.0000,0.0000,0.0000,
57,4,142,414,253,476,0.0000,0.0000,0.0000,0.0000,0.0000,0.0000,
58,4,142,414,253,476,0.0000,0.0000,0.0000,0.0000,0.0000,0.0000,
59,4,142,414,253,476,0.0000,0.0000,0.0000,0.0000,0.0000,0.0000,
60,4,142,414,253,476,0.0000,0.0000,0.0000,0.0000,0.0000,0.0000,
61,4,142,414,253,476,0.0000,0.0000,0.0000,0.0000,0.0000,0.0000,
62,4,142,414,253,476,0.0000,0.0000,0.0000,0.0000,0.0000,0.0000,
63,4,142,414,253,476,0.0000,0.0000,0.0000,0.0000,0.0000,0.0000,
64,4,142,414,253,476,0.0000,0.0000,0.0000,0.0000,0.0000,0.0000,
65,4,142,414,253,476,0.0000,0.0000,0.0000,0.0000,0.0000,0.0000,
66,4,142,414,253,476,0.0000,0.0000,0.0000,0.0000,0.0000,0.0000,
67,4,142,414,253,476,0.0000,0.0000,0.0000,0.0000,0.0000,0.0000,
68,4,142,414,253,476,0.0000,0.0000,0.0000,0.0000,0.0000,0.0000,
69,4,142,414,253,476,0.0000,0.0000,0.0000,0.0000,0.0000,0.0000,
70,4,142,414,253,476,0.0000,0.0000,0.0000,0.0000,0.0000,0.0000,
71,4,142,414,253,476,0.0000,0.0000,0.0000,0.0000,0.0000,0.0000,
72,4,142,414,253,476,0.0000,0.0000,0.0000,0.0000,0.0000,0.0000,
73,4,142,414,253,476,0.0000,0.0000,0.0000,0.0000,0.0000,0.0000,
74,4,142,414,253,476,0.0000,0.0000,0.0000,0.0000,0.0000,0.0000,
75,4,142,414,253,476,0.0000,0.0000,0.0000,0.0000,0.0000,0.0000,
76,4,142,414,253,476,0.0000,0.0000,0.0000,0.0000,0.0000,0.0000,
77,4,142,414,253,476,0.0000,0.0000,0.0000,0.0000,0.0000,0.0000,
78,4,142,414,253,476,0.0000,0.0000,0.0000,0.0000,0.0000,0.0000,
79,4,142,414,253,476,0.0000,0.0000,0.0000,0.0000,0.0000,0.0000,
80,4,142,414,253,476,0.0000,0.0000,0.0000,0.0000,0.0000,0.0000,
81,4,142,414,253,476,0.0000,0.0000,0.0000,0.0000,0.0000,0.0000,
82,4,142,414,253,476,0.0000,0.0000,0.0000,0.0000,0.0000,0.0000,
83,4,142,414,253,476,0.0000,0.0000,0.0000,0.0000,0.0000,0.0000,
84,4,142,414,253,476,0.0000,0.0000,0.0000,0.0000,0.0000,0.0000,
85,4,142,414,253,476,0.0000,0.0000,0.0000,0.0000,0.0000,0.0000,
86,4,142,414,253,476,0.0000,0.0000,0.0000,0.0000,0.0000,0.0000,
87,4,142,414,253,476,0.0000,0.0000,0.0000,0.0000,0.0000,0.0000,
88,4,142,414,253,476,0.0000,0.0000,0.0000,0.0000,0.0000,0.0000,
89,4,142,414,253,476,0.0000,0.0000,0.0000,0.0000,0.0000,0.0000,
90,4,142,414,253,476,0.0000,0.0000,0.0000,0.0000,0.0000,0.0000,
91,4,142,414,253,476,0.0000,0.0000,0.0000,0.0000,0.0000,0.0000,
92,4,142,414,253,476,0.0000,0.0000,0.0000,0.0000,0.0000,0.0000,
93,4,142,414,253,476,0.0000,0.0000,0.0000,0.0000,0.0000,0.0000,
94,4,142,414,253,476,0.0000,0.0000,0.0000,0.0000,0.0000,0.0000,
95,4,142,414,253,476,0.0000,0.0000,0.0000,0.0000,0.0000,0.0000,
96,4,142,414,253,476,0.0000,0.0000,0.0000,0.0000,0.0000,0.0000,
97,4,142,414,253,476,0.0000,0.0000,0.0000,0.0000,0.0000,0.0000,
98,4,142,414,253,476,0.0000,0.0000,0.0000,0.0000,0.0000,0.0000,
99,4,142,414,253,476,0.0000,0.0000,0.0000,0.0000,0.0000,0.0000,
100,4,142,414,253,476,0.0000,0.0000,0.0000,0.0000,0.0000,0.0000,
101,4,142,414,253,476,0.0000,0.0000,0.0000,0.0000,0.0000,0.0000,
102,4,142,414,253,476,0.0000,0.0000,0.0000,0.0000,0.0000,0.0000,
103,4,142,414,253,476,0.0000,0.0000,0.0000,0.0000,0.0000,0.0000,
104,4,142,414,253,476,0.0000,0.0000,0.0000,0.0000,0.0000,0.0000,
105,4,142,414,253,476,0.0000,0.0000,0.0000,0.0000,0.0000,0.0000,
106,4,142,414,253,476,0.0000,0.0000,0.0000,0.0000,0.0000,0.0000,
107,4,142,414,253,476,0.0000,0.0000,0.0000,0.0000,0.0000,0.0000,
108,4,142,414,253,476,0.0000,0.0000,0.0000,0.0000,0.0000,0.0000,
109,4,142,414,253,476,0.0000,0.0000,0.0000,0.0000,0.0000,0.0000,
110,4,142,414,253,476,0.0000,0.0000,0.0000,0.0000,0.0000,0.0000,
111,4,142,414,253,476,0.0000,0.0000,0.0000,0.0000,0.0000,0.0000,
112,4,142,414,253,476,0.0000,0.0000,0.0000,0.0000,0.0000,0.0000,
113,4,142,414,253,476,0.0000,0.0000,0.0000,0.0000,0.0000,0.0000,
114,4,142,414,253,476,0.0000,0.0000,0.0000,0.0000,0.0000,0.0000,
115,4,142,414,253,476,0.0000,0.0000,0.0000,0.0000,0.0000,0.0000,
116,4,142,414,253,476,0.0000,0.0000,0.0000,0.0000,0.0000,0.0000,
117,4,142,414,253,476,0.0000,0.0000,0.0000,0.0000,0.0000,0.0000,
118,4,142,414,253,476,0.0000,0.0000,0.0000,0.0000,0.0000,0.0000,
119,4,142,414,253,476,0.0000,0.0000,0.0000,0.0000,0.0000,0.0000,
120,4,142,414,253,476,0.0000,0.0000,0.0000,0.0000,0.0000,0.0000,
121,4,142,414,253,476,0.0000,0.0000,0.0000,0.0000,0.0000,0.0000,
122,4,142,414,253,476,0.0000,0.0000,0.0000,0.0000,0.0000,0.0000,
123,4,142,414,253,476,0.0000,0.0000,0.0000,0.0000,0.0000,0.0000,
124,4,142,414,253,476,0.0000,0.0000,0.0000,0.0000,0.0000,0.0000,
125,4,142,414,253,476,0.0000,0.0000,0.0000,0.0000,0.0000,0.0000,
126,4,142,414,253,476,0.0000,0.0000,0.0000,0.0000,0.0000,0.0000,
127,4,142,414,253,476,0.0000,0.0000,0.0000,0.0000,0.0000,0.0000,
128,4,142,414,253,476,0.0000,0.0000,0.0000,0.0000,0.0000,0.0000,
129,4,142,414,253,476,0.0000,0.0000,0.0000,0.0000,0.0000,0.0000,
130,4,142,414,253,476,0.0000,0.0000,0.0000,0.0000,0.0000,0.0000,
131,4,142,414,253,476,0.0000,0.0000,0.0000,0.0000,0.0000,0.0000,
132,4,142,414,253,476,0.0000,0.0000,0.0000,0.0000,0.0000,0.0000,
133,4,142,414,253,476,0.0000,0.0000,0.0000,0.0000,0.0000,0.0000,
134,4,142,414,253,476,0.0000,0.0000,0.0000,0.0000,0.0000,0.0000,
135,4,142,414,253,476,0.0000,0.0000,0.0000,0.0000,0.0000,0.0000,
136,4,142,414,253,476,0.0000,0.0000,0.0000,0.0000,0.0000,0.0000,
137,4,142,414,253,476,0.0000,0.0000,0.0000,0.0000,0.0000,0.0000,
138,4,142,414,253,476,0.0000,0.0000,0.0000,0.0000,0.0000,0.0000,
139,4,142,414,253,476,0.0000,0.0000,0.0000,0.0000,0.0000,0.0000,
140,4,142,414,253,476,0.0000,0.0000,0.0000,0.0000,0.0000,0.0000,
141,4,142,414,253,476,0.0000,0.0000,0.0000,0.0000,0.0000,0.0000,
142,4,142,414,253,476,0.0000,0.0000,0.0000,0.0000,0.0000,0.0000,
143,4,142,414,253,476,0.0000,0.0000,0.0000,0.0000,0.0000,0.0000,
144,4,142,414,253,476,0.0000,0.0000,0.0000,0.0000,0.0000,0.0000,
145,4,142,414,253,476,0.0000,0.0000,0.0000,0.0000,0.0000,0.0000,
146,4,142,414,253,476,0.0000,0.0000,0.0000,0.0000,0.0000,0.0000,
147,4,142,414,253,476,0.0000,0.0000,0.0000,0.0000,0.0000,0.0000,
148,4,142,414,253,476,0.0000,0.0000,0.0000,0.0000,0.0000,0.0000,
149,4,142,414,253,476,0.0000,0.0000,0.0000,0.0000,0.0000,0.0000,
150,4,142,414,253,476,0.0000,0.0000,0.0000,0.0000,0.0000,0.0000,
151,4,142,414,253,476,0.0000,0.0000,0.0000,0.0000,0.0000,0.0000,
152,4,142,414,253,476,0.0000,0.0000,0.0000,0.0000,0.0000,0.0000,
153,4,142,414,253,476,0.0000,0.0000,0.0000,0.0000,0.0000,0.0000,
154,4,142,414,253,476,0.0000,0.0000,0.0000,0.0000,0.0000,0.0000,
155,4,142,414,253,476,0.0000,0.0000,0.0000,0.0000,0.0000,0.0000,
156,4,142,414,253,476,0.0000,0.0000,0.0000,0.0000,0.0000,0.0000,
157,4,142,414,253,476,0.0000,0.0000,0.0000,0.0000,0.0000,0.0000,
158,4,142,414,253,476,0.0000,0.0000,0.0000,0.0000,0.0000,0.0000,
159,4,142,414,253,476,0.0000,0.0000,0.0000,0.0000,0.0000,0.0000,
160,4,142,414,253,476,0.0000,0.0000,0.0000,0.0000,0.0000,0.0000,
161,4,142,414,253,476,0.0000,0.0000,0.0000,0.0000,0.0000,0.0000,
162,4,142,414,253,476,0.0000,0.0000,0.0000,0.0000,0.0000,0.0000,
163,4,142,414,253,476,0.0000,0.0000,0.0000,0.0000,0.0000,0.0000,
164,4,142,414,253,476,0.0000,0.0000,0.0000,0.0000,0.0000,0.0000,
165,4,142,414,253,476,0.0000,0.0000,0.0000,0.0000,0.0000,0.0000,
166,4,142,414,253,476,0.0000,0.0000,0.0000,0.0000,0.0000,0.0000,
167,4,142,414,253,476,0.0000,0.0000,0.0000,0.0000,0.0000,0.0000,
168,4,142,414,253,476,0.0000,0.0000,0.0000,0.0000,0.0000,0.0000,
169,4,142,414,253,476,0.0000,0.0000,0.0000,0.0000,0.0000,0.0000,
170,4,142,414,253,476,0.0000,0.0000,0.0000,0.0000,0.0000,0.0000,
171,4,142,414,253,476,0.0000,0.0000,0.0000,0.0000,0.0000,0.0000,
172,4,142,414,253,476,0.0000,0.0000,0.0000,0.0000,0.0000,0.0000,
173,4,142,414,253,476,0.0000,0.0000,0.0000,0.0000,0.0000,0.0000,
174,4,142,414,253,476,0.0000,0.0000,0.0000,0.0000,0.0000,0.0000,
175,4,142,414,253,476,0.0000,0.0000,0.0000,0.0000,0.0000,0.0000,
176,4,142,414,253,476,0.0000,0.0000,0.0000,0.0000,0.0000,0.0000,
177,4,142,414,253,476,0.0000,0.0000,0.0000,0.0000,0.0000,0.0000,
178,4,142,414,253,476,0.0000,0.0000,0.0000,0.0000,0.0000,0.0000,
179,4,142,414,253,476,0.0000,0.0000,0.0000,0.0000,0.0000,0.0000,
180,4,142,414,253,476,0.0000,0.0000,0.0000,0.0000,0.0000,0.0000,
181,4,142,414,253,476,0.0000,0.0000,0.0000,0.0000,0.0000,0.0000,
182,4,142,414,253,476,0.0000,0.0000,0.0000,0.0000,0.0000,0.0000,
183,4,142,414,253,476,0.0000,0.0000,0.0000,0.0000,0.0000,0.0000,
184,4,142,414,253,476,0.0000,0.0000,0.0000,0.0000,0.0000,0.0000,
185,4,142,414,253,476,0.0000,0.0000,0.0000,0.0000,0.0000,0.0000,
186,4,142,414,253,476,0.0000,0.0000,0.0000,0.0000,0.0000,0.0000,
187,4,142,414,253,476,0.0000,0.0000,0.0000,0.0000,0.0000,0.0000,
188,4,142,414,253,476,0.0000,0.0000,0.0000,0.0000,0.0000,0.0000,
189,4,142,414,253,476,0.0000,0.0000,0.0000,0.0000,0.0000,0.0000,
190,4,142,414,253,476,0.0000,0.0000,0.0000,0.0000,0.0000,0.0000,
191,4,142,414,253,476,0.0000,0.0000,0.0000,0.0000,0.0000,0.0000,
192,4,142,414,253,476,0.0000,0.0000,0.0000,0.0000,0.0000,0.0000,
193,4,142,414,253,476,0.0000,0.0000,0.0000,0.0000,0.0000,0.0000,
194,4,142,414,253,476,0.0000,0.0000,0.0000,0.0000,0.0000,0.0000,
195,4,142,414,253,476,0.0000,0.0000,0.0000,0.0000,0.0000,0.0000,
196,4,142,414,253,476,0.0000,0.0000,0.0000,0.0000,0.0000,0.0000,
197,4,142,414,253,476,0.0000,0.0000,0.0000,0.0000,0.0000,0.0000,
198,4,142,414,253,476,0.0000,0.0000,0.0000,0.0000,0.0000,0.0000,
199,4,142,414,253,476,0.0000,0.0000,0.0000,0.0000,0.0000,0.0000,
200,4,142,414,253,476,0.0000,0.0000,0.0000,0.0000,0.0000,0.0000,
201,4,142,414,253,476,0.0000,0.0000,0.0000,0.0000,0.0000,0.0000,
202,4,142,414,253,476,0.0000,0.0000,0.0000,0.0000,0.0000,0.0000,
203,4,142,414,253,476,0.0000,0.0000,0.0000,0.0000,0.0000,0.0000,
204,4,142,414,253,476,0.0000,0.0000,0.0000,0.0000,0.0000,0.0000,
205,4,142,414,253,476,0.0000,0.0000,0.0000,0.0000,0.0000,0.0000,
206,4,142,414,253,476,0.0000,0.0000,0.0000,0.0000,0.0000,0.0000,
207,4,142,414,253,476,0.0000,0.0000,0.0000,0.0000,0.0000,0.0000,
208,4,142,414,253,476,0.0000,0.0000,0.0000,0.0000,0.0000,0.0000,
209,4,142,414,253,476,0.0000,0.0000,0.0000,0.0000,0.0000,0.0000,
210,4,142,414,253,476,0.0000,0.0000,0.0000,0.0000,0.0000,0.0000,
211,4,142,414,253,476,0.0000,0.0000,0.0000,0.0000,0.0000,0.0000,
212,4,142,414,253,476,0.0000,0.0000,0.0000,0.0000,0.0000,0.0000,
213,4,142,414,253,476,0.0000,0.0000,0.0000,0.0000,0.0000,0.0000,
214,4,142,414,253,476,0.0000,0.0000,0.0000,0.0000,0.0000,0.0000,
215,4,142,414,253,476,0.0000,0.0000,0.0000,0.0000,0.0000,0.0000,
216,4,142,414,253,476,0.0000,0.0000,0.0000,0.0000,0.0000,0.0000,
217,4,142,414,253,476,0.0000,0.0000,0.0000,0.0000,0.0000,0.0000,
218,4,142,414,253,476,0.0000,0.0000,0.0000,0.0000,0.0000,0.0000,
219,4,142,414,253,476,0.0000,0.0000,0.0000,0.0000,0.0000,0.0000,
220,4,142,414,253,476,0.0000,0.0000,0.0000,0.0000,0.0000,0.0000,
221,4,142,414,253,476,0.0000,0.0000,0.0000,0.0000,0.0000,0.0000,
222,4,142,414,253,476,0.0000,0.0000,0.0000,0.0000,0.0000,0.0000,
223,4,142,414,253,476,0.0000,0.0000,0.0000,0.0000,0.0000,0.0000,
224,4,142,414,253,476,0.0000,0.0000,0.0000,0.0000,0.0000,0.0000,
225,4,142,414,253,476,0.0000,0.0000,0.0000,0.0000,0.0000,0.0000,
226,4,142,414,253,476,0.0000,0.0000,0.0000,0.0000,0.0000,0.0000,
227,4,142,414,253,476,0.0000,0.0000,0.0000,0.0000,0.0000,0.0000,
228,4,142,414,253,476,0.0000,0.0000,0.0000,0.0000,0.0000,0.0000,
229,4,142,414,253,476,0.0000,0.0000,0.0000,0.0000,0.0000,0.0000,
230,4,142,414,253,476,0.0000,0.0000,0.0000,0.0000,0.0000,0.0000,
231,4,142,414,253,476,0.0000,0.0000,0.0000,0.0000,0.0000,0.0000,
232,4,142,414,253,476,0.0000,0.0000,0.0000,0.0000,0.0000,0.0000,
233,4,142,414,253,476,0.0000,0.0000,0.0000,0.0000,0.0000,0.0000,
234,4,142,414,253,476,0.0000,0.0000,0.0000,0.0000,0.0000,0.0000,
235,4,142,414,253,476,0.0000,0.0000,0.0000,0.0000,0.0000,0.0000,
236,4,142,414,253,476,0.0000,0.0000,0.0000,0.0000,0.0000,0.0000,
237,4,142,414,253,476,0.0000,0.0000,0.0000,0.0000,0.0000,0.0000,
238,4,142,414,253,476,0.0000,0.0000,0.0000,0.0000,0.0000,0.0000,
239,4,142,414,253,476,0.0000,0.0000,0.0000,0.0000,0.0000,0.0000,
240,4,142,414,253,476,0.0000,0.0000,0.0000,0.0000,0.0000,0.0000,
241,4,142,414,253,476,0.0000,0.0000,0.0000,0.0000,0.0000,0.0000,
242,4,142,414,253,476,0.0000,0.0000,0.0000,0.0000,0.0000,0.0000,
243,4,142,414,253,476,0.0000,0.0000,0.0000,0.0000,0.0000,0.0000,
244,4,142,414,253,476,0.0000,0.0000,0.0000,0.0000,0.0000,0.0000,
245,4,142,414,253,476,0.0000,0.0000,0.0000,0.0000,0.0000,0.0000,
246,4,142,414,253,476,0.0000,0.0000,0.0000,0.0000,0.0000,0.0000,
247,4,142,414,253,476,0.0000,0.0000,0.0000,0.0000,0.0000,0.0000,
248,4,142,414,253,476,0.0000,0.0000,0.0000,0.0000,0.0000,0.0000,
249,4,142,414,253,476,0.0000,0.0000,0.0000,0.0000,0.0000,0.0000,
250,4,142,414,253,476,0.0000,0.0000,0.0000,0.0000,0.0000,0.0000,
251,4,142,414,253,476,0.0000,0.0000,0.0000,0.0000,0.0000,0.0000,
252,4,142,414,253,476,0.0000,0.0000,0.0000,0.0000,0.0000,0.0000,
253,4,142,414,253,476,0.0000,0.0000,0.0000,0.0000,0.0000,0.0000,
254,4,142,414,253,476,0.0000,0.0000,0.0000,0.0000,0.0000,0.0000,
255,4,142,414,253,476,0.0000,0.0000,0.0000,0.0000,0.0000,0.0000,
256,4,142,414,253,476,0.0000,0.0000,0.0000,0.0000,0.0000,0.0000,
257,4,142,414,253,476,0.0000,0.0000,0.0000,0.0000,0.0000,0.0000,
258,4,142,414,253,476,0.0000,0.0000,0.0000,0.0000,0.0000,0.0000,
259,4,142,414,253,476,0.0000,0.0000,0.0000,0.0000,0.0000,0.0000,
260,4,142,414,253,476,0.0000,0.0000,0.0000,0.0000,0.0000,0.0000,
261,4,142,414,253,476,0.0000,0.0000,0.0000,0.0000,0.0000,0.0000,
262,4,142,414,253,476,0.0000,0.0000,0.0000,0.0000,0.0000,0.0000,
263,4,142,414,253,476,0.0000,0.0000,0.0000,0.0000,0.0000,0.0000,
264,4,142,414,253,476,0.0000,0.0000,0.0000,0.0000,0.0000,0.0000,
265,4,142,414,253,476,0.0000,0.0000,0.0000,0.0000,0.0000,0.0000,
266,4,142,414,253,476,0.0000,0.0000,0.0000,0.0000,0.0000,0.0000,
267,4,142,414,253,476,0.0000,0.0000,0.0000,0.0000,0.0000,0.0000,
268,4,142,414,253,476,0.0000,0.0000,0.0000,0.0000,0.0000,0.0000,
269,4,142,414,253,476,0.0000,0.0000,0.0000,0.0000,0.0000,0.0000,
270,4,142,414,253,476,0.0000,0.0000,0.0000,0.0000,0.0000,0.0000,
271,4,142,414,253,476,0.0000,0.0000,0.0000,0.0000,0.0000,0.0000,
272,4,142,414,253,476,0.0000,0.0000,0.0000,0.0000,0.0000,0.0000,
273,4,142,414,253,476,0.0000,0.0000,0.0000,0.0000,0.0000,0.0000,
274,4,142,414,253,476,0.0000,0.0000,0.0000,0.0000,0.0000,0.0000,
275,4,142,414,253,476,0.0000,0.0000,0.0000,0.0000,0.0000,0.0000,
276,4,142,414,253,476,0.0000,0.0000,0.0000,0.0000,0.0000,0.0000,
277,4,142,414,253,476,0.0000,0.0000,0.0000,0.0000,0.0000,0.0000,
278,4,142,414,253,476,0.0000,0.0000,0.0000,0.0000,0.0000,0.0000,
279,4,142,414,253,476,0.0000,0.0000,0.0000,0.0000,0.0000,0.0000,
280,4,142,414,253,476,0.0000,0.0000,0.0000,0.0000,0.0000,0.0000,
281,4,142,414,253,476,0.0000,0.0000,0.0000,0.0000,0.0000,0.0000,
282,4,142,414,253,476,0.0000,0.0000,0.0000,0.0000,0.0000,0.0000,
283,4,142,414,253,476,0.0000,0.0000,0.0000,0.0000,0.0000,0.0000,
284,4,142,414,253,476,0.0000,0.0000,0.0000,0.0000,0.0000,0.0000,
285,4,142,414,253,476,0.0000,0.0000,0.0000,0.0000,0.0000,0.0000,
286,4,142,414,253,476,0.0000,0.0000,0.0000,0.0000,0.0000,0.0000,
287,4,142,414,253,476,0.0000,0.0000,0.0000,0.0000,0.0000,0.0000,
288,4,142,414,253,476,0.0000,0.0000,0.0000,0.0000,0.0000,0.0000,
289,4,142,414,253,476,0.0000,0.0000,0.0000,0.0000,0.0000,0.0000,
290,4,142,414,253,476,0.0000,0.0000,0.0000,0.0000,0.0000,0.0000,
291,4,142,414,253,476,0.0000,0.0000,0.0000,0.0000,0.0000,0.0000,
292,4,142,414,253,476,0.0000,0.0000,0.0000,0.0000,0.0000,0.0000,
293,4,142,414,253,476,0.0000,0.0000,0.0000,0.0000,0.0000,0.0000,
294,4,142,414,253,476,0.0000,0.0000,0.0000,0.0000,0.0000,0.0000,
295,4,142,414,253,476,0.0000,0.0000,0.0000,0.0000,0.0000,0.0000,
296,4,142,414,253,476,0.0000,0.0000,0.0000,0.0000,0.0000,0.0000,
297,4,142,414,253,476,0.0000,0.0000,0.0000,0.0000,0.0000,0.0000,
298,4,142,414,253,476,0.0000,0.0000,0.0000,0.0000,0.0000,0.0000,
299,4,142,414,253,476,0.0000,0.0000,0.0000,0.0000,0.0000,0.0000,
300,4,142,414,253,476,0.0000,0.0000,0.0000,0.0000,0.0000,0.0000,
301,4,142,414,253,476,0.0000,0.0000,0.0000,0.0000,0.0000,0.0000,
302,4,142,414,253,476,0.0000,0.0000,0.0000,0.0000,0.0000,0.0000,
303,4,142,414,253,476,0.0000,0.0000,0.0000,0.0000,0.0000,0.0000,
304,4,142,414,253,476,0.0000,0.0000,0.0000,0.0000,0.0000,0.0000,
305,4,142,414,253,476,0.0000,0.0000,0.0000,0.0000,0.0000,0.0000,
306,4,142,414,253,476,0.0000,0.0000,0.0000,0.0000,0.0000,0.0000,
307,4,142,414,253,476,0.0000,0.0000,0.0000,0.0000,0.0000,0.0000,
308,4,142,414,253,476,0.0000,0.0000,0.0000,0.0000,0.0000,0.0000,
309,4,142,414,253,476,0.0000,0.0000,0.0000,0.0000,0.0000,0.0000,
310,4,142,414,253,476,0.0000,0.0000,0.0000,0.0000,0.0000,0.0000,
311,4,142,414,253,476,0.0000,0.0000,0.0000,0.0000,0.0000,0.0000,
312,4,142,414,253,476,0.0000,0.0000,0.0000,0.0000,0.0000,0.0000,
313,4,142,414,253,476,0.0000,0.0000,0.0000,0.0000,0.0000,0.0000,
314,4,142,414,253,476,0.0000,0.0000,0.0000,0.0000,0.0000,0.0000,
315,4,142,414,253,476,0.0000,0.0000,0.0000,0.0000,0.0000,0.0000,
316,4,142,414,253,476,0.0000,0.0000,0.0000,0.0000,0.0000,0.0000,
317,4,142,414,253,476,0.0000,0.0000,0.0000,0.0000,0.0000,0.0000,
318,4,142,414,253,476,0.0000,0.0000,0.0000,0.0000,0.0000,0.0000,
319,4,142,414,253,476,0.0000,0.0000,0.0000,0.0000,0.0000,0.0000,
320,4,142,414,253,476,0.0000,0.0000,0.0000,0.0000,0.0000,0.0000,
321,4,142,414,253,476,0.0000,0.0000,0.0000,0.0000,0.0000,0.0000,
322,4,142,414,253,476,0.0000,0.0000,0.0000,0.0000,0.0000,0.0000,
323,4,142,414,253,476,0.0000,0.0000,0.0000,0.0000,0.0000,0.0000,
324,4,142,414,253,476,0.0000,0.0000,0.0000,0.0000,0.0000,0.0000,
325,4,142,414,253,476,0.0000,0.0000,0.0000,0.0000,0.0000,0.0000,
326,4,142,414,253,476,0.0000,0.0000,0.0000,0.0000,0.0000,0.0000,
327,4,142,414,253,476,0.0000,0.0000,0.0000,0.0000,0.0000,0.0000,
328,4,142,414,253,476,0.0000,0.0000,0.0000,0.0000,0.0000,0.0000,
329,4,142,414,253,476,0.0000,0.0000,0.0000,0.0000,0.0000,0.0000,
330,4,142,414,253,476,0.0000,0.0000,0.0000,0.0000,0.0000,0.0000,
331,4,142,414,253,476,0.0000,0.0000,0.0000,0.0000,0.0000,0.0000,
332,4,142,414,253,476,0.0000,0.0000,0.0000,0.0000,0.0000,0.0000,
333,4,142,414,253,476,0.0000,0.0000,0.0000,0.0000,0.0000,0.0000,
334,4,142,414,253,476,0.0000,0.0000,0.0000,0.0000,0.0000,0.0000,
335,4,142,414,253,476,0.0000,0.0000,0.0000,0.0000,0.0000,0.0000,
336,4,142,414,253,476,0.0000,0.0000,0.0000,0.0000,0.0000,0.0000,
337,4,142,414,253,476,0.0000,0.0000,0.0000,0.0000,0.0000,0.0000,
338,4,142,414,253,476,0.0000,0.0000,0.0000,0.0000,0.0000,0.0000,
339,4,142,414,253,476,0.0000,0.0000,0.0000,0.0000,0.0000,0.0000,
340,4,142,414,253,476,0.0000,0.0000,0.0000,0.0000,0.0000,0.0000,
341,4,142,414,253,476,0.0000,0.0000,0.0000,0.0000,0.0000,0.0000,
342,4,142,414,253,476,0.0000,0.0000,0.0000,0.0000,0.0000,0.0000,
343,4,142,414,253,476,0.0000,0.0000,0.0000,0.0000,0.0000,0.0000,
344,4,142,414,253,476,0.0000,0.0000,0.0000,0.0000,0.0000,0.0000,
345,4,142,414,253,476,0.0000,0.0000,0.0000,0.0000,0.0000,0.0000,
346,4,142,414,253,476,0.0000,0.0000,0.0000,0.0000,0.0000,0.0000,
347,4,142,414,253,476,0.0000,0.0000,0.0000,0.0000,0.0000,0.0000,
348,4,142,414,253,476,0.0000,0.0000,0.0000,0.0000,0.0000,0.0000,
349,4,142,414,253,476,0.0000,0.0000,0.0000,0.0000,0.0000,0.0000,
350,4,142,414,253,476,0.0000,0.0000,0.0000,0.0000,0.0000,0.0000,
351,4,142,414,253,476,0.0000,0.0000,0.0000,0.0000,0.0000,0.0000,
352,4,142,414,253,476,0.0000,0.0000,0.0000,0.0000,0.0000,0.0000,
353,4,142,414,253,476,0.0000,0.0000,0.0000,0.0000,0.0000,0.0000,
354,4,142,414,253,476,0.0000,0.0000,0.0000,0.0000,0.0000,0.0000,
355,4,142,414,253,476,0.0000,0.0000,0.0000,0.0000,0.0000,0.0000,
356,4,142,414,253,476,0.0000,0.0000,0.0000,0.0000,0.0000,0.0000,
357,4,142,414,253,476,0.0000,0.0000,0.0000,0.0000,0.0000,0.0000,
358,4,142,414,253,476,0.0000,0.0000,0.0000,0.0000,0.0000,0.0000,
359,4,142,414,253,476,0.0000,0.0000,0.0000,0.0000,0.0000,0.0000,
360,4,142,414,253,476,0.0000,0.0000,0.0000,0.0000,0.0000,0.0000,
361,4,142,414,253,476,0.0000,0.0000,0.0000,0.0000,0.0000,0.0000,
362,4,142,414,253,476,0.0000,0.0000,0.0000,0.0000,0.0000,0.0000,
363,4,142,414,253,476,0.0000,0.0000,0.0000,0.0000,0.0000,0.0000,
364,4,142,414,253,476,0.0000,0.0000,0.0000,0.0000,0.0000,0.0000,
365,4,142,414,253,476,0.0000,0.0000,0.0000,0.0000,0.0000,0.0000,
366,4,142,414,253,476,0.0000,0.0000,0.0000,0.0000,0.0000,0.0000,
367,4,142,414,253,476,0.0000,0.0000,0.0000,0.0000,0.0000,0.0000,
368,4,142,414,253,476,0.0000,0.0000,0.0000,0.0000,0.0000,0.0000,
369,4,142,414,253,476,0.0000,0.0000,0.0000,0.0000,0.0000,0.0000,
370,4,142,414,253,476,0.0000,0.0000,0.0000,0.0000,0.0000,0.0000,
371,4,142,414,253,476,0.0000,0.0000,0.0000,0.0000,0.0000,0.0000,
372,4,142,414,253,476,0.0000,0.0000,0.0000,0.0000,0.0000,0.0000,
373,4,142,414,253,476,0.0000,0.0000,0.0000,0.0000,0.0000,0.0000,
374,4,142,414,253,476,0.0000,0.0000,0.0000,0.0000,0.0000,0.0000,
375,4,142,414,253,476,0.0000,0.0000,0.0000,0.0000,0.0000,0.0000,
376,4,139,415,259,474,1.0000,-0.0000,-0.0000,1.0000,10.0000,10.0001,
377,4,139,415,259,474,0.9923,-0.0015,-0.0010,1.0219,10.3233,9.4875,
378,4,139,415,259,474,1.0003,0.0011,-0.0011,1.0002,9.9408,10.2093,
379,4,139,415,259,474,0.9981,0.0014,0.0039,1.0171,10.1573,9.0961,
380,4,139,415,259,474,1.0022,-0.0121,0.0072,1.0155,10.5600,8.5961,
381,4,139,415,259,474,1.0069,0.0135,0.0024,0.9987,9.2167,9.7097,
382,4,139,415,259,474,0.9999,-0.0017,0.0018,1.0024,10.1151,9.9003,
383,4,139,415,259,474,1.0008,0.0007,-0.0015,1.0044,9.9117,9.9712,
384,4,139,415,259,474,0.9983,-0.0035,-0.0003,1.0093,10.1564,9.4821,
385,4,139,415,259,474,0.9989,-0.0069,0.0050,1.0056,10.3480,9.3243,
386,4,139,415,259,474,1.0081,-0.0034,0.0024,1.0003,9.5284,9.7540,
387,4,139,415,259,474,0.9970,0.0111,0.0014,1.0116,9.8061,9.2804,
388,4,139,415,259,474,1.0013,0.0077,0.0037,1.0052,9.7462,9.3212,
389,4,139,415,259,474,1.0028,-0.0164,0.0118,1.0036,10.6432,8.8571,
390,4,139,415,259,474,0.9941,-0.0103,0.0026,1.0266,11.1059,8.4594,
391,4,139,415,259,474,0.9965,-0.0156,0.0007,1.0310,11.0218,8.2646,
392,4,140,413,259,475,0.9901,0.0026,-0.0009,1.0393,10.8499,8.0418,
393,4,142,411,260,476,0.9914,-0.0132,0.0028,1.0377,11.5676,7.5142,
394,4,144,409,262,476,0.9992,0.0011,0.0004,1.0243,11.1732,7.9324,
395,4,146,408,264,475,1.0046,0.0212,-0.0048,1.0105,10.5743,8.4117,
396,4,148,406,267,473,1.0015,0.0254,-0.0033,1.0040,10.9712,7.8425,
397,4,151,404,269,470,0.9968,0.0217,-0.0051,0.9951,11.5983,7.5546,
398,4,154,402,272,466,0.9997,0.0327,-0.0099,0.9685,11.1128,7.8886,
399,4,160,396,277,453,0.9946,0.0649,-0.0239,0.8956,13.1484,5.1916,
400,4,163,393,280,447,0.9994,0.0331,-0.0225,0.9412,11.7153,8.0632,
401,4,168,376,273,452,0.9879,0.0290,-0.0098,0.9503,12.8410,6.8636,
402,4,172,374,278,445,1.0117,0.0322,-0.0134,0.9339,11.9352,8.0558,
403,4,177,371,282,439,0.9915,0.0374,-0.0060,0.9588,12.9386,6.4882,
404,4,182,368,287,433,0.9958,0.0586,-0.0091,0.9552,12.6071,6.8458,
405,4,188,365,292,428,0.9953,0.0429,-0.0025,0.9694,13.8874,6.2346,
406,4,194,361,297,423,0.9878,0.0461,-0.0069,0.9903,14.3840,5.8810,
407,4,201,358,304,417,1.0020,0.0940,-0.0225,0.9651,13.0958,7.1920,
408,4,208,354,311,412,1.0013,0.0702,-0.0096,0.9745,13.9080,6.3994,
409,4,216,351,316,407,0.9754,0.0808,0.0063,0.9708,14.9469,6.1628,
410,4,223,348,323,401,0.9982,0.0906,-0.0096,0.9473,14.1362,7.2867,
411,4,231,344,326,399,0.9481,-0.0225,0.0178,1.0418,18.2959,4.8109,
412,4,221,330,331,382,0.8500,0.0054,0.0012,1.0640,22.6054,5.4243,
413,4,227,327,336,381,0.9893,0.0742,-0.0211,1.0308,13.6468,7.6341,
414,4,233,324,341,381,0.9847,-0.0302,-0.0182,1.0555,16.7717,7.4081,
415,4,239,322,346,381,0.9944,0.0146,0.0126,1.0205,14.7012,7.2465,
416,4,245,321,350,382,0.9808,0.0458,0.0108,1.0333,14.2420,7.5706,
417,4,251,320,355,383,0.9886,0.0158,0.0135,1.0235,14.7900,8.2737,
418,4,256,319,359,384,0.9962,0.0230,0.0042,1.0306,13.5480,8.6055,
419,4,261,319,363,385,0.9903,0.0380,0.0070,1.0195,13.0438,8.8889,
420,4,266,318,366,386,0.9854,0.0171,0.0024,1.0356,13.7523,8.4658,
421,4,270,319,369,387,0.9936,0.0172,0.0164,0.9994,12.9206,9.2615,
422,4,274,319,372,388,0.9912,0.0133,-0.0026,1.0188,12.8604,9.2934,
423,4,278,319,375,389,0.9866,0.0130,0.0058,1.0073,12.8793,9.5369,
424,4,281,319,377,390,0.9922,-0.0081,-0.0050,1.0096,12.8959,9.9181,
425,4,284,320,379,391,0.9939,-0.0063,0.0097,0.9930,12.5177,10.1637,
426,4,286,321,381,392,0.9953,-0.0130,0.0064,1.0065,12.2269,9.9544,
427,4,288,322,383,393,0.9956,-0.0152,0.0076,0.9986,12.1116,10.3243,
428,4,290,323,385,395,1.0003,-0.0159,0.0101,1.0042,11.7321,10.3275,
429,4,291,324,386,397,0.9995,-0.0136,0.0099,1.0044,11.3218,10.4869,
430,4,292,326,387,399,0.9984,-0.0170,0.0084,1.0003,11.5186,10.6419,
431,4,293,328,388,400,1.0072,-0.0248,0.0146,0.9950,11.0928,10.5752,
432,4,294,331,389,401,1.0033,-0.0201,0.0168,0.9815,11.1048,11.3360,
433,4,295,333,389,402,0.9898,-0.0070,0.0012,0.9886,11.1123,11.6552,
434,4,294,338,390,405,1.0158,-0.0255,0.0177,0.9797,9.7791,13.4522,
435,4,294,340,391,406,1.0014,-0.0057,-0.0130,0.9897,10.0879,11.9238,
436,4,294,342,392,407,1.0074,-0.0111,-0.0002,0.9878,9.9338,11.0817,
437,4,294,344,393,408,1.0045,-0.0039,-0.0016,0.9811,9.8198,11.3304,
438,4,294,346,394,408,1.0057,-0.0129,0.0044,0.9800,10.1927,10.9916,
439,4,294,346,394,408,0.9983,-0.0044,0.0036,0.9978,10.3342,10.1740,
440,4,294,346,394,408,1.0029,-0.0113,-0.0024,0.9897,10.4717,10.7146,
441,4,294,346,394,408,1.0054,-0.0143,0.0008,0.9910,10.3510,10.5986,
442,4,294,346,394,408,1.0030,-0.0159,0.0054,0.9942,10.6603,10.2044,
443,4,294,346,394,408,0.9989,-0.0063,-0.0009,0.9906,10.5921,10.5357,
444,4,294,346,394,408,1.0018,-0.0049,-0.0026,0.9892,10.5133,10.6228,
445,4,294,348,395,408,1.0078,-0.0051,-0.0195,0.9746,10.0042,12.2209,
446,4,295,350,396,408,1.0007,-0.0050,-0.0060,0.9682,10.2890,11.9050,
447,4,295,350,396,408,1.0013,-0.0103,0.0053,0.9832,10.3987,10.5502,
448,4,296,352,396,408,0.9974,-0.0045,0.0089,0.9782,10.3996,10.7802,
449,4,297,354,396,408,0.9991,-0.0044,0.0048,0.9720,10.1399,11.0696,
450,4,297,356,397,408,1.0016,0.0037,0.0016,0.9749,9.7557,11.0693,
451,4,285,339,396,400,0.9974,-0.0008,-0.0069,0.9746,10.0838,11.6166,
452,4,285,339,396,400,0.9987,0.0037,-0.0011,0.9918,9.4964,10.8668,
453,4,286,341,396,400,0.9945,0.0126,0.0020,0.9805,9.6722,10.9900,
454,4,287,343,397,400,1.0012,-0.0062,0.0033,0.9715,10.2970,11.2692,
455,4,287,343,397,400,0.9879,0.0307,0.0106,0.9933,9.6875,10.2319,
456,4,287,345,398,400,1.0062,-0.0122,-0.0034,0.9777,9.9647,11.1881,
457,4,287,345,398,400,0.9991,0.0055,0.0005,1.0000,9.9782,10.2470,
458,4,287,345,398,400,0.9985,0.0034,-0.0078,0.9884,10.1049,11.1428,
459,4,287,345,398,400,0.9815,0.0417,-0.0206,1.0307,9.4719,10.3505,
460,4,288,347,398,401,0.9891,0.0338,-0.0092,0.9857,9.7211,11.6310,
461,4,288,349,399,401,1.0062,-0.0092,0.0021,0.9554,9.6106,11.6359,
462,4,288,349,399,401,0.9987,-0.0015,-0.0034,0.9842,10.0800,11.0950,
463,4,288,349,399,401,0.9932,0.0362,-0.0121,0.9996,9.2608,11.0546,
464,4,288,351,400,401,1.0022,-0.0130,0.0009,0.9715,10.2966,11.0671,
465,4,288,351,400,401,0.9989,-0.0038,-0.0049,0.9767,10.1583,11.2230,
466,4,289,353,401,402,0.9989,0.0001,-0.0162,0.9807,10.1878,12.0154,
467,4,290,355,402,404,0.9932,0.0082,-0.0261,0.9979,10.6578,12.8304,
468,4,290,355,402,404,0.9961,-0.0216,-0.0061,0.9907,11.0821,10.8042,
469,4,290,355,402,404,1.0024,-0.0091,0.0055,0.9815,10.1473,10.4253,
470,4,290,355,402,404,1.0017,0.0109,-0.0051,1.0007,9.5847,10.2758,
471,4,290,355,402,404,0.9964,0.0136,-0.0015,1.0098,9.6432,9.6662,
472,4,290,355,402,404,0.9998,0.0025,0.0016,0.9993,9.9248,9.9333,
473,4,290,355,402,404,1.0012,0.0010,-0.0000,0.9860,9.8084,10.3734,
474,4,290,355,402,404,1.0005,0.0119,0.0012,1.0129,9.6512,9.5810,
475,4,290,355,402,404,0.9992,-0.0001,0.0033,1.0039,10.0365,9.6826,
476,4,296,356,390,404,0.0000,0.0000,0.0000,0.0000,0.0000,0.0000,
477,4,296,356,390,404,0.0000,0.0000,0.0000,0.0000,0.0000,0.0000,
478,4,296,356,390,404,0.0000,0.0000,0.0000,0.0000,0.0000,0.0000,
479,4,296,356,390,404,0.0000,0.0000,0.0000,0.0000,0.0000,0.0000,
480,4,296,356,390,404,0.0000,0.0000,0.0000,0.0000,0.0000,0.0000,
481,4,296,356,390,404,0.0000,0.0000,0.0000,0.0000,0.0000,0.0000,
482,4,296,356,390,404,0.0000,0.0000,0.0000,0.0000,0.0000,0.0000,
483,4,296,356,390,404,0.0000,0.0000,0.0000,0.0000,0.0000,0.0000,
484,4,296,356,390,404,0.0000,0.0000,0.0000,0.0000,0.0000,0.0000,
485,4,296,356,390,404,0.0000,0.0000,0.0000,0.0000,0.0000,0.0000,
486,4,296,356,390,404,0.0000,0.0000,0.0000,0.0000,0.0000,0.0000,
487,4,296,356,390,404,0.0000,0.0000,0.0000,0.0000,0.0000,0.0000,
488,4,296,356,390,404,0.0000,0.0000,0.0000,0.0000,0.0000,0.0000,
489,4,296,356,390,404,0.0000,0.0000,0.0000,0.0000,0.0000,0.0000,
490,4,296,356,390,404,0.0000,0.0000,0.0000,0.0000,0.0000,0.0000,
491,4,296,356,390,404,0.0000,0.0000,0.0000,0.0000,0.0000,0.0000,
492,4,296,356,390,404,0.0000,0.0000,0.0000,0.0000,0.0000,0.0000,
493,4,296,356,390,404,0.0000,0.0000,0.0000,0.0000,0.0000,0.0000,
494,4,296,356,390,404,0.0000,0.0000,0.0000,0.0000,0.0000,0.0000,
495,4,296,356,390,404,0.0000,0.0000,0.0000,0.0000,0.0000,0.0000,
496,4,296,356,390,404,0.0000,0.0000,0.0000,0.0000,0.0000,0.0000,
497,4,296,356,390,404,0.0000,0.0000,0.0000,0.0000,0.0000,0.0000,
498,4,296,356,390,404,0.0000,0.0000,0.0000,0.0000,0.0000,0.0000,
499,4,296,356,390,404,0.0000,0.0000,0.0000,0.0000,0.0000,0.0000,
500,4,296,356,390,404,0.0000,0.0000,0.0000,0.0000,0.0000,0.0000,
501,4,296,356,390,404,0.0000,0.0000,0.0000,0.0000,0.0000,0.0000,
502,4,296,356,390,404,0.0000,0.0000,0.0000,0.0000,0.0000,0.0000,
503,4,296,356,390,404,0.0000,0.0000,0.0000,0.0000,0.0000,0.0000,
504,4,296,356,390,404,0.0000,0.0000,0.0000,0.0000,0.0000,0.0000,
505,4,296,356,390,404,0.0000,0.0000,0.0000,0.0000,0.0000,0.0000,
506,4,296,356,390,404,0.0000,0.0000,0.0000,0.0000,0.0000,0.0000,
507,4,296,356,390,404,0.0000,0.0000,0.0000,0.0000,0.0000,0.0000,
508,4,296,356,390,404,0.0000,0.0000,0.0000,0.0000,0.0000,0.0000,
509,4,296,356,390,404,0.0000,0.0000,0.0000,0.0000,0.0000,0.0000,
510,4,296,356,390,404,0.0000,0.0000,0.0000,0.0000,0.0000,0.0000,
511,4,296,356,390,404,0.0000,0.0000,0.0000,0.0000,0.0000,0.0000,
512,4,296,356,390,404,0.0000,0.0000,0.0000,0.0000,0.0000,0.0000,
513,4,296,356,390,404,0.0000,0.0000,0.0000,0.0000,0.0000,0.0000,
514,4,296,356,390,404,0.0000,0.0000,0.0000,0.0000,0.0000,0.0000,
515,4,296,356,390,404,0.0000,0.0000,0.0000,0.0000,0.0000,0.0000,
516,4,296,356,390,404,0.0000,0.0000,0.0000,0.0000,0.0000,0.0000,
517,4,296,356,390,404,0.0000,0.0000,0.0000,0.0000,0.0000,0.0000,
518,4,296,356,390,404,0.0000,0.0000,0.0000,0.0000,0.0000,0.0000,
519,4,296,356,390,404,0.0000,0.0000,0.0000,0.0000,0.0000,0.0000,
520,4,296,356,390,404,0.0000,0.0000,0.0000,0.0000,0.0000,0.0000,
521,4,296,356,390,404,0.0000,0.0000,0.0000,0.0000,0.0000,0.0000,
522,4,296,356,390,404,0.0000,0.0000,0.0000,0.0000,0.0000,0.0000,
523,4,296,356,390,404,0.0000,0.0000,0.0000,0.0000,0.0000,0.0000,
524,4,296,356,390,404,0.0000,0.0000,0.0000,0.0000,0.0000,0.0000,
525,4,296,356,390,404,0.0000,0.0000,0.0000,0.0000,0.0000,0.0000,
526,4,296,356,390,404,0.0000,0.0000,0.0000,0.0000,0.0000,0.0000,
527,4,296,356,390,404,0.0000,0.0000,0.0000,0.0000,0.0000,0.0000,
528,4,296,356,390,404,0.0000,0.0000,0.0000,0.0000,0.0000,0.0000,
529,4,296,356,390,404,0.0000,0.0000,0.0000,0.0000,0.0000,0.0000,
530,4,300,372,386,403,1.0001,0.0006,-0.0000,0.9999,9.9842,10.0026,
531,4,300,372,386,403,0.9998,0.0036,-0.0026,0.9909,9.9563,10.2377,
532,4,300,372,386,403,1.0026,0.0061,0.0016,1.0037,9.7952,9.8065,
533,4,300,372,386,403,0.9994,-0.0100,0.0041,0.9989,10.0834,9.7806,
534,4,300,372,386,403,0.9970,0.0112,-0.0006,0.9975,9.9861,10.0883,
535,4,300,372,386,403,1.0061,0.0021,-0.0009,0.9918,9.6088,10.0639,
536,4,300,375,387,402,1.0044,0.0139,0.0066,0.8861,9.5196,12.1334,
537,4,300,375,387,402,0.9988,0.0200,0.0016,1.0097,9.6262,9.7409,
538,4,0,0,0,0,0.0000,0.0000,0.0000,0.0000,0.0000,0.0000,
539,4,0,0,0,0,0.0000,0.0000,0.0000,0.0000,0.0000,0.0000,
540,4,0,0,0,0,0.0000,0.0000,0.0000,0.0000,0.0000,0.0000,
541,4,0,0,0,0,0.0000,0.0000,0.0000,0.0000,0.0000,0.0000,
542,4,0,0,0,0,0.0000,0.0000,0.0000,0.0000,0.0000,0.0000,
543,4,0,0,0,0,0.0000,0.0000,0.0000,0.0000,0.0000,0.0000,
544,4,0,0,0,0,0.0000,0.0000,0.0000,0.0000,0.0000,0.0000,
545,4,0,0,0,0,0.0000,0.0000,0.0000,0.0000,0.0000,0.0000,
546,4,0,0,0,0,0.0000,0.0000,0.0000,0.0000,0.0000,0.0000,
547,4,0,0,0,0,0.0000,0.0000,0.0000,0.0000,0.0000,0.0000,
548,4,0,0,0,0,0.0000,0.0000,0.0000,0.0000,0.0000,0.0000,
549,4,0,0,0,0,0.0000,0.0000,0.0000,0.0000,0.0000,0.0000,
550,4,0,0,0,0,0.0000,0.0000,0.0000,0.0000,0.0000,0.0000,
551,4,0,0,0,0,0.0000,0.0000,0.0000,0.0000,0.0000,0.0000,
552,4,0,0,0,0,0.0000,0.0000,0.0000,0.0000,0.0000,0.0000,
553,4,0,0,0,0,0.0000,0.0000,0.0000,0.0000,0.0000,0.0000,
554,4,0,0,0,0,0.0000,0.0000,0.0000,0.0000,0.0000,0.0000,
555,4,0,0,0,0,0.0000,0.0000,0.0000,0.0000,0.0000,0.0000,
556,4,0,0,0,0,0.0000,0.0000,0.0000,0.0000,0.0000,0.0000,
557,4,0,0,0,0,0.0000,0.0000,0.0000,0.0000,0.0000,0.0000,
558,4,0,0,0,0,0.0000,0.0000,0.0000,0.0000,0.0000,0.0000,
559,4,0,0,0,0,0.0000,0.0000,0.0000,0.0000,0.0000,0.0000,
560,4,0,0,0,0,0.0000,0.0000,0.0000,0.0000,0.0000,0.0000,
561,4,0,0,0,0,0.0000,0.0000,0.0000,0.0000,0.0000,0.0000,
562,4,0,0,0,0,0.0000,0.0000,0.0000,0.0000,0.0000,0.0000,
563,4,0,0,0,0,0.0000,0.0000,0.0000,0.0000,0.0000,0.0000,
564,4,0,0,0,0,0.0000,0.0000,0.0000,0.0000,0.0000,0.0000,
565,4,0,0,0,0,0.0000,0.0000,0.0000,0.0000,0.0000,0.0000,
566,4,0,0,0,0,0.0000,0.0000,0.0000,0.0000,0.0000,0.0000,
567,4,0,0,0,0,0.0000,0.0000,0.0000,0.0000,0.0000,0.0000,
568,4,0,0,0,0,0.0000,0.0000,0.0000,0.0000,0.0000,0.0000,
569,4,0,0,0,0,0.0000,0.0000,0.0000,0.0000,0.0000,0.0000,
570,4,0,0,0,0,0.0000,0.0000,0.0000,0.0000,0.0000,0.0000,
571,4,0,0,0,0,0.0000,0.0000,0.0000,0.0000,0.0000,0.0000,
572,4,0,0,0,0,0.0000,0.0000,0.0000,0.0000,0.0000,0.0000,
573,4,0,0,0,0,0.0000,0.0000,0.0000,0.0000,0.0000,0.0000,
574,4,0,0,0,0,0.0000,0.0000,0.0000,0.0000,0.0000,0.0000,
575,4,0,0,0,0,0.0000,0.0000,0.0000,0.0000,0.0000,0.0000,
576,4,0,0,0,0,0.0000,0.0000,0.0000,0.0000,0.0000,0.0000,
577,4,0,0,0,0,0.0000,0.0000,0.0000,0.0000,0.0000,0.0000,
578,4,0,0,0,0,0.0000,0.0000,0.0000,0.0000,0.0000,0.0000,
579,4,0,0,0,0,0.0000,0.0000,0.0000,0.0000,0.0000,0.0000,
580,4,0,0,0,0,0.0000,0.0000,0.0000,0.0000,0.0000,0.0000,
581,4,0,0,0,0,0.0000,0.0000,0.0000,0.0000,0.0000,0.0000,
582,4,0,0,0,0,0.0000,0.0000,0.0000,0.0000,0.0000,0.0000,
583,4,0,0,0,0,0.0000,0.0000,0.0000,0.0000,0.0000,0.0000,
584,4,0,0,0,0,0.0000,0.0000,0.0000,0.0000,0.0000,0.0000,
585,4,0,0,0,0,0.0000,0.0000,0.0000,0.0000,0.0000,0.0000,
586,4,0,0,0,0,0.0000,0.0000,0.0000,0.0000,0.0000,0.0000,
587,4,0,0,0,0,0.0000,0.0000,0.0000,0.0000,0.0000,0.0000,
588,4,0,0,0,0,0.0000,0.0000,0.0000,0.0000,0.0000,0.0000,
589,4,0,0,0,0,0.0000,0.0000,0.0000,0.0000,0.0000,0.0000,
590,4,0,0,0,0,0.0000,0.0000,0.0000,0.0000,0.0000,0.0000,
591,4,0,0,0,0,0.0000,0.0000,0.0000,0.0000,0.0000,0.0000,
592,4,0,0,0,0,0.0000,0.0000,0.0000,0.0000,0.0000,0.0000,
593,4,0,0,0,0,0.0000,0.0000,0.0000,0.0000,0.0000,0.0000,
594,4,0,0,0,0,0.0000,0.0000,0.0000,0.0000,0.0000,0.0000,
595,4,0,0,0,0,0.0000,0.0000,0.0000,0.0000,0.0000,0.0000,
596,4,0,0,0,0,0.0000,0.0000,0.0000,0.0000,0.0000,0.0000,
597,4,0,0,0,0,0.0000,0.0000,0.0000,0.0000,0.0000,0.0000,
598,4,0,0,0,0,0.0000,0.0000,0.0000,0.0000,0.0000,0.0000,
599,4,0,0,0,0,0.0000,0.0000,0.0000,0.0000,0.0000,0.0000,
600,4,0,0,0,0,0.0000,0.0000,0.0000,0.0000,0.0000,0.0000,
601,4,0,0,0,0,0.0000,0.0000,0.0000,0.0000,0.0000,0.0000,
