1,2,230,377,330,453,1.0000,-0.0000,0.0000,1.0000,10.0000,10.0000,
2,2,230,377,330,453,1.0007,0.0001,-0.0005,1.0002,9.9430,10.0276,
3,2,230,377,330,453,0.9991,0.0014,-0.0012,1.0004,9.9982,10.0745,
4,2,230,377,330,453,1.0000,-0.0003,0.0007,1.0004,10.0165,9.9450,
5,2,230,377,330,453,1.0034,0.0031,-0.0086,0.9936,9.6620,10.8115,
6,2,230,377,330,453,1.0006,-0.0004,0.0001,0.9997,9.9578,10.0147,
7,2,230,377,330,453,0.9995,0.0014,-0.0004,1.0001,9.9821,10.0291,
8,2,230,377,330,453,1.0004,-0.0015,0.0005,1.0001,10.0474,9.9386,
9,2,230,377,330,453,0.9992,0.0006,-0.0011,1.0003,10.0575,10.0768,
10,2,230,377,330,453,0.9996,0.0009,-0.0005,0.9995,9.9744,10.0489,
11,2,230,377,330,453,1.0007,-0.0016,0.0003,0.9991,10.0013,10.0098,
12,2,230,377,330,453,0.9990,0.0006,-0.0004,0.9998,10.0284,10.0261,
13,2,230,377,330,453,1.0001,0.0011,0.0002,1.0008,9.9684,9.9829,
14,2,230,377,330,453,0.9996,-0.0004,0.0000,0.9991,10.0343,10.0269,
15,2,230,377,330,453,1.0009,-0.0004,0.0003,1.0004,9.9664,9.9710,
16,2,230,377,330,453,0.9901,0.0122,-0.0004,0.9999,10.2437,10.0186,
17,2,230,377,330,453,0.9982,0.0033,0.0004,0.9992,9.9861,10.0041,
18,2,230,377,330,453,1.0004,0.0003,0.0001,1.0009,9.9885,9.9584,
19,2,230,377,330,453,1.0000,0.0004,-0.0002,0.9989,9.9549,10.0446,
20,2,230,377,330,453,0.9992,0.0009,-0.0002,1.0001,10.0195,10.0130,
21,2,230,377,330,453,1.0019,-0.0035,-0.0005,0.9997,10.0088,10.0208,
22,2,230,377,330,453,0.9975,-0.0040,-0.0025,0.9960,10.2360,10.2484,
23,2,230,377,330,453,0.9990,0.0017,0.0002,0.9991,9.9962,10.0154,
24,2,230,377,330,453,0.9998,-0.0007,-0.0013,1.0007,10.0594,10.0546,
25,2,230,377,330,453,0.9986,0.0006,0.0008,0.9999,10.0602,9.9526,
26,2,230,377,330,453,1.0020,-0.0016,0.0003,1.0000,9.9504,9.9754,
27,2,230,377,330,453,1.0002,0.0003,-0.0006,1.0015,9.9701,9.9764,
28,2,230,377,330,453,1.0057,-0.0080,0.0003,0.9981,9.8594,10.0633,
29,2,230,377,330,453,1.0000,0.0004,-0.0006,1.0014,9.9904,9.9784,
30,2,230,377,330,453,1.0010,0.0001,0.0016,0.9988,9.9094,9.9537,
31,2,230,377,330,453,0.9991,-0.0008,-0.0010,1.0009,10.1220,10.0366,
32,2,230,377,330,453,1.0020,-0.0013,0.0001,1.0002,9.9074,9.9555,
33,2,230,377,330,453,0.9985,0.0013,0.0008,0.9993,10.0519,9.9948,
34,2,230,377,330,453,1.0008,-0.0013,0.0004,0.9992,10.0013,9.9963,
35,2,230,377,330,453,0.9984,0.0014,0.0004,0.9995,10.0490,10.0200,
36,2,230,377,330,453,1.0012,-0.0011,-0.0006,1.0006,9.9744,10.0028,
37,2,230,377,330,453,0.9998,0.0003,0.0005,1.0004,10.0004,9.9495,
38,2,230,377,330,453,0.9997,-0.0004,-0.0006,0.9999,10.0499,10.0590,
39,2,230,377,330,453,0.9993,0.0004,0.0001,0.9991,10.0141,10.0181,
40,2,230,377,330,453,0.9989,-0.0055,-0.0031,0.9930,10.1978,10.3657,
41,2,230,377,330,453,0.9996,0.0009,-0.0002,1.0007,10.0081,9.9931,
42,2,230,377,330,453,0.9991,0.0001,-0.0002,1.0000,10.0496,10.0058,
43,2,230,377,330,453,0.9994,0.0002,0.0002,0.9994,10.0354,10.0103,
44,2,230,377,330,453,0.9996,0.0008,-0.0000,0.9999,9.9909,10.0128,
45,2,230,377,330,453,1.0002,-0.0016,0.0001,0.9996,10.0405,9.9929,
46,2,230,377,330,453,1.0012,0.0009,0.0003,1.0007,9.9233,9.9562,
47,2,230,377,330,453,0.9996,-0.0005,-0.0009,0.9999,10.0417,10.0487,
48,2,230,377,330,453,0.9988,0.0008,-0.0001,0.9998,10.0428,10.0401,
49,2,230,377,330,453,1.0015,-0.0013,-0.0004,1.0003,9.9667,9.9945,
50,2,230,377,330,453,0.9995,0.0011,-0.0003,0.9999,9.9682,10.0283,
51,2,230,377,330,449,1.0005,-0.0014,0.0003,1.0006,10.0294,9.9903,
52,2,230,377,330,449,1.0006,0.0002,0.0002,0.9994,9.9474,9.9870,
53,2,230,377,330,449,0.9982,0.0019,0.0007,0.9998,10.0210,9.9866,
54,2,230,377,330,449,1.0012,-0.0013,-0.0019,0.9999,10.0098,10.1075,
55,2,230,377,330,449,0.9995,-0.0006,0.0005,0.9989,10.0280,10.0044,
56,2,230,377,330,449,1.0007,-0.0012,0.0007,1.0000,9.9922,9.9682,
57,2,230,377,330,449,0.9999,0.0012,-0.0003,1.0005,9.9934,10.0005,
58,2,230,377,330,449,0.9998,0.0004,0.0008,0.9998,9.9834,9.9526,
59,2,230,377,330,449,1.0005,-0.0010,-0.0008,1.0002,10.0048,10.0567,
60,2,230,377,330,449,0.9990,0.0009,-0.0005,1.0008,10.0335,10.0068,
61,2,230,377,330,449,1.0008,0.0003,0.0009,0.9989,9.9374,9.9760,
62,2,230,377,330,449,0.9972,-0.0048,-0.0029,0.9942,10.2884,10.3216,
63,2,230,377,330,449,1.0020,-0.0004,0.0009,1.0010,9.9123,9.9146,
64,2,230,377,330,449,0.9987,0.0008,-0.0001,0.9990,10.0372,10.0410,
65,2,230,377,330,449,1.0002,-0.0013,-0.0002,0.9999,10.0307,10.0256,
66,2,230,377,330,449,0.9999,0.0006,0.0006,1.0000,9.9775,9.9698,
67,2,230,377,330,449,1.0008,-0.0006,-0.0008,1.0004,10.0073,10.0082,
68,2,230,377,330,449,1.0000,-0.0005,0.0001,1.0000,10.0051,9.9823,
69,2,230,377,330,449,0.9994,0.0008,-0.0003,1.0001,10.0136,10.0361,
70,2,230,377,330,449,1.0003,-0.0017,-0.0005,1.0001,10.0532,10.0249,
71,2,230,377,330,449,0.9998,0.0009,0.0003,1.0004,10.0026,9.9511,
72,2,230,377,330,449,0.9994,0.0015,-0.0002,0.9997,9.9521,10.0462,
73,2,230,377,330,449,1.0004,0.0008,0.0005,1.0000,9.9272,9.9720,
74,2,230,377,330,449,1.0006,-0.0005,-0.0003,0.9998,9.9901,10.0051,
75,2,230,377,330,449,0.9999,-0.0002,-0.0004,1.0004,10.0252,10.0067,
76,2,230,377,330,449,1.0004,-0.0015,0.0003,1.0003,10.0344,9.9680,
77,2,230,377,330,449,1.0002,0.0000,0.0004,0.9996,9.9730,9.9902,
78,2,230,377,330,449,0.9991,0.0009,0.0010,1.0002,10.0224,9.9411,
79,2,230,377,330,449,1.0008,-0.0002,-0.0001,1.0001,9.9503,10.0125,
80,2,230,377,330,449,1.0004,-0.0011,-0.0006,0.9994,10.0149,10.0441,
81,2,230,377,330,449,1.0001,0.0008,0.0014,0.9989,9.9683,9.9598,
82,2,230,377,330,449,0.9987,0.0020,-0.0003,1.0001,9.9717,10.0053,
83,2,230,377,330,449,1.0001,-0.0010,-0.0002,0.9995,10.0508,10.0345,
84,2,230,377,330,449,1.0007,-0.0020,0.0011,1.0011,10.0485,9.8893,
85,2,230,377,330,449,0.9982,0.0017,-0.0012,1.0004,10.0828,10.0569,
86,2,230,377,330,449,1.0005,-0.0002,0.0005,0.9988,9.9481,10.0059,
87,2,230,377,330,449,1.0003,-0.0011,0.0003,0.9999,10.0288,9.9987,
88,2,230,377,330,449,0.9990,0.0002,0.0003,0.9997,10.0786,9.9797,
89,2,230,377,330,449,0.9978,-0.0053,-0.0031,0.9941,10.2833,10.3520,
90,2,230,377,330,449,0.9994,0.0012,0.0008,0.9999,9.9656,9.9678,
91,2,230,377,330,449,1.0013,0.0000,-0.0003,0.9992,9.9267,10.0345,
92,2,230,377,330,449,0.9995,0.0012,0.0002,0.9995,10.0027,10.0098,
93,2,230,377,330,449,1.0003,-0.0008,0.0007,1.0005,10.0034,9.9250,
94,2,230,377,330,449,0.9999,-0.0008,-0.0004,1.0003,10.0196,10.0241,
95,2,230,377,330,449,0.9992,0.0002,-0.0004,0.9996,10.0544,10.0241,
96,2,230,377,330,449,1.0010,-0.0001,0.0000,1.0002,9.9534,9.9965,
97,2,230,377,330,449,0.9994,0.0015,0.0012,0.9996,9.9526,9.9766,
98,2,230,377,330,449,1.0014,-0.0015,-0.0015,1.0009,10.0050,10.0252,
99,2,230,377,330,449,0.9991,0.0013,0.0008,0.9993,9.9958,9.9800,
100,2,230,377,330,449,0.9998,0.0002,0.0003,0.9999,10.0114,9.9946,
101,2,230,377,330,449,0.9994,0.0005,-0.0001,0.9994,10.0080,10.0341,
102,2,230,377,330,449,0.9991,0.0021,-0.0010,1.0013,9.9846,10.0344,
103,2,230,377,330,449,1.0008,0.0001,0.0007,1.0000,9.9447,9.9439,
104,2,230,377,330,449,0.9994,-0.0010,0.0004,0.9998,10.0800,9.9831,
105,2,230,377,330,449,1.0001,0.0006,0.0010,0.9988,9.9716,9.9750,
106,2,230,377,330,449,0.9992,-0.0009,-0.0007,0.9996,10.0669,10.0431,
107,2,230,377,330,449,1.0000,-0.0061,-0.0023,0.9961,10.1910,10.2266,
108,2,230,377,330,449,0.9989,0.0004,-0.0005,0.9993,10.0365,10.0711,
109,2,230,377,330,449,1.0002,0.0006,0.0003,0.9994,9.9573,9.9838,
110,2,230,377,330,449,1.0003,-0.0012,-0.0007,1.0007,10.0444,10.0287,
111,2,230,377,330,449,1.0001,0.0002,0.0001,0.9990,9.9609,10.0298,
112,2,230,377,330,449,1.0001,0.0003,0.0019,1.0003,9.9811,9.8432,
113,2,230,377,330,449,0.9993,0.0008,-0.0009,0.9997,10.0184,10.0982,
114,2,230,377,330,449,1.0000,0.0011,0.0003,1.0006,9.9943,9.9434,
115,2,230,377,330,449,0.9991,0.0002,-0.0000,0.9998,10.0333,10.0066,
116,2,230,377,330,449,1.0003,-0.0005,-0.0001,1.0008,9.9977,9.9894,
117,2,230,377,330,449,1.0001,0.0004,0.0002,0.9994,9.9892,9.9918,
118,2,230,377,330,449,0.9999,0.0004,-0.0005,0.9995,9.9586,10.0556,
119,2,230,377,330,449,1.0000,-0.0012,0.0000,1.0004,10.0616,9.9803,
120,2,230,377,330,449,0.9998,0.0010,0.0005,1.0003,9.9582,9.9548,
121,2,230,377,330,449,1.0009,0.0005,-0.0007,1.0003,9.9347,10.0360,
122,2,230,377,330,449,0.9989,0.0002,0.0010,0.9988,10.0489,9.9910,
123,2,230,377,330,449,0.9988,0.0009,-0.0004,1.0002,10.0458,10.0005,
124,2,230,377,330,449,1.0011,-0.0003,0.0013,1.0001,9.9258,9.9290,
125,2,230,377,330,449,0.9990,0.0000,-0.0009,1.0008,10.0713,10.0309,
126,2,230,377,330,449,1.0000,0.0012,-0.0007,0.9997,9.9637,10.0426,
127,2,230,377,330,449,1.0022,-0.0021,-0.0001,0.9984,9.9351,10.0527,
128,2,230,377,330,449,0.9985,0.0013,0.0002,0.9997,10.0374,10.0147,
129,2,230,377,330,449,0.9997,-0.0005,-0.0005,1.0003,10.0584,10.0187,
130,2,230,377,330,449,1.0001,0.0004,0.0002,1.0001,9.9924,9.9638,
131,2,230,377,330,449,0.9997,0.0011,-0.0002,1.0005,9.9555,10.0129,
132,2,230,377,330,449,1.0003,0.0002,0.0000,1.0001,9.9897,9.9998,
133,2,230,377,330,449,0.9999,-0.0011,0.0006,0.9998,10.0349,9.9655,
134,2,230,377,330,449,0.9993,0.0012,0.0003,1.0001,9.9843,9.9939,
135,2,230,377,330,449,1.0014,-0.0019,-0.0004,1.0007,10.0167,9.9735,
136,2,230,377,330,449,0.9990,-0.0007,-0.0003,0.9987,10.0668,10.0573,
137,2,230,377,330,449,0.9994,0.0005,0.0001,1.0004,10.0306,10.0034,
138,2,230,377,330,449,0.9998,0.0011,0.0002,0.9997,9.9622,10.0046,
139,2,230,377,330,449,1.0009,-0.0011,-0.0010,0.9999,9.9793,10.0584,
140,2,230,377,330,449,1.0000,0.0008,0.0010,1.0003,9.9895,9.9193,
141,2,230,377,330,449,0.9995,0.0003,-0.0001,0.9986,9.9899,10.0634,
142,2,230,377,330,449,0.9992,0.0016,0.0007,0.9999,9.9868,9.9537,
143,2,230,377,330,449,1.0002,-0.0003,-0.0004,1.0014,10.0338,9.9696,
144,2,230,377,330,449,0.9992,0.0006,0.0005,0.9990,10.0340,10.0077,
145,2,230,377,330,449,1.0000,0.0010,-0.0002,1.0007,9.9654,10.0042,
146,2,230,377,330,449,1.0009,-0.0013,-0.0002,1.0000,9.9696,9.9983,
147,2,230,377,330,449,0.9996,0.0030,0.0003,1.0000,9.9293,9.9874,
148,2,230,377,330,449,0.9989,-0.0010,-0.0011,1.0008,10.1078,10.0524,
149,2,230,377,330,449,1.0010,0.0003,0.0002,1.0001,9.9283,9.9721,
150,2,230,377,330,449,0.9991,0.0017,0.0021,0.9966,9.9903,10.0526,
151,2,230,380,332,449,0.9993,0.0014,0.0026,1.0001,9.9961,9.8284,
152,2,230,380,332,449,1.0018,-0.0019,-0.0010,1.0005,9.9795,9.9993,
153,2,230,380,332,449,0.9995,0.0012,-0.0001,0.9990,9.9609,10.0860,
154,2,230,380,332,449,0.9999,0.0008,-0.0011,1.0005,9.9766,10.0076,
155,2,230,380,332,449,1.0005,-0.0007,0.0004,1.0000,10.0257,9.9780,
156,2,230,380,332,449,0.9995,0.0009,0.0002,1.0002,9.9733,10.0030,
157,2,230,380,332,449,1.0000,0.0007,-0.0011,1.0010,9.9783,10.0086,
158,2,230,380,332,449,0.9997,-0.0001,0.0012,1.0002,10.0322,9.9177,
159,2,230,380,332,449,1.0004,-0.0018,-0.0010,0.9994,10.0456,10.0719,
160,2,230,380,332,449,0.9993,0.0013,-0.0002,1.0017,9.9797,9.9767,
161,2,230,380,332,449,1.0000,-0.0006,0.0002,0.9993,9.9989,9.9977,
162,2,230,380,332,449,0.9999,0.0017,0.0000,0.9995,9.9532,10.0209,
163,2,230,380,332,449,1.0004,-0.0020,0.0006,1.0006,10.0679,9.9325,
164,2,230,380,332,449,1.0003,0.0020,0.0008,0.9996,9.8892,9.9724,
165,2,230,380,332,449,0.9994,-0.0018,-0.0007,1.0004,10.0940,10.0172,
166,2,230,380,332,449,1.0002,0.0004,-0.0021,1.0040,9.9754,9.9513,
167,2,230,380,332,449,0.9998,-0.0002,-0.0008,1.0006,10.0171,10.0198,
168,2,230,380,332,449,0.9998,-0.0007,0.0025,0.9992,10.0365,9.8653,
169,2,230,380,332,449,0.9998,0.0001,-0.0003,0.9995,10.0009,10.0404,
170,2,230,380,332,449,0.9996,0.0004,-0.0002,1.0007,9.9994,9.9706,
171,2,230,380,332,449,1.0015,0.0008,0.0001,0.9996,9.9178,10.0339,
172,2,230,380,332,449,1.0005,-0.0007,0.0001,0.9998,9.9904,9.9855,
173,2,230,380,332,449,0.9989,0.0001,-0.0004,0.9989,10.0837,10.0576,
174,2,230,380,332,449,0.9997,-0.0005,0.0000,1.0026,10.0102,9.9029,
175,2,230,380,332,449,1.0006,-0.0006,0.0004,0.9982,9.9824,10.0430,
176,2,230,380,332,449,1.0002,0.0007,-0.0005,1.0007,9.9742,10.0078,
177,2,230,380,332,449,1.0004,-0.0005,0.0001,0.9998,10.0104,9.9860,
178,2,230,380,332,449,1.0004,-0.0000,-0.0009,1.0009,10.0024,10.0163,
179,2,230,380,332,449,0.9999,0.0018,-0.0002,0.9997,9.9081,10.0483,
180,2,230,380,332,449,0.9991,0.0014,0.0007,0.9997,10.0011,9.9550,
181,2,230,380,332,449,1.0000,-0.0011,-0.0001,0.9996,10.0310,10.0278,
182,2,230,380,332,449,1.0011,-0.0017,0.0001,1.0009,10.0063,9.9533,
183,2,230,380,332,449,1.0002,-0.0002,-0.0005,1.0004,9.9737,10.0172,
184,2,230,380,332,449,1.0003,0.0013,0.0030,0.9969,9.9640,9.9670,
185,2,230,380,332,449,0.9987,-0.0006,-0.0005,0.9998,10.0885,10.0192,
186,2,230,380,332,449,1.0016,-0.0008,-0.0003,0.9995,9.9615,10.0587,
187,2,230,380,332,449,0.9999,0.0000,-0.0004,1.0008,9.9948,10.0060,
188,2,230,380,332,449,1.0014,-0.0005,0.0001,1.0008,9.9469,9.9334,
189,2,230,380,332,449,0.9989,0.0008,0.0003,0.9981,10.0362,10.0662,
190,2,230,380,332,449,1.0000,-0.0005,0.0071,0.9885,10.0142,10.0590,
191,2,230,380,332,449,0.9993,-0.0009,-0.0007,0.9985,10.0744,10.1111,
192,2,230,380,332,449,0.9998,0.0005,-0.0001,1.0012,9.9666,9.9586,
193,2,230,380,332,449,1.0002,0.0001,-0.0001,0.9987,10.0008,10.0584,
194,2,230,380,332,449,0.9999,0.0007,-0.0005,1.0004,9.9911,10.0030,
195,2,230,380,332,449,1.0014,-0.0004,-0.0022,1.0041,9.9609,9.9493,
196,2,230,380,332,449,0.9993,-0.0008,-0.0038,1.0057,10.0586,9.9835,
197,2,230,380,332,449,1.0002,-0.0013,0.0005,1.0011,10.0488,9.9298,
198,2,230,380,332,449,0.9998,0.0007,-0.0003,0.9990,9.9659,10.0625,
199,2,230,380,332,449,1.0000,0.0010,-0.0008,0.9997,9.9678,10.0592,
200,2,230,380,332,449,0.9998,0.0014,0.0000,0.9987,9.9579,10.0472,
201,2,230,380,332,449,0.9997,-0.0019,0.0007,1.0002,10.0463,9.9624,
202,2,230,380,332,449,1.0001,-0.0005,-0.0006,0.9998,10.0201,10.0595,
203,2,230,380,332,449,0.9997,0.0014,0.0010,1.0002,9.9591,9.9190,
204,2,230,380,332,449,0.9998,-0.0012,-0.0014,0.9998,10.0443,10.0797,
205,2,230,380,332,449,0.9990,-0.0011,0.0003,0.9990,10.1046,10.0298,
206,2,230,380,332,449,0.9991,0.0021,0.0004,1.0005,9.9707,9.9598,
207,2,230,380,332,449,1.0001,-0.0014,-0.0012,0.9993,10.0344,10.0779,
208,2,230,380,332,449,0.9992,-0.0002,0.0009,0.9995,10.0712,9.9784,
209,2,230,380,332,449,1.0011,-0.0010,0.0002,0.9997,9.9652,9.9857,
210,2,230,380,332,449,1.0002,0.0004,0.0025,0.9963,9.9622,10.0140,
211,2,230,380,332,449,0.9995,0.0003,-0.0025,1.0034,10.0153,9.9868,
212,2,230,380,332,449,1.0002,0.0004,0.0004,0.9995,10.0005,9.9934,
213,2,230,380,332,449,1.0002,-0.0010,-0.0007,1.0005,10.0252,10.0163,
214,2,230,380,332,449,0.9997,0.0014,0.0005,1.0006,9.9804,9.9777,
215,2,230,380,332,449,1.0004,-0.0012,-0.0003,0.9994,10.0192,10.0299,
216,2,230,380,332,449,1.0000,0.0001,-0.0001,1.0009,10.0214,9.9713,
217,2,230,380,332,449,0.9993,-0.0008,0.0003,0.9994,10.0701,10.0023,
218,2,230,380,332,449,1.0008,0.0003,-0.0008,0.9999,9.9229,10.0454,
219,2,230,380,332,449,1.0009,-0.0001,0.0002,0.9993,9.9500,10.0291,
220,2,230,380,332,449,0.9991,0.0005,0.0001,1.0001,10.0526,9.9741,
221,2,230,380,332,449,1.0000,0.0002,-0.0010,1.0022,9.9619,9.9835,
222,2,230,380,332,449,1.0014,0.0015,0.0010,0.9976,9.8745,10.0283,
223,2,230,380,332,449,0.9991,-0.0012,-0.0010,1.0010,10.1094,10.0263,
224,2,230,380,332,449,1.0003,-0.0012,-0.0003,1.0009,10.0658,9.9826,
225,2,230,380,332,449,0.9998,0.0002,0.0006,0.9991,9.9682,10.0188,
226,2,230,380,332,449,1.0010,-0.0007,-0.0005,0.9999,9.9787,10.0126,
227,2,230,380,332,449,0.9989,0.0022,0.0009,0.9998,9.9686,9.9700,
228,2,230,380,332,449,1.0003,-0.0009,-0.0008,0.9987,9.9973,10.0891,
229,2,230,380,332,449,1.0009,-0.0002,0.0017,1.0011,10.0025,9.8676,
230,2,230,380,332,449,0.9995,0.0007,-0.0004,0.9998,9.9771,10.0143,
231,2,230,380,332,449,0.9989,-0.0011,-0.0006,1.0003,10.1118,10.0432,
232,2,230,380,332,449,1.0004,-0.0000,0.0014,1.0001,9.9621,9.8984,
233,2,230,380,332,449,1.0002,0.0005,-0.0009,1.0002,9.9886,10.0576,
234,2,230,380,332,449,0.9987,0.0007,0.0001,0.9997,10.0346,9.9819,
235,2,230,380,332,449,1.0013,-0.0023,0.0002,1.0011,10.0269,9.9350,
236,2,230,380,332,449,0.9991,0.0021,-0.0006,0.9988,9.9413,10.1016,
237,2,230,380,332,449,1.0000,0.0005,-0.0001,0.9999,9.9779,10.0071,
238,2,230,380,332,449,0.9998,-0.0029,0.0010,0.9999,10.0953,9.9483,
239,2,230,380,332,449,1.0000,0.0002,-0.0003,0.9991,9.9994,10.0406,
240,2,230,380,332,449,0.9998,0.0019,0.0001,0.9999,9.9334,10.0063,
241,2,230,380,332,449,1.0005,0.0004,0.0001,1.0006,9.9520,9.9852,
242,2,230,380,332,449,0.9994,-0.0005,-0.0007,0.9992,10.0370,10.0716,
243,2,230,380,332,449,1.0005,-0.0010,-0.0004,1.0007,10.0313,9.9824,
244,2,230,380,332,449,0.9996,0.0010,0.0007,0.9991,9.9917,9.9937,
245,2,230,380,332,449,1.0007,-0.0014,0.0002,1.0002,10.0114,9.9843,
246,2,230,380,332,449,0.9997,-0.0008,-0.0005,0.9992,10.0501,10.0698,
247,2,230,380,332,449,0.9996,0.0008,-0.0001,1.0004,9.9712,9.9768,
248,2,230,380,332,449,1.0001,0.0006,0.0001,1.0002,9.9742,9.9797,
249,2,230,380,332,449,1.0004,-0.0005,0.0001,1.0002,10.0023,9.9941,
250,2,230,380,332,449,0.9999,-0.0003,-0.0001,1.0003,10.0197,9.9922,
251,2,232,379,330,450,1.0003,0.0004,-0.0006,1.0001,9.9652,10.0521,
252,2,232,379,330,450,0.9993,0.0005,0.0005,0.9997,9.9917,9.9921,
253,2,232,379,330,450,1.0010,-0.0023,0.0004,0.9999,10.0644,9.9640,
254,2,232,379,330,450,0.9992,0.0010,0.0006,1.0001,9.9919,9.9669,
255,2,232,379,330,450,1.0020,0.0006,-0.0009,0.9996,9.8616,10.0661,
256,2,232,379,330,450,0.9992,-0.0003,0.0003,0.9996,10.0794,10.0015,
257,2,232,379,330,450,1.0001,-0.0012,0.0001,0.9998,10.0041,9.9867,
258,2,232,379,330,450,0.9997,0.0019,0.0004,1.0010,9.9499,9.9541,
259,2,232,379,330,450,0.9987,-0.0003,0.0001,0.9985,10.0981,10.0436,
260,2,232,379,330,450,1.0006,0.0001,-0.0002,1.0000,9.9360,10.0130,
261,2,232,379,330,450,0.9999,0.0003,-0.0000,0.9992,9.9527,10.0103,
262,2,232,379,330,450,0.9997,0.0013,-0.0002,1.0007,9.9984,10.0141,
263,2,232,379,330,450,0.9997,-0.0019,0.0002,0.9995,10.0822,9.9913,
264,2,232,379,330,450,0.9996,-0.0004,-0.0003,0.9993,10.0441,10.0391,
265,2,232,379,330,450,1.0004,0.0000,0.0006,1.0009,9.9342,9.9212,
266,2,232,379,330,450,1.0000,0.0001,-0.0000,0.9995,10.0167,10.0193,
267,2,232,379,330,450,1.0000,-0.0002,0.0076,0.9880,10.0106,10.0585,
268,2,232,379,330,450,1.0008,-0.0005,-0.0000,0.9992,9.9419,10.0290,
269,2,232,379,330,450,0.9989,0.0013,0.0009,1.0008,10.0349,9.9250,
270,2,232,379,330,450,0.9997,0.0014,-0.0004,1.0007,9.9520,10.0122,
271,2,232,379,330,450,1.0004,-0.0004,-0.0003,0.9993,9.9790,10.0298,
272,2,232,379,330,450,0.9995,-0.0013,0.0002,0.9998,10.1045,9.9684,
273,2,232,379,330,450,1.0009,0.0006,0.0005,0.9993,9.8935,9.9947,
274,2,232,379,330,450,0.9993,-0.0003,0.0052,0.9913,10.0351,10.0530,
275,2,232,379,330,450,1.0007,-0.0005,0.0034,0.9958,9.9924,9.9909,
276,2,232,379,330,450,0.9990,0.0004,-0.0013,1.0008,10.0250,10.0286,
277,2,232,379,330,450,1.0001,0.0008,-0.0008,1.0007,9.9771,10.0226,
278,2,232,379,330,450,0.9997,-0.0002,0.0000,0.9996,10.0409,10.0252,
279,2,232,379,330,450,0.9992,0.0003,0.0000,1.0005,10.0189,9.9903,
280,2,232,379,330,450,1.0011,-0.0013,-0.0000,0.9998,9.9991,10.0019,
281,2,232,379,330,450,0.9991,0.0006,-0.0007,0.9991,10.0141,10.0692,
282,2,232,379,330,450,0.9998,0.0000,0.0021,0.9993,10.0327,9.9319,
283,2,232,379,330,450,1.0006,0.0001,-0.0019,1.0013,9.9847,10.0271,
284,2,232,379,330,450,0.9985,0.0025,0.0007,1.0003,9.9559,9.9572,
285,2,232,379,330,450,1.0003,0.0002,0.0008,0.9994,9.9905,9.9650,
286,2,232,379,330,450,1.0003,0.0002,-0.0004,0.9991,9.9558,10.0518,
287,2,232,379,330,450,0.9996,0.0003,0.0006,1.0007,10.0248,9.9412,
288,2,232,379,330,450,1.0007,0.0003,0.0001,0.9996,9.9983,9.9889,
289,2,232,379,330,450,0.9997,-0.0007,-0.0009,0.9989,10.0648,10.0992,
290,2,232,379,330,450,0.9984,0.0009,0.0019,0.9992,10.0160,9.9358,
291,2,232,379,330,450,1.0012,-0.0002,-0.0011,1.0004,9.9748,10.0266,
292,2,232,379,330,450,0.9987,0.0023,0.0013,0.9987,9.9206,9.9969,
293,2,232,379,330,450,1.0022,-0.0031,0.0014,0.9973,10.0339,10.0404,
294,2,232,379,330,450,0.9997,0.0020,0.0031,0.9941,9.9263,10.0528,
295,2,232,379,330,450,1.0015,-0.0022,0.0029,0.9960,10.0162,9.9927,
296,2,232,379,330,450,0.9992,0.0027,0.0010,0.9986,9.9478,9.9959,
297,2,232,379,330,450,0.9993,-0.0003,-0.0040,1.0056,10.0428,10.0022,
298,2,232,379,330,450,1.0002,-0.0001,0.0014,0.9993,9.9765,9.9569,
299,2,232,379,330,450,0.9973,0.0022,0.0019,0.9975,10.0529,9.9883,
300,2,232,379,330,450,1.0020,-0.0021,-0.0002,1.0005,9.9854,9.9437,
301,2,232,379,330,450,0.9996,0.0004,-0.0008,1.0008,10.0238,10.0319,
302,2,232,379,330,450,1.0002,0.0001,0.0003,1.0002,9.9988,9.9828,
303,2,232,379,330,450,1.0000,0.0001,0.0007,0.9997,9.9746,9.9834,
304,2,232,379,330,450,1.0003,-0.0008,0.0000,1.0002,10.0392,9.9610,
305,2,232,379,330,450,0.9999,-0.0004,-0.0006,1.0001,10.0245,10.0066,
306,2,232,379,330,450,0.9986,0.0028,0.0018,0.9980,9.9500,9.9836,
307,2,232,379,330,450,0.9998,-0.0015,0.0009,0.9996,10.0573,9.9566,
308,2,232,379,330,450,1.0001,0.0000,0.0001,0.9995,10.0106,10.0174,
309,2,232,379,330,450,1.0015,-0.0011,-0.0009,0.9993,9.9930,10.0527,
310,2,232,379,330,450,1.0000,0.0001,0.0006,1.0010,10.0021,9.9122,
311,2,232,379,330,450,0.9993,0.0007,0.0009,0.9990,9.9915,9.9918,
312,2,232,379,330,450,1.0001,-0.0001,-0.0007,0.9992,9.9788,10.0505,
313,2,232,379,330,450,0.9988,0.0004,0.0008,0.9996,10.0220,9.9925,
314,2,232,379,330,450,1.0000,-0.0005,0.0016,0.9989,10.0465,9.9436,
315,2,232,379,330,450,0.9993,0.0014,-0.0001,1.0003,9.9941,10.0064,
316,2,232,379,330,450,1.0022,-0.0025,-0.0020,1.0006,9.9840,10.0578,
317,2,232,379,330,450,0.9986,0.0016,0.0012,1.0002,10.0157,9.9180,
318,2,232,379,330,450,0.9996,-0.0003,0.0003,0.9992,10.0291,10.0000,
319,2,232,379,330,450,1.0001,-0.0000,-0.0003,0.9998,9.9851,10.0243,
320,2,232,379,330,450,0.9997,0.0002,0.0001,0.9996,10.0137,10.0341,
321,2,232,379,330,450,1.0005,-0.0014,-0.0007,1.0008,10.0252,9.9855,
322,2,232,379,330,450,1.0004,0.0004,0.0010,1.0001,9.9629,9.9582,
323,2,232,379,330,450,0.9984,-0.0011,-0.0005,1.0003,10.1265,9.9967,
324,2,232,379,330,450,1.0004,0.0021,-0.0001,0.9985,9.8890,10.0675,
325,2,232,379,330,450,0.9996,0.0019,-0.0001,1.0012,9.9396,9.9635,
326,2,232,379,330,450,1.0019,-0.0029,-0.0016,1.0014,10.0322,10.0188,
327,2,232,379,330,450,0.9981,0.0032,0.0018,0.9982,9.9358,9.9969,
328,2,232,379,330,450,0.9990,0.0013,0.0001,1.0000,10.0296,10.0036,
329,2,232,379,330,450,1.0018,-0.0021,0.0005,0.9996,10.0046,9.9652,
330,2,232,379,330,450,1.0001,0.0001,-0.0007,1.0014,9.9742,9.9897,
331,2,232,379,330,450,0.9995,0.0006,0.0002,0.9999,10.0014,9.9767,
332,2,232,379,330,450,0.9996,0.0010,0.0000,1.0002,9.9920,10.0177,
333,2,232,379,330,450,0.9999,-0.0018,0.0004,0.9987,10.0733,9.9931,
334,2,232,379,330,450,1.0014,-0.0004,-0.0004,1.0001,9.9612,10.0267,
335,2,232,379,330,450,0.9977,0.0022,0.0002,1.0003,10.0312,9.9758,
336,2,232,379,330,450,1.0006,0.0005,0.0003,1.0004,9.9728,9.9920,
337,2,232,379,330,450,1.0003,-0.0009,-0.0006,1.0006,9.9861,10.0174,
338,2,232,379,330,450,0.9994,-0.0000,0.0005,0.9991,10.0732,9.9855,
339,2,232,379,330,450,1.0001,0.0002,0.0006,0.9990,9.9673,9.9859,
340,2,232,379,330,450,1.0006,-0.0011,-0.0003,1.0010,10.0305,9.9872,
341,2,232,379,330,450,0.9991,0.0015,0.0001,0.9996,9.9913,9.9967,
342,2,232,379,330,450,0.9995,-0.0004,0.0004,1.0007,10.0144,9.9583,
343,2,232,379,330,450,0.9996,0.0023,0.0002,0.9996,9.9633,10.0066,
344,2,232,379,330,450,1.0000,-0.0015,-0.0002,1.0005,10.0571,9.9837,
345,2,232,379,330,450,1.0014,-0.0006,0.0000,0.9989,9.9649,10.0059,
346,2,232,379,330,450,0.9983,0.0005,0.0011,0.9986,10.0600,10.0072,
347,2,232,379,330,450,1.0018,-0.0030,-0.0044,1.0089,10.0277,9.8972,
348,2,232,379,330,450,1.0006,-0.0021,-0.0016,1.0026,10.0640,10.0045,
349,2,232,379,330,450,1.0005,0.0000,-0.0015,1.0029,9.9678,9.9620,
350,2,232,379,330,450,1.0002,0.0009,0.0016,0.9988,9.9352,9.9529,
351,2,228,380,332,451,1.0008,-0.0018,-0.0031,1.0027,10.0402,10.0652,
352,2,228,380,332,451,0.9984,0.0022,0.0014,0.9991,10.0104,9.9668,
353,2,228,380,332,451,0.9998,-0.0003,-0.0012,1.0005,10.0252,10.0518,
354,2,228,380,332,451,1.0000,-0.0013,0.0001,0.9999,10.0521,10.0039,
355,2,228,380,332,451,1.0014,-0.0005,-0.0005,1.0009,9.9479,9.9787,
356,2,228,380,332,451,0.9988,0.0014,0.0010,0.9983,10.0028,9.9926,
357,2,228,380,332,451,1.0010,-0.0017,-0.0008,1.0008,10.0128,10.0110,
358,2,228,380,332,451,1.0009,-0.0005,-0.0003,1.0007,9.9736,9.9966,
359,2,228,380,332,451,0.9994,0.0007,0.0012,0.9992,10.0023,9.9583,
360,2,228,380,332,451,1.0022,-0.0017,-0.0006,1.0007,9.9574,9.9853,
361,2,228,380,332,451,0.9999,-0.0004,-0.0007,1.0014,9.9953,9.9906,
362,2,228,380,332,451,0.9991,0.0019,0.0015,0.9981,9.9790,9.9928,
363,2,228,380,332,451,1.0006,-0.0014,-0.0009,1.0005,10.0303,10.0264,
364,2,228,380,332,451,0.9990,0.0006,-0.0021,1.0032,10.0353,9.9909,
365,2,228,380,332,451,0.9999,0.0002,-0.0003,0.9997,9.9564,10.0264,
366,2,228,380,332,451,0.9992,0.0015,-0.0001,1.0005,10.0061,9.9809,
367,2,228,380,332,451,1.0017,-0.0011,-0.0002,1.0002,9.9602,10.0105,
368,2,228,380,332,451,0.9991,0.0004,0.0008,0.9992,9.9994,9.9793,
369,2,228,380,332,451,1.0007,-0.0000,-0.0006,1.0005,9.9715,10.0272,
370,2,228,380,332,451,1.0005,-0.0011,-0.0006,1.0010,10.0359,9.9587,
371,2,228,380,332,451,1.0003,-0.0010,0.0008,0.9986,10.0197,10.0228,
372,2,228,380,332,451,0.9994,0.0025,-0.0001,1.0004,9.9241,9.9990,
373,2,228,380,332,451,1.0007,-0.0013,-0.0008,0.9998,10.0137,10.0450,
374,2,228,380,332,451,1.0003,-0.0003,-0.0020,1.0041,10.0088,9.9553,
375,2,228,380,332,451,0.9998,-0.0006,0.0001,1.0004,10.0461,9.9687,
376,2,228,380,332,451,0.9998,0.0008,0.0019,0.9964,9.9400,10.0617,
377,2,228,380,332,451,1.0000,0.0019,-0.0022,1.0022,9.9223,10.0303,
378,2,228,380,332,451,0.9999,-0.0009,0.0026,0.9969,10.0510,9.9626,
379,2,228,380,332,451,0.9993,0.0002,-0.0004,0.9991,10.0176,10.0746,
380,2,228,380,332,451,0.9999,-0.0000,-0.0000,0.9995,10.0110,10.0333,
381,2,228,380,332,451,1.0004,0.0003,-0.0004,1.0023,9.9576,9.9410,
382,2,228,380,332,451,1.0000,-0.0018,0.0001,0.9986,10.0617,10.0491,
383,2,228,380,332,451,1.0000,0.0008,-0.0007,1.0017,9.9639,9.9952,
384,2,228,380,332,451,0.9992,0.0007,0.0005,0.9995,10.0064,9.9971,
385,2,228,380,332,451,1.0015,0.0009,-0.0015,1.0007,9.8992,10.0223,
386,2,228,380,332,451,0.9997,-0.0000,-0.0010,0.9995,10.0110,10.0577,
387,2,228,380,332,451,1.0002,-0.0014,0.0004,0.9994,10.0332,10.0080,
388,2,228,380,332,451,0.9999,0.0019,-0.0004,0.9990,9.9326,10.0512,
389,2,228,380,332,451,0.9999,-0.0016,0.0002,1.0005,10.0707,9.9809,
390,2,228,380,332,451,1.0004,-0.0004,0.0002,1.0011,10.0154,9.9654,
391,2,228,380,332,451,1.0001,0.0004,0.0008,1.0007,9.9814,9.9236,
392,2,228,380,332,451,0.9983,0.0019,0.0008,1.0009,10.0166,9.9328,
393,2,228,380,332,451,1.0016,-0.0019,-0.0011,0.9991,9.9836,10.0669,
394,2,228,380,332,451,0.9986,-0.0003,0.0004,1.0002,10.0649,9.9531,
395,2,228,380,332,451,1.0005,0.0012,-0.0021,1.0034,9.9517,9.9756,
396,2,228,380,332,451,1.0012,-0.0005,0.0011,1.0002,9.9573,9.9422,
397,2,228,380,332,451,0.9996,0.0041,-0.0007,0.9988,9.8698,10.0800,
398,2,228,380,332,451,0.9999,0.0010,-0.0007,1.0003,9.9976,10.0045,
399,2,228,380,332,451,0.9994,-0.0021,0.0026,0.9986,10.1628,9.8580,
400,2,228,380,332,451,0.9996,0.0006,0.0012,1.0001,9.8864,9.8331,
401,2,222,379,332,451,0.9984,-0.0083,0.0068,1.0010,9.8333,9.2219,
402,2,222,379,332,451,0.9944,-0.0084,0.0079,0.9941,9.6215,9.4991,
403,2,221,379,332,453,1.0063,-0.0017,0.0090,1.0253,8.5059,8.8161,
404,2,221,379,332,453,1.0032,-0.0219,0.0060,1.0051,8.9716,9.5669,
405,2,221,379,332,453,0.9943,-0.0161,0.0089,1.0058,9.3564,9.2043,
406,2,221,379,332,453,1.0025,-0.0034,-0.0008,1.0176,9.2879,9.1010,
407,2,221,379,332,453,0.9959,-0.0105,0.0194,1.0119,9.2550,8.4355,
408,2,221,379,332,453,0.9947,-0.0114,0.0307,0.9907,9.1112,8.2496,
409,2,219,379,331,453,1.0033,-0.0218,0.0269,0.9924,8.7368,8.2350,
410,2,218,379,329,452,0.9973,-0.0164,0.0273,0.9915,8.7682,8.0693,
411,2,216,378,328,452,1.0017,-0.0145,0.0011,1.0108,8.4657,8.8359,
412,2,214,378,327,451,1.0043,-0.0026,-0.0043,0.9916,7.7881,9.2939,
413,2,212,377,326,449,1.0024,-0.0053,-0.0087,0.9907,8.0538,8.8874,
414,2,210,376,325,446,1.0018,-0.0086,0.0014,0.9752,8.2241,8.1957,
415,2,208,374,324,442,1.0035,-0.0107,-0.0040,0.9726,8.0901,8.0274,
416,2,206,372,323,438,1.0023,-0.0064,-0.0076,0.9757,8.0654,7.8573,
417,2,204,370,322,435,1.0029,-0.0127,-0.0003,0.9847,8.3062,7.2028,
418,2,202,368,321,431,1.0047,-0.0105,0.0160,0.9615,7.9850,6.9757,
419,2,200,366,320,427,1.0031,-0.0206,0.0156,0.9694,8.4351,6.2320,
420,2,199,363,319,423,1.0039,-0.0171,0.0087,0.9774,8.5711,6.2444,
421,2,198,360,318,418,1.0053,-0.0093,0.0024,0.9761,8.5469,6.2388,
422,2,197,357,318,413,1.0070,-0.0177,-0.0054,0.9701,9.2279,6.4186,
423,2,198,354,318,407,0.9983,0.0139,0.0200,0.9555,9.6270,5.2870,
424,2,200,351,318,401,0.9800,0.0238,0.0378,0.9529,11.2240,4.0863,
425,2,203,343,322,390,1.0090,0.0215,-0.0048,0.9406,12.1134,1.3809,
426,2,206,340,325,384,0.9945,0.0377,0.0126,0.9457,11.9201,5.2546,
427,2,209,335,331,378,1.0309,0.0850,-0.0417,0.9624,10.3259,7.4212,
428,2,214,331,334,373,0.9824,0.0629,-0.0086,0.9770,13.4255,5.7396,
429,2,219,327,339,368,1.0026,0.0391,-0.0170,0.9721,13.4359,6.3507,
430,2,224,322,345,363,1.0042,0.0193,-0.0053,0.9908,14.4668,5.0539,
431,2,201,316,325,359,1.7240,-0.2682,0.5308,0.7051,-31.5826,-27.3636,
432,2,207,313,332,354,1.0083,-0.0712,-0.0131,0.9618,17.1517,6.9906,
433,2,213,309,339,350,1.0065,-0.0266,-0.0122,0.9900,16.4641,6.4123,
434,2,220,306,346,345,1.0018,0.0537,-0.0171,0.9561,14.9071,7.7306,
435,2,227,301,354,342,1.0008,-0.0387,-0.0218,1.0342,17.6715,6.0559,
436,2,224,296,363,338,1.2536,4.7941,-0.0318,0.7767,-123.2680,13.6672,
437,2,233,311,372,322,1.0000,-0.1134,-0.0579,0.2699,20.6462,28.4836,
438,2,246,294,372,326,0.0000,0.0000,0.0000,0.0000,0.0000,0.0000,
439,2,256,292,380,322,0.9850,-0.0621,-0.0164,0.9553,20.3246,8.4134,
440,2,265,286,388,323,0.9974,-0.0760,0.0044,1.2121,19.4939,3.5795,
441,2,265,290,393,315,0.9533,-3.9433,0.0253,0.5583,79.9645,9.1917,
442,2,269,287,402,319,0.0000,0.0000,0.0000,0.0000,0.0000,0.0000,
443,2,278,287,409,320,0.9870,-0.0995,-0.0079,1.0366,19.8054,9.7905,
444,2,283,283,413,323,0.0000,0.0000,0.0000,0.0000,0.0000,0.0000,
445,2,294,277,428,315,0.0000,0.0000,0.0000,0.0000,0.0000,0.0000,
446,2,300,278,431,327,0.7629,-1.6614,0.0561,1.3747,49.3706,2.4637,
447,2,300,274,435,326,-0.1576,-4.5295,0.2570,2.0307,235.6674,-38.1698,
448,2,304,274,440,331,1.0065,0.0210,-0.0096,1.0963,13.1765,10.1421,
449,2,310,276,445,331,0.9897,-0.0798,0.0100,0.9754,17.8519,10.3169,
450,2,315,279,447,332,0.9773,0.0051,0.0008,0.9783,14.6864,12.0530,
451,2,320,276,452,327,0.9885,-0.0128,-0.0038,0.9874,14.8167,12.0393,
452,2,324,278,456,330,0.9960,0.0076,-0.0017,1.0100,13.5127,11.8182,
453,2,328,280,460,333,1.0009,0.0524,-0.0001,1.0355,11.6260,11.1179,
454,2,331,282,463,337,1.0067,0.0259,0.0048,1.0293,11.3657,11.2628,
455,2,333,284,466,341,1.0063,0.0109,0.0127,1.0331,11.4963,11.0747,
456,2,335,286,467,345,0.9916,-0.0154,0.0022,1.0243,12.3184,11.5641,
457,2,337,288,469,349,0.9983,0.0091,0.0161,1.0378,11.1970,10.6461,
458,2,340,294,471,359,0.9921,-0.0204,0.0296,1.0670,12.7765,13.7748,
459,2,341,296,471,363,0.9909,0.0120,0.0019,1.0305,10.4410,11.3682,
460,2,342,298,471,366,0.9969,0.0100,0.0019,1.0133,9.9850,11.7370,
461,2,343,301,472,368,1.0025,0.0133,0.0116,0.9964,9.5628,11.4950,
462,2,343,304,473,371,1.0030,0.0157,0.0112,1.0031,9.3523,11.5512,
463,2,343,307,473,374,0.9977,-0.0030,0.0197,1.0047,9.9983,11.1931,
464,2,344,311,473,376,0.9916,-0.0068,0.0243,0.9777,10.3475,11.4937,
465,2,345,314,473,377,0.9948,0.0127,0.0098,0.9697,9.7284,12.2630,
466,2,345,317,473,379,0.9985,0.0152,0.0036,0.9949,9.3890,11.9899,
467,2,345,319,473,382,1.0006,0.0064,0.0083,1.0169,9.4862,11.3792,
468,2,345,321,473,385,1.0006,-0.0147,0.0014,1.0156,9.9545,11.6381,
469,2,345,323,474,387,1.0034,0.0113,-0.0024,1.0077,9.3805,11.6530,
470,2,345,324,474,390,1.0018,0.0044,-0.0033,1.0235,9.5266,10.7706,
471,2,346,326,474,391,0.9951,0.0040,-0.0004,0.9913,10.0837,11.3483,
472,2,349,328,473,392,0.9659,0.0752,0.0065,0.9898,10.3394,10.6013,
473,2,350,330,473,393,0.9884,0.0327,0.0149,0.9899,9.5803,10.1136,
474,2,351,331,472,395,0.9897,0.0127,-0.0052,1.0141,9.7747,10.5294,
475,2,351,331,472,395,1.0002,-0.0022,0.0016,0.9925,9.8178,10.8338,
476,2,348,332,469,397,1.0017,-0.1479,0.0050,1.0081,11.4945,10.4271,
477,2,348,332,469,397,0.9987,-0.0046,-0.0021,0.9894,10.0105,11.1009,
478,2,348,332,469,397,1.0003,-0.0008,0.0005,0.9970,9.6268,10.4394,
479,2,348,332,469,397,0.9922,0.0053,-0.0146,0.9982,9.8756,10.9143,
480,2,348,332,469,397,0.9952,0.0013,0.0028,0.9891,10.0187,10.5529,
481,2,348,332,469,397,1.0014,-0.0017,0.0025,0.9998,9.8529,10.1840,
482,2,348,332,469,397,0.9963,-0.0060,-0.0006,0.9948,10.2648,10.5475,
483,2,348,332,469,397,0.9974,0.0028,-0.0015,0.9883,9.9993,10.8843,
484,2,348,332,469,397,1.0115,-0.0112,0.0051,0.9878,9.4013,10.4575,
485,2,348,332,469,397,1.0026,-0.0051,-0.0019,0.9971,9.7499,10.9727,
486,2,348,332,469,397,1.0009,0.0044,-0.0059,1.0076,9.7341,10.0265,
487,2,348,332,469,397,1.0000,-0.0013,-0.0021,0.9991,9.9907,10.3185,
488,2,348,332,469,397,0.9993,0.0025,0.0017,0.9902,9.9881,10.3128,
489,2,348,332,469,397,0.9979,0.0034,0.0021,0.9882,9.9673,10.2297,
490,2,348,332,469,397,1.0006,-0.0009,-0.0009,0.9956,9.5752,10.0825,
491,2,348,332,469,397,1.0003,-0.0066,0.0110,0.9940,10.0058,9.9531,
492,2,348,332,469,397,0.9982,0.0020,0.0020,0.9872,9.9545,10.2488,
493,2,348,332,469,397,0.9999,-0.0009,-0.0041,1.0004,10.0502,10.3651,
494,2,348,332,469,397,0.9988,0.0011,-0.0012,1.0005,10.0114,10.0716,
495,2,348,332,469,397,1.0006,-0.0014,0.0004,1.0000,10.0264,9.9578,
496,2,348,332,469,397,1.0001,0.0022,-0.0019,1.0000,9.9370,10.1013,
497,2,348,332,469,397,1.0008,-0.0011,0.0010,0.9996,9.9938,9.9570,
498,2,348,332,469,397,1.0005,0.0027,-0.0027,1.0002,9.9254,10.1071,
499,2,348,332,469,397,1.0003,-0.0021,0.0003,1.0002,10.0370,9.9988,
500,2,348,332,469,397,0.9999,0.0021,-0.0000,0.9980,9.9519,10.0534,
501,2,325,321,461,386,1.0044,-0.0010,0.0000,1.0002,9.7109,10.0358,
502,2,325,321,461,386,1.0000,-0.0003,0.0004,0.9996,9.9970,9.9821,
503,2,325,321,461,386,1.0004,-0.0007,0.0017,1.0019,9.9966,9.8279,
504,2,325,321,461,386,1.0004,-0.0005,0.0019,0.9962,9.9766,9.9642,
505,2,325,321,461,386,1.0000,0.0004,-0.0004,0.9991,10.0013,10.1114,
506,2,325,321,461,386,0.9996,0.0008,-0.0055,1.0057,9.9927,10.2345,
507,2,325,321,461,386,1.0007,0.0025,-0.0008,1.0021,9.9238,10.0132,
508,2,325,321,461,386,0.9992,0.0007,-0.0011,1.0013,10.0347,10.0442,
509,2,325,321,461,386,1.0009,0.0017,0.0033,0.9967,9.9181,9.8952,
510,2,325,321,461,386,0.9979,0.0025,-0.0049,1.0062,10.0425,10.1369,
511,2,325,321,461,386,1.0000,-0.0015,-0.0021,1.0024,10.0430,10.0714,
512,2,325,321,461,386,1.0027,-0.0010,0.0061,0.9918,9.8853,9.8596,
513,2,325,321,461,386,1.0003,-0.0003,-0.0010,0.9996,9.9724,10.0952,
514,2,325,321,461,386,1.0000,0.0003,0.0008,0.9999,10.0038,9.9337,
515,2,325,321,461,386,0.9989,0.0016,0.0004,1.0001,10.0350,9.9744,
516,2,325,321,461,386,1.0002,0.0018,0.0028,0.9950,10.0057,9.9991,
517,2,325,321,461,386,0.9977,0.0044,-0.0061,1.0080,10.0095,10.1448,
518,2,325,321,461,386,0.9980,0.0044,-0.0108,1.0151,10.0466,10.5133,
519,2,325,321,461,386,0.9947,0.0039,-0.0080,1.0058,10.2520,10.3677,
520,2,325,321,461,386,0.9997,0.0031,-0.0020,1.0030,9.8883,10.0385,
521,2,325,321,461,386,0.9995,0.0005,-0.0008,0.9962,10.0572,10.1597,
522,2,325,321,461,386,1.0016,0.0000,-0.0025,0.9985,9.8703,10.2034,
523,2,325,321,461,386,0.9981,0.0006,-0.0096,1.0045,10.1171,10.6466,
524,2,325,321,461,386,0.9965,0.0018,-0.0043,1.0010,10.2021,10.2633,
525,2,325,321,461,386,1.0005,0.0029,0.0002,0.9998,9.8310,9.9965,
526,2,325,321,461,386,0.9983,0.0035,-0.0043,1.0060,9.9818,10.0628,
527,2,325,321,461,386,0.9975,0.0058,-0.0048,1.0040,10.0395,10.1964,
528,2,325,321,461,386,0.9955,0.0057,-0.0106,1.0097,10.1068,10.4080,
529,2,325,321,461,386,0.9993,0.0027,-0.0009,1.0039,9.9438,9.9758,
530,2,325,321,461,386,0.9901,0.0139,-0.0150,1.0171,10.2413,10.4557,
531,2,325,321,461,386,0.9991,0.0015,-0.0004,1.0003,10.0303,10.0120,
532,2,325,321,461,386,0.9993,0.0038,-0.0003,0.9974,9.9952,10.0561,
533,2,325,321,461,386,0.9970,0.0023,-0.0070,1.0002,10.1210,10.4205,
534,2,325,321,461,386,0.9987,0.0019,-0.0003,0.9987,10.0122,10.0581,
535,2,325,321,461,386,1.0009,-0.0018,-0.0015,1.0018,10.0356,10.0610,
536,2,325,321,461,386,1.0010,0.0029,0.0011,0.9950,9.8615,10.0952,
537,2,325,321,461,386,1.0006,-0.0007,-0.0015,1.0005,9.9733,10.0694,
538,2,325,321,461,386,1.0000,-0.0015,-0.0004,1.0012,10.0773,9.9793,
539,2,325,321,461,386,0.9991,0.0015,-0.0008,0.9991,10.0302,10.0819,
540,2,325,321,461,386,0.9993,0.0002,-0.0002,0.9999,10.0202,10.0175,
541,2,325,321,461,386,0.9988,-0.0006,0.0001,0.9976,10.1180,10.0839,
542,2,325,321,461,386,1.0004,0.0010,0.0026,0.9976,9.9325,9.8411,
543,2,325,321,461,386,0.9985,0.0032,-0.0015,1.0015,10.0409,10.0970,
544,2,325,321,461,386,1.0020,-0.0026,0.0011,0.9988,9.9108,9.9500,
545,2,325,321,461,386,0.9984,-0.0023,0.0005,0.9998,10.1775,9.9626,
546,2,325,321,461,386,0.9957,0.0056,-0.0047,1.0030,10.0727,10.1838,
547,2,325,321,461,386,1.0003,-0.0003,-0.0014,1.0007,10.0143,10.0787,
548,2,325,321,461,386,1.0015,-0.0009,0.0009,1.0005,9.8903,9.8968,
549,2,325,321,461,386,0.9995,-0.0014,0.0032,1.0026,10.0808,9.6777,
