1,3,395,368,502,417,0.0000,0.0000,0.0000,0.0000,0.0000,0.0000,
2,3,395,368,502,417,0.0000,0.0000,0.0000,0.0000,0.0000,0.0000,
3,3,395,368,502,417,0.0000,0.0000,0.0000,0.0000,0.0000,0.0000,
4,3,395,368,502,417,0.0000,0.0000,0.0000,0.0000,0.0000,0.0000,
5,3,395,368,502,417,0.0000,0.0000,0.0000,0.0000,0.0000,0.0000,
6,3,395,368,502,417,0.0000,0.0000,0.0000,0.0000,0.0000,0.0000,
7,3,395,368,502,417,0.0000,0.0000,0.0000,0.0000,0.0000,0.0000,
8,3,395,368,502,417,0.0000,0.0000,0.0000,0.0000,0.0000,0.0000,
9,3,395,368,502,417,0.0000,0.0000,0.0000,0.0000,0.0000,0.0000,
10,3,395,368,502,417,0.0000,0.0000,0.0000,0.0000,0.0000,0.0000,
11,3,395,368,502,417,0.0000,0.0000,0.0000,0.0000,0.0000,0.0000,
12,3,395,368,502,417,0.0000,0.0000,0.0000,0.0000,0.0000,0.0000,
13,3,395,368,502,417,0.0000,0.0000,0.0000,0.0000,0.0000,0.0000,
14,3,395,368,502,417,0.0000,0.0000,0.0000,0.0000,0.0000,0.0000,
15,3,395,368,502,417,0.0000,0.0000,0.0000,0.0000,0.0000,0.0000,
16,3,395,368,502,417,0.0000,0.0000,0.0000,0.0000,0.0000,0.0000,
17,3,395,368,502,417,0.0000,0.0000,0.0000,0.0000,0.0000,0.0000,
18,3,395,368,502,417,0.0000,0.0000,0.0000,0.0000,0.0000,0.0000,
19,3,395,368,502,417,0.0000,0.0000,0.0000,0.0000,0.0000,0.0000,
20,3,395,368,502,417,0.0000,0.0000,0.0000,0.0000,0.0000,0.0000,
21,3,395,368,502,417,0.0000,0.0000,0.0000,0.0000,0.0000,0.0000,
22,3,395,368,502,417,0.0000,0.0000,0.0000,0.0000,0.0000,0.0000,
23,3,395,368,502,417,0.0000,0.0000,0.0000,0.0000,0.0000,0.0000,
24,3,395,368,502,417,0.0000,0.0000,0.0000,0.0000,0.0000,0.0000,
25,3,395,368,502,417,0.0000,0.0000,0.0000,0.0000,0.0000,0.0000,
26,3,395,368,502,417,0.0000,0.0000,0.0000,0.0000,0.0000,0.0000,
27,3,395,368,502,417,0.0000,0.0000,0.0000,0.0000,0.0000,0.0000,
28,3,395,368,502,417,0.0000,0.0000,0.0000,0.0000,0.0000,0.0000,
29,3,395,368,502,417,0.0000,0.0000,0.0000,0.0000,0.0000,0.0000,
30,3,395,368,502,417,0.0000,0.0000,0.0000,0.0000,0.0000,0.0000,
31,3,395,368,502,417,0.0000,0.0000,0.0000,0.0000,0.0000,0.0000,
32,3,395,368,502,417,0.0000,0.0000,0.0000,0.0000,0.0000,0.0000,
33,3,395,368,502,417,0.0000,0.0000,0.0000,0.0000,0.0000,0.0000,
34,3,395,368,502,417,0.0000,0.0000,0.0000,0.0000,0.0000,0.0000,
35,3,395,368,502,417,0.0000,0.0000,0.0000,0.0000,0.0000,0.0000,
36,3,395,368,502,417,0.0000,0.0000,0.0000,0.0000,0.0000,0.0000,
37,3,395,368,502,417,0.0000,0.0000,0.0000,0.0000,0.0000,0.0000,
38,3,395,368,502,417,0.0000,0.0000,0.0000,0.0000,0.0000,0.0000,
39,3,395,368,502,417,0.0000,0.0000,0.0000,0.0000,0.0000,0.0000,
40,3,395,368,502,417,0.0000,0.0000,0.0000,0.0000,0.0000,0.0000,
41,3,395,368,502,417,0.0000,0.0000,0.0000,0.0000,0.0000,0.0000,
42,3,395,368,502,417,0.0000,0.0000,0.0000,0.0000,0.0000,0.0000,
43,3,395,368,502,417,0.0000,0.0000,0.0000,0.0000,0.0000,0.0000,
44,3,395,368,502,417,0.0000,0.0000,0.0000,0.0000,0.0000,0.0000,
45,3,395,368,502,417,0.0000,0.0000,0.0000,0.0000,0.0000,0.0000,
46,3,395,368,502,417,0.0000,0.0000,0.0000,0.0000,0.0000,0.0000,
47,3,395,368,502,417,0.0000,0.0000,0.0000,0.0000,0.0000,0.0000,
48,3,395,368,502,417,0.0000,0.0000,0.0000,0.0000,0.0000,0.0000,
49,3,395,368,502,417,0.0000,0.0000,0.0000,0.0000,0.0000,0.0000,
50,3,395,368,502,417,0.0000,0.0000,0.0000,0.0000,0.0000,0.0000,
51,3,395,368,502,417,0.0000,0.0000,0.0000,0.0000,0.0000,0.0000,
52,3,395,368,502,417,0.0000,0.0000,0.0000,0.0000,0.0000,0.0000,
53,3,395,368,502,417,0.0000,0.0000,0.0000,0.0000,0.0000,0.0000,
54,3,395,368,502,417,0.0000,0.0000,0.0000,0.0000,0.0000,0.0000,
55,3,395,368,502,417,0.0000,0.0000,0.0000,0.0000,0.0000,0.0000,
56,3,395,368,502,417,0.0000,0.0000,0.0000,0.0000,0.0000,0.0000,
57,3,395,368,502,417,0.0000,0.0000,0.0000,0.0000,0.0000,0.0000,
58,3,395,368,502,417,0.0000,0.0000,0.0000,0.0000,0.0000,0.0000,
59,3,395,368,502,417,0.0000,0.0000,0.0000,0.0000,0.0000,0.0000,
60,3,395,368,502,417,0.0000,0.0000,0.0000,0.0000,0.0000,0.0000,
61,3,395,368,502,417,0.0000,0.0000,0.0000,0.0000,0.0000,0.0000,
62,3,395,368,502,417,0.0000,0.0000,0.0000,0.0000,0.0000,0.0000,
63,3,395,368,502,417,0.0000,0.0000,0.0000,0.0000,0.0000,0.0000,
64,3,395,368,502,417,0.0000,0.0000,0.0000,0.0000,0.0000,0.0000,
65,3,395,368,502,417,0.0000,0.0000,0.0000,0.0000,0.0000,0.0000,
66,3,395,368,502,417,0.0000,0.0000,0.0000,0.0000,0.0000,0.0000,
67,3,395,368,502,417,0.0000,0.0000,0.0000,0.0000,0.0000,0.0000,
68,3,395,368,502,417,0.0000,0.0000,0.0000,0.0000,0.0000,0.0000,
69,3,395,368,502,417,0.0000,0.0000,0.0000,0.0000,0.0000,0.0000,
70,3,395,368,502,417,0.0000,0.0000,0.0000,0.0000,0.0000,0.0000,
71,3,395,368,502,417,0.0000,0.0000,0.0000,0.0000,0.0000,0.0000,
72,3,395,368,502,417,0.0000,0.0000,0.0000,0.0000,0.0000,0.0000,
73,3,395,368,502,417,0.0000,0.0000,0.0000,0.0000,0.0000,0.0000,
74,3,395,368,502,417,0.0000,0.0000,0.0000,0.0000,0.0000,0.0000,
75,3,395,368,502,417,0.0000,0.0000,0.0000,0.0000,0.0000,0.0000,
76,3,395,368,502,417,0.0000,0.0000,0.0000,0.0000,0.0000,0.0000,
77,3,395,368,502,417,0.0000,0.0000,0.0000,0.0000,0.0000,0.0000,
78,3,395,368,502,417,0.0000,0.0000,0.0000,0.0000,0.0000,0.0000,
79,3,395,368,502,417,0.0000,0.0000,0.0000,0.0000,0.0000,0.0000,
80,3,395,368,502,417,0.0000,0.0000,0.0000,0.0000,0.0000,0.0000,
81,3,395,362,500,419,1.0000,-0.0000,-0.0000,1.0000,10.0000,10.0000,
82,3,395,362,500,419,0.9982,0.0074,-0.0025,1.0027,9.8998,10.0563,
83,3,395,362,500,419,1.0036,0.0106,-0.0000,0.9929,9.4396,10.2276,
84,3,395,362,500,419,0.9897,0.0067,-0.0031,1.0175,10.4308,9.6192,
85,3,395,362,500,419,1.0048,-0.0411,0.0028,0.9856,11.1215,10.3359,
86,3,395,362,500,419,0.9915,-0.0002,-0.0033,1.0031,10.4084,10.0118,
87,3,395,362,500,419,1.0010,-0.0024,0.0018,1.0004,10.0338,9.9720,
88,3,395,362,500,419,0.9997,0.0064,-0.0021,1.0018,9.8317,10.0505,
89,3,395,362,500,419,1.0015,-0.0015,0.0011,0.9954,10.0134,10.0869,
90,3,395,362,500,419,1.0029,-0.0041,0.0029,0.9941,9.9302,10.0044,
91,3,395,362,500,419,0.9980,0.0170,-0.0014,1.0053,9.5761,9.9085,
92,3,395,362,500,419,1.0031,-0.0173,0.0009,0.9926,10.3683,10.1878,
93,3,395,362,500,419,1.0019,-0.0036,0.0019,0.9906,9.9978,10.1744,
94,3,395,362,500,419,1.0066,-0.0125,0.0110,0.9799,9.9587,9.9664,
95,3,395,362,500,419,0.9988,-0.0177,-0.0070,1.0034,10.2748,10.0433,
96,3,395,362,500,419,1.0089,0.0255,-0.0057,0.9996,8.5308,10.1392,
97,3,395,362,500,419,0.9961,0.0336,-0.0048,1.0281,9.3722,9.2939,
98,3,397,361,500,420,0.9831,-0.0347,0.0062,1.0371,12.0669,8.1859,
99,3,397,361,500,420,1.0041,0.0084,0.0147,1.0214,9.4214,7.9281,
100,3,396,361,502,421,1.0225,0.0114,0.0003,1.0146,8.3677,9.2868,
101,3,393,355,500,418,1.0078,-0.0059,-0.0009,1.0305,10.0568,8.8414,
102,3,393,355,500,418,1.0010,0.0053,-0.0081,1.0269,9.9270,8.9010,
103,3,393,355,500,418,1.0100,0.0011,-0.0178,1.0152,9.6743,9.9246,
104,3,395,353,502,417,0.9973,-0.0066,-0.0294,1.0193,11.5430,9.0552,
105,3,395,353,503,415,1.0099,0.0150,-0.0138,0.9752,9.0901,10.0721,
106,3,396,352,504,413,1.0017,-0.0045,-0.0053,0.9758,10.2257,9.0427,
107,3,396,351,505,410,1.0015,-0.0164,-0.0003,0.9603,10.3787,8.8077,
108,3,394,350,506,406,1.0258,0.0166,-0.0094,0.9466,7.3364,9.4076,
109,3,393,349,506,403,1.0099,-0.0153,-0.0005,0.9525,8.6631,8.7799,
110,3,392,347,505,401,1.0055,-0.0039,-0.0165,1.0049,8.1484,8.2840,
111,3,391,345,503,399,0.9961,-0.0606,0.0064,0.9933,10.0935,7.2138,
112,3,388,343,501,397,1.0091,-0.0869,0.0226,1.0064,8.9556,5.9149,
113,3,387,341,497,395,0.9726,-0.0674,-0.0020,1.0047,10.7240,7.7600,
114,3,385,339,492,394,0.9693,-0.0611,0.0198,1.0275,9.4664,6.3034,
115,3,383,337,487,394,0.9673,0.0108,0.0008,1.0412,7.4986,7.1686,
116,3,379,336,482,393,0.9893,-0.0824,0.0034,0.9982,7.9696,8.3605,
117,3,373,335,477,392,1.0084,-0.0038,0.0013,0.9976,3.7863,8.0790,
118,3,370,335,473,392,0.9909,0.0513,-0.0107,1.0077,4.6287,9.5662,
119,3,367,335,469,392,0.9879,0.1326,-0.0141,1.0044,2.5410,10.2595,
120,3,363,335,463,392,0.9797,0.0391,-0.0063,1.0039,4.6076,9.8761,
121,3,358,336,456,392,0.9818,-0.0395,0.0060,0.9834,5.7537,10.0675,
122,3,355,337,450,393,0.9621,0.0286,0.0044,1.0011,6.0514,10.0371,
123,3,350,339,445,394,0.9984,-0.0888,0.0160,0.9803,6.7523,10.3963,
124,3,348,341,440,394,0.9691,0.1550,0.0024,0.9542,3.4106,11.8067,
125,3,345,343,437,395,0.9995,0.0460,-0.0074,0.9734,4.8614,11.8284,
126,3,343,345,432,396,0.9657,0.0777,0.0054,0.9781,5.7842,11.3594,
127,3,341,348,429,396,0.9845,0.1355,-0.0059,0.9575,4.0566,12.4101,
128,3,338,351,430,395,1.0496,0.1484,-0.0171,0.9222,2.5456,13.3002,
129,3,336,353,429,396,1.0029,0.1302,-0.0027,0.9595,4.8277,12.0788,
130,3,333,354,432,397,1.0656,0.0851,-0.0390,1.0005,4.3930,12.4094,
131,3,331,356,432,397,1.0187,0.0527,-0.0131,0.9720,6.4507,11.8868,
132,3,330,358,432,397,1.0094,0.0576,-0.0074,0.9631,7.0752,11.9117,
133,3,330,358,432,397,1.0094,0.0576,-0.0074,0.9631,7.0752,11.9117,
134,3,316,349,407,397,0.9894,-0.0563,0.0153,1.0240,10.3837,10.0033,
135,3,316,350,406,399,0.9849,0.0417,0.0075,1.0021,8.7123,10.5879,
136,3,315,352,406,400,1.0138,0.0275,-0.0150,0.9803,7.7718,12.3260,
137,3,314,354,406,401,1.0160,0.0214,-0.0237,0.9701,7.9194,12.9172,
138,3,313,356,406,403,1.0162,0.0197,-0.0290,0.9932,7.9632,12.6868,
139,3,313,357,406,405,1.0028,0.0423,-0.0370,1.0194,8.1836,12.2949,
140,3,313,359,406,406,0.9953,0.0126,0.0006,0.9763,9.2654,11.7829,
141,3,313,361,407,407,1.0103,-0.0030,-0.0103,0.9782,9.4476,11.9327,
142,3,314,363,408,408,0.9995,0.0588,-0.0207,0.9848,8.7682,12.5483,
143,3,315,363,407,410,0.9841,0.0284,-0.0336,1.0455,9.8527,11.2575,
144,3,315,363,407,410,0.9964,0.0091,-0.0055,0.9986,10.1872,10.8338,
145,3,315,363,407,410,0.9995,0.0176,-0.0093,0.9890,9.6016,10.8279,
146,3,315,363,407,410,0.9978,0.0182,0.0061,0.9737,9.8353,10.6475,
147,3,315,363,407,410,1.0040,0.0673,-0.0160,0.9766,8.3099,11.3682,
148,3,315,363,407,410,0.9969,-0.0244,-0.0015,0.9837,10.7853,10.7892,
149,3,315,363,407,410,0.9944,0.0219,-0.0038,0.9978,9.7770,10.5411,
150,3,315,363,407,410,1.0004,-0.0057,-0.0026,0.9802,10.1090,10.9289,
151,3,300,353,400,406,1.0000,0.0000,-0.0000,1.0000,10.0000,10.0000,
152,3,300,353,400,406,1.0017,-0.0135,0.0036,0.9875,10.2563,10.5158,
153,3,300,353,400,406,0.9999,-0.0201,0.0007,0.9898,10.2413,10.4533,
154,3,300,353,400,406,0.9988,-0.0011,-0.0051,0.9848,9.8087,10.7372,
155,3,300,353,400,406,0.9984,0.0095,-0.0002,1.0011,9.6674,10.1508,
156,3,300,353,400,406,1.0029,-0.0118,0.0007,1.0010,9.9259,10.0344,
157,3,300,353,400,406,1.0019,0.0071,-0.0051,1.0033,9.2355,10.1976,
158,3,300,353,400,406,0.9917,-0.0000,-0.0032,1.0011,10.2207,10.0317,
159,3,300,353,400,406,0.9993,0.0182,-0.0033,0.9865,9.2095,10.6102,
160,3,300,353,400,406,0.9954,-0.0017,0.0033,0.9938,10.0565,10.0616,
161,3,300,353,400,406,0.9974,0.0080,0.0050,1.0081,9.7166,9.6365,
162,3,300,353,400,406,1.0014,0.0032,0.0021,0.9982,9.8379,10.0415,
163,3,300,353,400,406,0.9996,-0.0042,-0.0003,0.9957,10.0469,10.1566,
164,3,300,353,400,406,0.9988,-0.0168,0.0026,1.0074,10.5972,9.6106,
165,3,300,353,400,406,1.0017,0.0186,0.0022,0.9991,9.2782,9.9414,
166,3,300,353,400,406,0.9984,0.0049,0.0016,0.9942,9.9519,10.1825,
167,3,300,353,400,406,0.9999,-0.0025,0.0026,1.0136,10.1006,9.4023,
168,3,300,353,400,406,1.0006,0.0220,0.0025,0.9928,9.1697,10.1598,
169,3,301,356,401,407,1.0019,-0.0350,0.0288,0.9697,11.0405,10.6590,
170,3,301,356,401,407,1.0010,0.0028,-0.0012,1.0003,9.8387,10.0989,
171,3,301,356,401,407,1.0019,0.0005,0.0036,1.0023,9.8627,9.9007,
172,3,301,356,401,407,0.9972,0.0028,0.0023,1.0087,9.9703,9.7543,
173,3,301,356,401,407,1.0011,0.0163,-0.0035,1.0016,9.3427,10.2393,
174,3,301,356,401,407,1.0025,0.0056,-0.0007,1.0051,9.6330,9.9348,
175,3,301,356,401,407,0.9985,-0.0054,-0.0007,1.0018,10.2413,10.0117,
176,3,301,356,401,407,1.0009,0.0071,-0.0016,1.0048,9.7258,9.9334,
177,3,301,356,401,407,0.9989,-0.0160,-0.0001,1.0068,10.5206,9.7652,
178,3,301,356,401,407,0.9977,-0.0061,0.0021,1.0038,10.3794,9.7585,
179,3,301,356,401,407,1.0005,-0.0036,-0.0012,1.0058,10.0520,9.9014,
180,3,301,356,401,407,1.0008,0.0002,-0.0051,1.0086,9.9630,9.9597,
181,3,298,361,396,405,0.0000,0.0000,0.0000,0.0000,0.0000,0.0000,
182,3,298,361,396,405,0.0000,0.0000,0.0000,0.0000,0.0000,0.0000,
183,3,298,361,396,405,0.0000,0.0000,0.0000,0.0000,0.0000,0.0000,
184,3,298,361,396,405,0.0000,0.0000,0.0000,0.0000,0.0000,0.0000,
185,3,298,361,396,405,0.0000,0.0000,0.0000,0.0000,0.0000,0.0000,
186,3,298,361,396,405,0.0000,0.0000,0.0000,0.0000,0.0000,0.0000,
187,3,298,361,396,405,0.0000,0.0000,0.0000,0.0000,0.0000,0.0000,
188,3,298,361,396,405,0.0000,0.0000,0.0000,0.0000,0.0000,0.0000,
189,3,298,361,396,405,0.0000,0.0000,0.0000,0.0000,0.0000,0.0000,
190,3,298,361,396,405,0.0000,0.0000,0.0000,0.0000,0.0000,0.0000,
191,3,298,361,396,405,0.0000,0.0000,0.0000,0.0000,0.0000,0.0000,
192,3,298,361,396,405,0.0000,0.0000,0.0000,0.0000,0.0000,0.0000,
193,3,298,361,396,405,0.0000,0.0000,0.0000,0.0000,0.0000,0.0000,
194,3,298,361,396,405,0.0000,0.0000,0.0000,0.0000,0.0000,0.0000,
195,3,298,361,396,405,0.0000,0.0000,0.0000,0.0000,0.0000,0.0000,
196,3,298,361,396,405,0.0000,0.0000,0.0000,0.0000,0.0000,0.0000,
197,3,298,361,396,405,0.0000,0.0000,0.0000,0.0000,0.0000,0.0000,
198,3,298,361,396,405,0.0000,0.0000,0.0000,0.0000,0.0000,0.0000,
199,3,298,361,396,405,0.0000,0.0000,0.0000,0.0000,0.0000,0.0000,
200,3,298,361,396,405,0.0000,0.0000,0.0000,0.0000,0.0000,0.0000,
201,3,298,361,396,405,0.0000,0.0000,0.0000,0.0000,0.0000,0.0000,
202,3,298,361,396,405,0.0000,0.0000,0.0000,0.0000,0.0000,0.0000,
203,3,298,361,396,405,0.0000,0.0000,0.0000,0.0000,0.0000,0.0000,
204,3,298,361,396,405,0.0000,0.0000,0.0000,0.0000,0.0000,0.0000,
205,3,298,361,396,405,0.0000,0.0000,0.0000,0.0000,0.0000,0.0000,
206,3,298,361,396,405,0.0000,0.0000,0.0000,0.0000,0.0000,0.0000,
207,3,298,361,396,405,0.0000,0.0000,0.0000,0.0000,0.0000,0.0000,
208,3,298,361,396,405,0.0000,0.0000,0.0000,0.0000,0.0000,0.0000,
209,3,298,361,396,405,0.0000,0.0000,0.0000,0.0000,0.0000,0.0000,
210,3,298,361,396,405,0.0000,0.0000,0.0000,0.0000,0.0000,0.0000,
211,3,298,361,396,405,0.0000,0.0000,0.0000,0.0000,0.0000,0.0000,
212,3,298,361,396,405,0.0000,0.0000,0.0000,0.0000,0.0000,0.0000,
213,3,298,361,396,405,0.0000,0.0000,0.0000,0.0000,0.0000,0.0000,
214,3,298,361,396,405,0.0000,0.0000,0.0000,0.0000,0.0000,0.0000,
215,3,298,361,396,405,0.0000,0.0000,0.0000,0.0000,0.0000,0.0000,
216,3,298,361,396,405,0.0000,0.0000,0.0000,0.0000,0.0000,0.0000,
217,3,298,361,396,405,0.0000,0.0000,0.0000,0.0000,0.0000,0.0000,
218,3,298,361,396,405,0.0000,0.0000,0.0000,0.0000,0.0000,0.0000,
219,3,298,361,396,405,0.0000,0.0000,0.0000,0.0000,0.0000,0.0000,
220,3,298,361,396,405,0.0000,0.0000,0.0000,0.0000,0.0000,0.0000,
221,3,298,361,396,405,0.0000,0.0000,0.0000,0.0000,0.0000,0.0000,
222,3,298,361,396,405,0.0000,0.0000,0.0000,0.0000,0.0000,0.0000,
223,3,298,361,396,405,0.0000,0.0000,0.0000,0.0000,0.0000,0.0000,
224,3,298,361,396,405,0.0000,0.0000,0.0000,0.0000,0.0000,0.0000,
225,3,298,361,396,405,0.0000,0.0000,0.0000,0.0000,0.0000,0.0000,
226,3,298,361,396,405,0.0000,0.0000,0.0000,0.0000,0.0000,0.0000,
227,3,298,361,396,405,0.0000,0.0000,0.0000,0.0000,0.0000,0.0000,
228,3,298,361,396,405,0.0000,0.0000,0.0000,0.0000,0.0000,0.0000,
229,3,298,361,396,405,0.0000,0.0000,0.0000,0.0000,0.0000,0.0000,
230,3,298,361,396,405,0.0000,0.0000,0.0000,0.0000,0.0000,0.0000,
231,3,298,361,396,405,0.0000,0.0000,0.0000,0.0000,0.0000,0.0000,
232,3,298,361,396,405,0.0000,0.0000,0.0000,0.0000,0.0000,0.0000,
233,3,298,361,396,405,0.0000,0.0000,0.0000,0.0000,0.0000,0.0000,
234,3,298,361,396,405,0.0000,0.0000,0.0000,0.0000,0.0000,0.0000,
235,3,298,361,396,405,0.0000,0.0000,0.0000,0.0000,0.0000,0.0000,
236,3,298,361,396,405,0.0000,0.0000,0.0000,0.0000,0.0000,0.0000,
237,3,298,361,396,405,0.0000,0.0000,0.0000,0.0000,0.0000,0.0000,
238,3,298,361,396,405,0.0000,0.0000,0.0000,0.0000,0.0000,0.0000,
239,3,298,361,396,405,0.0000,0.0000,0.0000,0.0000,0.0000,0.0000,
240,3,298,361,396,405,0.0000,0.0000,0.0000,0.0000,0.0000,0.0000,
241,3,298,361,396,405,0.0000,0.0000,0.0000,0.0000,0.0000,0.0000,
242,3,298,361,396,405,0.0000,0.0000,0.0000,0.0000,0.0000,0.0000,
243,3,298,361,396,405,0.0000,0.0000,0.0000,0.0000,0.0000,0.0000,
244,3,298,361,396,405,0.0000,0.0000,0.0000,0.0000,0.0000,0.0000,
245,3,298,361,396,405,0.0000,0.0000,0.0000,0.0000,0.0000,0.0000,
246,3,298,361,396,405,0.0000,0.0000,0.0000,0.0000,0.0000,0.0000,
247,3,298,361,396,405,0.0000,0.0000,0.0000,0.0000,0.0000,0.0000,
248,3,298,361,396,405,0.0000,0.0000,0.0000,0.0000,0.0000,0.0000,
249,3,298,361,396,405,0.0000,0.0000,0.0000,0.0000,0.0000,0.0000,
250,3,298,361,396,405,0.0000,0.0000,0.0000,0.0000,0.0000,0.0000,
251,3,298,361,396,405,0.0000,0.0000,0.0000,0.0000,0.0000,0.0000,
252,3,298,361,396,405,0.0000,0.0000,0.0000,0.0000,0.0000,0.0000,
253,3,298,361,396,405,0.0000,0.0000,0.0000,0.0000,0.0000,0.0000,
254,3,298,361,396,405,0.0000,0.0000,0.0000,0.0000,0.0000,0.0000,
255,3,298,361,396,405,0.0000,0.0000,0.0000,0.0000,0.0000,0.0000,
256,3,298,361,396,405,0.0000,0.0000,0.0000,0.0000,0.0000,0.0000,
257,3,298,361,396,405,0.0000,0.0000,0.0000,0.0000,0.0000,0.0000,
258,3,298,361,396,405,0.0000,0.0000,0.0000,0.0000,0.0000,0.0000,
259,3,298,361,396,405,0.0000,0.0000,0.0000,0.0000,0.0000,0.0000,
260,3,298,361,396,405,0.0000,0.0000,0.0000,0.0000,0.0000,0.0000,
261,3,298,361,396,405,0.0000,0.0000,0.0000,0.0000,0.0000,0.0000,
262,3,298,361,396,405,0.0000,0.0000,0.0000,0.0000,0.0000,0.0000,
263,3,298,361,396,405,0.0000,0.0000,0.0000,0.0000,0.0000,0.0000,
264,3,298,361,396,405,0.0000,0.0000,0.0000,0.0000,0.0000,0.0000,
265,3,298,361,396,405,0.0000,0.0000,0.0000,0.0000,0.0000,0.0000,
266,3,298,361,396,405,0.0000,0.0000,0.0000,0.0000,0.0000,0.0000,
267,3,298,361,396,405,0.0000,0.0000,0.0000,0.0000,0.0000,0.0000,
268,3,298,361,396,405,0.0000,0.0000,0.0000,0.0000,0.0000,0.0000,
269,3,298,361,396,405,0.0000,0.0000,0.0000,0.0000,0.0000,0.0000,
270,3,296,374,392,405,1.0000,-0.0000,0.0000,1.0000,10.0000,10.0000,
271,3,296,374,392,405,1.0003,0.0011,0.0014,1.0049,9.9732,9.9046,
272,3,296,374,392,405,0.9960,-0.0142,-0.0023,0.9879,10.3116,10.1917,
273,3,296,374,392,405,1.0021,0.0073,-0.0025,0.9869,9.7931,10.3732,
274,3,296,374,392,405,1.0010,-0.0078,0.0019,0.9971,9.9682,9.9819,
275,3,297,376,393,405,1.0028,0.0423,-0.0112,0.9510,9.3331,11.7090,
276,3,297,376,393,405,1.0014,0.0263,0.0001,0.9805,9.6141,10.2389,
277,3,297,376,393,405,0.9993,0.0164,0.0007,0.9621,9.7570,10.6642,
278,3,0,0,0,0,0.0000,0.0000,0.0000,0.0000,0.0000,0.0000,
279,3,0,0,0,0,0.0000,0.0000,0.0000,0.0000,0.0000,0.0000,
280,3,0,0,0,0,0.0000,0.0000,0.0000,0.0000,0.0000,0.0000,
281,3,0,0,0,0,0.0000,0.0000,0.0000,0.0000,0.0000,0.0000,
282,3,0,0,0,0,0.0000,0.0000,0.0000,0.0000,0.0000,0.0000,
283,3,0,0,0,0,0.0000,0.0000,0.0000,0.0000,0.0000,0.0000,
284,3,0,0,0,0,0.0000,0.0000,0.0000,0.0000,0.0000,0.0000,
285,3,0,0,0,0,0.0000,0.0000,0.0000,0.0000,0.0000,0.0000,
286,3,0,0,0,0,0.0000,0.0000,0.0000,0.0000,0.0000,0.0000,
287,3,0,0,0,0,0.0000,0.0000,0.0000,0.0000,0.0000,0.0000,
288,3,0,0,0,0,0.0000,0.0000,0.0000,0.0000,0.0000,0.0000,
289,3,0,0,0,0,0.0000,0.0000,0.0000,0.0000,0.0000,0.0000,
290,3,0,0,0,0,0.0000,0.0000,0.0000,0.0000,0.0000,0.0000,
291,3,0,0,0,0,0.0000,0.0000,0.0000,0.0000,0.0000,0.0000,
292,3,0,0,0,0,0.0000,0.0000,0.0000,0.0000,0.0000,0.0000,
293,3,0,0,0,0,0.0000,0.0000,0.0000,0.0000,0.0000,0.0000,
294,3,0,0,0,0,0.0000,0.0000,0.0000,0.0000,0.0000,0.0000,
295,3,0,0,0,0,0.0000,0.0000,0.0000,0.0000,0.0000,0.0000,
296,3,0,0,0,0,0.0000,0.0000,0.0000,0.0000,0.0000,0.0000,
297,3,0,0,0,0,0.0000,0.0000,0.0000,0.0000,0.0000,0.0000,
298,3,0,0,0,0,0.0000,0.0000,0.0000,0.0000,0.0000,0.0000,
299,3,0,0,0,0,0.0000,0.0000,0.0000,0.0000,0.0000,0.0000,
300,3,0,0,0,0,0.0000,0.0000,0.0000,0.0000,0.0000,0.0000,
301,3,0,0,0,0,0.0000,0.0000,0.0000,0.0000,0.0000,0.0000,
302,3,0,0,0,0,0.0000,0.0000,0.0000,0.0000,0.0000,0.0000,
303,3,0,0,0,0,0.0000,0.0000,0.0000,0.0000,0.0000,0.0000,
304,3,0,0,0,0,0.0000,0.0000,0.0000,0.0000,0.0000,0.0000,
305,3,0,0,0,0,0.0000,0.0000,0.0000,0.0000,0.0000,0.0000,
306,3,0,0,0,0,0.0000,0.0000,0.0000,0.0000,0.0000,0.0000,
307,3,0,0,0,0,0.0000,0.0000,0.0000,0.0000,0.0000,0.0000,
308,3,0,0,0,0,0.0000,0.0000,0.0000,0.0000,0.0000,0.0000,
309,3,0,0,0,0,0.0000,0.0000,0.0000,0.0000,0.0000,0.0000,
310,3,0,0,0,0,0.0000,0.0000,0.0000,0.0000,0.0000,0.0000,
311,3,0,0,0,0,0.0000,0.0000,0.0000,0.0000,0.0000,0.0000,
312,3,0,0,0,0,0.0000,0.0000,0.0000,0.0000,0.0000,0.0000,
313,3,0,0,0,0,0.0000,0.0000,0.0000,0.0000,0.0000,0.0000,
314,3,0,0,0,0,0.0000,0.0000,0.0000,0.0000,0.0000,0.0000,
315,3,0,0,0,0,0.0000,0.0000,0.0000,0.0000,0.0000,0.0000,
316,3,0,0,0,0,0.0000,0.0000,0.0000,0.0000,0.0000,0.0000,
317,3,0,0,0,0,0.0000,0.0000,0.0000,0.0000,0.0000,0.0000,
318,3,0,0,0,0,0.0000,0.0000,0.0000,0.0000,0.0000,0.0000,
319,3,0,0,0,0,0.0000,0.0000,0.0000,0.0000,0.0000,0.0000,
320,3,0,0,0,0,0.0000,0.0000,0.0000,0.0000,0.0000,0.0000,
321,3,0,0,0,0,0.0000,0.0000,0.0000,0.0000,0.0000,0.0000,
322,3,0,0,0,0,0.0000,0.0000,0.0000,0.0000,0.0000,0.0000,
323,3,0,0,0,0,0.0000,0.0000,0.0000,0.0000,0.0000,0.0000,
324,3,0,0,0,0,0.0000,0.0000,0.0000,0.0000,0.0000,0.0000,
325,3,0,0,0,0,0.0000,0.0000,0.0000,0.0000,0.0000,0.0000,
326,3,0,0,0,0,0.0000,0.0000,0.0000,0.0000,0.0000,0.0000,
327,3,0,0,0,0,0.0000,0.0000,0.0000,0.0000,0.0000,0.0000,
328,3,0,0,0,0,0.0000,0.0000,0.0000,0.0000,0.0000,0.0000,
329,3,0,0,0,0,0.0000,0.0000,0.0000,0.0000,0.0000,0.0000,
330,3,0,0,0,0,0.0000,0.0000,0.0000,0.0000,0.0000,0.0000,
331,3,0,0,0,0,0.0000,0.0000,0.0000,0.0000,0.0000,0.0000,
332,3,0,0,0,0,0.0000,0.0000,0.0000,0.0000,0.0000,0.0000,
333,3,0,0,0,0,0.0000,0.0000,0.0000,0.0000,0.0000,0.0000,
334,3,0,0,0,0,0.0000,0.0000,0.0000,0.0000,0.0000,0.0000,
335,3,0,0,0,0,0.0000,0.0000,0.0000,0.0000,0.0000,0.0000,
336,3,0,0,0,0,0.0000,0.0000,0.0000,0.0000,0.0000,0.0000,
337,3,0,0,0,0,0.0000,0.0000,0.0000,0.0000,0.0000,0.0000,
338,3,0,0,0,0,0.0000,0.0000,0.0000,0.0000,0.0000,0.0000,
339,3,0,0,0,0,0.0000,0.0000,0.0000,0.0000,0.0000,0.0000,
340,3,0,0,0,0,0.0000,0.0000,0.0000,0.0000,0.0000,0.0000,
341,3,0,0,0,0,0.0000,0.0000,0.0000,0.0000,0.0000,0.0000,
342,3,0,0,0,0,0.0000,0.0000,0.0000,0.0000,0.0000,0.0000,
343,3,0,0,0,0,0.0000,0.0000,0.0000,0.0000,0.0000,0.0000,
344,3,0,0,0,0,0.0000,0.0000,0.0000,0.0000,0.0000,0.0000,
345,3,0,0,0,0,0.0000,0.0000,0.0000,0.0000,0.0000,0.0000,
346,3,0,0,0,0,0.0000,0.0000,0.0000,0.0000,0.0000,0.0000,
347,3,0,0,0,0,0.0000,0.0000,0.0000,0.0000,0.0000,0.0000,
348,3,0,0,0,0,0.0000,0.0000,0.0000,0.0000,0.0000,0.0000,
349,3,0,0,0,0,0.0000,0.0000,0.0000,0.0000,0.0000,0.0000,
350,3,0,0,0,0,0.0000,0.0000,0.0000,0.0000,0.0000,0.0000,
351,3,0,0,0,0,0.0000,0.0000,0.0000,0.0000,0.0000,0.0000,
352,3,0,0,0,0,0.0000,0.0000,0.0000,0.0000,0.0000,0.0000,
353,3,0,0,0,0,0.0000,0.0000,0.0000,0.0000,0.0000,0.0000,
354,3,0,0,0,0,0.0000,0.0000,0.0000,0.0000,0.0000,0.0000,
355,3,0,0,0,0,0.0000,0.0000,0.0000,0.0000,0.0000,0.0000,
356,3,0,0,0,0,0.0000,0.0000,0.0000,0.0000,0.0000,0.0000,
357,3,0,0,0,0,0.0000,0.0000,0.0000,0.0000,0.0000,0.0000,
358,3,0,0,0,0,0.0000,0.0000,0.0000,0.0000,0.0000,0.0000,
359,3,0,0,0,0,0.0000,0.0000,0.0000,0.0000,0.0000,0.0000,
360,3,0,0,0,0,0.0000,0.0000,0.0000,0.0000,0.0000,0.0000,
361,3,0,0,0,0,0.0000,0.0000,0.0000,0.0000,0.0000,0.0000,
362,3,0,0,0,0,0.0000,0.0000,0.0000,0.0000,0.0000,0.0000,
363,3,0,0,0,0,0.0000,0.0000,0.0000,0.0000,0.0000,0.0000,
364,3,0,0,0,0,0.0000,0.0000,0.0000,0.0000,0.0000,0.0000,
365,3,0,0,0,0,0.0000,0.0000,0.0000,0.0000,0.0000,0.0000,
366,3,0,0,0,0,0.0000,0.0000,0.0000,0.0000,0.0000,0.0000,
367,3,0,0,0,0,0.0000,0.0000,0.0000,0.0000,0.0000,0.0000,
368,3,0,0,0,0,0.0000,0.0000,0.0000,0.0000,0.0000,0.0000,
369,3,0,0,0,0,0.0000,0.0000,0.0000,0.0000,0.0000,0.0000,
370,3,0,0,0,0,0.0000,0.0000,0.0000,0.0000,0.0000,0.0000,
371,3,0,0,0,0,0.0000,0.0000,0.0000,0.0000,0.0000,0.0000,
372,3,0,0,0,0,0.0000,0.0000,0.0000,0.0000,0.0000,0.0000,
373,3,0,0,0,0,0.0000,0.0000,0.0000,0.0000,0.0000,0.0000,
374,3,0,0,0,0,0.0000,0.0000,0.0000,0.0000,0.0000,0.0000,
375,3,0,0,0,0,0.0000,0.0000,0.0000,0.0000,0.0000,0.0000,
376,3,0,0,0,0,0.0000,0.0000,0.0000,0.0000,0.0000,0.0000,
377,3,0,0,0,0,0.0000,0.0000,0.0000,0.0000,0.0000,0.0000,
378,3,0,0,0,0,0.0000,0.0000,0.0000,0.0000,0.0000,0.0000,
379,3,0,0,0,0,0.0000,0.0000,0.0000,0.0000,0.0000,0.0000,
380,3,0,0,0,0,0.0000,0.0000,0.0000,0.0000,0.0000,0.0000,
381,3,0,0,0,0,0.0000,0.0000,0.0000,0.0000,0.0000,0.0000,
382,3,0,0,0,0,0.0000,0.0000,0.0000,0.0000,0.0000,0.0000,
383,3,0,0,0,0,0.0000,0.0000,0.0000,0.0000,0.0000,0.0000,
384,3,0,0,0,0,0.0000,0.0000,0.0000,0.0000,0.0000,0.0000,
385,3,0,0,0,0,0.0000,0.0000,0.0000,0.0000,0.0000,0.0000,
386,3,0,0,0,0,0.0000,0.0000,0.0000,0.0000,0.0000,0.0000,
387,3,0,0,0,0,0.0000,0.0000,0.0000,0.0000,0.0000,0.0000,
388,3,0,0,0,0,0.0000,0.0000,0.0000,0.0000,0.0000,0.0000,
389,3,0,0,0,0,0.0000,0.0000,0.0000,0.0000,0.0000,0.0000,
390,3,0,0,0,0,0.0000,0.0000,0.0000,0.0000,0.0000,0.0000,
391,3,0,0,0,0,0.0000,0.0000,0.0000,0.0000,0.0000,0.0000,
392,3,0,0,0,0,0.0000,0.0000,0.0000,0.0000,0.0000,0.0000,
393,3,0,0,0,0,0.0000,0.0000,0.0000,0.0000,0.0000,0.0000,
394,3,0,0,0,0,0.0000,0.0000,0.0000,0.0000,0.0000,0.0000,
395,3,0,0,0,0,0.0000,0.0000,0.0000,0.0000,0.0000,0.0000,
396,3,0,0,0,0,0.0000,0.0000,0.0000,0.0000,0.0000,0.0000,
397,3,0,0,0,0,0.0000,0.0000,0.0000,0.0000,0.0000,0.0000,
398,3,0,0,0,0,0.0000,0.0000,0.0000,0.0000,0.0000,0.0000,
399,3,0,0,0,0,0.0000,0.0000,0.0000,0.0000,0.0000,0.0000,
400,3,0,0,0,0,0.0000,0.0000,0.0000,0.0000,0.0000,0.0000,
401,3,0,0,0,0,0.0000,0.0000,0.0000,0.0000,0.0000,0.0000,
402,3,0,0,0,0,0.0000,0.0000,0.0000,0.0000,0.0000,0.0000,
403,3,0,0,0,0,0.0000,0.0000,0.0000,0.0000,0.0000,0.0000,
404,3,0,0,0,0,0.0000,0.0000,0.0000,0.0000,0.0000,0.0000,
405,3,0,0,0,0,0.0000,0.0000,0.0000,0.0000,0.0000,0.0000,
406,3,0,0,0,0,0.0000,0.0000,0.0000,0.0000,0.0000,0.0000,
407,3,0,0,0,0,0.0000,0.0000,0.0000,0.0000,0.0000,0.0000,
408,3,0,0,0,0,0.0000,0.0000,0.0000,0.0000,0.0000,0.0000,
409,3,0,0,0,0,0.0000,0.0000,0.0000,0.0000,0.0000,0.0000,
410,3,0,0,0,0,0.0000,0.0000,0.0000,0.0000,0.0000,0.0000,
411,3,0,0,0,0,0.0000,0.0000,0.0000,0.0000,0.0000,0.0000,
412,3,0,0,0,0,0.0000,0.0000,0.0000,0.0000,0.0000,0.0000,
413,3,0,0,0,0,0.0000,0.0000,0.0000,0.0000,0.0000,0.0000,
414,3,0,0,0,0,0.0000,0.0000,0.0000,0.0000,0.0000,0.0000,
415,3,0,0,0,0,0.0000,0.0000,0.0000,0.0000,0.0000,0.0000,
416,3,0,0,0,0,0.0000,0.0000,0.0000,0.0000,0.0000,0.0000,
417,3,0,0,0,0,0.0000,0.0000,0.0000,0.0000,0.0000,0.0000,
418,3,0,0,0,0,0.0000,0.0000,0.0000,0.0000,0.0000,0.0000,
419,3,0,0,0,0,0.0000,0.0000,0.0000,0.0000,0.0000,0.0000,
420,3,0,0,0,0,0.0000,0.0000,0.0000,0.0000,0.0000,0.0000,
421,3,0,0,0,0,0.0000,0.0000,0.0000,0.0000,0.0000,0.0000,
422,3,0,0,0,0,0.0000,0.0000,0.0000,0.0000,0.0000,0.0000,
423,3,0,0,0,0,0.0000,0.0000,0.0000,0.0000,0.0000,0.0000,
424,3,0,0,0,0,0.0000,0.0000,0.0000,0.0000,0.0000,0.0000,
425,3,0,0,0,0,0.0000,0.0000,0.0000,0.0000,0.0000,0.0000,
426,3,0,0,0,0,0.0000,0.0000,0.0000,0.0000,0.0000,0.0000,
427,3,0,0,0,0,0.0000,0.0000,0.0000,0.0000,0.0000,0.0000,
428,3,0,0,0,0,0.0000,0.0000,0.0000,0.0000,0.0000,0.0000,
429,3,0,0,0,0,0.0000,0.0000,0.0000,0.0000,0.0000,0.0000,
430,3,0,0,0,0,0.0000,0.0000,0.0000,0.0000,0.0000,0.0000,
431,3,0,0,0,0,0.0000,0.0000,0.0000,0.0000,0.0000,0.0000,
432,3,0,0,0,0,0.0000,0.0000,0.0000,0.0000,0.0000,0.0000,
433,3,0,0,0,0,0.0000,0.0000,0.0000,0.0000,0.0000,0.0000,
434,3,0,0,0,0,0.0000,0.0000,0.0000,0.0000,0.0000,0.0000,
435,3,0,0,0,0,0.0000,0.0000,0.0000,0.0000,0.0000,0.0000,
436,3,0,0,0,0,0.0000,0.0000,0.0000,0.0000,0.0000,0.0000,
437,3,0,0,0,0,0.0000,0.0000,0.0000,0.0000,0.0000,0.0000,
438,3,0,0,0,0,0.0000,0.0000,0.0000,0.0000,0.0000,0.0000,
439,3,0,0,0,0,0.0000,0.0000,0.0000,0.0000,0.0000,0.0000,
440,3,0,0,0,0,0.0000,0.0000,0.0000,0.0000,0.0000,0.0000,
441,3,0,0,0,0,0.0000,0.0000,0.0000,0.0000,0.0000,0.0000,
442,3,0,0,0,0,0.0000,0.0000,0.0000,0.0000,0.0000,0.0000,
443,3,0,0,0,0,0.0000,0.0000,0.0000,0.0000,0.0000,0.0000,
444,3,0,0,0,0,0.0000,0.0000,0.0000,0.0000,0.0000,0.0000,
445,3,0,0,0,0,0.0000,0.0000,0.0000,0.0000,0.0000,0.0000,
446,3,0,0,0,0,0.0000,0.0000,0.0000,0.0000,0.0000,0.0000,
447,3,0,0,0,0,0.0000,0.0000,0.0000,0.0000,0.0000,0.0000,
448,3,0,0,0,0,0.0000,0.0000,0.0000,0.0000,0.0000,0.0000,
449,3,0,0,0,0,0.0000,0.0000,0.0000,0.0000,0.0000,0.0000,
450,3,0,0,0,0,0.0000,0.0000,0.0000,0.0000,0.0000,0.0000,
451,3,0,0,0,0,0.0000,0.0000,0.0000,0.0000,0.0000,0.0000,
452,3,0,0,0,0,0.0000,0.0000,0.0000,0.0000,0.0000,0.0000,
453,3,0,0,0,0,0.0000,0.0000,0.0000,0.0000,0.0000,0.0000,
454,3,0,0,0,0,0.0000,0.0000,0.0000,0.0000,0.0000,0.0000,
455,3,0,0,0,0,0.0000,0.0000,0.0000,0.0000,0.0000,0.0000,
456,3,0,0,0,0,0.0000,0.0000,0.0000,0.0000,0.0000,0.0000,
457,3,0,0,0,0,0.0000,0.0000,0.0000,0.0000,0.0000,0.0000,
458,3,0,0,0,0,0.0000,0.0000,0.0000,0.0000,0.0000,0.0000,
459,3,0,0,0,0,0.0000,0.0000,0.0000,0.0000,0.0000,0.0000,
460,3,0,0,0,0,0.0000,0.0000,0.0000,0.0000,0.0000,0.0000,
461,3,0,0,0,0,0.0000,0.0000,0.0000,0.0000,0.0000,0.0000,
462,3,0,0,0,0,0.0000,0.0000,0.0000,0.0000,0.0000,0.0000,
463,3,0,0,0,0,0.0000,0.0000,0.0000,0.0000,0.0000,0.0000,
464,3,0,0,0,0,0.0000,0.0000,0.0000,0.0000,0.0000,0.0000,
465,3,0,0,0,0,0.0000,0.0000,0.0000,0.0000,0.0000,0.0000,
466,3,0,0,0,0,0.0000,0.0000,0.0000,0.0000,0.0000,0.0000,
467,3,0,0,0,0,0.0000,0.0000,0.0000,0.0000,0.0000,0.0000,
468,3,0,0,0,0,0.0000,0.0000,0.0000,0.0000,0.0000,0.0000,
469,3,0,0,0,0,0.0000,0.0000,0.0000,0.0000,0.0000,0.0000,
470,3,0,0,0,0,0.0000,0.0000,0.0000,0.0000,0.0000,0.0000,
471,3,0,0,0,0,0.0000,0.0000,0.0000,0.0000,0.0000,0.0000,
472,3,0,0,0,0,0.0000,0.0000,0.0000,0.0000,0.0000,0.0000,
473,3,0,0,0,0,0.0000,0.0000,0.0000,0.0000,0.0000,0.0000,
474,3,0,0,0,0,0.0000,0.0000,0.0000,0.0000,0.0000,0.0000,
475,3,0,0,0,0,0.0000,0.0000,0.0000,0.0000,0.0000,0.0000,
476,3,0,0,0,0,0.0000,0.0000,0.0000,0.0000,0.0000,0.0000,
477,3,0,0,0,0,0.0000,0.0000,0.0000,0.0000,0.0000,0.0000,
478,3,0,0,0,0,0.0000,0.0000,0.0000,0.0000,0.0000,0.0000,
479,3,0,0,0,0,0.0000,0.0000,0.0000,0.0000,0.0000,0.0000,
480,3,0,0,0,0,0.0000,0.0000,0.0000,0.0000,0.0000,0.0000,
481,3,0,0,0,0,0.0000,0.0000,0.0000,0.0000,0.0000,0.0000,
482,3,0,0,0,0,0.0000,0.0000,0.0000,0.0000,0.0000,0.0000,
483,3,0,0,0,0,0.0000,0.0000,0.0000,0.0000,0.0000,0.0000,
484,3,0,0,0,0,0.0000,0.0000,0.0000,0.0000,0.0000,0.0000,
485,3,0,0,0,0,0.0000,0.0000,0.0000,0.0000,0.0000,0.0000,
486,3,0,0,0,0,0.0000,0.0000,0.0000,0.0000,0.0000,0.0000,
487,3,0,0,0,0,0.0000,0.0000,0.0000,0.0000,0.0000,0.0000,
488,3,0,0,0,0,0.0000,0.0000,0.0000,0.0000,0.0000,0.0000,
489,3,0,0,0,0,0.0000,0.0000,0.0000,0.0000,0.0000,0.0000,
490,3,0,0,0,0,0.0000,0.0000,0.0000,0.0000,0.0000,0.0000,
491,3,0,0,0,0,0.0000,0.0000,0.0000,0.0000,0.0000,0.0000,
492,3,0,0,0,0,0.0000,0.0000,0.0000,0.0000,0.0000,0.0000,
493,3,0,0,0,0,0.0000,0.0000,0.0000,0.0000,0.0000,0.0000,
494,3,0,0,0,0,0.0000,0.0000,0.0000,0.0000,0.0000,0.0000,
495,3,0,0,0,0,0.0000,0.0000,0.0000,0.0000,0.0000,0.0000,
496,3,0,0,0,0,0.0000,0.0000,0.0000,0.0000,0.0000,0.0000,
497,3,0,0,0,0,0.0000,0.0000,0.0000,0.0000,0.0000,0.0000,
498,3,0,0,0,0,0.0000,0.0000,0.0000,0.0000,0.0000,0.0000,
499,3,0,0,0,0,0.0000,0.0000,0.0000,0.0000,0.0000,0.0000,
500,3,0,0,0,0,0.0000,0.0000,0.0000,0.0000,0.0000,0.0000,
501,3,0,0,0,0,0.0000,0.0000,0.0000,0.0000,0.0000,0.0000,
502,3,0,0,0,0,0.0000,0.0000,0.0000,0.0000,0.0000,0.0000,
503,3,0,0,0,0,0.0000,0.0000,0.0000,0.0000,0.0000,0.0000,
504,3,0,0,0,0,0.0000,0.0000,0.0000,0.0000,0.0000,0.0000,
505,3,0,0,0,0,0.0000,0.0000,0.0000,0.0000,0.0000,0.0000,
506,3,0,0,0,0,0.0000,0.0000,0.0000,0.0000,0.0000,0.0000,
507,3,0,0,0,0,0.0000,0.0000,0.0000,0.0000,0.0000,0.0000,
508,3,0,0,0,0,0.0000,0.0000,0.0000,0.0000,0.0000,0.0000,
509,3,0,0,0,0,0.0000,0.0000,0.0000,0.0000,0.0000,0.0000,
510,3,0,0,0,0,0.0000,0.0000,0.0000,0.0000,0.0000,0.0000,
511,3,0,0,0,0,0.0000,0.0000,0.0000,0.0000,0.0000,0.0000,
512,3,0,0,0,0,0.0000,0.0000,0.0000,0.0000,0.0000,0.0000,
513,3,0,0,0,0,0.0000,0.0000,0.0000,0.0000,0.0000,0.0000,
514,3,0,0,0,0,0.0000,0.0000,0.0000,0.0000,0.0000,0.0000,
515,3,0,0,0,0,0.0000,0.0000,0.0000,0.0000,0.0000,0.0000,
516,3,0,0,0,0,0.0000,0.0000,0.0000,0.0000,0.0000,0.0000,
517,3,0,0,0,0,0.0000,0.0000,0.0000,0.0000,0.0000,0.0000,
518,3,0,0,0,0,0.0000,0.0000,0.0000,0.0000,0.0000,0.0000,
519,3,0,0,0,0,0.0000,0.0000,0.0000,0.0000,0.0000,0.0000,
520,3,0,0,0,0,0.0000,0.0000,0.0000,0.0000,0.0000,0.0000,
521,3,0,0,0,0,0.0000,0.0000,0.0000,0.0000,0.0000,0.0000,
522,3,0,0,0,0,0.0000,0.0000,0.0000,0.0000,0.0000,0.0000,
523,3,0,0,0,0,0.0000,0.0000,0.0000,0.0000,0.0000,0.0000,
524,3,0,0,0,0,0.0000,0.0000,0.0000,0.0000,0.0000,0.0000,
525,3,0,0,0,0,0.0000,0.0000,0.0000,0.0000,0.0000,0.0000,
526,3,0,0,0,0,0.0000,0.0000,0.0000,0.0000,0.0000,0.0000,
527,3,0,0,0,0,0.0000,0.0000,0.0000,0.0000,0.0000,0.0000,
528,3,0,0,0,0,0.0000,0.0000,0.0000,0.0000,0.0000,0.0000,
529,3,0,0,0,0,0.0000,0.0000,0.0000,0.0000,0.0000,0.0000,
530,3,0,0,0,0,0.0000,0.0000,0.0000,0.0000,0.0000,0.0000,
531,3,0,0,0,0,0.0000,0.0000,0.0000,0.0000,0.0000,0.0000,
532,3,0,0,0,0,0.0000,0.0000,0.0000,0.0000,0.0000,0.0000,
533,3,0,0,0,0,0.0000,0.0000,0.0000,0.0000,0.0000,0.0000,
534,3,0,0,0,0,0.0000,0.0000,0.0000,0.0000,0.0000,0.0000,
535,3,0,0,0,0,0.0000,0.0000,0.0000,0.0000,0.0000,0.0000,
536,3,0,0,0,0,0.0000,0.0000,0.0000,0.0000,0.0000,0.0000,
537,3,0,0,0,0,0.0000,0.0000,0.0000,0.0000,0.0000,0.0000,
538,3,0,0,0,0,0.0000,0.0000,0.0000,0.0000,0.0000,0.0000,
539,3,0,0,0,0,0.0000,0.0000,0.0000,0.0000,0.0000,0.0000,
540,3,0,0,0,0,0.0000,0.0000,0.0000,0.0000,0.0000,0.0000,
541,3,0,0,0,0,0.0000,0.0000,0.0000,0.0000,0.0000,0.0000,
542,3,0,0,0,0,0.0000,0.0000,0.0000,0.0000,0.0000,0.0000,
543,3,0,0,0,0,0.0000,0.0000,0.0000,0.0000,0.0000,0.0000,
544,3,0,0,0,0,0.0000,0.0000,0.0000,0.0000,0.0000,0.0000,
545,3,0,0,0,0,0.0000,0.0000,0.0000,0.0000,0.0000,0.0000,
546,3,0,0,0,0,0.0000,0.0000,0.0000,0.0000,0.0000,0.0000,
547,3,0,0,0,0,0.0000,0.0000,0.0000,0.0000,0.0000,0.0000,
548,3,0,0,0,0,0.0000,0.0000,0.0000,0.0000,0.0000,0.0000,
549,3,0,0,0,0,0.0000,0.0000,0.0000,0.0000,0.0000,0.0000,
550,3,0,0,0,0,0.0000,0.0000,0.0000,0.0000,0.0000,0.0000,
551,3,0,0,0,0,0.0000,0.0000,0.0000,0.0000,0.0000,0.0000,
552,3,0,0,0,0,0.0000,0.0000,0.0000,0.0000,0.0000,0.0000,
553,3,0,0,0,0,0.0000,0.0000,0.0000,0.0000,0.0000,0.0000,
554,3,0,0,0,0,0.0000,0.0000,0.0000,0.0000,0.0000,0.0000,
555,3,0,0,0,0,0.0000,0.0000,0.0000,0.0000,0.0000,0.0000,
556,3,0,0,0,0,0.0000,0.0000,0.0000,0.0000,0.0000,0.0000,
557,3,0,0,0,0,0.0000,0.0000,0.0000,0.0000,0.0000,0.0000,
558,3,0,0,0,0,0.0000,0.0000,0.0000,0.0000,0.0000,0.0000,
559,3,0,0,0,0,0.0000,0.0000,0.0000,0.0000,0.0000,0.0000,
560,3,0,0,0,0,0.0000,0.0000,0.0000,0.0000,0.0000,0.0000,
561,3,0,0,0,0,0.0000,0.0000,0.0000,0.0000,0.0000,0.0000,
562,3,0,0,0,0,0.0000,0.0000,0.0000,0.0000,0.0000,0.0000,
563,3,0,0,0,0,0.0000,0.0000,0.0000,0.0000,0.0000,0.0000,
564,3,0,0,0,0,0.0000,0.0000,0.0000,0.0000,0.0000,0.0000,
565,3,0,0,0,0,0.0000,0.0000,0.0000,0.0000,0.0000,0.0000,
566,3,0,0,0,0,0.0000,0.0000,0.0000,0.0000,0.0000,0.0000,
567,3,0,0,0,0,0.0000,0.0000,0.0000,0.0000,0.0000,0.0000,
568,3,0,0,0,0,0.0000,0.0000,0.0000,0.0000,0.0000,0.0000,
569,3,0,0,0,0,0.0000,0.0000,0.0000,0.0000,0.0000,0.0000,
570,3,0,0,0,0,0.0000,0.0000,0.0000,0.0000,0.0000,0.0000,
571,3,0,0,0,0,0.0000,0.0000,0.0000,0.0000,0.0000,0.0000,
572,3,0,0,0,0,0.0000,0.0000,0.0000,0.0000,0.0000,0.0000,
573,3,0,0,0,0,0.0000,0.0000,0.0000,0.0000,0.0000,0.0000,
574,3,0,0,0,0,0.0000,0.0000,0.0000,0.0000,0.0000,0.0000,
575,3,0,0,0,0,0.0000,0.0000,0.0000,0.0000,0.0000,0.0000,
576,3,0,0,0,0,0.0000,0.0000,0.0000,0.0000,0.0000,0.0000,
577,3,0,0,0,0,0.0000,0.0000,0.0000,0.0000,0.0000,0.0000,
578,3,0,0,0,0,0.0000,0.0000,0.0000,0.0000,0.0000,0.0000,
579,3,0,0,0,0,0.0000,0.0000,0.0000,0.0000,0.0000,0.0000,
580,3,0,0,0,0,0.0000,0.0000,0.0000,0.0000,0.0000,0.0000,
581,3,0,0,0,0,0.0000,0.0000,0.0000,0.0000,0.0000,0.0000,
582,3,0,0,0,0,0.0000,0.0000,0.0000,0.0000,0.0000,0.0000,
583,3,0,0,0,0,0.0000,0.0000,0.0000,0.0000,0.0000,0.0000,
584,3,0,0,0,0,0.0000,0.0000,0.0000,0.0000,0.0000,0.0000,
585,3,0,0,0,0,0.0000,0.0000,0.0000,0.0000,0.0000,0.0000,
586,3,0,0,0,0,0.0000,0.0000,0.0000,0.0000,0.0000,0.0000,
587,3,0,0,0,0,0.0000,0.0000,0.0000,0.0000,0.0000,0.0000,
588,3,0,0,0,0,0.0000,0.0000,0.0000,0.0000,0.0000,0.0000,
589,3,0,0,0,0,0.0000,0.0000,0.0000,0.0000,0.0000,0.0000,
590,3,0,0,0,0,0.0000,0.0000,0.0000,0.0000,0.0000,0.0000,
591,3,0,0,0,0,0.0000,0.0000,0.0000,0.0000,0.0000,0.0000,
592,3,0,0,0,0,0.0000,0.0000,0.0000,0.0000,0.0000,0.0000,
593,3,0,0,0,0,0.0000,0.0000,0.0000,0.0000,0.0000,0.0000,
594,3,0,0,0,0,0.0000,0.0000,0.0000,0.0000,0.0000,0.0000,
595,3,0,0,0,0,0.0000,0.0000,0.0000,0.0000,0.0000,0.0000,
596,3,0,0,0,0,0.0000,0.0000,0.0000,0.0000,0.0000,0.0000,
597,3,0,0,0,0,0.0000,0.0000,0.0000,0.0000,0.0000,0.0000,
598,3,0,0,0,0,0.0000,0.0000,0.0000,0.0000,0.0000,0.0000,
599,3,0,0,0,0,0.0000,0.0000,0.0000,0.0000,0.0000,0.0000,
600,3,0,0,0,0,0.0000,0.0000,0.0000,0.0000,0.0000,0.0000,
601,3,0,0,0,0,0.0000,0.0000,0.0000,0.0000,0.0000,0.0000,
