1,2,294,366,396,415,0.0000,0.0000,0.0000,0.0000,0.0000,0.0000,
2,2,294,366,396,415,0.0000,0.0000,0.0000,0.0000,0.0000,0.0000,
3,2,294,366,396,415,0.0000,0.0000,0.0000,0.0000,0.0000,0.0000,
4,2,294,366,396,415,0.0000,0.0000,0.0000,0.0000,0.0000,0.0000,
5,2,294,366,396,415,0.0000,0.0000,0.0000,0.0000,0.0000,0.0000,
6,2,294,366,396,415,0.0000,0.0000,0.0000,0.0000,0.0000,0.0000,
7,2,294,366,396,415,0.0000,0.0000,0.0000,0.0000,0.0000,0.0000,
8,2,294,366,396,415,0.0000,0.0000,0.0000,0.0000,0.0000,0.0000,
9,2,294,366,396,415,0.0000,0.0000,0.0000,0.0000,0.0000,0.0000,
10,2,294,366,396,415,0.0000,0.0000,0.0000,0.0000,0.0000,0.0000,
11,2,294,366,396,415,0.0000,0.0000,0.0000,0.0000,0.0000,0.0000,
12,2,294,366,396,415,0.0000,0.0000,0.0000,0.0000,0.0000,0.0000,
13,2,294,366,396,415,0.0000,0.0000,0.0000,0.0000,0.0000,0.0000,
14,2,294,366,396,415,0.0000,0.0000,0.0000,0.0000,0.0000,0.0000,
15,2,294,366,396,415,0.0000,0.0000,0.0000,0.0000,0.0000,0.0000,
16,2,294,366,396,415,0.0000,0.0000,0.0000,0.0000,0.0000,0.0000,
17,2,294,366,396,415,0.0000,0.0000,0.0000,0.0000,0.0000,0.0000,
18,2,294,366,396,415,0.0000,0.0000,0.0000,0.0000,0.0000,0.0000,
19,2,294,366,396,415,0.0000,0.0000,0.0000,0.0000,0.0000,0.0000,
20,2,294,366,396,415,0.0000,0.0000,0.0000,0.0000,0.0000,0.0000,
21,2,294,366,396,415,0.0000,0.0000,0.0000,0.0000,0.0000,0.0000,
22,2,294,366,396,415,0.0000,0.0000,0.0000,0.0000,0.0000,0.0000,
23,2,294,366,396,415,0.0000,0.0000,0.0000,0.0000,0.0000,0.0000,
24,2,294,366,396,415,0.0000,0.0000,0.0000,0.0000,0.0000,0.0000,
25,2,294,366,396,415,0.0000,0.0000,0.0000,0.0000,0.0000,0.0000,
26,2,294,366,396,415,0.0000,0.0000,0.0000,0.0000,0.0000,0.0000,
27,2,294,366,396,415,0.0000,0.0000,0.0000,0.0000,0.0000,0.0000,
28,2,294,366,396,415,0.0000,0.0000,0.0000,0.0000,0.0000,0.0000,
29,2,294,366,396,415,0.0000,0.0000,0.0000,0.0000,0.0000,0.0000,
30,2,294,366,396,415,0.0000,0.0000,0.0000,0.0000,0.0000,0.0000,
31,2,294,366,396,415,0.0000,0.0000,0.0000,0.0000,0.0000,0.0000,
32,2,294,366,396,415,0.0000,0.0000,0.0000,0.0000,0.0000,0.0000,
33,2,294,366,396,415,0.0000,0.0000,0.0000,0.0000,0.0000,0.0000,
34,2,294,366,396,415,0.0000,0.0000,0.0000,0.0000,0.0000,0.0000,
35,2,294,366,396,415,0.0000,0.0000,0.0000,0.0000,0.0000,0.0000,
36,2,294,366,396,415,0.0000,0.0000,0.0000,0.0000,0.0000,0.0000,
37,2,294,366,396,415,0.0000,0.0000,0.0000,0.0000,0.0000,0.0000,
38,2,294,366,396,415,0.0000,0.0000,0.0000,0.0000,0.0000,0.0000,
39,2,294,366,396,415,0.0000,0.0000,0.0000,0.0000,0.0000,0.0000,
40,2,294,366,396,415,0.0000,0.0000,0.0000,0.0000,0.0000,0.0000,
41,2,294,366,396,415,0.0000,0.0000,0.0000,0.0000,0.0000,0.0000,
42,2,294,366,396,415,0.0000,0.0000,0.0000,0.0000,0.0000,0.0000,
43,2,294,366,396,415,0.0000,0.0000,0.0000,0.0000,0.0000,0.0000,
44,2,294,366,396,415,0.0000,0.0000,0.0000,0.0000,0.0000,0.0000,
45,2,294,366,396,415,0.0000,0.0000,0.0000,0.0000,0.0000,0.0000,
46,2,294,366,396,415,0.0000,0.0000,0.0000,0.0000,0.0000,0.0000,
47,2,294,366,396,415,0.0000,0.0000,0.0000,0.0000,0.0000,0.0000,
48,2,294,366,396,415,0.0000,0.0000,0.0000,0.0000,0.0000,0.0000,
49,2,294,366,396,415,0.0000,0.0000,0.0000,0.0000,0.0000,0.0000,
50,2,294,366,396,415,0.0000,0.0000,0.0000,0.0000,0.0000,0.0000,
51,2,294,366,396,415,0.0000,0.0000,0.0000,0.0000,0.0000,0.0000,
52,2,294,366,396,415,0.0000,0.0000,0.0000,0.0000,0.0000,0.0000,
53,2,294,366,396,415,0.0000,0.0000,0.0000,0.0000,0.0000,0.0000,
54,2,294,366,396,415,0.0000,0.0000,0.0000,0.0000,0.0000,0.0000,
55,2,294,366,396,415,0.0000,0.0000,0.0000,0.0000,0.0000,0.0000,
56,2,294,366,396,415,0.0000,0.0000,0.0000,0.0000,0.0000,0.0000,
57,2,294,366,396,415,0.0000,0.0000,0.0000,0.0000,0.0000,0.0000,
58,2,294,366,396,415,0.0000,0.0000,0.0000,0.0000,0.0000,0.0000,
59,2,294,366,396,415,0.0000,0.0000,0.0000,0.0000,0.0000,0.0000,
60,2,294,366,396,415,0.0000,0.0000,0.0000,0.0000,0.0000,0.0000,
61,2,294,366,396,415,0.0000,0.0000,0.0000,0.0000,0.0000,0.0000,
62,2,294,366,396,415,0.0000,0.0000,0.0000,0.0000,0.0000,0.0000,
63,2,294,366,396,415,0.0000,0.0000,0.0000,0.0000,0.0000,0.0000,
64,2,294,366,396,415,0.0000,0.0000,0.0000,0.0000,0.0000,0.0000,
65,2,294,366,396,415,0.0000,0.0000,0.0000,0.0000,0.0000,0.0000,
66,2,294,366,396,415,0.0000,0.0000,0.0000,0.0000,0.0000,0.0000,
67,2,294,366,396,415,0.0000,0.0000,0.0000,0.0000,0.0000,0.0000,
68,2,294,366,396,415,0.0000,0.0000,0.0000,0.0000,0.0000,0.0000,
69,2,294,366,396,415,0.0000,0.0000,0.0000,0.0000,0.0000,0.0000,
70,2,294,366,396,415,0.0000,0.0000,0.0000,0.0000,0.0000,0.0000,
71,2,294,366,396,415,0.0000,0.0000,0.0000,0.0000,0.0000,0.0000,
72,2,294,366,396,415,0.0000,0.0000,0.0000,0.0000,0.0000,0.0000,
73,2,294,366,396,415,0.0000,0.0000,0.0000,0.0000,0.0000,0.0000,
74,2,294,366,396,415,0.0000,0.0000,0.0000,0.0000,0.0000,0.0000,
75,2,294,366,396,415,0.0000,0.0000,0.0000,0.0000,0.0000,0.0000,
76,2,294,366,396,415,0.0000,0.0000,0.0000,0.0000,0.0000,0.0000,
77,2,294,366,396,415,0.0000,0.0000,0.0000,0.0000,0.0000,0.0000,
78,2,294,366,396,415,0.0000,0.0000,0.0000,0.0000,0.0000,0.0000,
79,2,294,366,396,415,0.0000,0.0000,0.0000,0.0000,0.0000,0.0000,
80,2,294,366,396,415,0.0000,0.0000,0.0000,0.0000,0.0000,0.0000,
81,2,294,366,396,415,0.0000,0.0000,0.0000,0.0000,0.0000,0.0000,
82,2,294,366,396,415,0.0000,0.0000,0.0000,0.0000,0.0000,0.0000,
83,2,294,366,396,415,0.0000,0.0000,0.0000,0.0000,0.0000,0.0000,
84,2,294,366,396,415,0.0000,0.0000,0.0000,0.0000,0.0000,0.0000,
85,2,294,366,396,415,0.0000,0.0000,0.0000,0.0000,0.0000,0.0000,
86,2,294,366,396,415,0.0000,0.0000,0.0000,0.0000,0.0000,0.0000,
87,2,294,366,396,415,0.0000,0.0000,0.0000,0.0000,0.0000,0.0000,
88,2,294,366,396,415,0.0000,0.0000,0.0000,0.0000,0.0000,0.0000,
89,2,294,366,396,415,0.0000,0.0000,0.0000,0.0000,0.0000,0.0000,
90,2,294,366,396,415,0.0000,0.0000,0.0000,0.0000,0.0000,0.0000,
91,2,294,366,396,415,0.0000,0.0000,0.0000,0.0000,0.0000,0.0000,
92,2,294,366,396,415,0.0000,0.0000,0.0000,0.0000,0.0000,0.0000,
93,2,294,366,396,415,0.0000,0.0000,0.0000,0.0000,0.0000,0.0000,
94,2,294,366,396,415,0.0000,0.0000,0.0000,0.0000,0.0000,0.0000,
95,2,294,366,396,415,0.0000,0.0000,0.0000,0.0000,0.0000,0.0000,
96,2,294,366,396,415,0.0000,0.0000,0.0000,0.0000,0.0000,0.0000,
97,2,294,366,396,415,0.0000,0.0000,0.0000,0.0000,0.0000,0.0000,
98,2,294,366,396,415,0.0000,0.0000,0.0000,0.0000,0.0000,0.0000,
99,2,294,366,396,415,0.0000,0.0000,0.0000,0.0000,0.0000,0.0000,
100,2,294,366,396,415,0.0000,0.0000,0.0000,0.0000,0.0000,0.0000,
101,2,294,366,396,415,0.0000,0.0000,0.0000,0.0000,0.0000,0.0000,
102,2,294,366,396,415,0.0000,0.0000,0.0000,0.0000,0.0000,0.0000,
103,2,294,366,396,415,0.0000,0.0000,0.0000,0.0000,0.0000,0.0000,
104,2,294,366,396,415,0.0000,0.0000,0.0000,0.0000,0.0000,0.0000,
105,2,294,366,396,415,0.0000,0.0000,0.0000,0.0000,0.0000,0.0000,
106,2,294,366,396,415,0.0000,0.0000,0.0000,0.0000,0.0000,0.0000,
107,2,294,366,396,415,0.0000,0.0000,0.0000,0.0000,0.0000,0.0000,
108,2,294,366,396,415,0.0000,0.0000,0.0000,0.0000,0.0000,0.0000,
109,2,294,366,396,415,0.0000,0.0000,0.0000,0.0000,0.0000,0.0000,
110,2,294,366,396,415,0.0000,0.0000,0.0000,0.0000,0.0000,0.0000,
111,2,294,366,396,415,0.0000,0.0000,0.0000,0.0000,0.0000,0.0000,
112,2,294,366,396,415,0.0000,0.0000,0.0000,0.0000,0.0000,0.0000,
113,2,294,366,396,415,0.0000,0.0000,0.0000,0.0000,0.0000,0.0000,
114,2,294,366,396,415,0.0000,0.0000,0.0000,0.0000,0.0000,0.0000,
115,2,294,366,396,415,0.0000,0.0000,0.0000,0.0000,0.0000,0.0000,
116,2,294,366,396,415,0.0000,0.0000,0.0000,0.0000,0.0000,0.0000,
117,2,294,366,396,415,0.0000,0.0000,0.0000,0.0000,0.0000,0.0000,
118,2,294,366,396,415,0.0000,0.0000,0.0000,0.0000,0.0000,0.0000,
119,2,294,366,396,415,0.0000,0.0000,0.0000,0.0000,0.0000,0.0000,
120,2,294,366,396,415,0.0000,0.0000,0.0000,0.0000,0.0000,0.0000,
121,2,294,366,396,415,0.0000,0.0000,0.0000,0.0000,0.0000,0.0000,
122,2,294,366,396,415,0.0000,0.0000,0.0000,0.0000,0.0000,0.0000,
123,2,294,366,396,415,0.0000,0.0000,0.0000,0.0000,0.0000,0.0000,
124,2,294,366,396,415,0.0000,0.0000,0.0000,0.0000,0.0000,0.0000,
125,2,294,366,396,415,0.0000,0.0000,0.0000,0.0000,0.0000,0.0000,
126,2,301,376,389,410,1.0000,0.0000,-0.0000,1.0000,10.0001,9.9999,
127,2,301,376,389,410,0.9977,0.0163,0.0001,1.0027,9.7987,9.9511,
128,2,301,376,389,410,0.9985,-0.0138,-0.0013,0.9955,10.3911,10.0965,
129,2,301,376,389,410,1.0016,0.0196,0.0006,0.9915,9.4646,10.1618,
130,2,301,376,389,410,0.9983,0.0096,0.0009,0.9977,9.8804,10.0123,
131,2,301,376,389,410,0.9914,0.1157,0.0043,0.9667,7.7440,10.5615,
132,2,301,378,389,410,0.9935,0.0906,0.0050,0.9383,8.2530,11.1479,
133,2,301,378,389,410,1.0151,-0.0203,0.0011,0.9773,9.7064,10.4255,
134,2,301,380,389,410,1.0010,0.0506,0.0009,0.9455,8.8944,11.1529,
135,2,301,382,389,410,1.0017,0.0381,0.0025,0.9301,9.2580,11.2469,
136,2,0,0,0,0,0.0000,0.0000,0.0000,0.0000,0.0000,0.0000,
137,2,0,0,0,0,0.0000,0.0000,0.0000,0.0000,0.0000,0.0000,
138,2,0,0,0,0,0.0000,0.0000,0.0000,0.0000,0.0000,0.0000,
139,2,0,0,0,0,0.0000,0.0000,0.0000,0.0000,0.0000,0.0000,
140,2,0,0,0,0,0.0000,0.0000,0.0000,0.0000,0.0000,0.0000,
141,2,0,0,0,0,0.0000,0.0000,0.0000,0.0000,0.0000,0.0000,
142,2,0,0,0,0,0.0000,0.0000,0.0000,0.0000,0.0000,0.0000,
143,2,0,0,0,0,0.0000,0.0000,0.0000,0.0000,0.0000,0.0000,
144,2,0,0,0,0,0.0000,0.0000,0.0000,0.0000,0.0000,0.0000,
145,2,0,0,0,0,0.0000,0.0000,0.0000,0.0000,0.0000,0.0000,
146,2,0,0,0,0,0.0000,0.0000,0.0000,0.0000,0.0000,0.0000,
147,2,0,0,0,0,0.0000,0.0000,0.0000,0.0000,0.0000,0.0000,
148,2,0,0,0,0,0.0000,0.0000,0.0000,0.0000,0.0000,0.0000,
149,2,0,0,0,0,0.0000,0.0000,0.0000,0.0000,0.0000,0.0000,
150,2,0,0,0,0,0.0000,0.0000,0.0000,0.0000,0.0000,0.0000,
151,2,0,0,0,0,0.0000,0.0000,0.0000,0.0000,0.0000,0.0000,
152,2,0,0,0,0,0.0000,0.0000,0.0000,0.0000,0.0000,0.0000,
153,2,0,0,0,0,0.0000,0.0000,0.0000,0.0000,0.0000,0.0000,
154,2,0,0,0,0,0.0000,0.0000,0.0000,0.0000,0.0000,0.0000,
155,2,0,0,0,0,0.0000,0.0000,0.0000,0.0000,0.0000,0.0000,
156,2,0,0,0,0,0.0000,0.0000,0.0000,0.0000,0.0000,0.0000,
157,2,0,0,0,0,0.0000,0.0000,0.0000,0.0000,0.0000,0.0000,
158,2,0,0,0,0,0.0000,0.0000,0.0000,0.0000,0.0000,0.0000,
159,2,0,0,0,0,0.0000,0.0000,0.0000,0.0000,0.0000,0.0000,
160,2,0,0,0,0,0.0000,0.0000,0.0000,0.0000,0.0000,0.0000,
161,2,0,0,0,0,0.0000,0.0000,0.0000,0.0000,0.0000,0.0000,
162,2,0,0,0,0,0.0000,0.0000,0.0000,0.0000,0.0000,0.0000,
163,2,0,0,0,0,0.0000,0.0000,0.0000,0.0000,0.0000,0.0000,
164,2,0,0,0,0,0.0000,0.0000,0.0000,0.0000,0.0000,0.0000,
165,2,0,0,0,0,0.0000,0.0000,0.0000,0.0000,0.0000,0.0000,
166,2,0,0,0,0,0.0000,0.0000,0.0000,0.0000,0.0000,0.0000,
167,2,0,0,0,0,0.0000,0.0000,0.0000,0.0000,0.0000,0.0000,
168,2,0,0,0,0,0.0000,0.0000,0.0000,0.0000,0.0000,0.0000,
169,2,0,0,0,0,0.0000,0.0000,0.0000,0.0000,0.0000,0.0000,
170,2,0,0,0,0,0.0000,0.0000,0.0000,0.0000,0.0000,0.0000,
171,2,0,0,0,0,0.0000,0.0000,0.0000,0.0000,0.0000,0.0000,
172,2,0,0,0,0,0.0000,0.0000,0.0000,0.0000,0.0000,0.0000,
173,2,0,0,0,0,0.0000,0.0000,0.0000,0.0000,0.0000,0.0000,
174,2,0,0,0,0,0.0000,0.0000,0.0000,0.0000,0.0000,0.0000,
175,2,0,0,0,0,0.0000,0.0000,0.0000,0.0000,0.0000,0.0000,
176,2,0,0,0,0,0.0000,0.0000,0.0000,0.0000,0.0000,0.0000,
177,2,0,0,0,0,0.0000,0.0000,0.0000,0.0000,0.0000,0.0000,
178,2,0,0,0,0,0.0000,0.0000,0.0000,0.0000,0.0000,0.0000,
179,2,0,0,0,0,0.0000,0.0000,0.0000,0.0000,0.0000,0.0000,
180,2,0,0,0,0,0.0000,0.0000,0.0000,0.0000,0.0000,0.0000,
181,2,0,0,0,0,0.0000,0.0000,0.0000,0.0000,0.0000,0.0000,
182,2,0,0,0,0,0.0000,0.0000,0.0000,0.0000,0.0000,0.0000,
183,2,0,0,0,0,0.0000,0.0000,0.0000,0.0000,0.0000,0.0000,
184,2,0,0,0,0,0.0000,0.0000,0.0000,0.0000,0.0000,0.0000,
185,2,0,0,0,0,0.0000,0.0000,0.0000,0.0000,0.0000,0.0000,
186,2,0,0,0,0,0.0000,0.0000,0.0000,0.0000,0.0000,0.0000,
187,2,0,0,0,0,0.0000,0.0000,0.0000,0.0000,0.0000,0.0000,
188,2,0,0,0,0,0.0000,0.0000,0.0000,0.0000,0.0000,0.0000,
189,2,0,0,0,0,0.0000,0.0000,0.0000,0.0000,0.0000,0.0000,
190,2,0,0,0,0,0.0000,0.0000,0.0000,0.0000,0.0000,0.0000,
191,2,0,0,0,0,0.0000,0.0000,0.0000,0.0000,0.0000,0.0000,
192,2,0,0,0,0,0.0000,0.0000,0.0000,0.0000,0.0000,0.0000,
193,2,0,0,0,0,0.0000,0.0000,0.0000,0.0000,0.0000,0.0000,
194,2,0,0,0,0,0.0000,0.0000,0.0000,0.0000,0.0000,0.0000,
195,2,0,0,0,0,0.0000,0.0000,0.0000,0.0000,0.0000,0.0000,
196,2,0,0,0,0,0.0000,0.0000,0.0000,0.0000,0.0000,0.0000,
197,2,0,0,0,0,0.0000,0.0000,0.0000,0.0000,0.0000,0.0000,
198,2,0,0,0,0,0.0000,0.0000,0.0000,0.0000,0.0000,0.0000,
199,2,0,0,0,0,0.0000,0.0000,0.0000,0.0000,0.0000,0.0000,
200,2,0,0,0,0,0.0000,0.0000,0.0000,0.0000,0.0000,0.0000,
201,2,0,0,0,0,0.0000,0.0000,0.0000,0.0000,0.0000,0.0000,
202,2,0,0,0,0,0.0000,0.0000,0.0000,0.0000,0.0000,0.0000,
203,2,0,0,0,0,0.0000,0.0000,0.0000,0.0000,0.0000,0.0000,
204,2,0,0,0,0,0.0000,0.0000,0.0000,0.0000,0.0000,0.0000,
205,2,0,0,0,0,0.0000,0.0000,0.0000,0.0000,0.0000,0.0000,
206,2,0,0,0,0,0.0000,0.0000,0.0000,0.0000,0.0000,0.0000,
207,2,0,0,0,0,0.0000,0.0000,0.0000,0.0000,0.0000,0.0000,
208,2,0,0,0,0,0.0000,0.0000,0.0000,0.0000,0.0000,0.0000,
209,2,0,0,0,0,0.0000,0.0000,0.0000,0.0000,0.0000,0.0000,
210,2,0,0,0,0,0.0000,0.0000,0.0000,0.0000,0.0000,0.0000,
211,2,0,0,0,0,0.0000,0.0000,0.0000,0.0000,0.0000,0.0000,
212,2,0,0,0,0,0.0000,0.0000,0.0000,0.0000,0.0000,0.0000,
213,2,0,0,0,0,0.0000,0.0000,0.0000,0.0000,0.0000,0.0000,
214,2,0,0,0,0,0.0000,0.0000,0.0000,0.0000,0.0000,0.0000,
215,2,0,0,0,0,0.0000,0.0000,0.0000,0.0000,0.0000,0.0000,
216,2,0,0,0,0,0.0000,0.0000,0.0000,0.0000,0.0000,0.0000,
217,2,0,0,0,0,0.0000,0.0000,0.0000,0.0000,0.0000,0.0000,
218,2,0,0,0,0,0.0000,0.0000,0.0000,0.0000,0.0000,0.0000,
219,2,0,0,0,0,0.0000,0.0000,0.0000,0.0000,0.0000,0.0000,
220,2,0,0,0,0,0.0000,0.0000,0.0000,0.0000,0.0000,0.0000,
221,2,0,0,0,0,0.0000,0.0000,0.0000,0.0000,0.0000,0.0000,
222,2,0,0,0,0,0.0000,0.0000,0.0000,0.0000,0.0000,0.0000,
223,2,0,0,0,0,0.0000,0.0000,0.0000,0.0000,0.0000,0.0000,
224,2,0,0,0,0,0.0000,0.0000,0.0000,0.0000,0.0000,0.0000,
225,2,0,0,0,0,0.0000,0.0000,0.0000,0.0000,0.0000,0.0000,
226,2,0,0,0,0,0.0000,0.0000,0.0000,0.0000,0.0000,0.0000,
227,2,0,0,0,0,0.0000,0.0000,0.0000,0.0000,0.0000,0.0000,
228,2,0,0,0,0,0.0000,0.0000,0.0000,0.0000,0.0000,0.0000,
229,2,0,0,0,0,0.0000,0.0000,0.0000,0.0000,0.0000,0.0000,
230,2,0,0,0,0,0.0000,0.0000,0.0000,0.0000,0.0000,0.0000,
231,2,0,0,0,0,0.0000,0.0000,0.0000,0.0000,0.0000,0.0000,
232,2,0,0,0,0,0.0000,0.0000,0.0000,0.0000,0.0000,0.0000,
233,2,0,0,0,0,0.0000,0.0000,0.0000,0.0000,0.0000,0.0000,
234,2,0,0,0,0,0.0000,0.0000,0.0000,0.0000,0.0000,0.0000,
235,2,0,0,0,0,0.0000,0.0000,0.0000,0.0000,0.0000,0.0000,
236,2,0,0,0,0,0.0000,0.0000,0.0000,0.0000,0.0000,0.0000,
237,2,0,0,0,0,0.0000,0.0000,0.0000,0.0000,0.0000,0.0000,
238,2,0,0,0,0,0.0000,0.0000,0.0000,0.0000,0.0000,0.0000,
239,2,0,0,0,0,0.0000,0.0000,0.0000,0.0000,0.0000,0.0000,
240,2,0,0,0,0,0.0000,0.0000,0.0000,0.0000,0.0000,0.0000,
241,2,0,0,0,0,0.0000,0.0000,0.0000,0.0000,0.0000,0.0000,
242,2,0,0,0,0,0.0000,0.0000,0.0000,0.0000,0.0000,0.0000,
243,2,0,0,0,0,0.0000,0.0000,0.0000,0.0000,0.0000,0.0000,
244,2,0,0,0,0,0.0000,0.0000,0.0000,0.0000,0.0000,0.0000,
245,2,0,0,0,0,0.0000,0.0000,0.0000,0.0000,0.0000,0.0000,
246,2,0,0,0,0,0.0000,0.0000,0.0000,0.0000,0.0000,0.0000,
247,2,0,0,0,0,0.0000,0.0000,0.0000,0.0000,0.0000,0.0000,
248,2,0,0,0,0,0.0000,0.0000,0.0000,0.0000,0.0000,0.0000,
249,2,0,0,0,0,0.0000,0.0000,0.0000,0.0000,0.0000,0.0000,
250,2,0,0,0,0,0.0000,0.0000,0.0000,0.0000,0.0000,0.0000,
251,2,0,0,0,0,0.0000,0.0000,0.0000,0.0000,0.0000,0.0000,
252,2,0,0,0,0,0.0000,0.0000,0.0000,0.0000,0.0000,0.0000,
253,2,0,0,0,0,0.0000,0.0000,0.0000,0.0000,0.0000,0.0000,
254,2,0,0,0,0,0.0000,0.0000,0.0000,0.0000,0.0000,0.0000,
255,2,0,0,0,0,0.0000,0.0000,0.0000,0.0000,0.0000,0.0000,
256,2,0,0,0,0,0.0000,0.0000,0.0000,0.0000,0.0000,0.0000,
257,2,0,0,0,0,0.0000,0.0000,0.0000,0.0000,0.0000,0.0000,
258,2,0,0,0,0,0.0000,0.0000,0.0000,0.0000,0.0000,0.0000,
259,2,0,0,0,0,0.0000,0.0000,0.0000,0.0000,0.0000,0.0000,
260,2,0,0,0,0,0.0000,0.0000,0.0000,0.0000,0.0000,0.0000,
261,2,0,0,0,0,0.0000,0.0000,0.0000,0.0000,0.0000,0.0000,
262,2,0,0,0,0,0.0000,0.0000,0.0000,0.0000,0.0000,0.0000,
263,2,0,0,0,0,0.0000,0.0000,0.0000,0.0000,0.0000,0.0000,
264,2,0,0,0,0,0.0000,0.0000,0.0000,0.0000,0.0000,0.0000,
265,2,0,0,0,0,0.0000,0.0000,0.0000,0.0000,0.0000,0.0000,
266,2,0,0,0,0,0.0000,0.0000,0.0000,0.0000,0.0000,0.0000,
267,2,0,0,0,0,0.0000,0.0000,0.0000,0.0000,0.0000,0.0000,
268,2,0,0,0,0,0.0000,0.0000,0.0000,0.0000,0.0000,0.0000,
269,2,0,0,0,0,0.0000,0.0000,0.0000,0.0000,0.0000,0.0000,
270,2,0,0,0,0,0.0000,0.0000,0.0000,0.0000,0.0000,0.0000,
271,2,0,0,0,0,0.0000,0.0000,0.0000,0.0000,0.0000,0.0000,
272,2,0,0,0,0,0.0000,0.0000,0.0000,0.0000,0.0000,0.0000,
273,2,0,0,0,0,0.0000,0.0000,0.0000,0.0000,0.0000,0.0000,
274,2,0,0,0,0,0.0000,0.0000,0.0000,0.0000,0.0000,0.0000,
275,2,0,0,0,0,0.0000,0.0000,0.0000,0.0000,0.0000,0.0000,
276,2,0,0,0,0,0.0000,0.0000,0.0000,0.0000,0.0000,0.0000,
277,2,0,0,0,0,0.0000,0.0000,0.0000,0.0000,0.0000,0.0000,
278,2,0,0,0,0,0.0000,0.0000,0.0000,0.0000,0.0000,0.0000,
279,2,0,0,0,0,0.0000,0.0000,0.0000,0.0000,0.0000,0.0000,
280,2,0,0,0,0,0.0000,0.0000,0.0000,0.0000,0.0000,0.0000,
281,2,0,0,0,0,0.0000,0.0000,0.0000,0.0000,0.0000,0.0000,
282,2,0,0,0,0,0.0000,0.0000,0.0000,0.0000,0.0000,0.0000,
283,2,0,0,0,0,0.0000,0.0000,0.0000,0.0000,0.0000,0.0000,
284,2,0,0,0,0,0.0000,0.0000,0.0000,0.0000,0.0000,0.0000,
285,2,0,0,0,0,0.0000,0.0000,0.0000,0.0000,0.0000,0.0000,
286,2,0,0,0,0,0.0000,0.0000,0.0000,0.0000,0.0000,0.0000,
287,2,0,0,0,0,0.0000,0.0000,0.0000,0.0000,0.0000,0.0000,
288,2,0,0,0,0,0.0000,0.0000,0.0000,0.0000,0.0000,0.0000,
289,2,0,0,0,0,0.0000,0.0000,0.0000,0.0000,0.0000,0.0000,
290,2,0,0,0,0,0.0000,0.0000,0.0000,0.0000,0.0000,0.0000,
291,2,0,0,0,0,0.0000,0.0000,0.0000,0.0000,0.0000,0.0000,
292,2,0,0,0,0,0.0000,0.0000,0.0000,0.0000,0.0000,0.0000,
293,2,0,0,0,0,0.0000,0.0000,0.0000,0.0000,0.0000,0.0000,
294,2,0,0,0,0,0.0000,0.0000,0.0000,0.0000,0.0000,0.0000,
295,2,0,0,0,0,0.0000,0.0000,0.0000,0.0000,0.0000,0.0000,
296,2,0,0,0,0,0.0000,0.0000,0.0000,0.0000,0.0000,0.0000,
297,2,0,0,0,0,0.0000,0.0000,0.0000,0.0000,0.0000,0.0000,
298,2,0,0,0,0,0.0000,0.0000,0.0000,0.0000,0.0000,0.0000,
299,2,0,0,0,0,0.0000,0.0000,0.0000,0.0000,0.0000,0.0000,
300,2,0,0,0,0,0.0000,0.0000,0.0000,0.0000,0.0000,0.0000,
301,2,0,0,0,0,0.0000,0.0000,0.0000,0.0000,0.0000,0.0000,
302,2,0,0,0,0,0.0000,0.0000,0.0000,0.0000,0.0000,0.0000,
303,2,0,0,0,0,0.0000,0.0000,0.0000,0.0000,0.0000,0.0000,
304,2,0,0,0,0,0.0000,0.0000,0.0000,0.0000,0.0000,0.0000,
305,2,0,0,0,0,0.0000,0.0000,0.0000,0.0000,0.0000,0.0000,
306,2,0,0,0,0,0.0000,0.0000,0.0000,0.0000,0.0000,0.0000,
307,2,0,0,0,0,0.0000,0.0000,0.0000,0.0000,0.0000,0.0000,
308,2,0,0,0,0,0.0000,0.0000,0.0000,0.0000,0.0000,0.0000,
309,2,0,0,0,0,0.0000,0.0000,0.0000,0.0000,0.0000,0.0000,
310,2,0,0,0,0,0.0000,0.0000,0.0000,0.0000,0.0000,0.0000,
311,2,0,0,0,0,0.0000,0.0000,0.0000,0.0000,0.0000,0.0000,
312,2,0,0,0,0,0.0000,0.0000,0.0000,0.0000,0.0000,0.0000,
313,2,0,0,0,0,0.0000,0.0000,0.0000,0.0000,0.0000,0.0000,
314,2,0,0,0,0,0.0000,0.0000,0.0000,0.0000,0.0000,0.0000,
315,2,0,0,0,0,0.0000,0.0000,0.0000,0.0000,0.0000,0.0000,
316,2,0,0,0,0,0.0000,0.0000,0.0000,0.0000,0.0000,0.0000,
317,2,0,0,0,0,0.0000,0.0000,0.0000,0.0000,0.0000,0.0000,
318,2,0,0,0,0,0.0000,0.0000,0.0000,0.0000,0.0000,0.0000,
319,2,0,0,0,0,0.0000,0.0000,0.0000,0.0000,0.0000,0.0000,
320,2,0,0,0,0,0.0000,0.0000,0.0000,0.0000,0.0000,0.0000,
321,2,0,0,0,0,0.0000,0.0000,0.0000,0.0000,0.0000,0.0000,
322,2,0,0,0,0,0.0000,0.0000,0.0000,0.0000,0.0000,0.0000,
323,2,0,0,0,0,0.0000,0.0000,0.0000,0.0000,0.0000,0.0000,
324,2,0,0,0,0,0.0000,0.0000,0.0000,0.0000,0.0000,0.0000,
325,2,0,0,0,0,0.0000,0.0000,0.0000,0.0000,0.0000,0.0000,
326,2,0,0,0,0,0.0000,0.0000,0.0000,0.0000,0.0000,0.0000,
327,2,0,0,0,0,0.0000,0.0000,0.0000,0.0000,0.0000,0.0000,
328,2,0,0,0,0,0.0000,0.0000,0.0000,0.0000,0.0000,0.0000,
329,2,0,0,0,0,0.0000,0.0000,0.0000,0.0000,0.0000,0.0000,
330,2,0,0,0,0,0.0000,0.0000,0.0000,0.0000,0.0000,0.0000,
331,2,0,0,0,0,0.0000,0.0000,0.0000,0.0000,0.0000,0.0000,
332,2,0,0,0,0,0.0000,0.0000,0.0000,0.0000,0.0000,0.0000,
333,2,0,0,0,0,0.0000,0.0000,0.0000,0.0000,0.0000,0.0000,
334,2,0,0,0,0,0.0000,0.0000,0.0000,0.0000,0.0000,0.0000,
335,2,0,0,0,0,0.0000,0.0000,0.0000,0.0000,0.0000,0.0000,
336,2,0,0,0,0,0.0000,0.0000,0.0000,0.0000,0.0000,0.0000,
337,2,0,0,0,0,0.0000,0.0000,0.0000,0.0000,0.0000,0.0000,
338,2,0,0,0,0,0.0000,0.0000,0.0000,0.0000,0.0000,0.0000,
339,2,0,0,0,0,0.0000,0.0000,0.0000,0.0000,0.0000,0.0000,
340,2,0,0,0,0,0.0000,0.0000,0.0000,0.0000,0.0000,0.0000,
341,2,0,0,0,0,0.0000,0.0000,0.0000,0.0000,0.0000,0.0000,
342,2,0,0,0,0,0.0000,0.0000,0.0000,0.0000,0.0000,0.0000,
343,2,0,0,0,0,0.0000,0.0000,0.0000,0.0000,0.0000,0.0000,
344,2,0,0,0,0,0.0000,0.0000,0.0000,0.0000,0.0000,0.0000,
345,2,0,0,0,0,0.0000,0.0000,0.0000,0.0000,0.0000,0.0000,
346,2,0,0,0,0,0.0000,0.0000,0.0000,0.0000,0.0000,0.0000,
347,2,0,0,0,0,0.0000,0.0000,0.0000,0.0000,0.0000,0.0000,
348,2,0,0,0,0,0.0000,0.0000,0.0000,0.0000,0.0000,0.0000,
349,2,0,0,0,0,0.0000,0.0000,0.0000,0.0000,0.0000,0.0000,
350,2,0,0,0,0,0.0000,0.0000,0.0000,0.0000,0.0000,0.0000,
351,2,0,0,0,0,0.0000,0.0000,0.0000,0.0000,0.0000,0.0000,
352,2,0,0,0,0,0.0000,0.0000,0.0000,0.0000,0.0000,0.0000,
353,2,0,0,0,0,0.0000,0.0000,0.0000,0.0000,0.0000,0.0000,
354,2,0,0,0,0,0.0000,0.0000,0.0000,0.0000,0.0000,0.0000,
355,2,0,0,0,0,0.0000,0.0000,0.0000,0.0000,0.0000,0.0000,
356,2,0,0,0,0,0.0000,0.0000,0.0000,0.0000,0.0000,0.0000,
357,2,0,0,0,0,0.0000,0.0000,0.0000,0.0000,0.0000,0.0000,
358,2,0,0,0,0,0.0000,0.0000,0.0000,0.0000,0.0000,0.0000,
359,2,0,0,0,0,0.0000,0.0000,0.0000,0.0000,0.0000,0.0000,
360,2,0,0,0,0,0.0000,0.0000,0.0000,0.0000,0.0000,0.0000,
361,2,0,0,0,0,0.0000,0.0000,0.0000,0.0000,0.0000,0.0000,
362,2,0,0,0,0,0.0000,0.0000,0.0000,0.0000,0.0000,0.0000,
363,2,0,0,0,0,0.0000,0.0000,0.0000,0.0000,0.0000,0.0000,
364,2,0,0,0,0,0.0000,0.0000,0.0000,0.0000,0.0000,0.0000,
365,2,0,0,0,0,0.0000,0.0000,0.0000,0.0000,0.0000,0.0000,
366,2,0,0,0,0,0.0000,0.0000,0.0000,0.0000,0.0000,0.0000,
367,2,0,0,0,0,0.0000,0.0000,0.0000,0.0000,0.0000,0.0000,
368,2,0,0,0,0,0.0000,0.0000,0.0000,0.0000,0.0000,0.0000,
369,2,0,0,0,0,0.0000,0.0000,0.0000,0.0000,0.0000,0.0000,
370,2,0,0,0,0,0.0000,0.0000,0.0000,0.0000,0.0000,0.0000,
371,2,0,0,0,0,0.0000,0.0000,0.0000,0.0000,0.0000,0.0000,
372,2,0,0,0,0,0.0000,0.0000,0.0000,0.0000,0.0000,0.0000,
373,2,0,0,0,0,0.0000,0.0000,0.0000,0.0000,0.0000,0.0000,
374,2,0,0,0,0,0.0000,0.0000,0.0000,0.0000,0.0000,0.0000,
375,2,0,0,0,0,0.0000,0.0000,0.0000,0.0000,0.0000,0.0000,
376,2,0,0,0,0,0.0000,0.0000,0.0000,0.0000,0.0000,0.0000,
377,2,0,0,0,0,0.0000,0.0000,0.0000,0.0000,0.0000,0.0000,
378,2,0,0,0,0,0.0000,0.0000,0.0000,0.0000,0.0000,0.0000,
379,2,0,0,0,0,0.0000,0.0000,0.0000,0.0000,0.0000,0.0000,
380,2,0,0,0,0,0.0000,0.0000,0.0000,0.0000,0.0000,0.0000,
381,2,0,0,0,0,0.0000,0.0000,0.0000,0.0000,0.0000,0.0000,
382,2,0,0,0,0,0.0000,0.0000,0.0000,0.0000,0.0000,0.0000,
383,2,0,0,0,0,0.0000,0.0000,0.0000,0.0000,0.0000,0.0000,
384,2,0,0,0,0,0.0000,0.0000,0.0000,0.0000,0.0000,0.0000,
385,2,0,0,0,0,0.0000,0.0000,0.0000,0.0000,0.0000,0.0000,
386,2,0,0,0,0,0.0000,0.0000,0.0000,0.0000,0.0000,0.0000,
387,2,0,0,0,0,0.0000,0.0000,0.0000,0.0000,0.0000,0.0000,
388,2,0,0,0,0,0.0000,0.0000,0.0000,0.0000,0.0000,0.0000,
389,2,0,0,0,0,0.0000,0.0000,0.0000,0.0000,0.0000,0.0000,
390,2,0,0,0,0,0.0000,0.0000,0.0000,0.0000,0.0000,0.0000,
391,2,0,0,0,0,0.0000,0.0000,0.0000,0.0000,0.0000,0.0000,
392,2,0,0,0,0,0.0000,0.0000,0.0000,0.0000,0.0000,0.0000,
393,2,0,0,0,0,0.0000,0.0000,0.0000,0.0000,0.0000,0.0000,
394,2,0,0,0,0,0.0000,0.0000,0.0000,0.0000,0.0000,0.0000,
395,2,0,0,0,0,0.0000,0.0000,0.0000,0.0000,0.0000,0.0000,
396,2,0,0,0,0,0.0000,0.0000,0.0000,0.0000,0.0000,0.0000,
397,2,0,0,0,0,0.0000,0.0000,0.0000,0.0000,0.0000,0.0000,
398,2,0,0,0,0,0.0000,0.0000,0.0000,0.0000,0.0000,0.0000,
399,2,0,0,0,0,0.0000,0.0000,0.0000,0.0000,0.0000,0.0000,
400,2,0,0,0,0,0.0000,0.0000,0.0000,0.0000,0.0000,0.0000,
401,2,0,0,0,0,0.0000,0.0000,0.0000,0.0000,0.0000,0.0000,
402,2,0,0,0,0,0.0000,0.0000,0.0000,0.0000,0.0000,0.0000,
403,2,0,0,0,0,0.0000,0.0000,0.0000,0.0000,0.0000,0.0000,
404,2,0,0,0,0,0.0000,0.0000,0.0000,0.0000,0.0000,0.0000,
405,2,0,0,0,0,0.0000,0.0000,0.0000,0.0000,0.0000,0.0000,
406,2,0,0,0,0,0.0000,0.0000,0.0000,0.0000,0.0000,0.0000,
407,2,0,0,0,0,0.0000,0.0000,0.0000,0.0000,0.0000,0.0000,
408,2,0,0,0,0,0.0000,0.0000,0.0000,0.0000,0.0000,0.0000,
409,2,0,0,0,0,0.0000,0.0000,0.0000,0.0000,0.0000,0.0000,
410,2,0,0,0,0,0.0000,0.0000,0.0000,0.0000,0.0000,0.0000,
411,2,0,0,0,0,0.0000,0.0000,0.0000,0.0000,0.0000,0.0000,
412,2,0,0,0,0,0.0000,0.0000,0.0000,0.0000,0.0000,0.0000,
413,2,0,0,0,0,0.0000,0.0000,0.0000,0.0000,0.0000,0.0000,
414,2,0,0,0,0,0.0000,0.0000,0.0000,0.0000,0.0000,0.0000,
415,2,0,0,0,0,0.0000,0.0000,0.0000,0.0000,0.0000,0.0000,
416,2,0,0,0,0,0.0000,0.0000,0.0000,0.0000,0.0000,0.0000,
417,2,0,0,0,0,0.0000,0.0000,0.0000,0.0000,0.0000,0.0000,
418,2,0,0,0,0,0.0000,0.0000,0.0000,0.0000,0.0000,0.0000,
419,2,0,0,0,0,0.0000,0.0000,0.0000,0.0000,0.0000,0.0000,
420,2,0,0,0,0,0.0000,0.0000,0.0000,0.0000,0.0000,0.0000,
421,2,0,0,0,0,0.0000,0.0000,0.0000,0.0000,0.0000,0.0000,
422,2,0,0,0,0,0.0000,0.0000,0.0000,0.0000,0.0000,0.0000,
423,2,0,0,0,0,0.0000,0.0000,0.0000,0.0000,0.0000,0.0000,
424,2,0,0,0,0,0.0000,0.0000,0.0000,0.0000,0.0000,0.0000,
425,2,0,0,0,0,0.0000,0.0000,0.0000,0.0000,0.0000,0.0000,
426,2,0,0,0,0,0.0000,0.0000,0.0000,0.0000,0.0000,0.0000,
427,2,0,0,0,0,0.0000,0.0000,0.0000,0.0000,0.0000,0.0000,
428,2,0,0,0,0,0.0000,0.0000,0.0000,0.0000,0.0000,0.0000,
429,2,0,0,0,0,0.0000,0.0000,0.0000,0.0000,0.0000,0.0000,
430,2,0,0,0,0,0.0000,0.0000,0.0000,0.0000,0.0000,0.0000,
431,2,0,0,0,0,0.0000,0.0000,0.0000,0.0000,0.0000,0.0000,
432,2,0,0,0,0,0.0000,0.0000,0.0000,0.0000,0.0000,0.0000,
433,2,0,0,0,0,0.0000,0.0000,0.0000,0.0000,0.0000,0.0000,
434,2,0,0,0,0,0.0000,0.0000,0.0000,0.0000,0.0000,0.0000,
435,2,0,0,0,0,0.0000,0.0000,0.0000,0.0000,0.0000,0.0000,
436,2,0,0,0,0,0.0000,0.0000,0.0000,0.0000,0.0000,0.0000,
437,2,0,0,0,0,0.0000,0.0000,0.0000,0.0000,0.0000,0.0000,
438,2,0,0,0,0,0.0000,0.0000,0.0000,0.0000,0.0000,0.0000,
439,2,0,0,0,0,0.0000,0.0000,0.0000,0.0000,0.0000,0.0000,
440,2,0,0,0,0,0.0000,0.0000,0.0000,0.0000,0.0000,0.0000,
441,2,0,0,0,0,0.0000,0.0000,0.0000,0.0000,0.0000,0.0000,
442,2,0,0,0,0,0.0000,0.0000,0.0000,0.0000,0.0000,0.0000,
443,2,0,0,0,0,0.0000,0.0000,0.0000,0.0000,0.0000,0.0000,
444,2,0,0,0,0,0.0000,0.0000,0.0000,0.0000,0.0000,0.0000,
445,2,0,0,0,0,0.0000,0.0000,0.0000,0.0000,0.0000,0.0000,
446,2,0,0,0,0,0.0000,0.0000,0.0000,0.0000,0.0000,0.0000,
447,2,0,0,0,0,0.0000,0.0000,0.0000,0.0000,0.0000,0.0000,
448,2,0,0,0,0,0.0000,0.0000,0.0000,0.0000,0.0000,0.0000,
449,2,0,0,0,0,0.0000,0.0000,0.0000,0.0000,0.0000,0.0000,
450,2,0,0,0,0,0.0000,0.0000,0.0000,0.0000,0.0000,0.0000,
451,2,0,0,0,0,0.0000,0.0000,0.0000,0.0000,0.0000,0.0000,
452,2,0,0,0,0,0.0000,0.0000,0.0000,0.0000,0.0000,0.0000,
453,2,0,0,0,0,0.0000,0.0000,0.0000,0.0000,0.0000,0.0000,
454,2,0,0,0,0,0.0000,0.0000,0.0000,0.0000,0.0000,0.0000,
455,2,0,0,0,0,0.0000,0.0000,0.0000,0.0000,0.0000,0.0000,
456,2,0,0,0,0,0.0000,0.0000,0.0000,0.0000,0.0000,0.0000,
457,2,0,0,0,0,0.0000,0.0000,0.0000,0.0000,0.0000,0.0000,
458,2,0,0,0,0,0.0000,0.0000,0.0000,0.0000,0.0000,0.0000,
459,2,0,0,0,0,0.0000,0.0000,0.0000,0.0000,0.0000,0.0000,
460,2,0,0,0,0,0.0000,0.0000,0.0000,0.0000,0.0000,0.0000,
461,2,0,0,0,0,0.0000,0.0000,0.0000,0.0000,0.0000,0.0000,
462,2,0,0,0,0,0.0000,0.0000,0.0000,0.0000,0.0000,0.0000,
463,2,0,0,0,0,0.0000,0.0000,0.0000,0.0000,0.0000,0.0000,
464,2,0,0,0,0,0.0000,0.0000,0.0000,0.0000,0.0000,0.0000,
465,2,0,0,0,0,0.0000,0.0000,0.0000,0.0000,0.0000,0.0000,
466,2,0,0,0,0,0.0000,0.0000,0.0000,0.0000,0.0000,0.0000,
467,2,0,0,0,0,0.0000,0.0000,0.0000,0.0000,0.0000,0.0000,
468,2,0,0,0,0,0.0000,0.0000,0.0000,0.0000,0.0000,0.0000,
469,2,0,0,0,0,0.0000,0.0000,0.0000,0.0000,0.0000,0.0000,
470,2,0,0,0,0,0.0000,0.0000,0.0000,0.0000,0.0000,0.0000,
471,2,0,0,0,0,0.0000,0.0000,0.0000,0.0000,0.0000,0.0000,
472,2,0,0,0,0,0.0000,0.0000,0.0000,0.0000,0.0000,0.0000,
473,2,0,0,0,0,0.0000,0.0000,0.0000,0.0000,0.0000,0.0000,
474,2,0,0,0,0,0.0000,0.0000,0.0000,0.0000,0.0000,0.0000,
475,2,0,0,0,0,0.0000,0.0000,0.0000,0.0000,0.0000,0.0000,
476,2,0,0,0,0,0.0000,0.0000,0.0000,0.0000,0.0000,0.0000,
477,2,0,0,0,0,0.0000,0.0000,0.0000,0.0000,0.0000,0.0000,
478,2,0,0,0,0,0.0000,0.0000,0.0000,0.0000,0.0000,0.0000,
479,2,0,0,0,0,0.0000,0.0000,0.0000,0.0000,0.0000,0.0000,
480,2,0,0,0,0,0.0000,0.0000,0.0000,0.0000,0.0000,0.0000,
481,2,0,0,0,0,0.0000,0.0000,0.0000,0.0000,0.0000,0.0000,
482,2,0,0,0,0,0.0000,0.0000,0.0000,0.0000,0.0000,0.0000,
483,2,0,0,0,0,0.0000,0.0000,0.0000,0.0000,0.0000,0.0000,
484,2,0,0,0,0,0.0000,0.0000,0.0000,0.0000,0.0000,0.0000,
485,2,0,0,0,0,0.0000,0.0000,0.0000,0.0000,0.0000,0.0000,
486,2,0,0,0,0,0.0000,0.0000,0.0000,0.0000,0.0000,0.0000,
487,2,0,0,0,0,0.0000,0.0000,0.0000,0.0000,0.0000,0.0000,
488,2,0,0,0,0,0.0000,0.0000,0.0000,0.0000,0.0000,0.0000,
489,2,0,0,0,0,0.0000,0.0000,0.0000,0.0000,0.0000,0.0000,
490,2,0,0,0,0,0.0000,0.0000,0.0000,0.0000,0.0000,0.0000,
491,2,0,0,0,0,0.0000,0.0000,0.0000,0.0000,0.0000,0.0000,
492,2,0,0,0,0,0.0000,0.0000,0.0000,0.0000,0.0000,0.0000,
493,2,0,0,0,0,0.0000,0.0000,0.0000,0.0000,0.0000,0.0000,
494,2,0,0,0,0,0.0000,0.0000,0.0000,0.0000,0.0000,0.0000,
495,2,0,0,0,0,0.0000,0.0000,0.0000,0.0000,0.0000,0.0000,
496,2,0,0,0,0,0.0000,0.0000,0.0000,0.0000,0.0000,0.0000,
497,2,0,0,0,0,0.0000,0.0000,0.0000,0.0000,0.0000,0.0000,
498,2,0,0,0,0,0.0000,0.0000,0.0000,0.0000,0.0000,0.0000,
499,2,0,0,0,0,0.0000,0.0000,0.0000,0.0000,0.0000,0.0000,
500,2,0,0,0,0,0.0000,0.0000,0.0000,0.0000,0.0000,0.0000,
501,2,0,0,0,0,0.0000,0.0000,0.0000,0.0000,0.0000,0.0000,
502,2,0,0,0,0,0.0000,0.0000,0.0000,0.0000,0.0000,0.0000,
503,2,0,0,0,0,0.0000,0.0000,0.0000,0.0000,0.0000,0.0000,
504,2,0,0,0,0,0.0000,0.0000,0.0000,0.0000,0.0000,0.0000,
505,2,0,0,0,0,0.0000,0.0000,0.0000,0.0000,0.0000,0.0000,
506,2,0,0,0,0,0.0000,0.0000,0.0000,0.0000,0.0000,0.0000,
507,2,0,0,0,0,0.0000,0.0000,0.0000,0.0000,0.0000,0.0000,
508,2,0,0,0,0,0.0000,0.0000,0.0000,0.0000,0.0000,0.0000,
509,2,0,0,0,0,0.0000,0.0000,0.0000,0.0000,0.0000,0.0000,
510,2,0,0,0,0,0.0000,0.0000,0.0000,0.0000,0.0000,0.0000,
511,2,0,0,0,0,0.0000,0.0000,0.0000,0.0000,0.0000,0.0000,
512,2,0,0,0,0,0.0000,0.0000,0.0000,0.0000,0.0000,0.0000,
513,2,0,0,0,0,0.0000,0.0000,0.0000,0.0000,0.0000,0.0000,
514,2,0,0,0,0,0.0000,0.0000,0.0000,0.0000,0.0000,0.0000,
515,2,0,0,0,0,0.0000,0.0000,0.0000,0.0000,0.0000,0.0000,
516,2,0,0,0,0,0.0000,0.0000,0.0000,0.0000,0.0000,0.0000,
517,2,0,0,0,0,0.0000,0.0000,0.0000,0.0000,0.0000,0.0000,
518,2,0,0,0,0,0.0000,0.0000,0.0000,0.0000,0.0000,0.0000,
519,2,0,0,0,0,0.0000,0.0000,0.0000,0.0000,0.0000,0.0000,
520,2,0,0,0,0,0.0000,0.0000,0.0000,0.0000,0.0000,0.0000,
521,2,0,0,0,0,0.0000,0.0000,0.0000,0.0000,0.0000,0.0000,
522,2,0,0,0,0,0.0000,0.0000,0.0000,0.0000,0.0000,0.0000,
523,2,0,0,0,0,0.0000,0.0000,0.0000,0.0000,0.0000,0.0000,
524,2,0,0,0,0,0.0000,0.0000,0.0000,0.0000,0.0000,0.0000,
525,2,0,0,0,0,0.0000,0.0000,0.0000,0.0000,0.0000,0.0000,
526,2,0,0,0,0,0.0000,0.0000,0.0000,0.0000,0.0000,0.0000,
527,2,0,0,0,0,0.0000,0.0000,0.0000,0.0000,0.0000,0.0000,
528,2,0,0,0,0,0.0000,0.0000,0.0000,0.0000,0.0000,0.0000,
529,2,0,0,0,0,0.0000,0.0000,0.0000,0.0000,0.0000,0.0000,
530,2,0,0,0,0,0.0000,0.0000,0.0000,0.0000,0.0000,0.0000,
531,2,0,0,0,0,0.0000,0.0000,0.0000,0.0000,0.0000,0.0000,
532,2,0,0,0,0,0.0000,0.0000,0.0000,0.0000,0.0000,0.0000,
533,2,0,0,0,0,0.0000,0.0000,0.0000,0.0000,0.0000,0.0000,
534,2,0,0,0,0,0.0000,0.0000,0.0000,0.0000,0.0000,0.0000,
535,2,0,0,0,0,0.0000,0.0000,0.0000,0.0000,0.0000,0.0000,
536,2,0,0,0,0,0.0000,0.0000,0.0000,0.0000,0.0000,0.0000,
537,2,0,0,0,0,0.0000,0.0000,0.0000,0.0000,0.0000,0.0000,
538,2,0,0,0,0,0.0000,0.0000,0.0000,0.0000,0.0000,0.0000,
539,2,0,0,0,0,0.0000,0.0000,0.0000,0.0000,0.0000,0.0000,
540,2,0,0,0,0,0.0000,0.0000,0.0000,0.0000,0.0000,0.0000,
541,2,0,0,0,0,0.0000,0.0000,0.0000,0.0000,0.0000,0.0000,
542,2,0,0,0,0,0.0000,0.0000,0.0000,0.0000,0.0000,0.0000,
543,2,0,0,0,0,0.0000,0.0000,0.0000,0.0000,0.0000,0.0000,
544,2,0,0,0,0,0.0000,0.0000,0.0000,0.0000,0.0000,0.0000,
545,2,0,0,0,0,0.0000,0.0000,0.0000,0.0000,0.0000,0.0000,
546,2,0,0,0,0,0.0000,0.0000,0.0000,0.0000,0.0000,0.0000,
547,2,0,0,0,0,0.0000,0.0000,0.0000,0.0000,0.0000,0.0000,
548,2,0,0,0,0,0.0000,0.0000,0.0000,0.0000,0.0000,0.0000,
549,2,0,0,0,0,0.0000,0.0000,0.0000,0.0000,0.0000,0.0000,
550,2,0,0,0,0,0.0000,0.0000,0.0000,0.0000,0.0000,0.0000,
551,2,0,0,0,0,0.0000,0.0000,0.0000,0.0000,0.0000,0.0000,
552,2,0,0,0,0,0.0000,0.0000,0.0000,0.0000,0.0000,0.0000,
553,2,0,0,0,0,0.0000,0.0000,0.0000,0.0000,0.0000,0.0000,
554,2,0,0,0,0,0.0000,0.0000,0.0000,0.0000,0.0000,0.0000,
555,2,0,0,0,0,0.0000,0.0000,0.0000,0.0000,0.0000,0.0000,
556,2,0,0,0,0,0.0000,0.0000,0.0000,0.0000,0.0000,0.0000,
557,2,0,0,0,0,0.0000,0.0000,0.0000,0.0000,0.0000,0.0000,
558,2,0,0,0,0,0.0000,0.0000,0.0000,0.0000,0.0000,0.0000,
559,2,0,0,0,0,0.0000,0.0000,0.0000,0.0000,0.0000,0.0000,
560,2,0,0,0,0,0.0000,0.0000,0.0000,0.0000,0.0000,0.0000,
561,2,0,0,0,0,0.0000,0.0000,0.0000,0.0000,0.0000,0.0000,
562,2,0,0,0,0,0.0000,0.0000,0.0000,0.0000,0.0000,0.0000,
563,2,0,0,0,0,0.0000,0.0000,0.0000,0.0000,0.0000,0.0000,
564,2,0,0,0,0,0.0000,0.0000,0.0000,0.0000,0.0000,0.0000,
565,2,0,0,0,0,0.0000,0.0000,0.0000,0.0000,0.0000,0.0000,
566,2,0,0,0,0,0.0000,0.0000,0.0000,0.0000,0.0000,0.0000,
567,2,0,0,0,0,0.0000,0.0000,0.0000,0.0000,0.0000,0.0000,
568,2,0,0,0,0,0.0000,0.0000,0.0000,0.0000,0.0000,0.0000,
569,2,0,0,0,0,0.0000,0.0000,0.0000,0.0000,0.0000,0.0000,
570,2,0,0,0,0,0.0000,0.0000,0.0000,0.0000,0.0000,0.0000,
571,2,0,0,0,0,0.0000,0.0000,0.0000,0.0000,0.0000,0.0000,
572,2,0,0,0,0,0.0000,0.0000,0.0000,0.0000,0.0000,0.0000,
573,2,0,0,0,0,0.0000,0.0000,0.0000,0.0000,0.0000,0.0000,
574,2,0,0,0,0,0.0000,0.0000,0.0000,0.0000,0.0000,0.0000,
575,2,0,0,0,0,0.0000,0.0000,0.0000,0.0000,0.0000,0.0000,
576,2,0,0,0,0,0.0000,0.0000,0.0000,0.0000,0.0000,0.0000,
577,2,0,0,0,0,0.0000,0.0000,0.0000,0.0000,0.0000,0.0000,
578,2,0,0,0,0,0.0000,0.0000,0.0000,0.0000,0.0000,0.0000,
579,2,0,0,0,0,0.0000,0.0000,0.0000,0.0000,0.0000,0.0000,
580,2,0,0,0,0,0.0000,0.0000,0.0000,0.0000,0.0000,0.0000,
581,2,0,0,0,0,0.0000,0.0000,0.0000,0.0000,0.0000,0.0000,
582,2,0,0,0,0,0.0000,0.0000,0.0000,0.0000,0.0000,0.0000,
583,2,0,0,0,0,0.0000,0.0000,0.0000,0.0000,0.0000,0.0000,
584,2,0,0,0,0,0.0000,0.0000,0.0000,0.0000,0.0000,0.0000,
585,2,0,0,0,0,0.0000,0.0000,0.0000,0.0000,0.0000,0.0000,
586,2,0,0,0,0,0.0000,0.0000,0.0000,0.0000,0.0000,0.0000,
587,2,0,0,0,0,0.0000,0.0000,0.0000,0.0000,0.0000,0.0000,
588,2,0,0,0,0,0.0000,0.0000,0.0000,0.0000,0.0000,0.0000,
589,2,0,0,0,0,0.0000,0.0000,0.0000,0.0000,0.0000,0.0000,
590,2,0,0,0,0,0.0000,0.0000,0.0000,0.0000,0.0000,0.0000,
591,2,0,0,0,0,0.0000,0.0000,0.0000,0.0000,0.0000,0.0000,
592,2,0,0,0,0,0.0000,0.0000,0.0000,0.0000,0.0000,0.0000,
593,2,0,0,0,0,0.0000,0.0000,0.0000,0.0000,0.0000,0.0000,
594,2,0,0,0,0,0.0000,0.0000,0.0000,0.0000,0.0000,0.0000,
595,2,0,0,0,0,0.0000,0.0000,0.0000,0.0000,0.0000,0.0000,
596,2,0,0,0,0,0.0000,0.0000,0.0000,0.0000,0.0000,0.0000,
597,2,0,0,0,0,0.0000,0.0000,0.0000,0.0000,0.0000,0.0000,
598,2,0,0,0,0,0.0000,0.0000,0.0000,0.0000,0.0000,0.0000,
599,2,0,0,0,0,0.0000,0.0000,0.0000,0.0000,0.0000,0.0000,
600,2,0,0,0,0,0.0000,0.0000,0.0000,0.0000,0.0000,0.0000,
601,2,0,0,0,0,0.0000,0.0000,0.0000,0.0000,0.0000,0.0000,
