1,51,0.684718,182,367,264,421,
2,51,0.612182,182,366,264,421,
3,51,0.625602,182,366,264,421,
4,51,0.692202,182,366,265,421,
5,51,0.703087,182,367,264,421,
6,51,0.660740,182,367,264,421,
7,51,0.658156,182,367,264,421,
8,51,0.651517,182,367,264,421,
9,51,0.718786,182,366,264,421,
10,51,0.667231,182,367,264,421,
11,51,0.653915,182,367,265,421,
12,51,0.703055,182,367,264,421,
13,51,0.610899,182,367,264,421,
14,51,0.579047,182,366,265,421,
15,51,0.623140,182,367,264,421,
16,51,0.657139,182,366,264,420,
17,51,0.617049,181,366,264,421,
18,51,0.726711,182,367,264,421,
19,51,0.633095,182,366,264,421,
20,51,0.682029,182,366,264,421,
21,51,0.586169,182,366,264,421,
22,51,0.652973,182,366,264,421,
23,51,0.778935,185,367,263,420,
24,51,0.713869,185,366,263,420,
25,51,0.603433,182,366,264,421,
26,51,0.518308,181,366,264,421,
27,51,0.770635,182,367,263,421,
28,51,0.616747,182,366,264,421,
29,51,0.625100,182,366,264,421,
30,51,0.630922,182,366,264,421,
31,51,0.611066,182,366,264,421,
32,51,0.597570,182,366,264,421,
33,51,0.672358,182,367,264,421,
34,51,0.631204,182,366,264,421,
35,51,0.628374,182,366,264,421,
36,51,0.643684,182,366,264,421,
37,51,0.724016,181,367,264,421,
38,51,0.690971,182,367,264,421,
39,51,0.680749,182,367,264,421,
40,51,0.654125,183,365,265,421,
41,51,0.779072,182,367,264,421,
42,51,0.686458,182,367,264,421,
43,51,0.822675,181,367,264,421,
44,51,0.689086,185,366,264,420,
45,51,0.717113,182,367,264,421,
46,51,0.853925,184,367,263,421,
47,51,0.773124,181,367,265,421,
48,51,0.781224,181,367,264,421,
49,51,0.697139,181,367,265,421,
50,51,0.771865,181,367,264,421,
51,51,0.639957,181,367,265,421,
52,51,0.834897,181,367,264,421,
53,51,0.753791,181,367,264,421,
54,51,0.691357,181,367,265,421,
55,51,0.730830,181,366,265,421,
56,51,0.632940,182,366,265,421,
57,51,0.716753,182,366,265,421,
58,51,0.712312,181,366,265,421,
59,51,0.697029,181,366,265,421,
60,51,0.703417,181,366,265,421,
61,51,0.718112,181,366,265,421,
62,51,0.704484,181,366,265,421,
63,51,0.744140,181,366,264,421,
64,51,0.703853,181,366,265,421,
65,51,0.764703,182,366,264,421,
66,51,0.792098,182,366,265,421,
67,51,0.662515,181,366,265,421,
68,51,0.672917,181,367,265,421,
69,51,0.715995,181,367,265,421,
70,51,0.750874,181,367,264,421,
71,51,0.717086,184,367,264,421,
72,51,0.641283,181,366,265,421,
73,51,0.789032,181,366,264,421,
74,51,0.768219,181,367,264,421,
75,51,0.738140,181,366,264,421,
76,51,0.747646,182,366,264,421,
77,51,0.646938,181,367,265,421,
78,51,0.825870,184,366,263,421,
79,51,0.659783,181,366,264,421,
80,51,0.738740,181,366,265,421,
81,51,0.649519,181,366,265,421,
82,51,0.738225,181,366,265,421,
83,51,0.804547,181,366,264,421,
84,51,0.732226,184,366,264,421,
85,51,0.780595,181,367,264,421,
86,51,0.666702,181,366,265,421,
87,51,0.778261,181,366,264,421,
88,51,0.700863,181,366,264,421,
89,51,0.756324,181,366,264,421,
90,51,0.782515,181,366,264,421,
91,51,0.713247,181,366,264,421,
92,51,0.722328,182,366,264,421,
93,51,0.733478,181,366,264,421,
94,51,0.703772,181,366,264,421,
95,51,0.675297,181,366,264,421,
96,51,0.788959,182,366,264,421,
97,51,0.745953,181,366,265,421,
98,51,0.720104,182,366,264,421,
99,51,0.779670,181,367,264,421,
100,51,0.735950,181,366,264,421,
101,51,0.796211,182,367,264,421,
102,51,0.655421,182,366,265,421,
103,51,0.760603,181,366,265,421,
104,51,0.717549,181,366,265,421,
105,51,0.788319,181,367,265,421,
106,51,0.666056,181,367,265,421,
107,51,0.804525,181,367,264,421,
108,51,0.675827,181,367,265,421,
109,51,0.717946,181,366,265,421,
110,51,0.761029,181,366,264,421,
111,51,0.748334,182,366,264,421,
112,51,0.777331,181,366,264,421,
113,51,0.776241,181,366,265,421,
114,51,0.743891,181,366,264,421,
115,51,0.757146,181,366,264,421,
116,51,0.679551,181,367,265,421,
117,51,0.757377,181,366,265,421,
118,51,0.763196,181,366,264,421,
119,51,0.739828,181,366,264,421,
120,51,0.744246,181,367,264,421,
121,51,0.790820,181,366,264,421,
122,51,0.739575,181,366,264,421,
123,51,0.737930,181,366,265,421,
124,51,0.760969,181,366,264,421,
125,51,0.717324,181,366,265,421,
126,51,0.758934,181,366,264,421,
127,51,0.771963,181,367,264,421,
128,51,0.791752,181,366,264,421,
129,51,0.781951,181,366,264,421,
130,51,0.711397,181,366,265,421,
131,51,0.739439,181,366,264,421,
132,51,0.699964,181,366,264,421,
133,51,0.674782,181,366,264,421,
134,51,0.785045,181,366,264,421,
135,51,0.716006,181,366,265,421,
136,51,0.803916,181,367,264,421,
137,51,0.764620,181,366,265,421,
138,51,0.716416,181,366,264,421,
139,51,0.663204,181,366,264,421,
140,51,0.789771,181,367,265,421,
141,51,0.789854,181,366,264,421,
142,51,0.748208,181,366,264,421,
143,51,0.749030,181,367,264,421,
144,51,0.767443,181,366,264,421,
145,51,0.743829,181,366,264,421,
146,51,0.710761,182,367,264,421,
147,51,0.744227,181,366,265,421,
148,51,0.703732,181,366,264,421,
149,51,0.645705,181,366,265,421,
150,51,0.685516,184,366,264,421,
151,51,0.783168,181,366,264,421,
152,51,0.750770,181,367,264,421,
153,51,0.731862,184,366,264,421,
154,51,0.704705,181,366,264,421,
155,51,0.707546,181,366,264,421,
156,51,0.736542,181,367,264,421,
157,51,0.738268,181,366,264,421,
158,51,0.682881,184,366,264,421,
159,51,0.730974,181,366,265,421,
160,51,0.657408,182,366,265,421,
161,51,0.759187,181,367,264,421,
162,51,0.729949,181,366,264,421,
163,51,0.771186,181,367,264,421,
164,51,0.723203,181,366,265,421,
165,51,0.718065,181,366,265,421,
166,51,0.694462,181,366,265,421,
167,51,0.633273,181,366,265,421,
168,51,0.704850,181,366,265,421,
169,51,0.680671,182,366,264,421,
170,51,0.776857,182,366,264,421,
171,51,0.779189,181,366,265,421,
172,51,0.791809,181,366,265,421,
173,51,0.791752,181,366,264,421,
174,51,0.791380,181,366,265,421,
175,51,0.820244,181,366,264,421,
176,51,0.766021,181,366,264,421,
177,51,0.816175,181,367,264,421,
178,51,0.823660,181,366,264,421,
179,51,0.790281,181,367,265,421,
180,51,0.819609,181,366,264,421,
181,51,0.797263,181,367,264,421,
182,51,0.782532,181,366,264,421,
183,51,0.761081,181,366,264,421,
184,51,0.798729,181,367,264,421,
185,51,0.777662,181,367,264,421,
186,51,0.737157,181,366,264,421,
187,51,0.814455,184,366,263,421,
188,51,0.731674,182,366,264,421,
189,51,0.651623,181,366,265,421,
190,51,0.737369,181,366,264,421,
191,51,0.675546,182,366,264,421,
192,51,0.828370,184,366,263,421,
193,51,0.756392,182,366,264,421,
194,51,0.793498,184,366,263,421,
195,51,0.739520,181,366,264,421,
196,51,0.781344,181,366,264,421,
197,51,0.707369,181,367,264,420,
198,51,0.684595,181,366,264,421,
199,51,0.713614,181,367,264,421,
200,51,0.698568,181,367,264,421,
201,51,0.744014,184,367,263,420,
202,51,0.696750,185,367,264,420,
203,51,0.759956,181,367,264,421,
204,51,0.734514,182,366,264,421,
205,51,0.690721,182,366,264,421,
206,51,0.719690,183,366,264,421,
207,51,0.718678,181,366,264,421,
208,51,0.710579,182,367,264,421,
209,51,0.675442,182,367,264,421,
210,51,0.622501,182,367,264,421,
211,51,0.673034,182,367,264,420,
212,51,0.688718,182,367,264,420,
213,51,0.747287,182,367,264,420,
214,51,0.644129,182,367,264,421,
215,51,0.642118,182,367,264,421,
216,51,0.742666,182,367,264,421,
217,51,0.684527,182,367,264,421,
218,51,0.739299,182,367,264,421,
219,51,0.776046,181,367,264,421,
220,51,0.711060,184,367,264,420,
221,51,0.751792,181,367,264,421,
222,51,0.775696,182,367,264,421,
223,51,0.733331,182,367,264,421,
224,51,0.680907,181,367,264,421,
225,51,0.620381,181,367,264,421,
226,51,0.732411,181,366,264,421,
227,51,0.680044,181,367,264,421,
228,51,0.780363,181,367,264,421,
229,51,0.705741,185,367,264,420,
230,51,0.701044,185,367,264,420,
231,51,0.775750,181,367,264,421,
232,51,0.716082,184,367,264,420,
233,51,0.647188,182,367,264,421,
234,51,0.664896,182,367,264,421,
235,51,0.752970,182,367,264,421,
236,51,0.722097,182,367,264,421,
237,51,0.759218,182,367,264,421,
238,51,0.859261,185,367,264,420,
239,51,0.706194,182,367,264,421,
240,51,0.729891,182,367,264,421,
241,51,0.771322,182,367,264,421,
242,51,0.732730,181,367,264,421,
243,51,0.756400,182,367,264,421,
244,51,0.786209,185,367,264,420,
245,51,0.628618,182,367,264,421,
246,51,0.782853,184,367,264,420,
247,51,0.765495,181,367,264,421,
248,51,0.752033,181,367,264,421,
249,51,0.704330,184,367,264,420,
250,51,0.763123,182,367,264,421,
251,51,0.763443,182,367,264,421,
252,51,0.707075,182,367,264,421,
253,51,0.729156,181,367,264,421,
254,51,0.771458,182,367,264,421,
255,51,0.657078,182,366,264,421,
256,51,0.670411,182,366,264,421,
257,51,0.560483,185,367,264,420,
258,51,0.731667,182,366,264,421,
259,51,0.763017,183,367,264,420,
260,51,0.764395,181,367,264,421,
261,51,0.779651,185,367,264,420,
262,51,0.844944,185,367,264,420,
263,51,0.691092,185,367,264,420,
264,51,0.720462,181,366,264,421,
265,51,0.799816,181,367,264,421,
266,51,0.744101,182,367,264,421,
267,51,0.781409,182,367,263,421,
268,51,0.717584,182,366,264,420,
269,51,0.708145,181,367,264,420,
270,51,0.609562,181,366,264,420,
271,51,0.696076,182,366,264,420,
272,51,0.545131,182,366,265,420,
273,51,0.573776,182,366,264,421,
274,51,0.548976,183,364,264,422,
275,51,0.632373,182,366,264,421,
276,51,0.771936,181,366,263,420,
277,51,0.740554,181,366,264,421,
278,51,0.799753,184,365,264,422,
279,51,0.703475,184,365,264,421,
280,51,0.797942,184,365,264,422,
281,51,0.904789,183,366,263,421,
282,51,0.866030,184,365,264,421,
283,51,0.868592,185,365,264,421,
284,51,0.845587,185,365,264,421,
285,51,0.856576,185,365,264,422,
286,51,0.864998,185,366,263,421,
287,51,0.831917,184,366,264,421,
288,51,0.878018,184,365,264,421,
289,51,0.814731,185,366,264,421,
290,51,0.860963,184,367,263,420,
291,51,0.780612,185,367,263,420,
292,51,0.855986,185,367,263,420,
293,51,0.812820,185,366,263,421,
294,51,0.862805,188,367,262,420,
295,51,0.904076,187,367,262,420,
296,51,0.868213,186,366,262,421,
297,51,0.860299,186,366,263,420,
298,51,0.853551,186,366,262,420,
299,51,0.858709,185,366,263,420,
300,51,0.850842,187,366,263,420,
301,51,0.839887,187,366,263,420,
302,51,0.780267,185,366,263,421,
303,51,0.780598,185,366,264,421,
304,51,0.756115,188,366,263,420,
305,51,0.690085,186,366,263,421,
306,51,0.644171,189,366,263,420,
307,51,0.746948,187,365,264,421,
308,51,0.587695,187,364,264,421,
310,51,0.519669,187,364,264,422,
311,51,0.788564,189,365,266,422,
312,51,0.833388,188,365,266,422,
313,51,0.912505,190,366,266,420,
314,51,0.951650,189,366,268,421,
315,51,0.967367,190,365,267,421,
316,51,0.936523,192,364,265,422,
317,51,0.939508,193,364,265,421,
318,51,0.908651,193,363,266,421,
319,51,0.893752,193,363,267,421,
320,51,0.656261,193,362,267,419,
321,51,0.951108,194,362,267,417,
322,51,0.979440,193,361,268,416,
323,51,0.979288,195,360,268,415,
324,51,0.986380,197,359,268,414,
325,51,0.979285,195,356,269,412,
327,51,0.801168,195,352,272,408,
328,51,0.981100,198,352,274,406,
329,51,0.963941,200,349,274,404,
330,51,0.979644,198,349,276,403,
331,51,0.975499,204,347,279,399,
332,51,0.942844,203,344,279,397,
333,51,0.992308,202,341,282,393,
334,51,0.992591,207,340,282,391,
335,51,0.962870,210,337,286,389,
336,51,0.990631,209,335,290,386,
337,51,0.934159,211,334,292,383,
338,51,0.917803,215,332,292,379,
339,51,0.959283,219,330,295,375,
340,51,0.989207,218,329,297,375,
341,51,0.979343,220,325,300,373,
342,51,0.921268,222,322,308,371,
343,51,0.685908,228,319,311,370,
344,51,0.949686,228,320,309,367,
345,51,0.784857,233,319,310,365,
346,51,0.970263,234,316,314,362,
347,51,0.964313,236,312,317,358,
348,51,0.959845,239,311,323,358,
349,51,0.975396,244,310,324,354,
350,51,0.692103,251,308,325,350,
351,51,0.954764,252,308,328,348,
352,51,0.965647,253,307,330,350,
353,51,0.977666,256,306,333,349,
354,51,0.993722,258,303,338,346,
355,51,0.985154,264,301,340,346,
356,51,0.986925,268,302,346,345,
357,51,0.993438,270,298,350,345,
358,51,0.988418,270,297,356,345,
359,51,0.988750,280,298,359,344,
360,51,0.986425,281,297,360,342,
361,51,0.991517,284,296,366,341,
362,51,0.990934,286,295,372,339,
363,51,0.988804,288,295,373,338,
364,51,0.989605,295,294,374,337,
365,51,0.987107,299,294,378,337,
366,51,0.993524,303,294,382,337,
367,51,0.994120,309,295,385,337,
368,51,0.991127,313,295,388,336,
369,51,0.994063,316,293,393,334,
370,51,0.993657,318,293,394,335,
371,51,0.959632,320,291,397,332,
372,51,0.931342,328,291,399,331,
373,51,0.902001,331,291,400,330,
374,51,0.954500,336,289,405,330,
375,51,0.978941,338,289,404,328,
376,51,0.892472,342,289,407,329,
377,51,0.942825,343,289,407,329,
378,51,0.979625,345,290,411,328,
379,51,0.959465,346,289,413,327,
380,51,0.985258,347,287,417,325,
381,51,0.987922,351,287,418,326,
382,51,0.960550,353,286,420,327,
383,51,0.955747,354,288,424,327,
384,51,0.959393,356,287,426,327,
385,51,0.969904,360,286,428,325,
386,51,0.946791,359,286,429,326,
387,51,0.954014,358,287,429,327,
388,51,0.969902,359,287,428,327,
389,51,0.985440,361,287,429,327,
390,51,0.977616,363,286,431,326,
391,51,0.958164,366,286,433,327,
392,51,0.944445,367,286,434,326,
393,51,0.969845,374,284,436,325,
394,51,0.974508,373,285,436,325,
395,51,0.971198,374,285,438,326,
396,51,0.977347,375,285,440,326,
397,51,0.984517,376,286,440,325,
398,51,0.985751,376,284,443,326,
399,51,0.978470,379,285,445,326,
400,51,0.975118,380,285,444,325,
401,51,0.960488,383,286,445,325,
402,51,0.969491,382,285,446,325,
403,51,0.953706,384,285,447,324,
404,51,0.958699,385,284,448,323,
405,51,0.945118,388,283,449,321,
406,51,0.958696,386,283,449,323,
407,51,0.943274,388,283,449,322,
408,51,0.936222,389,283,451,322,
409,51,0.945786,390,283,452,320,
410,51,0.915112,391,283,452,320,
411,51,0.928919,391,283,453,319,
412,51,0.886651,391,283,453,319,
413,51,0.844492,391,282,454,319,
414,51,0.745501,393,282,453,319,
415,51,0.868032,395,282,453,319,
416,51,0.831263,394,282,454,319,
417,51,0.858688,395,282,455,319,
418,51,0.770812,395,280,456,319,
419,51,0.626584,396,280,457,319,
420,51,0.640913,397,281,456,319,
421,51,0.642964,396,283,458,319,
422,51,0.768564,396,283,459,319,
423,51,0.756485,401,283,461,320,
424,51,0.746911,400,282,461,320,
425,51,0.854417,400,283,462,320,
426,51,0.918778,401,284,462,320,
427,51,0.935659,401,284,463,321,
428,51,0.940088,403,285,464,320,
429,51,0.920440,404,284,466,320,
430,51,0.900761,407,284,467,320,
431,51,0.806926,409,284,468,320,
432,51,0.774675,410,283,469,319,
433,51,0.879962,412,284,470,318,
434,51,0.703631,415,284,471,320,
435,51,0.733471,414,283,472,317,
436,51,0.595549,416,282,474,316,
437,51,0.604787,420,282,475,315,
438,51,0.636108,421,281,475,316,
439,51,0.586197,423,281,477,317,
443,51,0.727726,432,281,485,316,
444,51,0.850467,433,282,486,315,
445,51,0.813784,434,281,487,314,
446,51,0.869451,436,280,488,314,
447,51,0.891187,437,281,489,315,
448,51,0.848576,440,281,489,316,
449,51,0.765532,441,281,490,314,
450,51,0.869178,442,279,490,314,
451,51,0.883559,444,280,492,314,
452,51,0.879710,445,281,494,315,
453,51,0.844849,448,279,495,314,
454,51,0.533817,449,280,497,314,
455,51,0.572849,451,281,498,315,
456,51,0.624186,451,281,495,314,
457,51,0.671528,454,279,496,313,
458,51,0.502828,453,279,495,315,
500,51,0.601430,471,283,499,314,
573,51,0.551353,472,284,500,316,
