148,78,0.685529,435,232,610,353,
149,78,0.634323,442,233,624,350,
150,78,0.805733,441,233,614,355,
151,78,0.726817,438,231,610,355,
152,78,0.723187,435,231,615,354,
153,78,0.749549,439,231,615,355,
154,78,0.694130,435,231,616,353,
155,78,0.765170,434,231,614,354,
156,78,0.531061,438,234,630,346,
157,78,0.853260,439,232,609,354,
158,78,0.806470,442,233,615,355,
159,78,0.782504,432,231,610,355,
160,78,0.764136,435,234,606,353,
161,78,0.785161,431,227,605,354,
162,78,0.903818,429,231,605,353,
163,78,0.867545,432,238,611,349,
164,78,0.785127,426,238,609,353,
165,78,0.985963,423,227,602,352,
166,78,0.989711,422,229,601,352,
167,78,0.991888,422,229,600,352,
168,78,0.988360,422,227,603,354,
169,78,0.986891,419,228,598,351,
170,78,0.986789,422,229,604,354,
171,78,0.940237,419,224,607,352,
172,78,0.926681,420,224,601,354,
173,78,0.932521,420,224,617,353,
174,78,0.950329,420,223,599,354,
175,78,0.856662,424,229,610,357,
176,78,0.783256,420,229,609,357,
177,78,0.691157,426,231,614,352,
179,78,0.599609,445,237,612,358,
180,78,0.734885,426,236,618,356,
181,78,0.845250,444,236,611,353,
183,78,0.892222,434,234,608,348,
184,78,0.880312,431,234,612,356,
185,78,0.913928,438,238,619,352,
187,78,0.930012,429,234,615,351,
188,78,0.928401,425,235,617,353,
189,78,0.934638,439,235,618,352,
194,78,0.853033,431,237,617,352,
231,78,0.765180,420,238,612,351,
232,78,0.876201,430,239,615,350,
233,78,0.891847,429,239,603,349,
234,78,0.862726,430,241,604,350,
236,78,0.862280,428,240,607,350,
237,78,0.825008,431,236,616,351,
238,78,0.882989,428,239,604,350,
239,78,0.808377,427,238,614,351,
240,78,0.859883,429,239,609,350,
241,78,0.836998,426,239,610,350,
242,78,0.900761,431,239,606,349,
243,78,0.920013,433,239,608,350,
244,78,0.918100,432,239,605,350,
245,78,0.916780,431,239,605,349,
246,78,0.890355,432,239,607,350,
247,78,0.911217,431,240,602,349,
248,78,0.916413,432,239,605,349,
249,78,0.894196,433,240,606,350,
250,78,0.905701,432,239,607,349,
251,78,0.910993,431,240,605,349,
252,78,0.909547,432,239,607,349,
253,78,0.915759,433,239,604,350,
254,78,0.895789,431,239,604,349,
255,78,0.869805,434,240,604,349,
256,78,0.900782,433,240,606,349,
257,78,0.900878,432,240,607,349,
258,78,0.910052,432,240,605,350,
259,78,0.924335,432,238,608,349,
260,78,0.893909,433,239,606,349,
261,78,0.913946,431,239,605,349,
262,78,0.880012,432,239,606,350,
263,78,0.910781,433,238,607,349,
264,78,0.914900,434,239,604,350,
265,78,0.850963,434,237,605,347,
266,78,0.885768,433,240,603,350,
267,78,0.849919,432,241,605,349,
268,78,0.914611,433,239,607,350,
269,78,0.848629,433,238,619,351,
270,78,0.926491,432,238,607,349,
271,78,0.871458,432,239,603,349,
272,78,0.884045,434,240,604,350,
273,78,0.849779,430,240,611,350,
274,78,0.871409,432,240,606,350,
275,78,0.896525,433,240,603,350,
276,78,0.907969,434,237,620,350,
277,78,0.932024,434,239,606,349,
278,78,0.839008,435,240,607,348,
279,78,0.891964,432,239,604,349,
280,78,0.883862,433,239,607,349,
281,78,0.912773,430,239,616,351,
282,78,0.864855,432,239,609,348,
283,78,0.880045,433,240,607,349,
284,78,0.918689,433,239,604,349,
285,78,0.905843,433,239,604,350,
286,78,0.901748,432,240,605,349,
287,78,0.872720,434,240,612,350,
288,78,0.901099,435,240,610,349,
289,78,0.903446,432,240,605,349,
290,78,0.915257,434,239,605,349,
291,78,0.902389,432,239,606,348,
292,78,0.887369,431,240,605,349,
293,78,0.903550,434,238,608,349,
294,78,0.878248,434,238,613,350,
295,78,0.852022,434,238,613,349,
296,78,0.927328,435,240,603,349,
297,78,0.882154,434,239,611,349,
298,78,0.918887,433,240,606,350,
299,78,0.872881,434,239,604,348,
300,78,0.909966,432,238,605,349,
301,78,0.906098,433,239,605,349,
302,78,0.908895,431,238,612,349,
303,78,0.844953,433,239,609,349,
304,78,0.910669,433,240,604,350,
305,78,0.899627,432,239,604,349,
306,78,0.915166,433,239,606,350,
307,78,0.938879,435,240,605,350,
308,78,0.913237,434,237,619,350,
309,78,0.936174,433,237,616,350,
310,78,0.897093,432,239,607,349,
311,78,0.912260,429,238,600,348,
312,78,0.882957,433,240,608,349,
313,78,0.920645,435,239,607,350,
314,78,0.878993,434,240,607,349,
315,78,0.890474,432,239,607,349,
316,78,0.923088,432,240,607,350,
317,78,0.905870,433,238,615,350,
318,78,0.904538,435,240,605,349,
319,78,0.881193,433,239,603,349,
320,78,0.888118,433,240,605,349,
321,78,0.934456,434,239,604,349,
322,78,0.921625,435,239,607,349,
323,78,0.893700,431,239,603,349,
324,78,0.831793,432,239,612,349,
325,78,0.896831,432,239,605,349,
326,78,0.917138,432,239,606,349,
327,78,0.826975,432,240,607,349,
328,78,0.939777,432,239,603,349,
329,78,0.890965,434,240,607,349,
330,78,0.865311,436,237,618,351,
331,78,0.917617,432,238,606,349,
332,78,0.898027,433,240,604,349,
333,78,0.922745,434,240,602,349,
334,78,0.899117,434,240,607,349,
335,78,0.910830,433,238,602,349,
336,78,0.893578,433,238,611,349,
337,78,0.925698,429,239,606,350,
338,78,0.907292,432,239,603,349,
339,78,0.834497,433,239,609,349,
340,78,0.898229,433,239,608,349,
341,78,0.915382,434,239,607,349,
342,78,0.903079,436,240,606,348,
343,78,0.895720,434,240,609,349,
344,78,0.928389,433,239,604,349,
345,78,0.909571,434,239,603,349,
346,78,0.888800,434,240,604,349,
347,78,0.891872,434,239,612,349,
348,78,0.928814,433,239,606,349,
349,78,0.883319,433,239,606,350,
350,78,0.897717,437,236,616,352,
351,78,0.889432,432,239,607,349,
352,78,0.892141,434,239,604,349,
353,78,0.912696,433,240,603,349,
354,78,0.911085,435,240,602,349,
355,78,0.902730,434,239,602,349,
356,78,0.902410,433,240,610,349,
357,78,0.913344,430,238,607,349,
358,78,0.877575,434,239,605,349,
359,78,0.914104,434,240,604,350,
360,78,0.925430,434,241,602,350,
361,78,0.886551,434,239,608,349,
362,78,0.917672,433,238,608,350,
363,78,0.873702,434,239,607,350,
364,78,0.849059,431,238,600,348,
365,78,0.814386,434,236,615,351,
366,78,0.908943,433,240,604,349,
367,78,0.951180,433,240,601,349,
368,78,0.875993,435,240,609,349,
369,78,0.901656,434,240,609,350,
370,78,0.886230,432,239,613,350,
371,78,0.704329,433,237,619,352,
372,78,0.924295,432,240,604,349,
373,78,0.885615,431,240,606,349,
374,78,0.908967,434,239,605,349,
375,78,0.898362,433,239,610,350,
376,78,0.911851,432,239,605,350,
377,78,0.912331,432,239,606,349,
378,78,0.912313,431,240,607,348,
379,78,0.868563,434,236,620,351,
380,78,0.921428,430,239,608,348,
381,78,0.913449,430,240,605,349,
382,78,0.863868,431,241,605,350,
383,78,0.834329,427,239,604,350,
385,78,0.820088,431,241,610,350,
394,78,0.634814,427,238,619,350,
396,78,0.833084,428,241,609,350,
397,78,0.848540,426,239,619,352,
398,78,0.878301,429,239,608,351,
399,78,0.945971,428,236,618,350,
400,78,0.832453,429,239,615,351,
401,78,0.926502,433,237,615,350,
402,78,0.893156,431,239,614,351,
403,78,0.917904,437,237,617,351,
404,78,0.883508,434,238,618,352,
405,78,0.923984,431,237,607,348,
406,78,0.956007,435,237,613,351,
407,78,0.940433,429,238,608,348,
408,78,0.956329,431,238,605,349,
409,78,0.967039,430,240,599,351,
410,78,0.935571,431,238,615,351,
411,78,0.935906,436,237,615,352,
412,78,0.925231,429,237,604,348,
413,78,0.911999,425,239,608,348,
414,78,0.911605,431,236,619,353,
415,78,0.871113,421,239,614,351,
416,78,0.812511,423,237,616,353,
417,78,0.836852,426,236,617,352,
418,78,0.883975,426,237,620,353,
419,78,0.900923,430,237,621,350,
423,78,0.835994,414,238,618,351,
426,78,0.897470,424,238,616,353,
429,78,0.916923,395,241,618,355,
430,78,0.853346,402,242,620,354,
431,78,0.881927,400,242,624,354,
432,78,0.902603,398,242,619,355,
433,78,0.846823,405,239,621,351,
434,78,0.908959,370,237,614,355,
435,78,0.864925,356,240,617,352,
436,78,0.873396,366,239,619,358,
437,78,0.895742,381,238,617,354,
438,78,0.953074,390,238,619,354,
439,78,0.948773,390,238,618,355,
440,78,0.889975,391,236,615,351,
441,78,0.876361,398,236,615,352,
446,78,0.893240,412,239,619,353,
447,78,0.950442,416,238,611,351,
448,78,0.910550,417,241,621,356,
449,78,0.897225,418,239,619,351,
450,78,0.894042,419,238,617,349,
451,78,0.846490,407,239,621,355,
453,78,0.637996,418,240,632,356,
454,78,0.693346,423,241,626,355,
455,78,0.834539,422,242,620,356,
457,78,0.855211,423,242,623,355,
458,78,0.729532,426,242,625,354,
459,78,0.731206,430,241,626,354,
461,78,0.706642,429,241,622,351,
462,78,0.886555,429,242,620,354,
463,78,0.722325,433,240,629,355,
464,78,0.700503,438,242,624,352,
473,78,0.747472,440,240,620,350,
477,78,0.718145,443,241,614,348,
481,78,0.756385,438,238,620,352,
483,78,0.882303,439,240,615,351,
484,78,0.822498,441,241,615,351,
485,78,0.846314,438,238,613,351,
488,78,0.816806,444,240,621,351,
489,78,0.889454,435,237,614,350,
493,78,0.841206,434,238,613,349,
495,78,0.850929,439,242,608,348,
567,78,0.581013,434,243,615,353,
568,78,0.689306,441,245,617,350,
569,78,0.683743,440,243,617,352,
576,78,0.976559,434,240,611,351,
577,78,0.970016,437,240,604,351,
579,78,0.608538,442,239,608,351,
582,78,0.930451,437,244,599,349,
618,78,0.988440,428,243,604,348,
619,78,0.983408,429,237,603,349,
620,78,0.976199,430,240,606,351,
622,78,0.953200,424,235,607,350,
623,78,0.957748,423,233,606,347,
624,78,0.968642,427,237,604,348,
625,78,0.983618,427,239,601,349,
626,78,0.983070,427,239,597,350,
627,78,0.991898,427,240,603,350,
628,78,0.992931,423,239,604,350,
629,78,0.996658,424,238,603,350,
630,78,0.997080,424,238,602,351,
631,78,0.995643,422,238,611,351,
632,78,0.997274,424,238,604,351,
633,78,0.996834,425,238,607,351,
634,78,0.995961,423,238,600,351,
635,78,0.996195,425,238,603,351,
636,78,0.995246,425,238,602,351,
637,78,0.995459,425,238,604,351,
638,78,0.996376,424,238,605,351,
639,78,0.995634,425,238,604,351,
640,78,0.995598,425,238,604,351,
641,78,0.996590,426,238,603,350,
642,78,0.995044,424,239,600,351,
643,78,0.996155,426,238,602,351,
644,78,0.996528,425,239,604,351,
645,78,0.994507,425,238,607,351,
646,78,0.996536,426,238,601,351,
647,78,0.994927,426,238,606,351,
648,78,0.995983,425,237,605,351,
649,78,0.995218,426,238,610,352,
650,78,0.994935,426,239,609,351,
651,78,0.994452,426,238,608,351,
652,78,0.995993,427,238,606,351,
653,78,0.995451,427,238,608,351,
654,78,0.992556,426,238,604,350,
655,78,0.994535,427,238,608,351,
656,78,0.993400,425,239,603,351,
657,78,0.995941,425,238,599,351,
658,78,0.995287,427,238,603,351,
659,78,0.995189,426,239,603,351,
660,78,0.995556,425,239,604,351,
661,78,0.995066,425,238,602,351,
662,78,0.995727,424,238,603,351,
663,78,0.994503,427,238,609,351,
664,78,0.994570,425,238,603,351,
665,78,0.994601,425,238,600,350,
666,78,0.995116,425,238,607,351,
667,78,0.995650,425,238,602,350,
668,78,0.995333,424,237,599,351,
669,78,0.994576,425,238,602,351,
670,78,0.994320,426,238,605,351,
671,78,0.993452,424,237,603,351,
672,78,0.993779,425,238,607,351,
673,78,0.993811,425,238,604,351,
674,78,0.995253,425,238,602,351,
675,78,0.994397,425,238,605,351,
