197,72,0.611875,360,253,430,344,
198,72,0.542740,357,254,431,344,
199,72,0.619441,356,256,428,341,
200,72,0.606490,355,254,431,342,
201,72,0.508409,357,254,430,342,
202,72,0.677864,352,254,430,342,
203,72,0.699992,352,253,430,343,
204,72,0.592928,351,253,429,342,
205,72,0.761278,351,253,429,341,
206,72,0.785547,351,253,428,342,
207,72,0.868781,352,252,428,342,
208,72,0.787004,353,253,428,340,
209,72,0.793515,351,252,428,341,
210,72,0.747877,350,252,428,341,
211,72,0.751212,348,253,428,341,
212,72,0.784140,348,252,429,342,
213,72,0.701211,345,253,429,341,
214,72,0.664422,345,253,429,340,
215,72,0.575068,346,253,428,339,
216,72,0.700735,345,252,428,338,
217,72,0.713512,345,253,428,338,
218,72,0.715533,344,253,427,340,
219,72,0.670632,343,253,427,339,
220,72,0.699508,343,253,428,339,
221,72,0.635105,342,253,428,338,
222,72,0.719808,342,252,428,337,
223,72,0.563132,341,251,431,338,
225,72,0.600555,338,251,428,335,
226,72,0.578567,336,251,428,334,
227,72,0.810929,334,252,428,333,
228,72,0.634672,333,250,428,332,
229,72,0.540886,333,252,427,330,
234,72,0.576741,332,251,427,330,
235,72,0.527200,333,250,427,331,
236,72,0.516718,333,251,429,330,
237,72,0.609116,334,249,428,336,
238,72,0.622493,334,251,428,332,
239,72,0.716476,333,250,429,332,
240,72,0.619765,333,251,429,333,
241,72,0.615425,332,250,429,333,
242,72,0.635610,332,250,429,334,
243,72,0.610240,332,250,428,332,
244,72,0.634378,332,251,429,332,
246,72,0.522034,333,252,429,331,
247,72,0.553536,334,252,430,331,
248,72,0.605825,333,251,428,331,
249,72,0.578766,334,251,431,332,
250,72,0.584270,332,252,430,332,
251,72,0.632652,334,252,430,332,
252,72,0.507998,333,251,428,331,
253,72,0.556631,333,251,428,332,
254,72,0.561141,335,252,430,332,
255,72,0.564121,333,253,429,332,
256,72,0.642551,334,251,428,333,
257,72,0.574811,333,251,428,331,
259,72,0.531564,333,250,428,334,
261,72,0.634977,333,252,430,332,
262,72,0.614928,332,251,427,332,
263,72,0.552767,334,252,429,333,
264,72,0.538960,334,252,429,332,
265,72,0.549060,334,251,428,333,
266,72,0.545665,334,251,428,333,
267,72,0.529066,334,252,431,330,
272,72,0.656836,336,255,429,331,
274,72,0.548767,335,253,428,331,
275,72,0.558530,336,253,427,329,
292,62,0.534945,342,256,429,308,
321,51,0.562068,352,256,425,293,
341,81,0.581800,353,253,424,283,
343,81,0.520517,353,253,424,283,
358,73,0.813133,356,254,435,324,
359,73,0.693758,358,255,432,320,
360,73,0.794590,355,256,433,321,
421,84,0.510279,363,277,424,325,
440,72,0.524174,348,253,427,331,
441,72,0.826020,348,254,429,333,
442,72,0.628830,347,253,427,336,
443,72,0.656682,344,252,428,338,
444,72,0.730875,347,253,426,336,
445,72,0.782119,348,253,426,336,
446,72,0.646590,348,253,427,339,
447,72,0.652010,348,253,426,338,
448,72,0.797665,350,254,426,337,
449,72,0.793002,354,253,428,342,
450,72,0.776921,354,253,428,339,
451,72,0.676343,355,251,427,345,
452,72,0.689599,356,253,430,342,
453,72,0.571456,359,256,428,343,
454,72,0.529262,361,254,429,342,
455,72,0.617083,361,254,429,344,
456,72,0.564748,362,255,429,346,
