1,3,0,0,0,0,0.0000,0.0000,0.0000,0.0000,0.0000,0.0000,
2,3,0,0,0,0,0.0000,0.0000,0.0000,0.0000,0.0000,0.0000,
3,3,0,0,0,0,0.0000,0.0000,0.0000,0.0000,0.0000,0.0000,
4,3,0,0,0,0,0.0000,0.0000,0.0000,0.0000,0.0000,0.0000,
5,3,0,0,0,0,0.0000,0.0000,0.0000,0.0000,0.0000,0.0000,
6,3,0,0,0,0,0.0000,0.0000,0.0000,0.0000,0.0000,0.0000,
7,3,0,0,0,0,0.0000,0.0000,0.0000,0.0000,0.0000,0.0000,
8,3,0,0,0,0,0.0000,0.0000,0.0000,0.0000,0.0000,0.0000,
9,3,0,0,0,0,0.0000,0.0000,0.0000,0.0000,0.0000,0.0000,
10,3,0,0,0,0,0.0000,0.0000,0.0000,0.0000,0.0000,0.0000,
11,3,0,0,0,0,0.0000,0.0000,0.0000,0.0000,0.0000,0.0000,
12,3,0,0,0,0,0.0000,0.0000,0.0000,0.0000,0.0000,0.0000,
13,3,0,0,0,0,0.0000,0.0000,0.0000,0.0000,0.0000,0.0000,
14,3,0,0,0,0,0.0000,0.0000,0.0000,0.0000,0.0000,0.0000,
15,3,0,0,0,0,0.0000,0.0000,0.0000,0.0000,0.0000,0.0000,
16,3,0,0,0,0,0.0000,0.0000,0.0000,0.0000,0.0000,0.0000,
17,3,0,0,0,0,0.0000,0.0000,0.0000,0.0000,0.0000,0.0000,
18,3,0,0,0,0,0.0000,0.0000,0.0000,0.0000,0.0000,0.0000,
19,3,0,0,0,0,0.0000,0.0000,0.0000,0.0000,0.0000,0.0000,
20,3,0,0,0,0,0.0000,0.0000,0.0000,0.0000,0.0000,0.0000,
21,3,0,0,0,0,0.0000,0.0000,0.0000,0.0000,0.0000,0.0000,
22,3,0,0,0,0,0.0000,0.0000,0.0000,0.0000,0.0000,0.0000,
23,3,0,0,0,0,0.0000,0.0000,0.0000,0.0000,0.0000,0.0000,
24,3,0,0,0,0,0.0000,0.0000,0.0000,0.0000,0.0000,0.0000,
25,3,0,0,0,0,0.0000,0.0000,0.0000,0.0000,0.0000,0.0000,
26,3,0,0,0,0,0.0000,0.0000,0.0000,0.0000,0.0000,0.0000,
27,3,0,0,0,0,0.0000,0.0000,0.0000,0.0000,0.0000,0.0000,
28,3,0,0,0,0,0.0000,0.0000,0.0000,0.0000,0.0000,0.0000,
29,3,0,0,0,0,0.0000,0.0000,0.0000,0.0000,0.0000,0.0000,
30,3,0,0,0,0,0.0000,0.0000,0.0000,0.0000,0.0000,0.0000,
31,3,0,0,0,0,0.0000,0.0000,0.0000,0.0000,0.0000,0.0000,
32,3,0,0,0,0,0.0000,0.0000,0.0000,0.0000,0.0000,0.0000,
33,3,0,0,0,0,0.0000,0.0000,0.0000,0.0000,0.0000,0.0000,
34,3,0,0,0,0,0.0000,0.0000,0.0000,0.0000,0.0000,0.0000,
35,3,0,0,0,0,0.0000,0.0000,0.0000,0.0000,0.0000,0.0000,
36,3,0,0,0,0,0.0000,0.0000,0.0000,0.0000,0.0000,0.0000,
37,3,0,0,0,0,0.0000,0.0000,0.0000,0.0000,0.0000,0.0000,
38,3,0,0,0,0,0.0000,0.0000,0.0000,0.0000,0.0000,0.0000,
39,3,0,0,0,0,0.0000,0.0000,0.0000,0.0000,0.0000,0.0000,
40,3,0,0,0,0,0.0000,0.0000,0.0000,0.0000,0.0000,0.0000,
41,3,0,0,0,0,0.0000,0.0000,0.0000,0.0000,0.0000,0.0000,
42,3,0,0,0,0,0.0000,0.0000,0.0000,0.0000,0.0000,0.0000,
43,3,0,0,0,0,0.0000,0.0000,0.0000,0.0000,0.0000,0.0000,
44,3,0,0,0,0,0.0000,0.0000,0.0000,0.0000,0.0000,0.0000,
45,3,0,0,0,0,0.0000,0.0000,0.0000,0.0000,0.0000,0.0000,
46,3,0,0,0,0,0.0000,0.0000,0.0000,0.0000,0.0000,0.0000,
47,3,0,0,0,0,0.0000,0.0000,0.0000,0.0000,0.0000,0.0000,
48,3,0,0,0,0,0.0000,0.0000,0.0000,0.0000,0.0000,0.0000,
49,3,0,0,0,0,0.0000,0.0000,0.0000,0.0000,0.0000,0.0000,
50,3,0,0,0,0,0.0000,0.0000,0.0000,0.0000,0.0000,0.0000,
51,3,0,0,0,0,0.0000,0.0000,0.0000,0.0000,0.0000,0.0000,
52,3,0,0,0,0,0.0000,0.0000,0.0000,0.0000,0.0000,0.0000,
53,3,0,0,0,0,0.0000,0.0000,0.0000,0.0000,0.0000,0.0000,
54,3,0,0,0,0,0.0000,0.0000,0.0000,0.0000,0.0000,0.0000,
55,3,0,0,0,0,0.0000,0.0000,0.0000,0.0000,0.0000,0.0000,
56,3,0,0,0,0,0.0000,0.0000,0.0000,0.0000,0.0000,0.0000,
57,3,0,0,0,0,0.0000,0.0000,0.0000,0.0000,0.0000,0.0000,
58,3,0,0,0,0,0.0000,0.0000,0.0000,0.0000,0.0000,0.0000,
59,3,0,0,0,0,0.0000,0.0000,0.0000,0.0000,0.0000,0.0000,
60,3,0,0,0,0,0.0000,0.0000,0.0000,0.0000,0.0000,0.0000,
61,3,0,0,0,0,0.0000,0.0000,0.0000,0.0000,0.0000,0.0000,
62,3,0,0,0,0,0.0000,0.0000,0.0000,0.0000,0.0000,0.0000,
63,3,0,0,0,0,0.0000,0.0000,0.0000,0.0000,0.0000,0.0000,
64,3,0,0,0,0,0.0000,0.0000,0.0000,0.0000,0.0000,0.0000,
65,3,0,0,0,0,0.0000,0.0000,0.0000,0.0000,0.0000,0.0000,
66,3,0,0,0,0,0.0000,0.0000,0.0000,0.0000,0.0000,0.0000,
67,3,0,0,0,0,0.0000,0.0000,0.0000,0.0000,0.0000,0.0000,
68,3,0,0,0,0,0.0000,0.0000,0.0000,0.0000,0.0000,0.0000,
69,3,0,0,0,0,0.0000,0.0000,0.0000,0.0000,0.0000,0.0000,
70,3,0,0,0,0,0.0000,0.0000,0.0000,0.0000,0.0000,0.0000,
71,3,0,0,0,0,0.0000,0.0000,0.0000,0.0000,0.0000,0.0000,
72,3,0,0,0,0,0.0000,0.0000,0.0000,0.0000,0.0000,0.0000,
73,3,0,0,0,0,0.0000,0.0000,0.0000,0.0000,0.0000,0.0000,
74,3,0,0,0,0,0.0000,0.0000,0.0000,0.0000,0.0000,0.0000,
75,3,0,0,0,0,0.0000,0.0000,0.0000,0.0000,0.0000,0.0000,
76,3,0,0,0,0,0.0000,0.0000,0.0000,0.0000,0.0000,0.0000,
77,3,0,0,0,0,0.0000,0.0000,0.0000,0.0000,0.0000,0.0000,
78,3,0,0,0,0,0.0000,0.0000,0.0000,0.0000,0.0000,0.0000,
79,3,0,0,0,0,0.0000,0.0000,0.0000,0.0000,0.0000,0.0000,
80,3,0,0,0,0,0.0000,0.0000,0.0000,0.0000,0.0000,0.0000,
81,3,0,0,0,0,0.0000,0.0000,0.0000,0.0000,0.0000,0.0000,
82,3,0,0,0,0,0.0000,0.0000,0.0000,0.0000,0.0000,0.0000,
83,3,0,0,0,0,0.0000,0.0000,0.0000,0.0000,0.0000,0.0000,
84,3,0,0,0,0,0.0000,0.0000,0.0000,0.0000,0.0000,0.0000,
85,3,0,0,0,0,0.0000,0.0000,0.0000,0.0000,0.0000,0.0000,
86,3,0,0,0,0,0.0000,0.0000,0.0000,0.0000,0.0000,0.0000,
87,3,0,0,0,0,0.0000,0.0000,0.0000,0.0000,0.0000,0.0000,
88,3,0,0,0,0,0.0000,0.0000,0.0000,0.0000,0.0000,0.0000,
89,3,0,0,0,0,0.0000,0.0000,0.0000,0.0000,0.0000,0.0000,
90,3,0,0,0,0,0.0000,0.0000,0.0000,0.0000,0.0000,0.0000,
91,3,0,0,0,0,0.0000,0.0000,0.0000,0.0000,0.0000,0.0000,
92,3,0,0,0,0,0.0000,0.0000,0.0000,0.0000,0.0000,0.0000,
93,3,0,0,0,0,0.0000,0.0000,0.0000,0.0000,0.0000,0.0000,
94,3,0,0,0,0,0.0000,0.0000,0.0000,0.0000,0.0000,0.0000,
95,3,0,0,0,0,0.0000,0.0000,0.0000,0.0000,0.0000,0.0000,
96,3,0,0,0,0,0.0000,0.0000,0.0000,0.0000,0.0000,0.0000,
97,3,0,0,0,0,0.0000,0.0000,0.0000,0.0000,0.0000,0.0000,
98,3,0,0,0,0,0.0000,0.0000,0.0000,0.0000,0.0000,0.0000,
99,3,0,0,0,0,0.0000,0.0000,0.0000,0.0000,0.0000,0.0000,
100,3,0,0,0,0,0.0000,0.0000,0.0000,0.0000,0.0000,0.0000,
101,3,0,0,0,0,0.0000,0.0000,0.0000,0.0000,0.0000,0.0000,
102,3,0,0,0,0,0.0000,0.0000,0.0000,0.0000,0.0000,0.0000,
103,3,0,0,0,0,0.0000,0.0000,0.0000,0.0000,0.0000,0.0000,
104,3,0,0,0,0,0.0000,0.0000,0.0000,0.0000,0.0000,0.0000,
105,3,0,0,0,0,0.0000,0.0000,0.0000,0.0000,0.0000,0.0000,
106,3,0,0,0,0,0.0000,0.0000,0.0000,0.0000,0.0000,0.0000,
107,3,0,0,0,0,0.0000,0.0000,0.0000,0.0000,0.0000,0.0000,
108,3,0,0,0,0,0.0000,0.0000,0.0000,0.0000,0.0000,0.0000,
109,3,0,0,0,0,0.0000,0.0000,0.0000,0.0000,0.0000,0.0000,
110,3,0,0,0,0,0.0000,0.0000,0.0000,0.0000,0.0000,0.0000,
111,3,0,0,0,0,0.0000,0.0000,0.0000,0.0000,0.0000,0.0000,
112,3,0,0,0,0,0.0000,0.0000,0.0000,0.0000,0.0000,0.0000,
113,3,0,0,0,0,0.0000,0.0000,0.0000,0.0000,0.0000,0.0000,
114,3,0,0,0,0,0.0000,0.0000,0.0000,0.0000,0.0000,0.0000,
115,3,0,0,0,0,0.0000,0.0000,0.0000,0.0000,0.0000,0.0000,
116,3,0,0,0,0,0.0000,0.0000,0.0000,0.0000,0.0000,0.0000,
117,3,0,0,0,0,0.0000,0.0000,0.0000,0.0000,0.0000,0.0000,
118,3,0,0,0,0,0.0000,0.0000,0.0000,0.0000,0.0000,0.0000,
119,3,0,0,0,0,0.0000,0.0000,0.0000,0.0000,0.0000,0.0000,
120,3,0,0,0,0,0.0000,0.0000,0.0000,0.0000,0.0000,0.0000,
121,3,0,0,0,0,0.0000,0.0000,0.0000,0.0000,0.0000,0.0000,
122,3,0,0,0,0,0.0000,0.0000,0.0000,0.0000,0.0000,0.0000,
123,3,0,0,0,0,0.0000,0.0000,0.0000,0.0000,0.0000,0.0000,
124,3,0,0,0,0,0.0000,0.0000,0.0000,0.0000,0.0000,0.0000,
125,3,0,0,0,0,0.0000,0.0000,0.0000,0.0000,0.0000,0.0000,
126,3,0,0,0,0,0.0000,0.0000,0.0000,0.0000,0.0000,0.0000,
127,3,0,0,0,0,0.0000,0.0000,0.0000,0.0000,0.0000,0.0000,
128,3,0,0,0,0,0.0000,0.0000,0.0000,0.0000,0.0000,0.0000,
129,3,0,0,0,0,0.0000,0.0000,0.0000,0.0000,0.0000,0.0000,
130,3,0,0,0,0,0.0000,0.0000,0.0000,0.0000,0.0000,0.0000,
131,3,0,0,0,0,0.0000,0.0000,0.0000,0.0000,0.0000,0.0000,
132,3,0,0,0,0,0.0000,0.0000,0.0000,0.0000,0.0000,0.0000,
133,3,0,0,0,0,0.0000,0.0000,0.0000,0.0000,0.0000,0.0000,
134,3,0,0,0,0,0.0000,0.0000,0.0000,0.0000,0.0000,0.0000,
135,3,0,0,0,0,0.0000,0.0000,0.0000,0.0000,0.0000,0.0000,
136,3,0,0,0,0,0.0000,0.0000,0.0000,0.0000,0.0000,0.0000,
137,3,0,0,0,0,0.0000,0.0000,0.0000,0.0000,0.0000,0.0000,
138,3,0,0,0,0,0.0000,0.0000,0.0000,0.0000,0.0000,0.0000,
139,3,0,0,0,0,0.0000,0.0000,0.0000,0.0000,0.0000,0.0000,
140,3,0,0,0,0,0.0000,0.0000,0.0000,0.0000,0.0000,0.0000,
141,3,0,0,0,0,0.0000,0.0000,0.0000,0.0000,0.0000,0.0000,
142,3,0,0,0,0,0.0000,0.0000,0.0000,0.0000,0.0000,0.0000,
143,3,0,0,0,0,0.0000,0.0000,0.0000,0.0000,0.0000,0.0000,
144,3,0,0,0,0,0.0000,0.0000,0.0000,0.0000,0.0000,0.0000,
145,3,0,0,0,0,0.0000,0.0000,0.0000,0.0000,0.0000,0.0000,
146,3,0,0,0,0,0.0000,0.0000,0.0000,0.0000,0.0000,0.0000,
147,3,0,0,0,0,0.0000,0.0000,0.0000,0.0000,0.0000,0.0000,
148,3,0,0,0,0,0.0000,0.0000,0.0000,0.0000,0.0000,0.0000,
149,3,0,0,0,0,0.0000,0.0000,0.0000,0.0000,0.0000,0.0000,
150,3,0,0,0,0,0.0000,0.0000,0.0000,0.0000,0.0000,0.0000,
151,3,0,0,0,0,0.0000,0.0000,0.0000,0.0000,0.0000,0.0000,
152,3,0,0,0,0,0.0000,0.0000,0.0000,0.0000,0.0000,0.0000,
153,3,0,0,0,0,0.0000,0.0000,0.0000,0.0000,0.0000,0.0000,
154,3,0,0,0,0,0.0000,0.0000,0.0000,0.0000,0.0000,0.0000,
155,3,0,0,0,0,0.0000,0.0000,0.0000,0.0000,0.0000,0.0000,
156,3,0,0,0,0,0.0000,0.0000,0.0000,0.0000,0.0000,0.0000,
157,3,0,0,0,0,0.0000,0.0000,0.0000,0.0000,0.0000,0.0000,
158,3,0,0,0,0,0.0000,0.0000,0.0000,0.0000,0.0000,0.0000,
159,3,0,0,0,0,0.0000,0.0000,0.0000,0.0000,0.0000,0.0000,
160,3,0,0,0,0,0.0000,0.0000,0.0000,0.0000,0.0000,0.0000,
161,3,0,0,0,0,0.0000,0.0000,0.0000,0.0000,0.0000,0.0000,
162,3,0,0,0,0,0.0000,0.0000,0.0000,0.0000,0.0000,0.0000,
163,3,0,0,0,0,0.0000,0.0000,0.0000,0.0000,0.0000,0.0000,
164,3,0,0,0,0,0.0000,0.0000,0.0000,0.0000,0.0000,0.0000,
165,3,0,0,0,0,0.0000,0.0000,0.0000,0.0000,0.0000,0.0000,
166,3,0,0,0,0,0.0000,0.0000,0.0000,0.0000,0.0000,0.0000,
167,3,0,0,0,0,0.0000,0.0000,0.0000,0.0000,0.0000,0.0000,
168,3,0,0,0,0,0.0000,0.0000,0.0000,0.0000,0.0000,0.0000,
169,3,267,393,363,425,1.0000,0.0000,-0.0000,1.0000,9.9998,10.0001,
170,3,268,385,364,430,1.0064,-0.1618,-0.0103,1.3964,13.0250,1.6611,
171,3,268,385,371,429,1.0000,0.0000,-0.0000,1.0000,10.0000,9.9998,
172,3,268,385,371,429,1.0013,-0.0047,-0.0063,1.0119,10.0196,9.9245,
173,3,268,385,371,429,1.0031,0.0011,-0.0063,0.9849,9.8044,10.7367,
174,3,264,375,373,428,0.0000,0.0000,0.0000,0.0000,0.0000,0.0000,
175,3,264,375,373,428,0.0000,0.0000,0.0000,0.0000,0.0000,0.0000,
176,3,264,375,373,428,0.0000,0.0000,0.0000,0.0000,0.0000,0.0000,
177,3,264,375,373,428,0.0000,0.0000,0.0000,0.0000,0.0000,0.0000,
178,3,264,375,373,428,0.0000,0.0000,0.0000,0.0000,0.0000,0.0000,
179,3,264,375,373,428,0.0000,0.0000,0.0000,0.0000,0.0000,0.0000,
180,3,264,375,373,428,0.0000,0.0000,0.0000,0.0000,0.0000,0.0000,
181,3,264,375,373,428,0.0000,0.0000,0.0000,0.0000,0.0000,0.0000,
182,3,264,375,373,428,0.0000,0.0000,0.0000,0.0000,0.0000,0.0000,
183,3,264,375,373,428,0.0000,0.0000,0.0000,0.0000,0.0000,0.0000,
184,3,264,375,373,428,0.0000,0.0000,0.0000,0.0000,0.0000,0.0000,
185,3,264,375,373,428,0.0000,0.0000,0.0000,0.0000,0.0000,0.0000,
186,3,264,375,373,428,0.0000,0.0000,0.0000,0.0000,0.0000,0.0000,
187,3,264,375,373,428,0.0000,0.0000,0.0000,0.0000,0.0000,0.0000,
188,3,264,375,373,428,0.0000,0.0000,0.0000,0.0000,0.0000,0.0000,
189,3,264,375,373,428,0.0000,0.0000,0.0000,0.0000,0.0000,0.0000,
190,3,264,375,373,428,0.0000,0.0000,0.0000,0.0000,0.0000,0.0000,
191,3,264,375,373,428,0.0000,0.0000,0.0000,0.0000,0.0000,0.0000,
192,3,264,375,373,428,0.0000,0.0000,0.0000,0.0000,0.0000,0.0000,
193,3,264,375,373,428,0.0000,0.0000,0.0000,0.0000,0.0000,0.0000,
194,3,264,375,373,428,0.0000,0.0000,0.0000,0.0000,0.0000,0.0000,
195,3,264,375,373,428,0.0000,0.0000,0.0000,0.0000,0.0000,0.0000,
196,3,264,375,373,428,0.0000,0.0000,0.0000,0.0000,0.0000,0.0000,
197,3,264,375,373,428,0.0000,0.0000,0.0000,0.0000,0.0000,0.0000,
198,3,264,375,373,428,0.0000,0.0000,0.0000,0.0000,0.0000,0.0000,
199,3,264,375,373,428,0.0000,0.0000,0.0000,0.0000,0.0000,0.0000,
200,3,264,375,373,428,0.0000,0.0000,0.0000,0.0000,0.0000,0.0000,
201,3,264,375,373,428,0.0000,0.0000,0.0000,0.0000,0.0000,0.0000,
202,3,264,375,373,428,0.0000,0.0000,0.0000,0.0000,0.0000,0.0000,
203,3,264,375,373,428,0.0000,0.0000,0.0000,0.0000,0.0000,0.0000,
204,3,264,375,373,428,0.0000,0.0000,0.0000,0.0000,0.0000,0.0000,
205,3,264,375,373,428,0.0000,0.0000,0.0000,0.0000,0.0000,0.0000,
206,3,264,375,373,428,0.0000,0.0000,0.0000,0.0000,0.0000,0.0000,
207,3,264,375,373,428,0.0000,0.0000,0.0000,0.0000,0.0000,0.0000,
208,3,264,375,373,428,0.0000,0.0000,0.0000,0.0000,0.0000,0.0000,
209,3,264,375,373,428,0.0000,0.0000,0.0000,0.0000,0.0000,0.0000,
210,3,264,375,373,428,0.0000,0.0000,0.0000,0.0000,0.0000,0.0000,
211,3,264,375,373,428,0.0000,0.0000,0.0000,0.0000,0.0000,0.0000,
212,3,264,375,373,428,0.0000,0.0000,0.0000,0.0000,0.0000,0.0000,
213,3,264,375,373,428,0.0000,0.0000,0.0000,0.0000,0.0000,0.0000,
214,3,264,375,373,428,0.0000,0.0000,0.0000,0.0000,0.0000,0.0000,
215,3,264,375,373,428,0.0000,0.0000,0.0000,0.0000,0.0000,0.0000,
216,3,264,375,373,428,0.0000,0.0000,0.0000,0.0000,0.0000,0.0000,
217,3,264,375,373,428,0.0000,0.0000,0.0000,0.0000,0.0000,0.0000,
218,3,264,375,373,428,0.0000,0.0000,0.0000,0.0000,0.0000,0.0000,
219,3,264,375,373,428,0.0000,0.0000,0.0000,0.0000,0.0000,0.0000,
220,3,264,375,373,428,0.0000,0.0000,0.0000,0.0000,0.0000,0.0000,
221,3,264,375,373,428,0.0000,0.0000,0.0000,0.0000,0.0000,0.0000,
222,3,264,375,373,428,0.0000,0.0000,0.0000,0.0000,0.0000,0.0000,
223,3,264,375,373,428,0.0000,0.0000,0.0000,0.0000,0.0000,0.0000,
224,3,264,375,373,428,0.0000,0.0000,0.0000,0.0000,0.0000,0.0000,
225,3,264,375,373,428,0.0000,0.0000,0.0000,0.0000,0.0000,0.0000,
226,3,264,375,373,428,0.0000,0.0000,0.0000,0.0000,0.0000,0.0000,
227,3,264,375,373,428,0.0000,0.0000,0.0000,0.0000,0.0000,0.0000,
228,3,264,375,373,428,0.0000,0.0000,0.0000,0.0000,0.0000,0.0000,
229,3,264,375,373,428,0.0000,0.0000,0.0000,0.0000,0.0000,0.0000,
230,3,264,375,373,428,0.0000,0.0000,0.0000,0.0000,0.0000,0.0000,
231,3,264,375,373,428,0.0000,0.0000,0.0000,0.0000,0.0000,0.0000,
232,3,264,375,373,428,0.0000,0.0000,0.0000,0.0000,0.0000,0.0000,
233,3,264,375,373,428,0.0000,0.0000,0.0000,0.0000,0.0000,0.0000,
234,3,264,375,373,428,0.0000,0.0000,0.0000,0.0000,0.0000,0.0000,
235,3,264,375,373,428,0.0000,0.0000,0.0000,0.0000,0.0000,0.0000,
236,3,264,375,373,428,0.0000,0.0000,0.0000,0.0000,0.0000,0.0000,
237,3,264,375,373,428,0.0000,0.0000,0.0000,0.0000,0.0000,0.0000,
238,3,264,375,373,428,0.0000,0.0000,0.0000,0.0000,0.0000,0.0000,
239,3,264,375,373,428,0.0000,0.0000,0.0000,0.0000,0.0000,0.0000,
240,3,264,375,373,428,0.0000,0.0000,0.0000,0.0000,0.0000,0.0000,
241,3,264,375,373,428,0.0000,0.0000,0.0000,0.0000,0.0000,0.0000,
242,3,264,375,373,428,0.0000,0.0000,0.0000,0.0000,0.0000,0.0000,
243,3,264,375,373,428,0.0000,0.0000,0.0000,0.0000,0.0000,0.0000,
244,3,264,375,373,428,0.0000,0.0000,0.0000,0.0000,0.0000,0.0000,
245,3,264,375,373,428,0.0000,0.0000,0.0000,0.0000,0.0000,0.0000,
246,3,264,375,373,428,0.0000,0.0000,0.0000,0.0000,0.0000,0.0000,
247,3,264,375,373,428,0.0000,0.0000,0.0000,0.0000,0.0000,0.0000,
248,3,264,375,373,428,0.0000,0.0000,0.0000,0.0000,0.0000,0.0000,
249,3,264,375,373,428,0.0000,0.0000,0.0000,0.0000,0.0000,0.0000,
250,3,264,375,373,428,0.0000,0.0000,0.0000,0.0000,0.0000,0.0000,
251,3,264,375,373,428,0.0000,0.0000,0.0000,0.0000,0.0000,0.0000,
252,3,264,375,373,428,0.0000,0.0000,0.0000,0.0000,0.0000,0.0000,
253,3,264,375,373,428,0.0000,0.0000,0.0000,0.0000,0.0000,0.0000,
254,3,264,375,373,428,0.0000,0.0000,0.0000,0.0000,0.0000,0.0000,
255,3,264,375,373,428,0.0000,0.0000,0.0000,0.0000,0.0000,0.0000,
256,3,264,375,373,428,0.0000,0.0000,0.0000,0.0000,0.0000,0.0000,
257,3,264,375,373,428,0.0000,0.0000,0.0000,0.0000,0.0000,0.0000,
258,3,264,375,373,428,0.0000,0.0000,0.0000,0.0000,0.0000,0.0000,
259,3,264,375,373,428,0.0000,0.0000,0.0000,0.0000,0.0000,0.0000,
260,3,264,375,373,428,0.0000,0.0000,0.0000,0.0000,0.0000,0.0000,
261,3,264,375,373,428,0.0000,0.0000,0.0000,0.0000,0.0000,0.0000,
262,3,264,375,373,428,0.0000,0.0000,0.0000,0.0000,0.0000,0.0000,
263,3,264,375,373,428,0.0000,0.0000,0.0000,0.0000,0.0000,0.0000,
264,3,264,375,373,428,0.0000,0.0000,0.0000,0.0000,0.0000,0.0000,
265,3,264,375,373,428,0.0000,0.0000,0.0000,0.0000,0.0000,0.0000,
266,3,264,375,373,428,0.0000,0.0000,0.0000,0.0000,0.0000,0.0000,
267,3,264,375,373,428,0.0000,0.0000,0.0000,0.0000,0.0000,0.0000,
268,3,264,375,373,428,0.0000,0.0000,0.0000,0.0000,0.0000,0.0000,
269,3,264,375,373,428,0.0000,0.0000,0.0000,0.0000,0.0000,0.0000,
270,3,264,375,373,428,0.0000,0.0000,0.0000,0.0000,0.0000,0.0000,
271,3,264,375,373,428,0.0000,0.0000,0.0000,0.0000,0.0000,0.0000,
272,3,264,375,373,428,0.0000,0.0000,0.0000,0.0000,0.0000,0.0000,
273,3,264,375,373,428,0.0000,0.0000,0.0000,0.0000,0.0000,0.0000,
274,3,264,375,373,428,0.0000,0.0000,0.0000,0.0000,0.0000,0.0000,
275,3,264,375,373,428,0.0000,0.0000,0.0000,0.0000,0.0000,0.0000,
276,3,264,375,373,428,0.0000,0.0000,0.0000,0.0000,0.0000,0.0000,
277,3,264,375,373,428,0.0000,0.0000,0.0000,0.0000,0.0000,0.0000,
278,3,264,375,373,428,0.0000,0.0000,0.0000,0.0000,0.0000,0.0000,
279,3,264,375,373,428,0.0000,0.0000,0.0000,0.0000,0.0000,0.0000,
280,3,264,375,373,428,0.0000,0.0000,0.0000,0.0000,0.0000,0.0000,
281,3,264,375,373,428,0.0000,0.0000,0.0000,0.0000,0.0000,0.0000,
