425,1,0.999626,211,52,384,371,
426,1,0.999729,209,52,382,373,
427,1,0.999663,209,51,382,373,
428,1,0.999741,209,51,383,373,
429,1,0.999833,206,50,383,374,
430,1,0.999580,204,50,382,376,
431,1,0.999605,204,51,383,375,
432,1,0.999743,203,50,382,374,
433,1,0.999776,202,50,384,374,
434,1,0.999687,200,50,382,375,
435,1,0.999689,197,53,383,373,
436,1,0.999658,194,52,383,375,
437,1,0.999608,193,53,384,375,
438,1,0.999488,183,52,384,375,
439,1,0.999501,192,54,383,373,
444,1,0.999780,196,53,381,375,
471,1,0.999334,186,51,381,378,
472,1,0.999614,191,52,380,379,
473,1,0.999478,191,49,382,372,
474,1,0.999493,198,52,383,374,
475,1,0.999720,203,49,380,375,
476,1,0.999776,205,51,380,375,
477,1,0.999688,205,51,381,374,
478,1,0.999766,208,50,377,374,
479,1,0.999786,212,49,377,375,
480,1,0.999732,213,51,378,373,
481,1,0.999737,214,50,378,372,
482,1,0.999674,216,50,377,375,
483,1,0.999743,215,51,377,372,
484,1,0.999746,217,50,377,374,
485,1,0.999776,217,48,377,374,
486,1,0.999792,216,50,375,374,
487,1,0.999748,217,51,376,374,
488,1,0.999779,217,51,376,373,
489,1,0.999726,218,50,377,374,
490,1,0.999782,217,48,378,374,
491,1,0.999708,216,50,378,373,
492,1,0.999725,215,49,378,374,
493,1,0.999707,217,50,378,374,
494,1,0.999745,214,51,378,375,
495,1,0.999681,215,50,379,375,
496,1,0.999718,216,50,378,376,
497,1,0.999736,215,50,378,376,
498,1,0.999703,217,51,377,373,
499,1,0.999739,217,51,376,373,
