1,3,201,267,519,477,
2,3,201,267,519,477,
3,3,201,267,519,477,
4,3,201,267,519,477,
5,3,201,267,519,477,
6,3,201,267,519,477,
7,3,201,267,519,477,
8,3,201,267,519,477,
9,3,201,267,519,477,
10,3,201,267,519,477,
11,3,201,267,519,477,
12,3,201,267,519,477,
13,3,201,267,519,477,
14,3,201,267,519,477,
15,3,201,267,519,477,
16,3,201,267,519,477,
17,3,201,267,519,477,
18,3,201,267,519,477,
19,3,201,267,519,477,
20,3,201,267,519,477,
21,3,201,267,519,477,
22,3,201,267,519,477,
23,3,201,267,519,477,
24,3,201,267,519,477,
25,3,201,267,519,477,
26,3,201,267,519,477,
27,3,201,267,519,477,
28,3,201,267,519,477,
29,3,201,267,519,477,
30,3,201,267,519,477,
31,3,201,267,519,477,
32,3,201,267,519,477,
33,3,201,267,519,477,
34,3,201,267,519,477,
35,3,201,267,519,477,
36,3,201,267,519,477,
37,3,201,267,519,477,
38,3,201,267,519,477,
39,3,201,267,519,477,
40,3,201,267,519,477,
41,3,201,267,519,477,
42,3,201,267,519,477,
43,3,201,267,519,477,
44,3,201,267,519,477,
45,3,201,267,519,477,
46,3,201,267,519,477,
47,3,201,267,519,477,
48,3,201,267,519,477,
49,3,201,267,519,477,
50,3,201,267,519,477,
51,3,201,267,519,477,
52,3,201,267,519,477,
53,3,201,267,519,477,
54,3,201,267,519,477,
55,3,201,267,519,477,
56,3,201,267,519,477,
57,3,201,267,519,477,
58,3,201,267,519,477,
59,3,201,267,519,477,
60,3,201,267,519,477,
61,3,201,267,519,477,
62,3,201,267,519,477,
63,3,201,267,519,477,
64,3,201,267,519,477,
65,3,201,267,519,477,
66,3,201,267,519,477,
67,3,201,267,519,477,
68,3,201,267,519,477,
69,3,201,267,519,477,
70,3,201,267,519,477,
71,3,201,267,519,477,
72,3,201,267,519,477,
73,3,201,267,519,477,
74,3,201,267,519,477,
75,3,201,267,519,477,
76,3,201,267,519,477,
77,3,201,267,519,477,
78,3,201,267,519,477,
79,3,201,267,519,477,
80,3,201,267,519,477,
81,3,201,267,519,477,
82,3,201,267,519,477,
83,3,201,267,519,477,
84,3,201,267,519,477,
85,3,201,267,519,477,
86,3,201,267,519,477,
87,3,201,267,519,477,
88,3,201,267,519,477,
89,3,201,267,519,477,
90,3,201,267,519,477,
91,3,201,267,519,477,
92,3,201,267,519,477,
93,3,201,267,519,477,
94,3,201,267,519,477,
95,3,201,267,519,477,
96,3,201,267,519,477,
97,3,201,267,519,477,
98,3,201,267,519,477,
99,3,201,267,519,477,
100,3,201,267,519,477,
101,3,201,267,519,477,
102,3,201,267,519,477,
103,3,201,267,519,477,
104,3,201,267,519,477,
105,3,201,267,519,477,
106,3,201,267,519,477,
107,3,201,267,519,477,
108,3,201,267,519,477,
109,3,201,267,519,477,
110,3,201,267,519,477,
111,3,201,267,519,477,
112,3,201,267,519,477,
113,3,201,267,519,477,
114,3,201,267,519,477,
115,3,201,267,519,477,
116,3,201,267,519,477,
117,3,201,267,519,477,
118,3,201,267,519,477,
119,3,201,267,519,477,
120,3,201,267,519,477,
121,3,201,267,519,477,
122,3,201,267,519,477,
123,3,201,267,519,477,
124,3,201,267,519,477,
125,3,201,267,519,477,
126,3,201,267,519,477,
127,3,201,267,519,477,
128,3,201,267,519,477,
129,3,201,267,519,477,
130,3,201,267,519,477,
131,3,201,267,519,477,
132,3,201,267,519,477,
133,3,201,267,519,477,
134,3,201,267,519,477,
135,3,201,267,519,477,
136,3,201,267,519,477,
137,3,201,267,519,477,
138,3,201,267,519,477,
139,3,201,267,519,477,
140,3,201,267,519,477,
141,3,201,267,519,477,
142,3,201,267,519,477,
143,3,201,267,519,477,
144,3,201,267,519,477,
145,3,201,267,519,477,
146,3,201,267,519,477,
147,3,201,267,519,477,
148,3,201,267,519,477,
149,3,201,267,519,477,
150,3,201,267,519,477,
151,3,201,267,519,477,
152,3,201,267,519,477,
153,3,201,267,519,477,
154,3,201,267,519,477,
155,3,201,267,519,477,
156,3,201,267,519,477,
157,3,201,267,519,477,
158,3,201,267,519,477,
159,3,201,267,519,477,
160,3,201,267,519,477,
161,3,201,267,519,477,
162,3,201,267,519,477,
163,3,201,267,519,477,
164,3,201,267,519,477,
165,3,201,267,519,477,
166,3,201,267,519,477,
167,3,201,267,519,477,
168,3,201,267,519,477,
169,3,201,267,519,477,
170,3,201,267,519,477,
171,3,201,267,519,477,
172,3,201,267,519,477,
173,3,201,267,519,477,
174,3,201,267,519,477,
175,3,201,267,519,477,
176,3,201,267,519,477,
177,3,201,267,519,477,
178,3,201,267,519,477,
179,3,201,267,519,477,
180,3,201,267,519,477,
181,3,201,267,519,477,
182,3,201,267,519,477,
183,3,201,267,519,477,
184,3,201,267,519,477,
185,3,201,267,519,477,
186,3,201,267,519,477,
187,3,201,267,519,477,
188,3,201,267,519,477,
189,3,201,267,519,477,
190,3,201,267,519,477,
191,3,201,267,519,477,
192,3,201,267,519,477,
193,3,201,267,519,477,
194,3,201,267,519,477,
195,3,201,267,519,477,
196,3,201,267,519,477,
197,3,201,267,519,477,
198,3,201,267,519,477,
199,3,201,267,519,477,
200,3,201,267,519,477,
201,3,201,267,519,477,
202,3,201,267,519,477,
203,3,201,267,519,477,
204,3,201,267,519,477,
205,3,201,267,519,477,
206,3,201,267,519,477,
207,3,201,267,519,477,
208,3,201,267,519,477,
209,3,201,267,519,477,
210,3,201,267,519,477,
211,3,201,267,519,477,
212,3,201,267,519,477,
213,3,201,267,519,477,
214,3,201,267,519,477,
215,3,201,267,519,477,
216,3,201,267,519,477,
217,3,201,267,519,477,
218,3,201,267,519,477,
219,3,201,267,519,477,
220,3,201,267,519,477,
221,3,201,267,519,477,
222,3,201,267,519,477,
223,3,201,267,519,477,
224,3,201,267,519,477,
225,3,201,267,519,477,
226,3,201,267,519,477,
227,3,201,267,519,477,
228,3,201,267,519,477,
229,3,201,267,519,477,
230,3,201,267,519,477,
231,3,201,267,519,477,
232,3,201,267,519,477,
233,3,201,267,519,477,
234,3,201,267,519,477,
235,3,201,267,519,477,
236,3,201,267,519,477,
237,3,201,267,519,477,
238,3,201,267,519,477,
239,3,201,267,519,477,
240,3,201,267,519,477,
241,3,201,267,519,477,
242,3,201,267,519,477,
243,3,201,267,519,477,
244,3,201,267,519,477,
245,3,201,267,519,477,
246,3,201,267,519,477,
247,3,201,267,519,477,
248,3,201,267,519,477,
249,3,201,267,519,477,
250,3,201,267,519,477,
251,3,201,267,519,477,
252,3,201,267,519,477,
253,3,201,267,519,477,
254,3,201,267,519,477,
255,3,201,267,519,477,
256,3,201,267,519,477,
257,3,201,267,519,477,
258,3,201,267,519,477,
259,3,201,267,519,477,
260,3,201,267,519,477,
261,3,201,267,519,477,
262,3,201,267,519,477,
263,3,201,267,519,477,
264,3,201,267,519,477,
265,3,201,267,519,477,
266,3,201,267,519,477,
267,3,201,267,519,477,
268,3,201,267,519,477,
269,3,201,267,519,477,
270,3,201,267,519,477,
271,3,201,267,519,477,
272,3,201,267,519,477,
273,3,201,267,519,477,
274,3,201,267,519,477,
275,3,201,267,519,477,
276,3,201,267,519,477,
277,3,201,267,519,477,
278,3,201,267,519,477,
279,3,201,267,519,477,
280,3,201,267,519,477,
281,3,201,267,519,477,
282,3,201,267,519,477,
283,3,201,267,519,477,
284,3,201,267,519,477,
285,3,201,267,519,477,
286,3,201,267,519,477,
287,3,201,267,519,477,
288,3,201,267,519,477,
289,3,201,267,519,477,
290,3,201,267,519,477,
291,3,201,267,519,477,
292,3,201,267,519,477,
293,3,201,267,519,477,
294,3,201,267,519,477,
295,3,201,267,519,477,
296,3,201,267,519,477,
297,3,201,267,519,477,
298,3,201,267,519,477,
299,3,201,267,519,477,
300,3,201,267,519,477,
301,3,201,267,519,477,
302,3,201,267,519,477,
303,3,201,267,519,477,
304,3,201,267,519,477,
305,3,201,267,519,477,
306,3,201,267,519,477,
307,3,201,267,519,477,
308,3,201,267,519,477,
309,3,201,267,519,477,
310,3,201,267,519,477,
311,3,201,267,519,477,
312,3,201,267,519,477,
313,3,201,267,519,477,
314,3,201,267,519,477,
315,3,201,267,519,477,
316,3,201,267,519,477,
317,3,201,267,519,477,
318,3,201,267,519,477,
319,3,201,267,519,477,
320,3,201,267,519,477,
321,3,201,267,519,477,
322,3,201,267,519,477,
323,3,201,267,519,477,
324,3,201,267,519,477,
325,3,201,267,519,477,
326,3,201,267,519,477,
327,3,201,267,519,477,
328,3,201,267,519,477,
329,3,201,267,519,477,
330,3,201,267,519,477,
331,3,201,267,519,477,
332,3,201,267,519,477,
333,3,201,267,519,477,
334,3,201,267,519,477,
335,3,201,267,519,477,
336,3,201,267,519,477,
337,3,201,267,519,477,
338,3,201,267,519,477,
339,3,201,267,519,477,
340,3,201,267,519,477,
341,3,201,267,519,477,
342,3,201,267,519,477,
343,3,201,267,519,477,
344,3,201,267,519,477,
345,3,201,267,519,477,
346,3,201,267,519,477,
347,3,201,267,519,477,
348,3,201,267,519,477,
349,3,201,267,519,477,
350,3,201,267,519,477,
351,3,201,267,519,477,
352,3,201,267,519,477,
353,3,201,267,519,477,
354,3,201,267,519,477,
355,3,201,267,519,477,
356,3,201,267,519,477,
357,3,201,267,519,477,
358,3,201,267,519,477,
359,3,201,267,519,477,
360,3,201,267,519,477,
361,3,201,267,519,477,
362,3,201,267,519,477,
363,3,201,267,519,477,
364,3,201,267,519,477,
365,3,201,267,519,477,
366,3,201,267,519,477,
367,3,201,267,519,477,
368,3,201,267,519,477,
369,3,201,267,519,477,
370,3,201,267,519,477,
371,3,201,267,519,477,
372,3,201,267,519,477,
373,3,201,267,519,477,
374,3,201,267,519,477,
375,3,201,267,519,477,
376,3,201,267,519,477,
377,3,201,267,519,477,
378,3,201,267,519,477,
379,3,201,267,519,477,
380,3,201,267,519,477,
381,3,201,267,519,477,
382,3,201,267,519,477,
383,3,201,267,519,477,
384,3,201,267,519,477,
385,3,201,267,519,477,
386,3,201,267,519,477,
387,3,201,267,519,477,
388,3,201,267,519,477,
389,3,201,267,519,477,
390,3,201,267,519,477,
391,3,201,267,519,477,
392,3,201,267,519,477,
393,3,201,267,519,477,
394,3,201,267,519,477,
395,3,201,267,519,477,
396,3,201,267,519,477,
397,3,201,267,519,477,
398,3,201,267,519,477,
399,3,201,267,519,477,
400,3,201,267,519,477,
401,3,201,267,519,477,
402,3,201,267,519,477,
403,3,201,267,519,477,
404,3,201,267,519,477,
405,3,201,267,519,477,
406,3,201,267,519,477,
407,3,201,267,519,477,
408,3,201,267,519,477,
409,3,201,267,519,477,
410,3,201,267,519,477,
411,3,201,267,519,477,
412,3,201,267,519,477,
413,3,201,267,519,477,
414,3,201,267,519,477,
415,3,201,267,519,477,
416,3,201,267,519,477,
417,3,201,267,519,477,
418,3,201,267,519,477,
419,3,201,267,519,477,
420,3,201,267,519,477,
421,3,201,267,519,477,
422,3,201,267,519,477,
423,3,201,267,519,477,
424,3,201,267,519,477,
425,3,201,267,519,477,
426,3,201,267,519,477,
427,3,201,267,519,477,
428,3,201,267,519,477,
429,3,201,267,519,477,
430,3,201,267,519,477,
431,3,201,267,519,477,
432,3,201,267,519,477,
433,3,201,267,519,477,
434,3,201,267,519,477,
435,3,201,267,519,477,
436,3,201,267,519,477,
437,3,201,267,519,477,
438,3,201,267,519,477,
439,3,201,267,519,477,
440,3,201,267,519,477,
441,3,201,267,519,477,
442,3,201,267,519,477,
443,3,201,267,519,477,
444,3,201,267,519,477,
445,3,201,267,519,477,
446,3,201,267,519,477,
447,3,201,267,519,477,
448,3,201,267,519,477,
449,3,201,267,519,477,
450,3,201,267,519,477,
451,3,201,267,519,477,
452,3,201,267,519,477,
453,3,201,267,519,477,
454,3,201,267,519,477,
455,3,201,267,519,477,
456,3,201,267,519,477,
457,3,201,267,519,477,
458,3,201,267,519,477,
459,3,201,267,519,477,
460,3,201,267,519,477,
461,3,201,267,519,477,
462,3,201,267,519,477,
463,3,201,267,519,477,
464,3,201,267,519,477,
465,3,201,267,519,477,
466,3,201,267,519,477,
467,3,201,267,519,477,
468,3,201,267,519,477,
469,3,201,267,519,477,
470,3,201,267,519,477,
471,3,201,267,519,477,
472,3,201,267,519,477,
473,3,201,267,519,477,
474,3,201,267,519,477,
475,3,201,267,519,477,
476,3,201,267,519,477,
477,3,201,267,519,477,
478,3,201,267,519,477,
479,3,201,267,519,477,
480,3,201,267,519,477,
481,3,201,267,519,477,
482,3,201,267,519,477,
483,3,201,267,519,477,
484,3,201,267,519,477,
485,3,201,267,519,477,
486,3,201,267,519,477,
487,3,201,267,519,477,
488,3,201,267,519,477,
489,3,201,267,519,477,
490,3,201,267,519,477,
491,3,201,267,519,477,
492,3,201,267,519,477,
493,3,201,267,519,477,
494,3,201,267,519,477,
495,3,201,267,519,477,
496,3,201,267,519,477,
497,3,201,267,519,477,
498,3,201,267,519,477,
499,3,201,267,519,477,
500,3,201,267,519,477,
501,3,201,267,519,477,
502,3,201,267,519,477,
503,3,201,267,519,477,
504,3,201,267,519,477,
505,3,201,267,519,477,
506,3,201,267,519,477,
507,3,201,267,519,477,
508,3,201,267,519,477,
509,3,201,267,519,477,
510,3,201,267,519,477,
511,3,201,267,519,477,
512,3,201,267,519,477,
513,3,201,267,519,477,
514,3,201,267,519,477,
515,3,201,267,519,477,
516,3,201,267,519,477,
517,3,201,267,519,477,
518,3,201,267,519,477,
519,3,201,267,519,477,
520,3,201,267,519,477,
521,3,201,267,519,477,
522,3,201,267,519,477,
523,3,201,267,519,477,
524,3,201,267,519,477,
525,3,201,267,519,477,
526,3,201,267,519,477,
527,3,201,267,519,477,
528,3,201,267,519,477,
529,3,201,267,519,477,
530,3,201,267,519,477,
531,3,201,267,519,477,
532,3,201,267,519,477,
533,3,201,267,519,477,
534,3,201,267,519,477,
535,3,201,267,519,477,
536,3,201,267,519,477,
537,3,201,267,519,477,
538,3,201,267,519,477,
539,3,201,267,519,477,
540,3,201,267,519,477,
541,3,201,267,519,477,
542,3,201,267,519,477,
543,3,201,267,519,477,
544,3,201,267,519,477,
545,3,201,267,519,477,
546,3,201,267,519,477,
547,3,201,267,519,477,
548,3,201,267,519,477,
549,3,201,267,519,477,
550,3,201,267,519,477,
551,3,201,267,519,477,
552,3,201,267,519,477,
553,3,201,267,519,477,
554,3,201,267,519,477,
555,3,201,267,519,477,
556,3,201,267,519,477,
557,3,201,267,519,477,
558,3,201,267,519,477,
559,3,201,267,519,477,
560,3,201,267,519,477,
561,3,201,267,519,477,
562,3,201,267,519,477,
563,3,201,267,519,477,
564,3,201,267,519,477,
565,3,201,267,519,477,
566,3,201,267,519,477,
567,3,201,267,519,477,
568,3,201,267,519,477,
569,3,201,267,519,477,
570,3,201,267,519,477,
571,3,201,267,519,477,
572,3,201,267,519,477,
573,3,201,267,519,477,
574,3,201,267,519,477,
575,3,201,267,519,477,
576,3,201,267,519,477,
577,3,201,267,519,477,
578,3,201,267,519,477,
579,3,201,267,519,477,
580,3,201,267,519,477,
581,3,201,267,519,477,
582,3,201,267,519,477,
583,3,201,267,519,477,
584,3,201,267,519,477,
585,3,201,267,519,477,
586,3,201,267,519,477,
587,3,201,267,519,477,
588,3,201,267,519,477,
589,3,201,267,519,477,
590,3,201,267,519,477,
591,3,201,267,519,477,
592,3,201,267,519,477,
593,3,201,267,519,477,
594,3,201,267,519,477,
595,3,201,267,519,477,
596,3,201,267,519,477,
597,3,201,267,519,477,
598,3,201,267,519,477,
599,3,201,267,519,477,
600,3,201,267,519,477,
601,3,201,267,519,477,
602,3,201,267,519,477,
603,3,201,267,519,477,
604,3,201,267,519,477,
605,3,201,267,519,477,
606,3,201,267,519,477,
607,3,201,267,519,477,
608,3,201,267,519,477,
609,3,201,267,519,477,
610,3,201,267,519,477,
611,3,201,267,519,477,
612,3,201,267,519,477,
613,3,201,267,519,477,
614,3,201,267,519,477,
615,3,201,267,519,477,
616,3,201,267,519,477,
617,3,201,267,519,477,
618,3,201,267,519,477,
619,3,201,267,519,477,
620,3,201,267,519,477,
621,3,201,267,519,477,
622,3,201,267,519,477,
623,3,201,267,519,477,
624,3,201,267,519,477,
625,3,201,267,519,477,
626,3,201,267,519,477,
627,3,201,267,519,477,
628,3,201,267,519,477,
629,3,201,267,519,477,
630,3,201,267,519,477,
631,3,201,267,519,477,
632,3,201,267,519,477,
633,3,201,267,519,477,
634,3,201,267,519,477,
635,3,201,267,519,477,
636,3,201,267,519,477,
637,3,201,267,519,477,
638,3,201,267,519,477,
639,3,201,267,519,477,
640,3,201,267,519,477,
641,3,201,267,519,477,
642,3,201,267,519,477,
643,3,201,267,519,477,
644,3,201,267,519,477,
645,3,201,267,519,477,
646,3,201,267,519,477,
647,3,201,267,519,477,
648,3,201,267,519,477,
649,3,201,267,519,477,
650,3,201,267,519,477,
651,3,201,267,519,477,
652,3,201,267,519,477,
653,3,201,267,519,477,
654,3,201,267,519,477,
655,3,201,267,519,477,
656,3,201,267,519,477,
657,3,201,267,519,477,
658,3,201,267,519,477,
659,3,201,267,519,477,
660,3,201,267,519,477,
661,3,201,267,519,477,
662,3,201,267,519,477,
663,3,201,267,519,477,
664,3,201,267,519,477,
665,3,201,267,519,477,
666,3,201,267,519,477,
667,3,201,267,519,477,
668,3,201,267,519,477,
669,3,201,267,519,477,
670,3,201,267,519,477,
671,3,201,267,519,477,
672,3,201,267,519,477,
