1,332,60,351,108,325,145,313,204,293,251,402,136,409,213,403,280,325,250,310,355,309,373,367,255,369,357,349,106
2,335,61,351,108,324,144,313,200,295,250,401,136,409,212,406,274,325,244,308,357,351,107,366,249,369,357,351,107
3,331,64,351,109,325,144,314,202,293,250,401,136,409,210,406,276,325,246,309,357,309,378,365,251,371,359,365,112
4,332,62,352,108,327,142,314,201,294,250,402,137,409,214,399,288,325,252,309,358,301,374,367,257,368,359,366,108
5,336,62,353,109,326,142,314,201,294,251,402,137,409,212,401,284,325,251,309,358,300,374,365,257,369,359,398,288
6,348,102,353,110,326,143,314,201,294,250,402,137,410,214,400,286,326,246,309,355,350,105,365,252,370,359,350,104
7,333,65,352,110,325,143,314,201,294,250,402,137,409,214,400,287,326,249,309,358,300,374,365,255,369,359,397,290
8,350,101,354,109,326,143,314,201,295,249,403,139,409,213,402,281,325,247,310,355,352,104,365,253,370,358,352,103
9,335,64,353,110,326,144,315,202,295,249,403,137,409,215,400,283,326,248,309,357,349,106,365,254,370,358,398,284
10,350,100,354,109,327,143,316,200,297,249,402,138,408,216,405,277,325,247,310,355,352,105,365,254,369,358,352,105
11,333,63,354,109,327,141,316,201,296,249,402,138,408,213,399,288,326,247,309,356,356,105,364,253,369,358,397,290
12,0,0,0,0,0,0,0,0,0,0,0,0,0,0,0,0,0,0,0,0,0,0,0,0,0,0,0,0
13,325,65,352,108,329,143,316,202,296,251,401,137,409,213,399,288,326,246,309,355,354,106,365,252,369,359,354,105
14,334,60,354,107,330,142,317,200,296,251,401,137,408,216,396,293,325,245,309,358,355,104,363,251,372,359,355,103
15,330,63,353,109,328,142,318,201,296,251,402,138,408,214,400,284,326,245,309,358,307,243,365,251,370,358,397,287
16,325,66,353,108,333,139,319,199,297,251,402,138,409,212,404,277,324,244,309,356,299,373,363,250,368,357,404,278
17,327,65,353,109,330,142,320,198,298,250,401,138,408,209,403,280,325,248,310,355,311,245,364,254,369,358,401,284
18,326,64,353,108,331,141,320,199,297,251,401,138,407,219,397,290,324,248,309,358,355,102,366,256,369,359,396,292
19,327,64,352,108,330,142,319,198,297,250,402,139,408,215,397,289,324,247,309,356,348,109,363,253,370,358,365,109
20,327,63,352,108,329,143,318,199,297,249,402,138,408,215,397,289,325,246,309,355,349,103,364,252,371,356,373,358
21,327,65,351,109,330,145,318,201,296,251,401,138,406,220,398,288,324,246,308,357,306,245,364,253,369,358,396,289
22,325,66,351,108,329,141,319,199,295,251,401,138,408,214,397,289,324,244,309,355,307,246,364,250,368,357,396,290
23,328,63,353,110,328,143,318,201,296,250,402,137,408,212,402,280,325,244,310,355,350,106,364,251,369,359,349,106
24,349,101,354,108,329,142,318,200,296,250,402,138,408,213,397,291,325,248,309,356,351,105,363,254,369,359,350,105
25,326,64,352,107,332,140,318,199,295,251,402,138,409,215,404,279,324,245,309,357,306,246,364,252,368,358,403,280
26,334,63,355,109,330,140,318,199,294,250,403,139,409,216,401,283,325,246,309,354,356,106,362,253,370,359,356,105
27,325,67,354,110,331,139,317,199,294,249,402,138,409,213,399,286,325,243,309,356,354,105,362,249,370,358,356,104
28,351,101,354,110,330,142,318,201,293,250,403,139,409,214,401,285,327,244,310,355,352,106,365,250,368,358,352,105
29,325,66,353,109,330,142,317,202,293,250,403,138,409,217,403,281,326,247,310,355,350,106,362,254,370,358,350,105
30,327,66,353,110,328,143,317,203,291,250,403,138,412,218,399,287,326,247,310,356,350,106,363,254,369,359,350,105
31,328,62,354,108,329,142,316,200,291,249,403,138,410,216,398,293,326,245,308,356,354,103,366,253,371,358,354,103
32,327,64,353,109,328,144,316,202,291,249,403,139,409,219,396,296,325,246,309,357,353,104,362,251,371,357,353,104
33,330,64,355,110,328,145,317,202,288,250,403,139,409,216,407,277,326,244,310,356,355,107,365,250,370,357,355,107
34,327,64,354,108,329,141,317,201,288,248,404,139,411,215,409,275,326,245,309,358,355,103,366,251,369,358,355,102
35,329,63,355,108,331,142,317,201,286,248,404,139,410,216,410,275,325,250,308,357,355,106,364,256,368,358,355,107
36,350,105,357,111,329,144,317,202,285,248,405,139,411,216,402,289,326,246,309,354,356,106,364,253,368,360,356,106
37,330,64,356,109,330,144,317,202,285,247,407,139,412,218,402,288,327,249,309,357,357,106,366,256,370,361,357,107
38,354,100,358,109,331,142,316,203,281,247,407,138,412,216,405,286,328,247,309,355,358,105,366,253,369,359,358,105
39,337,62,358,110,331,143,315,205,280,246,408,138,412,222,402,294,328,246,309,357,357,106,366,252,370,359,357,106
40,326,66,355,108,332,143,315,205,278,245,411,140,415,219,406,284,329,247,308,358,356,104,368,252,371,359,355,104
41,353,104,360,110,332,144,316,205,279,244,411,139,415,217,413,278,330,247,308,356,358,106,368,254,370,360,358,106
42,357,100,360,109,333,143,316,205,278,244,411,139,417,219,403,297,330,249,306,358,357,107,369,256,370,359,357,107
43,354,105,361,111,333,145,314,206,276,245,412,140,416,222,411,283,330,246,305,357,360,105,369,252,370,359,360,105
44,357,105,361,113,333,146,315,205,276,243,412,139,417,224,406,294,330,251,306,359,358,106,369,258,371,359,358,106
45,353,104,359,109,332,145,314,205,274,244,412,139,418,225,411,287,328,252,303,358,358,106,367,259,370,360,358,106
46,353,104,360,109,333,144,313,206,272,244,413,138,418,219,415,282,331,249,305,358,359,105,372,258,371,359,359,106
47,329,65,358,109,331,147,313,206,271,245,413,139,418,221,410,291,329,248,304,359,360,104,370,256,370,359,359,109
48,352,106,359,111,332,147,312,204,269,244,412,138,418,221,415,282,329,249,304,358,357,107,369,256,372,360,357,107
49,356,102,360,111,331,146,310,207,267,245,411,138,418,217,417,279,329,247,305,359,357,106,367,254,372,360,357,106
50,350,107,357,112,329,149,308,209,266,246,410,137,418,216,417,278,327,250,305,359,355,107,369,256,369,360,355,108
51,349,105,356,110,328,147,306,211,263,246,409,136,417,219,416,276,326,253,305,358,355,106,367,261,370,360,354,106
52,348,106,355,111,328,149,304,212,262,246,409,136,418,217,412,282,327,251,305,359,354,107,367,257,370,360,353,107
53,322,67,351,111,325,148,303,209,261,247,406,135,416,215,414,278,328,246,303,360,350,106,367,252,369,359,348,109
54,318,70,348,111,323,146,302,209,258,247,403,133,417,212,413,278,327,247,304,358,347,109,368,253,367,359,346,110
55,316,70,346,111,323,149,304,203,260,247,400,132,415,213,416,271,327,246,304,358,346,109,367,250,365,357,346,109
56,310,71,342,111,320,149,303,201,258,249,399,132,414,214,410,281,324,248,304,358,342,110,368,254,364,359,410,281
57,306,73,340,112,318,148,300,202,256,250,397,131,412,209,413,273,322,254,303,360,337,107,365,259,366,361,333,328
58,304,73,335,112,314,150,298,203,256,250,393,129,413,207,410,273,320,249,303,361,337,108,361,250,364,359,409,275
59,302,75,334,114,313,149,297,203,252,252,390,128,411,206,410,274,318,254,300,359,332,325,363,257,365,359,409,275
60,296,75,329,113,310,153,295,204,250,253,387,127,411,208,410,272,320,250,301,359,331,113,361,251,363,360,410,273
61,294,76,327,114,308,152,293,205,249,254,384,126,410,205,409,270,320,246,301,358,300,374,369,249,362,359,409,271
62,0,0,0,0,0,0,0,0,0,0,0,0,0,0,0,0,0,0,0,0,0,0,0,0,0,0,0,0
63,286,78,322,114,305,154,289,206,244,257,378,125,406,203,409,268,318,252,301,360,322,114,364,253,362,361,322,114
64,281,81,319,116,303,153,288,208,244,258,377,126,404,205,409,277,318,250,302,359,320,113,362,250,363,360,320,114
65,278,83,315,117,300,157,284,212,242,259,374,123,405,201,410,272,319,253,301,361,315,115,367,256,364,360,315,116
66,277,85,314,119,299,157,283,213,241,260,371,124,403,202,412,264,320,254,303,361,314,115,365,255,363,360,314,115
67,275,85,312,120,297,159,281,216,241,262,369,124,404,200,412,268,319,251,303,359,302,377,367,251,364,360,304,387
68,273,88,310,122,295,161,280,215,240,262,367,123,405,203,414,266,320,254,303,361,305,380,367,253,366,361,413,267
69,269,89,308,121,295,162,280,216,240,263,366,123,403,198,414,266,321,254,306,360,255,261,370,252,366,360,352,348
70,270,88,307,122,292,162,279,216,239,262,363,123,403,196,416,266,323,252,306,360,306,379,370,252,366,361,415,267
71,267,91,305,123,292,163,280,213,242,261,363,123,403,197,417,265,323,257,305,360,256,256,370,254,368,360,417,268
72,267,92,305,124,291,165,278,218,240,263,361,124,404,194,417,262,322,259,307,360,308,379,372,256,368,361,364,330
73,267,90,305,124,291,165,277,220,239,264,361,124,404,194,419,260,323,261,308,360,251,262,372,261,369,361,419,259
74,266,92,305,125,290,165,277,217,242,262,360,124,403,198,419,267,324,258,306,361,256,259,373,254,368,360,305,108
75,264,94,304,125,290,165,276,220,239,263,360,124,404,196,421,267,323,256,308,360,308,380,372,250,369,360,420,267
76,263,94,303,126,289,165,277,218,240,262,358,124,404,196,421,268,323,260,307,360,308,379,374,254,370,362,420,270
77,263,94,302,126,289,165,277,218,241,262,359,125,404,191,421,266,322,257,306,358,307,377,371,254,370,360,420,268
78,264,94,304,126,288,165,278,218,241,262,360,125,404,197,422,264,324,255,307,359,252,266,372,248,371,361,422,265
79,264,93,304,125,289,165,277,218,241,262,360,124,405,197,421,262,324,261,308,360,312,378,373,253,371,362,420,263
80,264,95,305,127,288,164,277,218,240,263,359,125,406,197,422,262,325,259,307,360,306,378,373,251,370,361,421,264
81,0,0,0,0,0,0,0,0,0,0,0,0,0,0,0,0,0,0,0,0,0,0,0,0,0,0,0,0
82,0,0,0,0,0,0,0,0,0,0,0,0,0,0,0,0,0,0,0,0,0,0,0,0,0,0,0,0
83,0,0,0,0,0,0,0,0,0,0,0,0,0,0,0,0,0,0,0,0,0,0,0,0,0,0,0,0
84,262,96,302,126,287,167,276,217,242,262,360,125,408,201,424,267,327,258,310,361,256,255,377,252,371,361,424,267
85,263,97,303,128,287,164,278,216,241,263,357,125,405,192,422,265,325,261,308,358,300,374,374,255,371,359,308,384
86,266,94,303,128,286,165,277,217,239,265,359,125,404,190,423,270,329,255,309,360,309,379,375,248,372,362,341,323
87,0,0,0,0,0,0,0,0,0,0,0,0,0,0,0,0,0,0,0,0,0,0,0,0,0,0,0,0
88,265,96,303,128,286,165,277,218,239,264,358,125,406,197,423,263,328,258,309,361,309,379,377,252,372,361,422,265
89,262,98,303,128,286,165,278,217,240,264,356,126,406,196,424,262,326,258,309,359,300,374,375,249,371,360,308,384
90,262,98,302,129,286,167,278,218,240,265,355,125,401,184,423,265,327,259,309,360,309,379,376,253,372,362,342,325
91,261,97,302,128,287,167,277,218,242,263,357,125,403,191,425,268,327,259,309,361,309,379,375,252,371,361,425,273
92,262,98,302,129,287,168,276,219,242,263,356,125,405,195,425,268,328,259,309,360,312,378,376,248,371,361,422,268
93,262,98,302,129,286,167,278,218,240,265,355,126,405,191,424,266,328,258,311,360,313,378,376,249,371,360,423,269
94,264,98,302,130,286,168,278,218,242,264,356,126,406,195,425,266,328,259,309,360,309,379,378,251,372,361,424,266
95,264,94,302,128,286,168,276,219,240,264,355,126,405,192,425,266,328,259,308,360,298,373,379,251,371,359,304,383
96,260,99,300,129,286,168,276,219,241,263,353,126,406,194,424,262,329,259,310,361,311,380,378,253,372,360,359,348
97,263,97,301,130,286,167,277,218,242,263,355,125,405,195,426,268,329,261,310,361,314,379,377,256,372,361,424,266
98,262,99,302,131,285,167,277,218,241,264,353,126,405,195,424,261,328,260,309,360,251,255,378,254,371,361,356,349
99,263,98,301,131,284,167,277,218,241,264,353,126,404,192,425,263,329,259,310,362,314,380,377,252,372,361,424,265
100,261,99,300,131,285,168,276,219,242,262,352,126,404,194,425,266,328,263,311,360,257,266,375,257,371,361,425,267
101,260,102,300,131,284,169,276,218,241,265,354,126,403,194,426,265,328,259,308,361,310,379,376,251,372,362,354,355
102,260,99,300,131,284,167,276,219,241,264,352,126,403,193,425,266,328,261,309,361,250,254,376,254,370,360,355,349
103,261,99,300,131,283,168,275,219,243,264,353,127,401,189,424,258,328,259,312,361,314,380,381,247,371,362,354,354
104,259,99,299,130,284,169,275,219,243,263,353,127,404,195,424,266,328,259,310,361,314,379,375,251,371,360,423,266
105,258,101,299,131,283,169,274,221,240,266,351,126,400,187,423,263,328,261,310,360,250,255,377,255,371,361,421,260
106,259,102,299,132,282,168,275,218,243,263,351,126,402,194,422,264,327,260,309,360,257,265,375,250,371,360,420,263
107,259,98,299,130,283,168,275,220,238,268,351,127,398,186,424,264,328,261,308,360,250,255,375,254,371,360,422,265
108,256,103,298,131,283,169,275,219,241,266,349,127,399,188,423,265,328,261,309,360,312,379,378,251,371,361,423,264
109,254,102,296,131,283,167,275,220,241,266,348,127,400,189,421,264,327,261,310,361,251,254,378,251,371,361,356,349
110,257,100,297,131,282,167,274,220,242,263,349,128,396,182,421,262,326,257,307,360,337,324,376,246,371,360,431,253
111,256,100,297,130,283,167,276,218,244,264,349,127,398,188,422,266,327,259,311,361,339,324,376,251,370,361,340,324
112,257,102,298,132,282,167,275,219,242,264,349,127,401,194,421,263,327,257,308,360,257,266,378,249,369,359,421,263
113,257,99,298,129,282,166,276,218,242,264,350,127,399,189,419,259,325,257,309,359,257,268,374,248,370,360,354,351
114,257,99,298,129,283,166,275,220,241,265,349,127,400,192,420,265,325,260,308,360,251,274,376,252,370,361,355,349
115,258,99,298,129,282,166,276,218,243,263,350,127,401,195,419,267,326,258,308,360,258,265,373,251,369,360,419,268
116,258,98,297,129,283,166,275,220,242,264,349,127,400,194,418,263,324,262,308,360,251,254,373,258,370,360,356,349
117,259,96,298,128,283,166,275,219,242,265,351,127,398,190,419,267,325,255,308,359,251,255,373,250,370,360,355,349
118,260,93,298,126,283,166,276,219,240,266,352,127,400,196,418,263,324,260,308,360,309,380,373,253,370,361,414,262
119,261,96,299,128,284,166,276,220,243,263,353,126,399,192,417,262,325,257,307,360,257,257,372,251,370,359,416,265
120,261,96,300,128,284,166,276,218,242,264,354,127,399,191,418,266,323,259,308,360,256,261,374,252,369,360,355,349
121,260,95,298,127,285,166,276,220,240,266,354,126,400,194,417,268,325,256,309,359,256,265,372,252,367,359,417,269
122,0,0,0,0,0,0,0,0,0,0,0,0,0,0,0,0,0,0,0,0,0,0,0,0,0,0,0,0
123,261,95,301,127,285,164,278,218,241,265,355,126,399,194,416,272,324,260,307,359,228,276,371,254,368,359,414,275
124,264,93,301,126,285,165,277,219,243,263,356,126,402,197,416,264,324,259,307,359,258,259,372,253,368,360,414,263
125,263,93,301,126,287,164,279,220,240,265,357,126,402,199,416,268,322,263,308,361,256,261,371,259,369,360,414,268
126,263,93,301,125,288,165,280,220,241,264,359,126,401,198,415,265,322,257,308,360,257,260,370,253,368,360,413,265
127,264,92,302,124,289,165,280,219,239,265,359,126,402,200,414,273,322,260,307,359,251,256,372,254,368,359,300,109
128,265,90,303,123,290,163,281,219,239,265,360,126,403,200,414,271,321,259,308,360,251,277,367,253,367,360,413,271
129,267,90,304,123,290,162,281,221,240,265,359,126,401,195,413,271,322,258,308,360,251,259,367,256,369,360,356,346
130,268,88,305,121,292,160,283,220,238,264,361,126,400,196,414,272,321,261,307,360,253,269,368,257,366,361,413,273
131,269,87,306,121,292,159,284,219,238,262,362,126,402,202,412,271,319,256,307,359,251,264,364,253,366,360,412,271
132,270,87,307,121,293,159,283,221,236,262,364,127,403,202,410,269,318,257,306,358,252,262,366,257,365,360,409,269
133,269,86,308,119,293,158,284,219,234,261,365,126,401,199,410,274,318,258,307,360,248,260,365,256,365,361,409,274
134,271,86,308,119,296,157,286,218,234,257,366,126,401,201,411,266,318,260,304,359,295,374,363,257,364,359,410,266
135,271,84,309,118,296,156,284,217,232,256,366,126,402,203,408,276,319,255,304,359,249,254,363,255,365,360,408,275
136,273,83,310,118,296,155,286,213,229,252,367,127,402,202,405,274,317,258,305,361,243,261,359,258,365,362,404,274
137,275,82,310,117,296,155,282,216,227,250,368,127,401,202,405,277,318,258,305,361,310,113,360,259,365,361,405,277
138,278,82,312,118,296,154,284,212,225,248,368,126,401,202,404,274,317,259,305,360,278,209,362,261,364,361,403,275
139,276,81,313,116,297,153,282,211,222,241,369,127,401,203,404,271,316,257,304,359,304,379,361,258,363,361,403,272
140,277,81,313,116,297,152,281,209,219,241,371,128,401,206,402,274,316,258,303,360,314,113,354,260,363,362,402,274
141,278,78,313,115,297,152,280,206,219,239,371,127,401,203,401,273,315,254,303,361,234,228,355,256,361,361,401,274
142,278,79,313,115,296,153,278,207,215,235,371,127,400,204,402,266,315,257,302,359,299,378,358,259,363,360,401,266
143,282,77,315,115,294,152,277,207,211,235,371,127,400,203,401,271,313,259,301,360,312,115,356,262,362,362,400,272
144,278,76,312,113,294,152,277,204,213,234,371,126,398,200,401,271,314,256,301,359,229,230,356,257,361,361,398,273
145,281,75,314,114,295,152,276,204,211,232,372,127,399,202,400,270,312,253,300,360,313,114,354,252,361,362,314,114
146,279,74,312,113,294,151,275,203,213,231,372,127,399,202,399,271,312,253,301,359,230,229,355,252,358,361,398,272
147,280,75,313,114,292,150,275,203,211,231,373,128,398,201,402,262,313,253,301,359,312,110,357,251,360,360,342,351
148,280,76,313,114,292,149,275,202,209,231,374,128,399,202,401,266,311,250,299,359,212,213,354,248,359,360,400,266
149,282,75,316,115,291,149,274,202,210,231,373,127,399,197,403,262,310,252,299,358,315,111,355,249,359,360,315,111
150,281,75,314,115,291,150,273,201,207,232,373,128,397,200,402,267,310,254,298,359,314,112,353,251,359,361,314,112
151,284,73,316,114,290,149,272,202,205,231,373,127,397,199,403,262,310,252,299,358,316,109,355,251,358,360,403,261
152,283,73,314,114,290,151,270,203,207,231,372,127,396,195,401,266,309,251,298,358,314,114,353,250,357,361,314,114
153,281,74,313,114,290,150,269,202,206,230,372,127,396,196,402,263,309,251,297,359,313,114,352,250,357,361,482,290
154,283,72,315,113,289,150,270,200,204,233,372,128,396,196,403,261,308,251,298,358,315,114,352,250,355,362,315,114
155,281,73,313,113,287,149,268,200,204,231,372,127,395,196,402,265,309,252,298,358,315,110,351,250,356,361,341,350
156,281,73,313,114,286,150,266,202,201,232,372,127,396,193,403,260,309,252,298,359,315,109,353,250,355,360,403,261
157,282,71,312,113,287,151,266,198,200,233,370,126,395,195,402,263,307,255,297,359,312,114,350,252,355,362,312,114
158,282,71,311,113,286,151,263,200,197,234,370,127,395,197,401,264,307,251,296,359,313,112,351,249,356,360,313,113
159,277,74,310,113,286,150,261,200,197,233,369,126,394,197,401,266,307,249,296,358,313,110,351,247,355,359,313,110
160,278,74,310,114,285,150,260,199,195,234,369,126,395,194,401,265,305,253,296,359,309,113,348,251,355,360,308,112
161,275,75,308,114,284,150,256,201,193,234,368,126,393,193,402,261,306,250,296,359,307,113,348,248,355,360,306,113
162,274,74,307,113,282,148,254,201,191,234,367,126,392,194,401,257,305,246,297,359,306,113,348,243,354,360,305,114
163,276,73,308,113,283,149,252,201,189,234,365,126,391,194,399,266,304,252,297,360,308,113,348,251,354,360,397,267
164,278,75,310,118,281,150,251,200,189,233,365,128,391,194,399,260,304,251,295,359,306,114,345,249,353,360,306,113
165,303,106,309,118,280,151,250,201,188,233,364,126,390,194,398,263,303,250,295,359,309,114,345,249,354,359,309,114
166,271,75,303,115,278,151,248,200,185,233,361,126,388,192,399,260,302,247,295,360,302,113,343,243,352,359,398,262
167,271,76,304,116,278,150,246,199,183,232,361,126,388,193,398,265,302,249,294,360,305,114,343,247,352,360,305,114
168,301,107,310,122,277,149,246,197,184,231,361,128,389,194,179,235,301,247,293,359,203,217,345,245,350,360,399,261
169,269,76,301,118,275,151,246,195,185,229,359,126,388,191,398,254,300,250,294,359,294,377,344,250,351,360,172,238
170,0,0,0,0,0,0,0,0,0,0,0,0,0,0,0,0,0,0,0,0,0,0,0,0,0,0,0,0
171,0,0,0,0,0,0,0,0,0,0,0,0,0,0,0,0,0,0,0,0,0,0,0,0,0,0,0,0
172,0,0,0,0,0,0,0,0,0,0,0,0,0,0,0,0,0,0,0,0,0,0,0,0,0,0,0,0
173,0,0,0,0,0,0,0,0,0,0,0,0,0,0,0,0,0,0,0,0,0,0,0,0,0,0,0,0
174,0,0,0,0,0,0,0,0,0,0,0,0,0,0,0,0,0,0,0,0,0,0,0,0,0,0,0,0
175,0,0,0,0,0,0,0,0,0,0,0,0,0,0,0,0,0,0,0,0,0,0,0,0,0,0,0,0
176,0,0,0,0,0,0,0,0,0,0,0,0,0,0,0,0,0,0,0,0,0,0,0,0,0,0,0,0
177,0,0,0,0,0,0,0,0,0,0,0,0,0,0,0,0,0,0,0,0,0,0,0,0,0,0,0,0
178,0,0,0,0,0,0,0,0,0,0,0,0,0,0,0,0,0,0,0,0,0,0,0,0,0,0,0,0
179,0,0,0,0,0,0,0,0,0,0,0,0,0,0,0,0,0,0,0,0,0,0,0,0,0,0,0,0
180,259,76,291,114,271,149,246,205,179,234,348,124,375,191,387,262,292,249,287,360,287,379,337,247,344,358,322,354
181,0,0,0,0,0,0,0,0,0,0,0,0,0,0,0,0,0,0,0,0,0,0,0,0,0,0,0,0
182,258,77,291,114,271,149,247,206,183,236,346,125,373,194,383,261,289,247,286,358,276,372,331,248,336,358,381,262
183,254,77,287,113,270,149,247,207,185,237,345,126,372,194,382,258,287,251,284,355,278,374,330,249,334,358,382,258
184,254,77,289,114,270,149,249,208,186,236,344,126,371,195,378,270,286,246,283,355,276,372,327,248,336,356,378,269
185,252,79,286,115,268,149,248,208,185,237,342,126,368,195,376,266,283,247,281,355,277,374,324,248,329,357,374,266
186,252,77,285,115,268,149,247,208,187,238,339,126,366,193,373,265,282,248,282,354,276,371,322,250,330,357,372,266
187,250,80,284,117,266,151,246,209,188,238,338,127,364,197,372,263,280,248,280,351,205,238,323,248,329,353,332,354
188,248,80,282,115,265,151,246,209,188,237,335,127,364,196,368,268,278,250,280,357,200,249,320,250,328,358,367,268
189,249,79,281,116,264,150,246,207,188,236,334,127,361,196,366,265,278,249,279,356,199,249,319,249,328,356,366,267
190,246,80,280,118,262,152,244,208,188,236,331,128,358,195,362,271,276,250,277,354,483,289,319,252,321,358,482,289
191,245,80,279,116,262,148,243,209,188,235,330,128,356,195,362,267,276,251,275,350,205,237,315,251,322,359,359,268
192,242,81,277,116,262,149,243,209,190,234,328,128,354,195,358,275,274,249,277,354,204,238,314,250,320,360,356,277
193,242,80,276,116,260,149,242,209,188,235,327,128,351,195,356,273,270,248,276,350,204,237,311,248,318,360,355,275
194,241,81,276,116,260,149,239,210,188,235,326,129,350,194,355,273,270,245,275,350,197,249,311,247,323,355,354,280
195,240,81,274,118,257,149,240,207,188,236,324,128,347,194,353,268,271,248,276,352,201,247,311,248,319,355,321,357
196,237,83,273,117,258,149,238,207,187,237,323,129,348,195,351,271,270,246,274,350,203,237,310,246,317,354,322,355
197,236,82,272,117,256,149,236,208,186,238,321,129,346,194,351,265,269,247,276,355,281,361,311,248,317,358,323,360
198,236,81,270,117,253,150,236,207,186,238,320,129,344,193,351,263,269,246,274,353,198,249,309,245,316,355,350,266
199,235,81,269,116,254,147,235,206,185,238,318,129,343,193,348,270,269,246,275,352,202,237,307,245,318,354,322,355
200,234,81,268,116,252,148,236,204,184,238,318,129,343,191,350,265,269,244,273,351,201,237,310,244,316,355,321,356
201,232,82,268,117,253,148,233,208,184,239,317,129,343,195,349,269,267,246,275,352,199,237,307,245,318,356,324,359
202,232,81,266,117,251,151,233,207,184,239,317,129,342,193,347,267,267,248,271,349,269,355,307,247,315,354,320,357
203,232,82,267,118,250,150,234,207,185,239,316,129,341,192,348,267,266,246,273,353,197,249,305,246,315,353,320,355
204,231,82,266,118,251,149,232,208,184,240,315,128,340,192,347,268,266,249,274,354,195,248,306,248,317,354,322,357
205,232,81,266,118,250,151,232,208,183,240,315,129,340,193,347,264,265,244,273,355,196,248,305,245,315,355,346,269
206,232,82,265,119,248,152,232,209,183,240,314,129,339,191,347,272,266,246,272,353,194,249,304,247,315,356,321,358
207,230,81,264,117,250,150,232,207,184,240,313,128,340,192,348,266,265,248,272,350,276,360,303,246,313,357,318,360
208,231,81,265,118,249,150,232,209,184,240,313,128,339,192,346,266,265,245,273,355,195,249,305,244,314,356,345,271
209,230,82,264,118,248,151,232,208,183,241,314,128,338,192,347,266,264,249,272,353,194,248,304,246,314,357,321,360
210,229,82,265,118,250,150,232,207,183,240,313,128,340,192,347,261,265,244,271,350,196,249,306,246,315,354,322,356
211,229,82,264,118,248,151,233,207,183,241,314,129,340,192,347,263,264,248,273,351,195,248,304,246,313,352,317,354
212,230,82,264,118,249,149,232,208,182,240,313,128,340,191,348,267,265,247,272,347,276,358,304,246,313,353,318,356
213,229,82,264,119,249,151,233,208,183,240,313,128,338,191,347,268,265,248,273,356,194,248,305,247,313,357,345,272
214,230,83,265,118,250,150,232,208,181,240,313,127,340,191,348,262,265,246,271,350,276,358,305,246,311,354,318,356
215,230,81,264,117,250,151,233,206,182,241,313,128,341,193,348,265,265,247,274,355,198,245,305,247,315,355,346,270
216,232,82,266,118,251,148,233,207,181,241,314,129,339,190,348,261,265,246,271,349,196,246,305,245,312,351,316,353
217,233,81,265,119,248,152,233,208,181,241,314,129,340,192,347,262,265,248,275,354,280,361,306,247,313,354,346,266
218,231,81,265,118,251,149,233,208,183,240,314,128,341,192,349,263,265,249,273,356,198,237,303,248,315,356,318,359
219,231,81,265,118,250,151,233,209,183,240,314,128,340,192,349,264,266,249,273,350,306,249,305,249,316,355,322,359
220,232,82,267,117,251,149,234,208,183,240,316,129,341,193,348,264,265,244,274,352,281,360,306,243,314,352,318,356
221,231,82,266,117,251,148,234,207,182,241,315,129,341,193,347,269,266,246,272,350,194,248,305,245,314,354,320,356
222,233,82,268,118,252,149,236,206,184,240,316,129,341,192,348,265,266,245,274,354,197,248,304,245,317,354,322,355
223,233,81,267,117,252,149,235,207,183,241,317,129,342,194,349,269,266,247,272,353,274,362,306,246,315,356,346,274
224,232,82,267,118,252,148,235,208,184,241,317,129,341,195,348,268,267,246,274,354,195,249,307,246,316,352,321,354
225,234,82,268,118,252,149,235,208,183,241,318,130,341,193,348,270,266,252,274,352,196,247,307,250,316,354,323,357
226,234,82,269,118,253,148,236,208,185,240,318,130,341,194,349,270,267,251,274,353,276,361,307,250,316,356,347,273
227,235,81,269,117,254,149,236,209,186,240,318,129,342,194,349,270,267,250,275,355,203,236,307,249,315,357,322,359
228,235,81,270,116,255,149,237,209,185,241,320,130,345,197,350,268,267,251,273,356,202,237,307,251,316,356,321,359
229,237,81,271,117,256,149,238,209,186,241,319,129,344,197,350,270,268,248,273,351,275,361,309,250,317,354,322,357
230,236,82,271,117,255,147,238,210,185,242,321,130,343,194,350,269,268,250,275,355,197,249,309,249,316,357,322,359
231,236,80,271,116,256,149,239,209,187,241,321,130,346,195,350,270,267,247,274,352,202,246,307,248,313,357,347,273
232,238,82,273,117,258,147,240,209,187,241,320,129,346,197,351,271,267,248,274,353,203,245,307,248,318,354,322,357
233,240,84,275,118,259,146,240,208,188,241,321,129,345,196,352,269,269,250,274,355,198,255,308,251,319,356,325,358
234,238,82,273,116,259,147,240,211,188,241,323,130,347,197,352,269,269,248,275,356,201,247,308,248,319,355,352,280
235,240,79,274,116,258,149,241,210,188,241,323,129,347,198,352,273,269,246,275,352,203,243,309,248,317,356,323,358
236,240,80,274,116,258,149,242,209,190,240,324,130,347,196,353,267,268,247,274,354,202,246,310,248,317,356,352,278
237,240,80,275,115,261,147,242,210,187,242,324,130,349,200,351,274,269,248,273,354,197,255,309,249,317,357,350,277
238,241,81,276,116,260,147,244,209,189,242,325,130,347,197,353,264,271,247,274,350,279,360,310,248,315,356,352,268
239,243,81,277,117,260,149,245,208,188,242,325,130,348,198,353,269,271,247,274,354,200,254,310,248,321,357,352,275
240,242,81,277,116,263,147,243,210,187,242,326,130,350,199,353,273,270,244,274,352,197,257,310,246,320,356,325,358
241,242,82,276,118,262,149,244,209,188,242,326,130,349,198,354,271,269,248,275,356,204,244,309,248,317,355,354,275
242,244,79,277,116,260,148,243,211,190,242,326,130,350,198,354,271,271,248,275,356,202,252,311,249,319,357,354,272
243,245,81,278,117,262,149,244,211,188,243,328,130,350,197,355,271,269,251,275,354,204,246,311,253,319,355,353,279
244,244,79,277,116,263,148,245,209,190,243,329,130,350,199,355,274,270,249,276,353,205,243,311,252,318,356,355,277
245,246,79,279,116,262,147,245,210,191,241,330,132,350,200,355,271,270,248,275,353,204,247,310,249,317,356,323,358
246,247,82,280,118,264,149,245,212,190,243,330,132,352,199,354,276,271,250,275,353,201,255,311,252,318,358,352,282
247,248,80,280,116,264,150,244,213,192,242,331,132,352,201,355,276,270,249,275,350,205,248,312,252,318,357,354,277
248,249,81,281,117,264,151,244,215,192,242,331,132,353,201,355,276,271,250,274,352,203,255,313,251,318,357,355,278
249,247,80,281,116,265,150,245,216,192,242,332,132,354,201,355,277,272,249,275,352,205,247,313,252,320,357,356,285
250,250,78,282,115,265,150,245,216,194,243,334,133,353,198,356,276,272,249,275,351,205,256,313,252,319,356,356,282
251,249,78,282,115,265,150,246,215,194,242,334,132,354,200,357,274,272,249,275,352,205,247,313,251,318,357,356,276
252,249,78,282,115,266,150,247,214,194,242,334,132,354,199,355,277,273,249,275,355,207,246,313,251,320,358,353,283
253,251,76,283,114,267,150,247,215,195,242,336,133,355,202,356,278,273,252,275,353,204,256,314,256,319,357,357,287
254,251,77,284,115,267,150,249,212,195,241,336,132,355,200,356,277,273,249,275,355,204,256,314,251,319,359,356,285
255,251,77,284,115,268,149,250,212,197,241,336,133,354,200,357,279,274,249,276,354,375,216,314,251,320,357,352,282
256,252,76,284,114,269,149,248,214,196,242,336,133,355,201,356,277,274,249,275,353,208,247,315,252,318,359,354,284
257,254,77,286,115,269,148,251,211,197,240,337,133,357,204,357,278,274,250,277,355,210,237,313,252,322,357,355,282
258,253,76,286,114,270,148,250,214,198,241,338,133,357,202,359,277,274,249,277,352,209,246,313,251,320,359,355,284
259,258,77,289,116,270,149,252,210,198,239,339,133,358,203,358,280,275,247,275,352,212,239,314,250,318,359,355,284
260,256,75,287,114,270,150,252,211,199,236,340,133,359,204,359,279,275,247,275,354,256,362,314,250,320,357,358,282
261,257,75,288,114,270,151,251,212,200,236,341,133,359,203,358,276,276,249,275,350,210,248,315,252,322,356,356,278
262,256,76,288,115,270,152,252,213,201,236,342,134,359,203,359,281,276,249,277,350,216,239,316,254,322,356,357,286
263,258,75,290,113,272,149,254,211,202,235,342,134,359,200,359,278,276,246,276,352,317,251,315,250,320,357,356,282
264,256,75,289,113,273,148,256,210,203,234,342,134,360,203,359,280,277,247,276,353,318,250,316,252,320,359,357,283
265,259,75,290,114,273,151,256,212,204,234,343,134,359,202,359,279,277,248,276,353,219,238,317,252,321,359,356,281
266,258,76,290,114,274,148,259,208,207,233,344,134,361,204,361,281,278,246,276,353,483,291,316,250,323,358,360,283
267,260,76,292,114,273,148,259,209,207,233,344,134,361,206,361,281,277,248,276,355,256,361,317,252,320,359,360,284
268,260,77,293,114,275,145,259,209,207,230,345,134,362,205,360,279,278,250,276,354,220,231,315,253,323,358,357,283
269,261,76,294,114,274,147,261,210,211,229,346,135,363,205,361,278,277,249,278,355,222,239,315,253,320,361,358,282
270,260,75,293,113,275,146,261,209,212,227,346,134,362,208,362,278,278,248,276,352,226,232,318,252,319,361,362,281
271,262,77,295,115,276,145,262,208,212,226,346,134,363,205,362,279,279,250,277,355,228,223,318,254,319,361,360,280
272,264,77,296,116,275,146,263,208,213,225,347,134,363,207,362,279,278,250,276,354,317,252,316,254,319,362,361,279
273,262,77,295,114,277,146,262,209,214,225,346,134,363,204,362,279,278,247,277,354,317,251,316,252,322,360,360,281
274,263,77,295,114,276,145,261,207,216,222,347,134,364,207,362,278,280,250,276,353,229,231,316,253,320,361,359,280
275,264,75,295,114,275,146,261,207,215,219,347,134,364,210,363,280,279,246,276,355,317,250,316,250,320,362,362,281
276,263,75,295,114,275,146,261,208,216,218,347,135,363,206,363,280,279,248,275,346,276,356,316,250,320,361,361,282
277,264,78,297,114,276,144,263,205,215,217,347,134,363,206,362,278,278,249,276,356,229,213,314,253,320,361,360,280
278,263,76,297,113,275,144,262,204,212,214,347,134,363,208,362,281,279,248,276,353,227,215,318,253,320,361,362,284
279,265,74,297,114,276,144,265,202,213,211,348,135,363,208,362,281,279,250,275,352,227,216,316,255,321,361,362,283
280,265,78,298,115,277,143,264,202,214,210,348,135,364,207,361,281,279,249,276,352,228,206,317,253,321,359,359,283
281,266,76,299,115,276,143,264,201,215,210,348,136,363,207,361,282,279,249,276,350,196,216,317,253,319,361,359,283
282,265,76,297,114,276,145,262,202,215,208,347,135,363,205,361,280,279,251,276,354,230,205,315,255,320,360,359,282
283,265,75,297,113,276,143,263,201,211,205,348,136,363,208,359,281,279,250,276,355,226,205,316,255,319,361,356,283
284,267,76,299,114,277,141,263,201,214,203,347,135,363,208,359,282,280,248,276,354,227,207,318,252,321,359,356,283
285,264,76,297,114,277,143,262,200,216,201,347,136,362,208,358,280,280,249,276,352,225,209,316,255,321,361,355,283
286,265,76,297,115,276,144,262,198,217,201,346,136,361,208,358,281,279,247,276,353,228,208,315,251,320,360,356,284
287,266,74,297,113,277,143,262,196,217,197,347,136,361,209,358,281,280,248,276,352,227,206,315,252,319,360,357,283
288,265,73,296,114,276,144,260,197,215,195,347,137,361,207,357,281,280,245,277,352,223,208,314,250,320,358,355,284
289,266,73,297,113,277,142,260,196,214,194,346,137,361,210,357,280,280,243,276,355,214,211,312,248,323,358,354,284
290,266,74,296,114,277,144,260,195,215,191,346,137,360,208,357,282,280,245,276,353,224,203,315,251,322,357,354,285
291,266,75,297,115,277,144,259,195,213,189,346,137,359,208,356,282,279,249,276,355,226,194,315,255,320,359,355,285
292,266,75,297,114,277,142,259,193,214,188,346,138,359,207,355,283,279,249,275,349,226,194,314,256,321,355,355,286
293,267,74,297,115,277,144,259,192,214,187,346,138,359,205,355,283,279,247,276,353,227,194,315,253,321,356,355,287
294,267,74,298,114,278,143,259,189,215,187,346,138,358,211,356,279,278,251,275,355,227,194,311,255,319,359,355,285
295,267,73,297,114,278,143,259,190,215,186,346,138,359,211,353,285,278,251,274,354,197,181,312,257,319,357,352,285
296,269,73,298,114,278,144,260,190,216,185,345,138,358,209,352,285,278,248,276,353,229,187,310,254,319,357,351,285
297,268,75,298,115,280,141,259,190,214,182,344,138,357,208,351,285,278,249,276,352,227,188,311,254,322,356,350,287
298,269,74,298,114,280,142,259,187,215,182,344,138,357,207,352,284,278,249,276,354,227,192,311,254,322,355,324,358
299,268,72,298,114,278,143,259,187,215,181,345,139,357,207,350,286,277,250,275,355,228,188,311,256,318,358,349,287
300,268,73,297,114,279,142,258,187,214,181,344,139,356,207,351,283,277,250,275,353,226,188,311,254,316,358,349,285
301,266,72,297,112,280,142,257,187,214,182,344,140,356,208,350,283,277,248,275,354,227,187,312,253,320,357,324,360
302,266,74,297,114,280,142,258,188,214,181,344,140,355,209,351,281,277,248,275,354,226,189,311,253,317,358,322,360
303,268,72,297,113,280,141,259,186,214,181,343,140,356,210,350,282,277,248,275,355,227,188,310,253,316,358,349,285
304,265,73,296,112,280,141,259,185,214,181,343,140,355,210,351,281,277,248,275,354,226,188,311,253,317,358,323,360
305,267,73,296,114,280,141,259,185,213,180,343,140,356,211,350,285,276,249,276,353,226,187,311,254,318,355,322,357
306,265,74,297,113,282,140,259,185,213,180,342,139,356,213,349,284,275,253,276,349,278,359,310,257,317,357,324,361
307,267,75,298,114,282,140,258,184,212,180,342,140,355,210,351,280,275,251,274,354,227,179,309,255,319,357,323,360
308,265,76,297,114,282,139,255,185,213,181,341,140,355,212,352,280,275,251,274,346,227,178,308,255,317,355,323,359
309,269,75,298,115,280,141,255,186,210,180,341,140,355,210,349,286,276,251,276,351,281,358,311,255,317,356,348,287
310,266,74,296,113,280,139,258,185,211,180,341,140,354,211,349,285,275,251,275,351,227,180,310,255,316,357,348,287
311,268,75,297,115,281,141,258,186,210,180,341,140,354,207,350,285,275,251,275,353,226,180,308,254,318,356,323,359
312,268,74,297,114,281,139,257,186,210,180,341,140,354,208,350,285,275,254,275,354,226,181,310,258,318,358,352,293
313,268,73,297,115,279,143,257,186,211,180,340,140,354,209,350,284,276,251,275,353,227,181,310,256,313,359,348,287
314,266,72,296,113,279,142,257,186,209,181,341,140,354,207,350,285,276,251,276,354,269,356,310,255,315,358,349,287
315,266,75,296,114,283,139,257,184,210,180,340,140,354,208,350,285,276,252,275,353,220,188,311,255,318,358,350,288
316,265,74,295,114,280,142,255,184,210,181,340,140,355,209,350,287,276,253,276,353,227,181,310,257,317,358,350,288
317,264,75,295,113,281,139,255,184,207,181,340,140,354,207,351,284,276,251,275,353,220,187,309,255,317,357,350,287
318,265,73,295,113,280,141,256,183,212,181,340,141,354,208,352,281,276,250,275,353,228,178,308,254,317,358,350,286
319,266,73,295,113,280,140,255,184,210,181,340,140,355,209,351,285,276,251,276,355,228,179,309,255,318,358,349,287
320,264,75,295,113,283,139,254,184,208,183,341,141,354,211,351,285,276,253,275,354,221,187,309,256,316,358,351,290
321,265,76,296,114,282,139,254,183,205,184,341,141,353,210,352,282,276,252,275,353,221,185,308,256,318,359,356,292
322,264,74,295,113,279,139,255,184,209,182,340,140,354,208,350,287,275,252,275,352,226,181,307,256,319,356,323,358
323,264,75,295,114,279,140,255,185,209,183,340,140,354,208,351,284,275,252,275,356,227,183,309,255,320,355,324,359
324,264,75,295,113,281,139,255,184,208,183,340,140,353,209,350,285,276,251,275,352,188,185,308,255,318,358,349,286
325,265,76,295,115,280,139,255,185,206,183,340,140,354,210,351,283,275,252,275,352,220,187,309,255,315,357,350,287
326,263,75,294,113,280,141,255,187,205,184,340,139,353,211,351,284,276,252,276,352,220,187,309,256,317,357,350,287
327,265,74,295,113,278,139,254,187,205,184,340,140,354,209,351,283,275,252,275,354,220,186,310,257,317,359,350,286
328,265,74,295,113,277,138,256,186,206,184,340,141,354,207,351,283,275,253,274,353,269,358,311,258,315,359,349,287
329,265,75,295,114,280,139,255,187,205,184,340,140,354,211,351,283,276,251,274,353,220,186,310,256,318,357,350,287
330,264,74,294,114,278,141,255,186,205,184,340,140,354,209,351,282,276,251,275,354,220,186,309,253,317,357,355,293
331,262,75,294,113,278,139,254,187,205,187,340,140,354,210,351,286,276,253,275,355,220,188,311,258,317,359,350,287
332,265,74,295,114,278,140,254,186,206,185,340,140,353,208,351,286,277,249,276,353,221,187,309,253,316,358,350,288
333,265,75,294,115,278,141,254,187,206,185,340,140,353,210,351,285,275,252,275,355,221,186,309,256,317,360,351,289
334,266,75,295,115,276,141,255,188,204,185,339,140,354,211,351,286,276,250,275,350,279,357,309,255,317,356,353,292
335,265,75,295,114,277,140,254,186,206,185,340,140,353,209,352,283,276,250,277,356,221,186,311,254,317,359,356,293
336,264,74,295,114,277,139,253,187,206,184,340,140,353,207,351,285,275,250,275,351,220,188,309,254,317,357,324,359
337,263,74,294,114,277,141,254,187,205,185,339,140,354,213,352,285,275,249,277,356,214,174,310,254,316,359,355,293
338,263,74,294,113,277,138,255,186,206,184,340,140,353,209,351,283,276,247,275,356,220,187,308,252,317,359,354,292
339,263,78,294,116,278,140,255,187,207,184,340,140,353,208,351,285,275,248,275,355,220,189,309,253,317,358,350,288
340,263,76,293,114,278,140,255,186,207,186,338,139,353,205,351,284,276,249,275,353,219,188,309,254,316,357,349,286
341,264,76,294,115,277,141,255,187,206,185,338,139,353,207,350,286,275,252,276,355,220,189,308,255,318,357,349,288
342,264,75,293,114,277,142,254,187,206,186,338,139,353,206,350,284,275,251,274,355,268,356,307,254,316,358,349,286
343,261,77,294,115,279,139,254,187,207,187,338,140,354,210,350,283,274,253,275,354,219,189,309,257,317,358,324,360
344,263,76,293,115,279,141,256,186,206,187,338,140,353,210,351,277,275,251,275,350,219,184,309,256,317,358,349,280
345,262,75,293,114,279,139,255,186,206,186,338,140,352,209,350,284,275,250,275,356,219,189,307,255,319,357,324,359
346,262,72,292,112,277,141,256,187,206,186,339,139,352,211,350,285,275,252,275,355,220,187,309,255,317,358,349,288
347,263,76,293,115,279,140,255,186,206,188,338,140,352,209,349,280,275,251,275,354,218,194,308,255,316,358,347,284
348,260,75,292,113,278,141,256,186,207,188,338,140,353,210,349,285,275,251,274,356,218,195,308,255,314,358,347,286
349,260,77,292,115,279,142,258,188,207,187,337,140,353,213,348,285,275,250,275,356,217,196,309,254,315,358,347,286
350,261,77,292,116,280,143,259,188,208,186,337,140,353,212,348,284,274,253,274,352,223,185,307,256,314,358,347,285
351,259,75,290,114,275,144,257,190,211,188,336,140,352,212,349,286,274,251,275,353,223,195,307,254,318,357,347,287
352,260,75,290,114,277,144,260,188,213,188,337,140,352,212,349,284,275,249,275,356,226,195,308,253,315,358,347,286
353,259,75,290,113,277,142,261,189,213,188,337,139,352,207,349,284,274,249,274,353,226,195,306,254,314,357,347,286
354,258,75,289,113,278,143,261,189,214,188,336,140,353,212,350,285,274,251,274,358,225,196,307,255,317,358,348,286
355,256,76,289,113,278,142,263,191,213,187,335,140,353,213,350,285,273,253,274,352,224,195,307,256,316,359,349,288
356,257,76,289,114,277,142,262,190,212,187,335,139,352,210,351,286,274,250,274,348,223,195,307,255,317,357,349,286
357,258,74,288,113,275,143,261,191,213,188,334,139,351,213,351,283,275,250,275,354,230,188,308,255,317,357,351,288
358,258,76,289,115,275,143,262,191,212,188,334,139,352,207,350,287,274,251,274,354,225,195,306,255,315,357,349,289
359,257,78,289,115,279,141,260,191,210,188,334,139,351,207,351,284,274,250,275,353,223,195,306,253,318,356,351,287
360,255,75,287,114,274,143,258,191,210,190,334,139,352,214,350,284,274,250,274,353,224,194,306,254,317,358,350,285
361,256,76,288,114,273,144,256,193,208,190,333,138,351,207,349,286,273,252,274,352,279,358,307,255,316,356,322,359
362,256,75,287,115,271,145,254,193,203,192,334,139,351,209,350,284,274,249,275,353,215,194,308,253,316,357,351,288
363,256,75,287,115,269,144,254,193,201,193,334,139,351,211,350,284,274,247,274,352,216,194,310,252,317,358,348,285
364,253,73,285,112,270,144,251,194,197,195,334,139,351,205,349,284,274,250,273,355,210,195,310,255,314,359,348,287
365,254,73,285,112,269,144,249,196,195,195,334,138,350,207,349,281,275,250,274,354,211,196,310,254,316,357,323,360
366,255,72,285,112,268,143,246,196,190,196,334,138,352,209,349,281,275,250,275,353,269,357,309,253,316,357,348,286
367,254,73,285,113,268,145,243,196,186,198,334,138,350,206,350,280,274,250,274,352,203,200,310,254,317,356,322,358
368,255,75,285,115,268,144,240,194,181,199,334,137,350,205,351,277,275,248,275,353,195,201,308,252,318,357,323,359
369,255,73,285,114,266,145,239,192,178,202,335,137,351,205,351,277,275,247,275,355,268,357,309,252,316,358,349,279
370,256,72,285,114,264,146,236,192,174,203,336,138,352,205,353,279,275,246,275,353,187,211,310,251,317,357,322,358
371,255,72,284,113,262,146,235,190,172,205,336,137,354,206,354,276,274,247,276,354,185,195,312,250,319,356,353,285
372,256,71,285,113,261,146,231,189,169,208,337,136,354,205,355,277,275,247,277,351,186,204,312,250,319,356,354,286
373,255,73,284,114,260,147,230,187,167,210,336,135,353,204,355,280,276,247,276,354,182,202,313,249,318,358,354,282
374,254,73,282,115,257,151,224,190,161,213,336,136,353,200,356,279,276,248,276,353,221,188,314,249,318,359,354,283
375,254,72,283,114,258,149,226,187,159,214,337,136,356,202,358,276,275,244,275,354,268,373,315,246,318,358,356,280
376,255,70,283,113,256,150,220,189,156,216,338,135,357,202,359,273,275,245,276,353,268,371,314,246,318,359,357,275
377,254,73,283,115,257,148,221,187,157,217,337,135,358,202,361,270,275,243,276,355,270,372,314,244,319,357,359,272
378,256,73,283,116,256,148,217,188,157,219,337,134,357,200,364,263,277,244,277,354,269,372,314,244,320,358,364,263
379,0,0,0,0,0,0,0,0,0,0,0,0,0,0,0,0,0,0,0,0,0,0,0,0,0,0,0,0
380,0,0,0,0,0,0,0,0,0,0,0,0,0,0,0,0,0,0,0,0,0,0,0,0,0,0,0,0
381,257,73,283,115,255,149,215,188,154,223,337,133,359,199,366,268,278,244,277,354,274,372,318,245,322,359,364,268
382,256,74,284,116,255,147,218,187,154,222,337,133,360,199,370,254,279,246,277,354,274,372,317,245,322,357,277,371
383,258,73,285,117,255,148,219,186,154,224,337,133,360,199,369,260,279,243,278,352,271,374,319,242,323,356,326,358
384,256,74,283,117,254,149,215,187,155,224,338,133,362,200,371,252,281,244,280,355,274,374,320,245,324,357,331,358
385,0,0,0,0,0,0,0,0,0,0,0,0,0,0,0,0,0,0,0,0,0,0,0,0,0,0,0,0
386,256,73,284,116,255,148,219,186,156,223,339,133,363,199,371,259,282,244,279,353,275,372,321,245,325,354,331,356
387,259,72,285,116,255,147,215,188,155,225,339,132,362,199,375,251,282,244,280,349,269,370,321,242,327,352,329,353
388,257,74,285,116,256,147,217,188,156,225,339,132,363,197,374,257,282,246,280,351,275,372,321,247,325,351,331,353
389,261,78,290,119,257,145,218,186,157,224,341,133,364,200,374,255,282,243,280,346,273,372,321,242,329,350,331,354
390,258,75,287,117,257,147,218,187,155,225,341,133,364,198,373,262,283,245,279,353,267,369,323,244,328,353,372,263
391,0,0,0,0,0,0,0,0,0,0,0,0,0,0,0,0,0,0,0,0,0,0,0,0,0,0,0,0
392,0,0,0,0,0,0,0,0,0,0,0,0,0,0,0,0,0,0,0,0,0,0,0,0,0,0,0,0
393,0,0,0,0,0,0,0,0,0,0,0,0,0,0,0,0,0,0,0,0,0,0,0,0,0,0,0,0
394,261,76,291,117,262,144,227,183,163,220,344,133,366,198,377,254,286,243,282,348,274,372,325,244,329,353,332,354
395,269,73,294,117,263,143,225,185,161,223,345,132,367,200,378,255,286,243,282,345,278,370,326,242,329,349,331,352
396,0,0,0,0,0,0,0,0,0,0,0,0,0,0,0,0,0,0,0,0,0,0,0,0,0,0,0,0
397,0,0,0,0,0,0,0,0,0,0,0,0,0,0,0,0,0,0,0,0,0,0,0,0,0,0,0,0
398,272,74,297,118,265,145,233,183,165,222,350,133,370,203,377,262,288,246,282,351,282,370,326,246,334,356,317,347
399,270,78,300,118,267,143,235,183,166,223,351,134,372,201,379,259,288,245,283,356,282,374,328,246,333,356,379,261
400,0,0,0,0,0,0,0,0,0,0,0,0,0,0,0,0,0,0,0,0,0,0,0,0,0,0,0,0
401,274,77,302,118,270,143,240,182,170,221,354,135,373,204,382,257,292,242,285,354,279,372,331,243,333,356,268,364
402,278,75,304,117,273,141,243,181,173,221,355,135,374,206,384,257,291,244,286,356,277,371,332,244,332,357,168,234
403,282,75,306,117,274,140,243,182,176,220,356,134,375,203,386,257,292,244,284,357,275,372,331,245,337,358,276,371
404,283,72,308,115,276,140,245,182,176,220,358,135,377,204,385,259,293,244,285,356,276,371,333,245,334,358,385,259
405,0,0,0,0,0,0,0,0,0,0,0,0,0,0,0,0,0,0,0,0,0,0,0,0,0,0,0,0
406,0,0,0,0,0,0,0,0,0,0,0,0,0,0,0,0,0,0,0,0,0,0,0,0,0,0,0,0
407,0,0,0,0,0,0,0,0,0,0,0,0,0,0,0,0,0,0,0,0,0,0,0,0,0,0,0,0
408,0,0,0,0,0,0,0,0,0,0,0,0,0,0,0,0,0,0,0,0,0,0,0,0,0,0,0,0
409,311,106,316,118,282,144,249,184,184,219,367,137,384,202,387,269,301,245,286,358,276,373,339,248,342,356,324,350
410,0,0,0,0,0,0,0,0,0,0,0,0,0,0,0,0,0,0,0,0,0,0,0,0,0,0,0,0
411,0,0,0,0,0,0,0,0,0,0,0,0,0,0,0,0,0,0,0,0,0,0,0,0,0,0,0,0
412,0,0,0,0,0,0,0,0,0,0,0,0,0,0,0,0,0,0,0,0,0,0,0,0,0,0,0,0
413,315,106,321,118,288,147,250,186,190,218,373,137,389,207,392,268,305,248,290,359,203,224,345,249,348,359,291,357
414,319,105,324,117,290,144,254,184,192,218,376,137,391,206,394,267,308,249,292,359,324,114,347,253,351,358,353,355
415,322,107,324,118,290,147,257,185,194,218,377,137,391,205,395,268,309,243,291,359,324,115,347,247,351,360,292,357
416,298,70,323,115,293,147,257,187,195,219,378,137,393,207,395,269,310,245,291,361,353,364,349,248,292,361,354,355
417,311,70,328,116,296,144,267,182,198,217,380,138,394,207,396,271,311,245,292,359,263,182,351,246,350,359,293,358
418,325,105,330,117,297,146,265,184,199,218,381,137,396,208,401,267,312,250,293,359,262,185,354,253,352,356,353,356
419,326,105,331,116,298,146,262,186,200,218,382,138,398,207,403,265,314,247,294,359,326,114,355,250,297,360,355,354
420,304,73,331,116,300,144,267,183,202,217,383,138,398,209,400,273,313,250,295,359,265,185,352,250,353,359,397,275
421,321,65,334,115,302,142,271,182,204,217,384,137,399,209,401,271,315,252,296,358,219,226,357,255,356,359,338,350
422,329,105,334,117,300,146,265,186,204,218,385,138,401,211,401,271,316,252,298,361,298,380,361,255,355,360,337,354
423,327,107,333,115,301,148,268,185,206,217,386,137,401,208,403,270,316,255,296,360,330,109,358,260,354,360,330,109
424,333,101,336,114,304,142,271,184,207,216,387,137,403,211,405,267,317,258,298,360,268,185,364,263,357,361,404,268
425,335,102,337,115,306,144,273,184,208,216,388,138,403,211,404,271,318,257,299,359,270,185,362,261,355,360,403,271
426,336,100,339,115,308,141,274,183,207,217,388,137,406,208,408,265,319,254,299,360,272,184,361,256,358,361,346,348
427,308,72,337,114,307,143,273,185,208,216,390,137,405,211,407,269,320,256,298,360,271,185,364,261,361,361,346,349
428,309,69,335,113,307,144,273,184,208,216,389,137,405,210,404,276,319,258,299,361,337,108,363,261,360,362,402,279
429,308,70,336,113,308,144,274,184,209,215,390,138,405,210,405,273,320,260,300,359,272,185,364,263,359,361,403,274
430,311,72,340,115,310,141,275,183,209,215,391,138,406,213,403,277,322,254,301,360,273,184,365,261,362,361,403,278
431,310,71,339,114,310,141,275,184,208,215,391,138,405,215,404,273,320,251,301,359,273,185,362,254,362,360,404,274
432,315,68,340,114,311,142,275,183,208,214,391,138,405,214,404,276,320,262,301,360,274,184,366,270,362,362,403,277
433,310,70,339,115,310,142,275,183,209,214,391,138,406,213,405,276,320,254,300,360,273,183,365,260,364,361,404,278
434,313,70,339,114,310,143,276,182,209,214,391,137,406,212,405,276,321,252,301,360,339,109,363,255,362,360,404,277
435,313,69,340,114,311,142,276,181,209,214,391,138,407,212,407,272,321,252,302,360,274,182,363,257,361,361,346,348
436,307,73,337,114,310,144,273,182,209,213,392,138,406,215,404,278,322,254,302,359,272,183,364,259,360,361,404,278
437,311,71,339,115,310,144,273,182,208,214,391,138,407,211,406,274,322,253,302,360,272,183,367,258,361,361,406,275
438,306,74,335,115,310,144,274,182,208,213,391,137,407,212,404,278,323,251,302,359,272,183,366,256,363,360,404,278
439,311,71,338,114,310,144,274,182,208,213,390,138,407,213,406,274,322,252,302,359,272,183,364,256,361,360,405,277
440,311,70,338,115,310,144,274,182,208,213,391,138,408,213,404,279,324,252,301,361,272,182,367,257,363,360,404,278
441,308,69,336,113,309,145,271,182,208,213,390,137,407,211,406,273,323,251,303,359,270,183,365,255,361,360,405,274
442,307,72,336,114,309,145,270,183,207,213,390,137,407,213,404,279,323,256,302,360,268,183,364,260,361,361,404,278
443,309,71,336,115,308,146,270,182,208,212,389,137,405,213,404,281,322,254,303,359,269,183,366,259,361,360,403,281
444,309,70,335,113,309,145,270,182,208,212,389,137,405,213,405,274,322,253,302,360,268,183,363,257,361,360,404,277
445,307,71,335,114,309,144,271,182,208,213,389,138,405,214,403,282,323,252,302,360,269,182,365,258,362,361,402,284
446,307,71,334,114,308,145,270,181,209,212,388,137,407,214,403,280,323,253,301,360,268,183,365,259,359,360,401,283
447,305,72,334,114,309,144,272,181,208,212,389,137,406,211,403,280,323,253,301,361,270,182,367,260,362,361,401,283
448,307,72,335,115,307,145,272,181,210,212,389,137,404,214,405,273,321,261,302,359,270,183,367,268,364,361,350,349
449,307,71,334,115,307,145,273,181,209,213,388,137,404,211,404,275,321,252,302,361,270,183,362,256,361,361,404,276
450,305,71,333,114,306,148,271,184,210,213,388,137,405,212,404,274,322,254,300,359,269,185,365,262,360,361,401,278
451,306,71,334,114,309,143,273,181,209,214,388,137,404,210,403,275,321,250,302,360,271,182,362,252,363,360,403,277
452,301,73,333,114,307,145,273,183,210,214,389,137,403,212,403,275,322,251,302,360,271,184,363,254,361,360,400,278
453,302,72,332,114,308,145,275,182,210,214,388,137,404,214,402,276,321,250,302,361,272,185,362,253,360,361,401,277
454,301,73,333,114,308,145,271,185,210,214,387,136,402,213,403,273,320,259,301,360,270,186,363,263,360,361,404,272
455,304,72,334,114,308,145,275,183,212,215,388,136,402,214,403,274,320,262,302,360,272,186,364,268,361,361,403,275
456,305,69,333,112,307,145,275,185,214,215,389,136,403,213,403,275,319,259,301,359,274,185,364,262,361,361,403,276
457,304,71,334,113,309,144,275,185,214,217,389,136,404,211,404,272,320,258,301,359,274,185,366,264,362,360,404,271
458,309,67,336,112,308,144,277,185,216,216,389,135,403,211,403,275,320,256,302,360,331,109,364,262,362,361,403,276
459,307,69,334,112,308,145,276,186,216,217,389,136,404,212,402,278,321,253,300,360,274,186,362,256,361,360,402,278
460,306,70,334,113,308,145,276,188,215,217,388,135,403,212,404,274,321,252,301,360,273,188,362,257,361,360,341,357
461,304,71,333,113,308,145,275,189,215,216,388,135,404,212,403,276,320,262,301,360,228,227,364,270,362,361,402,277
462,308,69,334,113,307,146,274,189,214,216,388,136,404,211,402,277,322,251,301,360,272,188,363,255,361,362,402,277
463,308,71,335,114,307,144,276,187,214,215,388,136,405,209,405,269,322,251,301,360,273,188,363,254,364,359,405,269
464,307,69,335,113,308,144,275,188,213,215,389,136,405,210,404,274,319,263,301,360,273,188,366,267,362,361,403,276
465,302,72,334,113,307,144,276,188,214,214,389,136,405,212,404,277,321,258,301,361,274,188,365,263,363,361,403,277
466,311,69,336,114,308,144,275,188,214,214,388,135,407,211,404,273,319,262,301,361,228,226,365,268,362,362,403,275
467,307,69,335,113,307,144,275,188,213,214,389,136,406,210,404,275,322,256,302,361,274,188,365,260,362,361,403,277
468,308,70,336,113,308,142,275,188,214,214,389,135,405,210,408,267,319,264,300,361,274,188,363,270,362,362,345,356
469,307,71,336,114,308,143,275,188,214,214,388,135,405,209,407,269,321,256,300,361,274,188,365,262,364,360,345,356
470,304,70,334,113,307,143,274,188,213,214,388,135,406,212,405,272,320,253,301,360,273,188,362,257,360,361,405,272
471,308,71,335,114,307,143,275,187,214,214,388,135,405,207,406,269,321,251,300,360,273,187,362,257,362,361,404,270
472,301,72,333,113,308,143,274,188,214,215,387,135,404,211,403,277,320,258,300,361,229,216,364,261,363,361,403,277
473,304,72,334,114,307,143,274,188,214,214,387,135,404,208,407,268,321,256,300,360,301,380,363,259,361,360,343,353
474,302,71,332,113,307,144,274,189,214,214,387,136,403,210,404,273,321,257,301,360,272,188,364,260,363,361,403,275
475,303,73,331,114,307,144,275,188,214,214,388,136,404,211,403,274,321,253,299,360,273,188,362,258,360,361,402,276
476,301,72,333,114,307,143,275,188,215,214,386,135,405,211,403,273,320,252,300,361,227,206,360,254,362,361,402,276
477,304,72,332,114,307,144,275,188,213,215,386,135,402,210,402,276,320,257,301,360,270,189,363,265,360,360,402,277
478,303,73,332,114,306,144,273,189,214,214,387,136,404,212,402,273,318,264,299,361,227,226,364,268,362,362,402,275
479,301,72,333,113,307,144,274,188,215,214,387,136,404,210,402,275,321,251,300,361,272,188,363,255,361,360,402,276
480,304,69,333,112,307,143,275,188,214,214,387,136,406,213,401,276,316,270,299,361,303,380,364,276,363,363,401,276
481,307,70,335,114,307,143,274,188,214,214,386,136,403,212,401,279,321,254,299,361,227,226,363,258,362,362,400,278
482,307,69,334,113,307,145,274,188,213,215,387,136,402,211,401,276,320,250,301,358,271,188,360,254,361,359,399,278
483,308,68,334,113,307,143,275,188,215,214,387,136,402,211,402,274,320,252,300,361,228,226,363,256,363,361,402,276
484,336,101,338,113,308,143,276,188,213,214,388,136,403,212,401,276,318,266,300,359,275,187,362,272,362,361,401,277
485,336,100,338,112,308,141,276,187,214,214,387,136,403,213,401,276,320,252,300,361,276,186,363,255,362,362,401,277
486,312,69,337,114,308,143,275,187,214,214,388,136,404,211,400,277,319,254,300,360,274,187,360,256,360,361,400,277
487,330,60,339,113,308,143,275,187,214,214,389,136,403,211,402,275,319,252,301,361,273,187,361,253,363,360,402,276
488,338,100,340,114,309,140,276,187,213,214,388,136,403,213,401,277,319,259,300,361,229,215,364,265,364,360,399,278
489,310,70,338,112,310,140,274,188,214,213,389,135,402,212,405,271,319,251,300,360,274,187,362,252,359,360,342,352
490,337,100,340,113,310,139,276,187,213,213,390,136,404,210,402,276,319,259,301,358,229,215,365,264,362,360,399,277
491,313,69,338,113,310,141,276,187,214,213,389,135,403,211,403,271,317,267,300,361,275,187,362,273,361,362,403,271
492,316,66,339,113,308,141,275,188,213,213,390,135,404,210,403,271,319,258,302,361,274,188,363,263,365,362,403,271
493,316,66,339,112,311,143,274,189,213,213,391,136,405,211,403,271,317,265,301,361,227,215,364,270,362,362,402,273
494,319,65,339,112,308,143,275,189,213,212,390,136,403,211,403,273,319,259,300,360,228,215,362,263,362,362,402,274
495,321,63,339,112,309,143,275,190,214,213,391,137,403,212,403,272,318,260,300,360,323,51,363,267,363,361,403,274
496,321,63,339,111,309,144,276,191,216,213,391,136,405,211,402,274,319,258,301,360,227,225,363,266,362,361,402,275
497,327,59,341,113,308,144,276,193,217,213,392,137,404,211,402,274,317,263,300,360,304,379,362,267,361,362,402,275
498,324,61,340,110,310,144,276,193,218,214,391,137,406,211,403,274,316,266,301,360,323,52,362,270,364,363,402,275
499,329,55,342,112,310,142,277,194,218,214,392,137,405,212,403,274,319,255,300,360,234,215,363,260,361,361,402,276
500,327,60,341,110,311,141,279,192,220,215,392,137,405,212,403,276,320,251,299,360,325,49,362,258,363,361,402,277
501,328,58,341,109,310,143,282,192,223,215,392,136,404,216,401,280,319,255,302,361,329,48,361,259,363,361,401,280
502,328,58,341,107,311,141,282,193,225,216,392,136,403,216,400,281,318,256,300,360,291,378,359,259,361,360,399,282
503,328,57,341,106,310,142,284,195,226,215,392,135,404,214,402,278,317,256,302,360,290,376,362,260,364,361,401,280
504,329,54,343,109,311,142,284,195,228,215,393,136,405,214,402,279,316,262,300,360,243,215,362,269,363,362,402,279
505,331,57,342,107,310,143,285,196,230,215,393,136,406,212,406,270,316,265,301,359,332,330,361,270,363,361,350,348
506,330,57,342,107,310,142,285,198,233,215,393,136,405,214,404,276,317,249,302,358,291,374,363,253,362,360,299,384
507,332,57,342,107,311,143,287,197,234,214,394,137,405,214,405,274,317,259,302,358,290,373,361,264,362,360,302,383
508,333,56,342,106,311,145,288,199,236,215,394,136,406,213,404,277,318,256,302,361,304,379,364,262,363,361,344,356
509,332,57,343,107,311,143,292,197,239,215,395,137,406,215,404,275,318,253,302,360,253,218,361,258,363,360,404,277
510,335,54,344,106,311,142,293,197,242,217,394,135,406,214,403,279,319,249,303,360,333,323,362,253,363,360,402,279
511,335,55,344,106,311,141,296,197,244,218,395,136,406,212,403,278,320,249,302,359,305,378,362,253,364,361,402,280
512,337,55,346,106,313,141,299,196,247,220,396,136,407,214,403,279,319,248,303,359,305,378,362,252,366,360,402,281
513,336,55,345,105,314,140,304,196,252,222,396,136,407,214,403,281,317,254,303,360,306,378,363,257,364,361,402,283
514,336,56,346,106,315,140,305,197,253,224,396,135,407,217,400,282,317,256,304,360,306,379,363,258,363,360,398,284
515,338,56,347,106,314,140,309,197,256,227,397,137,407,215,403,283,316,261,303,359,306,379,364,265,367,361,402,285
516,339,56,347,106,315,141,307,198,259,229,398,137,408,214,402,284,317,260,304,360,305,379,363,263,367,361,401,285
517,341,55,348,107,316,141,308,199,262,231,399,137,408,217,403,285,317,252,304,359,275,242,364,259,364,361,402,286
518,342,55,348,106,315,141,309,199,267,233,399,137,410,212,404,283,319,249,304,359,341,48,364,253,366,359,403,285
519,341,55,349,107,317,142,310,200,268,237,401,139,409,218,404,283,319,252,305,358,340,46,366,257,368,360,403,285
520,342,56,349,106,317,141,309,201,271,239,401,137,412,210,407,277,319,253,304,360,307,380,366,259,367,360,406,278
521,343,54,351,108,317,139,309,201,271,243,402,139,410,219,404,287,319,253,304,360,349,104,366,258,368,360,404,287
522,342,100,351,109,316,142,309,202,273,245,403,139,411,216,404,286,320,249,303,359,350,107,365,255,369,360,350,107
523,345,97,352,109,318,142,307,202,276,245,403,138,412,216,406,282,321,250,303,360,350,107,366,255,368,359,350,107
524,345,95,355,113,313,133,305,205,276,248,404,139,412,223,405,286,319,253,305,359,332,325,366,258,370,360,405,287
525,345,95,354,110,316,136,307,206,277,250,404,138,413,219,407,285,317,259,306,359,356,108,366,264,370,360,405,286
526,348,95,355,111,315,134,306,207,278,252,404,138,414,221,409,283,319,256,305,360,291,253,368,261,370,360,406,284
527,348,95,355,111,317,139,305,207,278,253,406,139,414,218,409,280,320,252,304,360,352,105,366,256,369,360,351,105
528,352,49,355,109,317,137,304,206,280,254,406,138,413,220,407,287,320,254,305,359,353,108,367,257,369,360,353,108
529,350,96,357,110,319,136,305,204,282,254,406,138,415,221,406,288,319,260,305,360,357,109,368,264,370,360,358,109
530,349,96,358,113,315,134,303,206,280,256,408,139,416,222,405,291,320,255,305,360,335,325,370,262,371,361,403,293
531,350,94,358,111,318,134,303,205,282,255,409,139,416,218,409,288,317,265,306,360,355,109,370,268,370,361,407,289
532,411,135,357,112,320,143,303,207,282,256,409,139,416,220,410,286,317,266,306,360,355,109,371,273,371,361,355,109
533,353,94,360,113,318,135,304,205,282,255,410,140,416,219,409,285,320,258,306,361,361,110,369,265,371,361,409,286
534,351,94,360,112,318,136,305,205,282,256,410,139,417,221,408,291,317,260,305,361,361,108,369,264,371,361,408,293
535,351,94,360,111,318,134,305,204,283,256,410,139,417,223,411,284,321,259,305,360,360,109,370,263,372,361,361,109
536,351,95,360,112,319,138,305,205,282,257,410,139,417,226,408,288,321,260,306,360,361,109,370,264,372,361,361,109
537,351,95,360,111,319,136,306,204,282,256,411,140,417,224,410,285,321,256,306,360,361,110,370,261,372,361,362,110
538,352,95,361,111,319,135,305,205,282,257,411,140,418,221,412,283,323,254,306,360,362,110,370,258,371,361,362,110
539,353,94,362,112,320,136,306,204,283,256,412,139,418,218,412,284,322,258,305,360,360,109,372,262,372,361,360,109
540,354,95,362,112,319,133,306,203,282,258,412,140,418,221,408,292,321,260,305,360,361,108,372,264,371,362,362,108
541,354,98,364,113,322,134,306,205,281,259,413,141,418,225,409,290,322,254,305,360,361,109,370,259,373,361,361,109
542,355,94,362,110,321,136,306,204,283,257,412,140,418,224,413,285,324,254,306,360,363,108,372,260,372,361,362,108
543,361,52,363,109,321,134,305,204,282,258,413,140,419,218,408,293,323,254,305,361,362,108,372,258,371,361,362,108
544,354,98,363,110,321,136,306,204,283,257,414,141,419,221,408,296,321,262,306,361,362,107,373,266,373,361,362,106
545,357,95,364,112,321,135,306,202,282,257,414,141,420,222,412,286,323,260,306,361,362,110,371,263,373,361,362,110
546,354,98,363,110,321,136,305,205,281,259,414,141,419,223,409,295,322,258,305,361,362,108,373,262,372,362,362,108
547,354,99,364,112,322,136,306,205,281,259,415,141,419,223,414,288,321,259,305,361,362,109,374,265,372,361,362,109
548,417,136,364,112,321,136,306,204,282,257,415,141,421,222,414,287,323,256,306,360,362,109,373,261,373,361,362,109
549,357,96,364,112,321,135,306,204,282,257,416,141,419,225,412,288,322,259,306,360,363,110,371,263,373,361,363,110
550,354,98,365,111,322,134,305,205,282,259,415,141,421,223,415,286,324,253,306,360,364,108,372,257,373,361,364,108
551,417,136,366,114,323,135,305,205,282,259,416,141,421,225,412,291,323,255,305,361,361,112,372,261,372,362,410,293
552,417,140,366,114,322,131,305,205,282,259,416,141,420,223,415,284,323,256,306,359,295,255,373,262,372,362,415,286
553,355,100,365,112,322,135,307,204,282,258,415,140,421,223,424,273,322,256,306,360,364,110,373,262,374,362,364,110
554,354,98,365,111,322,136,306,205,283,258,416,141,421,224,414,286,322,259,306,360,365,108,369,262,373,362,365,108
555,353,100,365,112,322,137,306,204,282,260,416,141,421,225,414,290,324,259,306,360,367,109,372,262,373,361,366,109
556,366,51,366,111,323,135,306,204,283,259,416,141,421,224,414,286,324,255,306,360,368,109,373,260,373,361,366,109
557,364,53,365,109,323,134,307,203,284,259,417,142,422,222,416,286,324,255,307,361,365,107,374,258,373,361,364,107
