1,47,0.994884,69,339,127,380,
2,47,0.991780,70,339,127,380,
3,47,0.986124,70,339,127,380,
4,47,0.990071,70,338,127,380,
5,47,0.994541,70,338,127,380,
6,47,0.993744,70,339,127,380,
7,47,0.995371,70,338,127,380,
8,47,0.995327,70,338,127,380,
9,47,0.994914,70,338,127,380,
10,47,0.996260,69,339,127,380,
11,47,0.991768,70,339,127,380,
12,47,0.994338,69,339,126,380,
13,47,0.992709,69,339,127,380,
14,47,0.996482,69,339,127,380,
15,47,0.995507,69,339,127,380,
16,47,0.991111,70,339,127,380,
17,47,0.993710,70,339,127,380,
18,47,0.990898,70,339,127,380,
19,47,0.993864,70,339,127,380,
20,47,0.991092,70,339,127,380,
21,47,0.985940,71,338,127,380,
22,47,0.996919,69,338,127,380,
23,47,0.993765,70,339,127,380,
24,47,0.991075,70,339,127,380,
25,47,0.996085,69,339,127,380,
26,47,0.994816,69,338,126,380,
27,47,0.993287,69,339,127,380,
28,47,0.994375,70,339,127,380,
29,47,0.994394,70,339,127,380,
30,47,0.997037,69,339,127,380,
31,47,0.994870,69,339,127,380,
32,47,0.993854,69,338,127,380,
33,47,0.995548,69,338,127,380,
34,47,0.995677,71,338,127,380,
35,47,0.996450,70,338,127,380,
36,47,0.987641,70,339,126,380,
37,47,0.993326,69,339,126,380,
38,47,0.991807,69,339,126,380,
39,47,0.991346,71,339,126,380,
40,47,0.992032,69,339,126,380,
41,47,0.994173,69,338,127,380,
42,47,0.991462,70,339,126,380,
43,47,0.994302,69,339,126,380,
44,47,0.993489,70,339,126,380,
45,47,0.992140,69,339,126,380,
46,47,0.995123,69,339,126,381,
47,47,0.992809,69,339,126,380,
48,47,0.990395,69,339,125,380,
49,47,0.987824,69,339,126,380,
50,47,0.992884,68,339,125,380,
51,47,0.991225,70,338,126,380,
52,47,0.987197,70,339,126,381,
53,47,0.993280,69,338,126,380,
54,47,0.988453,69,338,125,380,
55,47,0.991752,69,338,126,380,
56,47,0.993062,70,338,126,380,
57,47,0.993652,69,338,125,380,
58,47,0.992212,70,338,126,380,
59,47,0.992870,69,338,126,380,
60,47,0.993710,69,338,125,380,
61,47,0.993801,69,338,126,380,
62,47,0.994683,69,339,126,380,
63,47,0.993761,68,339,126,380,
64,47,0.991998,70,338,126,380,
65,47,0.994466,70,338,127,380,
66,47,0.993265,70,338,126,380,
67,47,0.993872,69,338,126,380,
68,47,0.993446,71,338,126,380,
69,47,0.993354,70,338,127,380,
70,47,0.996706,70,338,127,380,
71,47,0.995558,70,338,126,380,
72,47,0.994093,71,338,127,380,
73,47,0.995663,70,339,126,380,
74,47,0.991260,70,338,126,380,
75,47,0.994356,70,338,127,380,
76,47,0.992775,71,338,126,380,
77,47,0.990637,70,338,126,380,
78,47,0.983877,71,338,126,380,
79,47,0.990715,71,338,126,380,
80,47,0.987242,70,338,126,380,
81,47,0.988191,70,338,126,380,
82,47,0.989207,70,339,126,380,
83,47,0.988133,71,338,126,380,
84,47,0.992777,70,338,125,380,
85,47,0.992776,70,338,126,380,
86,47,0.994102,70,338,126,380,
87,47,0.994772,70,338,125,380,
88,47,0.994960,69,338,126,380,
89,47,0.988424,70,339,126,380,
90,47,0.989436,70,338,126,380,
91,47,0.992351,71,338,127,380,
92,47,0.992209,71,339,126,380,
93,47,0.991008,70,339,126,380,
94,47,0.994613,70,339,126,380,
95,47,0.990341,70,339,126,380,
96,47,0.990778,70,338,126,380,
97,47,0.993493,71,338,127,380,
98,47,0.990441,71,338,126,381,
99,47,0.991349,71,338,126,380,
100,47,0.980008,71,339,126,380,
101,47,0.902768,70,338,126,378,
102,47,0.896492,71,338,126,381,
103,47,0.891578,71,338,126,378,
104,47,0.948750,70,337,126,378,
105,47,0.947975,70,337,126,378,
106,47,0.847762,70,339,127,378,
107,47,0.837857,70,338,126,378,
108,47,0.874490,70,339,127,378,
109,47,0.810589,69,339,127,379,
110,47,0.942630,69,339,126,379,
111,47,0.957803,69,338,125,380,
112,47,0.976265,70,338,128,380,
113,47,0.983693,70,338,128,380,
114,47,0.936511,70,337,127,380,
115,47,0.948550,70,337,128,381,
116,47,0.960542,70,338,128,380,
117,47,0.982766,70,338,129,381,
118,47,0.945380,69,339,128,381,
119,47,0.957553,71,339,129,380,
120,47,0.964253,72,338,129,380,
121,47,0.968196,72,339,129,381,
122,47,0.941615,75,339,127,381,
123,47,0.978443,75,340,128,381,
124,47,0.959674,73,339,127,381,
125,47,0.960716,72,339,127,381,
126,47,0.977685,72,338,128,381,
127,47,0.977775,70,339,127,380,
128,47,0.982741,70,338,128,380,
129,47,0.992152,69,339,127,380,
130,47,0.983645,70,340,126,380,
131,47,0.992643,69,339,127,380,
132,47,0.990888,68,340,126,379,
133,47,0.994665,67,340,126,379,
134,47,0.995703,67,340,127,379,
135,47,0.992905,67,340,126,379,
136,47,0.995490,66,340,126,379,
137,47,0.994654,66,340,126,380,
138,47,0.997301,67,340,126,379,
139,47,0.995941,67,340,126,379,
140,47,0.991633,67,340,127,379,
141,47,0.996377,66,340,126,379,
142,47,0.993251,66,340,126,379,
143,47,0.995853,66,340,126,380,
144,47,0.995328,66,340,126,379,
145,47,0.995975,66,340,125,379,
146,47,0.995052,66,340,127,380,
147,47,0.994490,67,340,127,379,
148,47,0.996674,67,340,126,379,
149,47,0.996083,67,340,127,379,
150,47,0.991173,68,340,127,379,
151,47,0.992345,68,340,127,380,
152,47,0.990015,67,340,127,380,
153,47,0.993255,67,340,126,380,
154,47,0.992253,68,341,127,380,
155,47,0.992588,68,340,127,380,
156,47,0.993154,68,340,128,380,
157,47,0.993826,68,340,128,380,
158,47,0.992919,68,340,127,379,
159,47,0.993814,68,340,128,380,
160,47,0.992714,68,340,127,379,
161,47,0.989666,68,340,127,379,
162,47,0.991566,68,340,126,380,
163,47,0.990409,69,341,127,380,
164,47,0.989427,68,340,127,379,
165,47,0.994372,68,341,126,380,
166,47,0.978697,66,341,127,380,
167,47,0.878631,65,346,126,379,
168,47,0.893802,67,343,126,380,
169,47,0.854468,68,342,128,380,
170,47,0.650931,68,344,128,380,
172,47,0.874784,68,342,128,380,
173,47,0.633375,70,343,126,380,
174,51,0.641314,69,342,128,381,
175,51,0.587746,70,343,125,381,
176,51,0.558549,71,344,126,380,
177,51,0.521632,70,344,126,380,
178,47,0.677923,68,346,121,380,
179,47,0.721009,70,344,124,381,
180,47,0.769591,69,342,125,381,
181,47,0.934340,69,338,125,380,
182,47,0.800199,71,338,126,378,
183,47,0.821106,73,335,127,377,
184,47,0.930091,68,333,126,373,
185,47,0.909971,69,330,128,373,
186,47,0.954398,72,326,126,365,
187,47,0.956211,74,321,124,362,
188,47,0.829932,73,320,125,359,
189,47,0.517477,73,312,126,354,
190,47,0.806014,80,313,127,352,
191,47,0.681396,83,312,125,349,
192,47,0.791731,86,308,128,346,
194,47,0.713763,87,303,132,340,
195,47,0.526545,87,303,133,339,
196,47,0.527782,87,302,133,339,
198,47,0.686109,86,295,138,336,
201,47,0.508804,99,296,137,331,
203,47,0.796023,103,294,141,329,
205,47,0.808870,107,296,139,326,
206,47,0.574927,105,292,142,324,
207,51,0.529550,102,292,147,323,
218,47,0.505936,110,281,149,312,
219,47,0.708569,114,285,149,310,
220,51,0.683540,112,282,151,310,
224,51,0.514517,111,277,152,310,
225,51,0.826580,114,280,152,309,
226,51,0.746583,113,273,153,308,
227,51,0.657097,114,273,154,307,
228,51,0.601643,114,273,154,306,
281,51,0.501934,114,276,154,304,
282,51,0.776253,116,279,152,306,
283,51,0.702417,114,277,154,305,
284,51,0.783555,117,280,152,305,
285,51,0.738642,115,279,153,303,
286,51,0.739131,115,276,154,304,
287,51,0.875750,116,280,153,304,
288,51,0.856310,116,279,153,304,
289,51,0.862618,116,279,153,304,
290,51,0.864345,116,279,153,304,
291,51,0.830512,115,278,153,304,
292,51,0.789128,115,275,153,305,
293,51,0.836936,115,277,152,305,
294,51,0.760682,113,277,153,305,
295,51,0.517868,113,275,154,306,
296,51,0.705507,114,278,154,305,
297,51,0.797551,116,279,154,304,
298,51,0.652188,114,278,154,304,
299,51,0.867017,117,280,153,304,
300,51,0.767227,116,278,152,305,
301,51,0.847939,115,279,152,305,
302,51,0.894646,116,279,153,306,
303,51,0.691763,114,278,154,304,
304,51,0.715570,113,277,156,305,
305,51,0.859479,116,279,154,304,
306,51,0.711202,114,279,156,304,
307,51,0.683112,115,279,156,305,
308,51,0.658449,116,279,155,305,
309,51,0.528905,115,277,157,305,
310,51,0.695657,115,277,154,302,
