191,78,0.948545,85,249,216,326,
192,78,0.976722,73,245,211,327,
193,78,0.982327,133,239,214,324,
194,78,0.965621,132,237,216,323,
195,78,0.981802,73,243,212,327,
196,78,0.976401,75,243,214,330,
197,78,0.986848,79,241,212,332,
198,78,0.985177,86,245,220,325,
199,78,0.987381,85,244,215,329,
200,78,0.977860,117,237,213,323,
201,78,0.982095,133,246,216,323,
202,78,0.924019,135,241,217,324,
203,78,0.976082,103,247,218,325,
204,78,0.959926,121,241,215,323,
205,78,0.980598,103,240,215,325,
206,78,0.989399,94,242,215,325,
207,78,0.997911,101,246,216,321,
208,78,0.997775,98,248,219,322,
209,78,0.997606,97,247,220,322,
210,78,0.957344,94,247,223,323,
211,78,0.874320,92,255,233,321,
212,78,0.536718,95,254,227,321,
213,78,0.735738,91,247,228,323,
214,78,0.963970,95,241,228,320,
215,78,0.831944,93,253,223,320,
216,78,0.966574,95,250,222,319,
217,78,0.902553,87,244,227,322,
218,78,0.957029,95,249,224,321,
219,78,0.980411,95,248,221,320,
220,78,0.972097,94,242,218,319,
221,78,0.964088,96,245,219,320,
222,78,0.984996,105,241,213,322,
223,78,0.974203,98,246,217,319,
224,78,0.949061,91,241,216,321,
225,78,0.977879,103,250,221,318,
226,78,0.956055,102,253,222,318,
227,78,0.943161,98,251,224,318,
228,78,0.991694,98,251,219,318,
229,78,0.972610,97,251,220,318,
230,78,0.952695,100,248,221,320,
231,78,0.939219,100,251,221,321,
232,78,0.976091,100,247,221,321,
233,78,0.981995,101,241,215,323,
234,78,0.944833,100,246,221,322,
235,78,0.969270,94,245,219,322,
236,78,0.982965,92,243,218,323,
237,78,0.966435,83,242,218,324,
238,78,0.987099,94,243,219,322,
239,78,0.955109,85,244,218,324,
240,78,0.987442,96,241,218,322,
241,78,0.984259,99,244,216,321,
242,78,0.986222,97,248,221,320,
243,78,0.984866,103,247,219,320,
244,78,0.960894,91,244,218,322,
245,78,0.966213,91,243,221,323,
246,78,0.978436,97,246,219,321,
247,78,0.840226,92,248,223,321,
248,78,0.950093,96,246,220,323,
249,78,0.887008,102,251,221,322,
250,78,0.958445,94,248,221,322,
251,78,0.925618,91,247,219,321,
252,78,0.933880,94,248,221,320,
253,78,0.819810,90,248,222,321,
254,78,0.967569,101,247,221,320,
255,78,0.969972,95,247,219,321,
256,78,0.903102,90,247,221,322,
257,78,0.917717,98,247,223,322,
258,78,0.938509,100,249,220,321,
259,78,0.992380,99,246,221,322,
260,78,0.981747,94,246,222,323,
261,78,0.973284,83,245,223,324,
262,78,0.994743,95,246,221,323,
263,78,0.985811,98,246,222,323,
264,78,0.981946,94,247,223,324,
265,78,0.985776,92,246,222,323,
266,78,0.992219,88,246,223,323,
267,78,0.977271,93,251,226,322,
268,78,0.992425,85,245,219,323,
269,78,0.991513,99,247,221,322,
270,78,0.961997,89,251,223,323,
271,78,0.959999,95,250,216,324,
272,78,0.986383,94,247,223,323,
273,78,0.984363,94,248,225,323,
274,78,0.977474,99,249,222,322,
275,78,0.820502,94,248,223,323,
276,78,0.965082,95,250,221,324,
277,78,0.986205,91,247,221,322,
278,78,0.937524,88,249,224,321,
279,78,0.950415,82,244,222,324,
280,78,0.899288,85,252,220,322,
281,78,0.889718,92,247,222,320,
282,78,0.995375,74,250,217,322,
283,78,0.987993,64,251,218,322,
284,78,0.886274,95,242,213,322,
285,78,0.965307,96,244,217,320,
286,78,0.981251,81,244,214,321,
287,78,0.911961,106,241,216,320,
288,78,0.920775,96,238,214,320,
289,78,0.923704,97,240,214,320,
290,78,0.864241,107,239,217,320,
291,78,0.836896,94,239,213,319,
292,78,0.815644,104,241,220,318,
293,78,0.711555,103,242,219,318,
294,78,0.926527,92,240,217,319,
295,78,0.955586,98,240,220,320,
296,78,0.955928,104,239,218,320,
297,78,0.953272,98,239,217,319,
298,78,0.959795,90,240,219,320,
299,78,0.917522,94,240,219,317,
300,78,0.949702,94,240,217,319,
301,78,0.943285,92,241,216,320,
302,78,0.905940,97,245,220,319,
303,78,0.961248,82,246,220,322,
304,78,0.972623,98,242,218,320,
305,78,0.976718,98,242,219,318,
306,78,0.953528,103,243,224,318,
307,78,0.949733,98,245,218,320,
308,78,0.972910,102,251,218,321,
309,78,0.981773,78,249,220,324,
310,78,0.974356,91,255,225,322,
311,78,0.982488,86,252,229,325,
312,78,0.991974,82,241,227,328,
313,78,0.992027,80,238,227,329,
314,78,0.960426,85,235,225,329,
315,78,0.997927,81,240,211,338,
316,78,0.990378,83,235,209,335,
317,78,0.968520,75,233,201,336,
318,78,0.909256,67,234,158,344,
319,78,0.970618,70,231,170,343,
320,78,0.973457,68,229,177,345,
321,78,0.949415,68,228,177,344,
322,78,0.967425,69,229,176,342,
323,78,0.964068,68,231,185,337,
324,78,0.986877,67,232,180,339,
325,78,0.988439,71,237,205,337,
326,78,0.979016,68,233,193,336,
327,78,0.987292,68,235,189,335,
328,78,0.992499,69,234,200,333,
329,78,0.997011,69,230,205,331,
330,78,0.999002,75,232,215,329,
331,78,0.998593,75,236,215,327,
332,78,0.999448,78,236,215,325,
333,78,0.999420,76,236,214,324,
334,78,0.999473,77,236,214,325,
335,78,0.999575,77,235,214,326,
336,78,0.999481,76,236,215,325,
337,78,0.999429,75,235,214,325,
338,78,0.999277,76,234,216,325,
339,78,0.999306,77,236,215,324,
340,78,0.999308,77,236,212,323,
341,78,0.999270,78,237,213,323,
342,78,0.999267,78,238,213,323,
343,78,0.999251,77,238,212,323,
344,78,0.999277,77,236,212,323,
345,78,0.999427,77,238,213,323,
346,78,0.999481,77,236,213,324,
347,78,0.999401,77,237,213,323,
348,78,0.999345,77,235,213,324,
349,78,0.999480,78,236,214,324,
350,78,0.999377,77,235,211,324,
351,78,0.999460,79,236,212,324,
352,78,0.999650,78,236,215,323,
353,78,0.998813,77,234,214,325,
354,78,0.999360,76,232,216,325,
355,78,0.999487,78,234,216,324,
356,78,0.999259,78,234,218,324,
357,78,0.999616,78,235,218,323,
358,78,0.999643,78,235,218,323,
359,78,0.999685,77,234,218,323,
360,78,0.999649,76,234,218,322,
361,78,0.999673,76,234,218,323,
362,78,0.999560,76,235,217,322,
363,78,0.999560,77,235,216,323,
364,78,0.999602,76,235,216,323,
365,78,0.999564,77,235,215,322,
366,78,0.999547,76,234,216,322,
367,78,0.999561,77,235,216,323,
368,78,0.999639,77,235,215,323,
369,78,0.999615,77,235,215,322,
370,78,0.999527,77,235,215,322,
371,78,0.999559,78,234,215,322,
372,78,0.999589,77,234,215,322,
373,78,0.999560,77,234,216,322,
374,78,0.999587,77,235,215,322,
375,78,0.999608,76,235,216,322,
376,78,0.999597,77,235,215,322,
377,78,0.999622,76,234,215,322,
378,78,0.999565,77,235,216,323,
379,78,0.999633,76,234,216,323,
380,78,0.999610,77,236,216,323,
381,78,0.999606,77,235,215,323,
382,78,0.999486,76,234,215,323,
383,78,0.999559,77,234,215,323,
384,78,0.999604,77,235,216,324,
385,78,0.999520,76,234,216,323,
386,78,0.999597,76,234,216,323,
387,78,0.999574,76,235,216,323,
388,78,0.999552,76,234,215,323,
389,78,0.999526,76,234,216,323,
390,78,0.999565,76,234,216,323,
391,78,0.999565,76,234,216,323,
392,78,0.999550,77,234,217,323,
393,78,0.999585,76,234,217,323,
