1,227,86,223,132,197,146,196,191,227,216,246,143,251,182,242,212,195,211,226,241,200,309,236,209,252,242,223,303
2,227,86,223,133,197,146,197,192,228,216,247,144,251,182,242,212,197,211,226,241,200,308,236,209,252,242,223,303
3,227,86,223,132,197,147,197,192,228,216,246,144,251,182,242,212,197,211,226,241,200,309,237,209,252,242,222,303
4,227,86,223,132,197,146,196,191,228,216,246,144,251,182,242,212,197,211,226,242,201,309,237,209,252,242,223,304
5,226,86,223,132,197,146,196,192,227,216,246,143,251,182,242,212,197,211,226,242,200,309,236,209,252,242,222,303
6,226,87,223,132,197,146,196,192,227,216,247,144,251,183,242,213,196,211,226,241,200,308,236,207,252,241,222,304
7,226,86,223,132,197,146,196,191,228,216,246,143,251,182,242,212,196,211,226,242,200,309,236,209,252,242,222,303
8,226,86,223,132,197,146,196,192,228,217,246,143,251,182,242,212,196,211,226,241,201,309,236,209,252,242,223,303
9,226,86,223,132,197,146,196,191,227,216,246,143,251,183,242,212,195,211,226,241,200,309,236,209,252,241,223,303
10,226,87,223,132,197,147,196,192,227,216,246,143,251,183,241,213,196,211,226,240,200,310,237,210,252,242,222,304
11,226,87,223,132,197,146,196,191,227,216,246,144,251,184,242,213,196,209,226,241,200,309,236,207,252,241,222,304
12,226,86,222,132,197,146,196,191,227,217,246,143,251,183,242,212,198,210,226,241,200,309,236,208,252,242,223,304
13,226,87,223,132,196,146,196,192,227,217,246,143,251,182,242,212,199,211,226,241,200,309,236,210,252,242,222,304
14,226,87,223,132,197,146,196,191,227,217,246,143,251,184,242,212,198,212,226,241,200,308,237,209,252,241,222,303
15,226,87,222,132,197,146,196,190,227,217,246,143,251,183,242,212,197,211,226,241,200,309,236,210,252,242,222,304
16,226,87,222,132,196,146,196,192,227,217,246,143,251,183,242,212,198,211,226,242,200,309,236,210,252,242,222,303
17,226,87,223,132,197,146,195,191,227,216,247,144,251,184,242,212,197,211,226,241,200,309,237,209,252,242,221,303
18,226,87,223,131,197,146,195,192,227,217,247,144,251,183,242,212,196,211,226,241,200,309,236,209,252,242,223,302
19,226,86,222,132,196,147,197,192,228,217,246,144,252,184,242,213,196,211,227,242,200,309,236,210,252,242,222,303
20,225,86,222,133,196,147,196,192,228,217,246,144,252,184,242,213,196,210,226,242,200,309,236,209,252,242,223,304
21,225,87,222,133,196,147,196,191,227,216,245,143,251,183,242,212,197,211,226,241,200,310,236,209,252,241,224,302
22,225,87,222,133,196,146,196,191,227,216,245,143,251,183,242,212,197,211,226,241,200,309,236,209,253,241,223,302
23,226,88,222,132,197,146,196,191,227,216,245,144,251,185,242,213,197,211,226,240,200,308,236,207,252,241,222,304
24,226,88,222,132,196,147,196,191,227,216,245,144,251,184,242,212,196,211,226,241,200,310,236,207,252,241,222,305
25,225,88,221,134,196,147,196,191,227,216,244,144,251,184,242,212,196,210,226,240,200,309,236,207,252,240,222,304
26,226,88,221,134,196,146,196,192,227,216,244,144,251,184,241,212,197,211,226,241,200,309,236,208,252,241,222,304
27,225,88,221,134,195,147,196,191,227,216,244,144,251,183,241,212,196,211,226,240,200,310,236,207,252,240,224,303
28,226,88,221,134,195,147,196,192,227,216,244,144,250,184,242,212,198,210,226,240,200,308,236,207,252,240,225,302
29,225,89,220,135,195,147,195,191,226,215,243,144,250,183,241,211,196,210,226,240,200,310,236,205,252,239,226,302
30,226,89,220,135,194,148,195,191,226,215,243,144,250,183,241,211,195,210,226,240,201,310,235,206,251,239,226,302
31,225,89,220,135,195,148,195,191,226,215,243,145,250,182,240,209,195,211,226,240,201,310,234,207,252,238,225,305
32,226,90,220,135,194,148,195,191,225,214,243,144,249,183,241,209,194,209,225,240,201,310,233,205,251,237,228,300
33,225,90,220,135,194,148,195,192,225,215,243,145,249,183,240,210,195,210,225,240,201,313,234,206,252,236,227,300
34,225,90,219,135,194,148,195,191,224,214,243,145,249,182,241,209,195,209,225,239,200,311,234,205,252,234,229,298
35,225,90,219,136,193,149,195,192,224,214,242,145,250,182,240,209,194,210,224,238,200,310,233,205,252,233,229,299
36,224,90,219,136,193,149,194,192,224,214,242,145,249,181,241,208,195,212,223,238,200,309,233,206,252,232,230,298
37,224,90,219,136,192,150,194,191,224,214,241,145,249,181,241,207,195,211,223,237,199,309,233,205,252,231,232,297
38,223,90,219,136,193,149,194,193,224,214,242,146,249,182,240,207,194,211,222,237,200,308,232,205,253,231,235,297
39,223,91,218,136,192,150,195,192,224,214,241,145,249,182,240,207,196,211,223,237,200,309,233,204,253,231,237,296
40,222,91,218,136,192,149,194,192,224,214,241,145,249,182,240,207,195,210,222,236,201,311,233,204,253,231,239,295
41,221,91,218,137,192,149,195,193,223,214,241,146,249,181,241,205,194,211,224,237,202,309,233,204,253,230,241,293
42,221,91,218,136,192,149,195,193,224,213,240,145,249,181,240,205,195,209,224,237,201,309,232,202,254,231,244,294
43,221,91,217,136,191,150,195,193,224,214,240,145,249,181,240,205,195,209,224,238,202,310,233,201,254,231,246,294
44,222,92,218,136,192,150,195,192,224,214,240,145,249,181,240,205,195,210,225,238,203,310,233,202,254,230,251,291
45,221,91,218,136,193,149,195,193,224,213,240,146,248,181,241,204,194,210,225,237,203,309,232,201,254,231,252,291
46,222,92,218,136,192,150,195,192,225,214,240,145,248,181,241,204,195,211,226,237,203,309,232,202,255,230,254,290
47,222,91,218,136,193,149,195,192,225,213,240,146,248,181,242,204,194,210,227,238,203,309,233,202,255,232,257,288
48,222,91,219,137,194,148,195,193,225,214,240,146,248,180,242,203,193,211,227,237,204,309,233,204,256,234,259,287
49,223,91,219,136,194,148,195,193,226,213,241,146,248,181,243,203,194,211,228,238,204,309,234,204,257,234,260,287
50,224,91,220,136,195,148,197,193,227,214,241,146,248,181,244,203,194,211,228,238,205,308,233,204,259,235,259,285
51,225,91,221,136,196,148,197,193,228,214,242,146,248,181,245,203,195,212,230,238,206,308,233,205,259,235,258,285
52,225,91,221,136,196,147,198,193,229,214,243,147,249,181,245,204,195,211,231,239,206,308,234,204,261,234,257,286
53,227,91,221,136,197,147,198,192,229,213,243,146,248,181,247,202,194,211,233,238,207,308,235,204,262,234,258,286
54,228,91,222,137,198,146,200,192,230,213,244,147,248,182,248,202,194,212,235,235,210,305,235,205,263,234,256,285
55,230,91,223,136,199,146,200,191,231,212,244,147,248,181,251,203,194,211,237,234,214,303,235,205,263,233,257,286
56,231,91,224,136,201,146,201,191,232,211,245,148,248,184,252,203,194,210,238,233,218,300,236,205,264,233,257,287
57,232,92,225,135,201,146,201,190,233,211,246,148,249,184,255,204,198,211,239,231,223,301,238,205,264,232,258,286
58,234,91,227,135,203,145,202,191,233,210,247,148,250,184,257,205,196,211,240,231,227,302,238,204,265,231,257,287
59,236,92,228,135,204,146,202,190,234,211,249,149,250,186,259,205,196,211,241,230,234,299,237,206,265,231,258,286
60,239,92,230,135,205,145,202,190,234,211,250,149,251,186,262,206,198,211,241,230,240,297,238,205,266,231,260,287
61,240,92,232,137,207,146,202,192,234,211,252,150,251,186,265,209,198,211,242,231,248,300,239,202,265,232,263,290
62,243,92,233,138,209,146,203,191,235,212,252,151,253,188,268,212,198,211,243,231,254,299,240,202,266,231,262,290
63,245,93,235,139,210,147,205,191,235,212,253,151,254,189,271,213,200,212,244,233,258,295,241,203,266,232,260,291
64,247,94,236,139,212,147,205,190,236,213,255,152,256,190,274,215,199,211,246,234,261,296,240,202,266,233,259,289
65,250,95,238,138,213,146,205,191,236,213,257,153,257,192,276,218,201,212,248,236,262,295,240,203,267,232,260,288
66,252,96,240,139,215,147,206,192,237,213,258,154,259,192,277,219,200,211,248,235,263,297,241,203,267,232,260,289
67,254,97,242,140,217,148,208,192,238,212,259,156,261,194,280,223,201,212,248,235,262,296,243,204,268,232,259,289
68,258,98,243,142,218,150,209,193,238,213,260,156,264,194,283,226,201,212,248,234,261,297,240,205,268,232,260,290
69,260,100,245,143,220,151,210,193,239,214,261,157,266,196,285,229,202,212,249,235,259,297,241,204,269,233,263,291
70,263,102,248,144,222,153,210,194,240,215,263,160,266,196,286,231,203,213,248,235,259,295,242,206,270,234,262,290
71,266,103,250,146,224,153,211,194,239,215,267,162,270,198,288,233,203,213,249,236,261,297,243,206,270,234,261,291
72,268,106,251,148,225,154,210,195,241,216,268,163,272,200,290,235,204,212,249,236,261,296,245,206,271,234,262,291
73,272,108,254,151,227,155,210,195,241,215,271,164,274,202,293,238,203,213,249,236,262,296,245,208,271,235,261,292
74,275,110,256,152,228,157,211,197,241,215,273,165,275,203,295,239,204,213,250,236,262,296,245,208,272,235,261,291
75,278,113,257,153,230,157,212,196,243,216,274,167,278,205,297,242,205,213,251,236,263,299,243,208,273,236,260,291
76,281,115,259,156,232,159,212,197,243,216,275,169,280,207,300,245,205,212,251,236,262,297,245,207,273,237,262,291
77,284,119,260,158,234,160,213,198,242,216,276,171,281,208,301,247,205,212,252,235,263,297,244,208,273,236,260,289
78,286,121,262,161,234,162,212,197,242,215,278,176,283,211,303,249,206,212,251,236,264,297,246,209,273,236,260,289
79,288,123,263,163,235,163,212,197,242,216,279,177,285,213,304,250,205,213,250,235,264,296,246,209,272,235,259,289
80,291,127,265,164,239,164,212,196,242,216,280,179,287,216,305,252,206,212,250,236,264,298,244,209,272,235,259,290
81,295,130,266,166,239,167,211,197,242,216,280,181,288,218,306,254,206,211,250,236,264,296,244,209,273,236,259,289
82,297,132,268,169,242,169,211,197,242,215,281,184,289,219,307,255,206,211,251,236,264,297,243,209,273,236,260,290
83,299,135,269,171,242,170,212,197,242,215,281,186,290,221,307,257,207,210,251,236,263,296,243,209,273,236,258,288
84,302,139,270,172,242,171,210,198,242,215,282,187,291,223,308,259,206,212,251,237,263,297,241,210,273,236,259,290
85,302,141,270,174,243,172,211,197,244,215,283,189,292,224,309,261,205,212,251,236,262,296,241,210,274,236,260,289
86,305,144,271,176,245,173,212,198,245,215,284,191,292,226,310,261,206,210,251,236,262,297,241,209,273,236,260,288
87,308,146,272,178,246,176,212,198,245,215,284,193,293,227,311,265,207,211,252,236,264,297,241,210,273,235,258,287
88,309,150,272,180,245,176,213,197,245,216,285,193,293,229,312,265,206,211,252,236,262,296,242,212,274,236,259,288
89,312,154,273,181,247,177,211,198,245,216,285,195,294,230,313,268,207,211,251,236,263,296,243,211,273,236,258,287
90,312,156,274,183,247,177,212,197,245,216,286,195,294,230,313,267,207,210,252,236,262,296,241,211,274,236,258,288
91,312,157,273,185,248,178,212,197,245,217,286,197,294,232,313,269,209,208,251,236,262,295,243,210,273,236,260,288
92,315,160,275,186,250,179,212,196,245,216,287,197,295,233,314,269,207,212,251,237,263,298,243,210,274,236,259,287
93,316,163,275,187,251,182,213,195,244,217,287,199,295,234,314,271,209,209,252,238,263,296,242,208,272,237,258,286
94,315,164,274,188,252,183,212,196,243,217,287,201,296,234,315,272,209,210,251,237,262,296,242,209,273,237,260,289
95,317,167,275,188,252,184,211,195,243,216,287,201,297,235,316,273,208,210,250,237,263,298,239,208,273,237,259,289
96,318,170,276,189,253,185,211,196,242,216,288,201,297,235,317,274,208,211,250,238,264,297,240,210,273,237,259,288
97,319,170,276,190,255,186,211,195,243,216,287,201,297,235,317,274,210,211,250,237,262,295,242,210,273,237,259,288
98,319,173,276,191,254,186,212,195,242,216,288,203,298,236,319,274,208,212,250,236,262,295,242,213,272,238,257,287
99,318,175,276,192,254,186,211,195,242,216,288,203,299,237,319,275,208,212,250,237,263,295,241,212,273,238,258,288
100,319,177,274,191,254,188,211,195,242,215,288,204,298,237,321,276,207,212,250,237,264,297,241,211,272,238,257,286
101,319,178,275,192,255,188,211,194,243,216,289,203,299,238,321,276,207,213,251,237,262,296,237,212,272,238,259,288
102,320,180,274,191,255,188,212,195,243,217,288,199,298,238,321,276,208,212,250,237,263,296,241,210,272,237,258,285
103,319,180,274,191,253,189,211,194,243,216,288,204,299,239,321,276,208,212,250,238,262,296,239,211,272,238,257,287
104,320,179,275,193,253,190,211,194,242,214,289,204,300,239,321,276,207,213,250,238,263,297,237,211,271,239,258,288
105,319,183,274,193,253,191,213,194,242,214,288,202,300,240,322,277,207,213,249,237,263,297,236,211,271,237,256,287
106,319,183,274,193,254,188,213,195,243,216,288,201,299,239,321,276,204,211,249,237,262,294,233,211,271,238,258,287
107,319,183,275,192,254,190,212,194,243,214,288,203,299,240,322,277,207,211,251,238,263,298,237,210,270,238,257,287
108,319,182,274,194,254,190,212,194,243,214,288,205,300,240,321,276,208,213,250,238,263,296,235,211,270,238,257,288
109,318,182,274,194,253,190,212,195,243,215,288,203,299,240,322,276,207,214,250,238,262,296,233,211,270,238,258,287
110,318,182,274,193,253,190,212,195,243,215,288,207,299,240,322,276,207,211,250,239,262,296,234,210,270,238,257,287
111,318,182,274,193,253,190,212,195,242,214,288,204,299,240,321,275,207,213,251,239,262,294,236,210,270,238,258,288
112,318,186,271,187,251,190,212,195,242,214,289,202,299,239,322,275,208,212,251,239,262,297,236,210,270,238,258,288
113,318,182,274,193,253,188,212,195,241,215,289,204,299,239,322,274,208,212,250,239,262,298,236,211,270,238,257,289
114,318,184,272,188,252,189,210,195,241,215,288,200,299,238,322,275,208,212,249,238,263,297,237,210,271,239,257,288
115,318,185,270,186,251,188,212,195,242,216,288,198,299,237,322,274,208,212,249,239,263,298,238,208,270,237,255,287
116,317,182,271,185,250,187,210,195,242,216,288,199,299,236,322,274,208,212,249,239,263,297,239,208,270,238,258,289
117,316,178,270,186,250,188,211,196,243,216,288,198,299,235,323,273,209,212,250,239,263,298,240,208,270,237,257,289
118,315,179,269,184,249,187,211,196,243,216,286,185,298,234,323,273,206,214,251,239,262,298,237,207,269,237,260,289
119,314,178,268,182,248,186,210,195,243,216,286,179,298,233,323,271,206,213,249,239,263,296,239,210,269,238,257,288
120,313,177,267,182,247,184,209,198,242,216,287,181,298,231,322,269,206,212,249,238,261,294,240,208,270,239,259,289
121,313,179,267,179,245,185,210,197,242,217,284,175,298,230,323,268,209,210,250,239,262,298,242,207,269,237,260,289
122,308,170,265,183,244,183,210,196,242,216,284,184,298,228,323,266,209,211,250,239,263,298,241,209,269,237,259,289
123,307,168,263,183,242,179,209,197,242,217,284,187,298,228,323,265,209,209,250,240,262,296,244,210,269,238,258,289
124,308,167,265,181,241,178,209,198,242,217,283,183,297,226,322,262,207,211,250,239,263,298,240,208,268,238,259,289
125,302,160,262,183,240,178,208,199,241,217,283,191,297,225,323,261,208,208,249,239,263,299,242,208,268,237,259,288
126,301,158,261,182,239,176,208,198,242,216,282,189,297,223,323,259,208,210,249,239,262,297,242,206,268,237,259,289
127,298,153,261,181,238,175,207,201,241,216,282,189,297,221,323,256,208,209,248,238,261,296,242,207,268,237,259,290
128,294,149,259,181,235,174,207,201,241,215,282,188,297,221,323,254,207,209,249,240,262,297,244,208,268,238,260,290
129,291,147,258,180,234,173,207,202,240,215,281,188,296,219,323,251,206,210,248,239,262,297,243,208,269,238,260,290
130,289,144,257,179,233,171,207,202,240,215,280,185,295,216,323,250,204,213,248,239,263,296,243,209,268,237,258,288
131,287,140,257,177,232,171,207,202,241,216,279,180,294,213,324,248,207,209,249,239,261,296,244,207,268,238,261,290
132,283,136,256,173,230,169,207,201,241,216,278,178,294,212,322,244,207,210,249,240,261,298,245,207,268,238,261,291
133,279,132,254,172,228,169,208,201,241,216,277,178,293,210,322,241,205,212,249,239,262,298,244,208,268,239,262,291
134,276,128,252,169,227,168,206,202,240,216,275,175,292,208,322,240,205,212,248,239,262,298,245,207,268,238,261,292
135,274,127,251,168,226,167,208,201,240,216,274,170,291,205,322,238,204,214,249,239,262,298,245,207,268,238,261,291
136,271,125,250,165,224,166,207,202,240,216,274,171,289,203,321,235,204,212,249,240,263,298,245,207,268,238,262,292
137,268,122,249,164,223,164,208,202,240,216,273,167,288,200,320,233,205,212,248,239,262,297,245,206,267,238,262,291
138,265,119,248,162,223,163,207,201,240,217,271,166,287,198,318,229,205,212,249,240,262,297,244,205,267,239,262,292
139,262,117,247,160,221,162,206,200,239,216,270,165,286,197,315,225,204,214,248,238,263,297,246,207,268,239,262,292
140,259,114,245,158,220,160,207,200,239,217,268,165,285,195,315,223,203,213,249,238,261,297,244,206,267,238,260,291
141,257,114,244,157,219,159,207,200,240,218,267,163,284,193,315,220,203,212,248,239,262,297,243,205,267,238,262,292
142,254,112,242,155,218,158,208,200,240,217,264,161,282,191,313,218,203,213,247,238,262,298,243,205,267,238,260,291
143,251,111,241,153,217,158,208,200,239,217,263,159,282,190,312,215,202,213,248,239,262,297,242,204,266,238,262,292
144,247,107,240,152,216,157,207,200,239,217,260,157,280,186,310,210,202,214,247,238,263,299,242,205,267,238,261,291
145,244,106,237,151,214,156,206,200,238,217,259,155,278,184,309,209,202,212,246,238,262,298,243,204,267,238,260,292
146,242,106,236,149,213,155,205,200,238,218,258,154,276,182,308,205,200,213,246,239,261,298,243,204,267,237,260,293
147,239,103,235,148,212,154,204,199,238,216,256,153,276,181,309,205,202,214,245,240,261,298,243,204,266,238,260,291
148,237,101,234,146,211,154,205,199,238,217,255,151,275,179,307,202,202,213,246,239,260,298,242,204,266,238,261,291
149,235,99,233,145,209,154,205,199,238,217,254,151,275,178,305,198,200,214,245,239,260,296,242,204,266,238,261,291
150,232,98,232,144,208,153,204,198,238,216,254,150,274,176,301,194,199,213,246,239,261,297,242,203,265,238,261,291
151,230,97,230,144,207,153,205,199,237,216,252,149,272,175,300,193,201,213,245,240,261,297,242,203,266,239,261,291
152,228,97,229,142,206,153,204,197,237,217,252,149,271,173,297,190,200,212,244,239,261,296,243,204,266,239,261,291
153,227,96,228,142,205,152,204,198,237,216,251,148,270,172,294,187,201,212,244,240,260,297,242,204,265,240,261,291
154,225,95,226,140,204,151,204,195,236,217,250,147,268,171,294,187,198,213,243,239,260,297,242,204,265,238,262,291
155,224,93,225,139,202,151,203,195,235,217,248,146,268,171,293,185,199,214,242,239,260,296,241,204,264,238,261,289
156,221,93,224,139,201,150,203,195,235,217,248,146,267,170,290,184,199,212,242,239,260,296,240,204,264,238,262,291
157,221,92,223,138,200,150,204,194,234,217,248,146,265,170,288,183,199,210,241,239,261,297,239,204,263,238,262,290
158,220,92,222,138,199,149,203,194,235,217,245,145,264,168,284,181,198,211,241,239,259,297,239,204,262,239,262,291
159,219,92,221,138,199,149,203,193,234,217,245,145,264,169,284,181,198,211,240,239,258,296,238,203,261,239,261,290
160,218,91,221,137,199,149,202,193,234,216,245,145,263,170,280,180,196,210,240,239,257,297,239,204,260,239,262,291
161,218,92,220,136,198,148,203,191,233,216,243,143,262,170,281,181,197,210,238,238,257,296,239,203,260,239,262,289
162,218,92,220,136,197,148,202,191,233,215,244,143,261,171,281,182,194,209,236,236,255,298,238,203,259,239,262,290
163,217,91,220,136,197,147,201,191,232,215,244,144,259,169,275,180,195,211,237,236,253,297,239,204,259,240,263,290
164,216,91,219,136,196,148,201,191,232,215,243,144,257,168,272,180,196,211,236,235,249,299,239,205,258,240,264,290
165,216,91,219,134,196,147,202,190,232,214,243,142,258,171,271,182,194,210,235,234,245,299,238,205,257,239,262,287
166,216,90,219,135,195,147,200,190,231,215,243,143,256,169,269,181,193,208,234,232,239,298,237,203,256,237,260,286
167,216,91,218,134,195,147,201,190,231,214,242,142,255,168,266,181,193,210,234,232,237,300,239,205,255,237,259,286
168,215,90,218,133,194,147,200,190,230,213,242,141,253,170,266,181,195,208,233,232,232,301,237,203,255,238,258,285
169,214,90,217,134,193,147,200,189,230,214,241,141,252,169,264,181,196,210,231,233,227,303,238,204,254,236,258,284
170,215,90,217,133,193,148,200,190,230,215,241,141,251,169,262,180,195,209,229,234,224,302,237,203,254,240,258,284
171,214,90,216,133,192,147,199,190,229,215,241,141,252,172,259,181,193,208,227,234,220,301,237,204,252,238,258,286
172,214,90,216,133,192,147,198,189,228,216,240,141,251,171,257,181,193,209,225,235,217,299,235,204,252,241,257,286
173,213,90,215,133,192,147,198,189,227,216,240,141,251,172,256,181,194,209,223,237,217,300,235,205,250,240,258,284
174,213,90,215,133,191,148,197,191,225,217,240,141,250,171,255,181,192,209,222,237,217,301,233,203,248,240,258,286
175,213,90,215,133,190,148,196,191,224,216,240,142,250,172,254,183,190,207,221,235,219,301,233,203,247,240,258,286
176,212,90,214,133,190,148,195,190,222,216,239,142,250,172,253,183,191,209,220,236,219,300,232,204,246,240,259,286
177,212,90,214,133,190,147,194,188,221,217,239,142,250,173,252,185,192,208,218,237,218,302,232,205,244,238,257,285
178,212,89,214,133,189,148,194,191,220,216,239,142,249,173,251,184,195,207,217,238,218,302,232,205,243,237,255,285
179,211,89,213,133,188,148,193,191,219,216,239,142,249,173,249,186,194,209,216,237,218,304,230,205,241,235,254,285
180,211,89,213,132,188,147,192,190,218,216,239,142,249,176,249,187,193,210,214,235,218,305,230,206,240,236,254,287
181,211,89,213,133,188,147,192,190,217,216,239,142,249,177,247,189,196,208,213,237,218,304,229,206,238,236,251,289
182,211,88,213,133,188,147,191,190,217,215,239,142,249,177,246,189,193,208,212,237,217,303,228,206,236,235,249,292
183,211,88,212,133,187,147,190,189,215,213,238,143,249,178,245,191,195,209,211,236,217,302,229,206,235,235,247,294
184,210,88,212,133,187,147,189,190,215,213,239,143,249,180,243,192,196,208,210,237,216,302,230,206,235,236,242,293
185,211,89,212,132,187,147,189,192,215,214,239,144,249,181,243,195,196,210,210,236,216,302,229,206,234,235,242,294
186,210,89,212,132,187,147,190,191,213,212,239,145,248,181,242,196,197,211,209,236,216,301,231,209,233,235,241,294
187,210,89,213,132,187,148,189,191,213,212,239,145,248,182,241,197,194,212,209,236,216,302,229,210,233,235,241,294
188,211,88,213,132,188,147,189,189,211,213,239,145,248,183,240,198,193,212,208,236,215,302,229,211,231,235,244,296
189,210,88,213,132,188,147,189,189,212,213,239,145,248,183,240,200,192,213,208,236,215,301,228,213,231,236,243,293
190,211,88,213,132,187,147,189,191,212,212,239,145,248,184,239,201,194,212,208,237,215,302,229,212,232,236,244,296
191,211,88,213,132,187,147,189,188,212,213,239,146,249,184,239,202,195,212,207,238,215,303,227,212,231,236,245,295
192,212,88,214,132,188,147,189,189,212,213,240,145,248,184,240,202,194,213,208,236,215,302,228,212,232,236,246,295
193,211,88,214,132,188,147,190,190,212,213,240,145,248,184,239,202,195,212,208,237,216,303,230,212,232,236,246,295
194,212,87,214,132,188,147,189,189,213,215,240,146,248,184,240,203,197,212,208,239,216,302,229,213,232,236,245,294
195,212,87,214,133,189,147,190,190,214,214,240,146,250,184,240,204,195,212,208,238,216,304,229,213,232,237,245,295
196,213,87,215,133,188,148,190,191,213,215,241,146,249,185,240,204,194,212,208,237,216,302,231,214,232,237,246,295
197,213,88,215,133,189,148,190,191,213,214,241,145,251,185,240,204,195,211,208,239,216,303,231,213,232,238,246,294
198,214,88,215,132,189,147,190,190,213,214,241,145,250,185,241,204,196,211,208,238,217,303,230,213,233,238,246,295
199,214,88,215,132,189,148,190,191,215,216,241,145,251,185,241,205,194,211,209,238,216,302,231,213,232,237,244,294
200,214,88,216,132,190,147,191,192,214,215,242,145,251,185,241,204,196,211,208,239,216,303,230,212,232,238,245,295
201,215,88,216,132,189,147,190,191,213,214,242,146,250,186,242,205,197,211,208,238,216,302,231,211,232,237,245,294
202,215,88,216,132,190,147,190,192,214,213,242,146,250,186,242,205,195,212,208,239,216,304,229,212,233,237,244,295
203,215,88,217,132,190,147,189,192,213,212,243,146,251,186,242,205,196,212,208,240,216,302,231,212,232,236,245,293
204,216,88,217,133,190,147,191,192,212,213,243,146,252,186,241,205,195,211,208,239,216,302,231,212,232,236,246,295
205,216,88,217,132,190,147,189,192,213,212,244,146,251,186,241,206,194,212,208,237,216,302,231,213,233,236,245,295
206,217,88,217,133,190,147,190,192,215,213,244,146,252,186,241,206,196,211,208,238,216,302,231,212,233,237,245,295
207,217,88,218,133,190,147,190,191,214,213,244,146,251,187,242,206,191,212,208,236,216,302,232,212,232,236,244,295
208,217,88,217,133,191,147,190,192,213,212,244,146,252,187,241,206,195,212,208,237,216,302,231,212,233,236,244,294
209,217,88,218,133,191,147,190,191,213,212,244,147,252,187,241,206,194,213,208,236,216,302,232,213,233,236,245,293
210,217,88,218,132,191,147,190,193,214,212,244,147,252,187,242,205,195,213,208,237,216,301,231,213,233,236,245,294
211,217,88,218,133,191,147,189,190,212,212,244,146,252,186,241,206,196,212,208,238,216,303,231,213,233,237,245,294
212,217,88,218,133,191,147,191,191,213,212,244,146,252,187,242,205,196,212,208,237,216,302,233,213,233,236,244,296
213,217,88,218,133,191,146,190,192,213,213,244,146,252,186,241,206,195,211,208,238,216,302,230,212,233,237,245,294
214,217,88,218,134,191,146,190,191,213,212,244,146,252,187,241,206,195,211,209,239,216,302,231,212,233,237,244,294
215,217,87,218,134,191,146,189,188,213,214,244,147,252,187,241,205,196,212,208,237,216,302,235,213,233,237,244,294
216,217,88,218,134,192,146,189,190,212,212,245,147,251,187,241,206,196,211,208,238,216,303,232,211,233,237,245,296
217,218,87,218,134,191,146,190,190,211,211,244,147,252,187,241,206,196,211,209,238,217,303,234,212,233,238,244,294
218,218,88,218,133,191,146,189,192,213,212,244,146,251,187,242,206,194,212,208,236,216,302,231,212,233,237,244,295
219,217,87,217,134,191,146,190,189,213,213,244,146,252,187,241,206,196,212,208,238,216,303,232,213,233,237,245,295
220,218,87,218,133,191,147,190,191,212,212,244,147,252,187,241,205,195,213,208,237,216,301,233,214,233,236,245,295
221,218,88,218,133,191,146,189,191,212,212,244,146,251,187,242,206,195,212,209,237,217,303,231,212,233,237,244,294
222,217,87,217,134,191,146,189,190,212,213,243,146,251,187,242,206,197,211,209,239,216,303,232,212,233,238,244,295
223,217,88,217,134,191,146,190,191,214,212,244,146,251,187,241,206,196,211,208,238,216,303,230,211,233,237,244,294
224,217,88,217,134,191,147,190,192,213,211,244,146,251,186,241,206,196,211,208,238,216,303,230,211,233,237,244,295
225,217,88,217,134,191,146,189,191,212,211,243,146,251,186,241,205,196,211,208,238,216,302,230,212,233,237,246,295
226,217,87,217,133,191,147,191,191,213,214,243,146,251,187,241,206,196,212,209,238,216,302,232,212,233,237,245,295
227,217,87,217,134,190,147,189,189,213,213,244,146,251,186,241,205,195,211,209,237,217,303,234,212,233,237,245,294
228,217,87,217,134,190,146,191,189,210,211,243,146,252,186,241,206,196,210,208,238,216,302,232,212,233,237,246,294
