1,47,0.942934,158,376,205,422,
2,47,0.929189,158,377,204,422,
3,47,0.931855,158,376,204,422,
4,47,0.940013,158,376,205,423,
5,47,0.936222,158,376,205,422,
6,47,0.935935,158,376,204,423,
7,47,0.934011,157,376,205,422,
8,47,0.938905,157,375,204,422,
9,47,0.927401,158,376,204,422,
10,47,0.950555,158,376,204,423,
11,47,0.940913,158,376,204,422,
12,47,0.943303,157,375,205,422,
13,47,0.941143,158,376,204,422,
14,47,0.947604,158,376,204,422,
15,47,0.940030,158,375,205,422,
16,47,0.945327,158,376,205,422,
17,47,0.942989,158,376,204,423,
18,47,0.946287,158,375,205,422,
19,47,0.934973,158,375,205,422,
20,47,0.941229,157,376,205,423,
21,47,0.944712,158,376,204,422,
22,47,0.942227,158,376,204,422,
23,47,0.936674,158,376,204,422,
24,47,0.946673,158,376,204,422,
25,47,0.940101,158,376,204,422,
26,47,0.933635,158,376,204,423,
27,47,0.932995,158,376,204,422,
28,47,0.945380,158,376,204,422,
29,47,0.928533,158,376,204,422,
30,47,0.940102,158,376,204,423,
31,47,0.946064,158,377,204,422,
32,47,0.944792,158,376,204,423,
33,47,0.942652,158,376,204,423,
34,47,0.949527,158,376,204,423,
35,47,0.932053,157,375,205,422,
36,47,0.941118,158,376,204,423,
37,47,0.944805,158,376,204,423,
38,47,0.932758,157,376,205,422,
39,47,0.937164,158,376,204,422,
40,47,0.942808,158,376,204,423,
41,47,0.935786,158,376,204,423,
42,47,0.937931,158,376,204,423,
43,47,0.944829,158,376,204,422,
44,47,0.940608,158,376,204,423,
45,47,0.944819,158,376,204,423,
46,47,0.942076,157,376,205,422,
47,47,0.940804,158,376,204,423,
48,47,0.946173,158,376,204,423,
49,47,0.949249,158,376,204,422,
50,47,0.945678,157,376,205,422,
51,47,0.946320,158,376,204,423,
52,47,0.941865,158,376,204,422,
53,47,0.938417,158,376,205,423,
54,47,0.942204,157,376,204,423,
55,47,0.937526,158,376,204,423,
56,47,0.939939,158,377,204,422,
57,47,0.944357,157,376,204,423,
58,47,0.948871,158,376,204,423,
59,47,0.942867,158,376,205,422,
60,47,0.938456,158,376,204,422,
61,47,0.944703,157,376,204,423,
62,47,0.946804,157,376,204,423,
63,47,0.944110,157,376,205,423,
64,47,0.946467,158,376,204,423,
65,47,0.936778,158,376,204,423,
66,47,0.947973,158,376,204,423,
67,47,0.930896,158,376,204,422,
68,47,0.942530,158,376,204,423,
69,47,0.944301,158,376,204,422,
70,47,0.944492,158,376,204,423,
71,47,0.942107,158,376,204,423,
72,47,0.936208,158,377,204,423,
73,47,0.944716,158,376,204,423,
74,47,0.948966,158,376,204,423,
75,47,0.939278,158,377,204,423,
76,47,0.942267,158,376,204,423,
77,47,0.936079,158,377,204,423,
78,47,0.935115,158,376,204,423,
79,47,0.943592,158,376,204,423,
80,47,0.937863,158,376,204,423,
81,47,0.938612,158,377,204,423,
82,47,0.941409,158,376,204,422,
83,47,0.944003,158,376,204,422,
84,47,0.939349,158,376,204,423,
85,47,0.943756,158,376,204,422,
86,47,0.936793,157,376,204,423,
87,47,0.943626,158,376,204,422,
88,47,0.950914,158,376,204,423,
89,47,0.943265,158,376,204,423,
90,47,0.945708,158,376,204,422,
91,47,0.944319,158,376,204,423,
92,47,0.943753,158,377,204,423,
93,47,0.944045,158,376,204,422,
94,47,0.942078,158,377,204,423,
95,47,0.945422,158,376,204,423,
96,47,0.942782,158,376,204,423,
97,47,0.936944,158,376,204,423,
98,47,0.944871,158,376,204,423,
99,47,0.934019,158,377,204,422,
100,47,0.946235,158,377,204,422,
101,47,0.942263,158,377,204,423,
102,47,0.946373,158,376,204,422,
103,47,0.950820,158,376,204,423,
104,47,0.948170,158,376,204,423,
105,47,0.950313,158,376,204,422,
106,47,0.942383,158,376,204,422,
107,47,0.945054,157,376,204,423,
108,47,0.938021,158,377,204,422,
109,47,0.935996,158,376,204,422,
110,47,0.950624,158,376,204,423,
111,47,0.937801,158,376,204,423,
112,47,0.944230,158,376,204,423,
113,47,0.938921,158,376,204,423,
114,47,0.938242,158,376,204,423,
115,47,0.942575,158,376,204,422,
116,47,0.933585,158,377,204,423,
117,47,0.940832,158,376,204,423,
118,47,0.936587,158,376,204,423,
119,47,0.933464,158,377,204,422,
120,47,0.944419,157,376,204,423,
121,47,0.944093,158,376,204,422,
122,47,0.944061,158,376,204,423,
123,47,0.938001,157,376,204,423,
124,47,0.939720,158,376,204,422,
125,47,0.946050,158,376,204,423,
126,47,0.943088,157,376,205,423,
127,47,0.940482,158,376,204,423,
128,47,0.940626,158,376,204,422,
129,47,0.928661,158,376,204,422,
130,47,0.948425,158,376,204,423,
131,47,0.939587,158,376,204,423,
132,47,0.939489,158,377,204,423,
133,47,0.942034,158,377,204,423,
134,47,0.946264,158,376,204,423,
135,47,0.937195,158,377,204,423,
136,47,0.946091,157,376,204,423,
137,47,0.941191,157,376,204,423,
138,47,0.946344,158,376,204,423,
139,47,0.938202,158,376,204,423,
140,47,0.942084,158,377,204,423,
141,47,0.941133,158,376,204,423,
142,47,0.947852,158,376,204,423,
143,47,0.937732,157,376,205,423,
144,47,0.941119,158,376,204,423,
145,47,0.940511,158,376,205,423,
146,47,0.935463,157,376,204,423,
147,47,0.948510,157,376,204,423,
148,47,0.945019,158,377,204,423,
149,47,0.939595,158,376,204,423,
150,47,0.940229,158,376,204,423,
151,47,0.944584,158,376,204,422,
152,47,0.947609,158,376,204,423,
153,47,0.941482,158,377,204,422,
154,47,0.937305,158,377,204,423,
155,47,0.949171,158,376,204,422,
156,47,0.935823,158,377,204,423,
157,47,0.947736,158,376,204,423,
158,47,0.934024,158,376,204,423,
159,47,0.937475,158,376,204,422,
160,47,0.937906,158,376,205,422,
161,47,0.945613,158,376,204,422,
162,47,0.946311,157,376,204,423,
163,47,0.943553,158,377,204,422,
164,47,0.943152,158,377,204,422,
165,47,0.949294,158,376,204,423,
166,47,0.953150,158,376,204,422,
167,47,0.947027,158,376,204,423,
168,47,0.940922,158,376,204,423,
169,47,0.945028,158,376,204,423,
170,47,0.942054,158,376,204,422,
171,47,0.940668,158,376,204,423,
172,47,0.946917,158,376,204,422,
173,47,0.943774,158,376,204,423,
174,47,0.945606,158,376,204,423,
175,47,0.944520,158,376,204,422,
176,47,0.941403,158,376,205,423,
177,47,0.936077,158,376,204,423,
178,47,0.951457,158,377,204,423,
179,47,0.950604,158,376,204,423,
180,47,0.946772,158,376,204,422,
181,47,0.949445,158,376,204,423,
182,47,0.942445,158,377,204,423,
183,47,0.943397,158,376,204,422,
184,47,0.937987,158,376,204,422,
185,47,0.940799,158,376,204,423,
186,47,0.948835,158,377,204,423,
187,47,0.941983,158,376,204,422,
188,47,0.939230,158,376,204,422,
189,47,0.936547,158,376,204,423,
190,47,0.944340,158,377,204,423,
191,47,0.940456,158,376,204,423,
192,47,0.936318,158,377,204,422,
193,47,0.938970,158,376,204,423,
194,47,0.943230,158,376,204,422,
195,47,0.944029,158,376,204,422,
196,47,0.938135,158,377,204,423,
197,47,0.940906,158,376,204,422,
198,47,0.942569,157,376,204,423,
199,47,0.943274,158,376,204,422,
200,47,0.934723,158,376,204,423,
201,47,0.954870,158,376,204,423,
202,47,0.951412,158,376,204,423,
203,47,0.952245,157,376,204,422,
204,47,0.947842,158,376,204,423,
205,47,0.938254,158,376,204,423,
206,47,0.937928,158,376,204,423,
207,47,0.939337,158,376,205,422,
208,47,0.946692,158,376,204,422,
209,47,0.943476,158,377,204,423,
210,47,0.943088,158,376,204,423,
211,47,0.940735,158,377,204,423,
212,47,0.946417,158,376,204,423,
213,47,0.941733,158,376,205,423,
214,47,0.945996,158,376,204,422,
215,47,0.939013,158,376,204,422,
216,47,0.942142,158,376,204,422,
217,47,0.948103,158,376,204,423,
218,47,0.946389,158,376,204,423,
219,47,0.940227,158,377,204,423,
220,47,0.943365,158,376,204,423,
221,47,0.955503,158,376,204,422,
222,47,0.925958,158,376,204,423,
223,47,0.947406,158,376,204,423,
224,47,0.944281,158,376,204,423,
225,47,0.938048,158,376,204,423,
226,47,0.936965,158,376,204,422,
227,47,0.949444,158,376,204,422,
228,47,0.945818,158,377,205,423,
229,47,0.943320,158,376,204,423,
230,47,0.938578,158,377,204,423,
231,47,0.946477,158,376,204,422,
232,47,0.935515,158,376,204,423,
233,47,0.926939,158,377,204,422,
234,47,0.932536,158,376,205,422,
235,47,0.938162,158,376,204,423,
236,47,0.942165,158,376,204,422,
237,47,0.932644,158,376,204,422,
238,47,0.940557,158,377,204,423,
239,47,0.941338,158,376,204,423,
240,47,0.936036,158,377,204,423,
241,47,0.944882,158,376,204,423,
242,47,0.945570,158,376,204,423,
243,47,0.935617,158,376,204,423,
244,47,0.941850,158,376,204,422,
245,47,0.946837,158,376,204,423,
246,47,0.943691,158,376,204,423,
247,47,0.943049,158,376,204,422,
248,47,0.936366,158,376,204,423,
249,47,0.946654,158,376,204,423,
250,47,0.939979,158,377,204,423,
251,47,0.934474,158,376,205,423,
252,47,0.949174,157,376,204,422,
253,47,0.932255,158,376,205,422,
254,47,0.948234,158,376,204,422,
255,47,0.947014,158,376,204,423,
256,47,0.930549,158,376,204,423,
257,47,0.938436,158,376,205,423,
258,47,0.945561,157,375,205,422,
259,47,0.942680,157,375,204,423,
260,47,0.939681,157,375,204,422,
261,47,0.944499,157,376,204,423,
262,47,0.925324,158,376,204,423,
263,47,0.880474,158,376,204,423,
264,47,0.887856,157,376,204,423,
265,47,0.815051,156,375,204,423,
266,47,0.905623,158,376,204,423,
267,47,0.862704,157,376,204,423,
268,47,0.859400,156,376,204,423,
269,47,0.908072,158,377,204,423,
270,47,0.908205,158,376,204,424,
271,47,0.899213,156,376,205,423,
272,47,0.891105,157,376,205,423,
273,47,0.883539,157,376,205,423,
274,47,0.903695,156,376,205,423,
275,47,0.908821,158,376,205,423,
276,47,0.917614,157,376,205,423,
277,47,0.911917,158,376,204,423,
278,47,0.928472,156,376,205,423,
279,47,0.907739,156,376,205,423,
280,47,0.920123,158,376,204,423,
281,47,0.892667,158,375,204,423,
282,47,0.904361,158,376,204,423,
283,47,0.908864,158,376,204,424,
284,47,0.934952,158,375,204,423,
285,47,0.946685,157,376,204,423,
286,47,0.947887,156,375,204,423,
287,47,0.944078,157,375,204,423,
288,47,0.926842,157,376,204,423,
289,47,0.889985,156,375,204,422,
290,47,0.882906,156,374,204,422,
291,47,0.923011,156,372,204,421,
292,47,0.866666,154,368,203,419,
293,47,0.957837,152,363,202,415,
294,47,0.984278,153,359,202,409,
295,47,0.995440,153,353,200,404,
296,47,0.983407,151,347,201,397,
399,47,0.826703,155,336,206,389,
400,47,0.959084,155,337,205,393,
401,47,0.709030,154,344,205,396,
402,47,0.626678,153,346,206,399,
403,47,0.679158,152,348,206,402,
404,47,0.943165,153,350,203,405,
405,47,0.886598,152,354,204,407,
406,47,0.893761,152,356,203,409,
409,37,0.823495,152,361,203,414,
410,47,0.634210,150,364,202,418,
411,47,0.586572,150,365,201,418,
412,47,0.688654,151,366,203,418,
413,47,0.828497,150,369,202,419,
414,47,0.888780,151,369,201,420,
415,47,0.907745,151,370,201,421,
416,47,0.881535,151,370,201,423,
417,47,0.688271,151,372,202,425,
420,47,0.674671,148,378,199,426,
423,47,0.611369,148,379,199,426,
424,47,0.592489,148,379,198,427,
425,47,0.651002,148,379,198,427,
432,47,0.573984,149,378,199,427,
433,47,0.605507,149,378,200,427,
434,47,0.664759,149,378,200,427,
435,47,0.664890,150,378,199,429,
436,47,0.721974,149,378,199,429,
437,47,0.679523,150,378,199,428,
438,47,0.723408,150,377,200,427,
439,47,0.608278,149,377,200,427,
440,47,0.679216,150,378,199,429,
441,47,0.799888,150,378,199,429,
442,47,0.683954,150,378,200,427,
443,47,0.864860,151,378,199,429,
444,47,0.842927,151,378,200,429,
445,47,0.820592,152,378,199,429,
446,47,0.854741,151,378,200,427,
447,47,0.878108,151,378,200,427,
448,47,0.873156,151,378,200,427,
449,47,0.864459,151,377,200,427,
450,47,0.859624,151,377,200,427,
451,47,0.875337,151,378,200,427,
452,47,0.898538,151,378,200,427,
453,47,0.903555,151,378,200,427,
454,47,0.932490,151,378,200,427,
455,47,0.903826,151,377,200,427,
456,47,0.926564,151,377,199,427,
457,47,0.882938,151,378,200,428,
458,47,0.871599,151,378,200,427,
459,47,0.940943,151,378,199,427,
460,47,0.951647,151,378,199,427,
461,47,0.955554,151,378,199,427,
462,47,0.962494,150,380,199,428,
463,47,0.941911,151,379,200,427,
464,47,0.944782,151,379,200,427,
465,47,0.930138,151,379,199,426,
466,47,0.935661,151,380,199,426,
467,47,0.946829,151,380,199,426,
468,47,0.925449,151,380,199,426,
469,47,0.926631,152,380,200,426,
470,47,0.934725,151,380,200,426,
471,47,0.936785,151,380,199,427,
472,47,0.940951,151,379,200,427,
473,47,0.937922,151,380,199,426,
474,47,0.931889,151,380,199,426,
475,47,0.933382,152,380,200,426,
476,47,0.928026,151,380,199,426,
477,47,0.931801,151,380,199,426,
478,47,0.931477,151,380,200,426,
479,47,0.938680,151,380,200,426,
480,47,0.944256,151,380,200,426,
