1,1,0.998856,269,92,385,376,
2,1,0.999101,268,92,385,377,
3,1,0.999011,268,93,385,375,
4,1,0.998916,267,91,382,376,
5,1,0.999077,268,91,383,375,
6,1,0.999126,269,91,384,375,
7,1,0.999154,268,92,386,375,
8,1,0.999071,267,91,387,376,
9,1,0.998692,266,91,390,377,
10,1,0.998861,265,90,390,378,
11,1,0.998988,267,91,392,377,
12,1,0.999177,267,94,394,377,
13,1,0.999174,267,92,401,376,
14,1,0.998962,266,95,409,377,
15,1,0.998824,266,91,408,378,
16,1,0.999251,265,95,410,382,
17,1,0.998954,263,93,410,381,
18,1,0.999138,264,91,406,376,
19,1,0.998953,265,90,402,374,
20,1,0.998837,264,90,416,376,
21,1,0.999195,266,90,399,376,
22,1,0.999174,267,89,399,376,
23,1,0.999068,265,90,392,376,
24,1,0.999107,265,88,388,377,
25,1,0.999164,267,89,385,377,
26,1,0.999331,267,89,384,376,
27,1,0.999169,270,89,388,377,
28,1,0.999197,272,89,392,378,
29,1,0.999213,273,89,397,377,
30,1,0.999270,274,89,399,378,
31,1,0.999025,274,90,403,377,
32,1,0.999182,273,88,409,378,
33,1,0.999404,279,87,413,375,
34,1,0.999469,277,88,415,376,
35,1,0.999421,279,87,425,376,
36,1,0.999266,279,86,422,378,
37,1,0.999595,277,84,428,376,
38,1,0.999336,279,83,439,375,
39,1,0.999335,279,83,450,374,
40,1,0.999113,279,85,448,374,
41,1,0.999451,278,83,452,373,
42,1,0.999421,280,81,450,374,
43,1,0.999510,278,81,459,373,
44,1,0.999640,278,83,459,375,
45,1,0.999579,279,81,456,374,
46,1,0.999378,280,80,456,375,
47,1,0.999469,281,80,460,375,
48,1,0.999503,282,79,466,375,
49,1,0.999589,283,79,471,375,
50,1,0.999559,282,78,482,374,
51,1,0.999590,284,80,478,376,
52,1,0.999480,285,79,478,375,
53,1,0.999290,284,82,482,374,
54,1,0.999537,284,80,479,374,
55,1,0.999673,284,80,479,374,
56,1,0.999580,285,77,477,373,
57,1,0.999558,286,80,477,374,
58,1,0.999521,286,79,474,375,
59,1,0.999579,287,79,473,376,
60,1,0.999532,288,78,474,378,
61,1,0.999428,294,76,474,376,
62,1,0.999393,296,73,476,378,
63,1,0.999402,301,71,475,378,
64,1,0.999526,305,71,475,379,
65,1,0.999485,306,71,478,376,
66,1,0.999070,306,71,488,379,
67,1,0.999130,309,69,486,376,
68,1,0.999351,311,72,478,375,
69,1,0.999048,312,69,482,378,
70,1,0.999061,314,69,479,376,
71,1,0.999025,313,70,481,375,
72,1,0.998791,315,68,479,384,
73,1,0.998700,316,67,477,385,
74,1,0.998819,319,67,476,390,
75,1,0.998767,319,66,476,385,
76,1,0.998789,322,68,476,376,
77,1,0.998576,321,69,480,383,
78,1,0.998181,323,71,479,382,
79,1,0.998455,323,69,479,389,
80,1,0.998453,324,69,480,389,
81,1,0.998445,324,69,478,383,
82,1,0.997884,324,70,476,385,
83,1,0.998220,324,70,475,380,
84,1,0.997645,324,69,476,379,
85,1,0.998138,324,72,478,380,
86,1,0.997733,325,71,479,388,
87,1,0.997172,324,69,479,385,
88,1,0.997257,325,71,476,407,
89,1,0.997441,325,70,477,388,
90,1,0.997290,324,73,477,381,
91,1,0.997966,323,73,479,378,
92,1,0.998056,322,76,475,379,
93,1,0.997449,318,73,478,373,
94,1,0.999176,316,74,476,375,
95,1,0.999076,313,73,474,375,
96,1,0.998877,310,71,475,376,
97,1,0.999011,309,71,476,376,
98,1,0.999092,308,71,474,374,
99,1,0.999035,306,70,478,377,
100,1,0.998982,305,72,479,378,
101,1,0.999348,305,73,482,374,
102,1,0.999219,305,70,482,376,
103,1,0.999224,305,73,490,379,
104,1,0.999509,305,69,492,374,
105,1,0.999543,306,69,491,375,
106,1,0.999353,307,69,503,374,
107,1,0.999560,307,71,502,371,
108,1,0.999326,307,70,507,378,
109,1,0.999547,305,68,507,381,
110,1,0.999111,305,69,512,392,
111,1,0.999330,307,69,510,385,
112,1,0.998861,306,70,512,387,
113,1,0.998883,305,70,508,383,
114,1,0.999137,305,70,507,389,
115,1,0.999108,306,71,508,389,
116,1,0.998911,305,72,508,394,
117,1,0.998808,307,72,512,403,
118,1,0.999216,308,72,506,393,
119,1,0.999012,309,74,508,398,
120,1,0.998856,307,68,508,392,
121,1,0.998244,307,73,507,401,
122,1,0.998420,309,73,508,405,
123,1,0.997655,311,71,508,401,
124,1,0.998382,311,73,509,398,
125,1,0.998738,312,69,511,398,
126,1,0.998609,311,70,509,399,
127,1,0.998455,312,69,511,399,
128,1,0.998466,313,73,509,400,
129,1,0.998816,315,72,506,396,
130,1,0.998809,314,70,509,395,
131,1,0.999039,314,71,509,398,
132,1,0.998964,314,71,508,400,
133,1,0.998290,314,73,511,408,
134,1,0.998784,313,71,513,404,
135,1,0.998888,312,69,512,402,
136,1,0.998538,312,70,513,402,
137,1,0.999009,312,73,513,405,
138,1,0.998996,312,74,508,399,
139,1,0.998855,312,72,506,394,
140,1,0.999289,310,73,506,393,
141,1,0.999483,309,72,502,388,
142,1,0.999474,309,73,498,381,
143,1,0.999562,308,72,496,375,
144,1,0.999429,307,73,490,374,
145,1,0.999561,307,71,491,372,
146,1,0.999488,305,73,487,376,
147,1,0.999288,306,73,488,378,
148,1,0.999319,306,75,477,380,
149,1,0.999243,306,74,474,378,
150,1,0.999345,305,73,473,379,
151,1,0.999368,305,72,469,376,
152,1,0.998907,306,75,468,375,
153,1,0.998686,309,73,465,374,
154,1,0.998782,312,72,465,373,
155,1,0.998409,315,71,466,375,
156,1,0.998485,317,72,466,372,
157,1,0.998516,322,73,462,371,
158,1,0.998302,324,73,460,375,
159,1,0.998042,325,76,459,376,
160,1,0.997095,326,73,459,379,
161,1,0.996026,326,69,456,378,
162,1,0.997184,326,74,455,375,
163,1,0.997225,326,75,453,374,
164,1,0.995909,325,72,454,376,
165,1,0.996871,327,74,457,379,
166,1,0.996884,326,74,458,379,
167,1,0.997088,326,75,457,380,
168,1,0.997607,327,76,458,389,
169,1,0.998042,327,73,460,382,
170,1,0.996682,327,71,459,377,
171,1,0.995842,328,72,458,381,
172,1,0.996811,328,73,463,381,
173,1,0.997340,328,74,464,383,
174,1,0.997990,329,73,465,385,
175,1,0.997398,327,74,461,381,
176,1,0.997218,327,73,465,386,
177,1,0.996738,327,75,458,381,
178,1,0.997105,328,72,459,382,
179,1,0.994431,328,70,459,385,
180,1,0.995670,327,72,460,385,
181,1,0.996005,327,71,459,377,
182,1,0.994726,328,73,457,376,
183,1,0.995823,328,75,455,376,
184,1,0.996339,328,73,454,378,
185,1,0.996624,326,74,454,375,
186,1,0.997410,325,74,455,378,
187,1,0.997660,324,75,454,374,
188,1,0.997140,323,73,456,373,
189,1,0.997989,319,73,457,376,
190,1,0.997876,317,73,457,374,
191,1,0.998391,315,75,454,376,
192,1,0.998514,311,76,453,375,
193,1,0.998937,308,73,453,374,
194,1,0.998597,307,71,459,375,
195,1,0.998560,303,71,459,372,
196,1,0.999128,301,74,457,373,
197,1,0.998528,299,71,462,376,
198,1,0.998731,298,72,459,372,
199,1,0.999195,296,70,458,374,
200,1,0.999253,295,73,459,377,
201,1,0.999472,294,73,460,375,
202,1,0.999238,289,75,460,377,
203,1,0.999425,286,74,462,376,
204,1,0.999501,283,73,459,372,
205,1,0.999209,280,73,455,372,
206,1,0.999377,278,73,457,375,
207,1,0.999159,274,70,464,378,
208,1,0.999338,272,73,460,373,
209,1,0.998961,271,75,464,373,
210,1,0.999272,271,73,461,377,
211,1,0.998665,271,71,460,380,
212,1,0.999129,268,74,462,376,
213,1,0.999161,267,74,462,376,
214,1,0.999359,268,73,463,379,
215,1,0.999005,266,73,460,378,
216,1,0.998526,269,73,460,383,
217,1,0.999235,264,73,460,378,
218,1,0.999223,263,76,459,376,
219,1,0.999199,263,74,459,379,
220,1,0.998949,261,75,460,376,
221,1,0.998921,261,75,459,378,
222,1,0.998652,265,73,458,375,
223,1,0.998735,258,74,459,376,
224,1,0.998336,257,74,463,375,
225,1,0.998901,255,73,456,377,
226,1,0.998698,253,74,457,375,
227,1,0.998856,258,74,454,377,
228,1,0.998955,253,75,453,376,
229,1,0.999019,252,75,456,376,
230,1,0.999259,253,75,448,380,
231,1,0.998961,248,77,458,373,
232,1,0.998937,245,76,449,373,
233,1,0.999051,249,75,450,377,
234,1,0.999152,243,73,449,376,
235,1,0.999009,243,75,450,381,
236,1,0.998965,244,74,453,377,
237,1,0.999073,242,79,454,381,
238,1,0.999290,244,76,455,375,
239,1,0.999194,244,75,454,376,
240,1,0.999214,242,75,449,375,
241,1,0.999368,239,75,446,374,
242,1,0.999341,240,75,450,372,
243,1,0.999228,241,75,447,373,
244,1,0.998932,243,76,452,378,
245,1,0.999169,248,78,451,374,
246,1,0.998692,256,82,451,371,
247,1,0.997709,252,80,454,375,
248,1,0.999260,256,74,450,377,
249,1,0.999205,255,76,451,374,
250,1,0.999308,255,76,451,372,
251,1,0.999355,258,77,452,373,
252,1,0.998829,228,76,448,376,
253,1,0.999225,227,77,446,379,
254,1,0.999501,224,80,448,378,
255,1,0.999212,221,79,447,376,
256,1,0.999194,218,80,445,377,
257,1,0.998512,213,78,444,376,
258,1,0.999165,210,81,444,373,
259,1,0.999443,214,82,441,375,
260,1,0.998765,214,81,441,373,
261,1,0.999318,214,82,441,375,
262,1,0.999576,212,80,436,377,
263,1,0.999331,213,81,431,375,
264,1,0.999349,216,77,429,380,
265,1,0.999320,212,79,424,376,
266,1,0.997980,212,77,431,376,
267,1,0.999449,216,78,424,375,
268,1,0.999448,219,78,418,379,
269,1,0.999239,218,76,422,377,
270,1,0.999388,216,78,416,380,
271,1,0.998529,217,81,414,381,
272,1,0.998920,216,78,413,380,
273,1,0.999135,213,78,413,382,
274,1,0.998513,213,78,408,380,
275,1,0.999069,216,80,405,381,
276,1,0.999099,213,79,407,388,
277,1,0.999339,210,78,404,388,
278,1,0.999274,214,79,404,388,
279,1,0.998966,215,78,400,385,
280,1,0.999326,213,77,399,387,
281,1,0.999405,214,77,401,386,
282,1,0.999129,213,79,397,385,
283,1,0.998984,213,80,399,387,
284,1,0.999236,211,80,390,385,
285,1,0.999222,212,78,395,387,
286,1,0.999153,212,79,388,387,
287,1,0.999182,213,78,393,390,
288,1,0.999381,215,79,395,385,
289,1,0.999480,213,78,397,388,
290,1,0.999458,213,77,395,386,
291,1,0.999451,212,77,392,388,
292,1,0.999400,213,78,391,386,
293,1,0.999500,211,77,392,388,
294,1,0.998987,205,81,410,376,
295,1,0.998594,205,78,414,376,
296,1,0.998946,206,78,413,369,
297,1,0.998938,220,79,414,372,
298,1,0.998847,212,78,416,371,
299,1,0.997956,206,80,414,372,
300,1,0.998436,211,79,412,376,
301,1,0.999334,207,79,419,376,
302,1,0.999350,208,80,419,375,
303,1,0.999383,204,81,416,376,
304,1,0.999467,205,79,418,377,
305,1,0.999483,205,78,414,377,
306,1,0.999121,204,80,418,376,
307,1,0.999397,204,78,415,376,
308,1,0.999048,205,78,414,377,
309,1,0.999128,206,79,413,377,
310,1,0.999010,206,78,417,380,
311,1,0.999281,207,80,418,379,
312,1,0.999163,207,80,417,378,
313,1,0.998664,209,80,425,377,
314,1,0.999304,210,78,424,376,
315,1,0.999029,209,80,423,376,
316,1,0.999174,210,80,424,377,
317,1,0.999054,208,82,422,381,
318,1,0.999071,209,80,418,381,
319,1,0.998893,208,81,421,380,
320,1,0.998684,210,79,422,378,
321,1,0.999123,208,78,425,381,
322,1,0.999046,209,77,427,380,
323,1,0.999430,208,77,426,375,
324,1,0.999446,208,75,426,376,
325,1,0.999504,210,74,425,382,
326,1,0.999313,209,74,426,380,
327,1,0.998930,212,76,420,383,
328,1,0.999348,209,76,420,377,
329,1,0.999050,213,76,416,380,
330,1,0.999355,208,73,418,377,
331,1,0.999210,210,74,419,372,
332,1,0.998894,211,76,416,379,
333,1,0.999283,209,76,419,378,
334,1,0.999225,209,77,416,378,
335,1,0.999517,208,78,420,375,
336,1,0.999366,210,79,415,377,
337,1,0.999297,211,77,418,376,
338,1,0.999410,209,74,420,375,
339,1,0.999402,206,76,418,375,
340,1,0.999413,208,75,417,376,
341,1,0.999399,208,75,418,375,
342,1,0.999365,208,77,418,376,
343,1,0.998262,211,80,420,375,
344,1,0.998761,233,76,419,377,
345,1,0.999299,242,79,417,376,
346,1,0.998564,237,79,420,377,
347,1,0.998810,213,81,420,374,
348,1,0.998901,219,81,419,373,
349,1,0.998773,213,76,423,372,
350,1,0.998808,228,77,421,372,
351,1,0.999222,262,75,422,377,
352,1,0.998667,252,76,423,375,
353,1,0.999239,221,80,422,371,
354,1,0.998580,258,76,419,376,
355,1,0.999471,215,78,410,375,
356,1,0.998446,239,76,417,376,
357,1,0.999141,222,79,420,376,
358,1,0.999206,227,77,419,372,
359,1,0.999441,212,80,415,373,
360,1,0.999602,206,79,416,375,
361,1,0.999337,199,78,416,377,
362,1,0.999092,199,80,416,374,
363,1,0.999274,201,80,418,376,
364,1,0.999219,200,79,423,377,
365,1,0.999286,192,80,421,376,
366,1,0.999103,191,80,415,375,
367,1,0.999153,195,80,419,375,
368,1,0.999071,193,82,416,376,
369,1,0.999245,196,82,416,376,
370,1,0.999191,194,80,414,375,
371,1,0.999457,196,80,407,372,
372,1,0.999424,197,80,409,372,
373,1,0.999432,195,81,411,373,
374,1,0.999054,193,82,431,372,
375,1,0.999443,192,82,418,375,
376,1,0.999301,194,83,417,374,
377,1,0.999463,194,83,417,374,
378,1,0.999400,195,84,411,374,
379,1,0.999237,197,81,413,376,
380,1,0.999468,191,83,412,378,
381,1,0.999371,191,83,414,377,
382,1,0.999278,196,82,413,377,
383,1,0.999157,195,83,414,376,
384,1,0.998916,194,84,413,377,
385,1,0.998927,193,85,415,378,
386,1,0.999230,194,84,415,376,
387,1,0.999393,191,84,416,376,
388,1,0.999342,193,85,415,377,
389,1,0.999211,191,85,411,380,
390,1,0.999340,190,83,411,380,
391,1,0.999179,190,84,412,381,
392,1,0.999255,194,85,408,381,
393,1,0.999497,193,85,410,381,
394,1,0.999557,195,84,413,380,
395,1,0.999520,192,87,415,378,
396,1,0.998395,192,83,404,379,
397,1,0.999092,186,82,402,386,
398,1,0.998962,186,84,400,384,
399,1,0.999225,184,84,395,386,
400,1,0.998642,188,83,399,381,
401,1,0.999377,191,82,400,381,
402,1,0.998695,190,82,401,383,
403,1,0.998254,189,82,400,383,
404,1,0.998902,191,81,399,384,
405,1,0.998742,194,82,400,381,
406,1,0.999034,191,82,400,382,
407,1,0.999016,190,82,398,385,
408,1,0.999408,194,79,406,385,
409,1,0.999058,202,81,393,378,
410,1,0.999115,201,81,395,381,
411,1,0.998769,209,80,392,376,
412,1,0.998877,211,81,390,378,
413,1,0.999327,211,83,391,378,
414,1,0.999324,212,83,391,378,
415,1,0.999293,219,82,388,379,
416,1,0.999376,227,80,390,376,
417,1,0.999413,228,81,388,378,
418,1,0.999004,238,78,389,378,
419,1,0.998948,241,78,392,378,
420,1,0.999104,244,79,394,379,
421,1,0.998466,242,82,390,377,
422,1,0.998603,245,80,391,378,
423,1,0.999084,246,82,391,380,
424,1,0.998801,248,81,398,377,
425,1,0.998697,247,83,390,377,
426,1,0.998105,246,82,389,376,
427,1,0.998819,246,83,390,376,
428,1,0.998748,247,84,396,376,
429,1,0.998669,248,86,395,373,
430,1,0.999080,250,84,396,376,
431,1,0.998900,254,84,397,375,
432,1,0.998946,258,84,399,376,
433,1,0.998960,259,85,397,376,
434,1,0.998860,265,84,401,379,
435,1,0.998665,270,83,403,376,
436,1,0.999082,271,85,401,379,
437,1,0.998962,273,85,402,376,
438,1,0.998632,277,84,409,377,
439,1,0.998812,278,86,411,377,
440,1,0.998807,279,84,414,376,
441,1,0.998738,280,84,415,376,
442,1,0.999001,282,84,414,378,
443,1,0.998503,282,84,415,374,
444,1,0.998812,284,83,415,375,
445,1,0.998588,283,84,416,376,
446,1,0.998123,283,85,416,375,
447,1,0.998155,284,84,417,375,
448,1,0.998485,285,83,415,376,
449,1,0.998055,285,83,417,377,
450,1,0.998425,285,83,416,375,
451,1,0.997977,286,83,416,377,
452,1,0.997505,286,82,414,377,
453,1,0.998443,286,85,413,374,
454,1,0.998134,287,85,413,374,
455,1,0.998710,289,87,411,378,
456,1,0.997895,288,83,410,374,
457,1,0.998767,291,83,411,377,
458,1,0.998804,293,84,411,376,
459,1,0.998727,293,84,410,377,
460,1,0.998120,292,84,408,377,
461,1,0.997470,293,85,407,375,
462,1,0.998166,293,85,406,376,
463,1,0.998114,293,84,407,377,
464,1,0.997361,292,85,406,379,
465,1,0.997649,291,83,408,378,
466,1,0.997625,292,84,407,378,
467,1,0.997879,291,85,408,375,
468,1,0.998574,292,85,409,376,
469,1,0.998453,292,86,409,376,
470,1,0.998841,289,86,411,375,
