1,2,303,339,639,477,
2,2,303,339,639,477,
3,2,303,339,639,477,
4,2,303,339,639,477,
5,2,303,339,639,477,
6,2,303,339,639,477,
7,2,303,339,639,477,
8,2,303,339,639,477,
9,2,303,339,639,477,
10,2,303,339,639,477,
11,2,303,339,639,477,
12,2,303,339,639,477,
13,2,303,339,639,477,
14,2,303,339,639,477,
15,2,303,339,639,477,
16,2,303,339,639,477,
17,2,303,339,639,477,
18,2,303,339,639,477,
19,2,303,339,639,477,
20,2,303,339,639,477,
21,2,303,339,639,477,
22,2,303,339,639,477,
23,2,303,339,639,477,
24,2,303,339,639,477,
25,2,303,339,639,477,
26,2,303,339,639,477,
27,2,303,339,639,477,
28,2,303,339,639,477,
29,2,303,339,639,477,
30,2,303,339,639,477,
31,2,303,339,639,477,
32,2,303,339,639,477,
33,2,303,339,639,477,
34,2,303,339,639,477,
35,2,303,339,639,477,
36,2,303,339,639,477,
37,2,303,339,639,477,
38,2,303,339,639,477,
39,2,303,339,639,477,
40,2,303,339,639,477,
41,2,303,339,639,477,
42,2,303,339,639,477,
43,2,303,339,639,477,
44,2,303,339,639,477,
45,2,303,339,639,477,
46,2,303,339,639,477,
47,2,303,339,639,477,
48,2,303,339,639,477,
49,2,303,339,639,477,
50,2,303,339,639,477,
51,2,303,339,639,477,
52,2,303,339,639,477,
53,2,303,339,639,477,
54,2,303,339,639,477,
55,2,303,339,639,477,
56,2,303,339,639,477,
57,2,303,339,639,477,
58,2,303,339,639,477,
59,2,303,339,639,477,
60,2,303,339,639,477,
61,2,303,339,639,477,
62,2,303,339,639,477,
63,2,303,339,639,477,
64,2,303,339,639,477,
65,2,303,339,639,477,
66,2,303,339,639,477,
67,2,303,339,639,477,
68,2,303,339,639,477,
69,2,303,339,639,477,
70,2,303,339,639,477,
71,2,303,339,639,477,
72,2,303,339,639,477,
73,2,303,339,639,477,
74,2,303,339,639,477,
75,2,303,339,639,477,
76,2,303,339,639,477,
77,2,303,339,639,477,
78,2,303,339,639,477,
79,2,303,339,639,477,
80,2,303,339,639,477,
81,2,303,339,639,477,
82,2,303,339,639,477,
83,2,303,339,639,477,
84,2,303,339,639,477,
85,2,303,339,639,477,
86,2,303,339,639,477,
87,2,303,339,639,477,
88,2,303,339,639,477,
89,2,303,339,639,477,
90,2,303,339,639,477,
91,2,303,339,639,477,
92,2,303,339,639,477,
93,2,303,339,639,477,
94,2,303,339,639,477,
95,2,303,339,639,477,
96,2,303,339,639,477,
97,2,303,339,639,477,
98,2,303,339,639,477,
99,2,303,339,639,477,
100,2,303,339,639,477,
101,2,303,339,639,477,
102,2,303,339,639,477,
103,2,303,339,639,477,
104,2,303,339,639,477,
105,2,303,339,639,477,
106,2,303,339,639,477,
107,2,303,339,639,477,
108,2,303,339,639,477,
109,2,303,339,639,477,
110,2,303,339,639,477,
111,2,303,339,639,477,
112,2,303,339,639,477,
113,2,303,339,639,477,
114,2,303,339,639,477,
115,2,303,339,639,477,
116,2,303,339,639,477,
117,2,303,339,639,477,
118,2,303,339,639,477,
119,2,303,339,639,477,
120,2,303,339,639,477,
121,2,303,339,639,477,
122,2,303,339,639,477,
123,2,303,339,639,477,
124,2,303,339,639,477,
125,2,303,339,639,477,
126,2,303,339,639,477,
127,2,303,339,639,477,
128,2,303,339,639,477,
129,2,303,339,639,477,
130,2,303,339,639,477,
131,2,303,339,639,477,
132,2,303,339,639,477,
133,2,303,339,639,477,
134,2,303,339,639,477,
135,2,303,339,639,477,
136,2,303,339,639,477,
137,2,303,339,639,477,
138,2,303,339,639,477,
139,2,303,339,639,477,
140,2,303,339,639,477,
141,2,303,339,639,477,
142,2,303,339,639,477,
143,2,303,339,639,477,
144,2,303,339,639,477,
145,2,303,339,639,477,
146,2,303,339,639,477,
147,2,303,339,639,477,
148,2,303,339,639,477,
149,2,303,339,639,477,
150,2,303,339,639,477,
151,2,303,339,639,477,
152,2,303,339,639,477,
153,2,303,339,639,477,
154,2,303,339,639,477,
155,2,303,339,639,477,
156,2,303,339,639,477,
157,2,303,339,639,477,
158,2,303,339,639,477,
159,2,303,339,639,477,
160,2,303,339,639,477,
161,2,303,339,639,477,
162,2,303,339,639,477,
163,2,303,339,639,477,
164,2,303,339,639,477,
165,2,303,339,639,477,
166,2,303,339,639,477,
167,2,303,339,639,477,
168,2,303,339,639,477,
169,2,303,339,639,477,
170,2,303,339,639,477,
171,2,303,339,639,477,
172,2,303,339,639,477,
173,2,303,339,639,477,
174,2,303,339,639,477,
175,2,303,339,639,477,
176,2,303,339,639,477,
177,2,303,339,639,477,
178,2,303,339,639,477,
179,2,303,339,639,477,
180,2,303,339,639,477,
181,2,303,339,639,477,
182,2,303,339,639,477,
183,2,303,339,639,477,
184,2,303,339,639,477,
185,2,303,339,639,477,
186,2,303,339,639,477,
187,2,303,339,639,477,
188,2,303,339,639,477,
189,2,303,339,639,477,
190,2,303,339,639,477,
191,2,303,339,639,477,
192,2,303,339,639,477,
193,2,303,339,639,477,
194,2,303,339,639,477,
195,2,303,339,639,477,
196,2,303,339,639,477,
197,2,303,339,639,477,
198,2,303,339,639,477,
199,2,303,339,639,477,
200,2,303,339,639,477,
201,2,303,339,639,477,
202,2,303,339,639,477,
203,2,303,339,639,477,
204,2,303,339,639,477,
205,2,303,339,639,477,
206,2,303,339,639,477,
207,2,303,339,639,477,
208,2,303,339,639,477,
209,2,303,339,639,477,
210,2,303,339,639,477,
211,2,303,339,639,477,
212,2,303,339,639,477,
213,2,303,339,639,477,
214,2,303,339,639,477,
215,2,303,339,639,477,
216,2,303,339,639,477,
217,2,303,339,639,477,
218,2,303,339,639,477,
219,2,303,339,639,477,
220,2,303,339,639,477,
221,2,303,339,639,477,
222,2,303,339,639,477,
223,2,303,339,639,477,
224,2,303,339,639,477,
225,2,303,339,639,477,
226,2,303,339,639,477,
227,2,303,339,639,477,
228,2,303,339,639,477,
229,2,303,339,639,477,
230,2,303,339,639,477,
231,2,303,339,639,477,
232,2,303,339,639,477,
233,2,303,339,639,477,
234,2,303,339,639,477,
235,2,303,339,639,477,
236,2,303,339,639,477,
237,2,303,339,639,477,
238,2,303,339,639,477,
239,2,303,339,639,477,
240,2,303,339,639,477,
241,2,303,339,639,477,
242,2,303,339,639,477,
243,2,303,339,639,477,
244,2,303,339,639,477,
245,2,303,339,639,477,
246,2,303,339,639,477,
247,2,303,339,639,477,
248,2,303,339,639,477,
249,2,303,339,639,477,
250,2,303,339,639,477,
251,2,303,339,639,477,
252,2,303,339,639,477,
253,2,303,339,639,477,
254,2,303,339,639,477,
255,2,303,339,639,477,
256,2,303,339,639,477,
257,2,303,339,639,477,
258,2,303,339,639,477,
259,2,303,339,639,477,
260,2,303,339,639,477,
261,2,303,339,639,477,
262,2,303,339,639,477,
263,2,303,339,639,477,
264,2,303,339,639,477,
265,2,303,339,639,477,
266,2,303,339,639,477,
267,2,303,339,639,477,
268,2,303,339,639,477,
269,2,303,339,639,477,
270,2,303,339,639,477,
271,2,303,339,639,477,
272,2,303,339,639,477,
273,2,303,339,639,477,
274,2,303,339,639,477,
275,2,303,339,639,477,
276,2,303,339,639,477,
277,2,303,339,639,477,
278,2,303,339,639,477,
279,2,303,339,639,477,
280,2,303,339,639,477,
281,2,303,339,639,477,
282,2,303,339,639,477,
283,2,303,339,639,477,
284,2,303,339,639,477,
285,2,303,339,639,477,
286,2,303,339,639,477,
287,2,303,339,639,477,
288,2,303,339,639,477,
289,2,303,339,639,477,
290,2,303,339,639,477,
291,2,303,339,639,477,
292,2,303,339,639,477,
293,2,303,339,639,477,
294,2,303,339,639,477,
295,2,303,339,639,477,
296,2,303,339,639,477,
297,2,303,339,639,477,
298,2,303,339,639,477,
299,2,303,339,639,477,
300,2,303,339,639,477,
301,2,303,339,639,477,
302,2,303,339,639,477,
303,2,303,339,639,477,
304,2,303,339,639,477,
305,2,303,339,639,477,
306,2,303,339,639,477,
307,2,303,339,639,477,
308,2,303,339,639,477,
309,2,303,339,639,477,
310,2,303,339,639,477,
311,2,303,339,639,477,
312,2,303,339,639,477,
313,2,303,339,639,477,
314,2,303,339,639,477,
315,2,303,339,639,477,
316,2,303,339,639,477,
317,2,303,339,639,477,
318,2,303,339,639,477,
319,2,303,339,639,477,
320,2,303,339,639,477,
321,2,303,339,639,477,
322,2,303,339,639,477,
323,2,303,339,639,477,
324,2,303,339,639,477,
325,2,303,339,639,477,
326,2,303,339,639,477,
327,2,303,339,639,477,
328,2,303,339,639,477,
329,2,303,339,639,477,
330,2,303,339,639,477,
331,2,303,339,639,477,
332,2,303,339,639,477,
333,2,303,339,639,477,
334,2,303,339,639,477,
335,2,303,339,639,477,
336,2,303,339,639,477,
337,2,303,339,639,477,
338,2,303,339,639,477,
339,2,303,339,639,477,
340,2,303,339,639,477,
341,2,303,339,639,477,
342,2,303,339,639,477,
343,2,303,339,639,477,
344,2,303,339,639,477,
345,2,303,339,639,477,
346,2,303,339,639,477,
347,2,303,339,639,477,
348,2,303,339,639,477,
349,2,303,339,639,477,
350,2,303,339,639,477,
351,2,303,339,639,477,
352,2,303,339,639,477,
353,2,303,339,639,477,
354,2,303,339,639,477,
355,2,303,339,639,477,
356,2,303,339,639,477,
357,2,303,339,639,477,
358,2,303,339,639,477,
359,2,303,339,639,477,
360,2,303,339,639,477,
361,2,303,339,639,477,
362,2,303,339,639,477,
