1,2,3,366,402,477,
2,2,3,366,402,477,
3,2,3,366,402,477,
4,2,3,366,402,477,
5,2,3,366,402,477,
6,2,3,366,402,477,
7,2,3,366,402,477,
8,2,3,366,402,477,
9,2,3,366,402,477,
10,2,3,366,402,477,
11,2,3,366,402,477,
12,2,3,366,402,477,
13,2,3,366,402,477,
14,2,3,366,402,477,
15,2,3,366,402,477,
16,2,3,366,402,477,
17,2,3,366,402,477,
18,2,3,366,402,477,
19,2,3,366,402,477,
20,2,3,366,402,477,
21,2,3,366,402,477,
22,2,3,366,402,477,
23,2,3,366,402,477,
24,2,3,366,402,477,
25,2,3,366,402,477,
26,2,3,366,402,477,
27,2,3,366,402,477,
28,2,3,366,402,477,
29,2,3,366,402,477,
30,2,3,366,402,477,
31,2,3,366,402,477,
32,2,3,366,402,477,
33,2,3,366,402,477,
34,2,3,366,402,477,
35,2,3,366,402,477,
36,2,3,366,402,477,
37,2,3,366,402,477,
38,2,3,366,402,477,
39,2,3,366,402,477,
40,2,3,366,402,477,
41,2,3,366,402,477,
42,2,3,366,402,477,
43,2,3,366,402,477,
44,2,3,366,402,477,
45,2,3,366,402,477,
46,2,3,366,402,477,
47,2,3,366,402,477,
48,2,3,366,402,477,
49,2,3,366,402,477,
50,2,3,366,402,477,
51,2,3,366,402,477,
52,2,3,366,402,477,
53,2,3,366,402,477,
54,2,3,366,402,477,
55,2,3,366,402,477,
56,2,3,366,402,477,
57,2,3,366,402,477,
58,2,3,366,402,477,
59,2,3,366,402,477,
60,2,3,366,402,477,
61,2,3,366,402,477,
62,2,3,366,402,477,
63,2,3,366,402,477,
64,2,3,366,402,477,
65,2,3,366,402,477,
66,2,3,366,402,477,
67,2,3,366,402,477,
68,2,3,366,402,477,
69,2,3,366,402,477,
70,2,3,366,402,477,
71,2,3,366,402,477,
72,2,3,366,402,477,
73,2,3,366,402,477,
74,2,3,366,402,477,
75,2,3,366,402,477,
76,2,3,366,402,477,
77,2,3,366,402,477,
78,2,3,366,402,477,
79,2,3,366,402,477,
80,2,3,366,402,477,
81,2,3,366,402,477,
82,2,3,366,402,477,
83,2,3,366,402,477,
84,2,3,366,402,477,
85,2,3,366,402,477,
86,2,3,366,402,477,
87,2,3,366,402,477,
88,2,3,366,402,477,
89,2,3,366,402,477,
90,2,3,366,402,477,
91,2,3,366,402,477,
92,2,3,366,402,477,
93,2,3,366,402,477,
94,2,3,366,402,477,
95,2,3,366,402,477,
96,2,3,366,402,477,
97,2,3,366,402,477,
98,2,3,366,402,477,
99,2,3,366,402,477,
100,2,3,366,402,477,
101,2,3,366,402,477,
102,2,3,366,402,477,
103,2,3,366,402,477,
104,2,3,366,402,477,
105,2,3,366,402,477,
106,2,3,366,402,477,
107,2,3,366,402,477,
108,2,3,366,402,477,
109,2,3,366,402,477,
110,2,3,366,402,477,
111,2,3,366,402,477,
112,2,3,366,402,477,
113,2,3,366,402,477,
114,2,3,366,402,477,
115,2,3,366,402,477,
116,2,3,366,402,477,
117,2,3,366,402,477,
118,2,3,366,402,477,
119,2,3,366,402,477,
120,2,3,366,402,477,
121,2,3,366,402,477,
122,2,3,366,402,477,
123,2,3,366,402,477,
124,2,3,366,402,477,
125,2,3,366,402,477,
126,2,3,366,402,477,
127,2,3,366,402,477,
128,2,3,366,402,477,
129,2,3,366,402,477,
130,2,3,366,402,477,
131,2,3,366,402,477,
132,2,3,366,402,477,
133,2,3,366,402,477,
134,2,3,366,402,477,
135,2,3,366,402,477,
136,2,3,366,402,477,
137,2,3,366,402,477,
138,2,3,366,402,477,
139,2,3,366,402,477,
140,2,3,366,402,477,
141,2,3,366,402,477,
142,2,3,366,402,477,
143,2,3,366,402,477,
144,2,3,366,402,477,
145,2,3,366,402,477,
146,2,3,366,402,477,
147,2,3,366,402,477,
148,2,3,366,402,477,
149,2,3,366,402,477,
150,2,3,366,402,477,
151,2,3,366,402,477,
152,2,3,366,402,477,
153,2,3,366,402,477,
154,2,3,366,402,477,
155,2,3,366,402,477,
156,2,3,366,402,477,
157,2,3,366,402,477,
158,2,3,366,402,477,
159,2,3,366,402,477,
160,2,3,366,402,477,
161,2,3,366,402,477,
162,2,3,366,402,477,
163,2,3,366,402,477,
164,2,3,366,402,477,
165,2,3,366,402,477,
166,2,3,366,402,477,
167,2,3,366,402,477,
168,2,3,366,402,477,
169,2,3,366,402,477,
170,2,3,366,402,477,
171,2,3,366,402,477,
172,2,3,366,402,477,
173,2,3,366,402,477,
174,2,3,366,402,477,
175,2,3,366,402,477,
176,2,3,366,402,477,
177,2,3,366,402,477,
178,2,3,366,402,477,
179,2,3,366,402,477,
180,2,3,366,402,477,
181,2,3,366,402,477,
182,2,3,366,402,477,
183,2,3,366,402,477,
184,2,3,366,402,477,
185,2,3,366,402,477,
186,2,3,366,402,477,
187,2,3,366,402,477,
188,2,3,366,402,477,
189,2,3,366,402,477,
190,2,3,366,402,477,
191,2,3,366,402,477,
192,2,3,366,402,477,
193,2,3,366,402,477,
194,2,3,366,402,477,
195,2,3,366,402,477,
196,2,3,366,402,477,
197,2,3,366,402,477,
198,2,3,366,402,477,
199,2,3,366,402,477,
200,2,3,366,402,477,
201,2,3,366,402,477,
202,2,3,366,402,477,
203,2,3,366,402,477,
204,2,3,366,402,477,
205,2,3,366,402,477,
206,2,3,366,402,477,
207,2,3,366,402,477,
208,2,3,366,402,477,
209,2,3,366,402,477,
210,2,3,366,402,477,
211,2,3,366,402,477,
212,2,3,366,402,477,
213,2,3,366,402,477,
214,2,3,366,402,477,
215,2,3,366,402,477,
216,2,3,366,402,477,
217,2,3,366,402,477,
218,2,3,366,402,477,
219,2,3,366,402,477,
220,2,3,366,402,477,
221,2,3,366,402,477,
222,2,3,366,402,477,
223,2,3,366,402,477,
224,2,3,366,402,477,
225,2,3,366,402,477,
226,2,3,366,402,477,
227,2,3,366,402,477,
228,2,3,366,402,477,
229,2,3,366,402,477,
230,2,3,366,402,477,
231,2,3,366,402,477,
232,2,3,366,402,477,
233,2,3,366,402,477,
234,2,3,366,402,477,
235,2,3,366,402,477,
236,2,3,366,402,477,
237,2,3,366,402,477,
238,2,3,366,402,477,
239,2,3,366,402,477,
240,2,3,366,402,477,
241,2,3,366,402,477,
242,2,3,366,402,477,
243,2,3,366,402,477,
244,2,3,366,402,477,
245,2,3,366,402,477,
246,2,3,366,402,477,
247,2,3,366,402,477,
248,2,3,366,402,477,
249,2,3,366,402,477,
250,2,3,366,402,477,
251,2,3,366,402,477,
252,2,3,366,402,477,
253,2,3,366,402,477,
254,2,3,366,402,477,
255,2,3,366,402,477,
256,2,3,366,402,477,
257,2,3,366,402,477,
258,2,3,366,402,477,
259,2,3,366,402,477,
260,2,3,366,402,477,
261,2,3,366,402,477,
262,2,3,366,402,477,
263,2,3,366,402,477,
264,2,3,366,402,477,
265,2,3,366,402,477,
266,2,3,366,402,477,
267,2,3,366,402,477,
268,2,3,366,402,477,
269,2,3,366,402,477,
270,2,3,366,402,477,
271,2,3,366,402,477,
272,2,3,366,402,477,
273,2,3,366,402,477,
274,2,3,366,402,477,
275,2,3,366,402,477,
276,2,3,366,402,477,
277,2,3,366,402,477,
278,2,3,366,402,477,
279,2,3,366,402,477,
280,2,3,366,402,477,
281,2,3,366,402,477,
282,2,3,366,402,477,
283,2,3,366,402,477,
284,2,3,366,402,477,
285,2,3,366,402,477,
286,2,3,366,402,477,
287,2,3,366,402,477,
288,2,3,366,402,477,
289,2,3,366,402,477,
290,2,3,366,402,477,
291,2,3,366,402,477,
292,2,3,366,402,477,
293,2,3,366,402,477,
294,2,3,366,402,477,
295,2,3,366,402,477,
296,2,3,366,402,477,
297,2,3,366,402,477,
298,2,3,366,402,477,
299,2,3,366,402,477,
300,2,3,366,402,477,
301,2,3,366,402,477,
302,2,3,366,402,477,
303,2,3,366,402,477,
304,2,3,366,402,477,
305,2,3,366,402,477,
306,2,3,366,402,477,
307,2,3,366,402,477,
308,2,3,366,402,477,
309,2,3,366,402,477,
310,2,3,366,402,477,
311,2,3,366,402,477,
312,2,3,366,402,477,
313,2,3,366,402,477,
314,2,3,366,402,477,
315,2,3,366,402,477,
316,2,3,366,402,477,
317,2,3,366,402,477,
318,2,3,366,402,477,
319,2,3,366,402,477,
320,2,3,366,402,477,
321,2,3,366,402,477,
322,2,3,366,402,477,
323,2,3,366,402,477,
324,2,3,366,402,477,
325,2,3,366,402,477,
326,2,3,366,402,477,
327,2,3,366,402,477,
328,2,3,366,402,477,
329,2,3,366,402,477,
330,2,3,366,402,477,
331,2,3,366,402,477,
332,2,3,366,402,477,
333,2,3,366,402,477,
334,2,3,366,402,477,
335,2,3,366,402,477,
336,2,3,366,402,477,
337,2,3,366,402,477,
338,2,3,366,402,477,
339,2,3,366,402,477,
340,2,3,366,402,477,
341,2,3,366,402,477,
342,2,3,366,402,477,
343,2,3,366,402,477,
344,2,3,366,402,477,
345,2,3,366,402,477,
346,2,3,366,402,477,
347,2,3,366,402,477,
348,2,3,366,402,477,
349,2,3,366,402,477,
350,2,3,366,402,477,
351,2,3,366,402,477,
352,2,3,366,402,477,
353,2,3,366,402,477,
