1,5,436,384,563,434,0.0000,0.0000,0.0000,0.0000,0.0000,0.0000,
2,5,436,384,563,434,0.0000,0.0000,0.0000,0.0000,0.0000,0.0000,
3,5,436,384,563,434,0.0000,0.0000,0.0000,0.0000,0.0000,0.0000,
4,5,436,384,563,434,0.0000,0.0000,0.0000,0.0000,0.0000,0.0000,
5,5,436,384,563,434,0.0000,0.0000,0.0000,0.0000,0.0000,0.0000,
6,5,436,384,563,434,0.0000,0.0000,0.0000,0.0000,0.0000,0.0000,
7,5,436,384,563,434,0.0000,0.0000,0.0000,0.0000,0.0000,0.0000,
8,5,436,384,563,434,0.0000,0.0000,0.0000,0.0000,0.0000,0.0000,
9,5,436,384,563,434,0.0000,0.0000,0.0000,0.0000,0.0000,0.0000,
10,5,436,384,563,434,0.0000,0.0000,0.0000,0.0000,0.0000,0.0000,
11,5,436,384,563,434,0.0000,0.0000,0.0000,0.0000,0.0000,0.0000,
12,5,436,384,563,434,0.0000,0.0000,0.0000,0.0000,0.0000,0.0000,
13,5,436,384,563,434,0.0000,0.0000,0.0000,0.0000,0.0000,0.0000,
14,5,436,384,563,434,0.0000,0.0000,0.0000,0.0000,0.0000,0.0000,
15,5,436,384,563,434,0.0000,0.0000,0.0000,0.0000,0.0000,0.0000,
16,5,436,384,563,434,0.0000,0.0000,0.0000,0.0000,0.0000,0.0000,
17,5,436,384,563,434,0.0000,0.0000,0.0000,0.0000,0.0000,0.0000,
18,5,436,384,563,434,0.0000,0.0000,0.0000,0.0000,0.0000,0.0000,
19,5,436,384,563,434,0.0000,0.0000,0.0000,0.0000,0.0000,0.0000,
20,5,436,384,563,434,0.0000,0.0000,0.0000,0.0000,0.0000,0.0000,
21,5,436,384,563,434,0.0000,0.0000,0.0000,0.0000,0.0000,0.0000,
22,5,436,384,563,434,0.0000,0.0000,0.0000,0.0000,0.0000,0.0000,
23,5,436,384,563,434,0.0000,0.0000,0.0000,0.0000,0.0000,0.0000,
24,5,436,384,563,434,0.0000,0.0000,0.0000,0.0000,0.0000,0.0000,
25,5,436,384,563,434,0.0000,0.0000,0.0000,0.0000,0.0000,0.0000,
26,5,436,384,563,434,0.0000,0.0000,0.0000,0.0000,0.0000,0.0000,
27,5,436,384,563,434,0.0000,0.0000,0.0000,0.0000,0.0000,0.0000,
28,5,436,384,563,434,0.0000,0.0000,0.0000,0.0000,0.0000,0.0000,
29,5,436,384,563,434,0.0000,0.0000,0.0000,0.0000,0.0000,0.0000,
30,5,436,384,563,434,0.0000,0.0000,0.0000,0.0000,0.0000,0.0000,
31,5,436,384,563,434,0.0000,0.0000,0.0000,0.0000,0.0000,0.0000,
32,5,436,384,563,434,0.0000,0.0000,0.0000,0.0000,0.0000,0.0000,
33,5,436,384,563,434,0.0000,0.0000,0.0000,0.0000,0.0000,0.0000,
34,5,436,384,563,434,0.0000,0.0000,0.0000,0.0000,0.0000,0.0000,
35,5,436,384,563,434,0.0000,0.0000,0.0000,0.0000,0.0000,0.0000,
36,5,436,384,563,434,0.0000,0.0000,0.0000,0.0000,0.0000,0.0000,
37,5,436,384,563,434,0.0000,0.0000,0.0000,0.0000,0.0000,0.0000,
38,5,436,384,563,434,0.0000,0.0000,0.0000,0.0000,0.0000,0.0000,
39,5,436,384,563,434,0.0000,0.0000,0.0000,0.0000,0.0000,0.0000,
40,5,436,384,563,434,0.0000,0.0000,0.0000,0.0000,0.0000,0.0000,
41,5,436,384,563,434,0.0000,0.0000,0.0000,0.0000,0.0000,0.0000,
42,5,436,384,563,434,0.0000,0.0000,0.0000,0.0000,0.0000,0.0000,
43,5,436,384,563,434,0.0000,0.0000,0.0000,0.0000,0.0000,0.0000,
44,5,436,384,563,434,0.0000,0.0000,0.0000,0.0000,0.0000,0.0000,
45,5,436,384,563,434,0.0000,0.0000,0.0000,0.0000,0.0000,0.0000,
46,5,436,384,563,434,0.0000,0.0000,0.0000,0.0000,0.0000,0.0000,
47,5,436,384,563,434,0.0000,0.0000,0.0000,0.0000,0.0000,0.0000,
48,5,436,384,563,434,0.0000,0.0000,0.0000,0.0000,0.0000,0.0000,
49,5,436,384,563,434,0.0000,0.0000,0.0000,0.0000,0.0000,0.0000,
50,5,436,384,563,434,0.0000,0.0000,0.0000,0.0000,0.0000,0.0000,
51,5,436,384,563,434,0.0000,0.0000,0.0000,0.0000,0.0000,0.0000,
52,5,436,384,563,434,0.0000,0.0000,0.0000,0.0000,0.0000,0.0000,
53,5,436,384,563,434,0.0000,0.0000,0.0000,0.0000,0.0000,0.0000,
54,5,436,384,563,434,0.0000,0.0000,0.0000,0.0000,0.0000,0.0000,
55,5,436,384,563,434,0.0000,0.0000,0.0000,0.0000,0.0000,0.0000,
56,5,436,384,563,434,0.0000,0.0000,0.0000,0.0000,0.0000,0.0000,
57,5,436,384,563,434,0.0000,0.0000,0.0000,0.0000,0.0000,0.0000,
58,5,436,384,563,434,0.0000,0.0000,0.0000,0.0000,0.0000,0.0000,
59,5,436,384,563,434,0.0000,0.0000,0.0000,0.0000,0.0000,0.0000,
60,5,436,384,563,434,0.0000,0.0000,0.0000,0.0000,0.0000,0.0000,
61,5,436,384,563,434,0.0000,0.0000,0.0000,0.0000,0.0000,0.0000,
62,5,436,384,563,434,0.0000,0.0000,0.0000,0.0000,0.0000,0.0000,
63,5,436,384,563,434,0.0000,0.0000,0.0000,0.0000,0.0000,0.0000,
64,5,436,384,563,434,0.0000,0.0000,0.0000,0.0000,0.0000,0.0000,
65,5,436,384,563,434,0.0000,0.0000,0.0000,0.0000,0.0000,0.0000,
66,5,436,384,563,434,0.0000,0.0000,0.0000,0.0000,0.0000,0.0000,
67,5,436,384,563,434,0.0000,0.0000,0.0000,0.0000,0.0000,0.0000,
68,5,436,384,563,434,0.0000,0.0000,0.0000,0.0000,0.0000,0.0000,
69,5,436,384,563,434,0.0000,0.0000,0.0000,0.0000,0.0000,0.0000,
70,5,436,384,563,434,0.0000,0.0000,0.0000,0.0000,0.0000,0.0000,
71,5,436,384,563,434,0.0000,0.0000,0.0000,0.0000,0.0000,0.0000,
72,5,436,384,563,434,0.0000,0.0000,0.0000,0.0000,0.0000,0.0000,
73,5,436,384,563,434,0.0000,0.0000,0.0000,0.0000,0.0000,0.0000,
74,5,436,384,563,434,0.0000,0.0000,0.0000,0.0000,0.0000,0.0000,
75,5,436,384,563,434,0.0000,0.0000,0.0000,0.0000,0.0000,0.0000,
76,5,436,384,563,434,0.0000,0.0000,0.0000,0.0000,0.0000,0.0000,
77,5,436,384,563,434,0.0000,0.0000,0.0000,0.0000,0.0000,0.0000,
78,5,436,384,563,434,0.0000,0.0000,0.0000,0.0000,0.0000,0.0000,
79,5,436,384,563,434,0.0000,0.0000,0.0000,0.0000,0.0000,0.0000,
80,5,436,384,563,434,0.0000,0.0000,0.0000,0.0000,0.0000,0.0000,
81,5,436,384,563,434,0.0000,0.0000,0.0000,0.0000,0.0000,0.0000,
82,5,436,384,563,434,0.0000,0.0000,0.0000,0.0000,0.0000,0.0000,
83,5,436,384,563,434,0.0000,0.0000,0.0000,0.0000,0.0000,0.0000,
84,5,436,384,563,434,0.0000,0.0000,0.0000,0.0000,0.0000,0.0000,
85,5,436,384,563,434,0.0000,0.0000,0.0000,0.0000,0.0000,0.0000,
86,5,436,384,563,434,0.0000,0.0000,0.0000,0.0000,0.0000,0.0000,
87,5,436,384,563,434,0.0000,0.0000,0.0000,0.0000,0.0000,0.0000,
88,5,436,384,563,434,0.0000,0.0000,0.0000,0.0000,0.0000,0.0000,
89,5,436,384,563,434,0.0000,0.0000,0.0000,0.0000,0.0000,0.0000,
90,5,436,384,563,434,0.0000,0.0000,0.0000,0.0000,0.0000,0.0000,
91,5,436,384,563,434,0.0000,0.0000,0.0000,0.0000,0.0000,0.0000,
92,5,436,384,563,434,0.0000,0.0000,0.0000,0.0000,0.0000,0.0000,
93,5,436,384,563,434,0.0000,0.0000,0.0000,0.0000,0.0000,0.0000,
94,5,436,384,563,434,0.0000,0.0000,0.0000,0.0000,0.0000,0.0000,
95,5,436,384,563,434,0.0000,0.0000,0.0000,0.0000,0.0000,0.0000,
96,5,436,384,563,434,0.0000,0.0000,0.0000,0.0000,0.0000,0.0000,
97,5,436,384,563,434,0.0000,0.0000,0.0000,0.0000,0.0000,0.0000,
98,5,436,384,563,434,0.0000,0.0000,0.0000,0.0000,0.0000,0.0000,
99,5,436,384,563,434,0.0000,0.0000,0.0000,0.0000,0.0000,0.0000,
100,5,436,384,563,434,0.0000,0.0000,0.0000,0.0000,0.0000,0.0000,
101,5,436,384,563,434,0.0000,0.0000,0.0000,0.0000,0.0000,0.0000,
102,5,436,384,563,434,0.0000,0.0000,0.0000,0.0000,0.0000,0.0000,
103,5,436,384,563,434,0.0000,0.0000,0.0000,0.0000,0.0000,0.0000,
104,5,436,384,563,434,0.0000,0.0000,0.0000,0.0000,0.0000,0.0000,
105,5,436,384,563,434,0.0000,0.0000,0.0000,0.0000,0.0000,0.0000,
106,5,436,384,563,434,0.0000,0.0000,0.0000,0.0000,0.0000,0.0000,
107,5,436,384,563,434,0.0000,0.0000,0.0000,0.0000,0.0000,0.0000,
108,5,436,384,563,434,0.0000,0.0000,0.0000,0.0000,0.0000,0.0000,
109,5,436,384,563,434,0.0000,0.0000,0.0000,0.0000,0.0000,0.0000,
110,5,436,384,563,434,0.0000,0.0000,0.0000,0.0000,0.0000,0.0000,
111,5,436,384,563,434,0.0000,0.0000,0.0000,0.0000,0.0000,0.0000,
112,5,436,384,563,434,0.0000,0.0000,0.0000,0.0000,0.0000,0.0000,
113,5,436,384,563,434,0.0000,0.0000,0.0000,0.0000,0.0000,0.0000,
114,5,436,384,563,434,0.0000,0.0000,0.0000,0.0000,0.0000,0.0000,
115,5,436,384,563,434,0.0000,0.0000,0.0000,0.0000,0.0000,0.0000,
116,5,436,384,563,434,0.0000,0.0000,0.0000,0.0000,0.0000,0.0000,
117,5,436,384,563,434,0.0000,0.0000,0.0000,0.0000,0.0000,0.0000,
118,5,436,384,563,434,0.0000,0.0000,0.0000,0.0000,0.0000,0.0000,
119,5,436,384,563,434,0.0000,0.0000,0.0000,0.0000,0.0000,0.0000,
120,5,436,384,563,434,0.0000,0.0000,0.0000,0.0000,0.0000,0.0000,
121,5,436,384,563,434,0.0000,0.0000,0.0000,0.0000,0.0000,0.0000,
122,5,436,384,563,434,0.0000,0.0000,0.0000,0.0000,0.0000,0.0000,
123,5,436,384,563,434,0.0000,0.0000,0.0000,0.0000,0.0000,0.0000,
124,5,436,384,563,434,0.0000,0.0000,0.0000,0.0000,0.0000,0.0000,
125,5,436,384,563,434,0.0000,0.0000,0.0000,0.0000,0.0000,0.0000,
126,5,436,384,563,434,0.0000,0.0000,0.0000,0.0000,0.0000,0.0000,
127,5,436,384,563,434,0.0000,0.0000,0.0000,0.0000,0.0000,0.0000,
128,5,436,384,563,434,0.0000,0.0000,0.0000,0.0000,0.0000,0.0000,
129,5,436,384,563,434,0.0000,0.0000,0.0000,0.0000,0.0000,0.0000,
130,5,436,384,563,434,0.0000,0.0000,0.0000,0.0000,0.0000,0.0000,
131,5,436,384,563,434,0.0000,0.0000,0.0000,0.0000,0.0000,0.0000,
132,5,436,384,563,434,0.0000,0.0000,0.0000,0.0000,0.0000,0.0000,
133,5,436,384,563,434,0.0000,0.0000,0.0000,0.0000,0.0000,0.0000,
134,5,436,384,563,434,0.0000,0.0000,0.0000,0.0000,0.0000,0.0000,
135,5,436,384,563,434,0.0000,0.0000,0.0000,0.0000,0.0000,0.0000,
136,5,436,384,563,434,0.0000,0.0000,0.0000,0.0000,0.0000,0.0000,
137,5,436,384,563,434,0.0000,0.0000,0.0000,0.0000,0.0000,0.0000,
138,5,436,384,563,434,0.0000,0.0000,0.0000,0.0000,0.0000,0.0000,
139,5,436,384,563,434,0.0000,0.0000,0.0000,0.0000,0.0000,0.0000,
140,5,436,384,563,434,0.0000,0.0000,0.0000,0.0000,0.0000,0.0000,
141,5,436,384,563,434,0.0000,0.0000,0.0000,0.0000,0.0000,0.0000,
142,5,436,384,563,434,0.0000,0.0000,0.0000,0.0000,0.0000,0.0000,
143,5,436,384,563,434,0.0000,0.0000,0.0000,0.0000,0.0000,0.0000,
144,5,436,384,563,434,0.0000,0.0000,0.0000,0.0000,0.0000,0.0000,
145,5,436,384,563,434,0.0000,0.0000,0.0000,0.0000,0.0000,0.0000,
146,5,436,384,563,434,0.0000,0.0000,0.0000,0.0000,0.0000,0.0000,
147,5,436,384,563,434,0.0000,0.0000,0.0000,0.0000,0.0000,0.0000,
148,5,436,384,563,434,0.0000,0.0000,0.0000,0.0000,0.0000,0.0000,
149,5,436,384,563,434,0.0000,0.0000,0.0000,0.0000,0.0000,0.0000,
150,5,436,384,563,434,0.0000,0.0000,0.0000,0.0000,0.0000,0.0000,
151,5,436,384,563,434,0.0000,0.0000,0.0000,0.0000,0.0000,0.0000,
152,5,436,384,563,434,0.0000,0.0000,0.0000,0.0000,0.0000,0.0000,
153,5,436,384,563,434,0.0000,0.0000,0.0000,0.0000,0.0000,0.0000,
154,5,436,384,563,434,0.0000,0.0000,0.0000,0.0000,0.0000,0.0000,
155,5,436,384,563,434,0.0000,0.0000,0.0000,0.0000,0.0000,0.0000,
156,5,436,384,563,434,0.0000,0.0000,0.0000,0.0000,0.0000,0.0000,
157,5,436,384,563,434,0.0000,0.0000,0.0000,0.0000,0.0000,0.0000,
158,5,436,384,563,434,0.0000,0.0000,0.0000,0.0000,0.0000,0.0000,
159,5,436,384,563,434,0.0000,0.0000,0.0000,0.0000,0.0000,0.0000,
160,5,436,384,563,434,0.0000,0.0000,0.0000,0.0000,0.0000,0.0000,
161,5,436,384,563,434,0.0000,0.0000,0.0000,0.0000,0.0000,0.0000,
162,5,436,384,563,434,0.0000,0.0000,0.0000,0.0000,0.0000,0.0000,
163,5,436,384,563,434,0.0000,0.0000,0.0000,0.0000,0.0000,0.0000,
164,5,436,384,563,434,0.0000,0.0000,0.0000,0.0000,0.0000,0.0000,
165,5,436,384,563,434,0.0000,0.0000,0.0000,0.0000,0.0000,0.0000,
166,5,436,384,563,434,0.0000,0.0000,0.0000,0.0000,0.0000,0.0000,
167,5,436,384,563,434,0.0000,0.0000,0.0000,0.0000,0.0000,0.0000,
168,5,436,384,563,434,0.0000,0.0000,0.0000,0.0000,0.0000,0.0000,
169,5,436,384,563,434,0.0000,0.0000,0.0000,0.0000,0.0000,0.0000,
170,5,436,384,563,434,0.0000,0.0000,0.0000,0.0000,0.0000,0.0000,
171,5,436,384,563,434,0.0000,0.0000,0.0000,0.0000,0.0000,0.0000,
172,5,436,384,563,434,0.0000,0.0000,0.0000,0.0000,0.0000,0.0000,
173,5,436,384,563,434,0.0000,0.0000,0.0000,0.0000,0.0000,0.0000,
174,5,436,384,563,434,0.0000,0.0000,0.0000,0.0000,0.0000,0.0000,
175,5,436,384,563,434,0.0000,0.0000,0.0000,0.0000,0.0000,0.0000,
176,5,436,384,563,434,0.0000,0.0000,0.0000,0.0000,0.0000,0.0000,
177,5,436,384,563,434,0.0000,0.0000,0.0000,0.0000,0.0000,0.0000,
178,5,436,384,563,434,0.0000,0.0000,0.0000,0.0000,0.0000,0.0000,
179,5,436,384,563,434,0.0000,0.0000,0.0000,0.0000,0.0000,0.0000,
180,5,436,384,563,434,0.0000,0.0000,0.0000,0.0000,0.0000,0.0000,
181,5,436,384,563,434,0.0000,0.0000,0.0000,0.0000,0.0000,0.0000,
182,5,436,384,563,434,0.0000,0.0000,0.0000,0.0000,0.0000,0.0000,
183,5,436,384,563,434,0.0000,0.0000,0.0000,0.0000,0.0000,0.0000,
184,5,436,384,563,434,0.0000,0.0000,0.0000,0.0000,0.0000,0.0000,
185,5,436,384,563,434,0.0000,0.0000,0.0000,0.0000,0.0000,0.0000,
186,5,436,384,563,434,0.0000,0.0000,0.0000,0.0000,0.0000,0.0000,
187,5,436,384,563,434,0.0000,0.0000,0.0000,0.0000,0.0000,0.0000,
188,5,436,384,563,434,0.0000,0.0000,0.0000,0.0000,0.0000,0.0000,
189,5,436,384,563,434,0.0000,0.0000,0.0000,0.0000,0.0000,0.0000,
190,5,436,384,563,434,0.0000,0.0000,0.0000,0.0000,0.0000,0.0000,
191,5,436,384,563,434,0.0000,0.0000,0.0000,0.0000,0.0000,0.0000,
192,5,436,384,563,434,0.0000,0.0000,0.0000,0.0000,0.0000,0.0000,
193,5,436,384,563,434,0.0000,0.0000,0.0000,0.0000,0.0000,0.0000,
194,5,436,384,563,434,0.0000,0.0000,0.0000,0.0000,0.0000,0.0000,
195,5,436,384,563,434,0.0000,0.0000,0.0000,0.0000,0.0000,0.0000,
196,5,436,384,563,434,0.0000,0.0000,0.0000,0.0000,0.0000,0.0000,
197,5,436,384,563,434,0.0000,0.0000,0.0000,0.0000,0.0000,0.0000,
198,5,436,384,563,434,0.0000,0.0000,0.0000,0.0000,0.0000,0.0000,
199,5,436,384,563,434,0.0000,0.0000,0.0000,0.0000,0.0000,0.0000,
200,5,436,384,563,434,0.0000,0.0000,0.0000,0.0000,0.0000,0.0000,
201,5,436,384,563,434,0.0000,0.0000,0.0000,0.0000,0.0000,0.0000,
202,5,436,384,563,434,0.0000,0.0000,0.0000,0.0000,0.0000,0.0000,
203,5,436,384,563,434,0.0000,0.0000,0.0000,0.0000,0.0000,0.0000,
204,5,436,384,563,434,0.0000,0.0000,0.0000,0.0000,0.0000,0.0000,
205,5,436,384,563,434,0.0000,0.0000,0.0000,0.0000,0.0000,0.0000,
206,5,436,384,563,434,0.0000,0.0000,0.0000,0.0000,0.0000,0.0000,
207,5,436,384,563,434,0.0000,0.0000,0.0000,0.0000,0.0000,0.0000,
208,5,436,384,563,434,0.0000,0.0000,0.0000,0.0000,0.0000,0.0000,
209,5,436,384,563,434,0.0000,0.0000,0.0000,0.0000,0.0000,0.0000,
210,5,436,384,563,434,0.0000,0.0000,0.0000,0.0000,0.0000,0.0000,
211,5,436,384,563,434,0.0000,0.0000,0.0000,0.0000,0.0000,0.0000,
212,5,436,384,563,434,0.0000,0.0000,0.0000,0.0000,0.0000,0.0000,
213,5,436,384,563,434,0.0000,0.0000,0.0000,0.0000,0.0000,0.0000,
214,5,436,384,563,434,0.0000,0.0000,0.0000,0.0000,0.0000,0.0000,
215,5,436,384,563,434,0.0000,0.0000,0.0000,0.0000,0.0000,0.0000,
216,5,436,384,563,434,0.0000,0.0000,0.0000,0.0000,0.0000,0.0000,
217,5,436,384,563,434,0.0000,0.0000,0.0000,0.0000,0.0000,0.0000,
218,5,436,384,563,434,0.0000,0.0000,0.0000,0.0000,0.0000,0.0000,
219,5,436,384,563,434,0.0000,0.0000,0.0000,0.0000,0.0000,0.0000,
220,5,436,384,563,434,0.0000,0.0000,0.0000,0.0000,0.0000,0.0000,
221,5,436,384,563,434,0.0000,0.0000,0.0000,0.0000,0.0000,0.0000,
222,5,436,384,563,434,0.0000,0.0000,0.0000,0.0000,0.0000,0.0000,
223,5,436,384,563,434,0.0000,0.0000,0.0000,0.0000,0.0000,0.0000,
224,5,436,384,563,434,0.0000,0.0000,0.0000,0.0000,0.0000,0.0000,
225,5,436,384,563,434,0.0000,0.0000,0.0000,0.0000,0.0000,0.0000,
226,5,436,384,563,434,0.0000,0.0000,0.0000,0.0000,0.0000,0.0000,
227,5,436,384,563,434,0.0000,0.0000,0.0000,0.0000,0.0000,0.0000,
228,5,436,384,563,434,0.0000,0.0000,0.0000,0.0000,0.0000,0.0000,
229,5,436,384,563,434,0.0000,0.0000,0.0000,0.0000,0.0000,0.0000,
230,5,436,384,563,434,0.0000,0.0000,0.0000,0.0000,0.0000,0.0000,
231,5,436,384,563,434,0.0000,0.0000,0.0000,0.0000,0.0000,0.0000,
232,5,436,384,563,434,0.0000,0.0000,0.0000,0.0000,0.0000,0.0000,
233,5,436,384,563,434,0.0000,0.0000,0.0000,0.0000,0.0000,0.0000,
234,5,436,384,563,434,0.0000,0.0000,0.0000,0.0000,0.0000,0.0000,
235,5,436,384,563,434,0.0000,0.0000,0.0000,0.0000,0.0000,0.0000,
236,5,436,384,563,434,0.0000,0.0000,0.0000,0.0000,0.0000,0.0000,
237,5,436,384,563,434,0.0000,0.0000,0.0000,0.0000,0.0000,0.0000,
238,5,436,384,563,434,0.0000,0.0000,0.0000,0.0000,0.0000,0.0000,
239,5,436,384,563,434,0.0000,0.0000,0.0000,0.0000,0.0000,0.0000,
240,5,436,384,563,434,0.0000,0.0000,0.0000,0.0000,0.0000,0.0000,
241,5,434,377,562,439,1.0000,-0.0000,0.0000,1.0000,10.0002,9.9999,
242,5,434,377,562,439,1.0026,-0.0094,0.0017,0.9934,10.0304,9.9951,
243,5,434,377,562,439,0.9983,0.0075,0.0015,1.0031,9.9564,9.8390,
244,5,434,377,562,439,0.9982,-0.0013,0.0018,1.0029,10.1417,9.8273,
245,5,434,377,562,439,1.0010,-0.0018,-0.0012,1.0000,10.0623,10.2186,
246,5,434,377,562,439,1.0002,0.0059,-0.0006,0.9981,9.7930,10.1848,
247,5,434,377,562,439,0.9965,0.0036,-0.0013,1.0052,10.2128,10.0094,
248,5,434,377,562,439,1.0054,0.0071,0.0050,0.9914,9.6066,9.7156,
249,5,434,377,562,439,1.0028,-0.0140,0.0052,1.0198,10.6288,8.6429,
250,5,434,377,562,439,1.0027,-0.0262,-0.0012,1.0423,11.1663,8.3701,
251,5,440,373,567,442,1.0004,-0.0120,0.0027,1.0540,10.9589,7.6851,
252,5,440,373,567,442,1.0011,-0.0124,0.0092,1.0162,11.0043,8.6485,
253,5,440,373,567,442,0.9883,-0.0060,-0.0125,1.0243,10.9311,9.1752,
254,5,440,373,567,442,1.0001,0.0006,-0.0016,1.0152,10.0993,9.2746,
255,5,440,373,567,442,0.9916,0.0220,-0.0147,1.0310,9.7239,9.2707,
256,5,441,371,567,443,0.9965,-0.0108,0.0013,1.0373,10.7693,7.8782,
257,5,441,371,567,443,1.0002,-0.0120,-0.0044,1.0313,10.9442,8.5939,
258,5,440,362,568,438,1.0155,-0.1617,0.0505,1.0540,13.9607,-3.0385,
259,5,439,360,568,436,1.0032,-0.0171,-0.0238,0.9879,9.5952,9.5328,
260,5,437,358,568,432,1.0125,-0.0265,-0.0106,0.9678,8.7122,8.5611,
261,5,435,357,567,426,1.0098,-0.0274,-0.0124,0.9380,8.4959,9.1024,
262,5,432,355,566,420,1.0095,-0.0472,0.0044,0.9348,8.5679,7.2904,
263,5,429,353,564,413,1.0013,-0.0540,-0.0059,0.9272,8.7294,7.8338,
264,5,426,350,561,406,0.9974,-0.0532,-0.0038,0.9359,8.5063,7.0004,
265,5,422,348,558,398,1.0040,-0.0393,-0.0067,0.9002,6.9085,7.7854,
266,5,418,345,554,392,1.0012,-0.0531,0.0075,0.9297,6.8583,6.1049,
267,5,413,343,549,385,1.0004,-0.0916,-0.0072,0.9031,7.0212,7.6771,
268,5,412,325,537,376,0.9991,-0.0682,0.0023,0.9242,7.1587,7.5236,
269,5,407,322,532,371,1.0003,-0.0842,-0.0098,0.9509,6.9281,7.5992,
270,5,404,319,526,367,0.9752,0.0075,-0.0252,0.9681,5.9853,8.3484,
271,5,400,313,519,365,0.9756,0.0008,-0.0333,1.0857,5.2865,5.6973,
272,5,394,311,513,361,0.9966,-0.1196,0.0321,0.9641,6.7222,5.8318,
273,5,388,308,506,358,0.9968,-0.0852,0.0074,0.9871,5.2609,6.5059,
274,5,382,308,499,353,0.9904,-0.2298,-0.0030,0.9147,9.0114,9.4000,
275,5,374,307,492,349,1.0094,-0.1190,-0.0017,0.9230,4.2386,8.8877,
276,5,367,306,483,346,0.9811,-0.2484,-0.0042,0.9639,7.7607,8.5500,
277,5,360,306,475,343,0.9963,-0.0889,-0.0031,0.9314,4.1719,9.3449,
278,5,354,306,467,341,0.9840,-0.0595,0.0006,0.9373,4.2500,9.6071,
279,5,341,301,456,347,1.0089,-1.1480,-0.0021,1.3068,17.6639,4.8007,
280,5,328,301,440,337,0.8646,-0.0187,-0.0262,0.9161,13.5582,12.7177,
281,5,320,301,433,337,1.0063,-0.1442,0.0060,1.0104,4.1742,9.1674,
282,5,315,301,425,345,0.9698,-0.1748,-0.0503,1.2046,7.8064,12.7381,
283,5,310,300,422,349,1.0130,0.3095,0.0176,1.1049,-2.3414,7.7850,
284,5,304,300,416,352,1.0005,-0.0094,0.0069,1.0620,3.5833,8.9526,
285,5,297,300,408,355,0.9900,-0.1400,0.0097,1.0543,6.3432,9.4070,
286,5,295,301,403,356,0.9719,0.0979,0.0256,1.0046,4.8663,9.2582,
287,5,295,302,399,358,0.9665,0.1606,0.0229,1.0234,4.7961,9.2484,
288,5,283,302,390,366,1.0291,-0.3524,-0.0045,1.1406,7.6207,10.0140,
289,5,282,304,386,366,0.9703,0.1091,0.0034,0.9692,5.2593,11.8032,
290,5,280,307,383,366,0.9822,0.1097,-0.0022,0.9578,4.5236,12.3667,
291,5,278,310,381,366,0.9981,0.1134,-0.0043,0.9532,3.8244,12.5057,
292,5,274,313,379,366,1.0195,0.1321,-0.0240,0.9563,2.0833,13.3582,
293,5,271,316,377,366,1.0104,0.1241,-0.0170,0.9569,3.1987,13.0287,
294,5,235,315,340,358,0.7804,0.3060,-0.1043,0.7509,7.0167,25.5462,
295,5,234,317,336,359,0.9706,-0.0311,0.0168,0.9886,9.5518,10.3757,
296,5,234,321,335,361,0.9772,-0.0875,0.0033,1.0607,10.9758,9.8899,
297,5,232,324,332,368,0.9660,-0.1179,0.0223,1.0593,12.0836,8.9523,
298,5,230,326,332,369,1.0103,0.0550,-0.0212,0.9760,6.7601,12.9052,
299,5,229,328,332,370,1.0005,0.0116,-0.0050,0.9629,8.7320,12.0631,
300,5,224,323,320,367,1.0066,-0.0127,-0.0060,0.9439,8.4920,12.6950,
301,5,228,325,314,366,1.0000,-0.0000,-0.0000,1.0000,10.0001,10.0000,
302,5,229,329,314,367,0.9972,-0.0543,-0.0063,0.9292,11.2591,13.5370,
303,5,228,332,313,369,0.9967,0.0369,-0.0314,0.9505,8.1661,14.3057,
304,5,227,335,314,370,1.0250,0.0674,-0.0246,0.9500,7.0205,13.5533,
305,5,226,337,313,373,1.0013,0.0160,-0.0035,1.0091,8.3755,11.8743,
306,5,226,339,312,375,0.9929,-0.0077,-0.0022,1.0013,9.4530,11.8089,
307,5,223,333,308,383,1.0091,-0.0227,-0.0339,1.1538,3.5969,13.7866,
308,5,226,337,303,384,0.6036,0.6407,0.0110,1.0426,5.4676,8.8779,
309,5,226,338,302,387,0.9908,-0.0218,0.0066,1.0452,9.9099,9.8179,
310,5,226,338,302,387,0.9985,0.0053,0.0154,1.0000,8.8117,10.2890,
311,5,226,339,301,389,0.9868,-0.0044,0.0075,1.0215,9.7389,9.8715,
312,5,225,340,301,391,1.0032,-0.0002,-0.0025,1.0147,8.9191,10.4190,
313,5,224,342,302,392,1.0346,-0.0516,-0.0122,0.9716,9.5768,12.3139,
314,5,224,344,301,393,0.9901,0.0068,0.0013,0.9771,9.3287,11.1191,
315,5,224,345,301,395,0.9936,0.0088,0.0091,1.0191,9.4043,9.8789,
316,5,223,347,301,396,1.0141,0.0213,-0.0118,0.9800,7.8812,11.9793,
317,5,223,347,301,396,1.0133,-0.0236,-0.0148,1.0002,9.6473,11.3215,
318,5,223,349,301,397,0.9982,0.0048,-0.0051,0.9856,9.3610,11.3146,
319,5,223,351,301,397,1.0069,0.0230,-0.0025,0.9737,8.7772,11.2068,
320,5,223,351,301,397,1.0134,-0.0024,-0.0006,0.9818,9.0547,10.6996,
321,5,223,351,301,397,1.0153,-0.0098,-0.0010,0.9994,9.1608,10.2052,
322,5,223,353,301,397,1.0091,0.0130,-0.0012,0.9647,8.7613,11.3106,
323,5,223,353,301,399,1.0007,-0.0267,0.0112,1.0342,9.9126,9.3340,
324,5,223,355,301,399,1.0105,0.0097,-0.0001,0.9595,8.8298,11.4026,
325,5,223,355,301,399,1.0009,0.0097,0.0123,0.9827,9.3314,10.2425,
326,5,223,356,301,401,1.0060,-0.0237,0.0276,1.0114,9.5694,9.8859,
327,5,223,356,301,401,1.0059,-0.0333,0.0051,0.9707,10.7997,10.7167,
328,5,223,356,301,401,1.0069,0.0222,0.0083,1.0059,9.0476,9.8998,
329,5,223,356,301,403,0.9975,-0.0035,0.0121,1.0365,9.8518,9.1009,
330,5,223,356,301,403,1.0096,0.0222,0.0088,0.9917,8.7076,10.1192,
331,5,223,356,301,403,0.9910,0.0011,0.0218,0.9930,10.1108,9.8390,
332,5,223,356,301,405,0.9961,-0.0075,0.0159,1.0317,10.1087,9.0882,
333,5,223,356,301,405,1.0121,0.0387,-0.0046,0.9855,8.4996,10.5654,
334,5,223,356,301,405,0.9921,-0.0137,0.0045,1.0024,10.1708,9.8940,
335,5,223,356,301,405,1.0083,0.0009,-0.0034,0.9937,9.2834,10.3073,
336,5,223,356,301,405,1.0094,0.0045,0.0012,0.9979,9.1503,9.9940,
337,5,223,356,301,405,0.9995,0.0029,0.0035,1.0025,9.7078,9.8891,
338,5,223,356,301,405,0.9974,0.0116,0.0023,0.9991,9.6451,9.9611,
339,5,223,356,301,405,1.0024,0.0080,0.0058,1.0024,9.6297,9.7998,
340,5,223,356,301,405,1.0077,-0.0407,-0.0099,0.9859,10.9905,10.6671,
341,5,223,356,301,405,1.0004,0.0009,-0.0025,0.9931,9.9891,10.2535,
342,5,196,354,293,401,0.0000,0.0000,0.0000,0.0000,0.0000,0.0000,
343,5,196,354,293,401,0.0000,0.0000,0.0000,0.0000,0.0000,0.0000,
344,5,196,354,293,401,0.0000,0.0000,0.0000,0.0000,0.0000,0.0000,
345,5,196,354,293,401,0.0000,0.0000,0.0000,0.0000,0.0000,0.0000,
346,5,196,354,293,401,0.0000,0.0000,0.0000,0.0000,0.0000,0.0000,
347,5,196,354,293,401,0.0000,0.0000,0.0000,0.0000,0.0000,0.0000,
348,5,196,354,293,401,0.0000,0.0000,0.0000,0.0000,0.0000,0.0000,
349,5,196,354,293,401,0.0000,0.0000,0.0000,0.0000,0.0000,0.0000,
350,5,196,354,293,401,0.0000,0.0000,0.0000,0.0000,0.0000,0.0000,
351,5,196,354,293,401,0.0000,0.0000,0.0000,0.0000,0.0000,0.0000,
352,5,196,354,293,401,0.0000,0.0000,0.0000,0.0000,0.0000,0.0000,
353,5,196,354,293,401,0.0000,0.0000,0.0000,0.0000,0.0000,0.0000,
354,5,196,354,293,401,0.0000,0.0000,0.0000,0.0000,0.0000,0.0000,
355,5,196,354,293,401,0.0000,0.0000,0.0000,0.0000,0.0000,0.0000,
356,5,196,354,293,401,0.0000,0.0000,0.0000,0.0000,0.0000,0.0000,
357,5,196,354,293,401,0.0000,0.0000,0.0000,0.0000,0.0000,0.0000,
358,5,196,354,293,401,0.0000,0.0000,0.0000,0.0000,0.0000,0.0000,
359,5,196,354,293,401,0.0000,0.0000,0.0000,0.0000,0.0000,0.0000,
360,5,196,354,293,401,0.0000,0.0000,0.0000,0.0000,0.0000,0.0000,
361,5,196,354,293,401,0.0000,0.0000,0.0000,0.0000,0.0000,0.0000,
362,5,196,354,293,401,0.0000,0.0000,0.0000,0.0000,0.0000,0.0000,
363,5,196,354,293,401,0.0000,0.0000,0.0000,0.0000,0.0000,0.0000,
364,5,196,354,293,401,0.0000,0.0000,0.0000,0.0000,0.0000,0.0000,
365,5,196,354,293,401,0.0000,0.0000,0.0000,0.0000,0.0000,0.0000,
366,5,196,354,293,401,0.0000,0.0000,0.0000,0.0000,0.0000,0.0000,
367,5,196,354,293,401,0.0000,0.0000,0.0000,0.0000,0.0000,0.0000,
368,5,196,354,293,401,0.0000,0.0000,0.0000,0.0000,0.0000,0.0000,
369,5,196,354,293,401,0.0000,0.0000,0.0000,0.0000,0.0000,0.0000,
370,5,196,354,293,401,0.0000,0.0000,0.0000,0.0000,0.0000,0.0000,
371,5,196,354,293,401,0.0000,0.0000,0.0000,0.0000,0.0000,0.0000,
372,5,196,354,293,401,0.0000,0.0000,0.0000,0.0000,0.0000,0.0000,
373,5,196,354,293,401,0.0000,0.0000,0.0000,0.0000,0.0000,0.0000,
374,5,196,354,293,401,0.0000,0.0000,0.0000,0.0000,0.0000,0.0000,
375,5,196,354,293,401,0.0000,0.0000,0.0000,0.0000,0.0000,0.0000,
376,5,196,354,293,401,0.0000,0.0000,0.0000,0.0000,0.0000,0.0000,
377,5,196,354,293,401,0.0000,0.0000,0.0000,0.0000,0.0000,0.0000,
378,5,196,354,293,401,0.0000,0.0000,0.0000,0.0000,0.0000,0.0000,
379,5,196,354,293,401,0.0000,0.0000,0.0000,0.0000,0.0000,0.0000,
380,5,196,354,293,401,0.0000,0.0000,0.0000,0.0000,0.0000,0.0000,
381,5,196,354,293,401,0.0000,0.0000,0.0000,0.0000,0.0000,0.0000,
382,5,196,354,293,401,0.0000,0.0000,0.0000,0.0000,0.0000,0.0000,
383,5,196,354,293,401,0.0000,0.0000,0.0000,0.0000,0.0000,0.0000,
384,5,196,354,293,401,0.0000,0.0000,0.0000,0.0000,0.0000,0.0000,
385,5,196,354,293,401,0.0000,0.0000,0.0000,0.0000,0.0000,0.0000,
386,5,196,354,293,401,0.0000,0.0000,0.0000,0.0000,0.0000,0.0000,
387,5,196,354,293,401,0.0000,0.0000,0.0000,0.0000,0.0000,0.0000,
388,5,196,354,293,401,0.0000,0.0000,0.0000,0.0000,0.0000,0.0000,
389,5,196,354,293,401,0.0000,0.0000,0.0000,0.0000,0.0000,0.0000,
390,5,196,354,293,401,0.0000,0.0000,0.0000,0.0000,0.0000,0.0000,
391,5,196,354,293,401,0.0000,0.0000,0.0000,0.0000,0.0000,0.0000,
392,5,196,354,293,401,0.0000,0.0000,0.0000,0.0000,0.0000,0.0000,
393,5,196,354,293,401,0.0000,0.0000,0.0000,0.0000,0.0000,0.0000,
394,5,196,354,293,401,0.0000,0.0000,0.0000,0.0000,0.0000,0.0000,
395,5,196,354,293,401,0.0000,0.0000,0.0000,0.0000,0.0000,0.0000,
396,5,196,354,293,401,0.0000,0.0000,0.0000,0.0000,0.0000,0.0000,
397,5,196,354,293,401,0.0000,0.0000,0.0000,0.0000,0.0000,0.0000,
398,5,196,354,293,401,0.0000,0.0000,0.0000,0.0000,0.0000,0.0000,
399,5,196,354,293,401,0.0000,0.0000,0.0000,0.0000,0.0000,0.0000,
400,5,196,354,293,401,0.0000,0.0000,0.0000,0.0000,0.0000,0.0000,
401,5,196,354,293,401,0.0000,0.0000,0.0000,0.0000,0.0000,0.0000,
402,5,196,354,293,401,0.0000,0.0000,0.0000,0.0000,0.0000,0.0000,
403,5,196,354,293,401,0.0000,0.0000,0.0000,0.0000,0.0000,0.0000,
404,5,196,354,293,401,0.0000,0.0000,0.0000,0.0000,0.0000,0.0000,
405,5,196,354,293,401,0.0000,0.0000,0.0000,0.0000,0.0000,0.0000,
406,5,196,354,293,401,0.0000,0.0000,0.0000,0.0000,0.0000,0.0000,
407,5,196,354,293,401,0.0000,0.0000,0.0000,0.0000,0.0000,0.0000,
408,5,196,354,293,401,0.0000,0.0000,0.0000,0.0000,0.0000,0.0000,
409,5,196,354,293,401,0.0000,0.0000,0.0000,0.0000,0.0000,0.0000,
410,5,196,354,293,401,0.0000,0.0000,0.0000,0.0000,0.0000,0.0000,
411,5,196,354,293,401,0.0000,0.0000,0.0000,0.0000,0.0000,0.0000,
412,5,196,354,293,401,0.0000,0.0000,0.0000,0.0000,0.0000,0.0000,
413,5,196,354,293,401,0.0000,0.0000,0.0000,0.0000,0.0000,0.0000,
414,5,196,354,293,401,0.0000,0.0000,0.0000,0.0000,0.0000,0.0000,
415,5,196,354,293,401,0.0000,0.0000,0.0000,0.0000,0.0000,0.0000,
416,5,196,354,293,401,0.0000,0.0000,0.0000,0.0000,0.0000,0.0000,
417,5,196,354,293,401,0.0000,0.0000,0.0000,0.0000,0.0000,0.0000,
418,5,196,354,293,401,0.0000,0.0000,0.0000,0.0000,0.0000,0.0000,
419,5,196,354,293,401,0.0000,0.0000,0.0000,0.0000,0.0000,0.0000,
420,5,196,354,293,401,0.0000,0.0000,0.0000,0.0000,0.0000,0.0000,
421,5,196,354,293,401,0.0000,0.0000,0.0000,0.0000,0.0000,0.0000,
422,5,196,354,293,401,0.0000,0.0000,0.0000,0.0000,0.0000,0.0000,
423,5,196,354,293,401,0.0000,0.0000,0.0000,0.0000,0.0000,0.0000,
424,5,196,357,291,405,1.0000,-0.0000,-0.0000,1.0000,10.0000,10.0001,
425,5,196,357,291,405,1.0030,-0.0011,-0.0005,0.9987,9.8977,10.0806,
426,5,196,357,291,405,1.0048,-0.0161,0.0002,0.9976,10.0078,10.0206,
427,5,196,357,291,405,0.9981,0.0005,-0.0013,0.9977,10.0308,10.1380,
428,5,196,357,291,405,1.0105,-0.0093,0.0036,0.9899,9.5628,9.9523,
429,5,196,357,291,405,0.9964,-0.0047,-0.0010,0.9991,10.1838,10.0840,
430,5,196,357,291,405,1.0126,0.0307,0.0006,1.0107,8.5367,9.6900,
431,5,196,357,291,405,1.0036,0.0037,-0.0135,0.9806,9.6276,11.4039,
432,5,196,357,291,405,1.0128,0.0211,-0.0045,0.9814,8.8758,10.5501,
433,5,196,357,291,405,0.9981,-0.0038,-0.0001,0.9949,10.1598,10.0474,
434,5,196,357,291,405,0.9914,-0.0092,0.0083,1.0041,10.6691,9.4208,
435,5,196,357,291,405,1.0032,0.0011,0.0033,0.9968,9.8108,9.9455,
436,5,196,357,291,405,0.9876,0.0337,0.0030,0.9989,9.6839,9.9232,
437,5,196,357,291,405,1.0071,0.0113,-0.0101,1.0000,9.4001,10.3441,
438,5,196,357,291,405,1.0011,0.0063,-0.0001,1.0050,9.7905,9.9085,
439,5,196,359,292,405,1.0037,0.0116,0.0066,0.9689,9.4935,10.7486,
440,5,196,359,292,405,0.9987,0.0512,0.0055,0.9694,8.3361,10.6164,
441,5,198,370,292,401,1.0000,0.0000,0.0000,1.0000,10.0000,10.0000,
442,5,198,370,292,401,1.0032,-0.0137,0.0014,0.9749,9.8604,10.2382,
443,5,198,370,292,401,1.0001,0.0137,-0.0019,0.9951,9.7986,10.2194,
444,5,197,372,293,401,1.0168,0.0596,-0.0171,0.9312,7.9497,12.3230,
445,5,199,373,293,401,0.9822,-0.0670,-0.0004,0.9774,12.2709,10.4930,
446,5,0,0,0,0,0.0000,0.0000,0.0000,0.0000,0.0000,0.0000,
447,5,0,0,0,0,0.0000,0.0000,0.0000,0.0000,0.0000,0.0000,
448,5,0,0,0,0,0.0000,0.0000,0.0000,0.0000,0.0000,0.0000,
449,5,0,0,0,0,0.0000,0.0000,0.0000,0.0000,0.0000,0.0000,
450,5,0,0,0,0,0.0000,0.0000,0.0000,0.0000,0.0000,0.0000,
451,5,0,0,0,0,0.0000,0.0000,0.0000,0.0000,0.0000,0.0000,
452,5,0,0,0,0,0.0000,0.0000,0.0000,0.0000,0.0000,0.0000,
453,5,0,0,0,0,0.0000,0.0000,0.0000,0.0000,0.0000,0.0000,
454,5,0,0,0,0,0.0000,0.0000,0.0000,0.0000,0.0000,0.0000,
455,5,0,0,0,0,0.0000,0.0000,0.0000,0.0000,0.0000,0.0000,
456,5,0,0,0,0,0.0000,0.0000,0.0000,0.0000,0.0000,0.0000,
457,5,0,0,0,0,0.0000,0.0000,0.0000,0.0000,0.0000,0.0000,
458,5,0,0,0,0,0.0000,0.0000,0.0000,0.0000,0.0000,0.0000,
459,5,0,0,0,0,0.0000,0.0000,0.0000,0.0000,0.0000,0.0000,
460,5,0,0,0,0,0.0000,0.0000,0.0000,0.0000,0.0000,0.0000,
461,5,0,0,0,0,0.0000,0.0000,0.0000,0.0000,0.0000,0.0000,
462,5,0,0,0,0,0.0000,0.0000,0.0000,0.0000,0.0000,0.0000,
463,5,0,0,0,0,0.0000,0.0000,0.0000,0.0000,0.0000,0.0000,
464,5,0,0,0,0,0.0000,0.0000,0.0000,0.0000,0.0000,0.0000,
465,5,0,0,0,0,0.0000,0.0000,0.0000,0.0000,0.0000,0.0000,
466,5,0,0,0,0,0.0000,0.0000,0.0000,0.0000,0.0000,0.0000,
467,5,0,0,0,0,0.0000,0.0000,0.0000,0.0000,0.0000,0.0000,
468,5,0,0,0,0,0.0000,0.0000,0.0000,0.0000,0.0000,0.0000,
469,5,0,0,0,0,0.0000,0.0000,0.0000,0.0000,0.0000,0.0000,
470,5,0,0,0,0,0.0000,0.0000,0.0000,0.0000,0.0000,0.0000,
471,5,0,0,0,0,0.0000,0.0000,0.0000,0.0000,0.0000,0.0000,
472,5,0,0,0,0,0.0000,0.0000,0.0000,0.0000,0.0000,0.0000,
473,5,0,0,0,0,0.0000,0.0000,0.0000,0.0000,0.0000,0.0000,
474,5,0,0,0,0,0.0000,0.0000,0.0000,0.0000,0.0000,0.0000,
475,5,0,0,0,0,0.0000,0.0000,0.0000,0.0000,0.0000,0.0000,
476,5,0,0,0,0,0.0000,0.0000,0.0000,0.0000,0.0000,0.0000,
477,5,0,0,0,0,0.0000,0.0000,0.0000,0.0000,0.0000,0.0000,
478,5,0,0,0,0,0.0000,0.0000,0.0000,0.0000,0.0000,0.0000,
479,5,0,0,0,0,0.0000,0.0000,0.0000,0.0000,0.0000,0.0000,
480,5,0,0,0,0,0.0000,0.0000,0.0000,0.0000,0.0000,0.0000,
481,5,0,0,0,0,0.0000,0.0000,0.0000,0.0000,0.0000,0.0000,
482,5,0,0,0,0,0.0000,0.0000,0.0000,0.0000,0.0000,0.0000,
483,5,0,0,0,0,0.0000,0.0000,0.0000,0.0000,0.0000,0.0000,
484,5,0,0,0,0,0.0000,0.0000,0.0000,0.0000,0.0000,0.0000,
485,5,0,0,0,0,0.0000,0.0000,0.0000,0.0000,0.0000,0.0000,
486,5,0,0,0,0,0.0000,0.0000,0.0000,0.0000,0.0000,0.0000,
487,5,0,0,0,0,0.0000,0.0000,0.0000,0.0000,0.0000,0.0000,
488,5,0,0,0,0,0.0000,0.0000,0.0000,0.0000,0.0000,0.0000,
489,5,0,0,0,0,0.0000,0.0000,0.0000,0.0000,0.0000,0.0000,
490,5,0,0,0,0,0.0000,0.0000,0.0000,0.0000,0.0000,0.0000,
491,5,0,0,0,0,0.0000,0.0000,0.0000,0.0000,0.0000,0.0000,
492,5,0,0,0,0,0.0000,0.0000,0.0000,0.0000,0.0000,0.0000,
493,5,0,0,0,0,0.0000,0.0000,0.0000,0.0000,0.0000,0.0000,
494,5,0,0,0,0,0.0000,0.0000,0.0000,0.0000,0.0000,0.0000,
495,5,0,0,0,0,0.0000,0.0000,0.0000,0.0000,0.0000,0.0000,
496,5,0,0,0,0,0.0000,0.0000,0.0000,0.0000,0.0000,0.0000,
497,5,0,0,0,0,0.0000,0.0000,0.0000,0.0000,0.0000,0.0000,
498,5,0,0,0,0,0.0000,0.0000,0.0000,0.0000,0.0000,0.0000,
499,5,0,0,0,0,0.0000,0.0000,0.0000,0.0000,0.0000,0.0000,
500,5,0,0,0,0,0.0000,0.0000,0.0000,0.0000,0.0000,0.0000,
501,5,0,0,0,0,0.0000,0.0000,0.0000,0.0000,0.0000,0.0000,
502,5,0,0,0,0,0.0000,0.0000,0.0000,0.0000,0.0000,0.0000,
503,5,0,0,0,0,0.0000,0.0000,0.0000,0.0000,0.0000,0.0000,
504,5,0,0,0,0,0.0000,0.0000,0.0000,0.0000,0.0000,0.0000,
505,5,0,0,0,0,0.0000,0.0000,0.0000,0.0000,0.0000,0.0000,
506,5,0,0,0,0,0.0000,0.0000,0.0000,0.0000,0.0000,0.0000,
507,5,0,0,0,0,0.0000,0.0000,0.0000,0.0000,0.0000,0.0000,
508,5,0,0,0,0,0.0000,0.0000,0.0000,0.0000,0.0000,0.0000,
509,5,0,0,0,0,0.0000,0.0000,0.0000,0.0000,0.0000,0.0000,
510,5,0,0,0,0,0.0000,0.0000,0.0000,0.0000,0.0000,0.0000,
511,5,0,0,0,0,0.0000,0.0000,0.0000,0.0000,0.0000,0.0000,
512,5,0,0,0,0,0.0000,0.0000,0.0000,0.0000,0.0000,0.0000,
513,5,0,0,0,0,0.0000,0.0000,0.0000,0.0000,0.0000,0.0000,
514,5,0,0,0,0,0.0000,0.0000,0.0000,0.0000,0.0000,0.0000,
515,5,0,0,0,0,0.0000,0.0000,0.0000,0.0000,0.0000,0.0000,
516,5,0,0,0,0,0.0000,0.0000,0.0000,0.0000,0.0000,0.0000,
517,5,0,0,0,0,0.0000,0.0000,0.0000,0.0000,0.0000,0.0000,
518,5,0,0,0,0,0.0000,0.0000,0.0000,0.0000,0.0000,0.0000,
519,5,0,0,0,0,0.0000,0.0000,0.0000,0.0000,0.0000,0.0000,
520,5,0,0,0,0,0.0000,0.0000,0.0000,0.0000,0.0000,0.0000,
521,5,0,0,0,0,0.0000,0.0000,0.0000,0.0000,0.0000,0.0000,
522,5,0,0,0,0,0.0000,0.0000,0.0000,0.0000,0.0000,0.0000,
523,5,0,0,0,0,0.0000,0.0000,0.0000,0.0000,0.0000,0.0000,
524,5,0,0,0,0,0.0000,0.0000,0.0000,0.0000,0.0000,0.0000,
525,5,0,0,0,0,0.0000,0.0000,0.0000,0.0000,0.0000,0.0000,
526,5,0,0,0,0,0.0000,0.0000,0.0000,0.0000,0.0000,0.0000,
527,5,0,0,0,0,0.0000,0.0000,0.0000,0.0000,0.0000,0.0000,
528,5,0,0,0,0,0.0000,0.0000,0.0000,0.0000,0.0000,0.0000,
529,5,0,0,0,0,0.0000,0.0000,0.0000,0.0000,0.0000,0.0000,
530,5,0,0,0,0,0.0000,0.0000,0.0000,0.0000,0.0000,0.0000,
531,5,0,0,0,0,0.0000,0.0000,0.0000,0.0000,0.0000,0.0000,
532,5,0,0,0,0,0.0000,0.0000,0.0000,0.0000,0.0000,0.0000,
533,5,0,0,0,0,0.0000,0.0000,0.0000,0.0000,0.0000,0.0000,
534,5,0,0,0,0,0.0000,0.0000,0.0000,0.0000,0.0000,0.0000,
535,5,0,0,0,0,0.0000,0.0000,0.0000,0.0000,0.0000,0.0000,
536,5,0,0,0,0,0.0000,0.0000,0.0000,0.0000,0.0000,0.0000,
537,5,0,0,0,0,0.0000,0.0000,0.0000,0.0000,0.0000,0.0000,
538,5,0,0,0,0,0.0000,0.0000,0.0000,0.0000,0.0000,0.0000,
539,5,0,0,0,0,0.0000,0.0000,0.0000,0.0000,0.0000,0.0000,
540,5,0,0,0,0,0.0000,0.0000,0.0000,0.0000,0.0000,0.0000,
541,5,0,0,0,0,0.0000,0.0000,0.0000,0.0000,0.0000,0.0000,
542,5,0,0,0,0,0.0000,0.0000,0.0000,0.0000,0.0000,0.0000,
543,5,0,0,0,0,0.0000,0.0000,0.0000,0.0000,0.0000,0.0000,
544,5,0,0,0,0,0.0000,0.0000,0.0000,0.0000,0.0000,0.0000,
545,5,0,0,0,0,0.0000,0.0000,0.0000,0.0000,0.0000,0.0000,
546,5,0,0,0,0,0.0000,0.0000,0.0000,0.0000,0.0000,0.0000,
547,5,0,0,0,0,0.0000,0.0000,0.0000,0.0000,0.0000,0.0000,
548,5,0,0,0,0,0.0000,0.0000,0.0000,0.0000,0.0000,0.0000,
549,5,0,0,0,0,0.0000,0.0000,0.0000,0.0000,0.0000,0.0000,
550,5,0,0,0,0,0.0000,0.0000,0.0000,0.0000,0.0000,0.0000,
551,5,0,0,0,0,0.0000,0.0000,0.0000,0.0000,0.0000,0.0000,
552,5,0,0,0,0,0.0000,0.0000,0.0000,0.0000,0.0000,0.0000,
553,5,0,0,0,0,0.0000,0.0000,0.0000,0.0000,0.0000,0.0000,
554,5,0,0,0,0,0.0000,0.0000,0.0000,0.0000,0.0000,0.0000,
555,5,0,0,0,0,0.0000,0.0000,0.0000,0.0000,0.0000,0.0000,
556,5,0,0,0,0,0.0000,0.0000,0.0000,0.0000,0.0000,0.0000,
557,5,0,0,0,0,0.0000,0.0000,0.0000,0.0000,0.0000,0.0000,
558,5,0,0,0,0,0.0000,0.0000,0.0000,0.0000,0.0000,0.0000,
559,5,0,0,0,0,0.0000,0.0000,0.0000,0.0000,0.0000,0.0000,
560,5,0,0,0,0,0.0000,0.0000,0.0000,0.0000,0.0000,0.0000,
561,5,0,0,0,0,0.0000,0.0000,0.0000,0.0000,0.0000,0.0000,
562,5,0,0,0,0,0.0000,0.0000,0.0000,0.0000,0.0000,0.0000,
563,5,0,0,0,0,0.0000,0.0000,0.0000,0.0000,0.0000,0.0000,
564,5,0,0,0,0,0.0000,0.0000,0.0000,0.0000,0.0000,0.0000,
565,5,0,0,0,0,0.0000,0.0000,0.0000,0.0000,0.0000,0.0000,
566,5,0,0,0,0,0.0000,0.0000,0.0000,0.0000,0.0000,0.0000,
567,5,0,0,0,0,0.0000,0.0000,0.0000,0.0000,0.0000,0.0000,
568,5,0,0,0,0,0.0000,0.0000,0.0000,0.0000,0.0000,0.0000,
569,5,0,0,0,0,0.0000,0.0000,0.0000,0.0000,0.0000,0.0000,
570,5,0,0,0,0,0.0000,0.0000,0.0000,0.0000,0.0000,0.0000,
571,5,0,0,0,0,0.0000,0.0000,0.0000,0.0000,0.0000,0.0000,
572,5,0,0,0,0,0.0000,0.0000,0.0000,0.0000,0.0000,0.0000,
573,5,0,0,0,0,0.0000,0.0000,0.0000,0.0000,0.0000,0.0000,
574,5,0,0,0,0,0.0000,0.0000,0.0000,0.0000,0.0000,0.0000,
575,5,0,0,0,0,0.0000,0.0000,0.0000,0.0000,0.0000,0.0000,
576,5,0,0,0,0,0.0000,0.0000,0.0000,0.0000,0.0000,0.0000,
577,5,0,0,0,0,0.0000,0.0000,0.0000,0.0000,0.0000,0.0000,
578,5,0,0,0,0,0.0000,0.0000,0.0000,0.0000,0.0000,0.0000,
579,5,0,0,0,0,0.0000,0.0000,0.0000,0.0000,0.0000,0.0000,
580,5,0,0,0,0,0.0000,0.0000,0.0000,0.0000,0.0000,0.0000,
581,5,0,0,0,0,0.0000,0.0000,0.0000,0.0000,0.0000,0.0000,
582,5,0,0,0,0,0.0000,0.0000,0.0000,0.0000,0.0000,0.0000,
583,5,0,0,0,0,0.0000,0.0000,0.0000,0.0000,0.0000,0.0000,
584,5,0,0,0,0,0.0000,0.0000,0.0000,0.0000,0.0000,0.0000,
585,5,0,0,0,0,0.0000,0.0000,0.0000,0.0000,0.0000,0.0000,
586,5,0,0,0,0,0.0000,0.0000,0.0000,0.0000,0.0000,0.0000,
587,5,0,0,0,0,0.0000,0.0000,0.0000,0.0000,0.0000,0.0000,
588,5,0,0,0,0,0.0000,0.0000,0.0000,0.0000,0.0000,0.0000,
589,5,0,0,0,0,0.0000,0.0000,0.0000,0.0000,0.0000,0.0000,
590,5,0,0,0,0,0.0000,0.0000,0.0000,0.0000,0.0000,0.0000,
591,5,0,0,0,0,0.0000,0.0000,0.0000,0.0000,0.0000,0.0000,
592,5,0,0,0,0,0.0000,0.0000,0.0000,0.0000,0.0000,0.0000,
593,5,0,0,0,0,0.0000,0.0000,0.0000,0.0000,0.0000,0.0000,
594,5,0,0,0,0,0.0000,0.0000,0.0000,0.0000,0.0000,0.0000,
595,5,0,0,0,0,0.0000,0.0000,0.0000,0.0000,0.0000,0.0000,
596,5,0,0,0,0,0.0000,0.0000,0.0000,0.0000,0.0000,0.0000,
597,5,0,0,0,0,0.0000,0.0000,0.0000,0.0000,0.0000,0.0000,
598,5,0,0,0,0,0.0000,0.0000,0.0000,0.0000,0.0000,0.0000,
599,5,0,0,0,0,0.0000,0.0000,0.0000,0.0000,0.0000,0.0000,
600,5,0,0,0,0,0.0000,0.0000,0.0000,0.0000,0.0000,0.0000,
601,5,0,0,0,0,0.0000,0.0000,0.0000,0.0000,0.0000,0.0000,
602,5,0,0,0,0,0.0000,0.0000,0.0000,0.0000,0.0000,0.0000,
603,5,0,0,0,0,0.0000,0.0000,0.0000,0.0000,0.0000,0.0000,
604,5,0,0,0,0,0.0000,0.0000,0.0000,0.0000,0.0000,0.0000,
605,5,0,0,0,0,0.0000,0.0000,0.0000,0.0000,0.0000,0.0000,
606,5,0,0,0,0,0.0000,0.0000,0.0000,0.0000,0.0000,0.0000,
607,5,0,0,0,0,0.0000,0.0000,0.0000,0.0000,0.0000,0.0000,
608,5,0,0,0,0,0.0000,0.0000,0.0000,0.0000,0.0000,0.0000,
609,5,0,0,0,0,0.0000,0.0000,0.0000,0.0000,0.0000,0.0000,
610,5,0,0,0,0,0.0000,0.0000,0.0000,0.0000,0.0000,0.0000,
611,5,0,0,0,0,0.0000,0.0000,0.0000,0.0000,0.0000,0.0000,
612,5,0,0,0,0,0.0000,0.0000,0.0000,0.0000,0.0000,0.0000,
613,5,0,0,0,0,0.0000,0.0000,0.0000,0.0000,0.0000,0.0000,
614,5,0,0,0,0,0.0000,0.0000,0.0000,0.0000,0.0000,0.0000,
615,5,0,0,0,0,0.0000,0.0000,0.0000,0.0000,0.0000,0.0000,
616,5,0,0,0,0,0.0000,0.0000,0.0000,0.0000,0.0000,0.0000,
617,5,0,0,0,0,0.0000,0.0000,0.0000,0.0000,0.0000,0.0000,
618,5,0,0,0,0,0.0000,0.0000,0.0000,0.0000,0.0000,0.0000,
619,5,0,0,0,0,0.0000,0.0000,0.0000,0.0000,0.0000,0.0000,
620,5,0,0,0,0,0.0000,0.0000,0.0000,0.0000,0.0000,0.0000,
621,5,0,0,0,0,0.0000,0.0000,0.0000,0.0000,0.0000,0.0000,
622,5,0,0,0,0,0.0000,0.0000,0.0000,0.0000,0.0000,0.0000,
623,5,0,0,0,0,0.0000,0.0000,0.0000,0.0000,0.0000,0.0000,
624,5,0,0,0,0,0.0000,0.0000,0.0000,0.0000,0.0000,0.0000,
625,5,0,0,0,0,0.0000,0.0000,0.0000,0.0000,0.0000,0.0000,
626,5,0,0,0,0,0.0000,0.0000,0.0000,0.0000,0.0000,0.0000,
627,5,0,0,0,0,0.0000,0.0000,0.0000,0.0000,0.0000,0.0000,
628,5,0,0,0,0,0.0000,0.0000,0.0000,0.0000,0.0000,0.0000,
629,5,0,0,0,0,0.0000,0.0000,0.0000,0.0000,0.0000,0.0000,
630,5,0,0,0,0,0.0000,0.0000,0.0000,0.0000,0.0000,0.0000,
631,5,0,0,0,0,0.0000,0.0000,0.0000,0.0000,0.0000,0.0000,
632,5,0,0,0,0,0.0000,0.0000,0.0000,0.0000,0.0000,0.0000,
633,5,0,0,0,0,0.0000,0.0000,0.0000,0.0000,0.0000,0.0000,
634,5,0,0,0,0,0.0000,0.0000,0.0000,0.0000,0.0000,0.0000,
635,5,0,0,0,0,0.0000,0.0000,0.0000,0.0000,0.0000,0.0000,
636,5,0,0,0,0,0.0000,0.0000,0.0000,0.0000,0.0000,0.0000,
637,5,0,0,0,0,0.0000,0.0000,0.0000,0.0000,0.0000,0.0000,
638,5,0,0,0,0,0.0000,0.0000,0.0000,0.0000,0.0000,0.0000,
639,5,0,0,0,0,0.0000,0.0000,0.0000,0.0000,0.0000,0.0000,
640,5,0,0,0,0,0.0000,0.0000,0.0000,0.0000,0.0000,0.0000,
641,5,0,0,0,0,0.0000,0.0000,0.0000,0.0000,0.0000,0.0000,
642,5,0,0,0,0,0.0000,0.0000,0.0000,0.0000,0.0000,0.0000,
643,5,0,0,0,0,0.0000,0.0000,0.0000,0.0000,0.0000,0.0000,
644,5,0,0,0,0,0.0000,0.0000,0.0000,0.0000,0.0000,0.0000,
645,5,0,0,0,0,0.0000,0.0000,0.0000,0.0000,0.0000,0.0000,
646,5,0,0,0,0,0.0000,0.0000,0.0000,0.0000,0.0000,0.0000,
647,5,0,0,0,0,0.0000,0.0000,0.0000,0.0000,0.0000,0.0000,
648,5,0,0,0,0,0.0000,0.0000,0.0000,0.0000,0.0000,0.0000,
649,5,0,0,0,0,0.0000,0.0000,0.0000,0.0000,0.0000,0.0000,
650,5,0,0,0,0,0.0000,0.0000,0.0000,0.0000,0.0000,0.0000,
651,5,0,0,0,0,0.0000,0.0000,0.0000,0.0000,0.0000,0.0000,
652,5,0,0,0,0,0.0000,0.0000,0.0000,0.0000,0.0000,0.0000,
653,5,0,0,0,0,0.0000,0.0000,0.0000,0.0000,0.0000,0.0000,
654,5,0,0,0,0,0.0000,0.0000,0.0000,0.0000,0.0000,0.0000,
655,5,0,0,0,0,0.0000,0.0000,0.0000,0.0000,0.0000,0.0000,
656,5,0,0,0,0,0.0000,0.0000,0.0000,0.0000,0.0000,0.0000,
657,5,0,0,0,0,0.0000,0.0000,0.0000,0.0000,0.0000,0.0000,
658,5,0,0,0,0,0.0000,0.0000,0.0000,0.0000,0.0000,0.0000,
659,5,0,0,0,0,0.0000,0.0000,0.0000,0.0000,0.0000,0.0000,
660,5,0,0,0,0,0.0000,0.0000,0.0000,0.0000,0.0000,0.0000,
661,5,0,0,0,0,0.0000,0.0000,0.0000,0.0000,0.0000,0.0000,
662,5,0,0,0,0,0.0000,0.0000,0.0000,0.0000,0.0000,0.0000,
663,5,0,0,0,0,0.0000,0.0000,0.0000,0.0000,0.0000,0.0000,
664,5,0,0,0,0,0.0000,0.0000,0.0000,0.0000,0.0000,0.0000,
665,5,0,0,0,0,0.0000,0.0000,0.0000,0.0000,0.0000,0.0000,
666,5,0,0,0,0,0.0000,0.0000,0.0000,0.0000,0.0000,0.0000,
667,5,0,0,0,0,0.0000,0.0000,0.0000,0.0000,0.0000,0.0000,
668,5,0,0,0,0,0.0000,0.0000,0.0000,0.0000,0.0000,0.0000,
669,5,0,0,0,0,0.0000,0.0000,0.0000,0.0000,0.0000,0.0000,
670,5,0,0,0,0,0.0000,0.0000,0.0000,0.0000,0.0000,0.0000,
671,5,0,0,0,0,0.0000,0.0000,0.0000,0.0000,0.0000,0.0000,
672,5,0,0,0,0,0.0000,0.0000,0.0000,0.0000,0.0000,0.0000,
673,5,0,0,0,0,0.0000,0.0000,0.0000,0.0000,0.0000,0.0000,
674,5,0,0,0,0,0.0000,0.0000,0.0000,0.0000,0.0000,0.0000,
675,5,0,0,0,0,0.0000,0.0000,0.0000,0.0000,0.0000,0.0000,
676,5,0,0,0,0,0.0000,0.0000,0.0000,0.0000,0.0000,0.0000,
677,5,0,0,0,0,0.0000,0.0000,0.0000,0.0000,0.0000,0.0000,
678,5,0,0,0,0,0.0000,0.0000,0.0000,0.0000,0.0000,0.0000,
679,5,0,0,0,0,0.0000,0.0000,0.0000,0.0000,0.0000,0.0000,
680,5,0,0,0,0,0.0000,0.0000,0.0000,0.0000,0.0000,0.0000,
681,5,0,0,0,0,0.0000,0.0000,0.0000,0.0000,0.0000,0.0000,
682,5,0,0,0,0,0.0000,0.0000,0.0000,0.0000,0.0000,0.0000,
683,5,0,0,0,0,0.0000,0.0000,0.0000,0.0000,0.0000,0.0000,
684,5,0,0,0,0,0.0000,0.0000,0.0000,0.0000,0.0000,0.0000,
685,5,0,0,0,0,0.0000,0.0000,0.0000,0.0000,0.0000,0.0000,
686,5,0,0,0,0,0.0000,0.0000,0.0000,0.0000,0.0000,0.0000,
687,5,0,0,0,0,0.0000,0.0000,0.0000,0.0000,0.0000,0.0000,
688,5,0,0,0,0,0.0000,0.0000,0.0000,0.0000,0.0000,0.0000,
689,5,0,0,0,0,0.0000,0.0000,0.0000,0.0000,0.0000,0.0000,
690,5,0,0,0,0,0.0000,0.0000,0.0000,0.0000,0.0000,0.0000,
691,5,0,0,0,0,0.0000,0.0000,0.0000,0.0000,0.0000,0.0000,
692,5,0,0,0,0,0.0000,0.0000,0.0000,0.0000,0.0000,0.0000,
693,5,0,0,0,0,0.0000,0.0000,0.0000,0.0000,0.0000,0.0000,
694,5,0,0,0,0,0.0000,0.0000,0.0000,0.0000,0.0000,0.0000,
695,5,0,0,0,0,0.0000,0.0000,0.0000,0.0000,0.0000,0.0000,
696,5,0,0,0,0,0.0000,0.0000,0.0000,0.0000,0.0000,0.0000,
