1,3,377,341,488,381,0.0000,0.0000,0.0000,0.0000,0.0000,0.0000,
2,3,377,341,488,381,0.0000,0.0000,0.0000,0.0000,0.0000,0.0000,
3,3,377,341,488,381,0.0000,0.0000,0.0000,0.0000,0.0000,0.0000,
4,3,377,341,488,381,0.0000,0.0000,0.0000,0.0000,0.0000,0.0000,
5,3,377,341,488,381,0.0000,0.0000,0.0000,0.0000,0.0000,0.0000,
6,3,377,341,488,381,0.0000,0.0000,0.0000,0.0000,0.0000,0.0000,
7,3,377,341,488,381,0.0000,0.0000,0.0000,0.0000,0.0000,0.0000,
8,3,377,341,488,381,0.0000,0.0000,0.0000,0.0000,0.0000,0.0000,
9,3,377,341,488,381,0.0000,0.0000,0.0000,0.0000,0.0000,0.0000,
10,3,377,341,488,381,0.0000,0.0000,0.0000,0.0000,0.0000,0.0000,
11,3,377,341,488,381,0.0000,0.0000,0.0000,0.0000,0.0000,0.0000,
12,3,377,341,488,381,0.0000,0.0000,0.0000,0.0000,0.0000,0.0000,
13,3,377,341,488,381,0.0000,0.0000,0.0000,0.0000,0.0000,0.0000,
14,3,377,341,488,381,0.0000,0.0000,0.0000,0.0000,0.0000,0.0000,
15,3,377,341,488,381,0.0000,0.0000,0.0000,0.0000,0.0000,0.0000,
16,3,377,341,488,381,0.0000,0.0000,0.0000,0.0000,0.0000,0.0000,
17,3,377,341,488,381,0.0000,0.0000,0.0000,0.0000,0.0000,0.0000,
18,3,377,341,488,381,0.0000,0.0000,0.0000,0.0000,0.0000,0.0000,
19,3,377,341,488,381,0.0000,0.0000,0.0000,0.0000,0.0000,0.0000,
20,3,377,341,488,381,0.0000,0.0000,0.0000,0.0000,0.0000,0.0000,
21,3,377,341,488,381,0.0000,0.0000,0.0000,0.0000,0.0000,0.0000,
22,3,377,341,488,381,0.0000,0.0000,0.0000,0.0000,0.0000,0.0000,
23,3,377,341,488,381,0.0000,0.0000,0.0000,0.0000,0.0000,0.0000,
24,3,377,341,488,381,0.0000,0.0000,0.0000,0.0000,0.0000,0.0000,
25,3,377,341,488,381,0.0000,0.0000,0.0000,0.0000,0.0000,0.0000,
26,3,377,341,488,381,0.0000,0.0000,0.0000,0.0000,0.0000,0.0000,
27,3,377,341,488,381,0.0000,0.0000,0.0000,0.0000,0.0000,0.0000,
28,3,377,341,488,381,0.0000,0.0000,0.0000,0.0000,0.0000,0.0000,
29,3,377,341,488,381,0.0000,0.0000,0.0000,0.0000,0.0000,0.0000,
30,3,377,341,488,381,0.0000,0.0000,0.0000,0.0000,0.0000,0.0000,
31,3,377,341,488,381,0.0000,0.0000,0.0000,0.0000,0.0000,0.0000,
32,3,377,341,488,381,0.0000,0.0000,0.0000,0.0000,0.0000,0.0000,
33,3,377,341,488,381,0.0000,0.0000,0.0000,0.0000,0.0000,0.0000,
34,3,377,341,488,381,0.0000,0.0000,0.0000,0.0000,0.0000,0.0000,
35,3,377,341,488,381,0.0000,0.0000,0.0000,0.0000,0.0000,0.0000,
36,3,377,341,488,381,0.0000,0.0000,0.0000,0.0000,0.0000,0.0000,
37,3,377,341,488,381,0.0000,0.0000,0.0000,0.0000,0.0000,0.0000,
38,3,377,341,488,381,0.0000,0.0000,0.0000,0.0000,0.0000,0.0000,
39,3,377,341,488,381,0.0000,0.0000,0.0000,0.0000,0.0000,0.0000,
40,3,377,341,488,381,0.0000,0.0000,0.0000,0.0000,0.0000,0.0000,
41,3,377,341,488,381,0.0000,0.0000,0.0000,0.0000,0.0000,0.0000,
42,3,377,341,488,381,0.0000,0.0000,0.0000,0.0000,0.0000,0.0000,
43,3,377,341,488,381,0.0000,0.0000,0.0000,0.0000,0.0000,0.0000,
44,3,377,341,488,381,0.0000,0.0000,0.0000,0.0000,0.0000,0.0000,
45,3,377,341,488,381,0.0000,0.0000,0.0000,0.0000,0.0000,0.0000,
46,3,377,341,488,381,0.0000,0.0000,0.0000,0.0000,0.0000,0.0000,
47,3,377,341,488,381,0.0000,0.0000,0.0000,0.0000,0.0000,0.0000,
48,3,377,341,488,381,0.0000,0.0000,0.0000,0.0000,0.0000,0.0000,
49,3,377,341,488,381,0.0000,0.0000,0.0000,0.0000,0.0000,0.0000,
50,3,377,341,488,381,0.0000,0.0000,0.0000,0.0000,0.0000,0.0000,
51,3,377,341,488,381,0.0000,0.0000,0.0000,0.0000,0.0000,0.0000,
52,3,377,341,488,381,0.0000,0.0000,0.0000,0.0000,0.0000,0.0000,
53,3,377,341,488,381,0.0000,0.0000,0.0000,0.0000,0.0000,0.0000,
54,3,377,341,488,381,0.0000,0.0000,0.0000,0.0000,0.0000,0.0000,
55,3,377,341,488,381,0.0000,0.0000,0.0000,0.0000,0.0000,0.0000,
56,3,377,341,488,381,0.0000,0.0000,0.0000,0.0000,0.0000,0.0000,
57,3,377,341,488,381,0.0000,0.0000,0.0000,0.0000,0.0000,0.0000,
58,3,377,341,488,381,0.0000,0.0000,0.0000,0.0000,0.0000,0.0000,
59,3,377,341,488,381,0.0000,0.0000,0.0000,0.0000,0.0000,0.0000,
60,3,377,341,488,381,0.0000,0.0000,0.0000,0.0000,0.0000,0.0000,
61,3,377,341,488,381,0.0000,0.0000,0.0000,0.0000,0.0000,0.0000,
62,3,377,341,488,381,0.0000,0.0000,0.0000,0.0000,0.0000,0.0000,
63,3,377,341,488,381,0.0000,0.0000,0.0000,0.0000,0.0000,0.0000,
64,3,377,341,488,381,0.0000,0.0000,0.0000,0.0000,0.0000,0.0000,
65,3,377,341,488,381,0.0000,0.0000,0.0000,0.0000,0.0000,0.0000,
66,3,377,341,488,381,0.0000,0.0000,0.0000,0.0000,0.0000,0.0000,
67,3,377,341,488,381,0.0000,0.0000,0.0000,0.0000,0.0000,0.0000,
68,3,377,341,488,381,0.0000,0.0000,0.0000,0.0000,0.0000,0.0000,
69,3,377,341,488,381,0.0000,0.0000,0.0000,0.0000,0.0000,0.0000,
70,3,377,341,488,381,0.0000,0.0000,0.0000,0.0000,0.0000,0.0000,
71,3,377,341,488,381,0.0000,0.0000,0.0000,0.0000,0.0000,0.0000,
72,3,377,341,488,381,0.0000,0.0000,0.0000,0.0000,0.0000,0.0000,
73,3,377,341,488,381,0.0000,0.0000,0.0000,0.0000,0.0000,0.0000,
74,3,377,341,488,381,0.0000,0.0000,0.0000,0.0000,0.0000,0.0000,
75,3,377,341,488,381,0.0000,0.0000,0.0000,0.0000,0.0000,0.0000,
76,3,377,341,488,381,0.0000,0.0000,0.0000,0.0000,0.0000,0.0000,
77,3,377,341,488,381,0.0000,0.0000,0.0000,0.0000,0.0000,0.0000,
78,3,377,341,488,381,0.0000,0.0000,0.0000,0.0000,0.0000,0.0000,
79,3,377,341,488,381,0.0000,0.0000,0.0000,0.0000,0.0000,0.0000,
80,3,377,341,488,381,0.0000,0.0000,0.0000,0.0000,0.0000,0.0000,
81,3,379,339,482,383,1.0002,-0.0011,-0.0000,0.9999,10.0245,10.0030,
82,3,380,341,483,383,1.0009,-0.0192,0.0060,0.9542,10.5541,11.2770,
83,3,380,341,483,383,0.9986,0.0125,0.0019,0.9867,9.6959,10.2122,
84,3,380,341,483,383,0.9997,0.0028,-0.0038,1.0038,9.9625,10.0843,
85,3,382,342,483,384,0.9790,-0.0348,-0.0274,1.0019,12.5906,12.1352,
86,3,382,342,483,384,1.0057,0.0187,-0.0040,1.0024,8.9448,10.0794,
87,3,382,342,483,384,1.0062,0.0375,0.0195,1.0211,8.4054,8.3680,
88,3,382,342,483,384,1.0085,0.0204,-0.0104,0.9940,9.0672,10.3663,
89,3,382,342,483,384,0.9950,-0.0651,-0.0147,0.9836,11.4341,11.0534,
90,3,382,342,483,384,0.9942,-0.0107,0.0213,1.0287,10.5351,7.5161,
91,3,382,342,483,384,0.9977,0.0325,-0.0725,0.9902,10.2377,14.6207,
92,3,362,345,486,388,1.2234,0.0085,-0.0879,1.0138,-10.5274,17.3667,
93,3,362,344,486,390,0.9970,-0.1441,0.0024,1.0811,12.9866,8.0961,
94,3,363,345,488,390,1.0049,-0.1136,-0.0058,0.9937,13.2038,10.4107,
95,3,363,345,488,390,1.0104,0.0204,-0.0265,1.0316,9.1909,9.8789,
96,3,364,343,490,391,1.0093,-0.0934,-0.0062,1.0780,12.9068,7.5913,
97,3,378,329,480,385,0.9747,0.2041,-0.0095,1.1205,4.5143,6.1253,
98,3,378,329,480,385,0.9982,-0.0030,0.0067,1.0219,10.7238,7.9726,
99,3,383,332,476,380,0.9126,-0.1246,-0.1142,0.8662,17.9670,18.2714,
100,3,383,327,483,384,0.6039,1.7038,0.1548,0.4498,-29.7861,20.8765,
101,3,378,327,491,379,1.0000,0.0001,0.0000,1.0000,9.9975,9.9997,
102,3,377,328,492,376,1.0165,-0.0582,0.0465,0.9396,10.3587,7.4059,
103,3,377,328,491,374,0.9919,-0.0046,0.0306,0.9542,10.0174,7.8339,
104,3,377,326,490,372,0.9929,-0.0038,-0.0114,1.0046,9.6572,8.0849,
105,3,374,328,493,368,1.0543,-0.0831,0.0172,0.8789,8.6828,10.2994,
106,3,384,334,486,364,0.8576,-0.2070,-0.2563,0.6584,23.3482,32.7233,
107,3,377,312,478,372,-0.1248,0.1075,-0.4926,1.0436,43.1623,21.1095,
108,3,377,310,476,369,0.9829,0.0025,-0.0056,0.9840,9.1573,8.1524,
109,3,377,308,474,365,0.9798,-0.0999,0.1046,0.9664,12.6441,2.6638,
110,3,380,304,469,365,0.9206,0.0501,-0.0027,1.0681,11.2716,6.0614,
111,3,386,301,463,363,0.8707,-0.0536,0.0622,1.0179,16.8110,4.0424,
112,3,378,299,467,361,1.1450,0.0557,0.0426,0.9988,0.0268,5.8619,
113,3,374,298,466,358,1.0338,-0.0120,-0.0152,0.9646,6.2960,9.6131,
114,3,381,296,458,357,0.8352,-0.1571,0.0386,1.0123,21.1850,5.5304,
115,3,378,295,457,355,1.0181,-0.0376,0.0089,0.9929,8.0622,7.7941,
116,3,348,292,459,345,0.4122,0.2935,0.7527,0.5184,17.1114,-1.1701,
117,3,363,288,438,347,0.6729,-0.6028,0.0408,1.1121,41.0399,3.4887,
118,3,348,291,453,341,0.0000,0.0000,0.0000,0.0000,0.0000,0.0000,
119,3,348,287,451,345,0.9802,0.1917,0.0074,1.1567,4.6227,4.8499,
120,3,348,286,446,344,0.9450,-0.0490,-0.0331,0.9898,11.2242,10.3872,
121,3,332,283,462,340,1.3200,0.7557,-0.1259,0.9812,-28.9365,12.4823,
122,3,330,282,458,338,0.9867,-0.0834,-0.0060,0.9796,9.7032,9.2527,
123,3,326,282,455,336,1.0048,-0.0460,-0.0111,0.9544,7.2588,10.5723,
124,3,325,282,450,335,0.9680,-0.1109,-0.0018,0.9932,11.6999,9.2029,
125,3,324,281,446,334,0.9804,-0.0762,0.0074,0.9897,10.1036,8.5012,
126,3,321,280,442,335,0.9918,-0.1385,0.0039,1.0242,9.7653,8.5184,
127,3,321,280,437,335,0.9604,-0.1019,0.0040,0.9953,11.9289,9.2556,
128,3,319,281,435,335,1.0031,0.0312,0.0004,0.9877,6.4163,10.0235,
129,3,317,281,430,336,0.9782,-0.1281,0.0085,1.0090,10.6709,9.0747,
130,3,315,282,426,336,0.9805,-0.0316,0.0108,0.9906,8.6139,9.4228,
131,3,300,279,403,325,1.0000,0.0000,-0.0000,1.0000,10.0000,10.0000,
132,3,300,278,399,326,0.9614,-0.0993,0.0175,1.0362,12.0318,7.9031,
133,3,299,277,397,327,0.9973,-0.0153,0.0160,1.0420,8.4226,7.4471,
134,3,298,277,395,327,0.9940,-0.0831,0.0010,0.9999,10.2052,9.8205,
135,3,296,277,395,327,1.0155,-0.0246,-0.0147,0.9933,8.1593,10.6648,
136,3,294,278,392,327,0.9892,-0.0787,0.0050,0.9840,9.8759,10.4100,
137,3,294,277,388,330,0.9589,0.0248,-0.0019,1.0781,8.8228,8.4984,
138,3,292,277,386,332,0.9982,-0.0984,-0.0024,1.0354,10.5933,9.7865,
139,3,293,276,385,337,0.9805,0.0355,0.0300,1.1136,9.0484,6.8761,
140,3,298,282,389,328,0.9920,0.4796,0.0159,0.7703,-0.4732,14.2930,
141,3,290,287,387,328,1.0631,0.3617,-0.0075,0.9005,-7.1733,14.8728,
142,3,288,288,382,331,0.9717,-0.1461,0.0319,1.0552,10.0920,9.0810,
143,3,280,293,382,331,1.0863,0.2812,-0.0110,0.8903,-4.6447,14.8521,
144,3,277,296,378,333,0.9916,0.0016,0.0074,0.9658,6.6048,11.9646,
145,3,274,299,373,336,0.9785,-0.1345,0.0095,1.0171,8.7992,11.6418,
146,3,269,301,372,338,1.0387,-0.1318,-0.0282,0.9934,6.8537,13.3003,
147,3,265,304,369,340,1.0092,-0.0510,-0.0191,0.9794,6.2845,13.4529,
148,3,258,308,368,343,1.0608,0.1992,-0.0032,0.9878,-1.6835,13.3843,
149,3,255,311,365,346,1.0052,-0.0850,-0.0052,0.9884,7.8426,12.7535,
150,3,251,313,363,349,1.0194,-0.1004,-0.0312,1.0412,6.9058,13.1182,
151,3,224,313,328,353,1.0000,0.0000,0.0000,1.0000,9.9999,9.9996,
152,3,224,315,321,358,0.9338,-0.1454,0.0230,1.0916,12.0186,9.9051,
153,3,223,317,317,362,0.9694,-0.0695,0.0169,1.0350,10.2793,11.0627,
154,3,220,329,336,353,0.2914,2.5280,0.1410,0.5425,-7.0567,14.9739,
155,3,222,332,332,356,0.9531,0.0804,0.0034,0.9883,10.1847,12.6540,
156,3,223,334,330,360,0.9698,-0.1784,-0.0088,1.0605,12.8352,12.0094,
157,3,226,337,326,362,0.9361,-0.1188,0.0028,0.9879,13.9923,12.1150,
158,3,213,330,299,370,0.0000,0.0000,0.0000,0.0000,0.0000,0.0000,
159,3,214,331,298,374,0.9760,-0.0802,0.0003,1.0544,12.0823,10.9304,
160,3,204,330,296,376,0.5375,-0.6173,0.1319,1.2126,30.2966,4.8356,
161,3,203,331,296,378,1.0130,0.0806,0.0103,1.0288,6.7491,9.7981,
162,3,203,330,294,382,0.9794,0.0294,0.0419,1.0878,9.0091,7.0077,
163,3,203,328,293,384,0.9931,0.0991,0.0190,1.0704,6.7193,6.8285,
164,3,204,327,292,387,0.9750,-0.0428,0.0442,1.0752,11.9348,6.2135,
165,3,205,326,293,389,1.0078,-0.0283,0.0005,1.0497,11.1661,8.0690,
166,3,205,326,295,390,1.0137,-0.0364,-0.0064,1.0182,11.1043,9.9119,
167,3,205,326,295,390,0.9914,-0.0386,0.0029,1.0115,11.6086,10.0223,
168,3,205,326,295,390,0.9861,0.0027,0.0125,1.0065,10.8392,9.3771,
169,3,206,329,296,391,0.9966,-0.0120,0.0073,0.9703,10.8346,11.7017,
170,3,207,327,296,394,0.9960,-0.0550,0.0119,1.0816,12.0984,7.1892,
171,3,207,327,296,394,0.9901,-0.0004,-0.0015,1.0043,10.5735,10.3940,
172,3,208,329,296,394,0.9946,0.0246,0.0113,0.9829,9.6101,10.6552,
173,3,209,329,300,395,1.0316,-0.1045,-0.0160,1.0155,13.7074,10.4080,
174,3,210,328,301,401,0.9963,0.0031,0.0772,1.0935,10.6323,5.2908,
175,3,210,328,301,401,0.9965,-0.0411,0.0214,1.0077,11.6528,9.3664,
176,3,210,328,301,401,0.9993,-0.0079,0.0109,0.9983,10.6045,9.8710,
177,3,210,328,301,401,0.9810,0.0063,0.0105,1.0011,10.3576,9.5976,
178,3,210,328,301,401,0.9973,-0.0025,0.0077,0.9974,10.1723,9.9707,
179,3,210,328,301,403,1.0009,-0.0157,0.0074,1.0267,10.4557,8.8967,
180,3,210,328,301,403,0.9967,-0.0012,0.0143,1.0014,10.2195,9.5681,
181,3,198,346,292,401,1.0000,-0.0000,0.0000,1.0000,10.0001,10.0000,
182,3,198,346,292,401,0.9956,-0.0175,0.0125,1.0267,10.5228,8.8823,
183,3,198,346,292,401,0.9993,0.0056,0.0044,1.0083,9.7379,9.6619,
184,3,198,346,292,401,0.9891,0.0036,0.0085,1.0312,9.8636,8.8027,
185,3,198,346,292,401,1.0025,-0.0094,0.0094,1.0131,9.9022,9.3008,
186,3,198,346,292,401,0.9993,0.0033,0.0124,1.0311,9.3453,8.2853,
187,3,198,346,292,401,1.0109,-0.0140,0.0150,1.0208,9.2235,8.6155,
188,3,196,345,293,402,1.0236,0.0392,0.0131,1.0323,6.7125,8.0343,
189,3,196,345,293,402,1.0038,0.0140,-0.0103,0.9823,8.8462,11.0618,
190,3,196,345,293,402,0.9872,0.0038,-0.0050,1.0182,10.5538,9.7778,
191,3,196,345,293,402,1.0033,0.0011,-0.0014,1.0030,9.7331,9.9337,
192,3,196,345,293,402,0.9999,-0.0057,-0.0000,0.9970,10.2291,10.0784,
193,3,196,345,293,402,1.0019,-0.0184,0.0019,0.9998,10.6844,9.9343,
194,3,196,345,293,402,0.9974,0.0086,-0.0030,0.9926,9.7267,10.4297,
195,3,196,345,293,402,1.0047,-0.0095,0.0016,0.9991,10.2482,9.9737,
196,3,196,345,293,402,0.9964,0.0087,-0.0010,0.9972,9.7783,10.1144,
197,3,196,345,293,402,1.0013,-0.0025,-0.0046,1.0055,10.0080,9.9246,
198,3,196,345,293,402,1.0100,0.0119,-0.0012,1.0000,9.2002,10.0613,
199,3,196,345,293,402,0.9936,0.0176,-0.0040,1.0116,9.8917,9.8651,
200,3,196,345,293,402,1.0000,0.0056,-0.0019,1.0024,9.8008,9.9914,
201,3,195,355,296,404,0.0000,0.0000,0.0000,0.0000,0.0000,0.0000,
202,3,195,355,296,404,0.0000,0.0000,0.0000,0.0000,0.0000,0.0000,
203,3,195,355,296,404,0.0000,0.0000,0.0000,0.0000,0.0000,0.0000,
204,3,195,355,296,404,0.0000,0.0000,0.0000,0.0000,0.0000,0.0000,
205,3,195,355,296,404,0.0000,0.0000,0.0000,0.0000,0.0000,0.0000,
206,3,195,355,296,404,0.0000,0.0000,0.0000,0.0000,0.0000,0.0000,
207,3,195,355,296,404,0.0000,0.0000,0.0000,0.0000,0.0000,0.0000,
208,3,195,355,296,404,0.0000,0.0000,0.0000,0.0000,0.0000,0.0000,
209,3,195,355,296,404,0.0000,0.0000,0.0000,0.0000,0.0000,0.0000,
210,3,195,355,296,404,0.0000,0.0000,0.0000,0.0000,0.0000,0.0000,
211,3,195,355,296,404,0.0000,0.0000,0.0000,0.0000,0.0000,0.0000,
212,3,195,355,296,404,0.0000,0.0000,0.0000,0.0000,0.0000,0.0000,
213,3,195,355,296,404,0.0000,0.0000,0.0000,0.0000,0.0000,0.0000,
214,3,195,355,296,404,0.0000,0.0000,0.0000,0.0000,0.0000,0.0000,
215,3,195,355,296,404,0.0000,0.0000,0.0000,0.0000,0.0000,0.0000,
216,3,195,355,296,404,0.0000,0.0000,0.0000,0.0000,0.0000,0.0000,
217,3,195,355,296,404,0.0000,0.0000,0.0000,0.0000,0.0000,0.0000,
218,3,195,355,296,404,0.0000,0.0000,0.0000,0.0000,0.0000,0.0000,
219,3,195,355,296,404,0.0000,0.0000,0.0000,0.0000,0.0000,0.0000,
220,3,195,355,296,404,0.0000,0.0000,0.0000,0.0000,0.0000,0.0000,
221,3,195,355,296,404,0.0000,0.0000,0.0000,0.0000,0.0000,0.0000,
222,3,195,355,296,404,0.0000,0.0000,0.0000,0.0000,0.0000,0.0000,
223,3,195,355,296,404,0.0000,0.0000,0.0000,0.0000,0.0000,0.0000,
224,3,195,355,296,404,0.0000,0.0000,0.0000,0.0000,0.0000,0.0000,
225,3,195,355,296,404,0.0000,0.0000,0.0000,0.0000,0.0000,0.0000,
226,3,195,355,296,404,0.0000,0.0000,0.0000,0.0000,0.0000,0.0000,
227,3,195,355,296,404,0.0000,0.0000,0.0000,0.0000,0.0000,0.0000,
228,3,195,355,296,404,0.0000,0.0000,0.0000,0.0000,0.0000,0.0000,
229,3,195,355,296,404,0.0000,0.0000,0.0000,0.0000,0.0000,0.0000,
230,3,195,355,296,404,0.0000,0.0000,0.0000,0.0000,0.0000,0.0000,
231,3,195,355,296,404,0.0000,0.0000,0.0000,0.0000,0.0000,0.0000,
232,3,195,355,296,404,0.0000,0.0000,0.0000,0.0000,0.0000,0.0000,
233,3,195,355,296,404,0.0000,0.0000,0.0000,0.0000,0.0000,0.0000,
234,3,195,355,296,404,0.0000,0.0000,0.0000,0.0000,0.0000,0.0000,
235,3,195,355,296,404,0.0000,0.0000,0.0000,0.0000,0.0000,0.0000,
236,3,195,355,296,404,0.0000,0.0000,0.0000,0.0000,0.0000,0.0000,
237,3,195,355,296,404,0.0000,0.0000,0.0000,0.0000,0.0000,0.0000,
238,3,195,355,296,404,0.0000,0.0000,0.0000,0.0000,0.0000,0.0000,
239,3,195,355,296,404,0.0000,0.0000,0.0000,0.0000,0.0000,0.0000,
240,3,195,355,296,404,0.0000,0.0000,0.0000,0.0000,0.0000,0.0000,
241,3,195,355,296,404,0.0000,0.0000,0.0000,0.0000,0.0000,0.0000,
242,3,195,355,296,404,0.0000,0.0000,0.0000,0.0000,0.0000,0.0000,
243,3,195,355,296,404,0.0000,0.0000,0.0000,0.0000,0.0000,0.0000,
244,3,195,355,296,404,0.0000,0.0000,0.0000,0.0000,0.0000,0.0000,
245,3,195,355,296,404,0.0000,0.0000,0.0000,0.0000,0.0000,0.0000,
246,3,195,355,296,404,0.0000,0.0000,0.0000,0.0000,0.0000,0.0000,
247,3,195,355,296,404,0.0000,0.0000,0.0000,0.0000,0.0000,0.0000,
248,3,195,355,296,404,0.0000,0.0000,0.0000,0.0000,0.0000,0.0000,
249,3,195,355,296,404,0.0000,0.0000,0.0000,0.0000,0.0000,0.0000,
250,3,195,355,296,404,0.0000,0.0000,0.0000,0.0000,0.0000,0.0000,
251,3,195,355,296,404,0.0000,0.0000,0.0000,0.0000,0.0000,0.0000,
252,3,195,355,296,404,0.0000,0.0000,0.0000,0.0000,0.0000,0.0000,
253,3,195,355,296,404,0.0000,0.0000,0.0000,0.0000,0.0000,0.0000,
254,3,195,355,296,404,0.0000,0.0000,0.0000,0.0000,0.0000,0.0000,
255,3,195,355,296,404,0.0000,0.0000,0.0000,0.0000,0.0000,0.0000,
256,3,195,355,296,404,0.0000,0.0000,0.0000,0.0000,0.0000,0.0000,
257,3,195,355,296,404,0.0000,0.0000,0.0000,0.0000,0.0000,0.0000,
258,3,195,355,296,404,0.0000,0.0000,0.0000,0.0000,0.0000,0.0000,
259,3,195,355,296,404,0.0000,0.0000,0.0000,0.0000,0.0000,0.0000,
260,3,195,355,296,404,0.0000,0.0000,0.0000,0.0000,0.0000,0.0000,
261,3,195,355,296,404,0.0000,0.0000,0.0000,0.0000,0.0000,0.0000,
262,3,195,355,296,404,0.0000,0.0000,0.0000,0.0000,0.0000,0.0000,
263,3,195,355,296,404,0.0000,0.0000,0.0000,0.0000,0.0000,0.0000,
264,3,195,355,296,404,0.0000,0.0000,0.0000,0.0000,0.0000,0.0000,
265,3,195,355,296,404,0.0000,0.0000,0.0000,0.0000,0.0000,0.0000,
266,3,195,355,296,404,0.0000,0.0000,0.0000,0.0000,0.0000,0.0000,
267,3,195,355,296,404,0.0000,0.0000,0.0000,0.0000,0.0000,0.0000,
268,3,195,355,296,404,0.0000,0.0000,0.0000,0.0000,0.0000,0.0000,
269,3,195,355,296,404,0.0000,0.0000,0.0000,0.0000,0.0000,0.0000,
270,3,195,355,296,404,0.0000,0.0000,0.0000,0.0000,0.0000,0.0000,
271,3,195,355,296,404,0.0000,0.0000,0.0000,0.0000,0.0000,0.0000,
272,3,195,355,296,404,0.0000,0.0000,0.0000,0.0000,0.0000,0.0000,
273,3,195,355,296,404,0.0000,0.0000,0.0000,0.0000,0.0000,0.0000,
274,3,195,355,296,404,0.0000,0.0000,0.0000,0.0000,0.0000,0.0000,
275,3,195,355,296,404,0.0000,0.0000,0.0000,0.0000,0.0000,0.0000,
276,3,195,355,296,404,0.0000,0.0000,0.0000,0.0000,0.0000,0.0000,
277,3,195,355,296,404,0.0000,0.0000,0.0000,0.0000,0.0000,0.0000,
278,3,195,355,296,404,0.0000,0.0000,0.0000,0.0000,0.0000,0.0000,
279,3,195,355,296,404,0.0000,0.0000,0.0000,0.0000,0.0000,0.0000,
280,3,195,355,296,404,0.0000,0.0000,0.0000,0.0000,0.0000,0.0000,
281,3,195,355,296,404,0.0000,0.0000,0.0000,0.0000,0.0000,0.0000,
282,3,195,355,296,404,0.0000,0.0000,0.0000,0.0000,0.0000,0.0000,
283,3,195,355,296,404,0.0000,0.0000,0.0000,0.0000,0.0000,0.0000,
284,3,195,355,296,404,0.0000,0.0000,0.0000,0.0000,0.0000,0.0000,
285,3,195,355,296,404,0.0000,0.0000,0.0000,0.0000,0.0000,0.0000,
286,3,195,355,296,404,0.0000,0.0000,0.0000,0.0000,0.0000,0.0000,
287,3,195,355,296,404,0.0000,0.0000,0.0000,0.0000,0.0000,0.0000,
288,3,195,355,296,404,0.0000,0.0000,0.0000,0.0000,0.0000,0.0000,
289,3,195,355,296,404,0.0000,0.0000,0.0000,0.0000,0.0000,0.0000,
290,3,195,355,296,404,0.0000,0.0000,0.0000,0.0000,0.0000,0.0000,
291,3,195,355,296,404,0.0000,0.0000,0.0000,0.0000,0.0000,0.0000,
292,3,195,355,296,404,0.0000,0.0000,0.0000,0.0000,0.0000,0.0000,
293,3,195,355,296,404,0.0000,0.0000,0.0000,0.0000,0.0000,0.0000,
294,3,195,355,296,404,0.0000,0.0000,0.0000,0.0000,0.0000,0.0000,
295,3,195,355,296,404,0.0000,0.0000,0.0000,0.0000,0.0000,0.0000,
296,3,198,360,294,409,1.0000,0.0001,-0.0000,1.0000,9.9964,9.9989,
297,3,198,360,294,409,1.0062,-0.0168,0.0000,0.9984,10.3089,10.0707,
298,3,198,360,294,409,0.9935,0.0029,0.0022,1.0141,10.2481,9.4757,
299,3,198,360,294,409,1.0110,-0.0096,-0.0007,0.9921,9.9624,10.1563,
300,3,198,360,294,409,0.9856,0.0432,0.0056,1.0101,9.3171,9.6022,
301,3,193,368,297,404,1.0058,0.0143,-0.0031,0.9997,9.4838,10.0952,
302,3,193,368,297,404,1.0007,0.0069,0.0051,0.9773,9.7878,10.2190,
303,3,193,368,297,404,1.0013,-0.0091,-0.0062,0.9934,10.1302,10.2354,
304,3,193,368,297,404,0.9829,-0.0114,0.0123,1.0202,10.7014,9.1655,
305,3,193,368,297,404,1.0029,0.0144,-0.0051,0.9908,9.6193,10.4342,
306,3,199,375,290,402,1.0000,-0.0001,0.0000,1.0001,10.0010,9.9965,
307,3,199,375,290,402,1.0136,0.0899,0.0197,0.9810,8.0361,9.3705,
308,3,199,375,290,402,0.9990,-0.0735,-0.0073,1.0160,11.1642,9.9197,
309,3,199,375,290,402,0.9952,0.1390,-0.0147,0.9589,7.9525,11.4942,
310,3,198,374,289,406,0.9987,0.1382,-0.0406,1.1851,6.9317,10.3259,
311,3,0,0,0,0,0.0000,0.0000,0.0000,0.0000,0.0000,0.0000,
312,3,0,0,0,0,0.0000,0.0000,0.0000,0.0000,0.0000,0.0000,
313,3,0,0,0,0,0.0000,0.0000,0.0000,0.0000,0.0000,0.0000,
314,3,0,0,0,0,0.0000,0.0000,0.0000,0.0000,0.0000,0.0000,
315,3,0,0,0,0,0.0000,0.0000,0.0000,0.0000,0.0000,0.0000,
316,3,0,0,0,0,0.0000,0.0000,0.0000,0.0000,0.0000,0.0000,
317,3,0,0,0,0,0.0000,0.0000,0.0000,0.0000,0.0000,0.0000,
318,3,0,0,0,0,0.0000,0.0000,0.0000,0.0000,0.0000,0.0000,
319,3,0,0,0,0,0.0000,0.0000,0.0000,0.0000,0.0000,0.0000,
320,3,0,0,0,0,0.0000,0.0000,0.0000,0.0000,0.0000,0.0000,
321,3,0,0,0,0,0.0000,0.0000,0.0000,0.0000,0.0000,0.0000,
322,3,0,0,0,0,0.0000,0.0000,0.0000,0.0000,0.0000,0.0000,
323,3,0,0,0,0,0.0000,0.0000,0.0000,0.0000,0.0000,0.0000,
324,3,0,0,0,0,0.0000,0.0000,0.0000,0.0000,0.0000,0.0000,
325,3,0,0,0,0,0.0000,0.0000,0.0000,0.0000,0.0000,0.0000,
326,3,0,0,0,0,0.0000,0.0000,0.0000,0.0000,0.0000,0.0000,
327,3,0,0,0,0,0.0000,0.0000,0.0000,0.0000,0.0000,0.0000,
328,3,0,0,0,0,0.0000,0.0000,0.0000,0.0000,0.0000,0.0000,
329,3,0,0,0,0,0.0000,0.0000,0.0000,0.0000,0.0000,0.0000,
330,3,0,0,0,0,0.0000,0.0000,0.0000,0.0000,0.0000,0.0000,
331,3,0,0,0,0,0.0000,0.0000,0.0000,0.0000,0.0000,0.0000,
332,3,0,0,0,0,0.0000,0.0000,0.0000,0.0000,0.0000,0.0000,
333,3,0,0,0,0,0.0000,0.0000,0.0000,0.0000,0.0000,0.0000,
334,3,0,0,0,0,0.0000,0.0000,0.0000,0.0000,0.0000,0.0000,
335,3,0,0,0,0,0.0000,0.0000,0.0000,0.0000,0.0000,0.0000,
336,3,0,0,0,0,0.0000,0.0000,0.0000,0.0000,0.0000,0.0000,
337,3,0,0,0,0,0.0000,0.0000,0.0000,0.0000,0.0000,0.0000,
338,3,0,0,0,0,0.0000,0.0000,0.0000,0.0000,0.0000,0.0000,
339,3,0,0,0,0,0.0000,0.0000,0.0000,0.0000,0.0000,0.0000,
340,3,0,0,0,0,0.0000,0.0000,0.0000,0.0000,0.0000,0.0000,
341,3,0,0,0,0,0.0000,0.0000,0.0000,0.0000,0.0000,0.0000,
342,3,0,0,0,0,0.0000,0.0000,0.0000,0.0000,0.0000,0.0000,
343,3,0,0,0,0,0.0000,0.0000,0.0000,0.0000,0.0000,0.0000,
344,3,0,0,0,0,0.0000,0.0000,0.0000,0.0000,0.0000,0.0000,
345,3,0,0,0,0,0.0000,0.0000,0.0000,0.0000,0.0000,0.0000,
346,3,0,0,0,0,0.0000,0.0000,0.0000,0.0000,0.0000,0.0000,
347,3,0,0,0,0,0.0000,0.0000,0.0000,0.0000,0.0000,0.0000,
348,3,0,0,0,0,0.0000,0.0000,0.0000,0.0000,0.0000,0.0000,
349,3,0,0,0,0,0.0000,0.0000,0.0000,0.0000,0.0000,0.0000,
350,3,0,0,0,0,0.0000,0.0000,0.0000,0.0000,0.0000,0.0000,
351,3,0,0,0,0,0.0000,0.0000,0.0000,0.0000,0.0000,0.0000,
352,3,0,0,0,0,0.0000,0.0000,0.0000,0.0000,0.0000,0.0000,
353,3,0,0,0,0,0.0000,0.0000,0.0000,0.0000,0.0000,0.0000,
354,3,0,0,0,0,0.0000,0.0000,0.0000,0.0000,0.0000,0.0000,
355,3,0,0,0,0,0.0000,0.0000,0.0000,0.0000,0.0000,0.0000,
356,3,0,0,0,0,0.0000,0.0000,0.0000,0.0000,0.0000,0.0000,
357,3,0,0,0,0,0.0000,0.0000,0.0000,0.0000,0.0000,0.0000,
358,3,0,0,0,0,0.0000,0.0000,0.0000,0.0000,0.0000,0.0000,
359,3,0,0,0,0,0.0000,0.0000,0.0000,0.0000,0.0000,0.0000,
360,3,0,0,0,0,0.0000,0.0000,0.0000,0.0000,0.0000,0.0000,
361,3,0,0,0,0,0.0000,0.0000,0.0000,0.0000,0.0000,0.0000,
362,3,0,0,0,0,0.0000,0.0000,0.0000,0.0000,0.0000,0.0000,
363,3,0,0,0,0,0.0000,0.0000,0.0000,0.0000,0.0000,0.0000,
364,3,0,0,0,0,0.0000,0.0000,0.0000,0.0000,0.0000,0.0000,
365,3,0,0,0,0,0.0000,0.0000,0.0000,0.0000,0.0000,0.0000,
366,3,0,0,0,0,0.0000,0.0000,0.0000,0.0000,0.0000,0.0000,
367,3,0,0,0,0,0.0000,0.0000,0.0000,0.0000,0.0000,0.0000,
368,3,0,0,0,0,0.0000,0.0000,0.0000,0.0000,0.0000,0.0000,
369,3,0,0,0,0,0.0000,0.0000,0.0000,0.0000,0.0000,0.0000,
370,3,0,0,0,0,0.0000,0.0000,0.0000,0.0000,0.0000,0.0000,
371,3,0,0,0,0,0.0000,0.0000,0.0000,0.0000,0.0000,0.0000,
372,3,0,0,0,0,0.0000,0.0000,0.0000,0.0000,0.0000,0.0000,
373,3,0,0,0,0,0.0000,0.0000,0.0000,0.0000,0.0000,0.0000,
374,3,0,0,0,0,0.0000,0.0000,0.0000,0.0000,0.0000,0.0000,
375,3,0,0,0,0,0.0000,0.0000,0.0000,0.0000,0.0000,0.0000,
376,3,0,0,0,0,0.0000,0.0000,0.0000,0.0000,0.0000,0.0000,
377,3,0,0,0,0,0.0000,0.0000,0.0000,0.0000,0.0000,0.0000,
378,3,0,0,0,0,0.0000,0.0000,0.0000,0.0000,0.0000,0.0000,
379,3,0,0,0,0,0.0000,0.0000,0.0000,0.0000,0.0000,0.0000,
380,3,0,0,0,0,0.0000,0.0000,0.0000,0.0000,0.0000,0.0000,
381,3,0,0,0,0,0.0000,0.0000,0.0000,0.0000,0.0000,0.0000,
382,3,0,0,0,0,0.0000,0.0000,0.0000,0.0000,0.0000,0.0000,
383,3,0,0,0,0,0.0000,0.0000,0.0000,0.0000,0.0000,0.0000,
384,3,0,0,0,0,0.0000,0.0000,0.0000,0.0000,0.0000,0.0000,
385,3,0,0,0,0,0.0000,0.0000,0.0000,0.0000,0.0000,0.0000,
386,3,0,0,0,0,0.0000,0.0000,0.0000,0.0000,0.0000,0.0000,
387,3,0,0,0,0,0.0000,0.0000,0.0000,0.0000,0.0000,0.0000,
388,3,0,0,0,0,0.0000,0.0000,0.0000,0.0000,0.0000,0.0000,
389,3,0,0,0,0,0.0000,0.0000,0.0000,0.0000,0.0000,0.0000,
390,3,0,0,0,0,0.0000,0.0000,0.0000,0.0000,0.0000,0.0000,
391,3,0,0,0,0,0.0000,0.0000,0.0000,0.0000,0.0000,0.0000,
392,3,0,0,0,0,0.0000,0.0000,0.0000,0.0000,0.0000,0.0000,
393,3,0,0,0,0,0.0000,0.0000,0.0000,0.0000,0.0000,0.0000,
394,3,0,0,0,0,0.0000,0.0000,0.0000,0.0000,0.0000,0.0000,
395,3,0,0,0,0,0.0000,0.0000,0.0000,0.0000,0.0000,0.0000,
396,3,0,0,0,0,0.0000,0.0000,0.0000,0.0000,0.0000,0.0000,
397,3,0,0,0,0,0.0000,0.0000,0.0000,0.0000,0.0000,0.0000,
398,3,0,0,0,0,0.0000,0.0000,0.0000,0.0000,0.0000,0.0000,
399,3,0,0,0,0,0.0000,0.0000,0.0000,0.0000,0.0000,0.0000,
400,3,0,0,0,0,0.0000,0.0000,0.0000,0.0000,0.0000,0.0000,
401,3,0,0,0,0,0.0000,0.0000,0.0000,0.0000,0.0000,0.0000,
402,3,0,0,0,0,0.0000,0.0000,0.0000,0.0000,0.0000,0.0000,
403,3,0,0,0,0,0.0000,0.0000,0.0000,0.0000,0.0000,0.0000,
404,3,0,0,0,0,0.0000,0.0000,0.0000,0.0000,0.0000,0.0000,
405,3,0,0,0,0,0.0000,0.0000,0.0000,0.0000,0.0000,0.0000,
406,3,0,0,0,0,0.0000,0.0000,0.0000,0.0000,0.0000,0.0000,
407,3,0,0,0,0,0.0000,0.0000,0.0000,0.0000,0.0000,0.0000,
408,3,0,0,0,0,0.0000,0.0000,0.0000,0.0000,0.0000,0.0000,
409,3,0,0,0,0,0.0000,0.0000,0.0000,0.0000,0.0000,0.0000,
410,3,0,0,0,0,0.0000,0.0000,0.0000,0.0000,0.0000,0.0000,
411,3,0,0,0,0,0.0000,0.0000,0.0000,0.0000,0.0000,0.0000,
412,3,0,0,0,0,0.0000,0.0000,0.0000,0.0000,0.0000,0.0000,
413,3,0,0,0,0,0.0000,0.0000,0.0000,0.0000,0.0000,0.0000,
414,3,0,0,0,0,0.0000,0.0000,0.0000,0.0000,0.0000,0.0000,
415,3,0,0,0,0,0.0000,0.0000,0.0000,0.0000,0.0000,0.0000,
416,3,0,0,0,0,0.0000,0.0000,0.0000,0.0000,0.0000,0.0000,
417,3,0,0,0,0,0.0000,0.0000,0.0000,0.0000,0.0000,0.0000,
418,3,0,0,0,0,0.0000,0.0000,0.0000,0.0000,0.0000,0.0000,
419,3,0,0,0,0,0.0000,0.0000,0.0000,0.0000,0.0000,0.0000,
420,3,0,0,0,0,0.0000,0.0000,0.0000,0.0000,0.0000,0.0000,
421,3,0,0,0,0,0.0000,0.0000,0.0000,0.0000,0.0000,0.0000,
422,3,0,0,0,0,0.0000,0.0000,0.0000,0.0000,0.0000,0.0000,
423,3,0,0,0,0,0.0000,0.0000,0.0000,0.0000,0.0000,0.0000,
424,3,0,0,0,0,0.0000,0.0000,0.0000,0.0000,0.0000,0.0000,
425,3,0,0,0,0,0.0000,0.0000,0.0000,0.0000,0.0000,0.0000,
426,3,0,0,0,0,0.0000,0.0000,0.0000,0.0000,0.0000,0.0000,
427,3,0,0,0,0,0.0000,0.0000,0.0000,0.0000,0.0000,0.0000,
428,3,0,0,0,0,0.0000,0.0000,0.0000,0.0000,0.0000,0.0000,
429,3,0,0,0,0,0.0000,0.0000,0.0000,0.0000,0.0000,0.0000,
430,3,0,0,0,0,0.0000,0.0000,0.0000,0.0000,0.0000,0.0000,
431,3,0,0,0,0,0.0000,0.0000,0.0000,0.0000,0.0000,0.0000,
432,3,0,0,0,0,0.0000,0.0000,0.0000,0.0000,0.0000,0.0000,
433,3,0,0,0,0,0.0000,0.0000,0.0000,0.0000,0.0000,0.0000,
434,3,0,0,0,0,0.0000,0.0000,0.0000,0.0000,0.0000,0.0000,
435,3,0,0,0,0,0.0000,0.0000,0.0000,0.0000,0.0000,0.0000,
436,3,0,0,0,0,0.0000,0.0000,0.0000,0.0000,0.0000,0.0000,
437,3,0,0,0,0,0.0000,0.0000,0.0000,0.0000,0.0000,0.0000,
438,3,0,0,0,0,0.0000,0.0000,0.0000,0.0000,0.0000,0.0000,
439,3,0,0,0,0,0.0000,0.0000,0.0000,0.0000,0.0000,0.0000,
440,3,0,0,0,0,0.0000,0.0000,0.0000,0.0000,0.0000,0.0000,
441,3,0,0,0,0,0.0000,0.0000,0.0000,0.0000,0.0000,0.0000,
442,3,0,0,0,0,0.0000,0.0000,0.0000,0.0000,0.0000,0.0000,
443,3,0,0,0,0,0.0000,0.0000,0.0000,0.0000,0.0000,0.0000,
444,3,0,0,0,0,0.0000,0.0000,0.0000,0.0000,0.0000,0.0000,
445,3,0,0,0,0,0.0000,0.0000,0.0000,0.0000,0.0000,0.0000,
446,3,0,0,0,0,0.0000,0.0000,0.0000,0.0000,0.0000,0.0000,
447,3,0,0,0,0,0.0000,0.0000,0.0000,0.0000,0.0000,0.0000,
448,3,0,0,0,0,0.0000,0.0000,0.0000,0.0000,0.0000,0.0000,
449,3,0,0,0,0,0.0000,0.0000,0.0000,0.0000,0.0000,0.0000,
450,3,0,0,0,0,0.0000,0.0000,0.0000,0.0000,0.0000,0.0000,
451,3,0,0,0,0,0.0000,0.0000,0.0000,0.0000,0.0000,0.0000,
452,3,0,0,0,0,0.0000,0.0000,0.0000,0.0000,0.0000,0.0000,
453,3,0,0,0,0,0.0000,0.0000,0.0000,0.0000,0.0000,0.0000,
454,3,0,0,0,0,0.0000,0.0000,0.0000,0.0000,0.0000,0.0000,
455,3,0,0,0,0,0.0000,0.0000,0.0000,0.0000,0.0000,0.0000,
456,3,0,0,0,0,0.0000,0.0000,0.0000,0.0000,0.0000,0.0000,
457,3,0,0,0,0,0.0000,0.0000,0.0000,0.0000,0.0000,0.0000,
458,3,0,0,0,0,0.0000,0.0000,0.0000,0.0000,0.0000,0.0000,
459,3,0,0,0,0,0.0000,0.0000,0.0000,0.0000,0.0000,0.0000,
460,3,0,0,0,0,0.0000,0.0000,0.0000,0.0000,0.0000,0.0000,
461,3,0,0,0,0,0.0000,0.0000,0.0000,0.0000,0.0000,0.0000,
462,3,0,0,0,0,0.0000,0.0000,0.0000,0.0000,0.0000,0.0000,
463,3,0,0,0,0,0.0000,0.0000,0.0000,0.0000,0.0000,0.0000,
464,3,0,0,0,0,0.0000,0.0000,0.0000,0.0000,0.0000,0.0000,
465,3,0,0,0,0,0.0000,0.0000,0.0000,0.0000,0.0000,0.0000,
466,3,0,0,0,0,0.0000,0.0000,0.0000,0.0000,0.0000,0.0000,
467,3,0,0,0,0,0.0000,0.0000,0.0000,0.0000,0.0000,0.0000,
468,3,0,0,0,0,0.0000,0.0000,0.0000,0.0000,0.0000,0.0000,
469,3,0,0,0,0,0.0000,0.0000,0.0000,0.0000,0.0000,0.0000,
470,3,0,0,0,0,0.0000,0.0000,0.0000,0.0000,0.0000,0.0000,
471,3,0,0,0,0,0.0000,0.0000,0.0000,0.0000,0.0000,0.0000,
472,3,0,0,0,0,0.0000,0.0000,0.0000,0.0000,0.0000,0.0000,
473,3,0,0,0,0,0.0000,0.0000,0.0000,0.0000,0.0000,0.0000,
474,3,0,0,0,0,0.0000,0.0000,0.0000,0.0000,0.0000,0.0000,
475,3,0,0,0,0,0.0000,0.0000,0.0000,0.0000,0.0000,0.0000,
476,3,0,0,0,0,0.0000,0.0000,0.0000,0.0000,0.0000,0.0000,
477,3,0,0,0,0,0.0000,0.0000,0.0000,0.0000,0.0000,0.0000,
478,3,0,0,0,0,0.0000,0.0000,0.0000,0.0000,0.0000,0.0000,
479,3,0,0,0,0,0.0000,0.0000,0.0000,0.0000,0.0000,0.0000,
480,3,0,0,0,0,0.0000,0.0000,0.0000,0.0000,0.0000,0.0000,
481,3,0,0,0,0,0.0000,0.0000,0.0000,0.0000,0.0000,0.0000,
482,3,0,0,0,0,0.0000,0.0000,0.0000,0.0000,0.0000,0.0000,
483,3,0,0,0,0,0.0000,0.0000,0.0000,0.0000,0.0000,0.0000,
484,3,0,0,0,0,0.0000,0.0000,0.0000,0.0000,0.0000,0.0000,
485,3,0,0,0,0,0.0000,0.0000,0.0000,0.0000,0.0000,0.0000,
486,3,0,0,0,0,0.0000,0.0000,0.0000,0.0000,0.0000,0.0000,
487,3,0,0,0,0,0.0000,0.0000,0.0000,0.0000,0.0000,0.0000,
488,3,0,0,0,0,0.0000,0.0000,0.0000,0.0000,0.0000,0.0000,
489,3,0,0,0,0,0.0000,0.0000,0.0000,0.0000,0.0000,0.0000,
490,3,0,0,0,0,0.0000,0.0000,0.0000,0.0000,0.0000,0.0000,
491,3,0,0,0,0,0.0000,0.0000,0.0000,0.0000,0.0000,0.0000,
492,3,0,0,0,0,0.0000,0.0000,0.0000,0.0000,0.0000,0.0000,
493,3,0,0,0,0,0.0000,0.0000,0.0000,0.0000,0.0000,0.0000,
494,3,0,0,0,0,0.0000,0.0000,0.0000,0.0000,0.0000,0.0000,
495,3,0,0,0,0,0.0000,0.0000,0.0000,0.0000,0.0000,0.0000,
496,3,0,0,0,0,0.0000,0.0000,0.0000,0.0000,0.0000,0.0000,
497,3,0,0,0,0,0.0000,0.0000,0.0000,0.0000,0.0000,0.0000,
498,3,0,0,0,0,0.0000,0.0000,0.0000,0.0000,0.0000,0.0000,
499,3,0,0,0,0,0.0000,0.0000,0.0000,0.0000,0.0000,0.0000,
500,3,0,0,0,0,0.0000,0.0000,0.0000,0.0000,0.0000,0.0000,
501,3,0,0,0,0,0.0000,0.0000,0.0000,0.0000,0.0000,0.0000,
502,3,0,0,0,0,0.0000,0.0000,0.0000,0.0000,0.0000,0.0000,
503,3,0,0,0,0,0.0000,0.0000,0.0000,0.0000,0.0000,0.0000,
504,3,0,0,0,0,0.0000,0.0000,0.0000,0.0000,0.0000,0.0000,
505,3,0,0,0,0,0.0000,0.0000,0.0000,0.0000,0.0000,0.0000,
506,3,0,0,0,0,0.0000,0.0000,0.0000,0.0000,0.0000,0.0000,
507,3,0,0,0,0,0.0000,0.0000,0.0000,0.0000,0.0000,0.0000,
508,3,0,0,0,0,0.0000,0.0000,0.0000,0.0000,0.0000,0.0000,
509,3,0,0,0,0,0.0000,0.0000,0.0000,0.0000,0.0000,0.0000,
510,3,0,0,0,0,0.0000,0.0000,0.0000,0.0000,0.0000,0.0000,
511,3,0,0,0,0,0.0000,0.0000,0.0000,0.0000,0.0000,0.0000,
512,3,0,0,0,0,0.0000,0.0000,0.0000,0.0000,0.0000,0.0000,
513,3,0,0,0,0,0.0000,0.0000,0.0000,0.0000,0.0000,0.0000,
514,3,0,0,0,0,0.0000,0.0000,0.0000,0.0000,0.0000,0.0000,
515,3,0,0,0,0,0.0000,0.0000,0.0000,0.0000,0.0000,0.0000,
516,3,0,0,0,0,0.0000,0.0000,0.0000,0.0000,0.0000,0.0000,
517,3,0,0,0,0,0.0000,0.0000,0.0000,0.0000,0.0000,0.0000,
518,3,0,0,0,0,0.0000,0.0000,0.0000,0.0000,0.0000,0.0000,
519,3,0,0,0,0,0.0000,0.0000,0.0000,0.0000,0.0000,0.0000,
520,3,0,0,0,0,0.0000,0.0000,0.0000,0.0000,0.0000,0.0000,
521,3,0,0,0,0,0.0000,0.0000,0.0000,0.0000,0.0000,0.0000,
522,3,0,0,0,0,0.0000,0.0000,0.0000,0.0000,0.0000,0.0000,
523,3,0,0,0,0,0.0000,0.0000,0.0000,0.0000,0.0000,0.0000,
524,3,0,0,0,0,0.0000,0.0000,0.0000,0.0000,0.0000,0.0000,
525,3,0,0,0,0,0.0000,0.0000,0.0000,0.0000,0.0000,0.0000,
526,3,0,0,0,0,0.0000,0.0000,0.0000,0.0000,0.0000,0.0000,
527,3,0,0,0,0,0.0000,0.0000,0.0000,0.0000,0.0000,0.0000,
528,3,0,0,0,0,0.0000,0.0000,0.0000,0.0000,0.0000,0.0000,
529,3,0,0,0,0,0.0000,0.0000,0.0000,0.0000,0.0000,0.0000,
530,3,0,0,0,0,0.0000,0.0000,0.0000,0.0000,0.0000,0.0000,
531,3,0,0,0,0,0.0000,0.0000,0.0000,0.0000,0.0000,0.0000,
532,3,0,0,0,0,0.0000,0.0000,0.0000,0.0000,0.0000,0.0000,
533,3,0,0,0,0,0.0000,0.0000,0.0000,0.0000,0.0000,0.0000,
534,3,0,0,0,0,0.0000,0.0000,0.0000,0.0000,0.0000,0.0000,
535,3,0,0,0,0,0.0000,0.0000,0.0000,0.0000,0.0000,0.0000,
536,3,0,0,0,0,0.0000,0.0000,0.0000,0.0000,0.0000,0.0000,
537,3,0,0,0,0,0.0000,0.0000,0.0000,0.0000,0.0000,0.0000,
538,3,0,0,0,0,0.0000,0.0000,0.0000,0.0000,0.0000,0.0000,
539,3,0,0,0,0,0.0000,0.0000,0.0000,0.0000,0.0000,0.0000,
540,3,0,0,0,0,0.0000,0.0000,0.0000,0.0000,0.0000,0.0000,
541,3,0,0,0,0,0.0000,0.0000,0.0000,0.0000,0.0000,0.0000,
542,3,0,0,0,0,0.0000,0.0000,0.0000,0.0000,0.0000,0.0000,
543,3,0,0,0,0,0.0000,0.0000,0.0000,0.0000,0.0000,0.0000,
544,3,0,0,0,0,0.0000,0.0000,0.0000,0.0000,0.0000,0.0000,
545,3,0,0,0,0,0.0000,0.0000,0.0000,0.0000,0.0000,0.0000,
546,3,0,0,0,0,0.0000,0.0000,0.0000,0.0000,0.0000,0.0000,
547,3,0,0,0,0,0.0000,0.0000,0.0000,0.0000,0.0000,0.0000,
548,3,0,0,0,0,0.0000,0.0000,0.0000,0.0000,0.0000,0.0000,
549,3,0,0,0,0,0.0000,0.0000,0.0000,0.0000,0.0000,0.0000,
550,3,0,0,0,0,0.0000,0.0000,0.0000,0.0000,0.0000,0.0000,
551,3,0,0,0,0,0.0000,0.0000,0.0000,0.0000,0.0000,0.0000,
552,3,0,0,0,0,0.0000,0.0000,0.0000,0.0000,0.0000,0.0000,
553,3,0,0,0,0,0.0000,0.0000,0.0000,0.0000,0.0000,0.0000,
554,3,0,0,0,0,0.0000,0.0000,0.0000,0.0000,0.0000,0.0000,
555,3,0,0,0,0,0.0000,0.0000,0.0000,0.0000,0.0000,0.0000,
556,3,0,0,0,0,0.0000,0.0000,0.0000,0.0000,0.0000,0.0000,
557,3,0,0,0,0,0.0000,0.0000,0.0000,0.0000,0.0000,0.0000,
558,3,0,0,0,0,0.0000,0.0000,0.0000,0.0000,0.0000,0.0000,
559,3,0,0,0,0,0.0000,0.0000,0.0000,0.0000,0.0000,0.0000,
560,3,0,0,0,0,0.0000,0.0000,0.0000,0.0000,0.0000,0.0000,
561,3,0,0,0,0,0.0000,0.0000,0.0000,0.0000,0.0000,0.0000,
562,3,0,0,0,0,0.0000,0.0000,0.0000,0.0000,0.0000,0.0000,
563,3,0,0,0,0,0.0000,0.0000,0.0000,0.0000,0.0000,0.0000,
564,3,0,0,0,0,0.0000,0.0000,0.0000,0.0000,0.0000,0.0000,
565,3,0,0,0,0,0.0000,0.0000,0.0000,0.0000,0.0000,0.0000,
566,3,0,0,0,0,0.0000,0.0000,0.0000,0.0000,0.0000,0.0000,
567,3,0,0,0,0,0.0000,0.0000,0.0000,0.0000,0.0000,0.0000,
568,3,0,0,0,0,0.0000,0.0000,0.0000,0.0000,0.0000,0.0000,
569,3,0,0,0,0,0.0000,0.0000,0.0000,0.0000,0.0000,0.0000,
570,3,0,0,0,0,0.0000,0.0000,0.0000,0.0000,0.0000,0.0000,
571,3,0,0,0,0,0.0000,0.0000,0.0000,0.0000,0.0000,0.0000,
572,3,0,0,0,0,0.0000,0.0000,0.0000,0.0000,0.0000,0.0000,
573,3,0,0,0,0,0.0000,0.0000,0.0000,0.0000,0.0000,0.0000,
574,3,0,0,0,0,0.0000,0.0000,0.0000,0.0000,0.0000,0.0000,
575,3,0,0,0,0,0.0000,0.0000,0.0000,0.0000,0.0000,0.0000,
576,3,0,0,0,0,0.0000,0.0000,0.0000,0.0000,0.0000,0.0000,
577,3,0,0,0,0,0.0000,0.0000,0.0000,0.0000,0.0000,0.0000,
578,3,0,0,0,0,0.0000,0.0000,0.0000,0.0000,0.0000,0.0000,
579,3,0,0,0,0,0.0000,0.0000,0.0000,0.0000,0.0000,0.0000,
580,3,0,0,0,0,0.0000,0.0000,0.0000,0.0000,0.0000,0.0000,
581,3,0,0,0,0,0.0000,0.0000,0.0000,0.0000,0.0000,0.0000,
582,3,0,0,0,0,0.0000,0.0000,0.0000,0.0000,0.0000,0.0000,
583,3,0,0,0,0,0.0000,0.0000,0.0000,0.0000,0.0000,0.0000,
584,3,0,0,0,0,0.0000,0.0000,0.0000,0.0000,0.0000,0.0000,
585,3,0,0,0,0,0.0000,0.0000,0.0000,0.0000,0.0000,0.0000,
586,3,0,0,0,0,0.0000,0.0000,0.0000,0.0000,0.0000,0.0000,
587,3,0,0,0,0,0.0000,0.0000,0.0000,0.0000,0.0000,0.0000,
588,3,0,0,0,0,0.0000,0.0000,0.0000,0.0000,0.0000,0.0000,
589,3,0,0,0,0,0.0000,0.0000,0.0000,0.0000,0.0000,0.0000,
590,3,0,0,0,0,0.0000,0.0000,0.0000,0.0000,0.0000,0.0000,
591,3,0,0,0,0,0.0000,0.0000,0.0000,0.0000,0.0000,0.0000,
592,3,0,0,0,0,0.0000,0.0000,0.0000,0.0000,0.0000,0.0000,
593,3,0,0,0,0,0.0000,0.0000,0.0000,0.0000,0.0000,0.0000,
594,3,0,0,0,0,0.0000,0.0000,0.0000,0.0000,0.0000,0.0000,
595,3,0,0,0,0,0.0000,0.0000,0.0000,0.0000,0.0000,0.0000,
596,3,0,0,0,0,0.0000,0.0000,0.0000,0.0000,0.0000,0.0000,
597,3,0,0,0,0,0.0000,0.0000,0.0000,0.0000,0.0000,0.0000,
598,3,0,0,0,0,0.0000,0.0000,0.0000,0.0000,0.0000,0.0000,
599,3,0,0,0,0,0.0000,0.0000,0.0000,0.0000,0.0000,0.0000,
600,3,0,0,0,0,0.0000,0.0000,0.0000,0.0000,0.0000,0.0000,
601,3,0,0,0,0,0.0000,0.0000,0.0000,0.0000,0.0000,0.0000,
602,3,0,0,0,0,0.0000,0.0000,0.0000,0.0000,0.0000,0.0000,
603,3,0,0,0,0,0.0000,0.0000,0.0000,0.0000,0.0000,0.0000,
604,3,0,0,0,0,0.0000,0.0000,0.0000,0.0000,0.0000,0.0000,
605,3,0,0,0,0,0.0000,0.0000,0.0000,0.0000,0.0000,0.0000,
606,3,0,0,0,0,0.0000,0.0000,0.0000,0.0000,0.0000,0.0000,
607,3,0,0,0,0,0.0000,0.0000,0.0000,0.0000,0.0000,0.0000,
608,3,0,0,0,0,0.0000,0.0000,0.0000,0.0000,0.0000,0.0000,
609,3,0,0,0,0,0.0000,0.0000,0.0000,0.0000,0.0000,0.0000,
610,3,0,0,0,0,0.0000,0.0000,0.0000,0.0000,0.0000,0.0000,
611,3,0,0,0,0,0.0000,0.0000,0.0000,0.0000,0.0000,0.0000,
612,3,0,0,0,0,0.0000,0.0000,0.0000,0.0000,0.0000,0.0000,
613,3,0,0,0,0,0.0000,0.0000,0.0000,0.0000,0.0000,0.0000,
614,3,0,0,0,0,0.0000,0.0000,0.0000,0.0000,0.0000,0.0000,
615,3,0,0,0,0,0.0000,0.0000,0.0000,0.0000,0.0000,0.0000,
616,3,0,0,0,0,0.0000,0.0000,0.0000,0.0000,0.0000,0.0000,
617,3,0,0,0,0,0.0000,0.0000,0.0000,0.0000,0.0000,0.0000,
618,3,0,0,0,0,0.0000,0.0000,0.0000,0.0000,0.0000,0.0000,
619,3,0,0,0,0,0.0000,0.0000,0.0000,0.0000,0.0000,0.0000,
620,3,0,0,0,0,0.0000,0.0000,0.0000,0.0000,0.0000,0.0000,
621,3,0,0,0,0,0.0000,0.0000,0.0000,0.0000,0.0000,0.0000,
622,3,0,0,0,0,0.0000,0.0000,0.0000,0.0000,0.0000,0.0000,
623,3,0,0,0,0,0.0000,0.0000,0.0000,0.0000,0.0000,0.0000,
624,3,0,0,0,0,0.0000,0.0000,0.0000,0.0000,0.0000,0.0000,
625,3,0,0,0,0,0.0000,0.0000,0.0000,0.0000,0.0000,0.0000,
626,3,0,0,0,0,0.0000,0.0000,0.0000,0.0000,0.0000,0.0000,
627,3,0,0,0,0,0.0000,0.0000,0.0000,0.0000,0.0000,0.0000,
628,3,0,0,0,0,0.0000,0.0000,0.0000,0.0000,0.0000,0.0000,
629,3,0,0,0,0,0.0000,0.0000,0.0000,0.0000,0.0000,0.0000,
630,3,0,0,0,0,0.0000,0.0000,0.0000,0.0000,0.0000,0.0000,
631,3,0,0,0,0,0.0000,0.0000,0.0000,0.0000,0.0000,0.0000,
632,3,0,0,0,0,0.0000,0.0000,0.0000,0.0000,0.0000,0.0000,
633,3,0,0,0,0,0.0000,0.0000,0.0000,0.0000,0.0000,0.0000,
634,3,0,0,0,0,0.0000,0.0000,0.0000,0.0000,0.0000,0.0000,
635,3,0,0,0,0,0.0000,0.0000,0.0000,0.0000,0.0000,0.0000,
636,3,0,0,0,0,0.0000,0.0000,0.0000,0.0000,0.0000,0.0000,
637,3,0,0,0,0,0.0000,0.0000,0.0000,0.0000,0.0000,0.0000,
638,3,0,0,0,0,0.0000,0.0000,0.0000,0.0000,0.0000,0.0000,
639,3,0,0,0,0,0.0000,0.0000,0.0000,0.0000,0.0000,0.0000,
640,3,0,0,0,0,0.0000,0.0000,0.0000,0.0000,0.0000,0.0000,
641,3,0,0,0,0,0.0000,0.0000,0.0000,0.0000,0.0000,0.0000,
642,3,0,0,0,0,0.0000,0.0000,0.0000,0.0000,0.0000,0.0000,
643,3,0,0,0,0,0.0000,0.0000,0.0000,0.0000,0.0000,0.0000,
644,3,0,0,0,0,0.0000,0.0000,0.0000,0.0000,0.0000,0.0000,
645,3,0,0,0,0,0.0000,0.0000,0.0000,0.0000,0.0000,0.0000,
646,3,0,0,0,0,0.0000,0.0000,0.0000,0.0000,0.0000,0.0000,
647,3,0,0,0,0,0.0000,0.0000,0.0000,0.0000,0.0000,0.0000,
648,3,0,0,0,0,0.0000,0.0000,0.0000,0.0000,0.0000,0.0000,
649,3,0,0,0,0,0.0000,0.0000,0.0000,0.0000,0.0000,0.0000,
650,3,0,0,0,0,0.0000,0.0000,0.0000,0.0000,0.0000,0.0000,
651,3,0,0,0,0,0.0000,0.0000,0.0000,0.0000,0.0000,0.0000,
652,3,0,0,0,0,0.0000,0.0000,0.0000,0.0000,0.0000,0.0000,
653,3,0,0,0,0,0.0000,0.0000,0.0000,0.0000,0.0000,0.0000,
654,3,0,0,0,0,0.0000,0.0000,0.0000,0.0000,0.0000,0.0000,
655,3,0,0,0,0,0.0000,0.0000,0.0000,0.0000,0.0000,0.0000,
656,3,0,0,0,0,0.0000,0.0000,0.0000,0.0000,0.0000,0.0000,
657,3,0,0,0,0,0.0000,0.0000,0.0000,0.0000,0.0000,0.0000,
658,3,0,0,0,0,0.0000,0.0000,0.0000,0.0000,0.0000,0.0000,
659,3,0,0,0,0,0.0000,0.0000,0.0000,0.0000,0.0000,0.0000,
660,3,0,0,0,0,0.0000,0.0000,0.0000,0.0000,0.0000,0.0000,
661,3,0,0,0,0,0.0000,0.0000,0.0000,0.0000,0.0000,0.0000,
662,3,0,0,0,0,0.0000,0.0000,0.0000,0.0000,0.0000,0.0000,
663,3,0,0,0,0,0.0000,0.0000,0.0000,0.0000,0.0000,0.0000,
664,3,0,0,0,0,0.0000,0.0000,0.0000,0.0000,0.0000,0.0000,
665,3,0,0,0,0,0.0000,0.0000,0.0000,0.0000,0.0000,0.0000,
666,3,0,0,0,0,0.0000,0.0000,0.0000,0.0000,0.0000,0.0000,
667,3,0,0,0,0,0.0000,0.0000,0.0000,0.0000,0.0000,0.0000,
668,3,0,0,0,0,0.0000,0.0000,0.0000,0.0000,0.0000,0.0000,
669,3,0,0,0,0,0.0000,0.0000,0.0000,0.0000,0.0000,0.0000,
670,3,0,0,0,0,0.0000,0.0000,0.0000,0.0000,0.0000,0.0000,
671,3,0,0,0,0,0.0000,0.0000,0.0000,0.0000,0.0000,0.0000,
672,3,0,0,0,0,0.0000,0.0000,0.0000,0.0000,0.0000,0.0000,
673,3,0,0,0,0,0.0000,0.0000,0.0000,0.0000,0.0000,0.0000,
674,3,0,0,0,0,0.0000,0.0000,0.0000,0.0000,0.0000,0.0000,
675,3,0,0,0,0,0.0000,0.0000,0.0000,0.0000,0.0000,0.0000,
676,3,0,0,0,0,0.0000,0.0000,0.0000,0.0000,0.0000,0.0000,
677,3,0,0,0,0,0.0000,0.0000,0.0000,0.0000,0.0000,0.0000,
678,3,0,0,0,0,0.0000,0.0000,0.0000,0.0000,0.0000,0.0000,
679,3,0,0,0,0,0.0000,0.0000,0.0000,0.0000,0.0000,0.0000,
680,3,0,0,0,0,0.0000,0.0000,0.0000,0.0000,0.0000,0.0000,
681,3,0,0,0,0,0.0000,0.0000,0.0000,0.0000,0.0000,0.0000,
682,3,0,0,0,0,0.0000,0.0000,0.0000,0.0000,0.0000,0.0000,
683,3,0,0,0,0,0.0000,0.0000,0.0000,0.0000,0.0000,0.0000,
684,3,0,0,0,0,0.0000,0.0000,0.0000,0.0000,0.0000,0.0000,
685,3,0,0,0,0,0.0000,0.0000,0.0000,0.0000,0.0000,0.0000,
686,3,0,0,0,0,0.0000,0.0000,0.0000,0.0000,0.0000,0.0000,
687,3,0,0,0,0,0.0000,0.0000,0.0000,0.0000,0.0000,0.0000,
688,3,0,0,0,0,0.0000,0.0000,0.0000,0.0000,0.0000,0.0000,
689,3,0,0,0,0,0.0000,0.0000,0.0000,0.0000,0.0000,0.0000,
690,3,0,0,0,0,0.0000,0.0000,0.0000,0.0000,0.0000,0.0000,
691,3,0,0,0,0,0.0000,0.0000,0.0000,0.0000,0.0000,0.0000,
692,3,0,0,0,0,0.0000,0.0000,0.0000,0.0000,0.0000,0.0000,
693,3,0,0,0,0,0.0000,0.0000,0.0000,0.0000,0.0000,0.0000,
694,3,0,0,0,0,0.0000,0.0000,0.0000,0.0000,0.0000,0.0000,
695,3,0,0,0,0,0.0000,0.0000,0.0000,0.0000,0.0000,0.0000,
696,3,0,0,0,0,0.0000,0.0000,0.0000,0.0000,0.0000,0.0000,
