1,5,2,341,640,479,
2,5,2,341,640,479,
3,5,2,341,640,479,
4,5,2,341,640,479,
5,5,2,341,640,479,
6,5,2,341,640,479,
7,5,2,341,640,479,
8,5,2,341,640,479,
9,5,2,341,640,479,
10,5,2,341,640,479,
11,5,2,341,640,479,
12,5,2,341,640,479,
13,5,2,341,640,479,
14,5,2,341,640,479,
15,5,2,341,640,479,
16,5,2,341,640,479,
17,5,2,341,640,479,
18,5,2,341,640,479,
19,5,2,341,640,479,
20,5,2,341,640,479,
21,5,2,341,640,479,
22,5,2,341,640,479,
23,5,2,341,640,479,
24,5,2,341,640,479,
25,5,2,341,640,479,
26,5,2,341,640,479,
27,5,2,341,640,479,
28,5,2,341,640,479,
29,5,2,341,640,479,
30,5,2,341,640,479,
31,5,2,341,640,479,
32,5,2,341,640,479,
33,5,2,341,640,479,
34,5,2,341,640,479,
35,5,2,341,640,479,
36,5,2,341,640,479,
37,5,2,341,640,479,
38,5,2,341,640,479,
39,5,2,341,640,479,
40,5,2,341,640,479,
41,5,2,341,640,479,
42,5,2,341,640,479,
43,5,2,341,640,479,
44,5,2,341,640,479,
45,5,2,341,640,479,
46,5,2,341,640,479,
47,5,2,341,640,479,
48,5,2,341,640,479,
49,5,2,341,640,479,
50,5,2,341,640,479,
51,5,2,341,640,479,
52,5,2,341,640,479,
53,5,2,341,640,479,
54,5,2,341,640,479,
55,5,2,341,640,479,
56,5,2,341,640,479,
57,5,2,341,640,479,
58,5,2,341,640,479,
59,5,2,341,640,479,
60,5,2,341,640,479,
61,5,2,341,640,479,
62,5,2,341,640,479,
63,5,2,341,640,479,
64,5,2,341,640,479,
65,5,2,341,640,479,
66,5,2,341,640,479,
67,5,2,341,640,479,
68,5,2,341,640,479,
69,5,2,341,640,479,
70,5,2,341,640,479,
71,5,2,341,640,479,
72,5,2,341,640,479,
73,5,2,341,640,479,
74,5,2,341,640,479,
75,5,2,341,640,479,
76,5,2,341,640,479,
77,5,2,341,640,479,
78,5,2,341,640,479,
79,5,2,341,640,479,
80,5,2,341,640,479,
81,5,2,341,640,479,
82,5,2,341,640,479,
83,5,2,341,640,479,
84,5,2,341,640,479,
85,5,2,341,640,479,
86,5,2,341,640,479,
87,5,2,341,640,479,
88,5,2,341,640,479,
89,5,2,341,640,479,
90,5,2,341,640,479,
91,5,2,341,640,479,
92,5,2,341,640,479,
93,5,2,341,640,479,
94,5,2,341,640,479,
95,5,2,341,640,479,
96,5,2,341,640,479,
97,5,2,341,640,479,
98,5,2,341,640,479,
99,5,2,341,640,479,
100,5,2,341,640,479,
101,5,2,341,640,479,
102,5,2,341,640,479,
103,5,2,341,640,479,
104,5,2,341,640,479,
105,5,2,341,640,479,
106,5,2,341,640,479,
107,5,2,341,640,479,
108,5,2,341,640,479,
109,5,2,341,640,479,
110,5,2,341,640,479,
111,5,2,341,640,479,
112,5,2,341,640,479,
113,5,2,341,640,479,
114,5,2,341,640,479,
115,5,2,341,640,479,
116,5,2,341,640,479,
117,5,2,341,640,479,
118,5,2,341,640,479,
119,5,2,341,640,479,
120,5,2,341,640,479,
121,5,2,341,640,479,
122,5,2,341,640,479,
123,5,2,341,640,479,
124,5,2,341,640,479,
125,5,2,341,640,479,
126,5,2,341,640,479,
127,5,2,341,640,479,
128,5,2,341,640,479,
129,5,2,341,640,479,
130,5,2,341,640,479,
131,5,2,341,640,479,
132,5,2,341,640,479,
133,5,2,341,640,479,
134,5,2,341,640,479,
135,5,2,341,640,479,
136,5,2,341,640,479,
137,5,2,341,640,479,
138,5,2,341,640,479,
139,5,2,341,640,479,
140,5,2,341,640,479,
141,5,2,341,640,479,
142,5,2,341,640,479,
143,5,2,341,640,479,
144,5,2,341,640,479,
145,5,2,341,640,479,
146,5,2,341,640,479,
147,5,2,341,640,479,
148,5,2,341,640,479,
149,5,2,341,640,479,
150,5,2,341,640,479,
151,5,2,341,640,479,
152,5,2,341,640,479,
153,5,2,341,640,479,
154,5,2,341,640,479,
155,5,2,341,640,479,
156,5,2,341,640,479,
157,5,2,341,640,479,
158,5,2,341,640,479,
159,5,2,341,640,479,
160,5,2,341,640,479,
161,5,2,341,640,479,
162,5,2,341,640,479,
163,5,2,341,640,479,
164,5,2,341,640,479,
165,5,2,341,640,479,
166,5,2,341,640,479,
167,5,2,341,640,479,
168,5,2,341,640,479,
169,5,2,341,640,479,
170,5,2,341,640,479,
171,5,2,341,640,479,
172,5,2,341,640,479,
173,5,2,341,640,479,
174,5,2,341,640,479,
175,5,2,341,640,479,
176,5,2,341,640,479,
177,5,2,341,640,479,
178,5,2,341,640,479,
179,5,2,341,640,479,
180,5,2,341,640,479,
181,5,2,341,640,479,
182,5,2,341,640,479,
183,5,2,341,640,479,
184,5,2,341,640,479,
185,5,2,341,640,479,
186,5,2,341,640,479,
187,5,2,341,640,479,
188,5,2,341,640,479,
189,5,2,341,640,479,
190,5,2,341,640,479,
191,5,2,341,640,479,
192,5,2,341,640,479,
193,5,2,341,640,479,
194,5,2,341,640,479,
195,5,2,341,640,479,
196,5,2,341,640,479,
197,5,2,341,640,479,
198,5,2,341,640,479,
199,5,2,341,640,479,
200,5,2,341,640,479,
201,5,2,341,640,479,
202,5,2,341,640,479,
203,5,2,341,640,479,
204,5,2,341,640,479,
205,5,2,341,640,479,
206,5,2,341,640,479,
207,5,2,341,640,479,
208,5,2,341,640,479,
209,5,2,341,640,479,
210,5,2,341,640,479,
211,5,2,341,640,479,
212,5,2,341,640,479,
213,5,2,341,640,479,
214,5,2,341,640,479,
215,5,2,341,640,479,
216,5,2,341,640,479,
217,5,2,341,640,479,
218,5,2,341,640,479,
219,5,2,341,640,479,
220,5,2,341,640,479,
221,5,2,341,640,479,
222,5,2,341,640,479,
223,5,2,341,640,479,
224,5,2,341,640,479,
225,5,2,341,640,479,
226,5,2,341,640,479,
227,5,2,341,640,479,
228,5,2,341,640,479,
229,5,2,341,640,479,
230,5,2,341,640,479,
231,5,2,341,640,479,
232,5,2,341,640,479,
233,5,2,341,640,479,
234,5,2,341,640,479,
235,5,2,341,640,479,
236,5,2,341,640,479,
237,5,2,341,640,479,
238,5,2,341,640,479,
239,5,2,341,640,479,
240,5,2,341,640,479,
241,5,2,341,640,479,
242,5,2,341,640,479,
243,5,2,341,640,479,
244,5,2,341,640,479,
245,5,2,341,640,479,
246,5,2,341,640,479,
247,5,2,341,640,479,
248,5,2,341,640,479,
249,5,2,341,640,479,
250,5,2,341,640,479,
251,5,2,341,640,479,
252,5,2,341,640,479,
253,5,2,341,640,479,
254,5,2,341,640,479,
255,5,2,341,640,479,
256,5,2,341,640,479,
257,5,2,341,640,479,
258,5,2,341,640,479,
259,5,2,341,640,479,
260,5,2,341,640,479,
261,5,2,341,640,479,
262,5,2,341,640,479,
263,5,2,341,640,479,
264,5,2,341,640,479,
265,5,2,341,640,479,
266,5,2,341,640,479,
267,5,2,341,640,479,
268,5,2,341,640,479,
269,5,2,341,640,479,
270,5,2,341,640,479,
271,5,2,341,640,479,
272,5,2,341,640,479,
273,5,2,341,640,479,
274,5,2,341,640,479,
275,5,2,341,640,479,
276,5,2,341,640,479,
277,5,2,341,640,479,
278,5,2,341,640,479,
279,5,2,341,640,479,
280,5,2,341,640,479,
281,5,2,341,640,479,
282,5,2,341,640,479,
283,5,2,341,640,479,
284,5,2,341,640,479,
285,5,2,341,640,479,
286,5,2,341,640,479,
287,5,2,341,640,479,
288,5,2,341,640,479,
289,5,2,341,640,479,
290,5,2,341,640,479,
291,5,2,341,640,479,
292,5,2,341,640,479,
293,5,2,341,640,479,
294,5,2,341,640,479,
295,5,2,341,640,479,
296,5,2,341,640,479,
297,5,2,341,640,479,
298,5,2,341,640,479,
299,5,2,341,640,479,
300,5,2,341,640,479,
301,5,2,341,640,479,
302,5,2,341,640,479,
303,5,2,341,640,479,
304,5,2,341,640,479,
305,5,2,341,640,479,
306,5,2,341,640,479,
307,5,2,341,640,479,
308,5,2,341,640,479,
309,5,2,341,640,479,
310,5,2,341,640,479,
311,5,2,341,640,479,
312,5,2,341,640,479,
313,5,2,341,640,479,
314,5,2,341,640,479,
315,5,2,341,640,479,
316,5,2,341,640,479,
317,5,2,341,640,479,
318,5,2,341,640,479,
319,5,2,341,640,479,
320,5,2,341,640,479,
321,5,2,341,640,479,
322,5,2,341,640,479,
323,5,2,341,640,479,
324,5,2,341,640,479,
325,5,2,341,640,479,
326,5,2,341,640,479,
327,5,2,341,640,479,
328,5,2,341,640,479,
329,5,2,341,640,479,
330,5,2,341,640,479,
331,5,2,341,640,479,
332,5,2,341,640,479,
333,5,2,341,640,479,
334,5,2,341,640,479,
335,5,2,341,640,479,
336,5,2,341,640,479,
337,5,2,341,640,479,
338,5,2,341,640,479,
339,5,2,341,640,479,
340,5,2,341,640,479,
341,5,2,341,640,479,
342,5,2,341,640,479,
343,5,2,341,640,479,
344,5,2,341,640,479,
345,5,2,341,640,479,
346,5,2,341,640,479,
347,5,2,341,640,479,
348,5,2,341,640,479,
349,5,2,341,640,479,
350,5,2,341,640,479,
351,5,2,341,640,479,
352,5,2,341,640,479,
353,5,2,341,640,479,
354,5,2,341,640,479,
355,5,2,341,640,479,
356,5,2,341,640,479,
357,5,2,341,640,479,
358,5,2,341,640,479,
359,5,2,341,640,479,
360,5,2,341,640,479,
361,5,2,341,640,479,
362,5,2,341,640,479,
363,5,2,341,640,479,
364,5,2,341,640,479,
365,5,2,341,640,479,
366,5,2,341,640,479,
367,5,2,341,640,479,
368,5,2,341,640,479,
369,5,2,341,640,479,
370,5,2,341,640,479,
371,5,2,341,640,479,
372,5,2,341,640,479,
373,5,2,341,640,479,
374,5,2,341,640,479,
375,5,2,341,640,479,
376,5,2,341,640,479,
377,5,2,341,640,479,
378,5,2,341,640,479,
379,5,2,341,640,479,
380,5,2,341,640,479,
381,5,2,341,640,479,
382,5,2,341,640,479,
383,5,2,341,640,479,
384,5,2,341,640,479,
385,5,2,341,640,479,
386,5,2,341,640,479,
387,5,2,341,640,479,
388,5,2,341,640,479,
389,5,2,341,640,479,
390,5,2,341,640,479,
391,5,2,341,640,479,
392,5,2,341,640,479,
393,5,2,341,640,479,
394,5,2,341,640,479,
395,5,2,341,640,479,
396,5,2,341,640,479,
397,5,2,341,640,479,
398,5,2,341,640,479,
399,5,2,341,640,479,
400,5,2,341,640,479,
401,5,2,341,640,479,
402,5,2,341,640,479,
403,5,2,341,640,479,
404,5,2,341,640,479,
405,5,2,341,640,479,
406,5,2,341,640,479,
407,5,2,341,640,479,
408,5,2,341,640,479,
409,5,2,341,640,479,
410,5,2,341,640,479,
411,5,2,341,640,479,
412,5,2,341,640,479,
413,5,2,341,640,479,
414,5,2,341,640,479,
415,5,2,341,640,479,
416,5,2,341,640,479,
417,5,2,341,640,479,
418,5,2,341,640,479,
