1,62,0.826011,552,239,638,337,
2,62,0.914198,553,240,638,337,
3,62,0.920139,552,241,638,339,
4,62,0.828879,553,240,638,336,
5,62,0.890451,552,240,638,336,
6,62,0.916905,551,240,638,339,
7,62,0.853807,549,240,638,336,
8,62,0.916236,550,241,638,337,
9,62,0.778413,552,241,638,337,
10,62,0.856231,552,240,638,336,
11,62,0.855018,549,241,638,338,
12,62,0.824256,553,242,638,336,
13,62,0.902235,553,242,638,336,
14,62,0.899785,551,239,638,336,
15,62,0.851743,552,240,638,336,
16,62,0.900949,552,241,638,335,
17,62,0.857388,552,240,638,335,
18,62,0.839356,551,239,638,337,
19,62,0.822041,554,240,638,336,
20,62,0.868428,551,240,638,338,
21,62,0.892469,551,239,638,336,
22,62,0.842404,552,240,638,337,
23,62,0.916642,551,239,638,338,
24,62,0.892503,552,240,638,339,
25,62,0.882501,552,240,638,335,
26,62,0.881607,552,239,638,336,
27,62,0.910606,553,240,638,336,
28,62,0.860717,551,239,638,337,
29,62,0.885687,552,240,638,338,
30,62,0.890916,553,240,638,336,
31,62,0.879146,552,240,638,337,
32,62,0.907797,551,240,638,338,
33,62,0.899586,551,241,638,337,
34,62,0.890747,554,240,639,337,
35,62,0.892216,552,240,638,338,
36,62,0.879000,552,240,637,336,
37,62,0.899410,551,240,638,338,
38,62,0.766780,550,240,638,338,
39,62,0.883573,552,240,638,339,
40,62,0.867717,549,240,638,336,
41,62,0.845706,552,240,638,335,
42,62,0.913281,552,240,638,337,
43,62,0.902491,550,240,638,337,
44,62,0.878624,552,241,638,338,
45,62,0.787877,552,240,639,338,
46,62,0.919951,553,239,638,338,
47,62,0.856551,553,239,638,337,
48,62,0.932451,550,240,638,337,
49,62,0.850577,552,240,638,336,
50,62,0.888628,551,240,638,337,
51,62,0.858265,552,239,638,336,
52,62,0.878461,552,240,638,338,
53,62,0.907070,552,240,638,336,
54,62,0.819877,551,240,637,336,
55,62,0.904834,552,240,638,337,
56,62,0.850120,552,239,637,335,
57,62,0.831655,552,239,638,337,
58,62,0.793165,551,239,638,336,
59,62,0.893713,552,240,638,337,
60,62,0.840773,552,240,638,335,
61,62,0.889625,551,239,638,334,
62,62,0.888768,551,240,638,336,
63,62,0.878863,550,241,639,338,
64,62,0.913527,551,241,638,336,
65,62,0.878710,554,240,638,337,
66,62,0.880719,555,240,638,336,
67,62,0.876371,548,240,638,337,
68,62,0.873096,552,240,639,337,
69,62,0.827122,553,240,638,335,
70,62,0.892606,554,241,638,336,
71,62,0.899126,551,240,638,336,
72,62,0.878045,552,240,638,338,
73,62,0.894654,553,239,638,337,
74,62,0.872702,552,242,638,336,
75,62,0.899805,553,239,638,337,
76,62,0.888585,551,239,638,337,
77,62,0.897823,553,240,638,338,
78,62,0.909340,552,240,638,337,
79,62,0.844150,549,239,638,338,
80,62,0.927952,553,240,638,336,
81,62,0.869934,551,239,638,337,
82,62,0.826899,552,239,637,337,
83,62,0.897091,553,240,638,338,
84,62,0.878840,552,241,638,338,
85,62,0.913665,548,240,637,338,
86,62,0.881708,551,239,638,336,
87,62,0.900986,551,241,638,337,
88,62,0.857326,550,240,638,338,
89,62,0.878952,552,240,638,336,
90,62,0.900118,552,240,638,337,
91,62,0.878680,552,240,638,338,
92,62,0.905267,549,240,637,336,
93,62,0.893274,553,240,638,336,
94,62,0.856733,552,240,638,338,
95,62,0.920849,551,240,638,336,
96,62,0.877482,553,241,638,337,
97,62,0.851771,552,239,638,336,
98,62,0.808731,553,240,638,337,
99,62,0.872666,551,240,638,338,
100,62,0.928235,554,239,638,337,
101,62,0.884199,552,239,637,337,
102,62,0.895871,554,239,638,339,
103,62,0.819440,552,239,638,337,
104,62,0.913203,554,241,638,337,
105,62,0.896186,551,239,638,338,
106,62,0.905852,552,240,638,338,
107,62,0.896696,553,241,638,338,
108,62,0.851820,553,240,638,336,
109,62,0.874502,552,240,638,338,
110,62,0.901409,552,239,638,336,
111,62,0.899785,553,240,638,337,
112,62,0.867704,552,240,638,336,
113,62,0.913197,552,243,637,336,
114,62,0.812690,552,240,638,337,
115,62,0.874837,552,240,638,337,
116,62,0.894230,550,240,638,337,
117,62,0.895536,549,239,638,335,
118,62,0.856828,552,240,639,337,
119,62,0.923970,550,239,638,336,
120,62,0.860974,550,240,638,336,
121,62,0.913159,552,240,638,336,
122,62,0.855005,552,240,638,335,
123,62,0.760975,553,239,638,336,
124,62,0.873747,550,240,638,336,
125,62,0.801056,552,239,639,335,
126,62,0.847880,553,243,636,334,
127,62,0.921541,552,240,638,338,
128,62,0.852225,552,243,638,335,
129,62,0.880448,553,241,638,336,
130,62,0.942621,551,243,639,336,
131,62,0.870306,549,240,638,337,
132,62,0.924520,552,240,638,336,
133,62,0.849091,550,240,638,338,
134,62,0.878552,552,240,638,335,
135,62,0.818992,552,243,638,337,
136,62,0.913621,551,241,638,337,
137,62,0.915667,552,241,638,336,
138,62,0.867468,552,240,638,336,
139,62,0.904923,552,240,638,336,
140,62,0.836840,553,243,637,337,
141,62,0.846683,552,240,638,335,
142,62,0.868333,553,241,638,336,
143,62,0.817583,551,241,638,335,
144,62,0.895896,552,240,638,337,
145,62,0.860011,553,240,639,338,
146,62,0.873964,552,240,637,336,
147,62,0.895500,550,239,637,337,
148,62,0.877320,549,240,637,337,
149,62,0.841493,552,240,638,336,
150,62,0.844815,553,240,638,336,
151,62,0.829273,550,239,637,338,
152,62,0.826692,551,239,638,336,
153,62,0.871143,552,241,638,336,
154,62,0.887240,553,240,639,337,
155,62,0.814070,552,240,638,337,
156,62,0.856548,549,240,638,336,
157,62,0.851432,550,240,638,337,
158,62,0.887953,552,239,638,338,
159,62,0.825719,550,240,638,338,
160,62,0.866658,550,240,638,338,
161,62,0.874549,553,240,639,336,
162,62,0.803275,554,243,638,336,
163,62,0.880034,551,239,638,336,
164,62,0.901525,550,243,636,337,
165,62,0.883279,548,243,637,336,
166,62,0.860117,551,242,637,337,
167,62,0.867907,548,240,638,339,
168,62,0.864213,547,242,637,335,
169,62,0.911028,548,240,639,336,
170,62,0.850573,548,240,638,339,
171,62,0.873244,548,243,636,337,
172,62,0.856377,548,240,638,338,
173,62,0.845610,543,239,639,339,
174,62,0.835083,549,239,638,338,
175,62,0.848582,550,243,636,338,
176,62,0.884346,553,241,638,339,
177,62,0.793083,551,242,636,338,
178,62,0.726562,549,239,639,339,
179,62,0.851579,551,242,637,338,
180,62,0.881732,553,240,639,337,
181,62,0.851285,550,243,637,339,
182,62,0.882093,550,239,638,338,
183,62,0.827334,553,241,639,339,
184,62,0.864435,551,243,636,337,
185,62,0.862874,551,239,638,337,
186,62,0.690314,551,240,639,338,
187,62,0.827563,552,240,638,340,
188,62,0.855177,551,243,636,336,
189,62,0.816659,553,242,638,338,
190,62,0.845566,551,242,638,336,
191,62,0.847080,551,242,636,339,
192,62,0.901144,553,242,636,338,
193,62,0.886184,552,243,636,339,
194,62,0.759267,550,243,636,338,
195,62,0.915919,551,243,637,338,
196,62,0.768825,550,242,636,337,
197,62,0.844671,550,244,637,337,
198,62,0.800774,551,240,639,339,
199,62,0.842278,552,240,638,338,
200,62,0.855960,548,240,638,338,
201,62,0.828984,553,243,636,339,
202,62,0.905310,551,243,636,339,
203,62,0.827614,552,240,639,337,
204,62,0.840718,553,242,636,338,
205,62,0.882143,548,243,637,338,
206,62,0.749455,552,242,638,337,
207,62,0.705287,551,243,637,337,
208,62,0.838942,550,239,638,340,
209,62,0.853507,550,240,638,339,
210,62,0.819308,550,239,638,338,
211,62,0.861948,551,243,636,337,
212,62,0.884817,552,243,636,338,
213,62,0.875839,551,242,636,337,
214,62,0.830813,551,243,638,338,
215,62,0.820508,552,243,637,339,
216,62,0.849731,550,243,636,336,
217,62,0.858288,549,242,636,339,
218,62,0.904720,553,243,637,339,
219,62,0.862824,553,240,639,337,
220,62,0.892402,553,240,638,339,
221,62,0.856506,552,240,638,338,
222,62,0.868963,552,242,636,339,
223,62,0.827713,552,242,637,338,
224,62,0.868955,551,243,636,337,
225,62,0.838039,550,244,636,336,
226,62,0.867571,551,239,638,338,
227,62,0.809946,552,240,638,340,
228,62,0.856343,553,242,636,339,
229,62,0.712010,553,239,638,336,
230,62,0.798864,551,242,636,339,
231,62,0.883018,555,242,638,338,
232,62,0.762400,553,239,638,339,
233,62,0.887099,550,243,638,337,
234,62,0.879886,552,240,638,336,
235,62,0.834342,550,240,638,337,
236,62,0.849496,552,243,636,337,
237,62,0.770777,552,239,638,339,
238,62,0.898932,551,240,638,340,
239,62,0.813297,552,241,638,338,
240,62,0.806356,552,242,637,338,
241,62,0.899503,551,240,639,340,
242,62,0.849759,549,243,636,337,
243,62,0.883095,552,240,638,339,
244,62,0.848700,551,243,636,338,
245,62,0.853767,552,243,636,337,
246,62,0.828356,550,243,636,338,
247,62,0.855775,552,240,638,340,
248,62,0.733136,553,239,638,338,
249,62,0.829673,552,240,638,338,
250,62,0.712102,550,238,637,339,
251,62,0.777981,551,243,636,336,
252,62,0.751919,552,243,638,338,
253,62,0.783323,551,239,639,338,
254,62,0.773968,549,239,639,340,
255,62,0.816790,552,240,638,339,
256,62,0.805972,549,239,639,340,
257,62,0.844054,550,242,637,338,
258,62,0.834243,553,242,638,337,
259,62,0.869085,551,239,639,341,
260,62,0.842473,546,242,638,340,
261,62,0.882628,542,240,637,339,
262,62,0.840179,548,239,639,340,
263,62,0.914219,551,241,638,340,
264,62,0.854259,551,240,638,338,
265,62,0.871811,551,240,638,337,
266,62,0.890323,552,240,639,338,
267,62,0.863057,552,241,639,338,
268,62,0.863616,552,243,636,337,
269,62,0.812861,552,242,639,335,
270,62,0.873560,548,242,636,337,
271,62,0.856352,550,243,637,337,
272,62,0.792106,549,240,638,338,
273,62,0.707115,551,243,637,337,
274,62,0.880616,549,243,636,337,
275,62,0.808190,553,240,638,336,
276,62,0.857265,553,243,639,337,
277,62,0.796240,551,242,638,335,
278,62,0.868331,552,239,638,335,
279,62,0.899981,552,240,638,336,
280,62,0.908929,552,243,636,336,
281,62,0.838649,552,240,639,337,
282,62,0.929279,550,241,638,336,
283,62,0.840329,551,239,638,337,
284,62,0.799310,553,240,639,336,
285,62,0.884106,553,239,638,337,
286,62,0.909995,552,240,638,335,
287,62,0.832742,552,239,638,337,
288,62,0.799026,550,241,638,337,
289,62,0.945102,551,243,639,338,
290,62,0.893981,554,240,638,337,
291,62,0.859043,551,242,638,336,
292,62,0.872196,553,240,638,336,
293,62,0.880896,552,241,638,336,
294,62,0.903990,553,242,639,336,
295,62,0.853122,551,240,638,336,
296,62,0.896676,552,241,638,336,
297,62,0.799982,552,240,638,336,
298,62,0.836332,551,242,637,335,
299,62,0.786111,553,239,638,336,
300,62,0.847027,551,240,638,336,
301,62,0.891692,552,243,638,336,
302,62,0.908780,552,240,638,336,
303,62,0.911097,553,239,638,337,
304,62,0.892902,552,240,639,335,
305,62,0.839642,552,239,638,336,
306,62,0.807951,551,240,638,338,
307,62,0.844760,551,240,637,339,
308,62,0.832363,553,239,638,336,
309,62,0.848315,552,240,638,337,
310,62,0.827279,552,240,638,337,
311,62,0.824168,549,241,638,337,
312,62,0.872549,549,239,638,337,
313,62,0.829577,553,240,638,335,
314,62,0.863402,551,240,638,338,
315,62,0.897911,552,239,638,337,
316,62,0.916841,552,240,638,337,
317,62,0.889035,552,240,638,338,
318,62,0.756101,552,239,638,336,
319,62,0.894625,551,238,637,336,
320,62,0.924546,552,240,638,337,
321,62,0.840317,551,240,638,339,
322,62,0.907603,552,239,638,338,
323,62,0.882011,552,241,638,337,
324,62,0.840018,550,240,638,339,
325,62,0.930301,552,240,638,336,
326,62,0.861713,552,239,638,335,
327,62,0.789557,551,240,638,338,
328,62,0.911376,553,240,638,336,
329,62,0.898007,553,240,638,337,
330,62,0.908014,554,242,639,335,
331,62,0.898811,552,243,636,337,
332,62,0.862127,552,240,638,338,
333,62,0.927070,551,242,637,337,
334,62,0.906714,553,240,638,336,
335,62,0.927266,551,240,638,336,
336,62,0.852729,553,240,639,337,
337,62,0.851280,551,239,638,337,
338,62,0.844581,552,239,638,335,
339,62,0.872915,552,239,638,335,
340,62,0.902384,552,240,638,336,
341,62,0.862849,552,242,638,336,
342,62,0.833305,550,241,638,335,
343,62,0.904582,552,240,638,337,
344,62,0.864847,553,239,638,335,
345,62,0.841085,552,239,638,335,
346,62,0.835024,550,241,636,336,
347,62,0.815134,551,240,638,337,
348,62,0.888643,552,240,638,335,
349,62,0.821598,554,240,638,336,
350,62,0.850987,552,241,638,336,
351,62,0.882404,553,240,639,336,
352,62,0.890172,553,243,636,336,
353,62,0.872083,552,240,639,337,
354,62,0.795895,552,240,639,337,
355,62,0.804723,552,240,639,335,
356,62,0.866439,552,239,638,335,
357,62,0.792542,551,239,638,337,
358,62,0.899068,552,240,638,335,
359,62,0.868124,552,240,638,337,
360,62,0.798384,551,239,638,335,
361,62,0.745416,553,239,638,339,
362,62,0.898338,552,243,636,338,
363,62,0.866815,551,239,638,336,
364,62,0.876430,551,240,638,336,
365,62,0.918602,551,241,637,336,
366,62,0.905377,552,243,637,339,
367,62,0.862604,551,240,638,337,
368,62,0.859375,552,240,638,337,
369,62,0.836585,552,239,638,336,
370,62,0.880151,550,242,638,339,
371,62,0.929795,553,243,637,338,
372,62,0.850176,551,240,638,337,
373,62,0.833665,553,238,638,337,
374,62,0.861431,554,240,638,337,
375,62,0.873711,553,240,638,336,
376,62,0.910376,553,240,638,337,
377,62,0.898039,551,240,638,337,
378,62,0.887542,551,239,637,337,
379,62,0.797000,554,240,638,336,
380,62,0.865469,551,240,638,337,
381,62,0.843836,550,241,638,339,
382,62,0.885093,551,241,638,336,
383,62,0.875769,551,240,637,337,
384,62,0.845050,553,239,638,336,
385,62,0.894012,552,239,638,335,
386,62,0.893265,552,243,636,335,
387,62,0.919224,552,243,638,336,
388,62,0.814514,552,238,638,336,
389,62,0.859463,550,239,637,338,
390,62,0.813028,553,239,638,335,
391,62,0.870856,552,240,637,336,
392,62,0.816464,552,239,638,338,
393,62,0.794796,551,239,638,337,
394,62,0.817168,552,239,638,336,
395,62,0.847430,553,241,638,336,
396,62,0.920371,549,240,638,339,
397,62,0.888755,552,240,637,336,
398,62,0.895766,551,239,638,336,
399,62,0.920996,554,243,638,337,
400,62,0.793133,552,240,638,335,
401,62,0.880991,552,241,637,337,
402,62,0.842086,550,239,637,336,
403,62,0.793899,549,240,637,337,
404,62,0.840750,548,240,637,336,
405,62,0.894490,549,239,637,335,
406,62,0.823424,552,239,638,338,
407,62,0.901296,550,240,638,336,
408,62,0.808203,550,240,638,336,
409,62,0.882668,551,240,638,337,
410,62,0.871832,552,240,638,336,
411,62,0.880180,551,239,638,335,
412,62,0.794682,551,240,638,335,
413,62,0.839176,554,239,638,338,
414,62,0.812418,552,240,638,335,
415,62,0.862285,552,241,638,336,
416,62,0.881030,551,240,638,337,
417,62,0.863671,552,240,637,335,
418,62,0.909083,550,240,638,338,
419,62,0.825565,552,240,638,336,
420,62,0.836657,550,240,639,336,
421,62,0.814253,553,240,638,335,
422,62,0.905420,551,239,638,337,
423,62,0.863482,553,241,638,335,
424,62,0.889791,551,240,638,337,
425,62,0.878773,553,240,638,337,
426,62,0.889890,552,239,638,337,
427,62,0.717071,551,240,638,336,
428,62,0.841067,551,239,638,335,
429,62,0.892335,550,240,638,335,
430,62,0.923635,550,242,638,335,
431,62,0.894070,552,239,638,334,
432,62,0.908223,551,244,637,337,
433,62,0.913149,549,241,638,336,
434,62,0.933884,555,241,638,337,
435,62,0.898445,553,241,639,337,
436,62,0.918618,550,241,638,336,
437,62,0.833197,552,240,638,335,
438,62,0.827945,552,241,638,334,
439,62,0.897814,551,240,638,336,
440,62,0.848204,553,240,638,335,
441,62,0.852517,552,240,637,335,
442,62,0.821957,551,241,638,335,
443,62,0.830050,552,240,638,337,
444,62,0.880845,551,239,638,336,
445,62,0.838945,554,239,638,336,
446,62,0.861288,551,239,638,335,
447,62,0.901575,553,242,638,335,
448,62,0.842923,552,240,638,336,
449,62,0.840498,553,240,639,337,
450,62,0.836824,553,240,638,337,
451,62,0.841142,551,240,637,337,
452,62,0.896651,552,240,638,335,
453,62,0.839137,552,239,638,336,
454,62,0.876751,552,241,638,334,
455,62,0.900385,552,240,638,338,
456,62,0.821553,551,243,636,336,
457,62,0.926071,552,241,638,335,
458,62,0.809954,552,239,638,335,
459,62,0.789462,552,240,639,337,
460,62,0.832649,550,240,637,336,
461,62,0.797028,551,240,638,337,
462,62,0.892803,549,240,638,336,
463,62,0.877139,551,239,638,336,
464,62,0.866926,553,243,639,335,
465,62,0.905923,551,239,638,335,
466,62,0.821711,550,240,638,336,
467,62,0.884571,552,240,638,335,
468,62,0.811921,551,239,638,335,
469,62,0.851648,550,240,639,337,
470,62,0.910587,552,240,638,335,
471,62,0.908003,553,240,638,335,
472,62,0.917361,553,240,638,336,
473,62,0.925823,553,239,639,336,
474,62,0.844310,549,240,638,335,
475,62,0.889031,553,242,638,335,
476,62,0.871250,552,240,638,335,
477,62,0.812655,552,240,638,334,
478,62,0.847210,551,240,638,334,
479,62,0.902210,551,240,638,336,
480,62,0.808899,552,239,638,335,
481,62,0.907015,551,240,638,336,
482,62,0.870089,553,238,638,336,
483,62,0.869612,550,239,638,336,
484,62,0.811142,553,239,638,334,
485,62,0.864996,551,239,637,335,
486,62,0.846754,549,240,638,335,
487,62,0.819827,552,240,638,336,
488,62,0.904044,552,240,637,335,
489,62,0.889352,553,239,638,335,
490,62,0.813435,553,239,639,336,
491,62,0.874781,551,239,638,335,
492,62,0.868544,552,239,638,335,
493,62,0.876662,551,240,638,336,
494,62,0.885637,551,240,638,335,
495,62,0.940040,551,241,638,336,
496,62,0.867912,553,239,638,335,
497,62,0.828364,552,239,638,336,
498,62,0.901404,551,241,637,335,
499,62,0.867057,552,240,638,334,
