1,51,0.814750,515,328,566,370,
2,51,0.813905,515,328,566,370,
3,51,0.803178,515,327,566,370,
4,51,0.757426,516,327,566,371,
5,51,0.756179,516,327,566,371,
6,51,0.742901,516,327,566,371,
7,51,0.818866,516,327,566,370,
8,51,0.806485,516,327,566,370,
9,51,0.823023,516,327,566,370,
10,51,0.818686,516,327,566,371,
11,51,0.831888,516,326,566,370,
12,51,0.836095,516,328,565,370,
13,51,0.851097,516,327,566,371,
14,51,0.821261,516,327,566,371,
15,51,0.833462,516,327,566,370,
16,51,0.790755,517,327,566,370,
17,51,0.753418,517,327,566,371,
18,51,0.793381,516,327,566,370,
19,51,0.730368,517,327,566,371,
20,51,0.763209,516,327,566,371,
21,51,0.804910,516,326,565,371,
22,51,0.793372,516,327,566,371,
23,51,0.802540,517,326,566,371,
24,51,0.843168,517,327,566,371,
25,51,0.809660,517,327,566,371,
26,51,0.817223,517,326,566,370,
27,51,0.755619,518,327,566,371,
28,51,0.902625,517,327,566,371,
29,51,0.808913,517,327,566,371,
30,51,0.811805,517,327,566,371,
31,51,0.857168,517,327,566,372,
32,51,0.785300,517,327,566,371,
33,51,0.809972,517,327,565,371,
34,51,0.657867,517,327,566,371,
35,51,0.746709,517,327,565,371,
36,51,0.753896,517,327,566,371,
37,51,0.806638,517,327,566,371,
38,51,0.728456,517,326,566,371,
39,51,0.739248,517,327,566,371,
40,51,0.702693,517,327,565,371,
41,51,0.764792,517,326,565,370,
42,51,0.874445,515,326,565,371,
43,51,0.768980,515,326,565,371,
44,51,0.626654,514,327,565,370,
45,51,0.555315,514,327,566,370,
46,51,0.538928,514,328,565,370,
48,51,0.631310,511,328,569,367,
49,51,0.700600,508,330,565,364,
128,75,0.505869,514,328,567,350,
417,51,0.523026,508,325,567,349,
