1,62,0.986260,191,274,306,480,
2,62,0.983456,190,275,304,480,
3,62,0.992716,192,276,307,480,
4,62,0.987731,192,275,304,480,
5,62,0.989886,191,276,306,480,
6,62,0.982699,190,277,306,480,
7,62,0.989763,191,277,306,480,
8,62,0.985627,191,276,306,480,
9,62,0.983466,190,276,304,480,
10,62,0.978954,188,275,305,480,
11,62,0.988941,190,274,303,480,
12,62,0.983759,191,275,305,480,
13,62,0.988124,190,275,305,480,
14,62,0.987658,191,275,305,480,
15,62,0.987450,189,276,307,480,
16,62,0.983000,188,274,304,480,
17,62,0.985980,190,277,306,480,
18,62,0.982217,190,276,306,480,
19,62,0.985823,192,274,305,480,
20,62,0.985708,188,276,305,480,
21,62,0.988096,191,270,306,480,
22,62,0.989139,191,273,306,480,
23,62,0.984349,192,272,306,480,
24,62,0.986491,191,275,305,480,
25,62,0.986477,192,276,309,480,
26,62,0.990570,192,274,312,480,
27,62,0.988220,190,274,311,480,
28,62,0.990855,190,275,306,480,
29,62,0.990884,191,274,303,480,
30,62,0.989005,189,274,302,480,
31,62,0.985630,191,273,305,480,
32,62,0.990285,193,272,304,480,
33,62,0.989028,192,273,305,479,
34,62,0.990980,190,273,306,478,
35,62,0.994075,189,272,306,479,
36,62,0.989191,188,273,303,480,
37,62,0.988419,191,272,309,480,
38,62,0.989870,188,272,307,480,
39,62,0.991546,189,272,311,480,
40,62,0.992521,191,276,312,480,
41,62,0.988634,186,272,316,480,
42,62,0.993675,190,273,317,478,
43,62,0.993582,189,272,317,479,
44,62,0.991679,191,271,316,480,
45,62,0.986353,190,274,318,480,
46,62,0.993270,188,272,320,480,
47,62,0.985329,186,271,323,480,
48,62,0.992914,193,265,316,480,
49,62,0.990479,189,271,321,480,
50,62,0.991292,189,274,322,480,
51,62,0.994284,189,271,319,480,
52,62,0.978878,188,268,319,479,
53,62,0.986525,192,271,318,480,
54,62,0.989335,190,270,320,477,
55,62,0.990393,187,275,320,478,
56,62,0.990569,194,274,313,479,
57,62,0.994665,189,273,319,478,
58,62,0.991153,188,271,321,479,
59,62,0.990734,189,272,319,478,
60,62,0.990206,189,274,318,480,
61,62,0.980701,187,270,322,480,
62,62,0.990593,189,271,322,478,
63,62,0.986635,188,270,317,480,
64,62,0.986884,187,268,321,480,
65,62,0.993482,188,272,322,478,
66,62,0.986838,189,275,317,480,
67,62,0.981877,191,274,318,480,
68,62,0.989354,191,274,316,480,
69,62,0.986663,191,275,317,480,
70,62,0.983156,190,269,320,478,
71,62,0.976000,192,273,320,480,
72,62,0.992855,188,274,320,478,
73,62,0.988226,190,272,320,478,
74,62,0.987634,192,274,316,480,
75,62,0.992806,190,273,317,480,
76,62,0.988483,192,274,318,480,
77,62,0.987341,193,274,319,477,
78,62,0.986866,192,273,320,480,
79,62,0.990629,189,271,322,477,
80,62,0.988532,190,270,322,477,
81,62,0.983051,190,268,321,478,
82,62,0.988510,190,268,320,478,
83,62,0.984030,193,274,318,480,
84,62,0.982730,191,270,321,477,
85,62,0.987130,190,273,320,478,
86,62,0.986581,194,274,314,480,
87,62,0.985966,192,274,319,480,
88,62,0.992660,191,274,315,480,
89,62,0.982129,193,274,318,480,
90,62,0.987641,189,270,319,479,
91,62,0.989191,191,273,317,480,
92,62,0.992759,189,271,319,478,
93,62,0.991807,192,274,317,480,
94,62,0.986232,194,274,314,478,
95,62,0.983404,190,274,317,478,
96,62,0.985799,193,270,316,480,
97,62,0.986657,191,272,320,479,
98,62,0.992943,189,270,320,478,
99,62,0.986845,191,273,318,480,
100,62,0.993793,189,271,314,480,
101,62,0.984007,192,273,319,480,
102,62,0.988368,190,267,321,479,
103,62,0.989691,189,271,321,478,
104,62,0.981056,193,276,318,480,
105,62,0.990907,191,270,315,478,
106,62,0.988289,192,266,316,480,
107,62,0.990077,191,274,319,480,
108,62,0.987573,190,269,320,477,
109,62,0.986164,193,275,318,480,
110,62,0.991243,191,274,317,480,
111,62,0.986301,191,269,320,478,
112,62,0.989921,192,273,317,480,
113,62,0.993177,190,275,318,480,
114,62,0.988612,190,269,315,478,
115,62,0.990908,190,271,319,478,
116,62,0.993220,188,273,317,480,
117,62,0.991272,193,274,318,480,
118,62,0.993428,188,272,316,478,
119,62,0.991201,189,269,319,480,
120,62,0.990827,190,271,321,476,
121,62,0.991488,190,275,321,480,
122,62,0.990436,190,270,321,479,
123,62,0.990779,192,266,317,478,
124,62,0.992696,191,273,318,480,
125,62,0.984667,188,269,321,480,
126,62,0.992309,191,274,318,480,
127,62,0.989422,193,271,317,480,
128,62,0.991094,188,269,320,479,
129,62,0.994826,188,273,320,478,
130,62,0.984949,192,270,317,480,
131,62,0.988484,192,274,317,479,
132,62,0.993990,191,274,320,479,
133,62,0.992567,192,275,316,480,
134,62,0.989325,192,274,319,480,
135,62,0.994582,190,270,319,478,
136,62,0.987982,193,274,320,480,
137,62,0.991780,189,271,320,480,
138,62,0.988278,192,274,319,480,
139,62,0.983956,190,268,317,480,
140,62,0.988140,189,274,317,477,
141,62,0.988238,189,268,318,480,
142,62,0.990820,187,271,319,480,
143,62,0.988292,190,273,316,480,
144,62,0.985498,192,273,318,480,
145,62,0.984467,191,274,319,480,
146,62,0.986641,191,272,319,480,
147,62,0.980196,192,272,320,480,
148,62,0.989423,192,273,319,480,
149,62,0.984420,192,273,320,480,
150,62,0.989652,189,270,322,476,
151,62,0.988629,190,270,321,478,
152,62,0.990225,191,273,315,480,
153,62,0.986860,191,275,317,480,
154,62,0.987519,190,273,318,480,
155,62,0.992523,192,275,318,480,
156,62,0.984952,192,275,319,479,
157,62,0.991393,190,275,317,480,
158,62,0.983901,192,266,317,480,
159,62,0.992896,189,270,320,478,
160,62,0.988123,193,274,321,480,
161,62,0.985161,190,269,313,478,
162,62,0.992806,188,273,319,480,
163,62,0.984170,191,273,318,480,
164,62,0.977069,190,273,320,480,
165,62,0.989186,189,271,319,478,
166,62,0.992894,187,272,321,478,
167,62,0.984071,192,270,319,478,
168,62,0.993572,190,273,322,476,
169,62,0.988689,192,272,318,478,
170,62,0.993378,188,270,322,478,
171,62,0.989897,190,271,322,480,
172,62,0.994382,189,271,320,479,
173,62,0.991859,191,273,321,480,
174,62,0.995325,190,274,320,480,
175,62,0.989747,190,273,315,480,
176,62,0.991917,189,271,322,480,
177,62,0.993579,191,274,320,480,
178,62,0.992672,188,269,323,478,
179,62,0.991602,191,272,323,480,
180,62,0.987897,190,269,323,479,
181,62,0.990853,189,269,323,479,
182,62,0.993956,188,270,323,478,
183,62,0.993853,187,271,322,478,
184,62,0.987093,192,272,321,480,
185,62,0.994189,192,274,322,480,
186,62,0.994018,188,270,323,479,
187,62,0.991364,190,270,326,477,
188,62,0.988017,189,268,322,480,
189,62,0.993505,190,270,321,478,
190,62,0.992154,189,274,323,480,
191,62,0.987730,188,269,324,480,
192,62,0.993011,190,271,321,480,
193,62,0.994955,187,273,324,478,
194,62,0.989596,189,270,323,479,
195,62,0.993925,188,271,323,478,
196,62,0.994524,187,271,323,477,
197,62,0.994035,188,270,322,478,
198,62,0.993070,188,271,324,477,
199,62,0.994231,187,271,322,479,
200,62,0.996043,189,271,322,479,
201,62,0.994087,187,272,325,478,
202,62,0.995394,190,272,322,477,
203,62,0.989550,189,268,322,479,
204,62,0.992997,190,274,322,480,
205,62,0.992812,188,270,323,480,
206,62,0.993231,190,270,320,477,
207,62,0.994147,189,269,323,478,
208,62,0.994478,189,272,322,480,
209,62,0.989778,190,270,323,479,
210,62,0.988746,191,270,321,477,
211,62,0.990166,191,272,321,480,
212,62,0.993997,190,272,320,480,
213,62,0.992187,190,271,322,478,
214,62,0.992853,191,273,321,480,
215,62,0.988577,189,268,323,479,
216,62,0.995299,192,271,319,477,
217,62,0.989403,189,267,323,479,
218,62,0.991741,189,272,321,480,
219,62,0.991819,189,268,322,480,
220,62,0.991898,188,270,323,478,
221,62,0.993397,189,269,321,478,
222,62,0.992012,188,271,324,477,
223,62,0.989495,191,274,318,480,
224,62,0.976692,189,270,323,479,
225,62,0.990937,188,271,321,479,
226,62,0.991295,189,272,319,479,
227,62,0.987184,192,270,318,480,
228,62,0.991759,188,271,321,480,
229,62,0.994453,188,272,319,478,
230,62,0.990051,188,270,319,479,
231,62,0.992959,190,273,318,480,
232,62,0.988600,193,273,316,480,
233,62,0.989248,188,272,320,478,
234,62,0.990442,189,271,318,480,
235,62,0.990189,189,272,316,480,
236,62,0.991326,190,274,321,478,
237,62,0.993570,191,270,316,480,
238,62,0.994312,189,274,319,477,
239,62,0.991945,191,274,316,479,
240,62,0.991679,189,272,319,477,
241,62,0.994053,190,272,317,479,
242,62,0.995425,190,270,318,478,
243,62,0.994564,187,273,317,478,
244,62,0.992452,188,275,317,480,
245,62,0.991374,190,273,319,478,
246,62,0.988583,189,274,318,480,
247,62,0.992999,192,272,314,480,
248,62,0.985090,189,273,313,480,
249,62,0.989349,189,274,318,479,
250,62,0.992123,191,273,315,480,
251,62,0.983462,189,275,316,477,
252,62,0.994490,190,274,315,478,
253,62,0.991930,189,276,314,479,
254,62,0.994777,189,273,312,480,
255,62,0.985138,189,271,314,478,
256,62,0.991329,188,273,314,479,
257,62,0.991012,190,275,314,478,
258,62,0.986296,190,274,312,480,
259,62,0.992348,188,275,313,478,
260,62,0.989944,191,273,311,480,
261,62,0.992803,190,272,311,480,
262,62,0.987751,188,275,315,478,
263,62,0.992054,191,271,313,480,
264,62,0.992969,188,275,313,478,
265,62,0.993219,190,272,311,480,
266,62,0.989045,189,277,313,480,
267,62,0.990441,190,271,310,480,
268,62,0.990745,189,274,312,479,
269,62,0.994416,193,275,312,480,
270,62,0.994066,189,271,310,479,
271,62,0.992519,189,277,313,479,
272,62,0.992572,190,274,310,480,
273,62,0.993548,190,277,308,478,
274,62,0.992049,192,276,310,478,
275,62,0.993074,189,272,310,480,
276,62,0.991957,188,276,313,478,
277,62,0.991976,190,276,312,478,
278,62,0.983845,188,275,311,480,
279,62,0.952932,191,270,313,480,
280,62,0.975368,190,271,313,480,
281,62,0.991379,189,274,310,480,
282,62,0.990607,185,273,312,480,
283,62,0.986308,188,272,311,480,
284,62,0.982784,188,273,312,480,
285,62,0.988675,190,275,309,480,
286,62,0.984401,189,274,309,480,
287,62,0.984671,188,275,308,477,
288,62,0.974697,188,272,311,480,
289,62,0.965583,190,269,315,480,
290,62,0.988768,188,276,307,478,
291,62,0.974883,188,274,311,480,
292,62,0.977145,188,273,309,479,
293,62,0.974531,189,272,309,480,
294,62,0.974216,188,271,311,480,
295,62,0.981086,188,274,308,480,
296,62,0.985904,188,273,307,480,
297,62,0.980439,190,272,308,480,
298,62,0.988642,190,276,305,479,
299,62,0.989642,190,273,307,480,
300,62,0.982911,190,274,309,479,
301,62,0.991987,189,274,310,477,
302,62,0.989029,192,272,309,480,
303,62,0.985516,189,271,308,480,
304,62,0.989149,191,273,310,477,
305,62,0.988177,189,274,309,479,
306,62,0.991961,191,276,309,476,
307,62,0.988455,188,272,307,480,
308,62,0.988258,191,274,309,480,
309,62,0.990063,191,276,305,478,
310,62,0.988662,189,273,310,478,
311,62,0.991236,191,278,305,476,
312,62,0.988526,188,277,307,478,
313,62,0.987794,189,273,309,480,
314,62,0.993261,191,277,307,477,
315,62,0.982350,189,273,307,480,
316,62,0.990391,190,277,306,478,
317,62,0.989819,190,274,309,477,
318,62,0.986447,190,274,311,478,
319,62,0.990874,188,276,307,480,
320,62,0.992515,189,274,309,480,
321,62,0.992453,189,277,307,479,
322,62,0.981935,189,269,312,480,
323,62,0.990289,187,273,310,480,
324,62,0.990055,187,273,313,480,
325,62,0.990002,189,277,312,478,
326,62,0.989430,188,275,310,480,
327,62,0.985194,188,274,312,478,
328,62,0.986172,187,276,312,480,
329,62,0.984624,186,273,312,480,
330,62,0.982856,187,273,314,480,
331,62,0.983171,188,271,312,480,
332,62,0.989780,190,275,313,480,
333,62,0.970642,188,273,313,479,
334,62,0.989509,188,274,312,480,
335,62,0.983986,188,274,312,478,
336,62,0.984699,189,273,313,479,
337,62,0.980308,191,273,311,480,
338,62,0.971921,190,274,312,480,
339,62,0.988734,191,276,313,478,
340,62,0.982145,189,270,314,480,
341,62,0.988595,189,271,309,480,
342,62,0.970272,189,277,317,478,
343,62,0.984459,189,274,313,479,
344,62,0.982140,187,277,316,479,
345,62,0.976691,191,270,312,480,
346,62,0.991198,188,273,312,480,
347,62,0.986819,188,275,314,478,
348,62,0.974907,187,273,316,480,
349,62,0.976141,186,272,317,479,
350,62,0.964626,187,273,317,480,
351,62,0.976080,189,277,318,479,
352,62,0.986288,188,274,313,480,
353,62,0.989545,189,274,310,480,
354,62,0.974952,188,274,314,480,
355,62,0.983137,188,275,314,480,
356,62,0.977607,193,278,388,477,
357,62,0.992108,188,277,312,480,
358,62,0.985545,187,274,312,480,
359,62,0.980574,188,273,315,480,
360,62,0.991094,187,273,311,480,
361,62,0.989385,189,275,312,480,
362,62,0.979556,188,274,317,480,
363,62,0.979443,189,269,315,480,
364,62,0.983725,188,274,311,480,
365,62,0.985734,187,273,311,480,
366,62,0.972113,187,274,314,480,
367,62,0.974978,189,274,313,480,
368,62,0.981912,187,274,312,480,
369,62,0.959987,198,280,386,479,
370,62,0.982541,189,276,309,477,
371,62,0.959582,195,279,369,479,
372,62,0.990683,186,275,310,480,
373,62,0.976174,187,273,315,480,
374,62,0.982859,188,274,315,480,
375,62,0.980121,190,275,384,478,
376,62,0.983834,188,274,313,480,
377,62,0.973674,188,274,316,479,
378,62,0.988256,190,271,311,480,
379,62,0.989130,187,275,311,480,
380,62,0.985162,188,277,313,480,
381,62,0.980755,190,276,316,477,
382,62,0.971109,187,274,316,480,
383,62,0.980891,195,277,386,475,
384,62,0.974241,191,274,316,479,
385,62,0.967386,186,275,318,480,
386,62,0.982292,190,277,311,477,
387,62,0.983700,187,274,313,480,
388,62,0.988564,187,276,314,480,
389,62,0.971292,189,273,320,478,
390,62,0.989113,188,275,313,479,
391,62,0.981552,188,278,316,479,
392,62,0.992125,188,276,313,480,
393,62,0.964458,188,273,317,480,
394,62,0.980857,187,275,313,480,
395,62,0.974894,187,273,316,480,
396,62,0.981336,188,273,314,480,
397,62,0.971851,186,272,319,480,
398,62,0.980566,189,272,314,480,
399,62,0.969594,193,272,356,479,
400,62,0.990613,189,275,315,478,
401,62,0.977211,187,273,318,480,
402,62,0.989362,188,273,314,480,
403,62,0.992298,190,274,315,478,
404,62,0.993991,191,276,314,480,
405,62,0.979957,189,278,318,480,
406,62,0.978209,190,275,314,480,
407,62,0.986499,189,277,317,479,
408,62,0.983060,189,277,317,478,
409,62,0.990890,190,274,316,479,
410,62,0.983321,188,275,319,478,
411,62,0.987799,188,275,317,477,
412,62,0.986345,188,277,318,477,
413,62,0.980265,188,274,317,480,
414,62,0.988060,189,275,319,479,
415,62,0.990223,190,272,318,480,
416,62,0.992651,189,273,318,480,
417,62,0.963446,189,270,318,480,
418,62,0.989428,191,274,317,480,
419,62,0.987252,192,275,319,480,
420,62,0.988935,187,273,321,478,
421,62,0.990758,190,268,318,480,
422,62,0.991164,190,274,318,480,
423,62,0.993654,188,273,321,478,
424,62,0.992141,192,271,319,480,
425,62,0.991415,190,274,316,480,
426,62,0.991504,189,271,321,478,
427,62,0.991403,189,271,320,478,
428,62,0.989594,190,272,322,480,
429,62,0.993447,188,271,320,478,
430,62,0.988110,192,273,320,480,
431,62,0.990312,189,274,316,480,
432,62,0.985730,190,274,317,480,
433,62,0.990668,186,271,319,480,
434,62,0.991246,189,273,320,479,
435,62,0.990386,187,271,320,480,
436,62,0.987729,192,274,315,480,
437,62,0.989668,190,274,317,480,
438,62,0.989888,189,270,319,479,
439,62,0.989760,191,274,316,480,
440,62,0.993070,189,272,312,480,
441,62,0.989874,188,272,320,479,
442,62,0.990921,190,275,317,480,
443,62,0.985654,191,273,318,480,
444,62,0.993620,191,274,318,480,
445,62,0.990371,192,273,318,480,
446,62,0.993873,189,273,321,478,
447,62,0.994393,188,271,320,480,
448,62,0.993416,186,271,320,478,
449,62,0.987072,190,274,318,480,
450,62,0.991466,191,273,317,480,
451,62,0.993313,190,272,320,479,
452,62,0.994435,190,272,319,479,
453,62,0.992938,189,272,320,477,
454,62,0.989582,188,269,319,480,
455,62,0.989672,193,273,322,477,
456,62,0.994647,189,273,322,478,
457,62,0.989173,191,272,318,480,
458,62,0.992291,190,269,320,480,
459,62,0.992079,191,273,319,480,
460,62,0.994636,188,273,321,479,
461,62,0.990809,190,268,320,480,
462,62,0.994175,191,273,320,478,
463,62,0.992708,190,273,319,480,
464,62,0.992947,189,271,321,480,
465,62,0.990277,191,274,321,480,
466,62,0.992487,192,274,321,480,
467,62,0.990011,190,273,321,480,
468,62,0.991005,191,270,321,480,
469,62,0.986025,189,269,323,480,
470,62,0.989538,188,272,323,479,
471,62,0.988042,188,273,323,480,
472,62,0.987554,190,274,322,480,
473,62,0.988796,188,270,322,480,
474,62,0.985633,189,273,321,478,
475,62,0.991053,191,271,320,480,
476,62,0.983673,190,270,322,480,
477,62,0.990742,191,272,320,480,
478,62,0.990451,190,271,317,480,
479,62,0.989229,190,274,318,480,
480,62,0.983052,189,270,323,479,
481,62,0.989381,191,274,321,480,
482,62,0.986636,190,274,319,480,
483,62,0.990939,191,271,320,479,
484,62,0.989983,190,274,317,480,
485,62,0.989993,191,275,318,480,
486,62,0.993987,189,275,320,479,
487,62,0.983674,188,270,322,480,
488,62,0.993350,191,270,318,480,
489,62,0.977710,189,270,321,478,
490,62,0.990102,191,273,320,480,
491,62,0.992152,188,272,322,478,
492,62,0.992162,189,272,319,478,
493,62,0.991581,188,273,321,479,
494,62,0.990297,193,274,317,480,
495,62,0.994054,191,272,320,477,
496,62,0.988772,192,273,317,480,
497,62,0.994703,189,272,321,479,
498,62,0.992041,191,267,318,479,
499,62,0.992856,190,272,320,477,
500,62,0.994041,188,272,320,479,
501,62,0.993841,188,271,319,479,
502,62,0.996087,189,273,319,478,
503,62,0.989291,187,271,319,479,
504,62,0.993556,188,271,321,479,
505,62,0.989676,189,274,315,480,
506,62,0.991830,191,274,316,480,
507,62,0.992751,190,271,318,479,
508,62,0.991025,189,272,314,480,
509,62,0.992764,189,271,315,480,
510,62,0.993494,191,270,315,480,
511,62,0.991460,192,274,315,480,
512,62,0.983831,194,272,317,480,
513,62,0.976672,193,274,316,480,
514,62,0.990028,192,274,319,480,
515,62,0.988410,191,271,315,480,
516,62,0.991481,191,274,315,480,
517,62,0.992487,190,271,315,480,
518,62,0.992148,191,273,316,480,
519,62,0.987995,191,272,318,480,
520,62,0.992831,188,271,318,479,
521,62,0.990446,192,274,316,480,
522,62,0.988536,192,269,315,480,
523,62,0.991516,189,273,316,480,
524,62,0.990132,190,272,316,480,
525,62,0.988518,194,274,320,477,
526,62,0.986741,191,274,317,480,
527,62,0.987435,189,270,319,480,
528,62,0.991698,189,274,316,480,
529,62,0.985395,190,271,321,479,
530,62,0.991192,191,271,317,478,
531,62,0.986272,190,270,320,479,
532,62,0.991406,190,271,320,477,
533,62,0.987758,193,274,315,478,
534,62,0.987942,194,273,318,480,
535,62,0.993022,191,269,317,480,
536,62,0.993410,192,272,316,480,
537,62,0.991790,188,270,319,480,
538,62,0.995583,187,273,320,478,
539,62,0.992299,188,273,320,479,
540,62,0.991148,187,271,320,478,
541,62,0.993090,188,273,321,477,
542,62,0.989554,189,274,322,478,
543,62,0.982294,189,272,321,480,
544,62,0.956021,187,273,320,480,
545,62,0.960644,188,274,318,477,
546,62,0.993536,189,275,313,480,
547,62,0.992529,188,272,314,480,
548,62,0.994444,192,273,311,477,
549,62,0.987641,189,274,308,480,
550,62,0.986792,191,275,310,480,
551,62,0.988653,191,274,313,480,
552,62,0.991593,191,277,308,478,
553,62,0.990478,190,274,309,480,
554,62,0.991514,189,273,310,480,
555,62,0.983214,190,272,312,480,
556,62,0.984087,190,275,311,480,
557,62,0.988084,190,273,308,480,
558,62,0.989272,187,273,308,480,
559,62,0.991550,191,272,308,480,
560,62,0.988049,188,275,307,480,
561,62,0.991208,190,275,308,480,
562,62,0.987603,192,270,308,480,
563,62,0.983536,193,275,310,480,
564,62,0.985395,190,273,308,480,
565,62,0.986103,190,274,308,480,
566,62,0.985403,188,272,309,480,
567,62,0.990472,191,273,307,480,
568,62,0.989829,190,273,308,480,
569,62,0.993014,191,275,306,479,
570,62,0.985509,189,273,305,480,
571,62,0.986854,193,274,305,480,
