22,37,0.593381,535,378,568,408,
23,37,0.589258,535,377,568,408,
24,37,0.660705,535,378,567,408,
25,37,0.527752,535,378,567,408,
26,37,0.590519,535,378,568,408,
27,37,0.574244,535,378,568,407,
28,37,0.672451,535,378,567,408,
29,37,0.585275,534,378,568,408,
30,37,0.673257,535,378,568,407,
31,37,0.736927,535,378,568,407,
32,37,0.674477,536,378,568,407,
33,37,0.669793,535,378,568,407,
35,37,0.623147,535,378,568,407,
36,37,0.616077,534,378,568,408,
37,37,0.570720,535,378,568,407,
38,37,0.726946,535,378,568,407,
39,37,0.622329,535,378,567,407,
40,37,0.734842,535,378,568,408,
41,37,0.660526,535,378,567,407,
42,37,0.824594,535,378,568,407,
43,37,0.668612,535,378,568,408,
44,37,0.551519,536,378,568,408,
45,37,0.763054,536,378,568,407,
46,37,0.622402,536,378,568,407,
47,37,0.674619,535,378,568,407,
48,37,0.617265,535,378,568,407,
49,37,0.743434,535,378,568,407,
50,37,0.748969,535,378,568,407,
51,37,0.648651,535,378,567,407,
52,37,0.808748,535,378,567,407,
53,37,0.599786,535,378,568,407,
54,37,0.699508,535,378,567,408,
55,37,0.619872,536,378,568,407,
56,37,0.506224,535,378,568,407,
57,37,0.563775,535,378,567,407,
58,37,0.656504,535,378,567,407,
59,37,0.661719,535,378,568,407,
61,37,0.567532,535,378,568,407,
62,37,0.557134,535,378,568,407,
63,37,0.721028,535,378,567,407,
64,37,0.692156,535,378,567,407,
65,37,0.562933,535,378,567,407,
66,37,0.675470,536,378,567,407,
67,37,0.751413,535,378,567,407,
68,37,0.686735,535,378,568,407,
69,37,0.760966,536,378,568,407,
70,37,0.740173,536,378,568,407,
71,37,0.553129,536,378,568,407,
72,37,0.695738,535,378,568,407,
73,37,0.599435,536,378,568,407,
74,37,0.533168,535,378,568,407,
75,37,0.662296,536,378,568,407,
77,37,0.680422,535,378,568,407,
78,37,0.735280,535,379,567,407,
79,37,0.690503,535,379,568,407,
80,37,0.771663,536,378,568,407,
81,37,0.722242,536,378,567,407,
82,37,0.770222,536,378,568,407,
83,37,0.650266,535,378,567,407,
84,37,0.791895,535,378,567,407,
85,37,0.822178,536,378,568,407,
86,37,0.754438,535,377,567,407,
87,37,0.663966,535,378,567,407,
88,37,0.772266,535,377,567,407,
89,37,0.750549,536,378,567,407,
90,37,0.855733,536,378,567,407,
91,37,0.701886,535,377,567,406,
92,37,0.870939,535,378,566,407,
93,37,0.665311,535,377,567,406,
94,37,0.661407,536,378,567,407,
95,37,0.753689,535,378,567,407,
96,37,0.704755,535,378,566,407,
97,37,0.807627,535,378,567,407,
98,37,0.841548,535,377,567,407,
99,37,0.913587,536,378,567,407,
100,37,0.806629,536,378,567,407,
101,37,0.776778,536,378,567,406,
102,37,0.865421,536,378,566,407,
103,37,0.822801,537,378,567,407,
104,37,0.740681,536,378,567,406,
105,37,0.819134,536,378,566,407,
106,37,0.877295,536,378,567,407,
107,37,0.940173,536,378,566,407,
108,37,0.859791,536,378,566,407,
109,37,0.713560,535,377,567,407,
110,37,0.838349,535,378,567,406,
111,37,0.746448,536,378,567,406,
112,37,0.887221,537,378,567,407,
113,37,0.809200,535,378,566,407,
114,37,0.855693,536,378,567,406,
115,37,0.768317,536,378,567,407,
116,37,0.865547,536,378,566,407,
117,37,0.776085,536,378,566,406,
118,37,0.733366,536,378,566,406,
119,37,0.785592,535,378,567,406,
120,37,0.666674,536,378,567,406,
121,37,0.659956,536,378,567,406,
122,37,0.898699,535,378,566,406,
123,37,0.854332,536,378,567,406,
124,37,0.733207,536,378,567,406,
125,37,0.698827,535,378,567,407,
126,37,0.865253,536,378,567,407,
127,37,0.814190,535,378,566,407,
128,37,0.822234,536,378,567,407,
129,37,0.813503,537,378,567,406,
130,37,0.799580,536,378,567,407,
131,37,0.862603,535,378,566,407,
132,37,0.699318,536,378,567,407,
133,37,0.810138,535,378,567,407,
134,37,0.842144,536,378,566,406,
135,37,0.846559,536,378,567,407,
136,37,0.829700,536,378,567,407,
137,37,0.772955,536,378,567,407,
138,37,0.869808,535,378,566,407,
139,37,0.852942,536,378,567,407,
140,37,0.868014,535,378,567,407,
141,37,0.910678,536,378,567,407,
142,37,0.735159,536,378,567,407,
143,37,0.731779,535,378,566,407,
144,37,0.717652,536,378,568,407,
145,37,0.801161,536,378,566,407,
146,37,0.801172,535,378,567,407,
147,37,0.771191,536,378,567,406,
148,37,0.757121,536,378,567,407,
149,37,0.700885,536,378,567,407,
150,37,0.759081,535,378,567,407,
151,37,0.878837,535,378,567,407,
152,37,0.838108,536,378,567,407,
153,37,0.778649,535,378,566,407,
154,37,0.923377,535,378,567,407,
155,37,0.737490,536,378,566,407,
156,37,0.843545,536,378,567,406,
157,37,0.908011,536,378,567,407,
158,37,0.831300,535,378,566,407,
159,37,0.808167,536,378,566,407,
160,37,0.859244,535,378,566,407,
161,37,0.860637,536,378,567,407,
162,37,0.735790,535,379,567,407,
163,37,0.829096,536,378,567,407,
164,37,0.826289,535,378,567,407,
165,37,0.676686,536,379,568,407,
166,37,0.818656,536,378,567,408,
167,37,0.716948,537,378,568,407,
168,37,0.724647,536,378,568,407,
169,37,0.679800,536,378,568,407,
170,37,0.768067,535,378,567,407,
171,37,0.832591,536,378,568,408,
172,37,0.822510,535,378,568,408,
173,37,0.800821,535,379,568,408,
175,37,0.820995,536,379,568,408,
