1,82,0.998174,128,43,328,435,
2,82,0.998839,137,32,321,438,
3,82,0.999460,130,35,318,429,
4,82,0.998947,136,36,321,434,
5,82,0.998646,126,37,323,427,
6,82,0.998822,136,33,322,435,
7,82,0.998289,136,34,321,434,
8,82,0.998914,126,32,320,423,
9,82,0.998928,136,36,319,434,
10,82,0.999311,135,36,321,428,
11,82,0.999227,133,33,321,427,
12,82,0.998749,136,35,320,434,
13,82,0.998862,138,35,322,432,
14,82,0.999305,135,30,319,429,
15,82,0.999329,135,35,319,427,
16,82,0.999260,133,34,325,428,
17,82,0.998831,137,34,321,436,
18,82,0.998591,137,34,320,433,
19,82,0.998978,135,30,323,438,
20,82,0.998502,138,35,321,434,
21,82,0.998543,137,36,320,435,
22,82,0.998932,128,34,318,425,
23,82,0.999300,137,37,320,429,
24,82,0.997739,125,36,320,427,
25,82,0.999073,134,35,319,432,
26,82,0.998894,137,34,321,438,
27,82,0.998860,138,35,321,433,
28,82,0.998970,135,32,320,439,
29,82,0.999126,133,33,320,431,
30,82,0.998550,125,37,324,425,
31,82,0.998584,136,32,319,437,
32,82,0.999206,134,35,319,427,
33,82,0.998567,136,34,318,434,
34,82,0.999327,134,31,321,429,
35,82,0.998915,136,33,320,431,
36,82,0.999146,136,34,320,436,
37,82,0.999034,136,33,320,435,
38,82,0.998497,134,35,320,436,
39,82,0.999435,134,30,321,429,
40,82,0.999115,134,32,318,435,
41,82,0.999350,132,34,320,428,
42,82,0.998892,126,32,317,422,
43,82,0.999034,138,35,319,437,
44,82,0.999425,135,35,319,429,
45,82,0.998918,126,33,322,424,
46,82,0.998952,137,31,321,436,
47,82,0.998848,126,35,321,425,
48,82,0.998890,138,32,323,437,
49,82,0.999123,135,30,322,429,
50,82,0.999038,127,30,320,418,
51,82,0.998832,127,29,319,425,
52,82,0.998805,138,37,323,432,
53,82,0.999136,138,35,323,435,
54,82,0.998979,138,31,325,436,
55,82,0.998740,133,33,325,434,
56,82,0.998818,126,33,326,427,
57,82,0.998044,124,35,332,430,
58,82,0.998471,129,34,325,444,
59,82,0.998498,138,35,322,435,
60,82,0.998569,130,41,331,435,
61,82,0.998825,129,39,330,435,
62,82,0.998695,125,34,328,428,
63,82,0.998630,138,35,323,436,
64,82,0.998617,138,35,322,437,
65,82,0.998606,136,36,321,429,
66,82,0.998112,138,35,323,439,
67,82,0.998745,128,41,333,436,
68,82,0.998738,128,40,331,438,
69,82,0.998402,126,39,330,432,
70,82,0.998927,137,32,322,435,
71,82,0.998570,126,35,322,423,
72,82,0.998790,136,31,324,436,
73,82,0.998769,135,31,322,434,
74,82,0.998256,128,45,328,436,
75,82,0.998759,136,36,319,434,
76,82,0.998991,137,35,323,432,
77,82,0.998874,136,32,321,439,
78,82,0.998439,138,34,322,433,
79,82,0.999289,133,36,320,431,
80,82,0.998481,125,35,323,427,
81,82,0.998830,139,35,322,436,
82,82,0.999229,133,33,322,428,
83,82,0.998214,124,37,325,429,
84,82,0.999166,133,31,320,427,
85,82,0.998934,136,32,319,437,
86,82,0.998728,137,35,321,434,
87,82,0.998556,128,40,329,437,
88,82,0.998994,135,29,322,430,
89,82,0.999094,135,34,320,434,
90,82,0.999341,134,32,322,433,
91,82,0.998868,135,35,319,433,
92,82,0.999036,138,33,321,435,
93,82,0.998398,126,36,324,427,
94,82,0.999217,135,32,321,428,
95,82,0.998870,137,31,320,434,
96,82,0.998363,128,40,330,438,
97,82,0.999074,136,34,318,435,
98,82,0.999049,137,35,320,434,
99,82,0.998994,137,32,320,438,
100,82,0.999003,134,32,321,439,
101,82,0.998775,137,33,321,436,
102,82,0.998775,136,33,320,434,
103,82,0.999149,134,33,321,432,
104,82,0.999156,136,34,322,432,
105,82,0.998603,136,36,321,434,
106,82,0.998901,137,31,320,436,
107,82,0.999115,134,35,320,436,
108,82,0.998957,135,32,321,439,
109,82,0.998912,136,31,320,437,
110,82,0.999166,134,31,323,433,
111,82,0.999007,127,36,325,423,
112,82,0.999094,137,34,321,436,
113,82,0.999088,126,36,322,426,
114,82,0.998976,127,34,322,423,
115,82,0.998679,126,35,325,426,
116,82,0.998842,135,33,323,435,
117,82,0.998577,138,30,325,437,
118,82,0.998994,126,38,319,419,
119,82,0.998669,125,35,322,420,
120,82,0.998438,127,41,332,437,
121,82,0.999013,138,34,324,433,
122,82,0.998773,137,32,322,435,
123,82,0.998322,137,30,326,434,
124,82,0.999053,126,34,323,422,
125,82,0.998931,126,32,323,424,
126,82,0.999294,135,33,320,428,
127,82,0.999283,134,33,322,430,
128,82,0.998339,139,34,323,434,
129,82,0.998807,138,33,324,434,
130,82,0.999056,126,36,322,422,
131,82,0.998615,127,33,326,425,
132,82,0.998772,137,33,321,433,
133,82,0.999035,138,33,323,433,
134,82,0.998418,126,35,326,422,
135,82,0.998493,125,37,329,426,
136,82,0.999065,127,36,324,424,
137,82,0.999053,135,32,321,435,
138,82,0.999095,136,33,324,432,
139,82,0.999053,125,36,324,425,
140,82,0.999119,138,32,324,435,
141,82,0.998956,136,33,322,435,
142,82,0.998964,137,34,323,434,
143,82,0.999090,126,33,324,426,
144,82,0.999299,138,32,322,437,
145,82,0.998654,138,33,325,436,
146,82,0.998426,137,32,325,437,
147,82,0.999046,136,34,322,434,
148,82,0.998356,137,31,323,433,
149,82,0.998542,137,34,323,438,
150,82,0.998913,126,33,324,423,
151,82,0.998575,124,38,325,425,
152,82,0.998925,136,34,325,438,
153,82,0.998593,137,33,323,436,
154,82,0.999161,135,32,323,438,
155,82,0.998921,124,34,325,426,
156,82,0.999084,135,32,322,433,
157,82,0.998976,137,33,323,435,
158,82,0.998805,138,37,325,433,
159,82,0.998849,128,42,331,438,
160,82,0.998696,136,35,324,436,
161,82,0.998376,127,35,326,427,
162,82,0.998794,126,35,324,424,
163,82,0.998511,138,36,323,433,
164,82,0.998791,138,32,325,434,
165,82,0.998766,139,34,324,434,
166,82,0.998769,136,32,322,438,
167,82,0.999229,138,32,326,432,
168,82,0.998806,137,35,323,433,
169,82,0.998712,137,34,326,433,
170,82,0.998913,137,35,321,426,
171,82,0.999187,135,30,321,432,
172,82,0.998428,131,41,335,436,
173,82,0.998844,138,34,323,433,
174,82,0.999108,136,28,323,438,
175,82,0.998853,137,30,325,433,
176,82,0.999065,136,35,323,432,
177,82,0.998832,138,35,322,435,
178,82,0.999277,134,35,322,430,
179,82,0.998527,125,35,326,429,
180,82,0.998767,137,35,321,433,
181,82,0.999036,136,36,321,435,
182,82,0.999014,135,28,323,433,
183,82,0.999365,132,33,325,434,
184,82,0.999030,134,33,321,436,
185,82,0.999273,134,33,322,430,
186,82,0.998813,125,33,321,424,
187,82,0.999159,136,33,322,434,
188,82,0.999062,135,33,322,425,
189,82,0.998825,125,36,324,424,
190,82,0.998907,136,33,320,436,
191,82,0.998713,136,31,322,438,
192,82,0.998938,127,35,320,420,
193,82,0.999225,136,31,322,439,
194,82,0.998963,136,32,321,436,
195,82,0.999098,137,37,322,431,
196,82,0.999182,134,34,321,429,
197,82,0.999039,136,33,322,436,
198,82,0.999326,132,31,322,433,
199,82,0.998517,137,32,321,436,
200,82,0.999070,136,32,323,427,
201,82,0.999109,134,32,321,431,
202,82,0.999427,132,37,321,427,
203,82,0.999201,136,32,323,437,
204,82,0.999254,134,33,323,427,
205,82,0.998777,137,34,318,433,
206,82,0.999070,136,36,322,436,
207,82,0.999123,134,37,322,436,
208,82,0.998482,137,34,319,434,
209,82,0.999175,132,35,323,431,
210,82,0.998894,136,34,320,438,
211,82,0.999253,133,33,320,430,
212,82,0.999141,126,36,322,422,
213,82,0.998746,127,34,323,422,
214,82,0.999073,135,34,320,437,
215,82,0.998901,135,34,319,435,
216,82,0.998897,134,36,320,428,
217,82,0.999235,133,34,322,431,
218,82,0.999183,135,34,322,431,
219,82,0.999393,132,32,323,428,
220,82,0.999435,133,32,323,428,
221,82,0.998629,125,36,321,419,
222,82,0.999037,137,31,322,435,
223,82,0.998837,137,31,321,436,
224,82,0.999161,135,33,321,430,
225,82,0.998798,136,35,321,435,
226,82,0.998673,125,37,325,427,
227,82,0.999217,133,34,322,430,
228,82,0.998698,137,36,320,433,
229,82,0.998876,130,35,321,432,
230,82,0.998686,137,35,320,435,
231,82,0.998874,136,36,320,433,
232,82,0.998858,138,36,322,434,
233,82,0.998802,136,36,321,433,
234,82,0.998902,136,32,322,436,
235,82,0.999343,135,33,322,430,
236,82,0.999085,137,32,322,434,
237,82,0.998430,136,32,321,435,
238,82,0.999242,132,35,321,437,
239,82,0.998795,138,34,321,434,
240,82,0.998803,136,33,321,436,
241,82,0.998633,136,35,319,438,
242,82,0.999154,135,34,321,437,
243,82,0.999131,134,35,323,425,
244,82,0.999228,134,34,322,428,
245,82,0.998771,137,36,321,435,
246,82,0.999231,133,32,322,431,
247,82,0.998720,138,36,322,433,
248,82,0.999068,136,33,321,434,
249,82,0.998674,138,36,320,437,
250,82,0.998758,128,40,329,433,
251,82,0.999140,125,36,323,422,
252,82,0.998943,134,33,320,434,
253,82,0.998844,136,32,320,436,
254,82,0.999022,134,30,323,439,
255,82,0.999002,133,34,323,435,
256,82,0.998729,137,31,322,437,
257,82,0.998782,128,42,328,435,
258,82,0.998763,125,35,324,423,
259,82,0.999274,134,33,322,426,
260,82,0.998903,134,32,321,438,
261,82,0.999026,136,33,323,437,
262,82,0.999378,134,34,323,428,
263,82,0.999181,134,34,322,429,
264,82,0.999048,135,34,321,432,
265,82,0.998674,136,37,322,434,
266,82,0.998881,134,34,321,437,
267,82,0.999311,132,35,320,433,
268,82,0.999395,133,33,324,431,
269,82,0.999325,133,33,324,428,
270,82,0.999000,136,36,320,437,
271,82,0.998871,136,34,324,437,
272,82,0.998864,137,34,323,434,
273,82,0.999256,134,32,321,431,
274,82,0.998837,138,34,322,433,
275,82,0.999197,135,32,322,436,
276,82,0.998350,135,35,324,434,
277,82,0.998846,137,31,321,438,
278,82,0.998820,136,34,321,435,
279,82,0.998658,127,36,320,423,
280,82,0.998635,127,34,323,420,
281,82,0.999071,136,30,322,435,
282,82,0.999109,138,37,321,431,
283,82,0.998886,129,36,323,425,
284,82,0.998988,138,33,321,436,
285,82,0.999009,136,32,322,428,
286,82,0.999371,135,32,320,426,
287,82,0.998963,138,33,325,434,
288,82,0.998818,125,33,325,426,
289,82,0.998496,125,34,325,426,
290,82,0.999116,139,34,323,433,
291,82,0.998498,138,35,324,433,
292,82,0.998854,137,31,324,437,
293,82,0.999067,138,34,325,435,
294,82,0.998834,139,35,322,434,
295,82,0.998982,136,34,323,435,
296,82,0.998915,137,34,321,436,
297,82,0.999229,136,32,323,435,
298,82,0.998822,138,36,323,433,
299,82,0.998734,126,34,322,423,
300,82,0.998505,130,43,328,430,
301,82,0.998746,135,32,321,431,
302,82,0.998774,126,35,321,423,
303,82,0.998815,136,34,321,433,
304,82,0.998765,127,36,321,423,
305,82,0.998868,128,35,323,427,
306,82,0.998817,137,36,322,436,
307,82,0.999124,135,31,322,431,
308,82,0.999253,135,33,320,432,
309,82,0.998457,137,35,325,432,
310,82,0.998868,136,33,321,438,
311,82,0.998732,138,32,324,436,
312,82,0.998988,137,32,323,436,
313,82,0.998838,136,32,322,437,
314,82,0.999321,135,33,324,428,
315,82,0.998738,126,33,322,426,
316,82,0.998636,126,34,324,431,
317,82,0.998765,125,34,325,422,
318,82,0.998671,137,34,321,435,
319,82,0.999186,135,35,322,433,
320,82,0.998782,137,34,324,437,
321,82,0.999121,125,33,322,422,
322,82,0.998823,125,35,326,422,
323,82,0.999198,133,30,321,430,
324,82,0.998381,125,33,325,422,
325,82,0.998417,128,41,327,422,
326,82,0.999316,134,32,324,430,
327,82,0.998892,137,29,322,439,
328,82,0.998871,128,41,330,435,
329,82,0.998469,126,35,327,427,
330,82,0.998888,126,36,323,425,
331,82,0.998921,127,35,322,422,
332,82,0.998993,137,32,324,435,
333,82,0.998737,137,33,323,436,
334,82,0.998300,127,39,329,435,
335,82,0.998820,137,34,325,436,
336,82,0.999149,136,31,321,436,
337,82,0.999354,135,32,321,432,
338,82,0.998456,126,35,324,428,
339,82,0.998150,125,34,323,421,
340,82,0.998576,126,35,322,425,
341,82,0.998933,137,35,323,436,
342,82,0.998821,138,37,321,432,
343,82,0.998528,138,35,324,434,
344,82,0.998426,139,32,323,435,
345,82,0.998740,136,32,322,438,
346,82,0.998961,137,35,322,436,
347,82,0.999008,131,41,323,437,
348,82,0.998534,126,34,325,424,
349,82,0.998576,137,34,322,434,
350,82,0.999252,134,31,324,429,
351,82,0.998957,126,36,324,422,
352,82,0.999233,134,32,321,431,
353,82,0.998532,129,41,329,433,
354,82,0.998931,137,33,324,436,
355,82,0.999049,138,31,323,437,
356,82,0.998531,137,35,322,433,
357,82,0.998866,137,34,321,433,
358,82,0.998665,125,36,323,426,
359,82,0.998367,126,37,322,424,
360,82,0.998698,137,34,321,433,
361,82,0.999259,134,34,322,430,
362,82,0.998735,136,32,321,437,
363,82,0.999115,135,35,320,433,
364,82,0.999163,133,33,323,431,
365,82,0.998701,136,32,322,436,
366,82,0.999375,134,34,322,427,
367,82,0.999076,135,31,321,427,
368,82,0.998717,138,34,322,434,
369,82,0.999310,134,33,320,425,
370,82,0.999270,135,34,321,428,
371,82,0.998739,126,37,324,427,
372,82,0.999154,134,33,321,430,
373,82,0.998992,136,35,320,433,
374,82,0.998610,137,36,320,437,
375,82,0.999273,133,32,322,431,
376,82,0.998931,137,35,320,435,
377,82,0.999301,135,36,321,431,
378,82,0.998951,135,34,321,431,
379,82,0.999187,134,33,323,428,
380,82,0.999186,134,34,320,425,
381,82,0.998853,139,35,322,434,
382,82,0.999003,135,32,320,438,
383,82,0.999069,137,34,320,434,
384,82,0.999271,134,34,321,427,
385,82,0.999246,135,32,324,430,
386,82,0.999081,136,34,319,436,
387,82,0.999439,134,36,322,428,
388,82,0.998956,136,33,320,426,
389,82,0.998765,125,33,322,422,
390,82,0.999293,132,35,323,430,
391,82,0.999061,136,34,319,433,
392,82,0.998967,126,32,322,423,
393,82,0.998712,125,35,326,429,
394,82,0.999021,136,33,319,429,
395,82,0.999129,137,33,321,434,
396,82,0.998884,124,34,324,427,
397,82,0.999162,135,33,322,431,
398,82,0.998606,137,34,320,435,
399,82,0.999286,134,36,322,429,
400,82,0.998895,136,32,322,435,
401,82,0.998904,136,34,320,430,
402,82,0.998553,137,37,321,434,
403,82,0.999379,133,32,323,428,
404,82,0.998650,137,35,324,435,
405,82,0.998455,127,35,324,423,
406,82,0.998915,137,35,323,434,
407,82,0.999148,135,34,320,437,
408,82,0.998928,126,33,321,424,
409,82,0.998975,135,36,320,428,
410,82,0.999112,135,34,321,428,
411,82,0.998557,138,33,323,434,
412,82,0.999018,138,36,321,434,
413,82,0.998658,125,34,324,423,
414,82,0.998894,135,36,323,437,
415,82,0.998364,127,41,328,435,
416,82,0.998498,137,31,323,433,
417,82,0.999110,137,35,323,434,
418,82,0.998702,128,41,330,434,
419,82,0.998415,139,33,324,438,
420,82,0.998207,128,41,329,436,
421,82,0.998922,138,35,325,432,
422,82,0.998822,136,36,320,434,
423,82,0.999192,133,33,323,425,
424,82,0.999125,136,34,322,428,
425,82,0.998783,137,35,324,433,
426,82,0.998755,139,33,323,434,
427,82,0.999182,136,34,320,424,
428,82,0.998839,126,34,322,427,
429,82,0.999305,134,35,322,431,
430,82,0.998926,137,33,324,433,
431,82,0.999139,127,35,322,423,
432,82,0.998889,127,35,323,423,
433,82,0.998925,136,36,323,432,
434,82,0.999325,134,33,321,432,
435,82,0.998658,126,36,322,422,
436,82,0.998918,136,29,323,437,
437,82,0.998493,129,36,326,427,
438,82,0.999382,134,34,323,430,
439,82,0.999097,135,34,323,432,
440,82,0.998852,126,36,323,422,
441,82,0.998656,138,35,320,435,
442,82,0.998921,128,34,320,419,
443,82,0.999107,135,30,321,435,
444,82,0.998786,138,33,322,437,
445,82,0.998725,136,32,320,428,
446,82,0.998559,136,34,322,432,
447,82,0.998645,128,37,327,425,
448,82,0.999242,134,34,322,432,
449,82,0.998879,136,31,321,429,
450,82,0.999270,132,34,323,431,
451,82,0.998514,128,37,326,424,
452,82,0.998711,127,34,325,424,
453,82,0.998985,136,33,322,434,
454,82,0.999134,135,32,323,430,
455,82,0.998945,136,31,322,430,
456,82,0.999113,134,35,321,428,
457,82,0.998520,129,41,329,430,
458,82,0.998441,126,36,323,421,
459,82,0.998377,127,37,322,421,
460,82,0.998287,126,39,323,424,
461,82,0.998924,126,37,320,423,
462,82,0.998403,137,34,321,428,
463,82,0.998748,138,34,323,434,
464,82,0.998892,137,35,323,434,
465,82,0.998567,135,32,321,436,
466,82,0.998595,127,36,322,425,
467,82,0.999025,135,34,320,434,
468,82,0.998515,137,34,320,434,
469,82,0.998879,136,34,322,433,
470,82,0.999073,135,36,320,433,
471,82,0.999097,134,35,322,430,
472,82,0.998719,137,36,320,433,
473,82,0.999141,136,35,321,435,
474,82,0.999290,133,32,324,431,
475,82,0.998661,137,36,321,433,
476,82,0.999467,132,31,323,430,
477,82,0.998826,136,33,320,435,
478,82,0.998823,137,35,319,431,
479,82,0.998899,136,34,320,432,
480,82,0.998995,135,33,319,427,
481,82,0.998757,137,35,320,430,
482,82,0.999436,133,37,320,428,
483,82,0.998902,136,37,320,430,
484,82,0.998842,135,35,319,431,
485,82,0.999112,130,41,320,424,
486,82,0.999273,132,35,319,425,
487,82,0.998868,137,37,318,423,
488,82,0.998757,138,39,320,430,
489,82,0.999108,136,35,319,431,
490,82,0.998329,137,38,320,431,
491,82,0.999302,132,36,322,428,
492,82,0.999336,133,37,323,429,
493,82,0.999270,133,34,322,432,
494,82,0.998740,137,37,319,433,
495,82,0.998841,137,34,319,433,
496,82,0.999199,134,35,322,431,
497,82,0.998892,135,37,320,433,
498,82,0.999212,133,38,322,431,
499,82,0.999330,134,36,322,424,
