1,1,0.999214,294,157,499,470,
2,1,0.999055,296,157,500,469,
3,1,0.998700,292,159,504,471,
4,1,0.998852,297,157,502,471,
5,1,0.999107,294,157,501,472,
6,1,0.999107,293,159,503,472,
7,1,0.999276,297,156,498,469,
8,1,0.999161,293,159,504,472,
9,1,0.999142,291,156,501,471,
10,1,0.999052,294,158,503,470,
11,1,0.999236,292,158,502,472,
12,1,0.999109,293,159,504,472,
13,1,0.999199,295,157,501,472,
14,1,0.999207,294,156,500,469,
15,1,0.998997,293,158,503,470,
16,1,0.999250,294,157,500,469,
17,1,0.999047,293,156,503,471,
18,1,0.999335,291,154,499,473,
19,1,0.999120,292,157,504,473,
20,1,0.998988,298,155,499,471,
21,1,0.999133,294,156,499,472,
22,1,0.999178,292,155,502,472,
23,1,0.999201,293,155,504,472,
24,1,0.999272,294,156,501,471,
25,1,0.999216,295,156,499,470,
26,1,0.999229,294,156,499,470,
27,1,0.999182,296,156,499,469,
28,1,0.999335,293,154,495,472,
29,1,0.999222,292,154,493,471,
30,1,0.998937,292,153,492,470,
31,1,0.999039,292,155,495,473,
32,1,0.999496,292,153,491,473,
33,1,0.999383,291,152,491,473,
34,1,0.999049,287,152,490,474,
35,1,0.998809,288,154,488,472,
36,1,0.999284,286,156,488,472,
37,1,0.999147,285,153,486,475,
38,1,0.998991,281,157,482,475,
39,1,0.999377,294,155,483,473,
40,1,0.995656,278,155,480,469,
41,1,0.997982,299,156,489,473,
42,1,0.996553,293,158,483,472,
43,1,0.997790,301,158,481,476,
44,1,0.998048,292,160,481,472,
45,1,0.997861,293,159,492,470,
46,1,0.998018,298,162,492,472,
47,1,0.995827,293,159,503,475,
48,1,0.998786,295,160,512,474,
49,1,0.995366,273,156,506,463,
50,1,0.998004,288,159,508,472,
51,1,0.998251,292,161,509,471,
52,1,0.984937,257,159,511,473,
53,1,0.996821,263,159,510,475,
54,1,0.989978,251,159,512,474,
55,1,0.991120,280,156,514,469,
56,1,0.988391,270,161,515,472,
57,1,0.996723,258,159,506,475,
58,1,0.998171,289,161,512,474,
59,1,0.995905,260,161,507,476,
60,1,0.975414,266,179,510,474,
61,1,0.988813,239,165,503,475,
62,1,0.996660,263,159,508,476,
63,1,0.996229,263,159,507,475,
64,1,0.991100,260,154,511,476,
65,1,0.993264,270,155,510,470,
66,1,0.983944,245,163,509,476,
67,1,0.996513,251,159,508,476,
68,1,0.995872,256,157,508,476,
69,1,0.994656,256,158,507,474,
70,1,0.994934,251,159,509,477,
71,1,0.992910,239,159,509,475,
72,1,0.988407,258,158,508,472,
73,1,0.994455,251,157,508,476,
74,1,0.982242,235,170,503,475,
75,1,0.969837,270,161,514,473,
76,1,0.987587,269,154,510,473,
77,1,0.969323,278,169,512,473,
78,1,0.967791,243,164,509,470,
79,1,0.996166,267,156,510,475,
80,1,0.990736,237,167,509,477,
81,1,0.995697,249,157,509,476,
82,1,0.991463,248,159,520,473,
83,1,0.985597,275,160,513,469,
84,1,0.994531,253,159,510,476,
85,1,0.988634,258,158,518,473,
86,1,0.994880,248,161,508,476,
87,1,0.997623,274,157,508,473,
88,1,0.992869,258,159,517,473,
89,1,0.990902,259,158,516,475,
90,1,0.996217,253,159,513,476,
91,1,0.993950,260,157,506,476,
92,1,0.997170,240,162,519,478,
93,1,0.997870,257,161,520,479,
94,1,0.997822,258,156,501,474,
95,1,0.993653,249,157,512,476,
96,1,0.988151,274,160,505,472,
97,1,0.994908,244,158,504,476,
98,1,0.995625,249,156,497,476,
99,1,0.973694,263,161,500,475,
100,1,0.989271,237,157,494,478,
101,1,0.996311,252,154,495,476,
102,1,0.996908,260,157,494,480,
103,1,0.988912,259,159,491,472,
104,1,0.998554,262,157,490,472,
105,1,0.986906,274,163,490,472,
106,1,0.993694,283,160,489,475,
107,1,0.997963,279,159,497,471,
108,1,0.996533,254,159,491,471,
109,1,0.996826,262,156,490,470,
110,1,0.997012,265,155,487,471,
111,1,0.997844,295,159,493,469,
112,1,0.997913,256,156,492,470,
113,1,0.997511,260,156,488,470,
114,1,0.996633,259,154,486,472,
115,1,0.997504,289,157,493,469,
116,1,0.996680,269,155,490,470,
117,1,0.997274,270,153,488,473,
118,1,0.997793,282,155,488,471,
119,1,0.997861,282,156,492,469,
120,1,0.997448,269,155,490,477,
121,1,0.990603,276,157,484,472,
122,1,0.997357,289,154,494,469,
123,1,0.997139,280,155,491,470,
124,1,0.998036,279,153,489,469,
125,1,0.997540,298,155,493,467,
126,1,0.997389,267,153,491,469,
127,1,0.988879,245,157,484,476,
128,1,0.997719,272,156,495,468,
129,1,0.998092,276,154,492,470,
130,1,0.993108,259,157,484,474,
131,1,0.995833,268,155,488,476,
132,1,0.994128,271,148,487,470,
133,1,0.997597,259,155,488,470,
134,1,0.998302,293,153,490,470,
135,1,0.998044,271,155,494,469,
136,1,0.998008,278,151,488,468,
137,1,0.992961,279,160,482,472,
138,1,0.998540,271,156,491,472,
139,1,0.988292,265,156,486,470,
140,1,0.994518,281,156,488,474,
141,1,0.997972,283,154,491,471,
142,1,0.995366,293,158,486,475,
143,1,0.986003,260,156,496,474,
144,1,0.986776,271,156,487,471,
145,1,0.997919,266,155,490,470,
146,1,0.994035,285,157,483,473,
147,1,0.997509,271,157,487,468,
148,1,0.990560,251,158,484,475,
149,1,0.996251,279,156,490,475,
150,1,0.996236,265,155,489,471,
151,1,0.997555,277,156,488,475,
152,1,0.996410,247,156,493,471,
153,1,0.996118,264,156,487,472,
154,1,0.996692,268,153,489,473,
155,1,0.997303,279,153,490,471,
156,1,0.996363,252,153,485,471,
157,1,0.996627,266,154,485,472,
158,1,0.996382,270,155,487,471,
159,1,0.989268,279,153,489,473,
160,1,0.987355,264,156,484,475,
161,1,0.997903,254,151,490,471,
162,1,0.997973,268,154,495,474,
163,1,0.984017,263,154,496,473,
164,1,0.989630,261,156,503,474,
165,1,0.993613,266,159,495,472,
166,1,0.992849,292,160,506,474,
167,1,0.994202,253,156,506,473,
168,1,0.992634,275,154,521,475,
169,1,0.996858,251,160,523,478,
170,1,0.998115,279,158,524,478,
171,1,0.997017,292,158,516,476,
172,1,0.997884,298,157,521,477,
173,1,0.992562,300,158,528,472,
174,1,0.994732,302,162,527,472,
175,1,0.993928,278,159,523,473,
176,1,0.994656,303,157,533,472,
177,1,0.996870,300,159,540,472,
178,1,0.998027,310,160,541,473,
179,1,0.998258,304,159,546,474,
180,1,0.998404,305,158,550,477,
181,1,0.998596,291,158,545,475,
182,1,0.998180,302,158,553,475,
183,1,0.998694,305,158,545,470,
184,1,0.997214,303,154,553,472,
185,1,0.999167,305,159,555,476,
186,1,0.998946,309,159,554,476,
187,1,0.997128,309,165,566,469,
188,1,0.996026,307,153,562,470,
189,1,0.997866,307,153,561,471,
190,1,0.997663,309,154,559,472,
191,1,0.998931,301,156,555,470,
192,1,0.999143,305,157,558,479,
193,1,0.998845,309,155,557,474,
194,1,0.999030,301,157,557,478,
195,1,0.999113,304,156,562,479,
196,1,0.999263,306,156,555,478,
197,1,0.998468,295,157,555,478,
198,1,0.997586,309,165,570,477,
199,1,0.998904,306,157,563,479,
200,1,0.999099,308,154,563,478,
201,1,0.999189,306,156,561,478,
202,1,0.998553,306,157,576,476,
203,1,0.998578,299,160,573,474,
204,1,0.998636,305,158,577,477,
205,1,0.998469,307,159,570,474,
206,1,0.998472,297,160,572,472,
207,1,0.998292,302,161,574,476,
208,1,0.998239,306,160,568,474,
209,1,0.998315,305,155,565,475,
210,1,0.998037,310,160,565,471,
211,1,0.998648,304,155,555,476,
212,1,0.998508,305,151,566,475,
213,1,0.997972,306,155,542,471,
214,1,0.998241,308,156,531,470,
215,1,0.997201,309,157,524,468,
216,1,0.997750,304,155,514,472,
217,1,0.998184,311,150,500,475,
218,1,0.995473,295,155,490,473,
219,1,0.990531,286,152,484,480,
220,1,0.997483,304,152,493,469,
221,1,0.978898,279,158,497,473,
222,1,0.991479,267,158,497,471,
223,1,0.980379,270,167,500,472,
224,1,0.996323,279,158,503,470,
225,1,0.996726,295,159,518,477,
226,1,0.997864,298,155,534,473,
227,1,0.996448,281,163,543,477,
228,1,0.996797,275,162,563,476,
229,1,0.998660,280,162,569,476,
230,1,0.998031,261,155,557,476,
231,1,0.995977,289,165,565,478,
232,1,0.998825,298,153,572,470,
233,1,0.997457,288,163,573,480,
234,1,0.998413,292,161,577,480,
235,1,0.998581,294,163,578,471,
236,1,0.997412,273,156,581,474,
237,1,0.995787,269,162,570,474,
238,1,0.998347,305,159,582,480,
239,1,0.997525,302,153,580,469,
240,1,0.997982,290,158,572,473,
241,1,0.999131,289,157,574,474,
242,1,0.997829,283,160,577,480,
243,1,0.998771,295,160,572,480,
244,1,0.998397,295,158,567,469,
245,1,0.998911,298,161,562,480,
246,1,0.997083,283,153,566,471,
247,1,0.996885,273,163,559,480,
248,1,0.998897,303,160,559,479,
249,1,0.999034,303,162,556,477,
250,1,0.998549,298,162,557,478,
251,1,0.998928,304,161,552,478,
252,1,0.998358,299,161,549,476,
253,1,0.996954,303,158,538,474,
254,1,0.996830,300,158,541,474,
255,1,0.998702,310,154,538,475,
256,1,0.997990,310,158,528,473,
257,1,0.995946,312,156,518,474,
258,1,0.997576,295,152,524,473,
259,1,0.997631,298,155,517,474,
260,1,0.996017,305,155,506,473,
261,1,0.996558,275,153,507,475,
262,1,0.998448,312,155,516,475,
263,1,0.998851,306,153,519,475,
264,1,0.998780,310,156,520,474,
265,1,0.997902,291,155,513,477,
266,1,0.997477,298,157,511,476,
267,1,0.995877,300,151,505,464,
268,1,0.996476,300,155,508,472,
269,1,0.992284,295,157,504,471,
270,1,0.982166,286,149,500,467,
271,1,0.997219,295,152,503,473,
272,1,0.996226,267,155,500,470,
273,1,0.998557,301,153,493,468,
274,1,0.998633,300,154,488,473,
275,1,0.997568,299,155,482,472,
276,1,0.996896,301,154,485,472,
277,1,0.997111,303,156,480,473,
278,1,0.988125,295,155,475,469,
279,1,0.998441,304,157,476,473,
280,1,0.997594,304,155,476,474,
281,1,0.998262,301,155,475,471,
282,1,0.998501,305,156,474,473,
283,1,0.998107,305,157,471,474,
284,1,0.998034,306,157,469,472,
285,1,0.996025,298,158,468,474,
286,1,0.997296,305,155,472,468,
287,1,0.997483,303,156,470,471,
288,1,0.995214,296,157,467,474,
289,1,0.996898,305,154,468,463,
290,1,0.997938,305,155,469,470,
291,1,0.997501,305,157,465,471,
292,1,0.997356,305,155,469,471,
293,1,0.994699,297,156,466,473,
294,1,0.996660,305,157,462,473,
295,1,0.996980,305,156,467,472,
296,1,0.996044,299,156,467,475,
297,1,0.996856,307,157,466,471,
298,1,0.995702,302,154,463,469,
299,1,0.997458,305,158,459,473,
300,1,0.998018,304,158,458,472,
301,1,0.998255,305,157,458,474,
302,1,0.997513,301,157,459,473,
303,1,0.998065,301,155,460,474,
304,1,0.998279,303,154,462,473,
305,1,0.997993,300,162,460,473,
306,1,0.998156,301,160,462,473,
307,1,0.997646,301,159,461,474,
308,1,0.997592,304,160,462,474,
309,1,0.997864,299,159,462,473,
310,1,0.997940,307,160,462,473,
311,1,0.997817,302,158,464,474,
312,1,0.998043,305,160,460,472,
313,1,0.997482,306,159,461,473,
314,1,0.995803,299,156,465,470,
315,1,0.997936,305,159,468,472,
316,1,0.998562,303,159,471,472,
317,1,0.997278,306,159,467,470,
318,1,0.996595,301,162,474,470,
319,1,0.996927,300,163,479,472,
320,1,0.998683,297,162,477,471,
321,1,0.997980,293,162,481,471,
322,1,0.998440,304,163,479,471,
323,1,0.998857,304,165,479,474,
324,1,0.998293,308,166,483,472,
325,1,0.998557,306,164,483,472,
326,1,0.998613,306,164,483,470,
327,1,0.998667,308,165,478,472,
328,1,0.998605,305,165,475,473,
329,1,0.998333,306,165,473,471,
330,1,0.997051,307,164,477,473,
331,1,0.998774,307,167,483,476,
332,1,0.998322,305,163,487,472,
333,1,0.998307,309,166,485,471,
334,1,0.998078,309,165,488,463,
335,1,0.998131,308,165,493,472,
336,1,0.997535,304,166,488,473,
337,1,0.997439,297,163,489,474,
338,1,0.998160,309,163,490,470,
339,1,0.996003,293,163,491,470,
340,1,0.998469,307,160,490,474,
341,1,0.997342,300,161,487,472,
342,1,0.997479,310,160,488,471,
343,1,0.997355,302,160,484,473,
344,1,0.998389,308,160,485,471,
345,1,0.997871,304,161,477,473,
346,1,0.998086,303,163,483,473,
347,1,0.998203,307,162,479,473,
348,1,0.998700,307,163,479,471,
349,1,0.998791,306,163,476,473,
350,1,0.998063,307,165,474,469,
351,1,0.997689,306,165,472,467,
352,1,0.998529,306,165,470,469,
353,1,0.997364,301,164,469,470,
354,1,0.998164,306,163,467,471,
355,1,0.997838,305,164,468,469,
356,1,0.996233,305,164,467,466,
357,1,0.996019,305,161,466,468,
358,1,0.997019,303,163,466,470,
359,1,0.996923,305,162,466,470,
360,1,0.994384,302,162,465,468,
361,1,0.997144,306,162,468,470,
362,1,0.998060,307,164,465,472,
363,1,0.996345,305,163,464,471,
364,1,0.997350,305,160,464,472,
365,1,0.997128,303,162,464,473,
366,1,0.996722,305,163,464,470,
367,1,0.997382,305,159,463,472,
368,1,0.998097,307,160,464,472,
369,1,0.998006,308,164,463,473,
370,1,0.996202,305,161,467,469,
371,1,0.997855,308,165,463,470,
372,1,0.998051,304,163,465,471,
373,1,0.997633,306,160,465,473,
374,1,0.997540,306,159,466,472,
375,1,0.998062,308,163,467,471,
376,1,0.997665,304,160,468,471,
377,1,0.997546,305,158,465,473,
378,1,0.996566,304,158,468,474,
379,1,0.998319,306,159,466,474,
380,1,0.998280,307,158,465,474,
381,1,0.998221,308,159,465,472,
382,1,0.997907,308,160,476,473,
383,1,0.996652,308,160,465,470,
384,1,0.997840,307,160,477,473,
385,1,0.997323,308,160,483,472,
386,1,0.996381,305,157,481,471,
387,1,0.997173,304,159,486,469,
388,1,0.997425,305,158,487,472,
389,1,0.998761,310,157,482,473,
390,1,0.997940,305,159,486,472,
391,1,0.998307,309,160,492,469,
392,1,0.997199,308,159,490,474,
393,1,0.997972,309,158,488,466,
394,1,0.998429,309,160,490,470,
395,1,0.997975,308,158,487,465,
396,1,0.998298,312,157,490,470,
397,1,0.998444,312,159,492,470,
398,1,0.998392,311,161,491,471,
399,1,0.998096,312,158,492,470,
400,1,0.998074,310,159,504,468,
401,1,0.998568,312,158,498,469,
402,1,0.998586,311,159,505,470,
403,1,0.998502,307,161,512,470,
404,1,0.998885,309,159,515,468,
405,1,0.998946,305,160,514,468,
406,1,0.997624,299,162,513,473,
407,1,0.996959,301,161,516,474,
408,1,0.998323,299,160,515,474,
409,1,0.998035,299,162,518,471,
410,1,0.998250,305,163,512,475,
411,1,0.998410,306,161,516,472,
412,1,0.996819,316,162,515,480,
413,1,0.997509,303,160,512,475,
414,1,0.996975,309,160,516,473,
415,1,0.997831,280,157,509,471,
416,1,0.998681,296,160,522,471,
417,1,0.987301,263,162,516,473,
418,1,0.992238,267,161,520,472,
419,1,0.997071,264,161,521,470,
420,1,0.991609,283,162,523,471,
421,1,0.997385,272,160,521,470,
422,1,0.996843,284,166,522,466,
423,1,0.995970,263,155,516,468,
424,1,0.998818,290,157,524,480,
425,1,0.995395,274,159,519,473,
426,1,0.993131,269,154,532,466,
427,1,0.991330,265,159,521,473,
428,1,0.993036,279,157,526,473,
429,1,0.990909,291,156,519,465,
430,1,0.995791,279,154,536,474,
431,1,0.985570,272,163,518,474,
432,1,0.991262,286,160,529,477,
433,1,0.996271,252,165,539,477,
434,1,0.997560,242,167,548,478,
435,1,0.995659,276,163,548,477,
436,1,0.996691,273,159,548,472,
437,1,0.993876,275,161,541,477,
438,1,0.994333,262,167,534,474,
439,1,0.993912,277,164,533,476,
440,1,0.993115,271,161,530,475,
441,1,0.994458,242,166,528,476,
442,1,0.995277,279,162,546,477,
443,1,0.995626,245,165,528,476,
444,1,0.994408,297,157,538,475,
445,1,0.997497,278,158,550,477,
446,1,0.996274,266,160,562,471,
447,1,0.996455,275,164,552,472,
448,1,0.996009,262,161,541,476,
449,1,0.995249,251,158,530,479,
450,1,0.990627,249,160,538,479,
451,1,0.995823,246,151,462,470,
452,1,0.996388,268,157,455,472,
453,1,0.976493,250,162,525,473,
454,1,0.977464,282,160,510,469,
455,1,0.983605,268,155,512,474,
456,1,0.998263,278,163,527,473,
457,1,0.997605,281,156,522,472,
458,1,0.986266,262,159,527,475,
459,1,0.990526,267,159,523,473,
460,1,0.993147,278,163,523,473,
461,1,0.997887,262,159,520,476,
462,1,0.998364,271,158,527,478,
463,1,0.990605,275,155,527,471,
464,1,0.993693,266,162,521,475,
465,1,0.995750,251,158,519,477,
466,1,0.997436,269,157,519,475,
467,1,0.996474,263,158,521,477,
468,1,0.996124,259,161,522,477,
469,1,0.992821,264,154,524,469,
470,1,0.970545,263,162,519,473,
471,1,0.996942,284,155,524,472,
472,1,0.992844,254,157,518,471,
473,1,0.990289,268,157,522,472,
474,1,0.996691,275,148,523,480,
475,1,0.990305,275,159,517,470,
476,1,0.991806,236,158,523,474,
477,1,0.990104,273,156,519,473,
478,1,0.996833,292,149,522,474,
479,1,0.997343,277,153,521,473,
480,1,0.990807,271,153,519,472,
481,1,0.993834,285,151,518,472,
482,1,0.988868,281,152,519,480,
483,1,0.987217,276,156,522,471,
484,1,0.993894,262,153,520,470,
485,1,0.994549,281,153,523,470,
486,1,0.991352,270,153,522,470,
487,1,0.994845,263,151,519,470,
488,1,0.998073,264,152,521,475,
489,1,0.990395,255,152,517,475,
490,1,0.997661,285,149,523,467,
491,1,0.995379,262,161,529,472,
492,1,0.976193,269,158,525,473,
493,1,0.976697,266,162,523,470,
494,1,0.991154,264,162,509,468,
495,1,0.989346,268,158,530,473,
496,1,0.988793,282,163,539,474,
497,1,0.995740,288,160,532,471,
498,1,0.995825,277,160,538,474,
499,1,0.993325,264,163,526,477,
500,1,0.995575,293,157,546,473,
501,1,0.995828,283,162,544,467,
502,1,0.996192,288,161,548,469,
503,1,0.996538,268,157,548,468,
504,1,0.996704,280,167,550,476,
505,1,0.995727,256,168,551,474,
506,1,0.997576,288,162,555,474,
507,1,0.997918,259,160,557,476,
508,1,0.996590,274,162,543,474,
509,1,0.997932,288,153,558,475,
510,1,0.998436,282,151,545,472,
511,1,0.996370,265,165,540,471,
512,1,0.994816,294,158,551,480,
513,1,0.996970,259,163,545,477,
514,1,0.998117,279,158,560,480,
515,1,0.996822,272,161,555,479,
516,1,0.992221,281,169,544,475,
517,1,0.990682,274,159,537,476,
518,1,0.988019,282,167,548,472,
519,1,0.996927,289,165,546,469,
520,1,0.993098,273,161,537,476,
521,1,0.977980,275,160,541,469,
522,1,0.991355,251,174,525,473,
523,1,0.992603,272,161,533,474,
524,1,0.995352,273,166,539,475,
525,1,0.977131,272,158,533,475,
526,1,0.995750,269,162,546,476,
527,1,0.996021,277,162,537,471,
528,1,0.993616,270,162,537,478,
529,1,0.996368,295,168,540,473,
530,1,0.995135,266,166,543,479,
531,1,0.995838,268,166,539,476,
532,1,0.995209,281,158,538,469,
533,1,0.991119,273,173,536,477,
534,1,0.992186,265,163,522,476,
535,1,0.998804,284,157,526,472,
536,1,0.993967,281,159,524,460,
537,1,0.995618,260,154,518,477,
538,1,0.996232,290,158,521,478,
539,1,0.998500,285,160,526,472,
540,1,0.995820,279,155,525,455,
541,1,0.993082,251,158,529,476,
542,1,0.996905,277,155,528,471,
543,1,0.998228,311,161,534,467,
544,1,0.998609,307,157,531,471,
545,1,0.998261,305,161,530,475,
546,1,0.998126,296,151,530,471,
547,1,0.999036,304,155,536,474,
548,1,0.996374,277,158,541,476,
549,1,0.998949,300,159,540,473,
550,1,0.998123,296,155,536,474,
551,1,0.999036,299,157,541,470,
552,1,0.998894,299,151,541,467,
553,1,0.998600,290,160,538,473,
554,1,0.998586,298,158,543,475,
555,1,0.998935,299,156,542,474,
556,1,0.997184,297,164,539,470,
557,1,0.997696,300,151,545,470,
558,1,0.997856,295,153,553,473,
559,1,0.998510,296,151,548,468,
560,1,0.999032,300,157,547,478,
561,1,0.998814,300,155,544,473,
562,1,0.998495,300,153,547,468,
563,1,0.998580,294,149,544,473,
564,1,0.998351,294,154,548,468,
565,1,0.998579,298,153,544,472,
566,1,0.999002,297,155,547,472,
567,1,0.998813,295,154,545,470,
568,1,0.998394,296,156,558,472,
569,1,0.998256,297,156,544,479,
570,1,0.998985,297,150,549,469,
571,1,0.998645,295,156,558,473,
