314,51,0.562366,514,326,562,365,
315,51,0.602440,513,326,562,366,
316,51,0.608052,512,326,561,365,
317,51,0.746300,511,326,561,366,
318,51,0.727544,511,326,561,366,
319,51,0.658959,511,326,561,366,
320,51,0.679136,511,327,562,366,
321,51,0.689853,510,326,561,367,
322,51,0.819895,510,326,563,366,
323,51,0.848893,510,326,562,366,
324,51,0.776434,509,326,563,366,
325,51,0.755610,509,326,562,365,
326,51,0.879144,509,326,562,366,
327,51,0.892581,508,326,562,365,
328,51,0.861081,509,325,563,366,
329,51,0.856064,508,325,563,366,
330,51,0.826750,508,325,563,365,
331,51,0.845589,508,326,563,366,
332,51,0.791215,508,326,563,365,
333,51,0.719344,508,325,562,365,
334,51,0.764724,508,325,562,365,
335,51,0.721028,509,325,562,366,
336,51,0.731656,507,326,562,366,
337,51,0.823486,508,326,562,366,
338,51,0.648846,507,326,561,366,
339,51,0.764980,508,326,563,367,
340,51,0.634646,508,326,561,368,
341,51,0.608184,508,326,562,367,
342,51,0.719086,508,326,562,367,
343,51,0.567276,508,326,561,367,
344,47,0.572319,508,326,562,366,
345,47,0.682350,508,325,563,366,
346,47,0.701263,508,326,562,365,
347,47,0.732736,508,326,562,365,
348,47,0.665844,509,326,563,367,
349,47,0.849329,510,326,566,361,
418,47,0.901424,510,327,562,368,
419,47,0.868164,509,326,562,363,
420,47,0.792161,508,327,562,361,
421,47,0.903533,509,326,561,364,
422,47,0.749941,510,326,562,360,
423,47,0.689740,509,326,563,362,
424,47,0.560154,510,326,560,362,
425,47,0.777037,510,327,560,363,
426,47,0.708819,510,327,561,363,
427,47,0.682567,509,326,560,363,
428,47,0.529577,509,327,560,364,
429,47,0.680203,509,327,560,364,
430,47,0.700550,509,327,560,364,
431,47,0.613073,509,327,563,365,
432,47,0.569924,509,327,564,366,
447,47,0.567672,510,326,564,368,
453,47,0.623608,511,326,564,368,
455,47,0.625547,509,326,564,368,
457,47,0.573198,510,326,564,367,
