1,82,0.998563,133,40,317,430,
2,82,0.998562,132,39,321,423,
3,82,0.997453,136,40,319,429,
4,82,0.998342,130,36,316,432,
5,82,0.998315,131,38,318,438,
6,82,0.998914,126,39,316,435,
7,82,0.998849,127,37,317,436,
8,82,0.998290,133,37,315,432,
9,82,0.998591,132,44,317,429,
10,82,0.998010,129,42,323,424,
11,82,0.997800,136,34,316,444,
12,82,0.998476,133,39,316,434,
13,82,0.998618,129,39,318,434,
14,82,0.998548,128,37,316,436,
15,82,0.997668,134,34,316,439,
16,82,0.998860,129,41,318,435,
17,82,0.998423,132,37,319,431,
18,82,0.998579,128,40,316,433,
19,82,0.998840,127,40,316,431,
20,82,0.998685,130,37,317,434,
21,82,0.998273,132,40,318,432,
22,82,0.998515,133,38,317,436,
23,82,0.998239,134,34,318,434,
24,82,0.998661,132,38,318,435,
25,82,0.998407,131,35,315,431,
26,82,0.998869,132,37,315,426,
27,82,0.998780,132,43,321,427,
28,82,0.998946,132,38,320,428,
29,82,0.998588,130,39,321,431,
30,82,0.998861,125,37,319,434,
31,82,0.997897,130,40,319,441,
32,82,0.998435,132,38,319,435,
33,82,0.998182,134,37,318,437,
34,82,0.997739,134,34,316,441,
35,82,0.998304,132,40,316,441,
36,82,0.997676,134,35,316,440,
37,82,0.997362,129,41,324,449,
38,82,0.998192,131,39,319,439,
39,82,0.998546,130,37,316,430,
40,82,0.998146,128,38,324,432,
41,82,0.998416,133,35,317,433,
42,82,0.998025,129,42,320,431,
43,82,0.997773,128,44,326,442,
44,82,0.998470,133,34,315,429,
45,82,0.998052,137,35,316,435,
46,82,0.997722,128,36,322,434,
47,82,0.998569,132,39,319,438,
48,82,0.998657,133,35,316,430,
49,82,0.998913,133,40,320,437,
50,82,0.998888,133,39,317,429,
51,82,0.998094,137,37,317,438,
52,82,0.998423,130,34,319,425,
53,82,0.997874,131,35,325,435,
54,82,0.998472,134,41,319,436,
55,82,0.998355,133,43,320,441,
56,82,0.997610,138,33,318,439,
57,82,0.998242,128,34,322,432,
58,82,0.997821,129,36,324,434,
59,82,0.998147,128,29,322,433,
60,82,0.998490,130,38,322,439,
61,82,0.997781,129,36,324,437,
62,82,0.997608,138,32,319,441,
63,82,0.998837,134,40,320,444,
64,82,0.998175,135,30,317,430,
65,82,0.998139,138,33,320,433,
66,82,0.997643,129,31,329,431,
67,82,0.997759,129,32,328,435,
68,82,0.998600,128,31,321,433,
69,82,0.997355,131,31,327,440,
70,82,0.997913,130,29,326,429,
71,82,0.997956,130,40,327,443,
72,82,0.997662,137,35,319,437,
73,82,0.999080,134,39,322,439,
74,82,0.997446,129,32,327,433,
75,82,0.998229,128,33,324,432,
76,82,0.997434,130,35,328,432,
77,82,0.998889,134,37,324,434,
78,82,0.998023,138,38,318,437,
79,82,0.998274,126,40,329,445,
80,82,0.998709,139,36,321,433,
81,82,0.997942,136,33,318,440,
82,82,0.997961,130,31,327,434,
83,82,0.996944,128,41,330,447,
84,82,0.997685,129,30,325,433,
85,82,0.998238,134,32,318,432,
86,82,0.998747,134,35,319,441,
87,82,0.998869,135,38,324,433,
88,82,0.998184,134,32,319,434,
89,82,0.997412,129,29,326,433,
90,82,0.998687,135,41,322,436,
91,82,0.998850,133,42,321,435,
92,82,0.998072,138,36,319,435,
93,82,0.997148,129,30,327,438,
94,82,0.997503,137,34,321,441,
95,82,0.998523,135,36,324,445,
96,82,0.998999,136,39,321,436,
97,82,0.998850,136,38,322,442,
98,82,0.997945,129,32,327,431,
99,82,0.997170,129,37,330,441,
100,82,0.998477,135,32,318,431,
101,82,0.998436,136,35,317,430,
102,82,0.997916,135,35,315,428,
103,82,0.998909,134,33,317,428,
104,82,0.997589,135,34,327,438,
105,82,0.997852,138,36,320,442,
106,82,0.998094,133,31,318,431,
107,82,0.997644,128,31,330,438,
108,82,0.997591,130,31,325,435,
109,82,0.998899,134,39,321,444,
110,82,0.998686,134,40,320,442,
111,82,0.998409,135,38,322,447,
112,82,0.997520,128,39,329,450,
113,82,0.998916,135,39,324,436,
114,82,0.998679,135,39,321,435,
115,82,0.997750,131,28,331,440,
116,82,0.998548,128,35,322,430,
117,82,0.997676,129,32,328,435,
118,82,0.997862,128,35,327,430,
119,82,0.998888,135,38,323,444,
120,82,0.998508,134,31,318,429,
121,82,0.998551,135,39,326,444,
122,82,0.998092,139,34,322,443,
123,82,0.997537,138,36,319,440,
124,82,0.997868,129,37,331,439,
125,82,0.998125,129,33,329,437,
126,82,0.997387,129,38,327,444,
127,82,0.998522,135,38,323,442,
128,82,0.998312,135,42,322,438,
129,82,0.997872,131,35,333,434,
130,82,0.998059,136,36,320,444,
131,82,0.998755,135,36,320,444,
132,82,0.997477,133,43,334,444,
133,82,0.998821,135,37,324,440,
134,82,0.998788,134,41,323,438,
135,82,0.998274,129,30,328,433,
136,82,0.997736,129,39,330,445,
137,82,0.997519,127,34,329,432,
138,82,0.997259,128,34,329,439,
139,82,0.997120,135,33,318,433,
140,82,0.998711,135,38,321,438,
141,82,0.998557,134,41,322,438,
142,82,0.998561,134,43,320,444,
143,82,0.998727,135,40,323,441,
144,82,0.998825,135,41,323,440,
145,82,0.998652,135,40,324,438,
146,82,0.998256,134,40,323,447,
147,82,0.997551,138,37,319,440,
148,82,0.997175,138,35,318,444,
149,82,0.998370,128,33,328,436,
150,82,0.998546,134,41,324,436,
151,82,0.997362,139,35,318,441,
152,82,0.998772,130,34,329,433,
153,82,0.998871,135,40,324,435,
154,82,0.998667,135,40,322,446,
155,82,0.997548,134,40,329,443,
156,82,0.998183,128,31,327,435,
157,82,0.998730,135,40,322,443,
158,82,0.997588,130,41,331,440,
159,82,0.998539,136,39,322,438,
160,82,0.998368,129,30,330,438,
161,82,0.998510,128,35,321,428,
162,82,0.997918,139,36,319,439,
163,82,0.998685,135,38,323,444,
164,82,0.997029,132,37,331,444,
165,82,0.998044,129,31,328,434,
166,82,0.998729,132,38,319,437,
167,82,0.997480,140,35,320,443,
168,82,0.997594,131,38,329,439,
169,82,0.999075,135,39,321,434,
170,82,0.998916,135,37,324,447,
171,82,0.998444,132,35,330,433,
172,82,0.998639,135,39,324,439,
173,82,0.998951,134,40,324,436,
174,82,0.998079,129,36,327,428,
175,82,0.998477,136,38,325,444,
176,82,0.998382,135,37,326,439,
177,82,0.997409,132,35,334,436,
178,82,0.997824,127,36,324,434,
179,82,0.998815,137,37,325,438,
180,82,0.997880,130,41,334,443,
181,82,0.998264,126,32,325,431,
182,82,0.997941,125,35,325,431,
183,82,0.997926,129,40,329,442,
184,82,0.998243,127,33,323,436,
185,82,0.998955,128,37,320,434,
186,82,0.998700,135,38,324,438,
187,82,0.998849,134,42,325,432,
188,82,0.998058,131,39,333,440,
189,82,0.998025,129,35,331,434,
190,82,0.998192,129,36,329,434,
191,82,0.997847,131,40,334,442,
192,82,0.997745,129,40,330,446,
193,82,0.998228,131,37,330,431,
194,82,0.998529,133,37,329,445,
195,82,0.998216,138,36,322,434,
196,82,0.998374,135,38,321,437,
197,82,0.998407,127,34,329,434,
198,82,0.997651,131,33,332,435,
199,82,0.997873,128,36,327,437,
200,82,0.998403,128,36,329,433,
201,82,0.997809,130,39,331,447,
202,82,0.998267,126,39,331,445,
203,82,0.998406,129,36,327,432,
204,82,0.997795,129,39,331,445,
205,82,0.997872,138,33,321,436,
206,82,0.997448,137,34,321,438,
207,82,0.997683,131,39,330,441,
208,82,0.998759,135,41,323,433,
209,82,0.997273,138,34,321,438,
210,82,0.998761,135,36,322,437,
211,82,0.997717,130,41,331,449,
212,82,0.997451,126,36,325,435,
213,82,0.997784,129,36,329,440,
214,82,0.998511,135,40,322,441,
215,82,0.998599,137,38,322,445,
216,82,0.998748,135,39,322,436,
217,82,0.997590,131,40,333,442,
218,82,0.997837,127,31,327,436,
219,82,0.998883,135,38,324,436,
220,82,0.998269,127,32,327,438,
221,82,0.998472,127,34,324,430,
222,82,0.998431,128,34,325,431,
223,82,0.998360,133,31,318,431,
224,82,0.998578,136,33,320,433,
225,82,0.997787,127,36,324,438,
226,82,0.998999,133,44,321,432,
227,82,0.998534,134,42,319,442,
228,82,0.998465,129,39,320,437,
229,82,0.998782,135,41,321,436,
230,82,0.998778,134,38,317,429,
231,82,0.998121,137,37,320,435,
232,82,0.998616,130,41,328,439,
233,82,0.998750,133,45,321,438,
234,82,0.998788,135,42,322,435,
235,82,0.998022,129,42,329,439,
236,82,0.998579,132,41,320,438,
237,82,0.998498,128,39,322,427,
238,82,0.998264,137,37,316,434,
239,82,0.998237,128,39,322,433,
240,82,0.998555,137,36,318,435,
241,82,0.998539,129,38,324,432,
242,82,0.998354,130,36,329,434,
243,82,0.998227,133,41,326,438,
244,82,0.998636,130,36,322,429,
245,82,0.998870,131,41,320,437,
246,82,0.998687,133,36,317,429,
247,82,0.998345,130,36,325,434,
248,82,0.998994,133,43,318,435,
249,82,0.998628,135,39,319,433,
250,82,0.998908,133,35,316,430,
251,82,0.998493,136,36,316,433,
252,82,0.998154,133,35,317,431,
253,82,0.998313,135,34,316,434,
254,82,0.998316,135,34,318,432,
255,82,0.998657,133,41,318,437,
256,82,0.997914,129,37,325,433,
257,82,0.998146,131,39,320,433,
258,82,0.997529,138,35,316,438,
259,82,0.998062,129,36,326,435,
260,82,0.998674,132,42,317,437,
261,82,0.998185,129,38,324,438,
262,82,0.998579,131,38,327,438,
263,82,0.998834,133,40,318,438,
264,82,0.998706,134,41,316,434,
265,82,0.998665,134,38,317,441,
266,82,0.998318,130,35,316,439,
267,82,0.998866,132,41,316,435,
268,82,0.998374,133,36,314,432,
269,82,0.998185,128,37,323,438,
270,82,0.998565,132,43,319,439,
271,82,0.998158,132,40,319,432,
272,82,0.998307,127,36,323,438,
273,82,0.998055,129,39,323,436,
274,82,0.998418,128,43,326,440,
275,82,0.998168,135,41,316,436,
276,82,0.998647,132,45,316,435,
277,82,0.998082,135,42,316,435,
278,82,0.998780,132,40,317,436,
279,82,0.998513,134,39,317,434,
280,82,0.998758,131,42,318,433,
281,82,0.998931,132,44,318,432,
282,82,0.998516,129,37,327,436,
283,82,0.998434,132,37,315,432,
284,82,0.998882,127,38,316,435,
285,82,0.999253,126,37,313,435,
286,82,0.997996,130,42,320,427,
287,82,0.998153,132,40,323,437,
288,82,0.998767,130,39,318,426,
289,82,0.999008,129,37,318,436,
290,82,0.999016,133,39,318,430,
291,82,0.998971,131,38,317,431,
292,82,0.998647,131,38,318,431,
293,82,0.998863,133,39,318,433,
294,82,0.998029,135,34,314,431,
295,82,0.998942,132,41,316,437,
296,82,0.998823,132,42,318,432,
297,82,0.998784,131,38,316,444,
298,82,0.998628,131,41,316,433,
299,82,0.998155,131,40,324,433,
300,82,0.998699,131,43,316,440,
301,82,0.998339,133,43,316,435,
302,82,0.998286,129,43,324,434,
303,82,0.998856,133,40,318,431,
304,82,0.997785,131,41,324,443,
305,82,0.998633,131,39,316,438,
306,82,0.998372,130,42,317,441,
307,82,0.997964,135,38,312,439,
308,82,0.997810,133,44,321,432,
309,82,0.998057,130,40,325,434,
310,82,0.998548,132,43,316,440,
311,82,0.998856,132,42,316,439,
312,82,0.998822,128,39,317,435,
313,82,0.998349,130,40,325,439,
314,82,0.998852,134,42,319,437,
315,82,0.998795,132,43,316,438,
316,82,0.998026,130,42,319,426,
317,82,0.998663,134,39,319,435,
318,82,0.997795,129,40,324,433,
319,82,0.998146,130,39,318,428,
320,82,0.998408,131,39,320,434,
321,82,0.998317,134,40,315,437,
322,82,0.998683,132,36,319,431,
323,82,0.998679,133,39,319,442,
324,82,0.998609,134,47,316,436,
325,82,0.998954,132,40,317,431,
326,82,0.998488,136,37,315,436,
327,82,0.998167,137,36,315,434,
328,82,0.998775,132,43,320,432,
329,82,0.998664,131,42,316,435,
330,82,0.998752,135,39,316,432,
331,82,0.998728,138,35,318,433,
332,82,0.998133,137,36,317,431,
333,82,0.998660,136,37,315,435,
334,82,0.998275,131,36,326,438,
335,82,0.998453,133,38,318,436,
336,82,0.998414,136,35,318,436,
337,82,0.999176,132,40,319,433,
338,82,0.998337,128,39,321,432,
339,82,0.998808,131,42,318,437,
340,82,0.998605,131,41,317,435,
341,82,0.998635,132,45,318,441,
342,82,0.998813,134,38,317,431,
343,82,0.998362,133,38,317,430,
344,82,0.998481,133,42,320,433,
345,82,0.998051,136,35,316,436,
346,82,0.998351,136,38,317,436,
347,82,0.998727,132,41,320,429,
348,82,0.998948,133,41,316,433,
349,82,0.998856,133,40,317,433,
350,82,0.998936,136,34,315,431,
351,82,0.998965,133,41,314,433,
352,82,0.999096,133,44,317,431,
353,82,0.998814,129,37,318,435,
354,82,0.998327,137,35,316,433,
355,82,0.998983,135,41,319,429,
356,82,0.998681,138,33,317,427,
357,82,0.998783,132,42,317,435,
358,82,0.998364,128,40,325,437,
359,82,0.998314,131,39,327,440,
360,82,0.997614,132,39,327,438,
361,82,0.997859,131,37,325,436,
362,82,0.998983,134,43,321,427,
363,82,0.998386,137,38,315,428,
364,82,0.999045,129,39,316,434,
365,82,0.999007,133,44,319,436,
366,82,0.998905,132,44,316,432,
367,82,0.997910,131,40,324,440,
368,82,0.998258,132,39,322,428,
369,82,0.998883,133,37,320,430,
370,82,0.998703,134,40,317,436,
371,82,0.999059,131,39,316,433,
372,82,0.998472,128,37,323,437,
373,82,0.998861,135,37,318,434,
374,82,0.998827,132,43,318,433,
375,82,0.998826,132,38,317,433,
376,82,0.997869,130,37,325,437,
377,82,0.998692,132,36,316,433,
378,82,0.999078,126,35,315,438,
379,82,0.997850,136,37,314,431,
380,82,0.998443,132,43,316,434,
381,82,0.998924,128,40,316,430,
382,82,0.998485,137,35,317,433,
383,82,0.998685,137,35,316,432,
384,82,0.998911,132,39,317,436,
385,82,0.998924,132,43,315,434,
386,82,0.998150,133,41,325,445,
387,82,0.998999,134,40,318,432,
388,82,0.999040,133,37,316,431,
389,82,0.999040,132,41,319,433,
390,82,0.998597,136,36,318,430,
391,82,0.998012,128,41,327,444,
392,82,0.998725,130,36,320,436,
393,82,0.998599,136,35,314,432,
394,82,0.998606,128,36,322,435,
395,82,0.998251,127,36,322,435,
396,82,0.999036,132,43,320,431,
397,82,0.998093,137,35,317,436,
398,82,0.998883,131,43,318,435,
399,82,0.999169,132,42,320,430,
400,82,0.998776,131,43,318,438,
401,82,0.998463,135,36,315,433,
402,82,0.998321,129,37,326,435,
403,82,0.998628,133,44,322,433,
404,82,0.998694,133,39,317,436,
405,82,0.998066,137,34,319,433,
406,82,0.999126,133,42,320,432,
407,82,0.998801,132,38,319,434,
408,82,0.998673,131,41,325,437,
409,82,0.998938,133,43,321,435,
410,82,0.998800,134,43,319,436,
411,82,0.998750,133,40,318,439,
412,82,0.998112,131,38,325,438,
413,82,0.998582,136,38,317,433,
414,82,0.998247,136,38,319,432,
415,82,0.997831,128,41,329,440,
416,82,0.998227,130,42,329,436,
417,82,0.997943,132,38,323,435,
418,82,0.998003,129,34,322,429,
419,82,0.998594,133,46,320,441,
420,82,0.998112,136,40,320,431,
421,82,0.998005,128,38,325,432,
422,82,0.998317,132,36,320,431,
423,82,0.998872,134,41,323,443,
424,82,0.997477,131,34,328,432,
425,82,0.997814,133,42,321,444,
426,82,0.998695,133,45,323,436,
427,82,0.997807,129,40,330,442,
428,82,0.999069,134,45,323,439,
429,82,0.998089,129,40,332,444,
430,82,0.997963,126,33,327,435,
431,82,0.998359,130,33,324,432,
432,82,0.998860,134,41,323,442,
433,82,0.998373,135,41,321,438,
434,82,0.998878,132,37,326,440,
435,82,0.998823,134,43,319,438,
436,82,0.997331,128,39,330,441,
437,82,0.997974,130,42,332,442,
438,82,0.997970,137,35,321,441,
439,82,0.998722,135,42,321,441,
440,82,0.998806,134,42,322,438,
441,82,0.998001,129,32,327,434,
442,82,0.998798,135,39,322,444,
443,82,0.997950,130,33,327,434,
444,82,0.998288,138,37,320,433,
445,82,0.997838,132,34,327,431,
446,82,0.998474,127,34,321,432,
447,82,0.997869,137,34,320,439,
448,82,0.997835,129,31,328,434,
449,82,0.998156,127,34,323,430,
450,82,0.998870,134,43,323,443,
451,82,0.998637,134,39,324,436,
452,82,0.998332,130,35,328,439,
453,82,0.998016,137,38,320,434,
454,82,0.997658,137,35,321,440,
455,82,0.998183,131,34,323,429,
456,82,0.997938,137,36,322,436,
457,82,0.998622,135,44,322,434,
458,82,0.997862,138,38,319,441,
459,82,0.999097,134,44,322,438,
460,82,0.998014,132,40,330,445,
461,82,0.998452,135,43,321,442,
462,82,0.998633,131,35,325,427,
463,82,0.998770,133,35,318,430,
464,82,0.998419,128,35,323,432,
465,82,0.998374,129,44,329,437,
466,82,0.998030,131,42,328,442,
467,82,0.998640,133,45,321,443,
468,82,0.998120,130,35,324,429,
469,82,0.998626,132,36,325,438,
470,82,0.998557,129,35,321,427,
471,82,0.998868,132,35,317,430,
472,82,0.998242,129,43,328,440,
473,82,0.998413,137,41,329,439,
474,82,0.997916,129,34,323,428,
475,82,0.998120,132,43,328,438,
476,82,0.998827,133,38,317,429,
477,82,0.998524,133,44,321,445,
478,82,0.998691,132,43,320,438,
479,82,0.997489,128,37,325,433,
480,82,0.998739,133,44,320,442,
481,82,0.998367,132,35,316,434,
482,82,0.998480,133,41,320,442,
483,82,0.998301,133,41,327,438,
484,82,0.997901,130,38,323,431,
485,82,0.999089,133,37,317,427,
486,82,0.998666,132,46,318,441,
487,82,0.998238,131,42,328,435,
488,82,0.999246,126,38,317,433,
489,82,0.998396,132,37,316,438,
490,82,0.998250,132,40,328,439,
491,82,0.998561,134,42,321,441,
492,82,0.998997,134,44,321,435,
493,82,0.997832,131,40,321,443,
494,82,0.998254,137,37,318,436,
495,82,0.998916,133,40,320,436,
496,82,0.998066,137,39,320,436,
497,82,0.998882,134,41,322,438,
498,82,0.998282,130,39,325,436,
499,82,0.998753,130,41,320,437,
500,82,0.998200,130,37,329,435,
501,82,0.997958,137,38,319,441,
502,82,0.997766,131,36,327,430,
503,82,0.997666,137,39,319,435,
504,82,0.998646,135,43,324,439,
505,82,0.997968,127,33,321,436,
506,82,0.997595,129,39,329,436,
507,82,0.998081,133,35,327,432,
508,82,0.997537,138,34,320,441,
509,82,0.997760,138,36,320,437,
510,82,0.997925,129,39,333,443,
511,82,0.998706,134,44,324,439,
512,82,0.998254,131,40,332,443,
513,82,0.998111,130,30,326,438,
514,82,0.998189,131,40,336,439,
515,82,0.998845,134,41,324,439,
516,82,0.997710,138,36,322,439,
517,82,0.998636,135,41,325,443,
518,82,0.998769,129,30,329,434,
519,82,0.998847,134,43,324,441,
520,82,0.996603,138,34,319,435,
521,82,0.998787,134,42,323,440,
522,82,0.998986,135,42,323,440,
523,82,0.998818,134,43,322,440,
524,82,0.997993,133,35,327,434,
525,82,0.999083,135,44,321,439,
526,82,0.997714,134,32,324,446,
527,82,0.997908,137,37,322,436,
528,82,0.997542,133,38,333,444,
529,82,0.998368,129,38,334,446,
530,82,0.997803,129,38,331,444,
531,82,0.998384,131,34,318,433,
532,82,0.999014,135,42,324,440,
533,82,0.998881,134,39,323,443,
534,82,0.998590,132,35,327,445,
535,82,0.997861,136,38,319,442,
536,82,0.998083,130,41,335,448,
537,82,0.998813,134,43,321,443,
538,82,0.998059,132,41,330,441,
539,82,0.998686,133,39,319,442,
540,82,0.998669,134,43,320,439,
541,82,0.998227,129,43,327,440,
542,82,0.998796,130,36,320,426,
543,82,0.998064,136,37,320,434,
544,82,0.998991,135,39,319,434,
545,82,0.998801,133,35,318,432,
546,82,0.998023,130,38,324,433,
547,82,0.998624,131,37,318,430,
548,82,0.998759,130,39,319,436,
549,82,0.998514,136,37,316,434,
550,82,0.999099,133,43,318,435,
551,82,0.998891,133,38,316,431,
552,82,0.998890,131,42,319,440,
553,82,0.998788,132,42,317,437,
554,82,0.998416,131,42,318,443,
555,82,0.998706,133,43,320,439,
556,82,0.998903,132,42,321,435,
557,82,0.998865,132,41,320,436,
558,82,0.997510,131,40,325,437,
559,82,0.997496,129,42,328,444,
560,82,0.998544,133,38,316,438,
561,82,0.998569,133,44,316,439,
562,82,0.999114,125,38,316,435,
563,82,0.998519,131,39,326,439,
564,82,0.997613,130,39,323,432,
565,82,0.998659,132,36,320,431,
566,82,0.998475,132,37,320,433,
567,82,0.998523,131,39,319,437,
568,82,0.998235,133,38,318,436,
569,82,0.998837,128,37,318,434,
570,82,0.998698,131,39,320,434,
571,82,0.998819,133,41,318,437,
