1,206,45,207,96,165,130,158,184,173,209,249,126,261,182,255,204,189,234,185,290,185,348,234,233,245,289,249,349
2,205,45,206,96,165,130,157,182,173,208,249,126,261,181,255,204,190,237,185,291,185,349,233,236,245,290,250,351
3,206,45,207,96,165,130,157,183,173,209,248,125,261,182,255,204,191,235,185,290,182,349,234,234,244,292,248,353
4,206,45,207,95,164,131,158,183,173,208,248,126,261,183,255,205,190,233,185,288,184,347,233,234,245,289,248,347
5,206,45,207,96,164,130,158,184,174,209,249,127,261,182,256,205,191,235,185,290,182,349,233,235,245,290,249,350
6,205,45,207,97,164,131,157,184,173,209,249,126,261,182,255,204,189,235,185,290,186,346,233,235,246,290,250,349
7,206,45,207,95,165,130,158,182,173,208,249,126,261,182,255,204,190,234,185,287,183,345,234,235,245,293,247,350
8,206,46,207,97,165,130,158,182,174,209,249,126,260,183,255,204,190,236,185,292,183,349,233,236,245,295,248,353
9,206,45,206,96,166,129,158,185,173,210,249,126,261,183,255,203,189,235,185,290,185,347,232,234,245,289,249,348
10,205,46,206,96,165,130,158,183,173,209,248,126,260,180,255,203,190,235,184,289,183,348,233,234,245,288,251,350
11,205,45,207,95,164,131,157,182,173,209,249,126,261,183,256,204,190,237,185,292,181,351,233,237,244,293,246,352
12,205,45,207,96,164,131,157,183,173,210,248,125,261,182,256,204,191,232,185,289,182,349,234,230,245,293,247,353
13,205,45,207,95,164,130,158,183,173,209,248,126,262,182,255,204,189,232,185,287,184,346,233,233,245,288,246,348
14,205,45,207,95,165,130,158,183,173,209,248,126,261,182,255,204,190,233,185,289,183,349,233,234,244,291,247,353
15,205,45,207,96,164,130,158,184,173,210,248,125,261,181,255,204,191,235,185,290,182,349,233,235,245,290,248,350
16,205,45,207,95,165,130,158,183,173,209,248,126,261,182,255,205,190,235,185,290,183,348,234,235,245,292,245,350
17,205,45,206,97,165,130,158,183,173,210,248,126,261,181,256,204,190,232,185,291,183,350,234,230,245,291,247,352
18,205,46,206,97,165,130,158,183,173,209,248,125,261,181,256,203,191,235,185,290,184,349,233,235,245,292,248,351
19,204,45,206,96,164,131,158,184,173,209,248,126,260,181,256,205,192,238,185,290,180,348,234,237,245,291,251,350
20,205,45,207,96,164,130,158,184,173,210,249,126,261,180,256,204,190,234,185,288,184,348,233,234,246,287,250,348
21,205,45,207,95,164,131,158,183,173,209,249,126,262,182,256,204,191,235,185,291,183,350,233,235,244,293,246,352
22,205,46,206,97,165,130,157,182,173,210,249,126,261,181,256,203,190,231,185,289,183,350,234,230,245,290,246,352
23,205,46,206,97,165,130,158,185,173,209,248,125,261,182,255,204,189,234,184,290,182,348,233,233,246,288,248,349
24,205,46,206,96,165,130,158,184,173,209,248,125,261,181,255,203,189,233,185,290,186,350,232,232,245,286,247,348
25,205,45,206,96,165,130,157,183,173,209,248,126,261,181,255,204,190,235,186,292,185,351,233,234,245,292,248,352
26,205,45,207,96,164,130,158,184,173,210,248,125,260,182,256,204,191,233,185,290,183,347,234,233,246,287,250,348
27,205,46,207,97,164,130,158,184,173,210,249,126,260,181,256,204,190,234,185,289,184,346,233,234,245,288,250,347
28,205,46,206,96,165,130,157,186,173,209,247,125,261,180,255,204,189,234,184,290,186,350,233,234,246,290,251,350
29,205,45,207,96,164,131,158,184,173,210,248,125,261,180,255,204,189,233,185,292,184,351,233,233,245,291,250,352
30,205,45,207,97,164,131,158,184,173,210,248,126,261,182,256,205,191,235,185,291,185,348,234,235,245,288,249,347
31,205,46,207,97,164,130,159,184,174,211,249,126,261,182,256,204,191,235,185,290,184,346,233,235,245,286,248,346
32,205,46,207,96,164,130,158,184,173,210,249,126,261,182,255,206,192,235,185,290,182,347,234,235,245,291,247,351
33,205,46,207,97,164,130,157,184,173,210,249,126,262,181,255,206,190,231,185,289,182,349,233,231,245,287,248,351
34,205,47,206,97,165,130,158,184,173,211,249,127,261,181,255,205,188,232,185,292,185,349,235,231,245,289,247,349
35,205,47,207,98,164,131,158,183,174,212,249,126,262,181,255,206,191,230,184,291,183,351,236,230,245,292,248,353
36,205,47,207,99,164,131,157,184,175,213,249,127,262,181,256,206,191,222,185,289,185,352,233,223,244,290,246,352
37,205,47,207,99,164,130,159,184,174,213,249,126,262,180,256,207,191,220,184,289,183,354,233,220,246,292,245,356
38,205,48,206,98,165,130,157,183,174,215,250,127,261,181,255,208,191,222,185,285,183,349,233,221,246,286,247,350
39,206,49,206,99,165,130,158,186,175,216,250,127,261,181,255,209,194,220,185,286,183,350,231,219,246,283,246,350
40,206,49,206,100,165,131,158,187,175,217,251,128,261,183,255,209,193,221,186,286,183,350,231,219,245,284,251,350
41,206,49,206,99,165,130,159,187,176,218,252,129,261,184,255,210,194,221,185,287,188,351,231,221,246,287,249,350
42,205,48,206,99,164,131,159,187,176,218,250,127,261,184,255,211,194,224,185,289,183,355,233,222,246,292,249,355
43,206,49,207,100,164,132,160,188,176,220,251,128,261,180,255,212,196,222,184,292,184,355,233,221,246,287,250,353
44,206,49,207,100,164,132,159,188,176,221,252,129,260,183,255,212,196,223,187,292,184,353,234,219,245,286,247,350
45,206,49,206,100,164,131,160,188,176,221,251,127,260,182,255,214,196,223,186,293,186,355,234,220,246,290,249,352
46,206,49,207,100,164,132,161,189,176,222,251,127,260,182,255,216,196,221,187,291,191,361,233,218,245,284,263,346
47,206,50,207,100,164,131,160,190,177,224,253,129,261,184,255,217,198,223,190,292,194,359,234,221,244,288,230,350
48,206,50,207,101,164,131,160,189,178,225,253,130,260,185,255,219,199,224,207,278,191,281,234,221,242,279,254,218
49,207,51,207,101,164,132,161,190,178,226,253,129,261,184,255,221,200,227,199,305,192,359,235,223,243,305,231,359
50,206,50,207,101,164,132,161,190,178,227,252,128,260,183,255,222,197,223,195,237,187,223,234,222,242,295,257,221
51,207,51,207,102,164,131,162,191,179,229,252,128,259,183,255,223,200,224,199,299,201,353,235,221,244,296,241,363
52,207,50,207,101,164,132,161,192,179,229,252,129,259,182,255,224,200,227,197,306,202,366,235,223,245,301,248,366
53,207,49,208,102,164,132,162,191,179,231,252,128,258,182,254,227,199,224,193,302,201,361,235,223,243,301,249,356
54,208,51,208,103,162,134,162,192,179,231,253,128,258,182,256,227,200,225,196,305,199,369,235,223,242,304,246,361
55,208,52,208,104,163,133,162,193,180,233,253,129,258,184,255,228,200,226,200,306,199,373,234,225,245,303,246,373
56,208,52,207,104,165,132,163,193,179,234,253,130,260,186,255,229,198,226,199,305,204,366,234,224,243,302,258,359
57,208,52,207,104,164,134,163,193,180,235,253,130,259,185,254,230,201,227,201,298,204,358,235,225,244,297,250,354
58,208,52,207,104,164,134,163,192,178,235,254,131,258,185,255,231,199,227,195,288,196,356,235,225,238,289,244,355
59,208,53,208,106,163,133,163,192,179,237,253,129,258,186,255,233,201,226,195,288,192,352,235,225,235,289,241,354
60,208,53,208,106,163,134,163,193,180,239,254,131,257,187,255,233,200,226,195,287,195,350,235,225,236,290,243,355
61,208,53,209,105,163,134,163,193,179,239,254,131,257,188,254,236,200,227,195,285,192,349,235,226,234,290,240,355
62,209,54,208,107,163,134,164,193,179,239,253,130,257,185,254,236,198,226,191,287,187,351,234,227,232,291,237,355
63,208,55,208,107,163,136,163,195,179,240,253,130,258,187,254,237,198,226,192,283,191,344,235,226,233,290,234,261
64,208,56,209,107,164,135,164,195,180,241,253,130,258,188,253,237,198,227,194,287,192,350,235,226,235,290,235,259
65,208,56,208,108,164,136,164,196,179,240,253,130,258,185,253,237,200,227,195,286,193,348,236,227,233,292,235,269
66,208,57,209,108,164,136,163,196,179,241,253,131,259,188,253,237,199,227,191,284,201,253,235,228,231,291,233,259
67,208,55,209,107,163,136,163,196,179,241,254,131,259,187,253,237,198,226,190,284,184,349,234,227,231,290,230,355
68,208,58,209,108,163,136,163,194,179,242,253,131,258,188,253,239,197,227,191,289,182,348,234,227,233,294,234,276
69,208,58,208,109,163,137,164,196,179,241,253,131,258,187,253,238,197,226,193,283,201,250,235,226,234,289,235,252
70,207,58,208,109,164,136,164,195,179,241,253,131,259,188,252,238,196,225,192,280,202,249,233,226,232,286,239,245
71,208,59,208,110,163,137,164,196,179,241,254,132,258,189,253,239,197,226,193,281,203,251,234,227,236,288,240,244
72,208,59,209,110,164,137,164,195,179,242,254,131,258,188,253,240,197,226,192,281,204,250,235,226,231,289,240,246
73,209,56,208,109,163,136,164,194,180,242,255,133,257,190,254,240,197,223,193,282,190,350,235,224,233,286,232,354
74,208,60,208,111,164,135,164,196,179,242,253,131,259,190,253,241,195,226,190,280,202,251,233,227,231,289,234,248
75,210,59,208,110,163,137,165,195,179,242,255,133,257,190,254,241,197,223,192,282,202,248,234,224,235,288,233,268
76,208,57,208,109,163,136,165,198,179,242,254,133,257,190,254,239,198,224,190,281,187,348,233,225,231,287,230,351
77,209,60,209,110,164,137,164,197,179,243,254,132,259,190,254,241,196,225,190,280,203,251,234,226,231,289,232,255
78,210,60,209,110,164,137,164,198,179,244,254,132,257,189,254,241,196,224,187,281,203,255,233,226,231,291,230,266
79,210,58,209,109,164,136,164,196,179,242,255,133,257,189,254,241,198,224,192,283,203,250,234,226,233,290,231,354
80,210,60,209,111,164,136,165,197,179,243,254,132,257,189,254,241,197,225,188,281,204,254,234,227,231,291,231,262
81,212,59,210,110,165,136,164,195,179,242,254,132,259,190,253,241,196,225,190,280,203,251,234,226,230,290,240,249
82,213,60,211,111,165,136,164,196,178,242,255,133,259,189,253,241,196,226,193,283,203,254,233,227,235,290,232,264
83,213,58,210,110,164,137,164,195,179,242,254,132,259,189,253,241,197,225,194,282,203,249,235,225,232,288,240,247
84,214,57,211,110,165,136,164,195,180,242,254,132,259,190,254,241,196,223,192,280,203,248,235,223,235,286,235,247
85,214,57,211,109,164,136,164,195,179,241,256,133,259,191,253,240,197,225,196,282,204,248,235,226,232,286,239,244
86,214,56,211,109,165,136,164,194,180,241,255,133,258,191,253,240,199,226,196,284,204,249,235,226,232,288,240,244
87,216,58,212,110,165,135,164,194,179,239,255,133,260,192,254,239,199,227,195,286,205,252,236,227,233,290,241,246
88,216,52,212,105,165,134,165,195,180,237,255,133,260,190,255,237,198,227,197,288,204,253,235,228,237,289,233,258
89,218,54,212,107,165,135,165,194,180,236,255,132,261,189,258,236,199,227,191,285,205,253,236,228,238,288,232,252
90,218,51,212,102,165,135,165,195,182,236,255,132,261,190,260,234,199,225,189,274,205,252,237,226,240,287,234,251
91,218,49,213,101,165,135,165,195,183,233,256,132,263,187,262,233,199,224,188,274,205,252,236,227,241,289,232,255
92,219,51,213,102,165,134,166,197,184,232,255,131,264,188,264,231,200,225,189,274,205,250,237,227,243,286,232,252
93,221,50,213,103,166,135,167,195,186,232,255,130,265,186,266,231,200,224,187,274,205,251,237,226,244,287,232,261
94,222,49,214,100,166,135,169,195,190,233,256,131,264,190,268,231,200,225,188,277,186,344,238,226,247,287,246,354
95,223,50,216,101,168,135,171,197,194,233,257,131,264,187,268,230,199,223,192,290,192,355,238,224,245,291,243,355
96,225,50,217,102,169,136,173,197,199,232,257,131,265,189,270,230,196,230,200,296,201,357,241,229,247,295,248,355
97,224,48,218,100,171,135,177,198,206,234,258,132,264,188,270,228,192,237,199,298,204,353,240,234,248,297,252,351
98,226,51,219,102,174,134,179,197,213,233,259,132,264,188,270,228,194,239,205,299,206,361,239,235,248,296,252,349
99,228,49,221,100,176,133,182,196,218,232,259,131,266,186,270,226,194,232,200,290,200,353,240,231,247,292,251,354
100,231,53,222,104,179,131,185,196,226,232,259,131,264,185,271,224,193,231,199,292,199,353,239,229,249,292,255,354
101,231,51,223,102,181,131,190,195,232,231,259,130,264,184,272,224,194,228,200,286,204,349,238,226,249,277,257,348
102,233,51,224,101,180,133,193,192,236,230,258,131,265,185,272,224,195,228,200,284,206,348,237,226,251,266,256,327
103,234,49,225,100,184,131,197,190,241,229,258,129,266,185,273,225,196,228,205,287,198,256,239,228,252,277,257,348
104,236,50,226,100,185,130,198,187,244,228,258,128,266,183,274,225,197,228,204,288,206,263,239,227,252,282,257,349
105,237,49,227,100,187,129,201,185,247,228,257,126,266,181,273,223,197,229,203,288,198,254,238,228,252,282,223,252
106,239,50,228,100,188,129,204,187,250,227,258,126,267,180,275,222,198,227,204,290,209,359,238,227,253,283,258,352
107,240,49,228,99,190,130,206,187,256,227,256,125,266,180,276,220,198,227,203,289,198,353,238,227,252,287,252,352
108,242,50,230,100,191,129,209,191,257,227,257,126,265,182,278,221,198,229,203,289,203,356,238,228,252,285,253,354
109,244,51,231,100,191,130,207,185,258,227,257,127,266,181,276,220,199,227,204,292,201,358,240,227,252,292,250,358
110,245,51,231,100,192,129,209,187,259,227,259,129,267,184,279,221,199,226,204,291,202,359,238,226,252,289,251,355
111,245,51,232,100,192,129,208,187,257,226,259,129,267,183,279,220,199,228,204,290,204,358,237,227,253,284,259,352
112,246,50,232,100,192,129,210,189,258,226,260,130,268,184,279,218,199,226,204,290,203,358,237,227,253,285,258,355
113,246,51,232,100,193,128,209,188,256,226,260,129,268,181,279,215,200,229,201,291,202,359,240,229,254,289,258,356
114,247,51,233,100,193,128,205,185,252,225,260,130,268,181,281,215,199,228,204,292,203,359,240,227,253,289,258,355
115,248,51,233,100,193,128,207,188,251,224,258,129,269,185,287,218,200,227,203,291,203,358,243,227,254,290,256,356
116,248,50,233,99,193,126,202,186,249,221,259,128,269,183,289,216,199,228,202,287,203,355,241,227,253,288,257,353
117,246,50,233,99,191,127,202,188,249,217,261,130,271,184,287,210,199,229,204,295,202,366,241,229,253,291,257,366
118,247,50,233,99,191,129,199,188,247,214,259,128,270,183,291,212,199,229,203,294,199,359,242,229,255,295,261,356
119,246,50,231,99,190,127,196,188,245,211,259,128,273,181,295,206,199,229,202,294,196,358,244,229,254,294,262,352
120,246,49,232,98,190,126,193,187,245,208,259,128,274,179,296,204,197,227,202,291,199,357,244,225,254,286,263,348
121,245,50,231,99,190,125,192,189,242,204,260,129,275,179,299,202,197,228,203,289,206,251,244,224,253,282,262,351
122,245,50,231,99,189,124,188,187,239,199,259,128,278,180,305,198,196,228,202,289,206,356,244,224,253,286,264,349
123,244,49,231,99,188,124,185,187,236,197,258,128,277,178,308,201,196,229,204,293,207,359,243,227,254,289,264,353
124,244,50,229,98,187,124,182,185,234,194,259,128,279,177,308,198,197,228,203,291,204,252,243,226,254,284,264,352
125,243,49,229,99,186,123,181,183,231,192,259,128,279,177,297,192,196,227,202,290,206,253,244,225,254,283,265,347
126,242,49,228,98,185,124,179,183,229,189,258,127,279,178,293,196,195,228,203,294,203,365,242,227,254,290,260,346
127,241,49,227,98,184,124,179,183,229,186,258,127,280,176,289,203,195,228,201,290,200,352,243,227,254,288,261,346
128,240,48,227,98,183,125,178,183,227,185,258,126,279,175,279,197,196,226,202,287,203,248,243,226,253,284,265,347
129,239,47,226,97,181,126,176,183,225,183,258,126,280,173,286,199,196,227,200,289,203,249,243,227,253,284,264,346
130,238,47,226,97,180,126,176,183,223,182,258,127,279,173,286,188,196,227,200,289,203,248,244,227,253,283,226,248
131,237,48,225,97,179,125,175,183,223,181,256,126,276,175,293,188,196,227,200,290,203,250,243,227,253,284,225,250
132,236,47,224,97,179,125,176,184,223,180,257,127,279,173,293,184,195,228,198,288,203,249,243,228,252,285,226,250
133,237,47,224,97,179,125,175,184,224,179,256,126,276,171,291,180,196,229,201,290,204,252,244,228,253,285,265,351
134,236,47,223,97,179,125,174,184,226,178,255,127,277,169,294,185,196,228,201,292,203,358,244,228,253,289,262,352
135,234,47,223,97,177,125,174,184,224,176,256,127,276,174,291,185,195,228,201,292,202,357,245,228,253,291,266,351
136,234,46,223,96,177,125,174,183,226,172,256,128,273,171,289,179,195,227,200,291,200,356,245,227,253,290,262,352
137,234,48,223,97,176,126,174,183,225,171,255,128,272,169,290,180,195,228,200,289,205,355,244,225,252,285,265,348
138,233,47,223,97,177,124,173,184,223,170,255,128,271,170,287,176,196,227,199,285,206,250,245,226,252,286,233,250
139,232,47,222,97,177,125,173,183,223,169,256,128,270,167,285,174,195,225,199,286,207,355,244,224,252,284,263,348
140,232,46,221,97,176,125,173,183,223,169,254,128,268,170,285,177,195,228,202,288,203,248,244,227,252,286,263,349
141,232,46,221,97,174,127,174,184,224,168,256,130,270,170,283,177,194,229,199,291,196,357,243,227,251,291,263,350
142,230,46,221,96,175,126,173,183,223,168,253,127,268,170,287,177,194,229,202,291,202,357,244,227,252,289,263,349
143,230,45,221,96,175,126,173,183,222,167,254,128,268,170,285,177,196,230,201,292,209,253,244,227,250,287,230,254
144,230,46,220,97,174,126,172,183,222,166,254,128,267,172,284,178,195,231,200,292,200,357,244,229,250,289,258,350
145,230,45,220,96,174,126,172,183,221,165,252,127,267,172,283,177,195,232,200,295,201,365,244,228,251,290,261,347
146,230,46,220,96,176,125,171,183,221,164,252,127,267,172,283,177,194,230,199,292,199,357,243,227,251,290,266,348
147,229,45,220,96,173,126,172,182,222,163,252,127,268,171,285,176,194,232,201,292,208,254,244,228,250,288,231,254
148,229,45,219,96,173,126,171,181,218,164,252,127,268,172,286,177,194,231,199,292,199,356,244,228,250,288,262,351
149,229,47,219,97,176,124,170,182,218,163,253,128,271,175,286,182,193,230,199,294,199,365,244,229,252,290,267,347
150,228,46,219,96,174,125,171,182,217,164,252,127,269,175,288,179,193,231,200,290,212,263,245,229,248,289,241,268
151,228,47,219,96,173,125,170,181,215,163,252,127,268,175,285,179,193,229,199,288,204,251,244,227,251,286,234,260
152,228,46,218,96,174,125,169,181,215,164,254,128,269,178,286,184,193,230,197,290,196,351,243,229,252,289,243,270
153,227,47,218,97,173,125,169,182,215,164,254,129,270,177,286,182,193,233,198,292,195,360,243,230,250,291,239,273
154,227,46,218,96,174,125,169,182,215,165,254,127,271,176,282,177,193,230,198,291,197,352,244,229,249,288,239,268
155,227,47,219,96,174,125,169,182,214,164,253,127,269,175,284,180,194,231,199,292,199,353,243,229,251,287,240,268
156,226,45,218,97,173,125,169,182,214,164,253,127,271,175,284,183,195,232,200,296,201,365,244,230,251,292,264,349
157,226,47,218,97,172,126,169,182,215,164,253,126,271,173,284,181,194,230,200,290,214,260,245,229,251,288,239,266
158,225,46,218,97,174,125,169,182,215,164,254,126,272,174,284,182,193,231,198,292,212,263,244,229,250,290,239,267
159,225,47,218,97,174,124,168,182,214,164,253,127,272,173,284,184,194,230,200,293,209,269,244,228,251,289,240,268
160,225,47,217,98,172,127,168,183,214,164,254,128,272,174,284,183,194,230,199,293,198,357,245,228,250,290,262,349
161,223,46,216,97,172,127,167,184,213,165,253,127,272,175,284,185,193,231,200,292,200,354,244,230,250,290,237,267
162,224,45,216,97,173,126,166,184,211,166,253,125,273,176,282,184,193,229,200,290,212,264,244,228,250,289,237,268
163,223,46,217,97,171,127,164,184,210,168,254,128,272,176,284,185,194,229,196,288,208,255,244,228,250,289,236,263
164,222,48,216,99,172,128,164,184,206,171,253,126,272,177,284,185,194,231,199,291,213,258,245,231,246,291,233,255
165,222,46,215,98,172,127,164,184,204,173,253,126,272,177,286,185,192,230,198,289,212,259,245,231,247,291,236,268
166,221,46,214,97,173,127,163,184,203,174,251,125,273,176,288,185,193,232,199,293,195,355,244,232,246,291,233,265
167,221,47,215,98,170,129,161,184,200,179,254,127,273,175,285,183,193,231,196,294,196,358,243,231,248,294,253,350
168,221,47,214,99,171,128,160,183,196,184,252,126,273,178,286,184,192,234,197,289,194,353,244,232,248,289,257,350
169,220,48,215,98,170,129,162,185,192,189,254,128,273,178,283,183,193,233,198,296,198,364,242,230,250,292,255,364
170,219,47,214,99,171,128,161,182,187,196,253,127,273,175,283,182,193,231,195,288,203,256,242,229,248,291,240,269
171,218,47,214,99,170,129,161,183,184,203,253,127,272,174,285,181,193,230,198,289,196,350,241,228,248,290,240,269
172,215,48,212,98,169,130,159,187,174,224,252,126,271,172,281,177,195,232,200,292,199,356,242,230,247,292,242,272
173,214,48,211,99,168,130,160,186,172,226,253,126,269,175,280,177,194,234,202,297,199,357,242,231,248,293,253,357
174,213,49,211,100,168,131,160,186,170,227,251,125,270,173,279,178,195,236,202,297,199,357,242,232,246,293,241,272
175,212,49,210,100,168,130,161,185,169,229,252,125,275,165,282,177,194,236,200,295,198,356,241,232,246,294,253,356
176,211,49,210,101,168,130,161,185,167,231,252,124,275,158,283,175,193,233,198,291,198,356,241,230,244,290,240,267
177,211,50,210,102,167,131,161,184,166,231,251,124,275,159,283,175,192,233,198,291,193,355,240,231,246,292,241,272
178,210,50,209,102,167,131,161,187,166,231,251,124,276,160,283,176,192,234,196,296,198,356,241,232,247,296,261,356
179,210,51,209,101,167,131,161,189,165,233,250,123,275,161,283,176,190,232,198,290,200,349,241,228,244,293,245,349
180,208,50,208,100,167,131,160,191,165,234,250,123,275,162,282,176,190,230,194,293,196,349,240,227,243,292,261,349
181,207,51,208,102,167,131,159,191,165,235,249,122,275,161,281,176,190,232,195,290,212,263,241,228,246,289,232,262
182,206,50,207,101,167,132,160,193,166,236,249,122,274,162,280,177,191,233,193,293,196,349,241,231,246,294,262,349
183,206,50,207,102,166,131,161,192,165,236,249,122,273,163,280,177,191,234,197,295,196,349,242,233,245,297,241,349
184,205,50,207,101,166,132,160,192,164,236,250,123,273,162,278,177,191,235,191,297,170,350,242,234,245,298,228,308
185,205,51,207,102,166,132,161,190,166,236,249,123,272,161,278,177,191,233,196,294,197,350,241,232,246,294,239,275
186,203,50,207,102,166,131,161,191,165,237,248,122,272,160,276,177,192,233,190,293,181,355,240,233,247,296,261,355
187,204,51,206,101,165,132,161,191,165,237,249,122,272,162,277,179,191,233,189,296,186,352,239,233,247,295,267,352
188,202,50,206,102,167,131,161,191,166,237,248,122,271,162,275,178,191,232,190,292,184,354,239,230,248,287,239,294
189,202,51,206,102,165,131,161,190,166,237,248,122,272,162,275,179,192,233,193,292,208,266,238,230,249,289,238,270
190,201,51,205,103,165,132,161,190,165,237,249,122,272,163,275,180,192,233,195,294,197,357,238,232,250,296,261,357
191,201,51,205,103,165,132,162,190,166,236,249,122,272,162,275,180,192,234,197,291,198,357,237,233,248,294,240,271
192,201,51,204,102,165,132,161,189,165,237,249,122,272,162,274,179,192,233,195,291,197,357,238,231,249,291,239,271
193,200,52,205,103,165,132,161,188,165,236,248,122,271,163,274,179,192,234,193,293,187,357,237,231,249,289,261,357
194,199,51,204,102,165,132,161,191,166,237,248,122,272,163,274,179,192,231,191,295,181,358,238,229,248,292,237,274
195,199,51,203,101,165,132,161,191,166,238,248,122,271,162,274,179,192,233,193,292,190,359,240,235,248,296,237,276
196,198,51,203,101,165,132,161,191,165,238,249,122,272,163,274,179,192,234,194,291,198,359,241,233,249,296,261,359
197,199,51,203,101,164,133,161,192,165,238,249,122,271,162,274,179,192,232,194,292,191,358,239,229,247,293,235,275
198,199,51,203,102,165,131,161,190,164,238,248,121,271,161,274,178,192,233,197,294,198,357,239,229,248,297,253,357
199,199,51,203,103,164,132,161,191,164,238,248,121,271,160,274,177,192,232,198,295,206,357,238,229,249,295,260,357
200,198,51,204,102,164,132,160,192,165,239,247,120,271,158,273,173,191,229,199,290,203,353,238,227,250,290,258,353
201,198,52,204,102,164,132,160,192,165,238,247,121,271,157,273,173,191,232,195,293,202,351,239,230,247,294,266,351
202,197,51,202,101,164,132,161,190,165,238,247,121,271,156,273,173,192,233,195,293,196,351,239,232,247,296,265,351
203,197,51,203,102,164,133,160,193,165,239,248,121,271,158,272,172,191,233,196,295,182,353,240,231,253,296,269,353
204,196,51,202,102,164,133,161,192,164,239,247,121,272,158,272,172,192,232,196,293,207,354,241,229,254,297,263,354
205,197,52,203,102,164,133,159,194,164,239,247,120,271,156,271,172,191,230,193,291,195,352,240,229,248,292,259,352
206,196,52,202,101,164,132,160,191,165,239,247,120,272,156,271,171,192,233,192,295,190,352,240,231,248,297,269,352
207,197,51,202,103,164,133,159,193,164,239,247,120,271,157,271,172,191,231,193,293,195,355,239,229,248,292,264,355
208,197,53,203,103,164,132,160,192,164,239,246,120,271,155,271,172,191,231,195,293,201,351,239,230,247,294,266,351
209,197,53,203,103,164,132,160,192,164,238,246,120,270,156,270,172,191,231,196,291,202,351,239,228,246,289,241,268
210,197,52,203,104,164,132,160,192,164,239,246,121,271,155,271,172,190,231,196,292,196,356,238,227,247,290,258,356
211,196,52,203,102,164,132,159,193,164,238,246,120,271,155,270,172,191,233,196,290,194,352,239,230,249,293,276,335
212,197,52,203,103,164,132,160,191,164,238,246,120,270,156,270,172,191,232,197,290,203,351,238,230,248,291,262,351
213,196,52,202,101,163,133,159,194,165,239,247,120,270,157,269,171,192,233,196,293,177,352,239,231,249,294,268,339
214,195,51,201,101,164,132,160,193,164,238,246,120,270,156,269,171,191,234,196,293,196,351,238,231,245,293,261,351
215,196,52,202,103,164,132,160,192,164,238,246,121,270,156,270,171,192,232,201,294,204,350,238,229,247,292,259,350
216,195,52,201,102,163,133,161,193,164,238,246,120,270,155,270,171,192,234,202,296,197,350,238,230,248,294,262,350
217,195,52,202,101,164,132,160,192,165,239,246,120,271,156,270,171,191,231,195,285,196,353,239,229,247,291,239,270
218,195,53,201,102,163,133,160,194,165,240,246,120,271,156,270,171,191,231,193,291,197,352,239,230,244,292,259,352
219,195,52,201,102,163,133,160,194,165,239,246,119,271,155,269,171,192,234,200,292,204,351,239,230,250,293,278,336
220,196,53,202,103,163,133,160,194,165,239,246,119,271,156,269,170,192,234,193,295,191,352,238,232,247,294,267,352
221,195,53,201,103,163,133,160,191,164,239,246,119,271,156,270,170,192,235,247,296,206,287,240,232,255,297,287,292
222,195,53,201,103,163,133,160,192,164,239,246,119,271,156,269,170,191,235,197,290,196,286,237,232,251,295,270,340
223,195,52,201,102,163,132,160,193,165,239,246,119,271,157,269,171,192,232,193,294,196,352,239,230,250,293,267,352
224,195,53,201,103,163,132,160,192,164,239,246,119,271,157,269,171,192,234,207,296,198,287,238,232,252,296,271,341
225,195,52,201,103,163,133,161,192,164,239,246,119,272,156,269,171,190,232,193,292,198,355,237,230,247,292,264,355
226,195,52,201,103,163,133,161,191,163,239,246,119,272,155,269,170,191,232,194,294,198,355,236,231,246,293,263,355
227,195,53,201,103,163,133,160,194,165,239,246,119,271,156,268,171,192,234,204,297,185,351,238,231,252,295,260,351
228,194,52,201,103,163,133,160,193,164,240,246,120,272,155,268,169,192,233,195,294,196,356,236,232,246,295,259,356
229,194,53,201,102,163,133,160,193,164,239,246,119,273,154,267,168,191,234,195,293,186,352,237,231,247,292,259,352
230,194,52,201,103,163,132,160,192,164,240,247,120,273,156,266,170,191,232,192,291,196,355,238,231,246,294,260,355
231,194,52,201,103,163,133,160,193,164,240,247,119,272,156,266,171,191,233,194,295,186,356,236,232,246,294,237,273
232,194,53,201,102,164,132,160,193,164,239,246,119,272,158,265,172,191,235,194,296,186,352,235,234,247,295,259,352
233,194,52,201,102,163,133,160,193,164,240,247,120,271,158,264,173,191,232,192,293,182,355,235,232,246,294,262,355
234,194,52,201,103,163,133,160,192,164,239,246,119,270,158,264,173,191,232,196,289,196,355,237,230,247,290,238,272
235,194,53,202,103,164,132,159,196,164,240,246,120,271,159,265,172,190,232,196,294,185,356,235,231,247,292,259,356
236,193,52,201,103,164,132,159,193,164,239,247,120,270,156,265,172,191,231,199,291,195,356,233,229,246,288,236,270
237,194,53,201,103,163,132,160,193,164,239,246,120,271,157,264,172,190,231,194,290,195,355,236,229,246,290,260,355
238,194,52,202,103,164,131,159,192,164,239,247,120,273,158,265,171,191,230,191,292,185,356,235,229,246,289,234,271
239,195,54,201,104,163,133,160,193,164,239,247,120,272,158,265,171,191,233,199,295,197,357,236,230,248,294,258,357
240,194,53,202,103,164,132,160,191,164,238,247,120,273,158,265,171,191,229,194,289,209,265,233,228,246,287,228,261
241,194,52,202,103,164,132,159,193,164,238,246,120,271,156,265,172,191,233,200,292,201,357,234,231,246,290,236,272
242,193,52,202,103,164,132,159,193,164,239,247,120,272,158,265,172,190,232,196,293,194,356,232,231,246,289,228,264
243,194,52,202,103,164,132,160,192,164,239,247,120,272,158,264,172,190,228,192,291,185,355,235,229,246,289,259,355
244,193,52,202,103,165,132,159,193,164,239,247,120,271,157,265,172,191,231,196,289,196,356,235,230,247,289,236,271
245,194,53,203,104,165,132,159,193,164,239,247,120,271,157,264,172,190,231,199,291,199,357,236,230,246,291,238,273
246,195,53,202,103,164,133,159,192,164,238,247,120,271,158,265,173,190,229,195,287,195,355,235,228,246,288,236,269
247,195,52,202,103,164,133,159,194,164,239,247,120,271,158,265,173,190,232,197,291,195,356,234,230,246,289,236,271
248,196,53,203,103,165,133,159,193,164,239,248,120,272,159,266,174,189,226,194,284,196,353,237,226,247,286,258,353
249,196,51,202,102,164,132,160,190,164,239,247,120,272,159,266,175,191,229,193,291,196,355,237,225,246,290,259,355
250,197,53,204,104,165,132,160,193,163,239,248,121,271,160,266,175,190,229,198,291,197,357,238,226,247,291,258,357
251,197,52,204,103,166,132,159,194,164,239,248,121,272,160,268,176,190,224,196,290,202,355,237,221,248,287,258,355
252,198,52,204,103,165,132,159,194,164,238,247,120,271,160,269,175,190,224,193,279,205,342,237,222,248,283,237,262
253,198,51,204,103,165,132,161,190,164,237,248,121,272,161,270,178,191,227,195,288,193,356,238,225,246,285,240,265
254,199,52,204,103,166,132,161,192,164,238,248,122,272,162,271,180,191,229,200,288,212,346,238,227,247,286,239,265
255,200,51,205,103,167,131,161,189,164,237,248,122,271,163,272,181,190,229,201,281,204,254,234,227,246,273,217,251
256,201,51,207,103,168,130,161,189,164,237,250,122,272,165,273,184,191,229,198,285,206,258,236,228,248,265,247,294
257,205,50,208,102,169,130,163,188,164,235,251,123,274,169,278,192,191,226,196,280,202,246,230,228,249,267,216,245
258,207,51,209,101,169,130,162,188,163,235,253,125,274,171,281,194,190,229,198,282,209,260,230,230,250,265,244,291
259,209,51,211,102,171,128,162,187,163,234,253,125,275,173,284,197,189,227,201,287,208,264,228,228,250,275,212,254
260,211,51,212,101,173,127,163,185,163,235,254,126,276,174,286,200,190,230,200,287,185,341,236,231,249,288,275,335
261,212,50,213,101,173,127,164,186,163,233,256,127,277,175,287,202,191,229,202,286,203,345,236,229,249,285,271,338
262,216,49,215,101,174,127,164,183,163,232,256,127,277,174,289,204,190,229,197,282,207,341,235,230,246,286,267,338
263,219,51,217,102,176,125,164,184,163,232,258,128,278,176,291,206,191,229,201,292,202,349,239,228,247,295,266,349
264,220,51,218,103,176,126,165,182,163,231,259,129,280,176,293,208,191,229,217,274,208,278,242,229,246,271,291,209
265,223,50,219,101,178,125,166,181,163,231,259,130,279,176,292,208,193,230,238,283,206,282,243,229,246,272,290,209
266,226,50,221,100,179,124,168,180,163,230,260,129,278,176,292,210,195,229,222,276,204,283,244,228,246,275,291,211
267,228,51,223,102,180,125,168,181,163,230,262,130,280,178,293,213,195,227,210,298,201,345,243,226,257,293,270,355
268,230,51,225,102,181,124,167,183,164,230,264,131,280,177,294,215,195,227,228,282,206,281,243,227,271,297,289,341
269,233,53,227,103,182,124,169,180,164,229,265,132,282,183,295,222,195,227,215,297,208,280,243,228,265,299,275,350
270,236,52,228,102,184,124,171,179,165,228,267,133,285,188,300,228,195,227,209,303,183,351,244,229,259,302,278,351
271,238,53,229,104,185,123,170,180,166,228,267,132,286,185,301,224,194,228,197,293,206,357,243,227,259,299,279,357
272,240,53,232,104,187,122,171,179,166,227,269,133,285,185,305,232,195,226,201,296,207,356,243,226,257,298,272,356
273,243,53,233,104,188,123,171,179,166,226,270,134,287,184,309,226,196,226,198,288,215,262,244,228,254,292,262,359
274,245,55,234,105,190,122,174,179,168,226,271,134,287,182,308,226,198,221,193,287,213,258,245,226,256,291,243,268
275,247,55,236,105,191,122,174,178,169,225,274,136,289,186,314,228,198,221,195,288,214,256,244,226,253,288,235,258
276,249,54,239,105,193,122,176,176,169,224,274,136,291,185,291,186,200,219,191,288,191,353,245,225,254,294,258,366
277,252,56,240,106,194,122,177,175,171,222,276,137,291,188,316,238,199,221,195,284,210,252,246,228,253,288,232,252
278,254,56,242,106,195,121,177,176,171,222,277,137,294,188,321,238,198,222,196,285,208,252,245,227,253,290,231,253
279,256,57,243,107,196,121,178,174,172,221,280,139,294,191,321,238,201,219,193,282,210,250,247,225,257,290,230,248
280,257,57,245,106,198,121,179,174,173,221,280,138,292,190,321,233,200,223,195,289,220,260,246,227,254,298,263,365
281,258,59,245,109,199,121,181,172,174,219,282,138,297,189,295,189,201,219,194,284,211,252,246,226,253,292,232,258
282,258,61,246,111,200,121,182,173,174,218,284,139,298,194,324,241,202,222,193,287,210,254,248,227,255,295,236,263
283,260,61,247,110,200,122,182,173,175,218,284,139,298,191,279,187,202,221,196,282,209,248,248,226,254,290,232,250
284,261,62,248,113,202,122,182,174,175,219,286,140,300,194,326,242,203,220,197,286,216,256,248,227,253,292,261,366
285,262,63,250,113,203,122,186,173,177,218,289,141,303,196,327,244,205,220,199,287,212,251,250,226,252,295,235,257
286,260,62,250,112,204,122,187,173,178,216,289,142,304,195,327,243,204,220,194,284,210,250,250,226,256,294,238,260
287,261,63,250,113,204,122,187,172,178,217,289,141,305,196,329,244,206,222,199,287,211,251,251,228,254,296,237,258
288,245,59,240,110,196,124,181,175,173,221,281,136,299,189,326,235,204,224,198,287,211,251,248,226,252,294,233,255
289,243,58,240,110,196,122,180,175,172,221,280,136,299,190,326,235,203,221,196,287,214,253,249,225,254,294,236,260
290,241,61,237,111,194,124,178,176,171,223,277,134,298,189,325,234,204,222,197,284,213,251,247,226,251,292,231,252
291,238,59,235,109,193,125,177,178,170,222,276,133,297,189,325,235,202,223,196,290,224,261,248,226,255,298,269,365
292,236,59,235,109,193,124,173,180,169,222,275,133,298,190,323,233,202,222,196,282,212,248,247,224,251,288,232,249
293,234,59,232,110,191,124,172,182,166,222,272,131,296,191,323,235,201,223,197,285,209,250,246,225,252,289,232,253
294,232,58,231,109,189,127,171,183,164,222,271,131,295,189,320,234,201,221,195,281,211,250,246,225,252,290,233,253
295,229,58,229,108,189,125,170,180,163,221,270,131,294,183,303,224,200,220,197,285,214,253,245,223,251,288,232,255
296,227,58,227,108,187,125,170,178,160,220,267,129,290,183,304,230,199,220,194,282,209,250,244,224,248,291,232,254
297,224,57,225,108,186,125,168,178,158,220,267,130,287,185,297,232,199,221,196,282,208,249,244,224,249,289,232,251
298,222,58,223,108,182,128,166,179,155,219,266,130,284,186,297,231,200,220,196,284,212,255,243,222,246,291,232,256
299,218,57,221,107,181,126,164,178,153,219,265,130,281,187,292,228,197,224,194,287,213,258,242,225,244,294,230,264
300,216,57,220,107,180,127,163,177,151,220,263,129,277,186,286,228,197,221,192,280,207,250,242,224,245,287,231,250
301,213,57,218,107,179,126,160,179,148,221,260,127,275,185,283,227,195,221,192,282,207,251,241,223,243,289,231,250
302,211,57,216,106,177,126,159,178,146,220,259,128,272,185,276,221,193,222,194,288,208,254,239,223,248,292,228,261
303,209,56,214,106,176,126,157,179,144,220,256,127,270,186,273,223,193,224,194,285,201,249,238,226,247,288,227,250
304,207,56,212,106,173,128,154,181,142,221,255,128,267,185,269,222,192,223,191,282,201,249,236,225,246,290,228,248
305,206,56,211,106,171,129,153,181,140,220,254,127,266,185,264,222,191,224,191,287,207,254,235,225,243,292,252,358
306,204,55,209,106,170,128,152,181,139,220,253,128,264,185,261,221,191,224,189,288,202,252,234,225,240,290,224,254
307,203,55,208,105,167,129,149,181,137,221,252,129,262,185,258,220,190,223,188,288,188,355,233,223,241,290,242,366
308,203,55,206,105,165,129,149,183,135,222,251,130,261,185,254,220,189,226,187,286,200,251,232,226,239,288,229,246
309,201,54,205,105,164,129,147,182,135,222,249,130,259,184,252,221,187,224,184,285,195,248,231,222,235,289,221,247
310,201,55,204,105,163,129,145,184,133,223,250,131,258,185,250,219,187,225,185,285,198,252,228,222,237,289,224,252
311,0,0,0,0,0,0,0,0,0,0,0,0,0,0,0,0,0,0,0,0,0,0,0,0,0,0,0,0
312,197,54,202,104,162,128,144,184,132,224,248,131,257,184,246,219,186,224,185,288,198,253,226,223,234,289,221,255
313,197,54,201,105,160,129,144,184,131,225,247,131,256,184,246,218,185,226,183,289,197,254,226,226,231,291,219,255
314,196,54,200,105,159,129,142,183,132,223,245,130,255,183,244,219,185,224,181,291,177,358,225,224,230,292,239,358
315,195,54,200,104,159,129,143,184,132,224,245,130,253,183,241,218,184,223,182,287,196,254,224,223,232,289,222,262
316,194,54,198,105,158,130,142,185,133,225,245,131,253,184,239,218,184,227,184,289,192,250,224,226,230,287,218,249
317,193,55,198,105,158,129,142,185,134,224,245,130,253,185,237,217,185,226,181,287,193,251,223,225,228,287,221,248
318,192,53,198,105,157,130,143,186,135,223,245,131,253,186,236,217,184,226,184,284,193,249,224,225,229,287,221,247
319,191,54,197,104,157,131,143,186,135,220,245,131,252,188,234,215,183,223,181,289,177,358,227,224,229,291,235,359
320,191,54,196,104,156,131,142,186,137,217,245,132,251,189,231,215,184,224,183,286,189,249,227,224,226,287,214,248
321,190,53,196,104,156,130,143,185,138,214,244,131,251,188,229,212,183,225,180,287,189,252,228,226,227,290,226,262
322,190,54,196,104,156,129,145,184,140,210,244,130,251,187,227,210,182,226,181,285,189,250,228,225,231,288,226,254
323,189,53,196,104,156,129,146,180,141,208,244,131,250,189,222,209,182,226,181,287,176,355,228,225,231,289,225,273
324,189,53,195,103,155,130,145,183,143,208,244,131,249,189,219,207,182,225,180,289,175,355,228,226,231,290,234,356
325,189,53,195,104,156,130,145,181,145,208,244,130,247,188,216,205,181,227,178,282,174,350,227,225,231,289,225,272
326,189,54,196,104,156,129,146,181,147,211,243,129,246,188,212,204,181,229,181,284,175,349,228,224,231,289,230,271
327,189,54,196,104,157,128,147,180,150,210,243,129,244,187,210,201,184,232,182,290,175,355,228,226,234,291,233,273
328,189,53,196,103,157,128,147,181,152,205,243,130,243,188,206,201,185,230,178,284,179,353,229,225,231,292,237,356
329,189,53,195,103,157,130,148,180,155,204,242,129,242,188,204,200,184,229,179,287,175,353,229,225,229,292,230,276
330,191,53,196,103,157,129,149,180,159,207,242,129,242,187,203,198,182,230,180,285,198,252,230,226,232,288,229,247
331,192,53,196,102,157,130,146,177,159,195,242,128,242,188,203,195,183,229,182,290,180,354,230,225,233,292,238,356
332,191,51,196,102,158,129,147,174,165,197,242,129,243,186,205,192,183,231,181,292,179,351,231,228,233,291,230,273
333,192,51,196,102,158,128,145,174,165,189,242,129,244,186,206,191,184,232,182,290,178,354,231,229,234,292,230,271
334,191,51,197,101,158,128,145,172,162,184,245,130,245,187,207,189,183,232,182,292,178,354,231,229,235,294,237,356
335,193,51,197,101,157,130,145,173,163,182,244,129,245,187,208,189,181,233,183,298,178,357,230,230,231,296,228,367
336,193,51,198,101,158,129,146,173,163,180,245,129,246,187,209,188,180,237,183,299,180,358,229,231,233,295,235,367
337,194,51,198,102,158,130,147,174,164,178,245,130,248,186,212,187,181,235,179,287,176,347,230,232,230,293,229,261
338,194,52,198,101,159,128,147,174,164,179,245,129,248,187,212,188,181,238,179,292,176,353,229,233,231,294,230,276
339,195,51,199,101,159,129,148,174,165,176,246,130,249,186,217,187,182,241,183,304,179,359,231,236,233,300,238,368
340,195,51,200,102,159,129,146,174,163,177,249,133,250,187,218,186,181,239,184,298,182,356,231,233,233,295,231,267
341,196,50,200,101,160,128,148,177,161,178,249,132,251,186,220,185,182,238,184,296,185,355,231,233,236,291,228,261
342,197,50,201,100,162,126,147,180,162,172,249,131,254,186,225,185,182,236,180,288,180,354,232,231,233,289,231,252
343,198,49,202,100,162,127,146,181,164,170,250,132,255,187,224,185,184,238,183,289,196,255,233,233,232,291,231,254
344,198,49,202,100,163,126,146,178,166,170,250,131,255,186,226,184,184,236,180,286,196,255,233,231,235,286,229,252
345,199,49,203,100,163,126,145,180,167,171,251,133,256,186,226,184,185,237,183,292,180,356,233,232,234,289,230,253
346,199,49,203,100,164,125,145,179,168,169,251,133,255,187,226,184,185,236,183,292,182,356,233,230,233,290,230,256
347,200,50,203,101,163,126,145,179,169,170,251,133,256,187,226,184,185,236,182,289,181,354,233,230,235,290,231,260
348,200,49,203,100,164,125,144,178,169,169,250,132,256,186,227,184,186,233,180,282,197,252,233,230,231,289,227,252
349,201,50,203,100,164,125,144,178,170,168,251,132,256,187,226,183,185,233,181,285,197,254,233,230,232,290,227,255
350,201,49,203,100,164,125,144,177,171,168,251,132,256,187,226,184,185,233,182,290,179,355,233,230,233,292,238,356
351,201,50,204,100,164,125,144,177,171,168,251,133,257,186,226,183,186,235,183,287,181,351,233,231,235,291,228,262
352,202,50,204,100,164,125,144,177,171,168,252,133,256,187,226,183,186,233,184,289,181,353,233,230,235,291,240,356
353,201,49,204,99,165,124,143,178,172,168,252,133,256,187,226,185,186,234,185,290,197,255,232,231,236,290,227,256
354,202,49,204,99,165,124,144,176,171,168,251,131,257,187,226,184,186,233,182,291,178,354,231,231,234,292,238,358
355,202,49,204,100,165,125,143,175,174,167,251,132,256,186,223,183,187,233,185,287,200,257,231,231,236,288,228,256
356,202,49,204,100,164,125,143,175,174,167,252,134,256,187,221,183,186,233,185,296,182,358,232,232,234,293,243,358
357,202,49,204,99,165,124,143,174,174,167,252,133,258,188,220,182,185,232,183,294,179,356,232,231,233,293,238,358
358,201,49,204,99,164,124,144,175,174,168,252,133,257,188,220,181,186,234,181,288,177,353,231,232,234,291,242,356
359,201,49,204,99,165,124,144,175,174,168,253,135,256,187,222,182,185,232,182,290,178,352,231,230,234,292,239,357
360,201,48,204,99,164,124,144,174,175,167,252,134,256,187,220,182,186,232,183,289,179,355,232,231,234,292,230,259
361,201,48,204,99,164,125,144,175,175,167,252,134,254,188,220,181,186,232,182,286,179,353,231,231,235,291,229,256
362,201,49,205,100,165,124,144,174,175,168,252,134,253,188,219,182,186,233,182,292,179,356,232,232,236,294,242,357
363,200,49,205,99,164,126,143,175,173,170,253,134,253,188,219,183,186,234,181,281,197,254,232,233,236,290,228,254
364,200,48,205,99,165,124,143,175,174,170,253,133,253,189,219,183,186,235,181,281,196,252,232,232,236,288,228,252
365,201,48,205,99,166,124,143,175,174,171,251,132,251,188,217,184,185,235,182,282,197,253,233,230,235,287,228,253
366,201,49,205,100,165,125,143,174,173,171,251,133,251,189,219,184,185,237,183,292,178,356,233,234,234,294,243,357
367,201,48,204,99,164,125,143,174,173,171,251,132,250,189,218,185,187,236,181,284,198,252,233,231,233,287,228,249
368,201,49,205,100,165,125,142,174,173,172,250,131,250,189,218,186,186,234,183,279,198,250,233,231,234,287,228,248
369,201,49,204,100,164,125,142,173,173,171,251,133,250,190,217,185,185,236,183,289,180,356,233,231,235,289,228,256
370,201,49,205,99,164,124,142,173,173,170,250,132,250,189,218,186,185,235,182,282,197,252,233,229,233,284,226,248
371,201,49,204,99,164,124,139,171,171,171,251,133,251,189,219,184,186,234,183,285,197,252,232,232,233,288,228,250
372,201,49,204,99,165,123,139,172,172,171,251,132,251,189,218,182,186,234,182,284,177,351,233,231,233,287,229,253
373,201,49,204,99,164,124,139,171,172,171,251,133,251,189,219,183,185,235,182,288,177,353,233,232,234,290,229,261
374,201,49,204,99,163,124,138,171,172,171,251,133,251,189,219,183,184,234,184,294,177,356,232,232,234,292,240,356
375,201,49,204,99,164,123,138,171,171,171,252,135,251,190,218,182,185,233,184,289,178,354,232,232,235,290,227,261
376,201,50,204,100,164,123,136,169,171,170,250,133,252,189,220,182,186,231,185,287,181,353,233,231,238,291,229,268
377,201,50,204,100,164,123,136,168,170,170,251,134,252,188,219,181,186,231,186,291,181,355,233,231,235,292,230,271
378,201,50,204,100,164,123,135,167,171,169,252,134,253,188,222,181,186,230,186,289,181,354,233,230,236,291,229,271
379,199,50,204,101,163,123,134,165,173,168,252,135,254,188,219,182,187,232,184,293,176,356,234,233,235,294,227,269
380,199,50,204,100,164,122,133,164,173,166,252,134,254,188,222,180,186,230,181,287,198,255,233,232,236,290,226,263
381,199,50,204,101,164,122,132,163,173,165,253,134,255,187,222,181,187,229,182,285,197,253,234,233,235,292,227,256
382,199,49,204,99,164,122,131,162,173,163,253,134,256,188,222,180,186,227,183,278,199,251,234,232,237,290,227,252
383,200,50,204,100,164,122,130,162,171,163,252,134,256,188,222,180,186,228,182,279,197,251,233,231,237,291,225,252
384,199,49,204,99,166,122,130,161,172,162,252,134,257,188,224,183,186,228,183,287,178,353,234,229,236,291,243,357
385,199,50,204,100,163,122,131,159,174,160,252,133,256,188,225,183,187,225,183,281,198,250,236,231,238,289,228,251
386,200,49,204,100,164,121,131,159,174,160,251,133,257,189,224,184,186,223,184,283,198,251,236,231,239,293,229,257
387,200,49,204,100,164,121,130,161,174,162,251,133,257,189,224,184,187,225,182,287,197,250,235,231,237,293,228,255
388,199,50,205,101,166,121,131,161,175,162,251,133,256,188,225,184,187,222,182,284,197,252,237,230,240,291,228,260
389,200,50,204,101,165,121,132,162,173,162,251,133,257,189,228,185,188,224,183,283,197,252,236,230,239,291,227,253
390,200,50,204,100,165,121,132,164,173,163,251,133,257,189,227,185,187,223,183,291,176,356,236,231,238,294,242,357
391,200,50,205,100,166,122,134,165,174,163,252,133,256,188,227,188,187,227,184,283,197,248,235,232,240,288,226,248
392,200,50,204,100,164,122,135,166,174,163,251,133,255,187,227,186,186,222,181,283,196,247,235,227,239,288,227,246
393,200,50,204,100,164,123,136,167,175,163,253,134,256,188,227,187,185,224,181,287,178,354,235,229,238,290,245,357
394,199,50,204,100,164,123,138,167,178,163,252,133,256,188,224,186,186,225,182,282,198,251,236,231,236,289,226,253
395,200,50,204,102,163,124,138,167,179,165,252,134,256,188,226,185,186,224,183,278,197,248,237,231,237,288,226,249
396,200,50,204,102,161,125,138,168,179,163,253,135,255,188,227,185,186,225,183,279,198,250,237,233,238,289,227,251
397,200,51,204,102,163,123,138,168,179,162,253,134,257,189,225,187,187,223,182,276,198,247,236,230,236,289,226,247
398,200,50,204,100,164,123,139,167,180,162,253,134,256,188,224,187,186,227,181,278,197,250,235,230,238,286,225,249
399,201,51,204,101,164,123,138,168,179,162,252,134,258,188,227,186,187,222,184,277,199,247,235,225,235,284,226,245
400,201,51,204,101,163,123,138,166,180,162,252,134,258,189,226,187,187,226,182,281,198,249,236,228,236,285,225,247
401,202,50,205,100,164,123,138,167,181,161,253,134,258,189,226,188,188,225,181,279,198,248,237,228,237,286,226,248
402,202,50,205,101,164,123,137,166,181,161,254,135,256,189,227,187,188,223,182,279,197,245,235,225,237,285,225,244
403,203,51,206,102,165,123,139,167,181,161,253,135,258,189,226,188,188,226,181,282,198,250,237,230,238,288,226,253
404,204,49,206,100,165,126,148,172,158,196,253,134,264,190,243,186,187,229,183,290,176,353,233,232,238,293,237,366
405,204,51,206,101,165,126,149,174,158,203,253,134,264,188,245,186,187,230,183,284,196,253,230,232,236,291,223,255
406,203,50,205,100,165,126,152,179,157,208,253,133,266,187,246,186,187,228,183,285,178,350,232,230,241,291,224,270
407,201,51,204,101,164,127,154,180,157,212,252,132,266,186,247,186,187,230,185,300,179,366,228,233,236,294,239,366
408,201,50,203,101,163,128,155,181,156,217,251,131,268,183,248,183,187,228,184,289,193,252,234,230,240,292,223,264
409,200,51,204,101,163,129,155,183,155,221,250,129,269,182,250,181,188,228,182,291,174,355,234,230,238,292,225,266
410,198,51,202,102,162,129,155,184,155,225,248,127,269,180,251,181,188,228,186,292,182,356,232,229,238,292,224,269
411,198,51,203,101,162,129,155,184,155,229,247,126,269,175,252,180,187,228,184,294,177,356,233,228,239,292,253,354
412,197,51,202,103,162,129,154,186,153,232,248,126,272,177,251,178,187,230,185,292,198,256,232,228,240,290,230,269
413,196,52,201,102,162,128,154,186,153,231,246,125,271,174,253,177,186,229,184,281,199,250,231,227,238,287,227,250
414,195,52,201,102,161,129,154,187,153,234,247,125,271,174,254,177,186,231,189,290,182,359,232,229,238,290,232,270
415,195,52,200,102,161,130,154,188,152,235,245,123,272,171,253,177,186,229,186,292,182,358,232,227,236,290,228,273
416,194,52,201,103,162,129,154,187,152,235,246,124,274,171,254,177,187,229,185,286,199,253,232,228,236,288,231,265
417,194,52,199,103,160,129,154,188,151,235,244,123,273,170,254,178,186,230,189,288,200,256,232,227,238,289,231,267
418,193,52,199,103,161,129,155,188,151,236,245,123,274,170,254,178,186,230,188,290,202,256,233,228,236,290,231,272
419,192,52,199,102,160,129,154,189,151,235,244,122,274,169,255,179,186,231,188,287,199,256,232,228,238,288,231,268
420,192,53,199,103,161,129,155,189,151,236,245,122,274,169,254,180,186,231,188,289,182,355,233,229,237,287,231,272
421,193,53,199,103,161,129,154,190,151,237,243,121,273,168,255,180,186,230,187,290,182,354,233,228,238,289,230,271
422,192,52,198,102,161,129,154,189,151,237,243,122,273,167,255,180,185,231,188,290,182,353,234,229,238,289,232,271
423,191,53,199,103,160,129,154,188,151,236,244,122,271,167,254,182,187,229,183,281,200,253,233,228,238,287,229,265
424,192,53,199,103,160,129,155,188,152,236,244,123,271,167,256,181,187,229,185,285,206,261,234,229,236,291,230,271
425,192,52,199,103,160,129,154,187,152,235,244,122,271,169,255,183,188,229,185,275,201,250,233,228,238,289,229,253
426,192,52,199,103,160,130,155,189,152,236,243,122,272,169,255,182,187,231,188,291,183,356,233,228,239,291,232,273
427,191,53,198,104,160,130,155,189,152,236,243,122,270,167,255,182,187,229,186,294,178,358,232,228,238,292,232,275
428,191,53,198,103,160,130,155,190,152,236,244,123,271,168,254,182,187,230,186,292,204,261,233,229,237,292,231,273
429,191,53,198,103,160,128,155,189,152,236,243,121,271,168,254,183,187,230,187,282,200,253,233,228,240,288,228,262
430,191,53,199,104,160,130,154,189,152,236,244,123,272,168,255,181,188,230,185,280,200,254,233,229,238,291,231,269
431,191,53,198,103,160,129,155,190,152,236,243,122,271,168,254,183,187,230,187,286,200,252,234,228,239,289,228,252
432,191,53,198,103,160,129,155,189,152,237,243,122,270,168,253,182,187,230,187,289,200,254,235,229,238,290,231,266
433,191,53,198,104,160,130,155,189,152,236,244,122,271,169,254,182,188,229,186,287,205,260,233,228,238,291,233,272
434,192,54,199,104,160,130,155,190,152,236,244,123,271,169,254,182,187,230,186,286,200,254,233,228,239,291,227,263
435,191,53,197,103,160,129,155,190,152,236,243,122,272,168,253,183,186,229,191,288,203,258,234,227,239,290,233,270
436,191,52,198,103,160,129,155,189,152,236,243,122,271,169,254,182,187,230,187,289,203,259,234,228,239,292,234,272
437,191,53,198,103,160,129,155,188,153,236,243,122,271,169,254,182,187,228,184,291,198,254,233,228,237,290,232,267
438,191,54,198,103,160,129,155,189,153,237,243,122,270,168,253,183,187,230,188,288,204,258,234,228,238,289,232,269
439,191,53,197,103,160,129,155,188,152,236,243,122,271,169,254,183,187,229,185,292,176,358,233,228,237,291,230,274
440,191,52,198,103,159,130,155,188,153,235,244,123,271,169,254,183,186,231,190,293,183,357,234,228,237,291,231,274
441,191,53,197,103,160,130,155,188,153,235,243,122,273,170,254,182,187,230,188,293,183,358,233,228,236,292,230,274
442,191,53,198,103,159,130,155,188,153,235,244,123,273,170,255,182,186,229,190,291,183,357,233,227,237,291,230,274
443,191,53,198,104,160,130,155,189,153,235,243,122,271,170,254,182,187,229,185,290,178,358,233,228,237,291,230,274
444,191,53,198,104,159,130,155,189,153,235,243,122,274,170,254,182,187,230,188,291,177,356,234,228,239,292,232,274
445,191,53,197,103,159,130,155,189,153,236,244,122,273,170,253,182,187,230,189,292,184,356,234,228,238,291,232,272
446,191,53,197,103,159,130,155,188,153,235,244,122,272,169,254,183,187,230,187,290,203,259,234,228,236,290,230,272
447,190,53,198,103,160,129,156,188,153,236,243,122,273,170,253,182,186,229,187,291,201,255,232,228,237,290,232,265
448,191,52,197,103,160,130,155,190,152,237,243,122,272,169,255,183,186,229,189,290,204,260,233,228,238,291,232,273
449,191,53,198,103,160,130,155,189,153,237,243,122,273,169,254,182,187,231,189,299,167,352,234,229,236,293,217,303
450,191,53,197,103,160,130,155,189,153,236,243,123,274,170,254,183,186,230,188,290,178,359,233,228,236,290,231,266
451,190,53,197,103,160,130,155,189,153,236,243,123,274,170,253,182,187,230,185,294,181,366,233,228,238,292,251,366
452,191,53,197,103,159,130,155,189,153,236,243,122,275,170,254,182,187,229,187,289,201,253,235,227,238,290,226,263
453,190,52,197,103,159,130,155,188,153,236,244,123,274,169,254,182,187,229,188,289,203,256,234,227,236,290,231,270
454,191,53,197,102,160,129,155,189,153,237,243,122,274,168,253,182,186,229,188,287,199,251,234,227,237,288,229,257
455,190,53,197,103,160,130,155,189,153,236,243,122,272,168,254,181,187,229,186,289,202,255,234,227,238,290,231,269
456,190,53,197,104,160,130,155,189,153,237,243,122,275,170,253,182,187,231,191,291,184,358,234,227,237,290,233,266
457,190,52,197,103,159,130,155,189,153,237,243,121,275,169,254,181,188,230,189,290,204,259,235,227,238,291,232,270
458,190,52,197,103,160,130,155,189,153,237,243,121,275,169,254,181,187,230,190,289,204,260,234,228,238,291,232,271
459,189,53,197,104,160,130,155,190,152,238,243,122,274,169,253,181,188,230,190,288,204,257,233,228,237,290,232,271
460,189,53,196,104,159,130,155,188,153,237,243,122,275,169,253,180,187,230,190,288,205,259,233,227,236,289,231,270
461,189,53,196,104,159,130,155,191,153,239,243,122,275,169,253,181,187,230,192,289,184,356,234,227,238,290,231,271
462,189,53,196,103,159,131,155,189,153,238,243,122,274,169,253,181,187,231,188,289,182,357,233,228,236,290,229,273
463,189,54,196,104,160,130,155,190,153,237,242,122,274,168,253,182,187,232,190,291,183,359,234,228,238,292,231,274
464,188,53,196,104,159,130,155,192,153,238,242,121,275,169,253,181,188,230,190,290,184,356,234,227,238,290,231,272
465,188,54,196,104,159,130,155,190,153,238,242,121,275,169,253,181,187,229,191,284,184,355,234,227,239,285,234,267
466,188,54,196,103,160,129,154,190,153,237,242,121,275,168,252,181,187,229,185,280,200,252,234,227,239,284,230,261
467,188,53,197,103,159,130,154,190,152,237,242,122,275,168,253,181,187,230,186,291,200,254,234,228,237,291,232,266
468,188,53,196,104,159,131,155,190,152,237,242,122,275,168,253,182,187,231,189,295,176,358,233,227,237,291,230,275
469,188,53,196,103,159,130,154,190,153,237,242,122,275,168,253,180,187,230,189,286,201,252,234,227,237,289,232,255
470,188,53,197,104,160,130,154,189,152,237,243,122,276,169,253,180,187,230,188,286,200,252,234,227,237,290,229,253
471,188,54,196,104,159,130,154,190,152,237,243,121,275,168,253,180,187,229,187,288,200,253,234,227,238,289,226,254
472,188,53,196,104,159,131,154,191,152,237,242,122,275,167,252,180,186,230,188,285,202,254,234,227,235,288,232,267
473,188,54,196,103,159,130,154,190,152,237,241,121,275,168,253,180,187,229,189,284,202,256,234,227,239,288,233,268
474,188,52,196,103,159,131,154,190,153,236,242,121,275,169,253,180,186,229,187,288,201,255,233,227,236,290,232,270
475,188,54,197,103,159,130,154,190,152,237,243,122,274,167,253,180,186,231,186,289,206,262,235,229,237,289,232,269
476,189,53,196,103,159,129,154,189,152,235,242,121,274,168,253,181,187,229,186,284,199,252,234,227,239,289,228,251
477,189,52,196,103,159,130,154,188,152,235,242,122,272,167,253,180,187,229,185,285,200,253,233,228,237,290,226,253
478,189,52,196,102,159,130,154,188,152,235,242,122,272,168,253,180,187,230,186,292,203,258,233,228,237,291,230,272
479,190,53,197,103,159,130,154,187,152,234,243,123,270,166,254,180,187,229,185,280,200,251,232,228,239,287,229,252
480,191,53,197,103,159,131,154,188,152,233,242,122,266,166,255,181,187,229,184,287,199,255,233,227,241,291,232,271
481,190,52,197,102,160,130,155,187,152,232,243,123,267,174,253,181,187,228,184,291,180,358,232,226,238,290,249,358
482,192,52,198,101,160,131,154,187,152,230,242,124,268,177,254,180,188,229,184,288,198,253,233,228,239,290,229,256
483,192,51,197,101,160,130,154,187,153,228,243,124,267,176,251,182,187,230,185,295,182,366,234,228,239,293,245,366
484,193,50,198,100,161,129,154,188,153,225,243,125,266,177,248,183,188,231,186,293,202,259,235,230,238,291,230,270
485,194,51,198,102,160,129,154,185,153,220,243,125,266,176,253,179,188,228,187,289,199,254,233,227,240,290,225,261
486,195,51,199,102,160,129,154,185,153,217,244,126,267,178,254,178,188,229,184,282,198,253,232,228,240,289,223,255
487,196,50,200,101,161,129,154,184,154,212,244,126,266,179,253,179,187,230,184,294,176,357,232,230,238,294,230,272
488,197,50,200,102,160,129,154,184,154,208,242,124,263,176,252,180,187,230,187,294,178,364,232,230,239,292,229,272
489,197,50,201,101,161,128,154,182,154,203,243,125,263,178,250,184,186,230,185,294,178,357,235,231,240,293,230,273
490,199,50,200,102,161,128,153,181,156,199,243,125,262,184,249,190,187,228,184,278,197,251,233,229,239,285,225,253
491,199,50,201,102,161,127,152,178,156,193,244,126,263,184,240,178,187,230,184,276,198,252,236,230,239,286,227,260
492,200,50,201,102,162,127,152,177,156,191,244,126,263,184,238,174,187,229,185,277,198,253,235,228,241,286,229,264
493,201,50,202,102,163,127,147,173,155,186,244,127,262,182,247,205,187,228,185,280,198,252,234,227,238,285,224,258
494,201,50,202,101,163,126,145,173,157,187,244,126,262,181,253,210,187,228,185,276,198,252,235,230,241,287,227,261
495,203,50,203,101,163,126,143,173,157,182,244,126,262,188,243,203,186,229,184,288,195,255,237,230,237,290,226,267
496,203,50,203,101,163,126,144,177,161,179,246,127,262,182,256,214,186,229,184,285,197,256,237,232,238,294,231,271
497,203,50,204,100,164,124,143,177,163,175,247,127,261,186,241,205,186,230,184,279,197,250,236,231,237,289,227,256
498,203,50,204,101,164,125,144,177,165,171,247,128,261,184,240,207,187,230,184,289,173,360,237,231,235,294,229,275
499,203,49,204,100,163,125,145,177,168,167,247,127,260,186,240,198,187,229,184,278,197,253,237,230,239,291,230,267
500,203,49,204,100,163,124,145,177,170,164,248,128,261,186,238,190,187,229,183,275,198,249,237,229,237,287,229,265
501,204,50,204,101,164,124,144,175,172,161,250,132,260,186,236,190,187,227,187,279,202,254,236,229,236,289,226,260
502,204,49,204,99,164,124,144,175,174,159,248,129,259,186,234,184,187,228,186,290,181,352,235,229,236,293,230,271
503,205,49,205,99,164,124,143,172,175,158,250,131,259,186,236,184,187,227,182,283,176,348,236,228,239,292,231,271
504,205,50,205,100,164,123,141,171,177,157,251,133,257,188,236,186,187,228,182,277,199,253,236,229,237,289,225,255
505,206,50,206,99,165,122,141,170,178,156,249,131,259,186,235,183,187,228,185,276,200,254,237,230,240,290,227,261
506,206,49,206,99,164,123,140,169,180,155,250,132,258,186,235,183,188,229,184,283,201,256,236,230,237,292,230,269
507,207,49,206,99,164,122,139,169,180,154,251,133,258,186,233,185,188,228,184,285,177,350,236,229,236,292,231,272
508,207,48,206,98,164,122,139,168,182,154,250,132,257,186,235,181,188,228,184,286,198,258,235,230,239,294,230,270
509,208,48,207,98,165,122,138,167,182,153,251,133,258,186,233,182,188,229,184,286,198,258,236,230,241,292,231,269
510,208,48,207,98,165,122,139,164,183,153,251,134,257,186,233,182,187,230,186,289,179,351,236,230,237,292,231,272
511,209,49,207,99,166,121,139,163,182,153,252,135,258,186,233,181,188,229,187,290,200,259,236,229,237,292,229,270
512,209,48,208,98,167,121,139,163,183,152,251,135,258,187,232,181,188,228,186,287,199,255,235,229,239,292,230,268
513,210,49,207,99,165,121,140,162,183,152,251,133,259,186,232,181,188,229,184,284,199,257,236,231,239,291,227,268
514,210,48,207,98,164,121,139,161,183,151,252,135,259,187,232,181,188,229,188,292,181,355,236,230,237,293,231,272
515,210,48,207,98,164,121,139,160,183,150,251,134,258,186,232,182,189,229,183,288,177,350,236,230,237,292,228,263
516,210,48,207,98,164,120,139,159,183,151,250,132,259,186,233,182,188,229,183,287,199,255,236,229,237,291,228,262
517,212,49,209,100,166,119,138,159,184,150,250,133,257,187,232,185,187,229,185,285,198,257,236,230,236,292,231,270
518,212,49,209,100,167,119,139,159,184,151,252,135,258,189,230,182,187,228,188,278,201,253,235,230,238,288,227,252
519,212,49,209,99,166,120,139,160,182,151,252,135,259,187,232,183,188,227,187,279,198,252,236,230,238,289,227,254
520,212,50,209,100,165,120,139,160,183,152,251,134,258,188,231,183,188,229,186,290,178,350,235,231,236,293,231,273
521,212,50,209,101,167,119,138,160,183,152,251,134,257,186,231,186,187,227,185,281,198,255,235,228,237,290,229,268
522,212,49,209,100,166,119,139,160,184,153,251,134,257,188,231,183,186,230,186,293,176,360,235,230,236,294,229,277
523,212,49,208,99,165,120,138,160,183,153,251,134,257,186,230,180,186,228,185,278,198,253,235,229,237,289,229,266
524,212,49,209,100,165,119,139,159,185,154,251,134,257,188,228,183,187,229,185,293,175,360,235,230,235,293,228,276
525,212,50,209,100,164,120,139,160,186,154,251,134,256,188,226,182,186,228,186,287,177,359,235,229,235,291,228,275
526,212,49,209,99,166,119,139,161,186,155,252,134,257,187,228,184,186,228,184,277,198,253,235,229,238,290,230,265
527,212,49,209,99,167,119,139,160,185,155,252,135,257,188,225,179,187,229,185,287,176,359,235,230,236,292,229,272
528,212,50,209,100,165,120,138,161,183,154,253,135,257,187,228,182,186,229,184,277,198,254,235,229,238,289,229,265
529,213,50,210,100,167,119,139,161,182,153,252,135,258,187,226,178,187,229,184,285,197,255,235,230,235,292,230,267
530,212,49,209,100,168,119,138,161,180,153,252,135,257,188,229,179,186,229,184,289,174,360,235,230,236,294,230,272
531,213,50,210,100,166,120,139,162,180,153,252,134,258,188,229,187,187,229,186,288,202,262,236,230,237,292,229,268
532,213,50,210,101,166,120,138,161,180,153,253,136,259,187,230,180,187,228,186,288,199,259,236,229,237,290,230,270
533,213,50,210,99,165,121,139,160,178,153,253,136,259,187,233,179,188,231,184,292,176,352,236,232,238,294,232,274
534,213,50,210,100,167,121,137,161,179,154,253,137,259,188,231,179,187,229,184,291,176,354,236,230,236,293,231,273
535,213,50,210,99,168,120,137,160,179,154,253,137,259,189,231,179,188,229,185,292,176,356,236,230,237,294,232,273
536,213,50,210,100,166,120,137,160,179,154,252,136,259,189,229,179,187,229,183,291,174,354,236,230,236,295,232,274
537,213,50,210,100,167,120,138,160,179,154,253,136,259,189,228,181,187,229,184,289,197,253,235,230,236,293,230,261
538,213,51,210,100,166,120,138,161,178,154,253,137,259,189,232,179,187,230,184,292,176,354,235,231,235,295,231,273
539,213,50,209,100,165,120,138,161,178,155,253,137,259,188,233,179,186,231,184,294,176,356,236,231,236,295,230,274
540,212,51,209,100,165,120,138,160,179,156,253,136,259,189,230,180,187,230,183,292,175,356,235,230,235,297,237,366
541,212,51,209,101,165,120,138,160,179,157,252,136,259,189,229,180,185,230,184,291,177,352,235,231,236,296,231,365
542,212,51,210,101,167,120,137,160,180,158,252,136,259,188,227,180,186,229,184,291,176,351,235,230,235,295,231,274
543,212,51,210,100,168,119,137,160,180,157,253,136,259,190,229,180,187,230,183,292,177,353,235,232,235,296,232,366
544,212,50,209,100,166,120,137,159,180,158,253,136,259,190,227,179,187,230,183,292,176,354,235,232,235,297,232,366
545,212,50,210,100,167,119,137,158,180,159,253,136,258,189,225,178,187,229,184,292,175,355,235,231,235,295,235,367
546,212,50,210,101,168,120,136,158,180,160,253,136,259,188,224,191,187,228,186,285,200,257,236,231,237,292,226,261
547,212,50,210,101,167,120,134,159,179,162,253,136,259,188,222,187,187,228,185,286,199,255,235,231,235,292,226,262
548,212,50,209,100,166,120,135,158,177,163,253,136,259,189,225,180,187,229,184,284,176,352,235,231,234,292,228,270
549,212,50,209,102,167,119,135,158,177,166,254,136,257,189,224,181,186,228,183,283,197,254,235,230,240,291,229,264
550,211,50,209,101,168,119,136,158,176,166,254,137,256,188,224,176,186,231,183,285,176,351,234,232,235,295,229,268
551,211,50,209,101,167,119,135,158,176,167,254,135,256,188,224,178,185,229,182,284,177,350,234,232,238,293,228,265
552,212,49,210,100,167,119,135,160,176,167,252,135,257,188,220,178,186,233,183,296,175,356,234,233,235,296,244,354
553,212,50,209,100,166,119,134,161,175,168,252,135,257,188,222,179,186,233,181,292,174,354,233,233,234,295,232,275
554,212,50,209,101,165,120,134,161,174,169,253,136,255,187,223,184,186,232,182,286,197,255,234,233,236,295,228,262
555,212,49,209,100,165,120,134,162,174,169,253,137,255,188,221,186,186,232,180,281,197,255,233,233,234,292,227,262
556,212,50,209,100,166,120,134,162,173,169,252,136,255,188,222,185,185,232,181,291,176,354,231,233,233,294,238,357
557,212,50,209,100,165,120,133,162,171,169,252,136,254,188,220,182,185,233,182,287,176,352,231,232,234,292,228,262
558,211,50,209,101,166,120,133,162,170,169,251,135,253,188,225,181,186,233,182,284,199,255,231,231,233,291,230,253
559,211,50,208,100,164,120,132,162,169,168,251,135,251,187,221,181,186,233,180,282,198,254,230,232,233,290,229,252
560,211,50,208,100,163,121,131,163,168,167,251,135,251,188,216,185,184,235,180,292,178,354,229,233,232,294,235,359
561,210,50,208,101,164,120,130,163,166,166,250,135,251,189,216,180,184,234,180,290,177,353,230,233,232,294,237,357
562,208,51,207,102,165,120,129,163,164,165,251,135,251,189,218,180,184,232,179,283,194,253,228,233,234,291,228,254
563,208,51,207,102,165,120,129,163,164,163,250,134,250,189,215,181,183,233,180,286,177,352,228,235,232,292,226,261
564,208,51,206,103,165,120,128,163,163,162,250,135,248,190,214,180,182,234,181,287,195,255,228,233,233,289,226,251
565,207,51,205,103,163,120,127,163,162,162,249,134,248,190,211,182,183,233,178,281,194,254,228,233,233,289,227,253
566,206,50,204,102,163,119,127,165,161,161,248,134,246,190,210,182,182,234,178,280,194,253,227,233,231,286,223,249
567,206,51,204,103,162,120,126,163,159,161,248,133,244,191,205,185,180,235,179,282,195,254,227,232,231,287,224,249
568,206,51,204,102,162,120,126,165,158,162,246,133,243,191,204,186,180,240,182,290,196,258,227,234,230,290,227,254
569,205,51,203,103,161,121,125,164,155,163,245,134,242,193,199,197,180,240,178,284,195,256,227,234,229,287,223,251
570,205,51,203,102,159,120,124,163,152,164,244,133,242,192,198,197,178,242,182,296,184,357,226,234,228,290,223,269
571,205,51,202,101,159,120,123,163,149,166,242,132,241,191,194,200,178,239,181,294,184,357,227,231,226,290,223,267
572,204,52,201,102,160,119,124,160,147,168,241,131,241,190,198,200,176,233,181,299,185,360,225,229,227,293,237,358
573,204,51,200,103,160,120,123,161,145,171,239,130,240,191,193,203,177,231,180,295,185,359,225,227,228,290,236,358
574,203,52,200,103,159,120,123,159,142,173,239,132,239,192,192,205,179,228,177,285,182,352,224,226,225,288,223,265
575,202,51,198,102,158,119,125,159,139,176,238,132,237,192,193,206,178,235,177,286,178,356,223,232,224,293,232,358
576,201,52,197,103,157,121,126,157,137,180,237,132,236,193,190,208,184,227,176,283,180,348,223,227,224,289,228,354
577,200,51,197,102,155,120,126,158,135,182,235,132,233,193,188,210,182,232,175,288,176,350,222,230,223,294,226,353
578,197,52,193,104,153,121,125,160,131,188,232,134,227,196,183,215,177,230,172,292,167,358,219,229,221,296,220,358
579,196,53,192,104,151,121,125,161,130,192,230,134,225,197,179,217,175,230,173,290,174,352,219,230,220,293,221,288
580,195,53,190,104,150,121,124,159,128,194,229,133,223,197,178,219,175,231,174,292,171,354,218,229,220,294,198,355
581,194,56,189,106,149,120,123,159,126,196,229,134,221,197,176,220,173,229,168,287,167,353,217,227,215,292,200,357
582,193,54,188,106,148,121,123,161,125,198,227,134,219,198,174,222,174,230,168,283,164,350,216,229,215,292,192,357
583,191,56,188,106,147,121,123,163,125,201,226,134,217,198,173,224,172,231,170,291,169,353,215,228,214,295,221,293
584,191,56,187,107,146,122,124,166,124,203,225,134,215,199,172,225,169,231,168,288,163,352,214,229,212,294,186,353
585,189,56,186,107,145,122,123,167,123,205,225,134,213,197,170,227,168,229,164,288,161,353,213,229,212,294,191,359
586,189,56,185,107,144,122,123,169,122,207,224,135,212,196,169,229,167,231,165,290,165,353,212,230,212,296,195,358
587,188,55,184,107,144,122,124,168,122,208,222,136,211,195,168,230,166,230,165,289,165,354,212,229,213,294,192,356
588,188,57,183,107,142,122,123,171,121,209,221,135,210,193,165,232,166,229,161,287,162,353,211,228,212,294,199,360
589,187,55,183,107,141,124,123,172,121,211,221,136,209,194,167,232,165,228,163,289,163,356,210,229,210,294,205,361
590,186,55,182,106,141,123,123,170,121,212,220,135,209,193,166,232,165,230,159,284,160,352,208,232,206,290,187,355
591,185,55,180,106,140,123,122,172,121,213,219,136,209,192,166,234,164,231,161,287,165,353,208,231,207,289,191,356
592,184,56,180,107,139,123,124,172,121,214,218,136,208,193,165,234,163,231,166,292,167,356,208,230,210,293,217,292
593,184,56,180,108,138,125,122,174,121,215,219,136,207,192,164,234,163,230,163,290,167,354,209,229,211,293,198,359
594,183,57,178,107,136,125,122,174,122,217,218,137,207,188,165,235,164,230,163,292,168,357,209,227,211,293,205,362
595,182,58,178,108,135,126,123,175,122,217,218,137,206,192,164,236,163,231,165,289,170,354,208,228,211,292,200,360
596,181,55,177,106,135,127,122,173,122,216,217,136,207,191,165,237,163,230,165,290,167,355,208,228,212,292,202,359
597,182,56,178,107,134,127,123,176,123,218,217,137,207,190,164,236,163,231,166,291,170,357,208,228,212,293,214,361
598,181,56,176,106,134,127,123,176,123,217,216,137,207,193,166,236,164,229,165,286,166,353,208,227,211,290,215,276
599,181,56,177,106,133,128,122,176,123,217,217,137,206,192,165,236,163,230,165,287,182,255,209,227,212,292,218,253
600,181,56,177,106,134,127,122,177,123,218,217,137,207,192,166,237,163,230,164,285,183,254,209,226,214,291,217,251
601,181,54,177,105,133,128,122,176,123,216,217,136,206,193,166,236,164,229,168,288,182,255,209,226,213,290,214,279
602,182,54,177,105,133,128,123,177,123,218,217,137,206,190,166,235,164,231,166,287,183,255,209,227,213,291,214,277
603,182,54,177,106,133,129,123,178,123,218,217,136,208,191,167,235,164,231,163,287,183,260,208,230,211,295,214,360
604,182,54,178,106,134,128,122,179,122,219,218,136,209,191,168,234,166,231,163,286,184,258,208,228,212,293,218,359
605,182,53,178,105,134,128,123,178,120,218,218,135,208,192,171,234,164,232,169,293,177,360,209,229,211,294,216,360
606,182,54,179,106,134,128,122,180,119,218,219,135,211,193,173,234,162,228,162,290,164,358,209,227,208,293,209,359
607,183,53,179,105,134,128,121,180,117,219,220,135,212,195,178,232,161,228,163,288,166,357,210,227,209,290,204,359
608,182,52,179,103,135,128,122,181,116,220,220,135,213,196,180,231,162,231,163,288,167,357,209,229,211,289,203,359
609,182,52,180,103,136,127,123,181,116,220,221,134,217,193,186,230,161,230,161,285,169,356,208,228,208,285,197,357
610,183,51,180,102,137,128,123,183,116,224,223,135,220,194,193,228,162,227,162,283,169,351,206,224,205,284,205,275
611,184,51,181,103,136,128,123,184,117,226,223,134,223,193,199,227,163,231,167,285,169,352,207,227,207,286,210,281
612,183,49,181,100,138,127,123,183,118,229,226,136,227,191,204,227,163,233,164,283,163,283,210,233,206,283,165,280
613,185,49,183,100,138,127,124,186,120,231,227,137,231,194,210,227,168,227,168,275,158,277,209,226,223,276,212,279
614,186,49,182,99,139,128,125,185,122,234,226,133,237,195,217,226,169,225,169,289,178,252,207,220,208,287,210,281
615,191,48,188,98,143,130,136,191,134,238,228,128,245,180,253,228,172,230,174,295,168,357,219,227,223,293,219,276
616,192,48,189,98,142,130,139,188,137,232,228,126,246,179,258,227,174,230,174,293,170,357,221,228,225,293,220,275
617,193,47,189,97,144,129,139,186,138,234,229,125,248,177,261,226,175,230,177,291,174,356,222,227,225,291,223,274
618,194,47,190,97,146,130,141,190,140,238,229,125,250,176,263,224,177,230,179,291,193,254,224,227,228,289,217,259
619,195,45,191,97,146,130,143,189,142,237,230,124,251,178,265,224,179,227,179,291,183,365,226,226,229,290,223,273
620,196,48,193,98,147,130,143,190,143,237,231,124,251,179,266,222,180,229,181,292,197,256,227,228,227,290,224,266
621,197,45,194,96,148,131,144,192,146,240,233,124,252,179,266,223,181,230,185,289,197,252,228,226,234,288,220,251
622,199,46,196,96,150,129,146,192,147,238,234,124,251,177,265,221,182,230,185,289,199,254,229,227,235,289,223,260
623,200,46,196,97,151,129,148,189,148,237,235,124,251,177,266,222,183,231,186,292,203,261,229,227,236,289,223,263
624,201,46,197,96,153,128,149,188,149,237,236,124,251,177,264,222,183,229,187,289,204,256,231,226,237,289,225,263
625,202,45,198,96,154,128,151,189,151,237,236,123,252,177,263,222,184,230,188,292,185,358,232,227,238,291,232,274
626,203,45,200,96,156,128,152,189,153,238,238,124,252,177,264,223,187,230,185,287,204,257,233,228,238,292,228,265
627,204,45,201,96,158,127,153,191,155,239,239,123,253,178,263,223,188,231,185,289,205,260,235,228,241,294,227,265
628,205,45,203,95,159,127,155,190,158,241,239,124,254,179,262,224,188,231,195,293,185,359,235,229,240,293,235,274
629,207,45,203,96,161,127,156,190,161,241,240,124,255,179,262,226,191,233,191,293,184,359,236,229,241,294,238,275
630,209,45,204,96,161,128,156,191,163,241,241,124,255,180,262,225,191,233,189,296,187,358,236,229,244,293,256,358
631,210,45,205,96,162,127,156,192,164,240,241,124,256,180,262,226,192,234,196,298,195,366,237,229,244,296,247,366
632,212,46,206,95,163,128,159,189,164,239,243,125,258,182,262,226,192,231,193,295,193,358,237,228,246,294,256,356
633,213,45,207,96,163,128,159,188,166,240,242,124,257,181,262,227,194,233,197,296,199,363,237,228,248,295,255,359
634,214,46,209,96,164,127,160,188,166,240,243,125,258,182,262,226,195,232,197,293,207,255,237,228,247,291,255,358
635,215,46,210,96,164,127,161,188,167,239,244,125,259,181,262,226,195,230,198,295,199,360,238,229,247,294,257,357
636,217,47,210,96,165,127,162,187,168,240,244,125,258,182,262,226,195,231,202,294,206,361,238,226,251,296,258,358
637,218,45,210,96,165,127,163,187,169,240,244,124,259,181,263,227,196,232,201,296,203,360,238,229,249,293,261,357
638,219,47,211,96,166,127,163,185,167,240,244,125,258,182,263,227,195,231,202,293,211,257,239,227,251,290,261,357
639,219,45,211,96,167,127,163,185,169,240,244,124,259,181,263,227,196,230,199,294,200,360,239,228,250,292,261,357
640,221,47,211,96,168,125,163,183,169,240,244,125,258,181,264,227,196,233,202,297,205,372,240,227,252,297,260,360
641,221,46,212,96,167,127,165,183,167,240,245,125,259,181,263,227,197,231,202,296,207,363,240,227,253,293,262,357
642,221,47,212,96,168,125,164,182,168,240,244,125,259,182,264,228,196,232,203,298,199,365,240,227,252,299,255,365
643,222,47,212,96,168,126,163,184,167,240,245,126,259,181,264,227,195,232,201,293,216,261,241,227,253,295,262,356
