1,258,46,255,96,212,128,203,181,228,198,295,129,304,177,296,192,238,231,228,295,229,351,280,231,286,296,286,352
2,258,46,255,96,212,128,203,180,227,198,295,129,304,177,296,193,238,231,228,294,229,349,280,231,288,294,288,350
3,258,46,254,95,212,127,202,180,227,197,295,129,304,177,295,192,237,229,227,294,226,348,279,230,287,291,289,348
4,258,46,255,96,212,128,203,180,227,198,295,129,305,177,296,193,237,230,229,294,228,348,280,230,287,294,288,350
5,258,46,255,96,212,128,204,181,227,197,295,129,304,177,296,192,238,229,229,294,228,349,280,230,287,293,287,349
6,258,46,255,95,212,127,203,181,227,197,296,130,304,176,296,192,238,230,229,295,228,348,280,230,286,294,286,349
7,258,46,255,96,212,127,203,180,227,197,295,129,304,177,296,193,237,229,228,294,227,349,280,229,287,292,289,349
8,259,46,255,96,212,128,203,180,227,198,294,129,304,177,295,193,237,230,228,293,228,348,280,231,287,293,288,349
9,258,46,255,96,212,128,203,181,228,198,295,130,304,177,296,193,238,229,229,295,228,350,280,230,288,292,290,350
10,259,46,255,95,213,127,203,180,227,197,295,129,304,177,296,192,236,228,227,293,225,347,279,230,287,292,287,346
11,259,46,255,95,212,127,203,181,227,197,295,129,305,177,296,193,237,230,228,295,226,349,279,230,286,293,287,349
12,259,46,255,95,212,127,203,180,227,197,294,128,305,178,296,193,237,230,227,295,225,348,279,230,286,290,288,348
13,259,46,255,96,212,127,203,181,227,197,294,129,305,178,297,193,237,231,228,297,227,349,279,231,285,294,287,348
14,259,46,255,96,213,127,203,180,227,197,295,129,304,177,296,193,237,229,228,295,228,348,279,230,287,292,287,348
15,259,46,255,96,212,127,203,181,227,197,294,129,305,177,297,193,236,230,227,297,226,349,279,231,286,295,287,350
16,259,46,255,96,213,127,203,180,228,198,295,129,304,177,296,193,237,228,228,294,226,347,279,229,286,292,286,348
17,259,46,255,96,213,128,203,181,228,199,294,129,305,178,295,194,237,231,227,294,225,349,278,232,287,290,288,348
18,259,46,255,96,213,127,202,181,227,198,295,129,305,178,295,194,237,230,228,297,229,352,279,231,287,294,289,350
19,258,47,256,98,212,128,203,181,227,199,296,130,305,178,296,194,237,230,229,295,231,349,280,231,284,297,285,350
20,258,48,255,98,213,128,203,182,228,199,295,129,304,178,295,194,237,228,227,293,227,349,280,229,287,289,287,348
21,259,47,255,97,213,127,203,181,227,198,295,128,306,178,296,196,237,231,227,298,226,349,278,231,286,294,288,350
22,258,48,255,98,213,128,203,180,227,200,296,130,305,178,295,195,237,229,228,294,228,350,280,230,286,292,286,350
23,258,48,255,98,213,127,203,181,228,200,296,130,305,178,296,195,238,232,227,297,228,351,280,233,287,292,286,348
24,258,48,255,99,213,127,203,182,226,201,297,130,305,178,296,196,237,229,228,294,229,348,279,231,286,296,285,350
25,258,48,255,99,213,127,203,182,228,202,296,130,306,179,296,197,237,232,227,299,229,350,278,233,286,297,286,351
26,258,48,255,98,213,127,202,182,227,203,295,128,306,178,295,200,236,230,227,296,227,351,278,231,286,293,287,351
27,258,49,255,99,212,128,204,183,226,203,297,129,306,178,295,200,235,225,227,296,226,352,279,227,287,295,288,352
28,259,48,255,98,212,128,203,182,227,205,296,128,306,178,295,201,236,226,229,295,228,349,279,229,287,296,288,352
29,259,47,255,97,213,127,203,182,227,207,296,128,306,178,295,202,236,226,227,297,228,353,279,230,286,297,286,353
30,259,48,255,99,212,128,203,184,227,208,296,128,306,178,296,203,236,225,228,295,227,350,278,228,287,296,289,353
31,259,48,255,98,212,128,203,183,227,209,297,129,305,179,295,206,236,224,228,294,231,350,278,227,286,295,288,353
32,259,48,255,99,212,129,204,184,228,210,296,128,306,180,296,208,234,222,228,295,229,353,278,227,285,298,288,355
33,259,48,255,99,212,128,204,184,227,211,296,128,306,180,296,210,235,223,228,292,229,350,281,226,285,298,285,353
34,259,48,255,99,212,128,204,184,228,214,296,128,305,180,297,211,234,220,228,295,233,353,282,221,285,299,287,355
35,258,48,255,100,212,128,204,185,228,214,297,129,305,181,296,212,234,228,229,301,229,354,284,231,284,309,282,356
36,259,49,255,100,211,129,204,183,229,216,297,129,305,182,296,214,235,220,229,296,234,351,279,218,286,299,285,353
37,259,50,256,102,211,128,206,185,229,217,297,129,305,181,297,215,238,219,233,299,241,354,278,217,287,299,288,354
38,259,50,256,101,211,130,207,187,229,219,298,131,305,182,297,219,238,217,231,295,236,353,279,215,286,300,285,355
39,259,49,255,101,211,129,206,185,230,219,298,129,305,183,296,219,238,218,232,299,238,355,279,215,286,303,286,356
40,260,49,256,101,211,130,207,186,229,222,299,131,305,183,297,222,241,217,231,295,235,351,280,216,286,306,282,355
41,259,51,257,102,211,129,208,187,229,223,299,131,305,184,297,223,240,217,233,296,234,349,277,217,286,302,283,353
42,260,52,256,104,211,130,208,187,229,225,299,131,305,184,296,225,241,220,233,295,234,353,278,219,287,304,284,355
43,260,52,256,103,211,131,208,189,230,227,299,131,304,184,297,225,240,220,233,296,232,353,278,221,284,306,281,356
44,259,52,257,104,211,131,209,189,230,228,299,132,303,186,296,226,240,222,234,296,233,353,277,221,286,305,283,355
45,260,53,257,105,210,132,209,189,230,229,300,132,303,186,296,229,241,222,235,296,232,352,278,221,283,305,282,356
46,260,53,256,104,211,132,209,189,230,231,299,131,302,186,295,230,241,222,234,295,233,354,277,222,282,304,281,357
47,260,55,257,107,212,132,210,190,230,233,299,132,302,188,295,232,242,226,235,296,239,356,277,226,282,299,282,355
48,260,55,257,106,212,131,209,189,230,234,300,133,302,186,297,233,242,225,233,292,232,352,278,226,282,299,283,355
49,261,57,257,108,211,133,210,190,230,236,300,133,302,188,295,235,242,222,235,288,243,353,278,222,282,291,284,351
50,261,59,257,109,212,132,209,191,230,238,301,133,302,189,297,235,241,224,235,295,242,356,278,224,278,295,281,353
51,260,57,257,109,211,133,209,192,230,237,300,133,302,189,296,236,241,225,237,292,247,353,277,225,276,290,283,349
52,260,59,257,109,212,133,211,191,231,239,301,134,303,190,296,238,240,223,235,289,248,355,279,222,277,286,284,351
53,261,57,258,109,212,133,210,191,231,241,301,135,301,190,296,240,240,225,234,295,243,358,279,224,277,294,284,356
54,261,61,258,113,212,133,210,191,231,241,301,135,302,191,297,240,241,224,234,293,245,357,278,225,275,292,281,355
55,262,59,258,111,212,134,211,193,231,242,301,135,301,190,297,240,239,223,232,283,245,352,277,222,276,282,283,352
56,262,62,258,114,212,134,211,191,230,241,301,136,301,191,296,242,238,222,233,286,246,355,277,222,277,282,283,354
57,263,62,258,114,213,134,210,193,230,242,301,136,301,191,297,242,239,223,231,281,239,350,277,224,276,283,280,352
58,262,64,258,116,213,133,211,192,229,241,301,136,301,192,297,244,238,222,230,276,233,340,279,223,277,279,278,349
59,262,63,259,114,214,133,211,193,231,243,301,136,301,192,296,244,238,221,230,273,234,329,277,221,277,276,272,256
60,263,63,259,116,212,135,211,195,230,244,302,138,301,193,295,245,238,223,233,289,240,352,278,222,278,286,281,353
61,262,62,258,113,212,135,211,193,230,243,302,138,301,196,296,245,239,225,229,279,232,353,277,225,278,284,274,265
62,263,64,258,115,212,135,211,195,230,243,302,138,300,194,295,247,237,223,228,271,234,320,277,223,277,277,274,261
63,263,65,258,115,212,136,211,194,230,245,301,138,301,196,296,247,239,223,227,267,238,316,277,223,279,282,278,264
64,263,64,258,115,212,135,211,195,230,245,302,138,300,193,296,247,239,224,230,271,233,325,276,223,279,281,280,263
65,263,66,258,118,212,136,211,194,229,245,301,138,300,195,295,250,237,222,229,265,242,305,276,223,281,280,282,268
66,263,67,258,117,212,136,212,195,230,247,301,138,299,193,296,249,237,222,231,271,235,337,275,222,280,279,279,262
67,263,66,258,116,212,137,211,195,230,246,301,138,300,196,295,249,239,224,232,273,234,337,275,225,280,281,279,265
68,263,65,258,115,211,137,212,196,230,247,301,138,299,193,295,249,237,223,232,277,233,341,275,224,280,282,279,264
69,263,69,258,119,212,136,212,194,230,248,302,139,299,194,295,249,237,224,234,280,238,345,274,224,281,282,279,265
70,263,68,258,119,211,138,212,197,230,249,301,139,300,195,295,251,237,223,234,279,249,348,274,223,281,280,286,348
71,263,68,258,119,211,138,212,198,230,249,301,139,299,195,295,251,236,223,236,284,248,353,273,223,280,283,285,352
72,263,66,258,118,211,139,212,197,229,249,301,140,300,196,295,251,237,224,235,283,246,350,274,224,281,284,284,350
73,263,68,257,119,211,139,212,196,230,251,301,140,299,196,295,252,237,224,236,284,249,352,274,223,281,283,286,349
74,263,69,258,121,212,138,211,197,229,251,301,139,298,195,295,251,237,224,238,286,252,353,274,223,281,284,286,350
75,264,68,258,119,211,138,213,197,232,250,302,139,300,195,295,251,238,225,236,284,248,255,274,223,280,283,278,266
76,263,66,257,118,211,138,212,198,231,252,301,140,299,195,295,253,235,222,236,285,251,352,272,221,282,282,287,349
77,263,69,257,121,211,139,212,197,231,251,301,140,299,195,295,251,237,224,236,284,239,346,273,223,280,282,279,268
78,263,67,257,118,211,139,212,197,230,251,301,140,299,196,295,252,237,224,237,286,254,352,273,223,280,283,288,350
79,264,69,258,120,212,139,213,200,229,251,301,140,298,195,295,251,236,222,234,279,251,346,273,221,280,283,282,351
80,263,66,258,119,211,139,212,199,229,250,302,141,299,195,296,251,236,221,232,272,242,339,271,220,280,281,263,349
81,264,70,258,121,212,137,212,199,229,251,301,141,299,195,296,253,236,222,232,271,240,322,273,223,279,282,273,349
82,264,68,258,120,211,138,212,197,229,250,302,141,297,194,296,251,236,221,232,274,247,343,271,222,280,282,277,350
83,264,69,258,120,211,139,212,198,229,250,301,140,299,195,296,252,236,222,230,274,241,335,272,223,279,283,267,348
84,264,70,258,121,212,138,213,196,229,250,301,140,300,197,295,252,236,221,230,273,238,336,273,221,278,282,262,346
85,265,70,258,121,211,138,213,196,229,250,300,139,298,195,295,251,236,223,235,284,248,351,273,222,281,283,285,352
86,265,67,258,120,212,138,212,196,228,250,301,140,299,196,296,252,235,221,232,277,251,347,272,221,281,283,281,351
87,265,66,258,118,212,137,212,195,230,250,300,140,300,199,295,251,236,221,235,278,243,256,273,221,282,284,281,270
88,266,67,258,119,211,136,212,196,230,251,301,139,300,194,296,250,238,223,232,273,242,340,273,221,282,283,280,352
89,265,64,258,116,213,136,211,196,229,249,301,140,300,194,296,250,236,222,233,276,249,344,272,221,280,282,277,348
90,266,62,258,116,213,136,210,196,231,247,301,139,299,195,296,246,239,222,231,271,244,311,274,221,285,282,280,267
91,266,61,258,115,213,135,210,195,230,244,300,137,300,192,296,243,239,220,230,262,244,308,275,220,282,277,265,322
92,266,59,258,114,211,136,209,197,229,242,300,136,299,191,298,241,239,221,228,259,242,298,275,222,281,278,269,295
93,266,60,257,113,212,135,209,197,230,242,300,135,300,190,298,240,239,223,230,267,245,250,276,223,281,278,276,244
94,264,56,257,108,210,135,209,196,229,240,300,134,304,188,299,238,240,221,232,275,242,253,276,220,285,278,275,252
95,264,53,257,107,208,136,208,197,229,239,300,134,304,193,298,235,240,220,234,276,244,245,276,219,282,278,277,242
96,265,55,256,107,209,135,207,196,228,237,299,132,305,192,301,235,239,220,233,278,237,347,276,219,285,279,286,349
97,263,54,255,110,208,135,208,198,227,235,299,132,306,189,302,233,240,220,237,276,248,245,276,219,284,276,276,242
98,263,50,255,104,208,135,206,196,228,233,298,131,306,187,303,231,241,220,235,275,232,340,278,221,283,280,280,350
99,264,51,255,105,209,133,208,197,230,233,298,130,307,186,304,230,241,220,232,277,243,247,278,222,284,280,280,352
100,265,51,256,107,209,133,209,197,233,232,299,131,308,183,305,228,239,220,226,270,246,248,278,222,284,277,274,244
101,265,48,255,103,208,135,211,199,236,232,298,129,309,184,305,227,237,222,229,278,237,348,277,222,285,280,285,347
102,266,50,256,104,210,134,213,198,240,231,298,128,308,183,306,226,238,223,229,282,230,351,279,222,283,284,280,354
103,266,46,258,100,211,135,215,199,244,229,300,130,308,184,307,225,235,225,233,276,229,344,281,227,285,283,282,351
104,269,48,260,100,211,136,218,197,250,228,301,131,308,183,307,222,238,222,230,272,229,343,280,222,286,277,283,345
105,270,46,261,98,215,134,220,196,255,228,299,127,307,182,307,221,239,223,230,275,230,344,279,222,289,278,287,346
106,272,47,263,98,217,133,221,194,260,226,299,128,307,180,307,220,237,228,232,276,246,249,281,227,290,280,291,348
107,274,48,264,98,219,133,226,194,268,225,299,127,306,180,308,218,237,227,236,277,246,248,280,228,291,282,267,248
108,276,47,266,97,223,131,229,193,274,225,298,126,305,179,309,218,236,226,239,282,239,349,280,227,291,284,289,350
109,279,50,267,99,226,130,231,194,280,225,297,124,305,179,309,217,238,226,237,279,248,246,283,226,292,281,270,245
110,281,48,269,98,229,128,235,191,285,223,296,123,305,175,309,216,239,223,242,279,249,248,285,221,292,277,298,350
111,283,48,269,98,229,129,235,189,286,222,297,124,305,175,310,215,241,222,237,283,240,355,284,223,293,280,302,351
112,285,49,271,97,231,128,240,187,287,220,297,123,305,172,311,215,241,225,244,285,254,354,283,225,293,280,299,348
113,286,50,271,98,232,129,244,186,288,218,296,123,304,174,313,217,242,224,243,283,247,353,282,225,293,282,300,352
114,288,49,272,97,234,128,246,185,295,220,296,124,303,175,313,217,242,224,244,288,246,355,283,225,294,287,293,352
115,289,49,273,98,235,128,250,185,303,222,297,124,304,174,313,216,243,223,243,286,248,353,282,223,293,283,296,350
116,289,50,274,98,236,128,252,184,305,221,296,125,303,177,313,218,244,221,242,286,243,356,282,222,294,284,297,353
117,290,50,275,98,237,128,253,183,305,220,296,125,303,179,312,219,244,220,241,283,243,355,284,221,294,282,299,352
118,291,50,274,98,238,126,252,182,305,219,297,125,305,180,313,219,244,220,245,284,246,355,283,221,293,282,294,353
119,291,50,275,99,239,126,254,183,305,219,297,124,304,177,312,218,245,221,244,287,245,355,283,222,296,283,302,351
120,292,50,276,98,239,125,255,183,305,220,297,125,303,176,311,218,246,220,244,283,249,355,285,221,295,282,294,352
121,292,50,276,99,239,125,253,182,305,221,298,126,305,181,313,221,246,220,244,284,246,354,286,221,295,283,294,352
122,292,50,276,99,238,125,253,182,304,221,298,126,305,181,313,220,246,221,244,283,245,353,285,222,295,283,293,353
123,292,49,276,98,238,125,251,181,302,220,298,126,305,179,315,217,245,221,246,284,251,353,285,222,295,282,298,351
124,292,51,275,99,237,126,251,181,300,218,298,125,305,176,317,215,245,220,245,284,247,354,285,221,296,281,297,351
125,292,50,276,98,237,125,249,180,298,217,299,126,306,178,316,214,245,220,245,286,241,350,286,223,294,284,300,347
126,292,49,276,97,237,125,247,180,296,215,299,125,306,180,324,220,245,221,243,283,249,354,284,222,295,278,294,350
127,292,50,276,98,236,125,246,182,294,212,298,125,305,178,314,211,245,221,245,284,251,355,285,221,295,279,297,349
128,291,50,274,98,235,126,243,182,294,211,298,126,305,180,315,213,244,222,242,285,247,353,286,222,296,281,297,350
129,290,49,275,97,235,125,241,183,292,209,299,125,305,178,313,210,243,222,243,285,246,352,286,222,296,280,298,350
130,289,49,274,97,234,124,240,183,290,207,298,126,305,179,315,217,244,221,240,281,244,352,286,220,296,278,300,347
131,289,49,274,98,233,125,237,183,288,205,299,126,306,176,314,209,243,222,246,283,254,353,285,221,296,276,306,346
132,288,48,273,97,232,124,235,182,286,203,299,126,306,176,316,204,242,223,245,286,254,354,285,221,296,278,307,346
133,286,49,273,97,231,126,234,183,284,200,299,126,306,178,325,205,242,220,244,282,258,353,288,218,295,279,301,350
134,286,49,273,97,232,124,232,182,281,197,299,126,306,177,335,192,242,218,244,280,251,349,287,216,295,276,300,347
135,284,49,271,97,231,123,229,182,279,195,298,124,306,178,344,190,242,222,245,285,253,355,285,219,295,282,299,347
136,284,49,270,97,230,124,228,182,275,191,298,124,307,177,340,191,241,224,241,284,249,354,285,220,296,278,301,348
137,283,48,271,97,230,123,227,181,274,190,298,125,308,174,338,187,242,224,244,284,252,354,284,221,295,278,301,345
138,282,48,270,97,229,124,225,182,272,186,297,124,309,173,335,189,242,223,240,286,246,354,286,220,297,281,304,347
139,337,142,328,171,343,183,333,198,319,181,309,179,287,188,320,191,309,188,310,175,311,179,309,187,310,218,269,244
140,281,47,268,96,228,123,222,182,269,182,297,124,312,172,327,173,242,220,242,280,246,242,284,219,294,277,266,243
141,280,48,268,97,228,124,222,182,268,181,296,123,312,172,331,179,242,220,240,285,243,353,287,220,295,280,297,347
142,279,47,268,97,228,124,221,182,266,179,296,124,314,170,340,181,242,223,243,284,248,354,286,221,294,280,298,345
143,278,47,267,97,228,123,220,182,264,179,296,124,318,170,340,184,241,222,241,285,245,354,286,222,295,281,298,349
144,278,47,266,96,225,124,218,180,263,176,296,125,315,168,340,182,241,222,240,283,241,353,284,221,295,280,300,347
145,276,47,266,97,225,124,218,180,261,175,296,124,316,170,332,180,240,222,240,284,242,354,285,221,294,280,299,347
146,276,46,265,96,224,125,217,181,261,174,296,125,314,169,328,177,240,222,239,281,244,243,284,221,294,278,301,347
147,276,47,265,97,223,124,216,179,258,174,296,124,313,170,331,178,240,222,241,284,241,354,285,221,294,281,305,347
148,274,46,265,96,223,124,216,179,259,172,296,125,316,169,330,181,241,220,237,279,247,242,284,220,294,279,300,346
149,275,46,265,95,223,124,215,180,258,173,297,125,314,172,329,182,241,222,240,281,246,243,284,222,293,278,269,243
150,274,46,264,96,222,125,214,180,256,173,296,125,315,171,328,186,241,219,238,279,247,242,284,220,294,276,301,345
151,273,46,264,96,223,124,214,180,256,173,296,125,313,173,327,182,241,221,241,280,245,242,284,221,295,279,302,346
152,273,46,264,96,221,124,213,181,255,174,296,125,313,172,325,184,242,222,241,283,247,244,283,223,294,279,297,350
153,273,45,264,96,221,124,212,179,253,174,296,125,312,170,329,185,242,221,239,286,242,356,285,222,294,283,298,351
154,273,46,263,97,221,124,212,180,253,174,296,125,313,170,327,182,241,221,239,283,242,353,284,222,293,281,300,348
155,273,46,262,97,220,124,212,179,253,175,295,125,312,171,326,183,240,221,242,284,246,353,283,220,293,278,299,347
156,272,46,263,96,220,125,212,180,253,176,296,127,311,172,327,184,240,223,240,284,245,355,285,224,294,282,300,348
157,272,46,262,97,221,123,212,179,252,176,295,126,313,172,326,183,239,220,242,285,246,355,285,222,294,284,295,350
158,271,46,262,97,221,124,212,179,252,175,296,127,313,173,327,181,240,220,240,283,244,354,284,221,292,280,294,350
159,272,47,262,97,219,124,211,180,251,175,296,126,312,172,323,184,241,222,241,282,247,243,283,221,293,279,299,348
160,271,46,262,97,219,124,210,179,251,174,295,126,311,173,325,185,241,222,239,285,240,354,285,222,293,282,298,348
161,271,47,262,97,219,124,211,180,252,174,296,126,311,171,324,184,241,222,240,280,247,243,282,222,292,277,267,245
162,271,46,261,97,219,125,210,179,251,174,295,125,312,171,325,184,241,221,238,282,247,244,283,221,293,278,302,346
163,270,46,261,96,220,124,211,180,252,174,295,126,312,172,324,183,240,221,240,282,247,244,284,221,293,278,298,348
164,271,47,261,97,219,124,211,179,251,175,295,126,311,173,324,183,239,220,241,282,247,352,282,220,292,279,300,347
165,270,47,261,98,219,124,210,179,251,173,295,125,311,173,324,183,239,221,239,285,242,354,283,221,293,281,297,347
166,270,46,261,97,219,124,210,179,251,173,295,125,310,172,322,183,239,219,239,279,245,241,283,219,293,277,301,345
167,270,46,261,97,219,124,211,178,251,174,294,125,311,172,324,183,239,221,240,284,245,355,284,221,293,281,298,349
168,270,46,261,97,220,123,211,179,251,174,295,125,310,172,324,183,237,223,240,285,242,355,283,222,291,281,294,352
169,270,46,261,97,219,124,210,178,252,174,294,125,312,171,324,182,239,220,239,284,243,356,283,220,292,281,294,350
170,270,46,260,97,219,124,211,179,251,175,294,124,312,171,323,180,239,219,240,284,248,357,282,219,291,281,292,354
171,269,46,261,97,219,124,211,179,252,175,294,124,311,172,324,183,238,219,237,280,246,244,283,219,292,277,265,247
172,269,46,260,97,219,124,211,179,251,176,293,124,314,165,326,180,238,219,237,281,245,243,281,219,292,277,264,245
173,270,47,260,98,219,124,210,179,251,177,293,124,311,172,326,181,237,221,238,282,247,355,281,221,292,279,301,346
174,269,46,261,97,219,124,212,178,251,179,294,126,311,176,325,181,238,221,239,282,244,352,281,221,292,280,293,346
175,269,46,261,97,220,124,212,178,252,179,294,126,313,173,323,183,239,221,238,283,242,354,281,221,292,281,295,348
176,269,46,260,97,220,124,212,178,252,180,295,126,311,171,323,179,239,221,238,282,246,245,282,221,292,278,264,247
177,269,46,260,98,219,124,212,178,253,180,295,126,310,169,323,178,238,223,242,284,246,246,281,222,291,278,263,248
178,268,46,260,97,219,124,212,178,252,180,294,126,310,168,323,177,239,222,239,284,241,355,282,222,291,280,293,350
179,268,46,260,97,219,124,211,179,252,183,294,125,311,170,323,178,238,224,239,283,246,246,281,223,290,281,289,352
180,269,47,260,98,219,125,212,179,253,183,294,125,308,166,321,176,238,224,238,286,246,357,280,222,292,280,299,346
181,269,48,260,99,219,125,211,179,253,184,294,125,312,166,319,175,239,224,242,284,248,353,280,222,292,280,296,348
182,269,47,260,98,219,124,211,179,253,185,294,125,311,170,315,178,239,223,239,283,245,244,281,222,290,279,265,246
183,269,47,261,98,219,124,212,179,253,185,294,125,308,175,319,174,239,223,241,285,244,354,281,222,291,282,295,349
184,268,47,260,98,219,124,212,178,253,185,293,125,311,174,319,176,239,224,240,285,243,355,281,222,291,280,296,350
185,269,48,260,99,219,124,212,179,253,186,294,126,313,172,319,174,239,223,241,284,247,354,281,221,291,280,298,348
186,268,48,260,98,219,124,211,179,252,185,294,125,312,167,319,176,239,222,240,284,248,352,282,220,290,281,295,348
187,268,48,260,99,218,124,210,179,252,186,295,126,311,171,319,174,239,223,239,285,243,355,282,222,291,280,298,348
188,267,48,259,99,218,124,209,178,250,186,295,126,311,168,320,176,240,223,239,283,245,245,282,222,291,280,299,347
189,268,47,260,97,219,124,210,178,250,186,294,126,314,165,290,183,238,221,241,284,249,353,282,220,290,279,295,349
190,267,48,260,97,219,124,210,179,249,188,295,126,314,172,321,177,239,221,237,282,246,245,283,221,292,280,296,348
191,267,47,259,99,219,125,209,179,247,188,294,125,313,169,322,179,241,223,238,285,240,355,282,222,290,281,297,350
192,267,48,259,99,218,125,209,179,247,190,294,125,312,170,322,180,240,221,239,283,248,244,283,220,290,282,298,352
193,267,48,259,99,218,125,210,180,245,193,294,125,311,171,323,181,239,222,238,285,240,355,282,220,290,281,301,350
194,266,49,259,99,218,125,209,179,245,195,295,126,310,176,322,181,238,218,239,283,248,354,281,216,290,280,300,348
195,266,47,258,99,218,126,210,181,243,197,295,126,312,179,323,182,238,218,236,280,240,354,282,216,291,278,297,347
196,265,49,259,99,218,126,209,180,241,199,295,127,311,178,324,182,239,219,239,281,244,241,281,218,290,280,298,349
197,265,48,259,99,218,126,210,180,237,201,295,127,314,179,324,185,240,218,235,279,246,243,281,218,290,277,268,243
198,265,48,259,99,217,126,209,181,237,203,295,126,313,178,325,187,238,220,235,279,242,239,282,219,290,276,265,241
199,264,47,258,98,216,127,208,180,235,207,296,127,313,179,325,185,237,220,239,278,245,242,281,219,291,277,268,241
200,264,47,258,99,217,126,207,181,233,213,296,127,312,179,323,185,237,218,240,280,245,244,283,218,291,278,301,345
201,264,48,258,98,217,126,207,183,232,217,296,127,312,179,326,185,240,215,241,279,249,350,282,216,290,278,297,348
202,263,49,258,99,215,128,207,187,230,220,295,126,313,178,326,184,242,216,242,282,247,350,283,216,290,279,290,349
203,263,49,258,99,214,129,209,194,229,226,295,126,314,178,329,185,241,215,245,279,247,352,284,217,290,279,254,252
204,261,49,257,101,214,128,209,188,222,231,295,126,310,175,325,182,241,220,241,279,250,244,283,216,289,277,284,242
205,261,50,256,102,213,129,208,190,220,232,295,126,314,174,325,182,242,221,243,279,250,244,283,217,289,278,286,244
206,261,49,256,100,213,129,208,188,219,232,295,125,316,174,327,184,241,221,240,278,248,243,282,218,290,276,285,242
207,261,50,255,100,214,128,207,188,217,233,295,125,318,173,325,185,240,222,238,279,248,243,283,220,289,278,290,241
208,259,50,255,100,213,129,207,187,216,232,296,125,317,171,327,184,239,221,236,280,245,243,280,219,289,277,274,242
209,258,50,255,100,212,129,207,187,216,234,297,126,318,170,328,184,239,221,236,280,246,244,282,220,289,279,275,245
210,344,146,324,169,325,176,321,199,324,187,316,171,289,185,321,188,291,212,295,228,280,260,293,213,295,228,281,271
211,256,50,255,101,212,129,208,189,215,234,296,125,319,169,326,184,239,224,237,283,246,245,285,223,288,280,276,244
212,255,51,254,102,213,129,207,186,215,234,296,124,319,172,326,185,239,223,237,280,249,246,284,222,288,281,277,247
213,254,51,254,101,212,129,208,189,215,234,297,126,319,171,323,186,240,221,232,280,245,244,282,222,289,277,272,245
214,254,51,253,102,212,130,207,187,215,234,298,126,319,170,324,186,238,222,236,281,245,244,284,222,291,280,293,352
215,253,50,254,101,212,130,208,188,216,234,297,124,318,169,323,186,238,221,237,288,239,359,284,221,289,284,293,353
216,253,51,254,101,213,129,207,186,215,233,299,126,321,176,323,187,239,223,235,285,245,247,282,224,289,284,273,257
217,252,50,254,101,212,130,207,187,216,233,298,125,317,170,323,188,238,221,234,278,245,244,281,221,289,278,274,247
218,250,50,253,101,213,129,207,188,216,233,300,127,315,167,318,187,239,221,231,276,244,243,281,221,288,278,274,248
219,250,50,253,101,212,129,207,187,215,233,300,127,318,171,319,190,238,220,232,277,247,243,280,217,287,278,274,244
220,249,51,252,102,212,130,208,189,216,234,298,125,315,169,317,190,237,218,231,283,244,356,280,217,287,281,294,353
221,249,51,251,101,211,130,208,188,216,234,298,125,316,171,317,191,237,216,231,274,244,241,279,214,288,278,273,249
222,248,51,252,102,212,129,207,186,215,234,298,125,314,167,316,190,238,219,231,276,244,244,279,217,287,279,273,248
223,249,50,252,102,212,129,207,186,214,234,300,127,315,170,315,190,238,218,232,278,249,246,281,216,287,280,273,253
224,249,51,252,102,211,130,207,188,214,234,299,127,317,174,315,191,237,218,232,281,237,353,280,217,285,278,295,348
225,248,51,252,101,212,130,207,188,214,234,298,125,317,172,314,190,237,220,233,283,238,354,279,218,286,279,294,348
226,247,51,250,102,211,130,208,188,215,234,298,126,317,170,314,190,235,218,230,275,238,353,279,216,287,278,299,347
227,247,51,251,101,211,130,207,188,214,234,299,125,316,170,312,191,237,220,230,277,234,351,281,218,288,279,301,348
228,247,50,250,101,211,130,207,189,215,234,297,124,317,168,312,190,236,220,230,283,242,356,280,219,286,282,300,350
229,247,51,251,101,211,130,207,188,214,234,297,124,317,168,312,191,237,220,228,281,232,353,280,219,288,282,303,348
230,247,51,250,102,211,130,207,189,214,234,296,124,317,167,312,190,238,220,231,284,245,356,280,218,288,282,299,349
231,247,51,250,101,211,131,207,188,214,234,297,125,317,168,311,190,237,218,229,280,241,354,279,216,288,279,297,348
232,247,51,250,103,211,130,207,187,214,233,296,124,318,168,311,189,237,220,230,281,244,355,278,218,286,281,295,350
233,246,51,250,101,211,130,207,187,213,234,298,124,317,168,311,189,237,220,229,281,230,353,280,219,286,283,292,352
234,246,51,251,102,211,129,206,186,213,234,296,123,318,168,312,190,237,220,230,283,238,355,279,218,285,282,297,351
235,246,51,251,103,212,129,206,186,213,233,297,124,318,168,311,189,236,220,230,283,241,355,276,220,284,281,293,351
236,246,51,250,102,211,130,206,187,213,233,296,122,318,167,311,189,236,219,230,279,241,354,278,217,287,279,294,347
237,246,50,250,102,210,130,206,186,213,233,296,123,318,167,311,190,236,220,230,276,237,351,276,220,285,280,267,256
238,245,51,250,101,211,130,206,186,213,233,296,123,321,167,312,188,237,220,230,282,240,354,278,219,287,281,293,349
239,245,50,250,101,211,129,207,186,212,232,297,123,320,168,312,189,236,219,229,279,236,354,280,218,287,280,297,349
240,245,51,250,101,211,129,206,186,212,233,296,123,322,170,312,188,237,219,229,279,232,352,280,217,286,280,292,345
241,245,50,250,101,211,129,206,185,213,234,297,123,320,166,314,186,237,220,229,283,239,354,282,219,287,280,300,347
242,245,51,250,101,211,130,206,186,213,234,297,123,321,166,314,188,236,219,230,279,243,353,278,217,287,279,291,350
243,245,51,251,101,211,130,206,186,212,234,297,123,321,165,313,189,236,220,231,285,240,357,280,218,287,280,297,345
244,245,51,250,101,210,130,206,187,213,234,296,123,319,166,314,188,236,223,231,285,243,356,273,222,287,280,300,346
245,245,51,249,101,210,130,207,187,213,234,295,122,322,165,314,189,236,219,231,281,240,356,277,219,287,279,298,347
246,246,50,250,102,211,129,206,185,212,233,297,122,322,167,314,188,236,220,229,280,241,354,277,219,287,279,296,349
247,245,51,251,101,211,129,206,186,212,233,297,123,322,164,314,188,236,220,230,279,241,352,277,219,288,280,298,347
248,245,50,250,101,211,130,206,188,212,233,297,122,322,165,314,189,237,221,230,279,241,353,277,220,287,279,302,346
249,246,51,251,101,211,129,206,187,212,234,296,122,321,163,314,189,237,221,230,281,247,355,277,220,287,280,297,348
250,246,50,251,102,211,129,206,185,212,234,296,122,320,161,314,188,236,222,232,288,244,355,276,222,286,281,298,349
251,246,51,251,101,211,129,206,185,212,233,296,121,321,161,315,188,236,221,230,286,242,366,280,220,287,282,296,350
252,246,51,250,102,211,129,206,186,211,233,295,121,322,161,315,188,236,219,230,282,248,357,279,218,286,281,294,349
253,246,51,251,101,211,129,206,186,212,234,295,121,323,162,315,188,237,219,229,281,241,354,280,219,286,282,297,347
254,246,50,250,102,211,130,206,186,212,234,295,120,323,161,314,189,236,220,229,278,239,353,277,219,288,279,300,348
255,246,50,250,101,211,129,207,187,213,234,293,119,322,159,315,189,237,222,231,285,240,356,276,221,287,280,300,348
256,246,51,250,101,211,130,206,186,212,233,294,120,323,160,315,189,237,222,230,285,240,366,281,222,286,284,290,353
257,246,50,250,102,211,129,206,185,212,233,294,120,322,160,315,191,236,222,234,287,248,355,276,222,288,281,305,344
258,246,50,250,102,211,129,207,187,212,233,293,118,322,159,316,191,236,222,233,283,245,355,278,220,288,281,301,348
259,246,50,250,102,210,130,206,188,213,234,294,120,322,160,316,190,236,219,229,282,242,355,277,219,287,280,297,349
260,245,51,250,101,211,130,206,186,212,234,294,119,321,160,315,190,236,222,230,285,242,358,279,221,289,283,300,348
261,245,51,250,102,211,130,206,186,212,233,294,120,322,161,314,190,236,220,231,284,244,365,277,220,287,282,295,349
262,245,51,249,102,211,130,206,186,213,234,293,119,321,161,315,190,236,220,231,283,235,354,277,220,287,282,305,348
263,245,51,250,101,211,129,207,185,212,234,294,119,321,160,314,190,237,222,230,284,238,356,278,221,288,284,296,351
264,245,51,250,102,211,129,207,186,213,233,293,119,322,160,314,190,236,221,230,283,245,355,276,221,285,282,291,350
265,245,50,250,102,211,129,206,185,213,233,293,119,321,160,314,190,237,221,229,282,237,354,277,221,287,281,300,348
266,245,50,250,101,212,128,206,187,213,235,293,119,321,160,314,190,237,222,230,284,242,355,278,221,288,282,298,348
267,245,51,249,102,211,130,207,188,213,233,293,119,321,160,314,190,237,222,231,282,242,354,278,221,287,281,299,347
268,245,51,250,102,211,130,207,186,212,233,293,120,322,160,313,190,237,223,231,286,240,357,277,223,289,283,298,350
269,245,51,249,102,210,130,206,186,212,234,292,119,322,160,313,190,236,221,230,285,244,357,278,221,285,283,297,349
270,244,51,249,101,211,130,206,187,212,234,292,119,322,160,313,189,237,221,231,282,245,355,278,220,285,282,287,351
271,244,50,249,101,211,130,207,187,213,234,293,118,321,161,313,189,236,222,230,282,242,356,276,223,288,282,302,346
272,244,51,249,101,211,130,206,187,212,235,292,119,320,159,313,189,236,222,230,284,239,354,277,222,287,283,300,346
273,245,51,249,102,211,130,206,188,212,234,294,119,321,160,313,189,237,222,230,283,244,356,278,222,289,282,300,349
274,244,51,249,102,211,130,206,187,212,234,292,119,321,159,314,189,236,221,230,281,243,355,278,221,288,283,296,349
275,244,50,249,102,211,130,206,187,212,234,293,120,321,160,314,189,236,219,232,282,247,354,277,218,288,281,298,349
276,244,51,249,102,210,130,206,187,213,234,293,120,321,160,313,189,237,220,231,283,240,355,277,219,287,281,300,350
277,244,51,248,101,210,131,206,187,213,234,293,119,320,160,312,189,236,220,231,283,243,354,277,219,287,280,296,347
278,243,51,248,101,210,131,206,188,213,234,293,119,322,160,313,189,237,220,232,281,241,354,277,220,286,281,300,349
279,244,51,248,102,210,131,205,188,212,235,292,119,320,160,313,189,237,219,230,280,235,353,277,218,287,279,303,346
280,243,50,248,101,210,131,207,187,212,234,291,119,320,159,313,189,236,222,231,284,241,355,279,221,288,280,295,350
281,243,51,248,102,210,130,205,188,213,235,291,118,319,160,313,189,236,222,233,287,244,356,276,221,286,283,297,349
282,243,51,248,102,211,130,206,188,213,235,294,120,320,160,313,189,237,222,229,279,244,354,276,221,286,281,295,348
283,243,51,248,103,209,131,206,190,213,235,292,119,319,160,314,188,237,218,230,280,244,353,279,217,286,281,299,347
284,244,51,248,103,210,130,206,187,212,234,293,120,319,160,314,189,236,219,230,281,243,353,277,218,285,281,292,349
285,244,51,249,102,210,130,206,187,213,234,294,120,318,160,314,188,236,220,231,283,243,355,278,219,286,281,303,348
286,244,50,249,101,210,130,206,188,212,235,294,120,318,159,314,189,236,221,229,284,243,355,279,220,288,283,297,349
287,244,50,248,101,210,130,206,189,213,234,293,120,320,159,314,188,236,219,231,280,245,354,277,218,285,281,293,350
288,245,50,249,102,210,131,206,188,212,234,294,120,318,159,315,187,236,220,232,282,248,354,277,219,286,280,297,349
289,244,50,249,101,210,131,206,188,212,234,294,121,320,160,315,188,237,219,230,285,240,365,280,218,286,282,298,347
290,245,51,250,101,210,130,206,188,212,234,294,121,318,160,315,187,236,220,229,280,237,355,280,220,286,283,285,355
291,245,51,250,100,210,130,206,187,212,233,296,122,317,161,316,186,237,219,229,283,234,355,283,218,286,281,297,349
292,245,50,249,100,210,131,206,187,213,234,294,122,317,161,318,185,237,219,231,286,237,357,283,219,287,284,295,352
293,245,50,250,101,210,130,205,186,212,233,295,122,317,162,319,184,236,220,231,284,248,251,283,220,286,281,272,259
294,247,49,250,101,211,129,206,186,212,232,297,123,317,162,320,184,235,221,230,282,244,247,285,223,288,282,273,254
295,247,50,250,101,211,129,206,187,212,231,296,123,316,163,319,185,236,220,231,278,244,244,284,221,286,282,278,255
296,248,49,251,100,211,129,206,186,213,229,296,125,319,172,319,187,235,220,229,274,242,241,280,225,287,277,268,246
297,249,50,251,101,211,129,205,185,214,226,297,125,318,172,323,186,237,224,231,270,245,244,278,226,288,278,270,245
298,256,47,254,99,213,126,204,179,233,177,296,126,318,176,320,183,236,220,231,280,244,245,280,217,287,278,266,245
299,256,48,254,98,213,125,204,177,236,175,297,127,319,177,319,184,236,221,232,283,241,246,277,220,287,280,262,245
300,256,48,254,98,213,125,205,177,239,172,297,126,318,173,321,182,235,220,231,283,243,246,277,219,285,279,263,248
301,256,48,254,99,213,124,207,177,241,171,296,126,318,174,320,183,235,221,230,281,237,352,278,221,287,278,286,348
302,257,48,254,99,213,124,208,175,243,170,296,126,319,175,319,184,236,220,230,281,244,247,277,220,287,278,261,248
303,257,48,255,98,214,124,208,175,244,169,296,127,318,174,319,185,236,220,230,281,244,248,276,220,288,277,261,250
304,258,48,254,98,213,124,209,175,247,168,296,126,316,172,320,184,236,223,231,283,245,248,278,222,285,281,268,245
305,258,47,255,98,213,123,210,175,247,168,296,126,315,171,319,183,236,219,231,281,245,247,279,220,285,281,269,247
306,258,48,255,100,213,124,209,175,249,168,295,125,315,172,318,181,236,222,231,281,245,248,279,221,287,280,265,249
307,258,48,256,99,214,123,210,174,249,168,297,127,317,175,318,183,236,222,231,281,243,247,279,221,287,279,266,246
308,259,48,256,98,214,124,210,176,250,169,296,127,314,173,316,181,236,224,234,283,245,248,279,225,285,282,267,247
309,259,48,256,98,214,124,209,176,251,169,297,128,317,174,317,182,237,223,232,280,245,247,279,224,285,281,267,246
310,259,48,256,99,214,124,210,175,251,169,297,128,317,176,317,183,236,222,233,281,245,246,279,221,287,281,267,246
311,261,48,256,99,214,124,210,176,252,170,296,126,317,176,318,183,237,222,231,277,244,246,280,222,287,279,267,245
312,261,47,256,98,214,123,210,176,252,170,298,128,315,176,316,185,235,222,234,282,245,247,281,222,285,282,266,245
313,261,47,256,98,214,123,210,176,252,170,296,127,315,174,316,184,235,223,232,281,244,247,281,223,285,281,270,244
314,262,48,257,98,214,123,209,176,254,170,297,127,316,173,317,184,237,223,232,279,245,246,281,223,285,280,266,245
315,261,48,256,98,214,123,210,175,252,172,296,126,316,175,316,185,236,221,231,281,245,247,282,221,286,282,270,247
316,261,48,256,98,214,123,210,175,253,171,295,125,316,174,316,185,236,224,231,282,244,251,281,225,285,283,272,254
317,262,48,256,98,213,124,209,176,252,171,296,127,317,178,315,186,237,223,231,284,245,252,282,225,285,284,265,258
318,262,48,256,98,214,123,209,176,253,171,296,126,316,175,316,186,237,224,232,283,246,249,284,225,285,284,268,254
319,262,47,257,98,215,123,209,176,253,171,297,127,317,175,316,186,237,224,230,280,245,247,284,224,286,283,266,256
320,262,47,256,98,214,123,208,176,253,172,296,127,313,175,315,185,237,222,231,281,245,247,283,221,286,282,266,253
321,262,47,256,98,214,123,209,176,254,172,296,126,314,174,316,184,237,222,231,280,245,247,282,222,286,282,267,248
322,262,48,256,98,214,123,209,175,254,171,296,127,315,178,317,186,237,224,231,281,244,247,283,224,286,282,265,254
323,262,47,256,98,214,123,208,175,252,172,295,126,315,176,317,186,237,221,232,279,245,246,283,221,286,281,267,247
324,262,47,256,98,214,123,207,175,252,172,296,127,313,176,315,185,236,219,231,281,248,247,283,219,286,282,265,256
325,262,47,256,98,215,123,208,175,250,173,296,126,315,177,317,186,237,219,230,278,245,246,285,219,286,281,267,249
326,262,47,256,98,214,124,208,175,250,173,297,128,311,175,315,186,236,222,230,282,244,247,282,221,286,283,271,247
327,262,48,256,98,213,124,208,176,251,172,296,127,313,178,315,186,235,222,230,281,246,248,283,221,286,282,271,252
328,262,47,256,98,213,124,208,176,248,173,296,127,312,177,317,186,237,222,231,281,246,247,284,222,286,282,269,248
329,263,47,257,98,214,123,207,175,247,172,296,128,314,179,317,186,237,221,231,280,246,247,283,220,286,282,266,249
330,263,48,257,98,214,123,207,175,245,173,296,128,313,177,316,186,236,225,232,284,246,251,282,225,285,284,273,251
331,262,48,257,99,214,123,206,174,245,173,296,127,314,178,316,187,236,222,230,282,243,247,281,222,286,281,271,246
332,263,47,257,99,214,124,207,175,245,172,297,128,310,179,316,188,237,221,233,281,245,247,282,220,286,282,269,250
333,262,49,257,100,214,123,206,175,245,172,297,128,312,178,316,187,236,222,231,280,244,248,282,222,286,283,272,249
334,264,48,257,98,214,123,206,174,245,172,296,129,311,179,316,189,237,222,233,284,236,355,281,223,286,283,287,352
335,263,48,258,98,215,122,206,175,245,173,297,129,311,180,317,189,237,222,232,284,238,356,280,221,285,282,285,351
336,263,49,258,99,215,121,205,175,244,175,297,128,311,176,316,186,236,222,233,282,245,247,282,221,285,282,271,250
337,266,49,260,98,216,125,207,176,236,185,297,129,314,179,322,188,238,223,233,283,246,247,280,222,286,282,265,246
338,266,48,260,98,216,125,207,176,236,186,298,129,315,179,323,187,238,223,232,282,246,248,281,222,286,282,273,247
339,266,48,260,99,216,125,207,178,238,187,298,128,315,180,323,189,237,221,233,286,235,353,280,222,287,283,290,348
340,266,47,259,99,217,125,207,177,239,186,298,129,313,179,322,186,238,221,231,281,245,248,280,221,288,283,288,350
341,266,48,260,99,217,124,208,178,239,185,300,130,313,182,323,188,238,221,233,283,246,247,279,222,287,281,291,350
342,267,47,260,99,217,124,208,177,241,185,299,130,316,180,324,187,238,220,232,277,246,246,279,221,289,279,266,249
343,267,48,261,98,217,124,209,176,241,184,299,129,317,180,327,187,238,224,235,285,246,249,279,225,287,283,264,250
344,267,47,260,99,219,124,209,176,242,184,299,128,309,175,324,185,239,222,235,284,240,353,279,222,290,280,295,348
345,268,48,261,99,218,125,210,175,244,184,300,129,310,177,326,187,240,223,235,283,234,350,279,223,289,283,293,348
346,269,49,262,99,219,123,210,175,247,186,301,130,315,176,328,187,239,225,237,288,242,356,279,225,289,282,295,347
347,269,49,263,99,219,123,212,176,248,186,301,129,317,179,329,189,242,223,239,286,247,358,282,223,290,283,298,347
348,270,48,263,98,220,124,213,176,251,188,301,130,313,182,331,191,241,221,240,287,243,356,281,221,291,282,300,346
349,269,48,263,99,220,124,216,178,253,188,302,130,320,182,335,193,240,222,237,285,242,355,282,223,291,283,296,350
350,270,48,264,99,221,125,217,178,255,190,302,128,317,183,334,195,242,223,240,284,242,354,282,223,292,281,299,349
351,271,48,265,99,222,124,219,177,257,191,305,131,325,186,337,203,243,222,239,282,246,245,282,223,294,279,302,347
352,272,49,265,100,223,125,222,179,261,193,304,128,320,173,335,196,242,223,240,284,242,353,284,224,294,281,301,348
353,273,49,266,100,224,125,224,178,263,195,303,127,318,172,339,194,243,222,243,285,246,353,285,221,295,280,307,346
354,275,48,267,99,225,126,227,180,267,197,305,127,322,175,339,207,243,221,238,279,251,244,288,220,295,278,301,347
355,277,48,268,98,227,124,228,180,270,197,305,126,322,176,339,205,245,224,243,285,245,353,290,223,297,282,308,347
356,278,48,270,98,228,125,229,179,273,200,307,127,322,177,343,200,245,222,239,283,239,352,291,222,300,282,311,349
357,279,49,271,98,228,126,233,180,274,200,307,128,325,176,345,199,247,223,243,281,253,245,289,222,297,279,310,345
358,280,49,273,99,229,126,234,180,277,201,308,128,323,178,349,202,246,224,240,281,252,245,290,224,298,281,270,245
359,282,48,274,98,233,124,236,180,279,202,309,129,326,180,347,209,246,224,242,280,252,243,292,225,298,280,308,349
360,284,49,275,99,233,124,239,181,280,203,311,129,325,178,347,209,248,223,243,286,246,355,292,224,299,283,306,349
361,286,49,276,99,235,125,240,181,284,205,311,127,325,175,349,208,248,222,241,281,254,247,291,222,299,280,311,347
362,288,50,278,101,236,125,243,181,286,207,313,128,326,176,348,214,248,219,242,277,255,245,291,220,299,279,312,347
363,289,50,280,101,238,125,244,180,288,209,315,130,331,177,354,209,249,221,245,281,248,352,290,220,299,280,308,347
364,293,49,283,100,240,126,245,181,291,210,316,129,333,175,355,208,250,220,246,281,245,351,292,220,300,278,305,347
365,295,49,284,99,242,124,247,180,293,212,317,130,337,182,361,215,251,219,245,280,241,349,292,220,301,280,297,350
366,298,52,286,102,245,124,250,180,294,213,319,131,335,180,360,213,251,222,246,282,246,351,292,222,300,277,305,346
367,301,51,289,101,247,124,251,181,296,214,320,129,337,180,363,214,251,220,245,279,249,352,293,220,301,272,307,345
368,304,51,291,102,249,124,252,181,298,215,322,131,341,184,362,225,253,222,245,281,241,348,292,222,302,278,306,347
369,307,53,292,103,251,124,254,180,299,216,323,130,339,183,366,218,253,218,246,279,254,244,295,220,303,273,310,346
370,309,55,294,104,253,123,255,180,301,218,325,132,340,183,365,216,254,220,248,281,247,350,297,221,302,278,305,347
371,311,54,296,104,253,124,256,181,301,218,326,132,339,182,367,216,256,218,247,283,242,351,298,221,302,287,300,355
372,313,54,297,104,255,124,259,181,302,219,327,131,338,180,366,214,256,218,248,280,245,353,299,220,304,276,306,350
373,315,55,299,105,256,125,260,181,302,218,328,131,338,181,365,215,257,218,249,279,257,245,298,220,304,279,303,351
374,316,56,299,105,257,125,259,182,303,219,329,131,339,182,369,219,257,218,249,278,260,244,302,219,304,277,303,348
375,317,56,300,105,257,124,260,181,304,220,329,132,339,182,366,218,258,221,252,282,247,352,298,223,304,285,302,355
376,317,55,301,104,259,125,262,182,304,221,331,133,342,183,369,221,259,220,252,281,248,352,301,222,305,287,302,353
377,318,55,302,104,259,124,262,182,305,220,331,133,342,181,367,216,260,218,250,283,243,349,301,221,305,288,301,352
378,318,54,302,103,259,125,262,182,306,220,331,131,343,185,376,226,260,218,251,282,244,349,302,220,305,285,301,351
379,319,55,302,104,260,124,262,182,306,220,331,132,344,183,375,226,260,218,250,283,245,351,302,221,306,287,303,353
380,319,56,302,105,260,125,262,182,305,219,332,131,343,182,371,220,260,219,253,280,261,252,300,221,305,283,306,353
381,319,55,302,104,260,125,263,182,307,221,331,131,343,181,369,220,260,217,253,280,250,349,305,220,306,278,304,349
382,319,53,302,103,260,124,263,182,306,220,332,131,342,183,373,223,260,219,252,284,249,356,302,221,307,289,306,355
383,319,53,302,103,259,125,264,182,306,220,331,131,343,180,369,217,261,219,253,283,248,354,303,221,307,285,306,352
384,318,54,302,103,259,124,264,182,307,220,331,131,343,182,370,218,262,219,253,285,249,355,304,221,307,289,306,355
385,317,53,302,103,259,124,262,183,305,219,331,131,343,181,367,215,260,221,251,284,245,349,301,223,308,290,311,355
386,317,53,301,103,259,124,261,181,306,220,330,130,343,180,367,215,261,218,252,282,246,354,305,220,307,287,308,353
387,316,53,301,103,257,125,261,180,306,220,331,131,343,180,367,216,260,220,253,282,250,355,305,220,306,286,306,353
388,315,52,300,103,258,124,261,182,305,219,330,129,342,179,368,215,260,218,250,281,246,353,305,219,306,288,305,355
389,314,53,299,103,257,125,259,182,303,219,330,131,341,180,365,213,260,221,250,283,245,353,303,221,308,288,311,354
390,313,53,298,103,257,124,259,182,302,219,330,131,343,183,367,213,260,220,251,282,246,350,303,221,307,288,309,353
391,312,52,298,103,255,125,258,184,300,219,330,132,341,182,365,212,259,220,250,282,248,354,305,221,308,287,315,353
392,311,52,298,101,254,124,258,185,298,220,331,133,344,185,364,210,259,218,251,281,244,350,306,218,307,286,305,354
393,309,51,297,102,253,126,256,185,295,218,329,132,342,183,363,208,258,220,251,286,244,348,303,220,305,290,305,353
394,308,51,295,101,252,126,253,187,292,218,327,131,339,179,361,206,258,218,250,280,243,348,302,219,304,286,308,353
395,307,51,294,102,250,126,249,189,288,217,327,130,338,180,358,202,259,220,250,279,260,251,302,222,307,286,313,353
396,305,50,293,101,250,125,245,187,283,216,326,129,337,179,355,201,258,218,248,278,236,345,302,219,305,287,302,352
397,304,51,292,101,250,125,242,184,279,215,325,130,334,179,352,199,257,219,248,281,239,350,304,219,306,286,307,354
398,303,49,291,100,249,124,239,182,275,214,324,129,332,177,346,198,258,218,246,278,238,348,303,221,306,285,309,352
399,300,51,289,101,248,124,237,183,271,213,322,128,329,179,341,197,257,219,246,282,236,350,301,219,304,284,301,353
400,298,50,289,100,247,124,233,180,266,211,322,129,330,177,338,195,256,219,245,283,239,352,301,221,305,286,305,354
401,295,49,286,100,245,124,230,180,262,210,322,129,331,175,333,194,258,217,247,281,242,347,300,221,303,287,303,352
402,293,50,284,101,242,125,229,179,258,208,321,128,329,174,328,194,258,214,246,277,263,244,299,216,303,281,304,350
403,289,50,283,100,240,125,227,178,256,207,323,133,327,176,327,194,255,215,247,278,259,243,300,218,302,277,308,347
404,286,51,281,101,238,125,226,177,252,206,321,129,327,176,324,194,255,213,244,274,256,240,297,218,300,275,277,240
405,283,49,280,99,236,125,225,177,249,204,321,131,327,178,321,194,252,214,242,275,257,243,296,219,300,277,308,348
406,280,50,278,101,235,125,224,177,246,204,319,130,326,180,315,195,251,214,243,272,257,241,294,219,298,276,275,240
407,277,49,276,99,234,124,224,176,243,203,320,133,323,182,307,199,250,220,242,276,255,240,293,224,298,278,274,242
408,274,50,274,100,232,125,222,175,239,203,318,132,323,184,302,201,247,218,239,276,254,243,293,223,296,281,299,349
409,270,49,271,100,232,124,222,174,237,203,317,131,321,185,297,202,246,218,237,276,255,246,293,223,295,281,299,352
410,267,49,270,100,231,125,220,173,234,202,315,130,320,189,291,203,244,217,238,276,255,245,294,221,293,281,291,351
411,264,49,268,99,230,125,218,171,232,203,314,130,318,188,287,203,244,218,236,275,254,245,292,220,291,280,278,245
412,262,49,266,100,229,125,218,171,231,203,312,130,316,190,282,204,244,220,236,277,254,247,289,220,292,280,296,348
413,258,49,265,100,228,126,218,172,228,202,310,128,314,190,279,205,243,221,235,277,254,243,288,221,291,278,279,241
414,254,49,262,100,227,127,217,172,226,202,307,126,311,191,275,205,242,220,235,277,251,246,286,220,290,280,291,350
415,251,49,261,100,226,127,216,171,224,202,306,126,309,190,271,206,240,221,233,278,252,247,285,221,289,281,284,242
416,248,50,258,100,225,128,216,172,224,202,303,124,307,189,267,207,238,221,232,283,242,355,284,220,288,282,291,349
417,245,50,257,100,225,127,215,172,222,203,300,124,303,189,262,208,236,225,230,282,250,250,284,224,286,284,287,242
418,243,50,255,99,224,127,216,172,220,204,298,122,300,189,258,209,236,223,231,282,251,252,283,222,286,283,288,351
419,240,50,253,99,224,126,216,172,219,205,296,123,297,188,252,211,238,226,231,284,242,353,283,225,285,285,290,351
420,237,51,251,100,224,127,215,174,218,206,293,122,292,190,249,214,238,224,231,284,245,352,283,226,285,284,288,348
421,235,51,249,99,223,128,215,175,218,207,291,122,287,187,246,216,238,226,231,285,243,354,281,226,285,286,291,349
422,231,51,246,100,221,128,214,174,217,207,287,122,280,183,239,218,238,224,232,286,243,354,281,222,284,284,288,350
423,229,51,245,100,220,129,213,175,216,208,285,121,277,184,237,220,238,222,229,287,252,253,281,219,283,283,288,245
424,228,52,243,101,218,129,213,174,216,207,284,122,274,184,235,222,237,224,227,274,251,251,279,223,283,285,288,244
425,227,51,242,100,217,130,212,173,214,207,282,122,273,182,233,222,235,223,223,277,252,253,278,223,282,284,281,352
426,216,54,233,102,211,128,205,172,207,209,271,126,257,185,216,233,225,221,225,279,245,250,270,219,277,278,274,244
427,216,54,233,102,210,129,205,171,207,209,270,125,255,187,216,232,224,224,224,277,244,249,271,223,276,279,273,242
428,215,53,232,102,210,129,206,172,207,209,270,126,255,189,215,233,222,224,228,280,242,249,268,219,278,276,276,240
429,215,54,233,102,210,128,205,172,206,208,270,126,255,190,216,234,223,225,223,281,245,252,269,222,276,282,272,247
430,215,54,232,102,210,127,205,171,206,208,269,125,257,185,215,234,224,222,222,275,242,249,269,221,276,279,272,242
431,215,54,232,102,209,128,205,172,206,209,269,126,256,186,215,234,222,225,224,279,240,248,269,221,277,275,273,240
432,215,54,232,102,210,128,205,171,206,209,269,126,257,186,217,233,224,222,227,281,243,248,268,219,275,277,274,241
433,215,54,232,102,209,129,204,172,206,208,269,126,258,186,217,233,224,224,227,279,244,248,268,221,275,279,269,245
434,215,54,232,102,209,128,203,171,206,208,271,125,260,185,219,227,224,222,222,279,241,249,270,221,275,279,271,244
435,215,53,232,102,209,128,203,172,205,209,270,124,260,188,219,224,224,223,224,278,243,248,270,220,275,278,272,244
436,216,53,232,101,209,128,204,172,205,208,270,124,261,188,221,220,224,223,224,281,242,249,268,221,276,279,272,242
437,216,53,233,101,208,128,204,172,204,208,271,124,262,190,220,218,225,221,223,279,244,248,269,221,275,280,272,244
438,217,53,232,101,209,128,203,172,205,206,271,124,263,190,221,215,225,221,222,277,243,248,270,220,277,279,270,243
439,218,52,233,100,209,128,202,172,205,207,272,124,265,189,220,212,227,219,223,282,244,249,271,217,277,279,270,246
440,217,52,233,100,208,128,202,172,203,202,273,124,264,189,222,211,226,222,225,292,231,360,270,220,278,283,287,352
441,218,52,233,100,209,128,201,171,203,199,273,125,265,188,223,207,226,220,224,287,234,358,270,218,278,281,286,351
442,218,52,233,100,208,128,201,171,203,196,274,125,266,190,222,205,227,223,224,292,231,358,269,223,275,284,284,352
443,219,52,234,101,209,128,201,170,203,194,274,125,267,190,223,203,225,224,225,298,235,360,270,223,277,282,285,351
444,220,51,234,100,209,127,201,171,204,192,275,124,267,189,224,202,227,223,224,291,229,359,269,221,277,283,289,353
445,221,51,236,100,209,127,199,170,205,190,276,124,269,188,224,200,227,222,218,259,231,311,269,219,276,279,276,277
446,222,51,235,100,209,127,199,169,207,189,276,125,269,189,225,198,226,227,225,294,226,360,269,222,277,282,269,254
447,223,51,236,100,209,127,197,170,206,187,276,124,272,188,228,197,228,223,218,257,231,304,270,221,278,281,278,280
448,224,50,236,100,209,127,194,171,208,186,276,123,272,188,229,197,227,225,218,257,232,306,271,222,279,280,272,299
449,224,51,236,100,209,126,194,172,198,189,277,124,273,188,229,195,225,226,226,296,230,361,269,223,278,285,293,354
450,225,51,237,100,209,127,194,170,189,181,278,124,275,187,231,193,224,225,226,294,234,358,268,221,276,281,287,351
451,226,50,238,100,210,125,193,168,187,178,278,123,276,188,233,194,225,225,226,297,230,362,268,221,278,284,289,353
452,226,50,238,99,209,125,192,169,183,172,279,123,276,187,237,192,224,227,226,295,230,360,269,220,279,284,291,354
453,226,50,238,100,209,125,193,169,182,168,279,123,276,189,234,194,225,228,225,295,233,357,269,221,279,284,288,352
454,226,50,238,100,209,125,192,171,181,166,279,122,278,188,238,192,224,231,228,302,236,361,269,224,279,286,290,353
455,228,50,239,99,208,124,185,164,181,163,280,123,278,188,231,196,225,229,225,300,230,366,270,222,280,286,293,352
456,228,49,239,99,209,123,180,160,182,161,281,123,277,187,231,194,225,229,224,299,230,365,269,221,280,286,293,365
457,229,49,240,99,209,123,179,158,183,161,282,123,278,187,231,195,226,229,226,300,232,366,269,220,279,285,291,354
458,228,50,240,99,210,122,178,156,179,163,282,124,278,187,234,194,225,230,226,301,229,366,269,222,281,286,295,352
459,229,49,241,98,209,122,177,157,182,161,282,124,279,187,233,194,225,227,224,299,229,365,269,220,281,289,292,365
460,229,49,241,99,209,122,176,158,184,161,283,124,278,188,232,193,225,227,226,297,230,366,269,220,280,285,289,354
461,230,49,241,99,210,121,177,158,187,159,282,123,279,187,232,194,225,227,226,300,231,366,268,221,280,287,292,356
462,231,49,242,98,210,121,178,157,187,158,284,125,281,186,238,193,226,227,225,294,229,364,270,222,280,283,277,266
463,231,49,242,98,210,121,178,158,189,158,284,125,282,186,238,191,226,228,223,296,224,364,271,223,281,285,296,349
464,232,49,242,98,210,121,178,159,189,158,284,125,282,186,238,191,226,228,225,296,226,364,271,222,282,286,293,364
465,233,49,242,98,210,121,179,159,189,159,284,125,282,186,239,192,226,227,225,297,233,365,271,222,280,286,291,357
466,232,49,242,99,210,121,178,157,190,159,284,125,282,186,240,191,226,226,225,296,229,365,270,220,279,284,293,355
467,233,49,243,99,210,121,177,158,191,158,284,125,283,186,241,190,226,225,226,297,232,365,270,220,280,285,292,365
468,233,50,243,99,210,121,177,157,193,160,284,125,283,185,244,189,226,226,224,293,226,359,270,221,280,284,289,353
469,233,49,243,99,211,120,178,155,193,157,285,126,283,186,237,192,226,227,223,295,227,365,271,222,281,286,292,365
470,233,50,242,99,210,121,178,154,194,157,285,125,283,186,238,193,226,228,224,297,228,366,270,225,281,286,290,356
471,234,49,242,99,210,120,177,154,194,157,284,125,283,185,237,192,226,228,225,294,228,358,271,223,282,283,295,351
472,234,49,243,99,210,120,177,153,193,157,285,125,283,185,237,192,226,227,225,296,226,358,271,222,282,284,294,351
473,234,49,243,99,210,121,177,154,194,156,285,126,284,186,239,192,226,228,224,299,232,365,271,223,281,288,292,365
474,234,49,243,99,211,119,176,153,193,155,285,126,284,186,240,191,226,227,225,298,230,366,270,222,279,285,289,355
475,234,49,243,99,211,120,176,153,193,154,286,127,284,186,237,192,226,228,223,298,225,365,271,224,281,285,293,356
476,234,50,243,99,210,119,176,152,192,154,286,126,284,185,238,193,226,230,225,297,228,366,270,227,281,286,291,356
477,235,49,243,99,210,119,175,152,192,152,285,126,284,185,239,193,226,229,224,296,230,366,271,223,280,285,292,353
478,235,49,243,99,210,120,174,152,193,151,285,126,284,186,236,192,226,229,224,295,227,359,270,224,279,285,288,353
479,235,49,243,99,210,119,172,152,191,149,286,127,284,186,238,193,226,229,225,300,228,366,270,225,280,286,292,355
480,235,48,243,99,210,120,172,150,191,148,285,126,284,185,237,193,226,228,224,294,232,358,270,223,282,282,293,352
481,235,49,243,100,210,120,172,149,192,148,285,126,284,186,236,193,225,228,225,300,230,368,269,223,280,285,293,354
482,235,49,243,100,210,120,172,149,191,148,285,126,284,185,236,194,226,230,227,302,233,361,269,225,282,287,294,355
483,236,49,243,100,209,121,172,150,193,149,285,126,284,185,235,193,226,228,221,285,231,352,272,224,281,282,285,350
484,236,49,243,100,209,120,172,149,191,149,286,126,284,185,240,193,226,230,227,304,232,361,270,226,281,287,293,354
485,236,49,244,99,210,119,172,149,190,149,286,126,285,187,240,193,226,229,224,298,228,366,269,225,280,286,290,352
486,237,50,244,99,209,120,172,150,190,149,286,127,285,186,239,193,226,229,223,292,226,356,270,225,279,286,286,351
487,236,49,244,99,209,120,173,152,190,149,286,127,285,186,237,193,226,228,222,293,227,356,269,225,279,285,288,352
488,237,49,244,99,209,120,174,152,190,149,286,127,285,187,237,193,226,228,223,296,225,366,270,224,279,286,287,356
489,236,49,244,99,210,120,174,153,192,150,287,127,284,186,244,191,225,227,224,299,230,367,270,224,280,286,290,355
490,236,50,244,100,211,120,174,153,191,151,286,127,285,186,239,191,226,227,223,296,228,366,270,224,279,286,288,352
491,236,49,244,100,210,120,174,154,192,151,286,127,284,187,239,193,226,228,224,300,229,367,270,223,279,285,292,353
492,237,50,244,100,211,119,175,154,193,151,286,127,285,186,240,194,225,228,223,298,228,367,269,223,278,285,291,352
493,236,50,244,99,210,120,175,155,192,152,286,127,284,187,239,193,225,228,224,297,227,366,268,224,278,286,291,354
494,237,50,244,99,211,120,175,153,194,151,286,127,285,186,237,193,225,228,223,296,228,366,269,225,278,286,289,354
495,236,49,244,100,211,119,175,154,193,150,286,127,285,185,241,194,226,228,225,300,230,367,269,223,278,285,291,352
496,237,48,244,99,210,120,174,154,195,150,285,126,285,186,240,193,227,228,222,295,227,358,269,224,279,285,288,353
497,237,49,244,99,210,120,174,154,195,149,286,127,285,186,241,194,225,229,222,292,230,357,270,224,278,283,286,348
498,237,49,244,99,209,120,174,153,195,149,285,127,285,185,240,194,225,229,223,297,224,358,269,225,279,284,291,349
499,236,49,244,99,210,120,175,154,195,149,287,128,285,186,241,194,225,229,224,299,231,367,267,227,280,285,291,354
500,236,49,243,99,210,120,175,154,194,150,287,128,286,185,242,191,226,228,223,295,231,358,269,225,280,284,290,352
501,237,49,243,100,210,120,176,156,193,151,285,127,285,187,242,195,225,228,224,300,225,367,268,227,281,284,295,351
502,236,50,243,100,209,121,175,156,190,152,285,127,286,186,243,192,226,228,223,297,225,364,269,227,281,286,296,350
503,236,50,243,99,209,121,175,158,188,154,285,127,285,187,242,193,226,228,223,300,227,365,269,227,279,290,293,365
504,237,50,243,100,209,121,174,160,186,156,285,127,286,186,246,195,226,228,222,296,227,364,269,226,280,285,295,351
505,236,50,243,100,209,122,176,160,184,160,285,127,288,186,247,196,226,227,222,292,226,354,267,226,279,282,274,264
506,236,50,243,100,209,122,178,158,180,166,285,126,288,186,250,199,227,227,224,298,226,364,268,226,279,284,299,350
507,237,49,243,100,208,123,179,163,179,171,285,127,288,185,249,190,226,226,224,292,230,362,268,225,278,282,228,265
508,237,50,243,99,208,124,184,164,184,170,285,127,290,185,251,183,226,230,223,299,225,365,268,229,279,290,295,365
509,237,50,244,100,208,124,191,168,186,171,285,126,290,185,252,185,226,228,222,292,223,356,269,228,278,286,287,352
510,238,49,243,100,207,125,193,165,190,174,286,128,290,185,253,186,226,229,223,297,226,358,269,229,278,288,287,353
511,238,49,243,100,206,126,194,166,191,180,286,127,291,184,253,187,226,227,222,292,225,356,269,229,279,286,286,352
512,237,49,242,100,206,126,193,168,192,183,286,129,292,184,255,184,225,226,222,291,227,356,270,229,279,285,284,354
513,237,50,242,100,206,126,195,170,194,187,285,126,293,184,258,187,227,230,223,297,227,358,270,230,278,288,287,352
514,237,49,242,100,206,127,196,171,194,190,286,127,294,184,257,184,224,226,221,291,226,357,271,229,279,286,285,354
515,236,50,242,100,206,126,197,172,195,193,285,126,294,183,260,185,226,228,223,298,227,359,270,231,278,290,289,354
516,236,50,241,100,205,127,196,173,195,196,284,125,296,183,260,183,227,227,223,293,226,357,271,230,278,287,289,350
517,236,50,241,100,204,128,197,173,196,200,285,125,298,182,262,189,226,227,223,298,226,359,272,230,280,289,288,352
518,235,50,241,100,205,127,196,174,196,203,284,125,300,181,265,192,227,223,223,295,225,358,274,229,281,285,293,350
519,235,50,241,100,205,128,197,175,196,208,284,125,301,180,267,192,227,223,222,291,222,365,274,227,281,288,291,365
520,234,50,241,100,205,127,197,176,197,211,284,125,302,181,269,184,227,223,223,298,226,366,274,227,281,289,290,355
521,235,50,241,101,204,128,197,177,197,215,283,124,304,181,275,190,227,224,224,299,226,364,272,227,283,286,303,350
522,236,50,240,101,205,128,196,177,198,217,284,123,304,181,275,179,228,223,221,292,224,365,273,225,280,284,264,270
523,236,50,241,101,204,128,198,178,197,219,283,123,305,179,277,181,228,224,222,296,224,364,272,225,280,285,277,266
524,236,50,241,101,204,128,198,179,197,222,283,123,307,178,286,191,227,224,224,298,226,363,270,225,282,286,302,350
525,236,50,241,101,204,128,197,179,197,223,283,123,308,178,282,175,227,224,225,302,226,363,271,225,283,286,302,352
526,237,50,241,101,204,127,197,181,197,226,283,123,309,175,282,174,227,222,222,289,230,360,270,222,281,279,263,261
527,237,50,241,101,204,128,198,183,197,227,283,123,307,173,286,173,227,222,221,283,236,250,270,222,280,279,257,258
528,237,51,240,101,204,128,197,182,197,227,283,123,310,172,289,172,227,223,224,293,224,358,273,223,281,283,267,267
529,238,50,240,101,203,129,197,183,197,227,284,122,311,172,289,175,227,221,222,285,242,256,272,222,281,282,234,261
530,237,50,241,101,203,129,195,185,197,229,284,122,307,169,299,184,228,224,225,298,226,356,273,224,281,284,300,356
531,238,50,241,100,203,128,196,184,197,229,282,122,312,171,302,186,228,223,226,299,224,358,273,224,283,284,302,358
532,237,50,242,100,203,128,196,184,197,230,282,122,309,166,305,187,229,223,225,295,227,359,274,223,282,284,304,348
533,238,51,241,101,203,128,195,185,196,230,282,121,307,165,308,188,227,224,224,293,223,358,274,223,282,283,273,267
534,239,50,242,101,203,127,196,185,196,230,282,121,312,168,308,189,228,224,222,280,239,250,274,224,283,281,265,258
535,239,50,242,101,203,128,196,184,196,230,282,122,311,168,313,190,228,222,222,282,239,252,274,221,282,282,262,257
536,239,50,242,102,203,127,196,185,196,230,283,121,309,162,317,190,229,224,224,293,226,356,274,223,283,283,303,347
537,240,51,242,101,204,127,196,184,196,230,283,121,310,163,314,191,229,224,226,297,239,255,274,223,282,284,262,262
538,240,50,242,101,204,126,196,183,196,229,282,121,309,163,312,192,229,224,227,300,225,359,274,223,281,285,269,267
539,241,50,243,102,204,127,196,184,196,230,283,121,310,164,320,193,229,224,224,288,240,252,274,224,282,282,263,258
540,241,50,243,101,204,126,196,184,196,230,283,122,315,166,305,188,229,223,226,296,224,359,275,223,282,285,277,268
541,242,50,242,102,203,127,196,185,197,230,283,121,315,167,306,182,229,224,224,291,230,363,274,223,282,283,261,260
542,241,51,242,102,203,127,195,184,197,230,284,122,316,167,304,182,229,225,224,287,239,253,274,224,282,280,263,258
543,241,51,242,101,204,126,197,184,197,229,284,122,315,164,306,180,229,223,226,298,223,358,274,222,283,283,304,348
544,241,51,242,102,203,127,196,184,197,229,284,122,315,164,306,181,229,225,225,296,228,364,274,224,281,285,275,265
545,242,51,243,102,203,128,197,186,197,230,285,122,316,167,302,185,229,224,224,289,228,363,273,223,281,282,260,259
546,242,51,243,102,204,126,197,185,198,228,285,122,317,165,305,182,229,222,225,295,229,366,274,223,282,284,293,348
547,242,51,244,102,204,126,196,184,197,230,284,121,315,163,301,185,229,224,225,295,227,365,274,224,281,285,294,357
548,242,51,243,103,204,127,196,184,198,229,285,122,315,163,303,184,229,224,225,291,229,358,274,224,282,284,294,353
549,243,51,244,103,204,128,196,184,197,229,284,121,316,165,300,187,230,224,226,292,227,359,273,223,281,285,292,352
550,242,51,242,103,204,127,197,184,197,228,284,121,317,165,302,186,229,224,226,296,228,363,272,223,281,284,292,352
551,242,51,243,102,204,126,196,184,198,230,285,122,316,164,302,186,229,222,225,291,225,359,273,222,282,286,294,353
552,242,51,244,102,205,126,197,185,197,229,285,122,316,164,302,186,228,223,226,295,229,360,272,221,281,283,291,352
553,241,50,243,102,204,127,196,185,198,230,284,121,316,163,301,187,229,224,224,288,227,356,273,221,282,283,290,350
554,242,51,243,102,204,126,196,184,198,230,285,121,317,165,298,189,229,224,226,295,230,358,273,223,283,285,291,353
555,241,51,243,102,204,127,196,184,198,229,286,122,317,164,299,190,230,224,225,293,226,360,273,224,282,284,294,352
556,241,51,243,103,204,127,196,184,198,229,285,122,319,164,299,190,230,223,223,286,231,356,273,222,282,283,289,352
557,241,52,243,103,204,127,197,184,198,230,285,122,319,165,299,189,229,223,225,295,229,366,273,222,283,285,293,351
558,241,51,242,102,204,127,197,185,198,228,284,121,318,164,302,187,229,224,226,298,229,366,272,222,282,286,296,348
559,240,52,242,102,204,126,197,184,198,229,285,122,318,165,303,186,229,224,225,297,229,366,272,223,281,283,294,350
560,241,52,242,102,204,127,197,185,199,230,285,121,319,165,299,187,230,222,222,279,227,351,273,222,282,281,287,349
561,0,0,0,0,0,0,0,0,0,0,0,0,0,0,0,0,0,0,0,0,0,0,0,0,0,0,0,0
562,0,0,0,0,0,0,0,0,0,0,0,0,0,0,0,0,0,0,0,0,0,0,0,0,0,0,0,0
563,240,52,242,103,203,128,197,185,198,230,286,122,319,164,299,188,229,223,223,285,230,352,273,222,281,284,286,351
564,239,51,243,103,204,128,198,185,198,230,285,121,319,166,300,187,229,223,227,293,230,356,270,221,279,283,289,350
565,240,51,242,103,203,128,197,185,199,230,285,121,320,166,299,188,230,224,224,288,230,355,272,223,282,284,287,350
566,239,51,242,103,204,128,197,185,199,230,284,121,319,165,298,188,229,222,225,290,230,355,272,221,282,283,288,351
567,0,0,0,0,0,0,0,0,0,0,0,0,0,0,0,0,0,0,0,0,0,0,0,0,0,0,0,0
568,239,52,242,102,204,127,197,185,199,230,284,120,320,165,299,186,230,222,225,294,233,359,274,222,283,283,294,351
569,0,0,0,0,0,0,0,0,0,0,0,0,0,0,0,0,0,0,0,0,0,0,0,0,0,0,0,0
570,0,0,0,0,0,0,0,0,0,0,0,0,0,0,0,0,0,0,0,0,0,0,0,0,0,0,0,0
571,0,0,0,0,0,0,0,0,0,0,0,0,0,0,0,0,0,0,0,0,0,0,0,0,0,0,0,0
572,0,0,0,0,0,0,0,0,0,0,0,0,0,0,0,0,0,0,0,0,0,0,0,0,0,0,0,0
573,238,52,242,103,204,127,196,185,199,230,285,121,320,165,299,186,230,223,225,292,226,359,275,225,282,287,293,354
574,0,0,0,0,0,0,0,0,0,0,0,0,0,0,0,0,0,0,0,0,0,0,0,0,0,0,0,0
575,0,0,0,0,0,0,0,0,0,0,0,0,0,0,0,0,0,0,0,0,0,0,0,0,0,0,0,0
576,0,0,0,0,0,0,0,0,0,0,0,0,0,0,0,0,0,0,0,0,0,0,0,0,0,0,0,0
577,0,0,0,0,0,0,0,0,0,0,0,0,0,0,0,0,0,0,0,0,0,0,0,0,0,0,0,0
578,0,0,0,0,0,0,0,0,0,0,0,0,0,0,0,0,0,0,0,0,0,0,0,0,0,0,0,0
579,0,0,0,0,0,0,0,0,0,0,0,0,0,0,0,0,0,0,0,0,0,0,0,0,0,0,0,0
580,237,51,242,103,203,129,196,185,198,230,284,121,319,164,298,186,229,223,224,290,228,356,274,223,283,284,287,353
581,0,0,0,0,0,0,0,0,0,0,0,0,0,0,0,0,0,0,0,0,0,0,0,0,0,0,0,0
582,0,0,0,0,0,0,0,0,0,0,0,0,0,0,0,0,0,0,0,0,0,0,0,0,0,0,0,0
583,237,51,241,103,203,129,197,185,198,230,284,121,320,164,298,186,229,225,224,291,229,358,274,225,282,284,289,351
584,0,0,0,0,0,0,0,0,0,0,0,0,0,0,0,0,0,0,0,0,0,0,0,0,0,0,0,0
585,0,0,0,0,0,0,0,0,0,0,0,0,0,0,0,0,0,0,0,0,0,0,0,0,0,0,0,0
586,0,0,0,0,0,0,0,0,0,0,0,0,0,0,0,0,0,0,0,0,0,0,0,0,0,0,0,0
587,236,52,241,103,204,128,196,185,199,230,284,121,319,164,298,186,229,222,225,294,232,360,273,222,283,284,294,352
588,236,51,241,102,203,129,196,185,199,231,284,120,319,164,298,185,229,224,225,291,228,353,272,225,283,286,290,349
589,0,0,0,0,0,0,0,0,0,0,0,0,0,0,0,0,0,0,0,0,0,0,0,0,0,0,0,0
590,235,52,241,103,203,129,197,186,199,231,285,121,319,163,298,185,230,222,225,295,224,360,273,223,282,285,293,353
591,235,52,241,102,203,128,196,185,199,231,284,120,319,163,298,185,229,223,226,297,231,361,273,223,282,285,291,353
592,235,52,241,103,203,129,196,185,199,230,284,120,319,163,298,186,230,224,226,298,227,361,273,223,284,284,295,351
593,236,52,241,103,203,129,196,185,199,230,284,121,319,163,299,185,230,220,225,291,228,358,273,221,283,284,291,353
594,235,52,241,103,203,129,195,185,199,231,284,121,319,163,299,185,229,222,225,292,228,359,273,223,282,284,291,352
595,236,52,241,103,203,129,196,186,199,230,284,121,319,162,298,185,229,223,225,294,222,360,273,223,282,284,298,352
596,235,52,241,103,203,128,196,185,199,231,284,120,319,163,298,185,229,223,225,296,226,360,274,223,283,285,294,354
597,236,52,241,104,203,129,197,185,199,231,284,121,318,162,299,185,230,222,225,291,226,355,273,223,283,285,288,353
598,236,52,241,104,203,129,196,185,198,231,283,121,318,162,298,185,229,222,226,295,230,359,273,222,283,286,288,353
599,235,52,240,103,203,129,196,186,198,231,283,120,318,162,299,185,229,221,226,293,229,358,271,222,282,285,290,352
600,236,52,241,103,203,129,196,185,199,231,283,120,318,163,298,184,229,224,224,289,229,356,275,224,283,286,288,353
601,235,52,241,103,203,129,196,185,198,230,283,120,318,161,299,184,229,222,225,291,229,357,273,222,283,284,291,352
602,236,52,240,103,203,129,197,186,198,231,283,119,319,161,299,184,230,223,226,289,230,356,272,222,282,282,291,350
603,235,52,239,103,202,130,197,187,198,230,283,121,320,161,300,184,229,221,225,291,228,357,272,221,281,283,289,351
604,235,52,241,103,203,128,196,185,199,231,283,120,320,161,297,185,229,221,225,291,230,357,273,222,282,284,289,352
605,235,52,240,102,203,129,196,185,199,230,283,120,320,160,298,185,228,220,225,291,227,357,273,222,282,283,289,352
606,235,52,241,104,203,129,196,185,198,231,282,120,319,159,298,185,229,225,224,289,229,355,274,224,282,284,289,351
607,235,52,241,103,202,129,196,185,199,230,283,121,319,159,298,185,229,221,224,290,227,358,273,222,282,284,292,352
608,236,51,240,103,202,130,196,186,199,231,283,120,320,161,299,184,228,224,225,292,228,358,273,224,281,284,286,353
609,235,53,239,103,202,129,197,185,198,230,282,118,319,160,298,185,229,222,228,299,232,367,271,221,281,284,295,351
610,235,51,240,103,202,129,196,184,199,230,283,120,320,160,299,183,229,223,224,289,230,357,274,224,282,285,288,350
611,235,52,240,103,202,129,196,185,199,230,282,120,319,159,299,185,229,223,225,292,228,359,273,224,282,284,289,353
612,235,52,240,102,202,129,196,186,199,230,282,119,320,160,298,184,229,222,224,288,233,357,273,222,282,282,289,350
613,235,52,240,104,202,130,196,186,199,231,283,120,320,160,299,184,229,223,223,287,228,359,274,224,282,284,292,352
614,235,52,239,103,202,130,197,185,198,229,283,120,319,160,300,185,229,223,227,292,229,360,273,222,281,283,294,352
615,235,52,240,102,202,129,196,186,199,230,283,119,319,160,298,184,228,221,225,293,232,361,271,221,281,283,291,351
616,0,0,0,0,0,0,0,0,0,0,0,0,0,0,0,0,0,0,0,0,0,0,0,0,0,0,0,0
617,235,52,240,102,202,129,196,185,199,230,282,119,319,160,298,184,229,221,224,290,226,360,271,221,281,283,292,351
618,236,52,241,104,202,129,196,185,198,231,283,121,319,160,299,184,228,222,224,290,226,357,274,224,281,284,288,352
619,236,52,240,102,202,129,197,186,199,230,282,119,318,160,298,185,228,222,224,292,231,359,272,222,281,283,293,349
620,235,52,240,102,202,128,197,185,198,230,282,119,318,160,299,184,228,221,225,295,229,358,271,222,282,284,291,351
621,236,51,241,103,203,128,196,185,198,230,283,120,318,162,299,182,228,223,222,280,232,348,273,223,282,282,288,348
622,237,52,240,102,203,129,197,185,198,231,282,119,319,162,299,184,228,222,223,283,233,355,271,222,282,280,288,347
623,237,51,241,103,202,129,196,185,198,230,283,121,319,162,298,184,228,223,223,289,228,355,271,222,282,282,290,350
624,237,51,240,103,202,129,197,185,198,229,282,120,319,162,298,183,228,221,222,285,228,357,272,223,280,282,290,351
625,237,51,241,101,203,128,196,184,197,230,283,121,319,163,296,185,229,223,225,295,227,361,273,224,282,284,295,353
626,238,52,241,102,203,129,197,185,197,229,283,121,317,162,297,182,229,223,226,296,227,361,271,224,281,284,295,352
627,239,51,241,103,202,128,195,185,197,229,282,121,318,164,297,183,228,224,220,280,228,352,273,224,282,282,260,260
628,239,51,241,103,203,128,195,185,196,229,282,121,318,164,300,179,228,225,225,295,227,362,273,224,282,285,292,353
629,239,51,241,102,203,128,196,184,196,227,284,122,318,166,301,178,227,220,224,291,231,358,271,221,282,282,292,351
630,241,51,242,102,204,127,195,183,195,227,283,122,317,166,301,178,228,224,225,294,233,358,273,223,282,284,293,350
631,241,52,242,103,204,127,195,180,194,226,283,122,317,168,302,177,228,221,223,293,228,365,272,220,282,282,297,349
632,242,52,243,103,204,127,195,181,193,226,284,122,318,171,297,179,228,223,221,283,231,354,273,222,281,280,258,258
633,242,51,243,102,204,126,194,181,193,226,283,123,318,171,299,178,229,222,223,288,225,358,273,221,283,282,259,261
634,243,52,243,103,204,126,194,182,192,225,284,123,317,173,296,177,228,222,223,285,241,254,274,222,281,282,234,260
635,243,51,243,103,204,127,194,181,192,224,283,122,317,171,298,176,229,221,222,285,228,355,273,222,282,282,237,262
636,244,51,244,101,205,126,193,180,191,224,284,123,317,173,299,174,229,221,226,294,244,259,272,221,281,282,242,261
637,244,51,244,101,205,126,194,179,190,223,284,123,317,174,299,173,229,219,223,287,226,357,272,219,282,282,260,260
638,245,51,244,101,205,125,194,179,190,220,284,123,315,171,300,173,229,220,225,290,225,358,271,220,281,281,235,265
639,247,50,245,100,205,125,193,177,190,216,286,126,310,176,298,181,230,223,226,294,224,359,273,224,281,285,261,263
640,248,50,246,100,205,125,193,177,190,216,286,126,309,180,295,192,230,223,225,292,224,358,275,226,281,284,261,263
641,249,49,246,100,205,125,193,177,190,214,287,127,309,181,290,199,229,224,226,298,225,359,275,227,283,283,263,263
642,249,50,247,100,206,125,193,177,190,214,287,127,307,181,292,196,229,224,225,295,226,356,276,227,281,284,265,270
643,250,50,247,100,206,124,193,177,190,213,286,125,305,178,290,198,229,224,225,296,223,357,275,227,281,282,260,261
644,250,50,247,99,205,124,193,177,190,213,286,126,304,181,288,198,229,225,224,296,223,357,275,228,281,283,271,266
645,250,50,247,100,205,124,193,177,191,212,286,126,304,183,287,203,229,225,225,298,225,357,275,227,281,284,272,266
646,250,50,248,100,206,124,193,176,191,212,286,126,305,178,288,199,229,224,225,296,224,358,274,227,282,283,235,265
647,250,50,248,100,207,124,193,176,191,212,287,127,305,179,288,201,229,223,225,295,224,358,274,226,281,282,235,264
648,251,50,248,100,206,124,193,176,191,211,287,126,307,179,288,199,229,224,225,294,224,358,274,227,282,283,261,263
649,251,49,248,100,206,125,193,176,191,211,286,126,308,179,293,203,229,222,224,290,241,255,273,226,282,281,236,259
650,251,49,248,100,206,125,193,175,191,209,288,128,307,178,286,201,229,222,224,291,229,360,273,226,281,283,236,262
651,252,49,248,100,206,125,193,175,190,206,287,127,309,180,290,200,229,223,225,298,227,359,272,226,282,283,234,267
652,252,50,248,100,206,125,193,174,190,204,288,128,309,181,288,201,229,222,224,293,229,359,274,226,282,284,270,268
653,252,49,248,100,206,125,193,173,190,201,286,126,309,178,291,198,229,222,222,287,228,359,273,225,282,283,260,264
654,252,50,248,100,207,124,193,172,190,196,286,127,310,179,289,196,228,223,224,294,226,359,273,226,283,282,265,266
655,252,49,248,99,208,124,194,170,190,191,287,126,308,177,290,198,228,225,224,297,224,357,274,227,281,284,270,266
656,253,49,249,100,208,124,195,170,191,185,287,126,309,179,288,202,228,222,223,288,226,358,274,226,282,284,260,263
657,253,50,249,100,208,123,197,166,193,180,286,125,307,178,290,201,228,222,224,290,225,358,273,225,280,283,230,265
658,252,49,249,99,209,123,192,165,194,178,286,126,308,178,288,199,228,223,223,282,238,253,274,226,280,283,262,262
659,253,49,249,99,209,123,185,169,193,177,286,125,308,178,289,201,228,223,222,279,223,358,274,226,280,283,261,263
660,252,50,249,100,209,122,180,170,191,170,286,125,308,179,301,207,228,224,224,297,224,356,274,226,282,286,299,356
661,253,50,249,99,208,122,187,174,196,162,286,124,307,175,293,203,228,224,224,294,223,357,274,227,281,284,276,266
662,253,49,248,99,207,122,185,170,201,155,285,124,307,177,299,205,229,223,223,286,226,357,275,226,280,283,262,263
663,252,49,249,99,210,121,181,166,206,149,286,124,306,174,302,208,229,225,223,291,225,356,275,228,281,284,261,262
664,252,49,249,100,211,120,182,163,213,143,286,125,306,173,302,207,229,223,222,285,241,257,274,226,282,282,260,260
665,253,49,248,98,210,120,183,158,216,140,286,125,307,181,292,196,230,225,227,300,228,356,276,227,281,283,233,265
666,253,49,248,99,210,120,183,156,218,139,285,124,307,179,293,203,231,223,225,288,239,254,274,224,279,281,259,257
667,254,49,248,99,209,120,184,153,221,138,285,124,305,181,285,195,229,222,226,295,223,357,275,225,279,284,231,265
668,253,49,249,99,210,119,186,152,225,137,285,125,306,182,289,194,230,222,225,292,224,357,276,226,282,285,280,266
669,254,49,249,99,209,118,185,150,226,138,285,125,306,181,282,191,230,222,225,289,224,357,276,225,279,283,232,264
670,253,49,250,99,211,117,187,150,228,139,285,124,306,180,282,184,229,223,222,287,224,357,276,226,282,283,280,266
671,254,49,249,99,211,116,187,148,229,139,285,125,305,179,297,205,229,223,224,293,225,358,276,227,281,284,260,263
672,254,49,250,99,211,116,187,148,230,140,287,126,305,179,280,178,230,224,225,293,224,358,276,227,280,284,263,262
673,255,48,249,98,210,116,188,148,232,140,287,127,305,180,281,176,231,222,223,284,240,256,276,225,281,280,260,258
674,255,49,250,99,212,116,188,147,232,141,286,126,305,179,280,178,230,224,224,290,224,358,276,227,282,285,278,267
675,256,49,250,99,210,116,189,148,233,141,286,126,305,179,280,176,230,225,224,290,237,257,275,227,281,283,261,261
676,256,49,250,99,210,116,189,148,233,141,287,127,306,180,282,180,230,223,222,278,240,252,275,227,282,283,267,260
677,256,49,251,100,212,117,189,148,232,141,287,127,306,179,280,177,230,223,223,280,240,253,275,227,280,282,265,259
678,257,48,250,99,211,116,189,147,234,141,286,126,306,179,282,177,231,223,223,289,224,359,275,226,282,284,271,266
679,257,49,250,99,211,115,190,148,235,142,287,126,306,179,280,177,230,225,226,298,223,358,276,227,281,287,280,267
680,257,48,251,99,211,116,190,147,235,142,288,128,306,179,282,177,230,223,224,287,239,255,275,227,282,282,263,260
681,257,49,251,99,211,115,189,147,234,143,287,126,306,180,283,177,230,222,222,279,239,253,276,226,280,284,269,263
682,257,48,251,99,211,116,189,146,235,142,288,128,306,178,282,177,230,223,222,280,225,343,276,227,281,282,266,262
683,257,48,251,99,211,115,189,147,235,142,287,126,306,179,281,175,229,224,224,294,224,358,276,228,281,287,280,267
684,257,49,250,99,210,115,190,147,236,142,288,127,306,179,281,176,230,222,224,288,239,258,276,226,281,283,262,261
685,257,49,250,99,211,115,190,147,236,143,287,126,306,179,280,173,230,223,223,287,223,358,276,227,281,285,271,266
686,257,48,250,99,211,116,190,147,235,142,287,127,306,179,281,175,230,223,225,290,237,257,276,226,281,283,261,261
687,257,49,251,99,212,115,190,147,235,142,287,126,306,178,278,176,230,223,222,276,228,337,276,227,280,283,270,264
688,258,48,250,99,211,115,191,147,236,142,287,127,306,179,280,176,230,222,224,292,225,358,276,227,281,284,260,263
689,258,49,251,99,211,115,190,147,236,142,286,126,306,179,280,175,230,223,222,288,223,358,276,227,282,284,271,266
690,257,49,250,99,211,115,191,146,236,142,287,127,306,179,281,175,230,222,225,293,224,358,276,226,281,284,260,262
691,258,49,250,99,211,116,192,146,237,142,286,126,306,179,280,176,230,222,224,288,224,358,276,226,280,283,261,261
692,257,49,251,100,211,116,192,147,236,142,287,127,306,179,282,177,230,222,223,284,225,359,276,227,281,283,266,262
693,258,49,250,99,210,116,192,147,236,143,286,126,306,179,280,176,230,223,223,286,225,358,276,227,281,285,272,266
694,257,49,251,99,211,116,192,147,235,143,287,127,306,180,279,175,230,222,222,282,239,254,275,226,281,282,263,260
695,257,49,251,99,210,115,192,147,236,142,288,129,305,181,279,176,230,221,224,287,237,257,277,224,281,281,235,262
696,258,49,251,99,211,115,192,147,236,143,288,126,306,179,280,177,230,222,223,282,226,341,275,226,281,283,264,262
697,258,49,250,99,209,116,193,147,236,144,287,127,305,180,279,173,230,221,222,276,229,337,277,226,281,282,267,262
698,258,49,251,99,211,115,192,147,236,144,287,126,305,179,277,172,230,221,224,287,226,357,277,226,281,286,279,267
699,258,49,251,99,211,115,192,147,238,145,288,127,305,179,280,176,230,222,224,291,240,263,276,226,281,284,261,262
700,257,49,251,99,210,116,192,147,238,146,288,128,305,183,285,179,231,223,225,288,230,356,276,225,281,282,235,264
701,257,49,251,98,211,115,192,148,238,146,288,128,305,181,277,172,230,221,225,284,242,255,277,225,279,282,265,261
702,258,49,250,99,210,116,192,148,238,145,287,126,305,180,279,176,230,221,223,281,240,255,277,225,280,282,262,259
703,258,49,251,99,211,115,191,147,237,145,287,125,306,180,281,176,230,222,223,282,227,342,277,226,281,283,269,263
704,258,49,251,99,210,116,192,147,237,145,287,127,305,180,280,175,230,222,224,288,240,258,277,225,281,282,237,261
705,258,49,251,99,210,116,191,148,234,143,287,126,305,180,277,174,230,222,224,287,240,255,277,224,281,280,260,257
706,258,49,251,99,209,116,191,147,233,142,288,127,305,180,278,173,230,222,225,290,227,358,277,225,282,282,238,261
707,258,48,251,99,210,116,191,147,233,141,288,127,306,180,278,174,231,224,225,291,239,257,276,226,281,283,261,259
708,258,49,251,99,209,116,190,147,233,141,288,128,305,180,278,174,231,221,224,287,240,257,277,225,283,280,258,259
709,258,49,251,99,211,116,190,147,233,142,288,128,306,180,279,175,230,222,225,293,239,257,277,226,280,283,260,261
710,258,48,251,99,210,116,191,147,234,142,288,128,306,180,280,179,230,222,224,287,228,351,277,226,282,282,262,261
711,258,48,251,98,210,116,191,147,234,143,288,127,305,181,279,182,231,222,225,296,225,358,277,226,281,285,278,267
712,257,49,250,98,209,116,191,147,234,144,289,129,305,180,279,179,230,221,224,287,239,256,277,224,281,280,259,257
713,257,48,251,98,209,116,192,148,234,145,289,128,305,181,280,179,230,223,224,290,238,258,276,226,281,283,261,261
714,257,48,250,98,210,116,192,148,236,145,288,127,305,180,279,176,230,221,225,288,238,257,277,226,280,283,261,259
715,257,48,251,98,209,117,192,149,236,146,289,129,305,180,280,179,230,221,225,289,238,259,276,224,283,280,235,260
716,257,48,250,98,209,117,192,149,236,147,289,128,305,180,278,180,230,221,224,289,227,358,276,224,280,283,261,261
717,256,49,251,98,211,117,192,149,236,148,290,129,305,179,279,185,230,223,223,288,229,356,277,225,282,283,262,262
718,257,48,251,98,210,117,191,148,235,149,289,128,305,180,278,177,231,221,224,289,239,257,277,225,279,282,261,260
719,257,48,251,98,209,117,191,148,235,150,289,127,305,179,278,178,230,220,224,283,241,255,278,224,279,279,261,256
720,257,48,251,99,210,117,190,147,234,149,289,128,305,180,277,176,230,223,225,291,237,259,277,226,280,283,263,262
721,257,48,251,98,210,117,190,148,235,148,289,128,306,179,278,180,230,223,224,282,240,253,277,226,280,282,263,258
722,256,48,252,98,212,116,189,148,235,147,290,129,306,180,279,180,231,223,223,284,224,358,278,226,281,284,264,261
723,257,48,251,99,211,116,188,148,233,147,289,128,306,179,277,181,231,223,223,285,239,253,276,226,280,282,267,258
724,257,49,251,99,210,116,188,148,230,146,289,128,306,179,277,179,231,225,225,292,238,256,277,227,281,285,263,262
725,257,49,252,99,212,116,188,148,230,147,289,128,306,179,278,180,231,223,222,282,240,253,277,226,282,282,264,259
726,257,49,251,99,211,116,188,147,230,147,289,128,305,178,278,178,231,223,223,284,240,254,276,226,280,282,263,259
727,257,48,252,99,213,116,187,147,230,148,289,128,306,179,283,183,231,224,223,287,224,359,276,227,281,284,265,263
728,257,48,251,98,211,116,187,146,230,149,290,129,305,181,283,184,230,224,225,292,228,359,276,227,281,284,262,262
729,257,48,252,99,212,116,187,147,231,149,290,129,305,177,282,188,231,223,222,278,240,250,276,226,281,282,266,259
730,258,49,251,98,210,116,187,147,233,151,289,127,306,179,285,176,231,224,224,287,239,256,277,226,279,284,263,262
731,257,49,251,98,210,117,188,147,233,152,289,127,306,179,285,179,231,224,225,292,227,358,276,226,281,284,261,262
732,257,48,251,98,211,116,187,147,233,152,290,129,306,179,283,182,231,224,223,286,229,359,276,227,280,284,263,261
733,257,48,251,98,210,117,188,148,233,152,289,128,306,179,285,177,231,223,225,293,225,358,276,226,281,285,261,263
734,257,49,251,98,210,117,189,148,232,152,289,129,305,180,278,181,230,222,224,287,239,255,278,225,281,282,236,261
735,257,48,251,98,210,117,188,148,233,152,289,128,305,179,280,176,230,222,225,291,236,257,277,226,281,283,262,261
736,257,48,251,99,212,116,187,148,233,152,289,129,306,179,284,179,231,222,222,283,227,345,277,226,282,283,270,264
737,256,48,251,99,212,116,188,148,233,152,289,128,306,178,282,178,231,222,222,276,241,251,276,225,281,282,269,261
738,256,49,251,99,211,116,188,148,233,153,290,128,305,179,281,177,231,223,223,283,226,358,277,227,281,283,269,265
739,256,49,251,99,211,116,187,147,232,153,289,127,306,179,283,177,230,223,222,281,229,343,278,227,280,284,270,266
740,257,48,251,99,211,116,187,147,231,153,289,128,305,179,279,178,231,224,223,285,228,359,277,226,281,282,271,265
741,257,49,251,99,209,117,186,147,231,154,289,128,305,178,283,176,231,223,224,286,240,256,276,225,282,280,261,259
742,256,48,251,99,210,116,186,147,230,154,289,128,305,180,278,178,231,223,224,288,229,359,276,227,280,284,270,266
743,256,49,251,99,210,117,185,148,230,154,289,128,304,179,275,175,230,222,225,290,228,358,275,226,281,283,233,264
744,256,49,251,99,210,117,185,148,230,154,289,129,304,180,275,177,230,223,224,291,230,359,275,227,280,283,233,264
745,255,49,251,99,212,116,186,150,227,154,289,128,305,181,272,178,230,225,224,292,225,358,276,228,282,285,279,267
746,256,49,250,99,209,118,184,151,228,155,289,129,303,181,271,178,230,224,224,284,230,344,276,228,279,283,265,262
747,255,48,250,99,210,118,185,153,225,156,289,129,304,181,272,180,229,225,225,296,229,359,274,229,281,285,231,268
748,255,49,251,99,209,119,184,156,225,156,290,130,302,182,271,178,229,226,225,294,229,359,274,229,280,283,264,263
749,254,49,250,99,208,120,184,159,222,159,291,130,302,181,272,180,229,227,225,297,227,364,275,229,279,288,293,364
750,254,48,250,99,209,121,184,164,218,161,291,131,302,181,269,176,228,226,225,294,230,359,274,228,280,286,289,352
751,253,48,249,99,209,121,184,168,215,165,289,128,302,180,271,178,228,226,225,295,228,357,272,228,279,285,287,354
752,251,49,249,100,209,121,184,170,215,168,289,129,300,182,274,178,227,226,221,283,231,352,273,229,280,286,283,350
753,251,49,249,99,209,122,185,172,208,175,288,129,300,181,273,179,227,227,223,291,230,356,272,228,279,283,288,351
754,251,49,249,99,209,123,187,171,204,181,289,129,298,182,272,180,225,223,225,297,229,360,273,227,280,285,291,353
755,250,50,248,100,208,124,187,171,199,185,289,130,297,183,269,181,226,213,221,284,226,355,274,219,281,282,289,352
756,248,50,246,100,206,125,190,173,197,189,286,128,295,184,267,182,225,224,226,297,232,361,271,223,279,282,292,352
757,246,49,245,100,206,125,192,172,196,196,286,129,293,185,264,185,224,223,224,295,227,360,272,221,277,283,289,354
758,245,50,244,101,205,126,192,174,195,201,285,129,291,185,261,187,224,218,222,292,224,360,272,217,276,283,286,354
759,243,50,244,100,203,127,193,176,195,207,285,129,290,186,258,187,225,222,221,293,231,359,270,221,276,282,284,352
760,242,50,243,101,203,128,193,178,194,211,284,130,289,186,254,190,226,219,220,287,229,354,269,219,274,281,280,350
761,241,50,242,100,202,128,193,179,194,215,283,129,287,186,251,192,225,221,221,292,227,358,268,221,274,285,282,355
762,238,50,240,102,201,129,193,180,193,217,283,129,285,185,250,192,223,226,221,297,224,355,269,225,273,288,278,351
763,236,50,238,102,200,129,193,181,192,220,281,128,284,185,249,193,223,225,221,296,228,354,269,226,272,289,276,350
764,235,51,237,102,200,130,192,180,192,221,280,127,283,186,246,195,223,226,222,298,228,356,267,223,272,289,276,353
765,233,51,236,103,199,130,191,182,191,223,278,127,282,187,244,196,222,234,223,303,228,357,269,232,273,292,281,353
766,231,51,235,102,198,130,190,182,190,224,277,126,281,188,242,197,221,238,223,306,229,356,267,233,273,293,281,348
767,229,51,235,102,198,130,191,183,189,225,277,127,278,187,240,198,220,226,220,300,228,352,263,219,272,282,288,348
768,227,52,234,102,198,130,192,183,189,226,275,127,277,186,238,199,219,234,223,307,232,355,266,225,272,288,281,350
769,226,53,233,102,197,130,190,181,190,225,274,126,275,188,236,201,220,224,220,298,231,353,264,218,271,280,285,346
770,224,52,231,103,197,130,190,181,190,225,272,126,274,188,236,203,222,222,218,284,237,255,264,218,271,277,256,255
771,223,52,230,103,197,130,190,181,189,225,272,126,272,188,233,205,221,221,220,286,237,255,263,218,272,279,254,254
772,222,53,229,103,196,130,189,179,188,215,270,125,271,188,231,207,223,222,227,278,237,251,264,218,269,278,266,243
773,220,53,228,103,195,130,189,179,190,218,269,126,268,188,231,210,221,220,227,280,233,249,262,218,271,277,265,242
774,219,53,227,103,196,129,189,178,189,219,268,127,267,188,228,211,218,220,228,279,234,254,261,219,270,278,266,244
775,218,53,226,104,195,130,190,179,190,220,267,127,265,188,227,212,220,222,229,281,237,253,260,220,270,278,264,245
776,218,54,227,103,196,128,190,178,189,219,267,127,264,188,225,215,221,223,228,281,240,255,260,221,267,280,262,252
777,217,55,227,104,195,127,188,176,188,219,266,127,262,187,224,216,219,221,228,279,241,253,260,218,265,279,267,247
778,217,55,226,104,195,127,188,176,187,219,265,128,260,186,223,218,220,225,227,281,241,254,258,220,266,280,266,246
779,217,55,226,104,195,127,188,177,185,219,264,128,259,187,222,219,216,223,226,281,240,253,259,219,265,280,266,246
780,216,54,225,105,194,126,187,178,184,221,264,129,258,189,220,221,215,224,226,282,237,254,257,221,268,277,264,246
781,216,55,225,105,194,125,187,178,183,221,263,130,258,189,219,222,215,224,225,283,238,254,257,221,267,277,264,245
782,216,55,225,105,194,126,186,177,182,220,262,130,257,190,219,223,214,223,225,283,238,252,256,221,266,277,265,245
783,216,56,224,106,194,125,186,177,182,219,261,131,257,189,216,226,214,222,224,283,237,251,257,219,265,278,264,247
784,216,54,224,105,194,125,185,176,181,219,260,131,254,190,216,228,212,219,222,283,233,249,255,218,265,276,261,249
785,216,56,224,106,194,125,185,176,181,218,260,131,255,191,217,228,211,222,222,284,233,250,255,220,264,280,261,250
786,216,55,223,106,194,125,185,176,180,219,260,132,253,190,215,230,211,223,220,284,231,250,253,220,265,278,262,247
787,217,55,223,106,193,124,185,176,180,217,259,132,253,192,217,231,210,220,223,283,228,248,254,218,264,275,261,246
788,216,55,223,106,193,124,184,176,180,217,259,133,252,195,217,234,210,221,222,283,227,248,253,218,263,277,260,246
789,217,55,223,106,193,124,183,174,180,217,259,133,253,193,217,235,210,222,222,285,227,248,253,219,264,278,261,247
790,217,56,223,106,193,124,183,174,180,217,259,134,254,194,217,235,209,221,221,283,228,247,251,217,262,274,261,245
791,217,55,223,106,192,124,183,175,180,216,259,134,253,194,217,236,209,222,222,285,227,247,252,219,263,278,261,247
792,217,56,223,106,192,125,183,175,180,216,258,133,254,192,217,237,210,223,221,285,237,349,253,221,263,280,260,249
793,217,55,223,106,192,124,183,175,180,217,258,133,253,193,218,237,209,222,221,283,229,248,251,219,264,277,262,245
794,217,55,223,106,192,124,182,174,180,217,258,133,253,194,218,237,210,221,222,283,230,248,251,218,263,277,262,245
795,218,55,223,106,192,124,182,174,180,217,258,134,253,193,219,238,209,222,223,283,229,249,251,219,264,277,263,246
796,218,55,223,106,191,124,182,175,180,217,258,133,254,194,220,238,209,220,223,282,229,250,252,218,262,278,262,247
797,218,55,223,106,191,124,182,173,179,217,258,133,254,194,220,237,210,221,221,283,231,248,250,217,263,276,264,243
798,218,55,223,107,191,124,182,174,180,217,259,134,255,191,221,237,210,221,223,284,231,249,251,218,264,275,261,248
799,219,55,222,107,190,124,182,175,180,218,260,133,255,193,220,238,210,222,221,283,226,251,250,218,263,273,260,250
800,218,55,223,107,191,125,181,174,180,217,258,133,256,192,221,238,210,222,223,286,233,250,250,217,264,275,262,249
801,219,54,223,106,191,124,182,174,180,218,260,133,255,191,221,238,209,221,222,286,228,250,250,218,264,276,261,246
802,219,55,224,106,192,124,182,175,180,217,259,133,255,190,222,237,211,221,224,286,231,252,252,217,265,276,262,254
803,219,55,223,106,191,125,182,176,180,218,259,132,255,191,221,237,210,222,224,286,229,250,253,218,265,277,263,247
804,220,55,224,106,192,125,182,175,180,218,261,133,256,191,222,237,211,219,224,285,229,250,253,215,265,276,264,246
805,220,54,224,105,192,125,182,175,180,218,262,133,256,191,221,236,211,219,224,285,229,248,254,215,266,274,263,246
806,222,54,225,105,192,125,182,175,181,218,262,132,257,189,221,235,212,220,224,283,229,249,254,216,265,275,264,248
807,223,53,225,104,192,125,183,176,181,218,263,132,257,189,222,234,212,220,224,284,233,251,255,217,266,277,262,255
808,224,52,226,104,192,124,182,175,181,219,263,132,258,188,222,234,212,220,221,281,231,247,254,217,267,275,263,246
809,226,53,226,104,191,125,183,176,182,220,264,131,258,191,224,233,214,223,224,283,232,246,255,218,265,275,265,243
810,227,52,228,103,192,126,183,177,182,220,264,130,262,187,224,233,211,221,222,284,231,247,255,216,270,276,263,246
811,228,51,228,103,192,127,183,177,183,221,266,130,261,190,230,230,213,222,227,284,237,249,257,218,268,277,264,256
812,230,52,229,103,191,127,183,179,183,221,266,129,264,189,234,226,211,226,225,283,235,251,255,219,269,276,260,244
813,231,50,229,100,192,126,184,178,183,223,268,129,269,190,240,225,213,221,228,286,229,254,254,216,269,276,265,246
814,233,50,231,100,192,127,185,180,184,223,268,129,273,192,244,223,214,227,227,286,236,254,254,221,270,278,264,243
815,233,48,231,99,192,127,185,180,185,224,270,129,277,189,250,222,216,224,227,284,235,253,254,220,270,278,265,243
816,235,48,233,99,192,128,186,181,185,225,271,128,281,190,254,221,216,222,227,286,241,351,256,220,269,280,277,347
817,235,47,234,98,193,128,186,182,186,226,275,130,285,193,259,222,218,222,224,286,241,351,260,220,268,281,276,349
818,237,47,234,98,193,128,187,183,186,227,275,129,287,194,264,221,220,221,224,282,233,248,260,218,270,279,258,246
819,0,0,0,0,0,0,0,0,0,0,0,0,0,0,0,0,0,0,0,0,0,0,0,0,0,0,0,0
820,238,47,236,96,195,128,187,186,190,245,276,127,288,183,274,223,222,224,220,283,233,251,261,223,268,283,255,249
821,240,46,237,97,195,128,188,187,191,244,278,127,290,182,279,223,222,223,226,286,235,251,263,220,274,282,253,255
822,242,46,238,97,195,128,188,186,192,240,279,127,290,179,283,224,223,221,226,285,233,249,264,220,271,282,252,248
823,0,0,0,0,0,0,0,0,0,0,0,0,0,0,0,0,0,0,0,0,0,0,0,0,0,0,0,0
824,244,46,241,96,196,129,189,185,193,232,282,128,292,180,292,225,224,223,228,286,234,249,266,220,274,279,253,247
825,245,46,242,96,197,128,190,185,194,233,281,125,292,178,295,225,225,224,228,286,234,248,267,220,276,279,254,247
826,247,46,242,96,198,128,191,186,195,232,280,125,295,182,298,225,226,225,230,293,237,252,267,223,281,281,253,254
827,248,46,243,95,199,128,192,185,195,232,281,125,294,176,300,223,226,225,228,288,235,355,269,223,281,282,286,352
828,249,45,244,95,200,128,193,184,197,232,282,124,295,176,302,223,227,225,229,289,239,355,270,223,283,283,290,351
829,250,45,245,96,200,127,192,185,199,233,281,123,296,174,304,223,227,225,233,291,244,358,271,223,283,281,297,351
830,251,45,245,96,201,128,194,185,200,234,281,123,297,177,305,224,229,225,232,290,236,249,272,222,283,281,256,250
831,252,45,247,96,202,127,194,185,200,234,282,123,297,175,305,223,229,224,232,289,237,249,273,220,283,280,256,250
832,254,45,248,94,202,127,196,186,201,233,282,124,297,176,304,223,230,224,232,289,237,247,273,222,285,278,259,249
833,255,45,248,95,204,127,195,186,202,233,283,124,297,176,305,223,230,225,232,285,238,246,274,222,285,277,261,246
834,256,45,249,94,205,126,195,188,203,234,283,123,297,176,304,222,231,224,232,286,239,248,274,223,285,281,294,350
835,256,45,249,96,206,125,199,185,203,233,283,123,296,177,303,223,231,225,233,285,238,248,274,222,284,279,261,247
836,257,45,249,95,207,126,199,185,204,234,283,123,296,177,303,222,231,226,233,285,239,248,274,222,286,279,260,249
837,258,46,250,96,207,126,198,185,205,233,284,123,295,176,301,222,232,225,233,282,240,247,275,223,285,277,264,246
838,258,45,250,96,208,125,202,184,205,234,283,123,295,176,301,223,232,224,234,284,240,247,275,221,285,280,263,246
839,259,45,251,96,209,125,202,184,206,234,284,123,296,176,300,222,234,225,235,285,241,248,275,221,286,280,263,247
840,259,46,251,96,209,125,202,184,206,233,284,124,295,175,299,223,233,225,237,285,239,247,275,223,286,279,262,247
841,260,45,251,96,209,125,202,183,208,234,284,124,296,177,299,224,234,225,237,286,240,247,275,221,287,280,263,247
842,260,45,252,95,208,126,203,183,206,232,285,124,295,175,299,224,235,224,237,285,241,247,275,221,287,276,264,246
843,262,47,253,96,209,125,203,182,207,233,286,125,296,176,299,225,234,225,236,283,242,247,276,222,286,279,266,245
844,261,46,252,96,210,126,203,184,209,234,284,123,296,178,299,224,235,226,239,285,241,248,276,224,287,279,264,247
845,261,45,253,96,210,125,203,184,208,234,286,124,295,175,299,224,234,225,238,288,242,358,276,221,287,280,286,354
846,262,46,254,95,210,126,203,184,208,234,286,124,295,175,299,224,234,226,237,287,244,247,276,222,287,278,265,247
847,262,45,253,96,211,125,204,183,208,234,285,123,294,176,299,224,235,226,238,286,244,247,277,223,286,281,269,251
848,262,46,253,95,211,125,204,183,208,233,286,125,295,176,300,224,235,224,238,283,241,245,276,221,287,278,266,243
849,263,46,254,96,211,125,203,185,209,233,286,124,297,177,299,224,235,226,235,285,242,249,276,224,288,280,265,250
850,263,46,253,97,210,125,203,184,209,235,286,124,297,177,300,224,235,226,236,285,243,247,276,222,288,278,264,248
851,263,46,254,95,212,125,204,185,209,234,286,125,296,177,300,224,235,224,237,282,242,245,277,220,287,277,267,243
852,264,46,255,96,211,125,203,184,208,234,287,124,296,177,301,225,236,226,234,287,245,250,278,224,287,281,266,251
853,263,46,254,95,211,125,205,184,208,234,287,124,296,177,301,225,235,224,237,284,243,246,277,222,287,278,266,244
