1,2,366,298,444,399,0.0000,0.0000,0.0000,0.0000,0.0000,0.0000,
2,2,366,298,444,399,0.0000,0.0000,0.0000,0.0000,0.0000,0.0000,
3,2,366,298,444,399,0.0000,0.0000,0.0000,0.0000,0.0000,0.0000,
4,2,366,298,444,399,0.0000,0.0000,0.0000,0.0000,0.0000,0.0000,
5,2,366,298,444,399,0.0000,0.0000,0.0000,0.0000,0.0000,0.0000,
6,2,366,298,444,399,0.0000,0.0000,0.0000,0.0000,0.0000,0.0000,
7,2,366,298,444,399,0.0000,0.0000,0.0000,0.0000,0.0000,0.0000,
8,2,366,298,444,399,0.0000,0.0000,0.0000,0.0000,0.0000,0.0000,
9,2,366,298,444,399,0.0000,0.0000,0.0000,0.0000,0.0000,0.0000,
10,2,366,298,444,399,0.0000,0.0000,0.0000,0.0000,0.0000,0.0000,
11,2,366,298,444,399,0.0000,0.0000,0.0000,0.0000,0.0000,0.0000,
12,2,366,298,444,399,0.0000,0.0000,0.0000,0.0000,0.0000,0.0000,
13,2,366,298,444,399,0.0000,0.0000,0.0000,0.0000,0.0000,0.0000,
14,2,366,298,444,399,0.0000,0.0000,0.0000,0.0000,0.0000,0.0000,
15,2,366,298,444,399,0.0000,0.0000,0.0000,0.0000,0.0000,0.0000,
16,2,366,298,444,399,0.0000,0.0000,0.0000,0.0000,0.0000,0.0000,
17,2,366,298,444,399,0.0000,0.0000,0.0000,0.0000,0.0000,0.0000,
18,2,366,298,444,399,0.0000,0.0000,0.0000,0.0000,0.0000,0.0000,
19,2,366,298,444,399,0.0000,0.0000,0.0000,0.0000,0.0000,0.0000,
20,2,366,298,444,399,0.0000,0.0000,0.0000,0.0000,0.0000,0.0000,
21,2,366,298,444,399,0.0000,0.0000,0.0000,0.0000,0.0000,0.0000,
22,2,366,298,444,399,0.0000,0.0000,0.0000,0.0000,0.0000,0.0000,
23,2,366,298,444,399,0.0000,0.0000,0.0000,0.0000,0.0000,0.0000,
24,2,366,298,444,399,0.0000,0.0000,0.0000,0.0000,0.0000,0.0000,
25,2,366,298,444,399,0.0000,0.0000,0.0000,0.0000,0.0000,0.0000,
26,2,366,298,444,399,0.0000,0.0000,0.0000,0.0000,0.0000,0.0000,
27,2,366,298,444,399,0.0000,0.0000,0.0000,0.0000,0.0000,0.0000,
28,2,366,298,444,399,0.0000,0.0000,0.0000,0.0000,0.0000,0.0000,
29,2,366,298,444,399,0.0000,0.0000,0.0000,0.0000,0.0000,0.0000,
30,2,366,298,444,399,0.0000,0.0000,0.0000,0.0000,0.0000,0.0000,
31,2,366,298,444,399,0.0000,0.0000,0.0000,0.0000,0.0000,0.0000,
32,2,366,298,444,399,0.0000,0.0000,0.0000,0.0000,0.0000,0.0000,
33,2,366,298,444,399,0.0000,0.0000,0.0000,0.0000,0.0000,0.0000,
34,2,366,298,444,399,0.0000,0.0000,0.0000,0.0000,0.0000,0.0000,
35,2,366,298,444,399,0.0000,0.0000,0.0000,0.0000,0.0000,0.0000,
36,2,366,298,444,399,0.0000,0.0000,0.0000,0.0000,0.0000,0.0000,
37,2,366,298,444,399,0.0000,0.0000,0.0000,0.0000,0.0000,0.0000,
38,2,366,298,444,399,0.0000,0.0000,0.0000,0.0000,0.0000,0.0000,
39,2,366,298,444,399,0.0000,0.0000,0.0000,0.0000,0.0000,0.0000,
40,2,366,298,444,399,0.0000,0.0000,0.0000,0.0000,0.0000,0.0000,
41,2,366,298,444,399,0.0000,0.0000,0.0000,0.0000,0.0000,0.0000,
42,2,366,298,444,399,0.0000,0.0000,0.0000,0.0000,0.0000,0.0000,
43,2,366,298,444,399,0.0000,0.0000,0.0000,0.0000,0.0000,0.0000,
44,2,366,298,444,399,0.0000,0.0000,0.0000,0.0000,0.0000,0.0000,
45,2,366,298,444,399,0.0000,0.0000,0.0000,0.0000,0.0000,0.0000,
46,2,366,298,444,399,0.0000,0.0000,0.0000,0.0000,0.0000,0.0000,
47,2,366,298,444,399,0.0000,0.0000,0.0000,0.0000,0.0000,0.0000,
48,2,366,298,444,399,0.0000,0.0000,0.0000,0.0000,0.0000,0.0000,
49,2,366,298,444,399,0.0000,0.0000,0.0000,0.0000,0.0000,0.0000,
50,2,366,298,444,399,0.0000,0.0000,0.0000,0.0000,0.0000,0.0000,
51,2,366,298,444,399,0.0000,0.0000,0.0000,0.0000,0.0000,0.0000,
52,2,366,298,444,399,0.0000,0.0000,0.0000,0.0000,0.0000,0.0000,
53,2,366,298,444,399,0.0000,0.0000,0.0000,0.0000,0.0000,0.0000,
54,2,366,298,444,399,0.0000,0.0000,0.0000,0.0000,0.0000,0.0000,
55,2,366,298,444,399,0.0000,0.0000,0.0000,0.0000,0.0000,0.0000,
56,2,366,298,444,399,0.0000,0.0000,0.0000,0.0000,0.0000,0.0000,
57,2,366,298,444,399,0.0000,0.0000,0.0000,0.0000,0.0000,0.0000,
58,2,366,298,444,399,0.0000,0.0000,0.0000,0.0000,0.0000,0.0000,
59,2,366,298,444,399,0.0000,0.0000,0.0000,0.0000,0.0000,0.0000,
60,2,366,298,444,399,0.0000,0.0000,0.0000,0.0000,0.0000,0.0000,
61,2,366,298,444,399,0.0000,0.0000,0.0000,0.0000,0.0000,0.0000,
62,2,366,298,444,399,0.0000,0.0000,0.0000,0.0000,0.0000,0.0000,
63,2,366,298,444,399,0.0000,0.0000,0.0000,0.0000,0.0000,0.0000,
64,2,366,298,444,399,0.0000,0.0000,0.0000,0.0000,0.0000,0.0000,
65,2,366,298,444,399,0.0000,0.0000,0.0000,0.0000,0.0000,0.0000,
66,2,366,298,444,399,0.0000,0.0000,0.0000,0.0000,0.0000,0.0000,
67,2,366,298,444,399,0.0000,0.0000,0.0000,0.0000,0.0000,0.0000,
68,2,366,298,444,399,0.0000,0.0000,0.0000,0.0000,0.0000,0.0000,
69,2,366,298,444,399,0.0000,0.0000,0.0000,0.0000,0.0000,0.0000,
70,2,366,298,444,399,0.0000,0.0000,0.0000,0.0000,0.0000,0.0000,
71,2,366,298,444,399,0.0000,0.0000,0.0000,0.0000,0.0000,0.0000,
72,2,366,298,444,399,0.0000,0.0000,0.0000,0.0000,0.0000,0.0000,
73,2,366,298,444,399,0.0000,0.0000,0.0000,0.0000,0.0000,0.0000,
74,2,366,298,444,399,0.0000,0.0000,0.0000,0.0000,0.0000,0.0000,
75,2,366,298,444,399,0.0000,0.0000,0.0000,0.0000,0.0000,0.0000,
76,2,366,298,444,399,0.0000,0.0000,0.0000,0.0000,0.0000,0.0000,
77,2,366,298,444,399,0.0000,0.0000,0.0000,0.0000,0.0000,0.0000,
78,2,366,298,444,399,0.0000,0.0000,0.0000,0.0000,0.0000,0.0000,
79,2,366,298,444,399,0.0000,0.0000,0.0000,0.0000,0.0000,0.0000,
80,2,366,298,444,399,0.0000,0.0000,0.0000,0.0000,0.0000,0.0000,
81,2,366,298,444,399,0.0000,0.0000,0.0000,0.0000,0.0000,0.0000,
82,2,366,298,444,399,0.0000,0.0000,0.0000,0.0000,0.0000,0.0000,
83,2,366,298,444,399,0.0000,0.0000,0.0000,0.0000,0.0000,0.0000,
84,2,366,298,444,399,0.0000,0.0000,0.0000,0.0000,0.0000,0.0000,
85,2,366,298,444,399,0.0000,0.0000,0.0000,0.0000,0.0000,0.0000,
86,2,366,298,444,399,0.0000,0.0000,0.0000,0.0000,0.0000,0.0000,
87,2,366,298,444,399,0.0000,0.0000,0.0000,0.0000,0.0000,0.0000,
88,2,366,298,444,399,0.0000,0.0000,0.0000,0.0000,0.0000,0.0000,
89,2,366,298,444,399,0.0000,0.0000,0.0000,0.0000,0.0000,0.0000,
90,2,366,298,444,399,0.0000,0.0000,0.0000,0.0000,0.0000,0.0000,
91,2,366,298,444,399,0.0000,0.0000,0.0000,0.0000,0.0000,0.0000,
92,2,366,298,444,399,0.0000,0.0000,0.0000,0.0000,0.0000,0.0000,
93,2,366,298,444,399,0.0000,0.0000,0.0000,0.0000,0.0000,0.0000,
94,2,366,298,444,399,0.0000,0.0000,0.0000,0.0000,0.0000,0.0000,
95,2,366,298,444,399,0.0000,0.0000,0.0000,0.0000,0.0000,0.0000,
96,2,366,298,444,399,0.0000,0.0000,0.0000,0.0000,0.0000,0.0000,
97,2,366,298,444,399,0.0000,0.0000,0.0000,0.0000,0.0000,0.0000,
98,2,366,298,444,399,0.0000,0.0000,0.0000,0.0000,0.0000,0.0000,
99,2,366,298,444,399,0.0000,0.0000,0.0000,0.0000,0.0000,0.0000,
100,2,366,298,444,399,0.0000,0.0000,0.0000,0.0000,0.0000,0.0000,
101,2,364,296,442,399,1.0000,0.0000,-0.0000,1.0000,10.0000,10.0000,
102,2,364,296,442,399,1.0001,0.0005,-0.0010,1.0004,9.9669,10.0194,
103,2,364,296,442,399,0.9991,-0.0016,-0.0009,0.9985,10.1447,10.1182,
104,2,364,296,442,399,0.9989,-0.0000,0.0007,1.0010,10.0562,9.9217,
105,2,364,296,442,399,1.0014,0.0007,-0.0011,1.0001,9.9023,10.0523,
106,2,364,296,442,399,1.0041,-0.0018,-0.0003,0.9991,9.8725,10.0546,
107,2,364,296,442,399,1.0005,-0.0000,-0.0005,1.0031,10.0138,9.8385,
108,2,364,296,442,399,1.0002,0.0000,0.0013,1.0017,10.0022,9.8260,
109,2,364,296,442,399,0.9958,-0.0060,0.0141,1.0036,10.6394,9.0656,
110,2,364,296,442,399,1.0063,-0.0079,0.0098,1.0024,9.9794,9.0800,
111,2,364,296,442,399,1.0006,-0.0125,0.0194,0.9945,10.0867,9.2214,
112,2,364,296,442,399,1.0076,-0.0286,0.0354,0.9992,9.8779,8.0415,
113,2,364,295,442,397,1.0065,-0.0008,0.0115,0.9953,9.0498,7.9762,
114,2,364,292,442,393,0.9991,0.0237,-0.0249,0.9887,8.3672,7.8053,
115,2,364,289,441,388,0.9940,0.0180,-0.0321,0.9807,8.4396,7.3070,
116,2,363,285,440,383,0.9952,0.0161,-0.0162,0.9891,7.6010,5.9138,
117,2,362,280,438,378,0.9881,0.0041,-0.0092,0.9948,8.0495,5.3038,
118,2,361,275,436,373,0.9859,0.0019,-0.0111,1.0014,8.1178,4.7791,
119,2,360,269,434,368,0.9902,0.0185,-0.0139,1.0079,7.3978,4.4314,
120,2,359,263,432,363,0.9892,0.0195,-0.0223,1.0040,7.1788,4.7199,
121,2,358,257,429,358,0.9796,0.0252,-0.0190,1.0030,6.9620,4.4459,
122,2,356,251,426,352,0.9873,0.0174,-0.0195,1.0026,6.8880,4.3650,
123,2,354,246,423,346,0.9866,0.0210,-0.0245,0.9965,6.8335,4.8765,
124,2,352,241,421,340,0.9938,0.0202,-0.0179,0.9962,6.7503,4.8746,
125,2,351,236,418,334,0.9783,0.0169,-0.0335,0.9895,7.5768,5.6886,
126,2,350,231,417,329,0.9955,0.0221,-0.0302,0.9950,7.2320,5.8614,
127,2,349,227,416,326,1.0019,0.0155,-0.0040,1.0043,7.5102,6.0792,
128,2,347,225,414,325,0.9998,-0.0004,0.0121,1.0068,7.9794,7.4866,
129,2,347,223,413,324,0.9855,0.0342,-0.0044,1.0123,7.3114,7.4200,
130,2,348,221,411,324,0.9636,0.0354,-0.0055,1.0192,8.2165,7.4321,
131,2,348,221,411,324,0.9725,0.0300,-0.0031,1.0056,8.2618,8.2019,
132,2,347,219,409,322,0.9921,0.0013,-0.0012,1.0013,8.2291,7.6943,
133,2,345,217,406,320,0.9899,-0.0214,0.0161,0.9931,8.6238,7.2973,
134,2,343,215,403,317,0.9927,-0.0130,0.0120,0.9960,8.0558,6.6911,
135,2,342,212,401,314,0.9897,-0.0104,0.0323,1.0006,8.5716,5.1008,
136,2,341,208,400,311,0.9927,0.0042,0.0237,1.0052,8.3580,5.2123,
137,2,341,205,399,308,0.9885,0.0111,0.0181,1.0034,8.7627,6.0584,
138,2,341,203,399,306,0.9950,0.0015,0.0173,1.0001,9.2778,6.9841,
139,2,341,201,399,305,0.9995,0.0117,-0.0059,1.0032,8.7244,8.1090,
140,2,341,201,399,305,0.9864,0.0091,0.0091,1.0007,9.4828,8.7260,
141,2,341,201,399,305,0.9976,0.0092,-0.0044,0.9992,9.2921,9.6594,
142,2,343,202,399,305,0.9582,0.0222,-0.0011,0.9939,10.3840,10.4359,
143,2,345,203,400,305,0.9852,0.0408,-0.0160,0.9864,8.9362,11.4478,
144,2,345,203,400,305,1.0165,0.0129,-0.0222,1.0009,8.8583,10.9997,
145,2,345,203,400,305,1.0004,0.0022,-0.0017,1.0026,9.9555,10.2917,
146,2,345,203,400,305,0.9983,0.0077,-0.0109,1.0023,9.7678,10.4645,
147,2,345,203,400,305,0.9844,0.0211,-0.0135,0.9932,9.7422,10.9041,
148,2,346,204,402,306,1.0173,0.0322,-0.0199,1.0018,8.6205,10.5780,
149,2,346,204,402,306,0.9992,0.0201,-0.0062,0.9928,9.5040,10.2091,
150,2,346,204,402,306,1.0099,0.0122,-0.0142,1.0026,8.9313,10.2830,
151,2,304,194,394,295,1.0010,0.0304,-0.0070,1.0012,7.9373,9.9822,
152,2,304,194,394,295,0.9941,0.0001,-0.0101,1.0048,9.6249,10.7697,
153,2,304,194,394,295,0.9985,0.0049,-0.0087,0.9983,9.4411,10.9629,
154,2,304,194,394,295,1.0074,0.0003,-0.0037,1.0052,9.1597,10.6173,
155,2,304,194,394,295,0.9956,-0.0057,-0.0019,1.0034,10.2895,10.4924,
156,2,304,194,394,295,1.0098,-0.0181,0.0162,0.9965,9.7312,9.8385,
157,2,304,194,394,295,1.0187,-0.0174,0.0107,0.9977,9.0359,10.3484,
158,2,304,195,394,297,1.0039,-0.0165,0.0137,1.0033,10.3636,10.1183,
159,2,304,195,394,297,1.0123,-0.0162,0.0066,0.9982,9.9764,10.4293,
160,2,304,195,394,297,0.9989,-0.0172,0.0124,1.0030,10.9060,9.7297,
161,2,304,195,394,297,0.9966,-0.0174,0.0117,1.0039,11.3504,9.6328,
162,2,304,195,394,297,0.9981,-0.0083,-0.0006,1.0006,10.6950,10.5573,
163,2,304,195,394,297,1.0010,0.0094,-0.0023,1.0059,9.8216,10.2829,
164,2,305,197,395,298,1.0052,0.0017,-0.0065,0.9919,10.2011,11.3689,
165,2,307,198,396,299,0.9960,0.0095,-0.0220,1.0031,10.6543,11.6703,
166,2,309,199,397,300,0.9954,0.0148,-0.0331,0.9990,10.3102,12.3992,
167,2,309,199,397,300,0.9996,0.0273,-0.0396,1.0019,9.2896,12.4986,
168,2,310,201,398,301,1.0101,0.0181,-0.0273,0.9966,9.0859,12.3708,
169,2,311,203,399,302,1.0016,0.0251,-0.0322,0.9946,9.2156,12.6019,
170,2,312,205,400,303,1.0048,0.0188,-0.0230,0.9883,9.4769,12.4693,
171,2,313,207,401,304,1.0061,0.0182,-0.0228,0.9930,9.1017,12.0340,
172,2,310,213,402,306,1.0454,0.1149,-0.1295,0.9597,1.2416,21.7101,
173,2,309,215,403,307,1.0138,0.0367,-0.0340,0.9898,7.0473,13.1875,
174,2,308,217,404,308,1.0157,0.0263,-0.0315,0.9897,7.4942,12.9761,
175,2,308,219,404,309,1.0082,0.0252,-0.0233,0.9915,8.0125,12.6459,
176,2,308,221,404,310,1.0058,0.0263,-0.0355,0.9910,8.0263,13.2283,
177,2,308,223,405,313,1.0110,0.0241,-0.0382,1.0088,8.0776,13.1112,
178,2,308,226,406,315,1.0116,0.0409,-0.0595,0.9896,7.6467,15.1655,
179,2,308,229,408,317,1.0182,0.0535,-0.0658,0.9862,6.8811,15.6463,
180,2,308,232,410,319,1.0175,0.0567,-0.0690,0.9860,7.1544,15.9060,
181,2,309,235,411,321,1.0049,0.0606,-0.0793,0.9830,7.6012,16.8479,
182,2,310,238,413,323,1.0038,0.0679,-0.0753,0.9890,7.6595,16.5609,
183,2,310,241,415,325,1.0172,0.0460,-0.0708,0.9866,7.7112,15.9604,
184,2,310,243,416,327,1.0086,0.0421,-0.0495,0.9920,8.1501,14.3173,
185,2,310,245,417,328,1.0047,0.0355,-0.0315,0.9970,8.0284,12.8640,
186,2,310,245,417,328,1.0039,0.0156,-0.0125,0.9958,8.3647,11.5210,
187,2,310,245,417,328,1.0059,0.0062,-0.0054,0.9959,8.4558,10.9956,
188,2,310,246,416,330,0.9954,-0.0100,0.0176,1.0120,9.4506,9.5436,
189,2,310,246,416,330,0.9998,-0.0045,-0.0091,0.9868,9.1438,11.3320,
190,2,310,246,416,330,1.0016,0.0043,0.0007,0.9935,8.9037,10.4204,
191,2,310,246,416,330,1.0032,0.0154,-0.0090,1.0023,8.6679,10.5913,
192,2,310,246,416,330,1.0010,0.0154,-0.0150,0.9954,8.9095,11.1050,
193,2,310,246,416,330,1.0048,0.0147,-0.0123,1.0077,8.9723,10.4161,
194,2,310,246,416,330,0.9973,0.0135,-0.0124,1.0087,9.5707,10.3338,
195,2,310,246,416,330,1.0005,0.0195,-0.0073,1.0019,9.5185,9.9519,
196,2,310,246,416,330,0.9973,0.0133,-0.0134,0.9976,10.0813,10.2282,
197,2,310,246,416,330,1.0023,0.0146,-0.0133,1.0027,9.7635,10.1784,
198,2,310,246,416,330,1.0067,0.0132,-0.0079,1.0000,9.2660,9.8732,
199,2,310,246,416,330,1.0037,0.0105,-0.0057,1.0050,9.3506,9.8293,
200,2,309,241,415,326,1.0008,0.0455,-0.0356,1.0057,6.7209,6.7096,
201,2,300,235,400,321,1.0000,0.0000,-0.0000,1.0000,10.0000,10.0000,
202,2,300,235,400,321,1.0034,0.0168,-0.0159,1.0013,8.9379,10.2981,
203,2,300,235,400,321,0.9998,0.0201,-0.0261,0.9951,8.7051,11.3311,
204,2,300,235,400,321,1.0053,0.0171,-0.0160,0.9928,8.4846,11.0038,
205,2,300,235,400,321,0.9951,0.0123,-0.0161,1.0007,9.2855,10.6870,
206,2,300,235,400,321,1.0061,0.0048,-0.0046,1.0027,9.2891,9.7719,
207,2,300,235,400,321,1.0000,0.0005,-0.0037,0.9995,9.7475,9.7960,
208,2,300,235,400,321,1.0020,0.0016,-0.0032,1.0019,9.4907,10.0515,
209,2,300,235,400,321,0.9996,0.0102,-0.0079,0.9971,9.0718,10.8513,
210,2,300,235,400,321,1.0006,0.0118,-0.0250,0.9908,9.1598,11.8102,
211,2,300,235,400,321,1.0000,0.0094,-0.0107,0.9962,9.5824,10.5550,
212,2,300,235,400,321,0.9996,0.0056,-0.0002,1.0051,10.4679,9.3115,
213,2,302,234,401,321,0.9940,0.0024,-0.0125,1.0027,11.0045,9.5888,
214,2,302,234,401,321,1.0035,0.0018,-0.0065,1.0045,10.0834,9.6920,
215,2,302,234,401,321,1.0000,0.0041,-0.0046,1.0019,9.7431,10.2826,
216,2,302,234,401,321,1.0027,0.0103,-0.0140,0.9879,9.0809,11.6531,
217,2,302,234,401,321,1.0023,0.0043,-0.0050,0.9977,9.2004,10.6163,
218,2,302,234,401,321,1.0002,0.0003,-0.0018,0.9990,9.7235,10.0823,
219,2,302,234,401,321,0.9965,0.0027,0.0051,0.9994,10.1717,9.2360,
220,2,302,234,401,321,1.0051,0.0185,-0.0165,1.0065,9.3264,9.7448,
221,2,302,234,401,321,0.9990,0.0254,-0.0204,1.0000,8.6249,10.8266,
222,2,302,234,401,321,1.0065,0.0241,-0.0299,0.9972,8.0853,11.8555,
223,2,302,234,401,321,1.0021,0.0142,-0.0114,0.9992,8.9937,11.4147,
224,2,302,234,401,321,0.9999,0.0052,-0.0106,0.9974,9.4676,10.9483,
225,2,302,234,401,321,1.0039,0.0162,-0.0136,0.9909,9.0360,10.5757,
226,2,302,234,401,321,1.0025,0.0112,-0.0085,1.0031,9.2804,9.4727,
227,2,302,234,401,321,1.0001,0.0103,-0.0100,1.0044,9.3839,9.2335,
228,2,302,234,401,321,1.0031,0.0101,-0.0038,0.9996,9.0031,9.2572,
229,2,301,232,399,320,0.9983,0.0119,-0.0072,1.0046,7.5539,8.0070,
230,2,301,235,400,324,1.0052,0.0138,-0.0064,1.0141,8.9222,12.5225,
231,2,302,240,401,327,0.9976,0.0139,-0.0175,0.9861,9.7893,14.9657,
232,2,303,243,402,328,0.9948,0.0162,-0.0266,0.9787,9.8187,14.0436,
233,2,303,243,402,328,1.0029,0.0077,-0.0074,0.9982,9.5114,10.8990,
234,2,303,243,402,328,1.0017,-0.0259,0.0270,1.0038,10.4802,8.2619,
235,2,303,243,402,328,1.0000,-0.0301,0.0387,1.0065,10.2302,7.5329,
236,2,303,243,402,328,0.9970,-0.0067,0.0053,1.0022,9.5123,9.3019,
237,2,303,243,402,328,1.0023,0.0059,-0.0008,0.9918,9.1944,10.0081,
238,2,303,243,402,328,0.9990,0.0082,-0.0061,1.0018,9.6392,9.5689,
239,2,303,243,402,328,0.9986,0.0077,-0.0075,0.9982,10.1047,9.8317,
240,2,303,243,402,328,0.9996,0.0124,-0.0078,1.0067,10.0842,10.4523,
241,2,303,243,402,328,1.0045,0.0135,-0.0122,0.9969,9.7961,11.5467,
242,2,303,243,402,328,0.9959,0.0080,0.0025,0.9942,9.8471,10.4304,
243,2,303,243,402,328,1.0033,-0.0163,0.0217,0.9946,9.9820,8.8651,
244,2,303,243,402,328,0.9995,-0.0336,0.0245,1.0102,10.9719,8.2709,
245,2,303,243,402,328,1.0013,-0.0147,0.0263,1.0041,10.2667,9.2079,
246,2,303,243,402,328,1.0012,0.0125,-0.0111,0.9922,9.4621,11.4301,
247,2,304,245,402,329,0.9963,0.0061,-0.0006,0.9933,9.8777,11.4417,
248,2,304,247,402,330,0.9985,-0.0055,0.0027,0.9930,10.1875,11.0118,
249,2,304,247,402,330,0.9951,-0.0135,0.0339,0.9991,10.4088,9.3144,
250,2,304,249,402,332,0.9970,-0.0604,0.0528,1.0015,12.2858,8.6756,
251,2,287,244,394,326,0.9928,-0.0723,0.0746,1.0042,12.6373,7.7726,
252,2,287,246,394,327,0.9963,-0.0768,0.0758,0.9944,13.1609,7.1325,
253,2,288,248,394,329,0.9913,-0.0584,0.0584,0.9946,12.8066,8.4825,
254,2,289,250,394,331,0.9908,-0.0649,0.0596,0.9965,13.2745,8.7107,
255,2,290,253,394,334,0.9856,-0.0675,0.0575,0.9981,13.7133,9.2919,
256,2,292,256,393,336,0.9774,-0.0798,0.0612,0.9961,14.6082,8.9565,
257,2,302,263,389,342,0.8647,-0.2869,0.2506,0.9888,30.8185,3.5246,
258,2,305,264,391,345,0.9954,-0.0729,0.0882,1.0230,15.0066,6.6485,
259,2,309,266,394,347,0.9863,-0.0477,0.0578,1.0084,15.3414,8.5984,
260,2,315,269,396,350,0.9540,-0.0562,0.0431,0.9961,17.3831,10.5323,
261,2,320,272,397,353,0.9460,-0.0775,0.0207,1.0000,18.0186,11.5917,
262,2,326,275,398,356,0.9426,-0.0635,0.0145,0.9987,18.0087,11.8218,
263,2,332,278,401,359,0.9605,-0.0287,0.0100,1.0060,16.2424,11.7197,
264,2,336,280,404,362,0.9891,-0.0314,0.0163,1.0083,14.8281,11.1649,
265,2,339,283,406,365,0.9844,-0.0529,0.0547,1.0046,14.9269,10.3590,
266,2,341,285,409,368,1.0100,-0.0485,0.0753,1.0106,13.4924,9.1025,
267,2,342,286,412,373,1.0243,-0.0563,0.1504,1.0433,12.8069,5.3728,
268,2,343,286,415,378,1.0279,-0.0430,0.1638,1.0576,12.2327,3.2664,
269,2,345,287,418,380,1.0112,-0.0108,0.1303,1.0084,12.2327,5.7581,
270,2,348,290,421,383,1.0005,-0.0086,0.0274,1.0016,12.9071,11.0807,
271,2,351,294,424,386,1.0010,-0.0026,-0.0185,0.9844,12.5241,14.4249,
272,2,353,298,427,389,1.0151,-0.0043,-0.0108,0.9925,11.4368,13.6550,
273,2,355,301,430,392,1.0188,0.0226,0.0148,0.9956,10.3067,12.0941,
274,2,357,305,433,394,1.0043,0.0168,0.0085,0.9844,10.8992,12.7278,
275,2,358,309,435,397,1.0143,-0.0249,0.0099,0.9917,11.3856,12.6542,
276,2,339,287,433,386,1.0026,-0.0208,0.0214,0.9948,12.3424,11.5357,
277,2,341,289,435,389,1.0045,-0.0139,0.0192,1.0033,12.0219,10.9306,
278,2,342,291,437,391,1.0069,-0.0121,0.0207,0.9982,11.5668,10.6831,
279,2,343,293,439,393,1.0061,-0.0156,0.0093,0.9993,11.3750,11.1727,
280,2,344,295,440,395,1.0071,-0.0102,0.0096,0.9937,10.5523,11.1769,
281,2,344,297,441,397,1.0085,-0.0089,0.0077,0.9938,10.1767,11.4376,
282,2,344,299,443,399,1.0114,0.0014,0.0049,1.0004,9.8169,11.2954,
283,2,345,301,444,401,1.0079,0.0037,-0.0038,1.0001,9.8298,11.7249,
284,2,346,303,445,402,1.0031,0.0009,-0.0020,0.9911,10.1650,11.9349,
285,2,348,307,447,405,1.0022,-0.0346,0.0378,0.9931,13.3404,11.4351,
286,2,348,307,447,405,0.9998,-0.0200,0.0136,0.9956,11.6264,9.9386,
287,2,348,307,447,405,1.0006,-0.0140,0.0126,0.9990,11.2203,9.3785,
288,2,344,304,448,405,1.0541,0.0266,0.0836,1.0331,4.1874,2.5172,
289,2,344,304,448,405,1.0013,0.0002,-0.0000,0.9988,9.9017,10.0982,
290,2,344,304,448,405,0.9962,0.0018,-0.0101,0.9989,10.0035,10.4894,
291,2,344,304,448,405,1.0030,-0.0010,-0.0010,1.0016,9.9018,9.9438,
292,2,344,304,448,405,1.0009,-0.0004,0.0007,1.0004,10.0115,9.8567,
293,2,344,304,448,405,0.9992,-0.0014,0.0060,0.9994,10.0949,9.6615,
294,2,344,304,448,405,0.9985,0.0006,0.0021,1.0027,9.9763,9.7092,
295,2,344,304,448,405,1.0012,0.0024,0.0002,1.0012,9.7610,9.8122,
296,2,344,304,448,405,0.9991,-0.0005,-0.0003,1.0047,10.0640,9.6870,
297,2,344,304,448,405,1.0004,-0.0009,0.0027,0.9992,10.0922,9.7466,
298,2,344,304,448,405,1.0003,0.0009,0.0069,0.9999,9.9482,9.4347,
299,2,344,304,448,405,0.9965,0.0017,0.0008,1.0013,10.0148,9.7829,
300,2,344,304,448,405,1.0003,0.0023,0.0012,1.0005,9.8536,9.8676,
301,2,355,296,433,402,0.0000,0.0000,0.0000,0.0000,0.0000,0.0000,
302,2,355,296,433,402,0.0000,0.0000,0.0000,0.0000,0.0000,0.0000,
303,2,355,296,433,402,0.0000,0.0000,0.0000,0.0000,0.0000,0.0000,
304,2,355,296,433,402,0.0000,0.0000,0.0000,0.0000,0.0000,0.0000,
305,2,355,296,433,402,0.0000,0.0000,0.0000,0.0000,0.0000,0.0000,
306,2,355,296,433,402,0.0000,0.0000,0.0000,0.0000,0.0000,0.0000,
307,2,355,296,433,402,0.0000,0.0000,0.0000,0.0000,0.0000,0.0000,
308,2,355,296,433,402,0.0000,0.0000,0.0000,0.0000,0.0000,0.0000,
309,2,355,296,433,402,0.0000,0.0000,0.0000,0.0000,0.0000,0.0000,
310,2,355,296,433,402,0.0000,0.0000,0.0000,0.0000,0.0000,0.0000,
311,2,355,296,433,402,0.0000,0.0000,0.0000,0.0000,0.0000,0.0000,
312,2,355,296,433,402,0.0000,0.0000,0.0000,0.0000,0.0000,0.0000,
313,2,355,296,433,402,0.0000,0.0000,0.0000,0.0000,0.0000,0.0000,
314,2,355,296,433,402,0.0000,0.0000,0.0000,0.0000,0.0000,0.0000,
315,2,355,296,433,402,0.0000,0.0000,0.0000,0.0000,0.0000,0.0000,
316,2,355,296,433,402,0.0000,0.0000,0.0000,0.0000,0.0000,0.0000,
317,2,355,296,433,402,0.0000,0.0000,0.0000,0.0000,0.0000,0.0000,
318,2,355,296,433,402,0.0000,0.0000,0.0000,0.0000,0.0000,0.0000,
319,2,355,296,433,402,0.0000,0.0000,0.0000,0.0000,0.0000,0.0000,
320,2,355,296,433,402,0.0000,0.0000,0.0000,0.0000,0.0000,0.0000,
321,2,355,296,433,402,0.0000,0.0000,0.0000,0.0000,0.0000,0.0000,
322,2,355,296,433,402,0.0000,0.0000,0.0000,0.0000,0.0000,0.0000,
323,2,355,296,433,402,0.0000,0.0000,0.0000,0.0000,0.0000,0.0000,
324,2,355,296,433,402,0.0000,0.0000,0.0000,0.0000,0.0000,0.0000,
325,2,355,296,433,402,0.0000,0.0000,0.0000,0.0000,0.0000,0.0000,
326,2,355,296,433,402,0.0000,0.0000,0.0000,0.0000,0.0000,0.0000,
327,2,355,296,433,402,0.0000,0.0000,0.0000,0.0000,0.0000,0.0000,
328,2,355,296,433,402,0.0000,0.0000,0.0000,0.0000,0.0000,0.0000,
329,2,355,296,433,402,0.0000,0.0000,0.0000,0.0000,0.0000,0.0000,
330,2,355,296,433,402,0.0000,0.0000,0.0000,0.0000,0.0000,0.0000,
331,2,355,296,433,402,0.0000,0.0000,0.0000,0.0000,0.0000,0.0000,
332,2,355,296,433,402,0.0000,0.0000,0.0000,0.0000,0.0000,0.0000,
333,2,355,296,433,402,0.0000,0.0000,0.0000,0.0000,0.0000,0.0000,
334,2,355,296,433,402,0.0000,0.0000,0.0000,0.0000,0.0000,0.0000,
335,2,355,296,433,402,0.0000,0.0000,0.0000,0.0000,0.0000,0.0000,
336,2,355,296,433,402,0.0000,0.0000,0.0000,0.0000,0.0000,0.0000,
337,2,355,296,433,402,0.0000,0.0000,0.0000,0.0000,0.0000,0.0000,
338,2,355,296,433,402,0.0000,0.0000,0.0000,0.0000,0.0000,0.0000,
339,2,355,296,433,402,0.0000,0.0000,0.0000,0.0000,0.0000,0.0000,
340,2,355,296,433,402,0.0000,0.0000,0.0000,0.0000,0.0000,0.0000,
341,2,355,296,433,402,0.0000,0.0000,0.0000,0.0000,0.0000,0.0000,
342,2,355,296,433,402,0.0000,0.0000,0.0000,0.0000,0.0000,0.0000,
343,2,355,296,433,402,0.0000,0.0000,0.0000,0.0000,0.0000,0.0000,
344,2,355,296,433,402,0.0000,0.0000,0.0000,0.0000,0.0000,0.0000,
345,2,355,296,433,402,0.0000,0.0000,0.0000,0.0000,0.0000,0.0000,
346,2,355,296,433,402,0.0000,0.0000,0.0000,0.0000,0.0000,0.0000,
347,2,355,296,433,402,0.0000,0.0000,0.0000,0.0000,0.0000,0.0000,
348,2,355,296,433,402,0.0000,0.0000,0.0000,0.0000,0.0000,0.0000,
349,2,355,296,433,402,0.0000,0.0000,0.0000,0.0000,0.0000,0.0000,
350,2,355,296,433,402,0.0000,0.0000,0.0000,0.0000,0.0000,0.0000,
351,2,355,296,433,402,0.0000,0.0000,0.0000,0.0000,0.0000,0.0000,
352,2,355,296,433,402,0.0000,0.0000,0.0000,0.0000,0.0000,0.0000,
353,2,355,296,433,402,0.0000,0.0000,0.0000,0.0000,0.0000,0.0000,
354,2,355,296,433,402,0.0000,0.0000,0.0000,0.0000,0.0000,0.0000,
355,2,355,296,433,402,0.0000,0.0000,0.0000,0.0000,0.0000,0.0000,
356,2,355,296,433,402,0.0000,0.0000,0.0000,0.0000,0.0000,0.0000,
357,2,355,296,433,402,0.0000,0.0000,0.0000,0.0000,0.0000,0.0000,
358,2,355,296,433,402,0.0000,0.0000,0.0000,0.0000,0.0000,0.0000,
359,2,355,296,433,402,0.0000,0.0000,0.0000,0.0000,0.0000,0.0000,
360,2,355,296,433,402,0.0000,0.0000,0.0000,0.0000,0.0000,0.0000,
361,2,355,296,433,402,0.0000,0.0000,0.0000,0.0000,0.0000,0.0000,
362,2,355,296,433,402,0.0000,0.0000,0.0000,0.0000,0.0000,0.0000,
363,2,355,296,433,402,0.0000,0.0000,0.0000,0.0000,0.0000,0.0000,
364,2,355,296,433,402,0.0000,0.0000,0.0000,0.0000,0.0000,0.0000,
365,2,355,296,433,402,0.0000,0.0000,0.0000,0.0000,0.0000,0.0000,
366,2,355,296,433,402,0.0000,0.0000,0.0000,0.0000,0.0000,0.0000,
367,2,355,296,433,402,0.0000,0.0000,0.0000,0.0000,0.0000,0.0000,
368,2,355,296,433,402,0.0000,0.0000,0.0000,0.0000,0.0000,0.0000,
369,2,355,296,433,402,0.0000,0.0000,0.0000,0.0000,0.0000,0.0000,
370,2,355,296,433,402,0.0000,0.0000,0.0000,0.0000,0.0000,0.0000,
371,2,355,296,433,402,0.0000,0.0000,0.0000,0.0000,0.0000,0.0000,
372,2,355,296,433,402,0.0000,0.0000,0.0000,0.0000,0.0000,0.0000,
373,2,355,296,433,402,0.0000,0.0000,0.0000,0.0000,0.0000,0.0000,
374,2,355,296,433,402,0.0000,0.0000,0.0000,0.0000,0.0000,0.0000,
375,2,355,296,433,402,0.0000,0.0000,0.0000,0.0000,0.0000,0.0000,
376,2,355,296,433,402,0.0000,0.0000,0.0000,0.0000,0.0000,0.0000,
377,2,355,296,433,402,0.0000,0.0000,0.0000,0.0000,0.0000,0.0000,
378,2,355,296,433,402,0.0000,0.0000,0.0000,0.0000,0.0000,0.0000,
379,2,355,296,433,402,0.0000,0.0000,0.0000,0.0000,0.0000,0.0000,
380,2,355,296,433,402,0.0000,0.0000,0.0000,0.0000,0.0000,0.0000,
381,2,355,296,433,402,0.0000,0.0000,0.0000,0.0000,0.0000,0.0000,
382,2,355,296,433,402,0.0000,0.0000,0.0000,0.0000,0.0000,0.0000,
383,2,355,296,433,402,0.0000,0.0000,0.0000,0.0000,0.0000,0.0000,
384,2,355,296,433,402,0.0000,0.0000,0.0000,0.0000,0.0000,0.0000,
385,2,355,296,433,402,0.0000,0.0000,0.0000,0.0000,0.0000,0.0000,
386,2,355,296,433,402,0.0000,0.0000,0.0000,0.0000,0.0000,0.0000,
387,2,355,296,433,402,0.0000,0.0000,0.0000,0.0000,0.0000,0.0000,
388,2,355,296,433,402,0.0000,0.0000,0.0000,0.0000,0.0000,0.0000,
389,2,355,296,433,402,0.0000,0.0000,0.0000,0.0000,0.0000,0.0000,
390,2,355,296,433,402,0.0000,0.0000,0.0000,0.0000,0.0000,0.0000,
391,2,355,296,433,402,0.0000,0.0000,0.0000,0.0000,0.0000,0.0000,
392,2,355,296,433,402,0.0000,0.0000,0.0000,0.0000,0.0000,0.0000,
393,2,355,296,433,402,0.0000,0.0000,0.0000,0.0000,0.0000,0.0000,
394,2,355,296,433,402,0.0000,0.0000,0.0000,0.0000,0.0000,0.0000,
395,2,355,296,433,402,0.0000,0.0000,0.0000,0.0000,0.0000,0.0000,
396,2,355,296,433,402,0.0000,0.0000,0.0000,0.0000,0.0000,0.0000,
397,2,355,296,433,402,0.0000,0.0000,0.0000,0.0000,0.0000,0.0000,
398,2,355,296,433,402,0.0000,0.0000,0.0000,0.0000,0.0000,0.0000,
399,2,355,296,433,402,0.0000,0.0000,0.0000,0.0000,0.0000,0.0000,
400,2,355,296,433,402,0.0000,0.0000,0.0000,0.0000,0.0000,0.0000,
401,2,355,296,433,402,0.0000,0.0000,0.0000,0.0000,0.0000,0.0000,
402,2,355,296,433,402,0.0000,0.0000,0.0000,0.0000,0.0000,0.0000,
403,2,355,296,433,402,0.0000,0.0000,0.0000,0.0000,0.0000,0.0000,
404,2,355,296,433,402,0.0000,0.0000,0.0000,0.0000,0.0000,0.0000,
405,2,355,296,433,402,0.0000,0.0000,0.0000,0.0000,0.0000,0.0000,
406,2,355,296,433,402,0.0000,0.0000,0.0000,0.0000,0.0000,0.0000,
407,2,355,296,433,402,0.0000,0.0000,0.0000,0.0000,0.0000,0.0000,
408,2,355,296,433,402,0.0000,0.0000,0.0000,0.0000,0.0000,0.0000,
409,2,355,296,433,402,0.0000,0.0000,0.0000,0.0000,0.0000,0.0000,
410,2,355,296,433,402,0.0000,0.0000,0.0000,0.0000,0.0000,0.0000,
411,2,355,296,433,402,0.0000,0.0000,0.0000,0.0000,0.0000,0.0000,
412,2,355,296,433,402,0.0000,0.0000,0.0000,0.0000,0.0000,0.0000,
413,2,355,296,433,402,0.0000,0.0000,0.0000,0.0000,0.0000,0.0000,
414,2,355,296,433,402,0.0000,0.0000,0.0000,0.0000,0.0000,0.0000,
415,2,355,296,433,402,0.0000,0.0000,0.0000,0.0000,0.0000,0.0000,
416,2,355,296,433,402,0.0000,0.0000,0.0000,0.0000,0.0000,0.0000,
417,2,355,296,433,402,0.0000,0.0000,0.0000,0.0000,0.0000,0.0000,
418,2,355,296,433,402,0.0000,0.0000,0.0000,0.0000,0.0000,0.0000,
419,2,355,296,433,402,0.0000,0.0000,0.0000,0.0000,0.0000,0.0000,
420,2,355,296,433,402,0.0000,0.0000,0.0000,0.0000,0.0000,0.0000,
421,2,355,296,433,402,0.0000,0.0000,0.0000,0.0000,0.0000,0.0000,
422,2,355,296,433,402,0.0000,0.0000,0.0000,0.0000,0.0000,0.0000,
423,2,355,296,433,402,0.0000,0.0000,0.0000,0.0000,0.0000,0.0000,
424,2,355,296,433,402,0.0000,0.0000,0.0000,0.0000,0.0000,0.0000,
425,2,355,296,433,402,0.0000,0.0000,0.0000,0.0000,0.0000,0.0000,
426,2,355,296,433,402,0.0000,0.0000,0.0000,0.0000,0.0000,0.0000,
427,2,355,296,433,402,0.0000,0.0000,0.0000,0.0000,0.0000,0.0000,
428,2,355,296,433,402,0.0000,0.0000,0.0000,0.0000,0.0000,0.0000,
429,2,355,296,433,402,0.0000,0.0000,0.0000,0.0000,0.0000,0.0000,
430,2,355,296,433,402,0.0000,0.0000,0.0000,0.0000,0.0000,0.0000,
431,2,355,296,433,402,0.0000,0.0000,0.0000,0.0000,0.0000,0.0000,
432,2,355,296,433,402,0.0000,0.0000,0.0000,0.0000,0.0000,0.0000,
433,2,355,296,433,402,0.0000,0.0000,0.0000,0.0000,0.0000,0.0000,
434,2,355,296,433,402,0.0000,0.0000,0.0000,0.0000,0.0000,0.0000,
435,2,355,296,433,402,0.0000,0.0000,0.0000,0.0000,0.0000,0.0000,
436,2,355,296,433,402,0.0000,0.0000,0.0000,0.0000,0.0000,0.0000,
437,2,355,296,433,402,0.0000,0.0000,0.0000,0.0000,0.0000,0.0000,
438,2,355,296,433,402,0.0000,0.0000,0.0000,0.0000,0.0000,0.0000,
439,2,355,296,433,402,0.0000,0.0000,0.0000,0.0000,0.0000,0.0000,
440,2,355,296,433,402,0.0000,0.0000,0.0000,0.0000,0.0000,0.0000,
441,2,355,296,433,402,0.0000,0.0000,0.0000,0.0000,0.0000,0.0000,
442,2,355,296,433,402,0.0000,0.0000,0.0000,0.0000,0.0000,0.0000,
443,2,355,296,433,402,0.0000,0.0000,0.0000,0.0000,0.0000,0.0000,
444,2,355,296,433,402,0.0000,0.0000,0.0000,0.0000,0.0000,0.0000,
445,2,355,296,433,402,0.0000,0.0000,0.0000,0.0000,0.0000,0.0000,
446,2,355,296,433,402,0.0000,0.0000,0.0000,0.0000,0.0000,0.0000,
447,2,355,296,433,402,0.0000,0.0000,0.0000,0.0000,0.0000,0.0000,
448,2,355,296,433,402,0.0000,0.0000,0.0000,0.0000,0.0000,0.0000,
449,2,355,296,433,402,0.0000,0.0000,0.0000,0.0000,0.0000,0.0000,
450,2,355,296,433,402,0.0000,0.0000,0.0000,0.0000,0.0000,0.0000,
451,2,355,296,433,402,0.0000,0.0000,0.0000,0.0000,0.0000,0.0000,
452,2,355,296,433,402,0.0000,0.0000,0.0000,0.0000,0.0000,0.0000,
453,2,355,296,433,402,0.0000,0.0000,0.0000,0.0000,0.0000,0.0000,
454,2,355,296,433,402,0.0000,0.0000,0.0000,0.0000,0.0000,0.0000,
455,2,355,296,433,402,0.0000,0.0000,0.0000,0.0000,0.0000,0.0000,
456,2,355,296,433,402,0.0000,0.0000,0.0000,0.0000,0.0000,0.0000,
457,2,355,296,433,402,0.0000,0.0000,0.0000,0.0000,0.0000,0.0000,
458,2,355,296,433,402,0.0000,0.0000,0.0000,0.0000,0.0000,0.0000,
459,2,355,296,433,402,0.0000,0.0000,0.0000,0.0000,0.0000,0.0000,
460,2,355,296,433,402,0.0000,0.0000,0.0000,0.0000,0.0000,0.0000,
461,2,355,296,433,402,0.0000,0.0000,0.0000,0.0000,0.0000,0.0000,
462,2,355,296,433,402,0.0000,0.0000,0.0000,0.0000,0.0000,0.0000,
463,2,355,296,433,402,0.0000,0.0000,0.0000,0.0000,0.0000,0.0000,
464,2,355,296,433,402,0.0000,0.0000,0.0000,0.0000,0.0000,0.0000,
465,2,355,296,433,402,0.0000,0.0000,0.0000,0.0000,0.0000,0.0000,
466,2,355,296,433,402,0.0000,0.0000,0.0000,0.0000,0.0000,0.0000,
467,2,355,296,433,402,0.0000,0.0000,0.0000,0.0000,0.0000,0.0000,
468,2,355,296,433,402,0.0000,0.0000,0.0000,0.0000,0.0000,0.0000,
469,2,355,296,433,402,0.0000,0.0000,0.0000,0.0000,0.0000,0.0000,
470,2,355,296,433,402,0.0000,0.0000,0.0000,0.0000,0.0000,0.0000,
471,2,355,296,433,402,0.0000,0.0000,0.0000,0.0000,0.0000,0.0000,
472,2,355,296,433,402,0.0000,0.0000,0.0000,0.0000,0.0000,0.0000,
473,2,355,296,433,402,0.0000,0.0000,0.0000,0.0000,0.0000,0.0000,
474,2,355,296,433,402,0.0000,0.0000,0.0000,0.0000,0.0000,0.0000,
475,2,355,296,433,402,0.0000,0.0000,0.0000,0.0000,0.0000,0.0000,
476,2,355,296,433,402,0.0000,0.0000,0.0000,0.0000,0.0000,0.0000,
477,2,355,296,433,402,0.0000,0.0000,0.0000,0.0000,0.0000,0.0000,
478,2,355,296,433,402,0.0000,0.0000,0.0000,0.0000,0.0000,0.0000,
479,2,355,296,433,402,0.0000,0.0000,0.0000,0.0000,0.0000,0.0000,
480,2,355,296,433,402,0.0000,0.0000,0.0000,0.0000,0.0000,0.0000,
481,2,355,296,433,402,0.0000,0.0000,0.0000,0.0000,0.0000,0.0000,
482,2,355,296,433,402,0.0000,0.0000,0.0000,0.0000,0.0000,0.0000,
483,2,355,296,433,402,0.0000,0.0000,0.0000,0.0000,0.0000,0.0000,
484,2,355,296,433,402,0.0000,0.0000,0.0000,0.0000,0.0000,0.0000,
485,2,355,296,433,402,0.0000,0.0000,0.0000,0.0000,0.0000,0.0000,
486,2,355,296,433,402,0.0000,0.0000,0.0000,0.0000,0.0000,0.0000,
487,2,355,296,433,402,0.0000,0.0000,0.0000,0.0000,0.0000,0.0000,
488,2,355,296,433,402,0.0000,0.0000,0.0000,0.0000,0.0000,0.0000,
489,2,355,296,433,402,0.0000,0.0000,0.0000,0.0000,0.0000,0.0000,
490,2,355,296,433,402,0.0000,0.0000,0.0000,0.0000,0.0000,0.0000,
491,2,355,296,433,402,0.0000,0.0000,0.0000,0.0000,0.0000,0.0000,
492,2,355,296,433,402,0.0000,0.0000,0.0000,0.0000,0.0000,0.0000,
493,2,355,296,433,402,0.0000,0.0000,0.0000,0.0000,0.0000,0.0000,
494,2,355,296,433,402,0.0000,0.0000,0.0000,0.0000,0.0000,0.0000,
495,2,355,296,433,402,0.0000,0.0000,0.0000,0.0000,0.0000,0.0000,
496,2,355,296,433,402,0.0000,0.0000,0.0000,0.0000,0.0000,0.0000,
497,2,355,296,433,402,0.0000,0.0000,0.0000,0.0000,0.0000,0.0000,
498,2,355,296,433,402,0.0000,0.0000,0.0000,0.0000,0.0000,0.0000,
499,2,355,296,433,402,0.0000,0.0000,0.0000,0.0000,0.0000,0.0000,
500,2,355,296,433,402,0.0000,0.0000,0.0000,0.0000,0.0000,0.0000,
501,2,355,296,433,402,0.0000,0.0000,0.0000,0.0000,0.0000,0.0000,
502,2,355,296,433,402,0.0000,0.0000,0.0000,0.0000,0.0000,0.0000,
503,2,355,296,433,402,0.0000,0.0000,0.0000,0.0000,0.0000,0.0000,
504,2,355,296,433,402,0.0000,0.0000,0.0000,0.0000,0.0000,0.0000,
505,2,355,296,433,402,0.0000,0.0000,0.0000,0.0000,0.0000,0.0000,
506,2,355,296,433,402,0.0000,0.0000,0.0000,0.0000,0.0000,0.0000,
507,2,355,296,433,402,0.0000,0.0000,0.0000,0.0000,0.0000,0.0000,
508,2,355,296,433,402,0.0000,0.0000,0.0000,0.0000,0.0000,0.0000,
509,2,355,296,433,402,0.0000,0.0000,0.0000,0.0000,0.0000,0.0000,
510,2,355,296,433,402,0.0000,0.0000,0.0000,0.0000,0.0000,0.0000,
511,2,355,296,433,402,0.0000,0.0000,0.0000,0.0000,0.0000,0.0000,
512,2,355,296,433,402,0.0000,0.0000,0.0000,0.0000,0.0000,0.0000,
513,2,355,296,433,402,0.0000,0.0000,0.0000,0.0000,0.0000,0.0000,
514,2,355,296,433,402,0.0000,0.0000,0.0000,0.0000,0.0000,0.0000,
515,2,355,296,433,402,0.0000,0.0000,0.0000,0.0000,0.0000,0.0000,
516,2,355,296,433,402,0.0000,0.0000,0.0000,0.0000,0.0000,0.0000,
517,2,355,296,433,402,0.0000,0.0000,0.0000,0.0000,0.0000,0.0000,
518,2,355,296,433,402,0.0000,0.0000,0.0000,0.0000,0.0000,0.0000,
519,2,355,296,433,402,0.0000,0.0000,0.0000,0.0000,0.0000,0.0000,
520,2,355,296,433,402,0.0000,0.0000,0.0000,0.0000,0.0000,0.0000,
521,2,355,296,433,402,0.0000,0.0000,0.0000,0.0000,0.0000,0.0000,
522,2,355,296,433,402,0.0000,0.0000,0.0000,0.0000,0.0000,0.0000,
523,2,355,296,433,402,0.0000,0.0000,0.0000,0.0000,0.0000,0.0000,
524,2,355,296,433,402,0.0000,0.0000,0.0000,0.0000,0.0000,0.0000,
525,2,355,296,433,402,0.0000,0.0000,0.0000,0.0000,0.0000,0.0000,
526,2,355,296,433,402,0.0000,0.0000,0.0000,0.0000,0.0000,0.0000,
527,2,355,296,433,402,0.0000,0.0000,0.0000,0.0000,0.0000,0.0000,
528,2,355,296,433,402,0.0000,0.0000,0.0000,0.0000,0.0000,0.0000,
529,2,355,296,433,402,0.0000,0.0000,0.0000,0.0000,0.0000,0.0000,
530,2,355,296,433,402,0.0000,0.0000,0.0000,0.0000,0.0000,0.0000,
531,2,355,296,433,402,0.0000,0.0000,0.0000,0.0000,0.0000,0.0000,
532,2,355,296,433,402,0.0000,0.0000,0.0000,0.0000,0.0000,0.0000,
533,2,355,296,433,402,0.0000,0.0000,0.0000,0.0000,0.0000,0.0000,
534,2,355,296,433,402,0.0000,0.0000,0.0000,0.0000,0.0000,0.0000,
535,2,355,296,433,402,0.0000,0.0000,0.0000,0.0000,0.0000,0.0000,
536,2,355,296,433,402,0.0000,0.0000,0.0000,0.0000,0.0000,0.0000,
537,2,355,296,433,402,0.0000,0.0000,0.0000,0.0000,0.0000,0.0000,
538,2,355,296,433,402,0.0000,0.0000,0.0000,0.0000,0.0000,0.0000,
539,2,355,296,433,402,0.0000,0.0000,0.0000,0.0000,0.0000,0.0000,
540,2,355,296,433,402,0.0000,0.0000,0.0000,0.0000,0.0000,0.0000,
541,2,355,296,433,402,0.0000,0.0000,0.0000,0.0000,0.0000,0.0000,
542,2,355,296,433,402,0.0000,0.0000,0.0000,0.0000,0.0000,0.0000,
543,2,355,296,433,402,0.0000,0.0000,0.0000,0.0000,0.0000,0.0000,
544,2,355,296,433,402,0.0000,0.0000,0.0000,0.0000,0.0000,0.0000,
545,2,355,296,433,402,0.0000,0.0000,0.0000,0.0000,0.0000,0.0000,
546,2,355,296,433,402,0.0000,0.0000,0.0000,0.0000,0.0000,0.0000,
547,2,355,296,433,402,0.0000,0.0000,0.0000,0.0000,0.0000,0.0000,
548,2,355,296,433,402,0.0000,0.0000,0.0000,0.0000,0.0000,0.0000,
549,2,355,296,433,402,0.0000,0.0000,0.0000,0.0000,0.0000,0.0000,
550,2,355,296,433,402,0.0000,0.0000,0.0000,0.0000,0.0000,0.0000,
551,2,355,296,433,402,0.0000,0.0000,0.0000,0.0000,0.0000,0.0000,
552,2,355,296,433,402,0.0000,0.0000,0.0000,0.0000,0.0000,0.0000,
553,2,355,296,433,402,0.0000,0.0000,0.0000,0.0000,0.0000,0.0000,
554,2,355,296,433,402,0.0000,0.0000,0.0000,0.0000,0.0000,0.0000,
555,2,355,296,433,402,0.0000,0.0000,0.0000,0.0000,0.0000,0.0000,
556,2,355,296,433,402,0.0000,0.0000,0.0000,0.0000,0.0000,0.0000,
557,2,355,296,433,402,0.0000,0.0000,0.0000,0.0000,0.0000,0.0000,
558,2,355,296,433,402,0.0000,0.0000,0.0000,0.0000,0.0000,0.0000,
559,2,355,296,433,402,0.0000,0.0000,0.0000,0.0000,0.0000,0.0000,
560,2,355,296,433,402,0.0000,0.0000,0.0000,0.0000,0.0000,0.0000,
561,2,355,296,433,402,0.0000,0.0000,0.0000,0.0000,0.0000,0.0000,
562,2,355,296,433,402,0.0000,0.0000,0.0000,0.0000,0.0000,0.0000,
563,2,355,296,433,402,0.0000,0.0000,0.0000,0.0000,0.0000,0.0000,
564,2,355,296,433,402,0.0000,0.0000,0.0000,0.0000,0.0000,0.0000,
565,2,355,296,433,402,0.0000,0.0000,0.0000,0.0000,0.0000,0.0000,
566,2,355,296,433,402,0.0000,0.0000,0.0000,0.0000,0.0000,0.0000,
567,2,355,296,433,402,0.0000,0.0000,0.0000,0.0000,0.0000,0.0000,
568,2,355,296,433,402,0.0000,0.0000,0.0000,0.0000,0.0000,0.0000,
569,2,355,296,433,402,0.0000,0.0000,0.0000,0.0000,0.0000,0.0000,
570,2,355,296,433,402,0.0000,0.0000,0.0000,0.0000,0.0000,0.0000,
571,2,355,296,433,402,0.0000,0.0000,0.0000,0.0000,0.0000,0.0000,
572,2,355,296,433,402,0.0000,0.0000,0.0000,0.0000,0.0000,0.0000,
573,2,355,296,433,402,0.0000,0.0000,0.0000,0.0000,0.0000,0.0000,
574,2,355,296,433,402,0.0000,0.0000,0.0000,0.0000,0.0000,0.0000,
575,2,355,296,433,402,0.0000,0.0000,0.0000,0.0000,0.0000,0.0000,
576,2,355,296,433,402,0.0000,0.0000,0.0000,0.0000,0.0000,0.0000,
577,2,355,296,433,402,0.0000,0.0000,0.0000,0.0000,0.0000,0.0000,
578,2,355,296,433,402,0.0000,0.0000,0.0000,0.0000,0.0000,0.0000,
579,2,355,296,433,402,0.0000,0.0000,0.0000,0.0000,0.0000,0.0000,
580,2,355,296,433,402,0.0000,0.0000,0.0000,0.0000,0.0000,0.0000,
581,2,355,296,433,402,0.0000,0.0000,0.0000,0.0000,0.0000,0.0000,
582,2,355,296,433,402,0.0000,0.0000,0.0000,0.0000,0.0000,0.0000,
583,2,355,296,433,402,0.0000,0.0000,0.0000,0.0000,0.0000,0.0000,
584,2,355,296,433,402,0.0000,0.0000,0.0000,0.0000,0.0000,0.0000,
585,2,355,296,433,402,0.0000,0.0000,0.0000,0.0000,0.0000,0.0000,
586,2,355,296,433,402,0.0000,0.0000,0.0000,0.0000,0.0000,0.0000,
587,2,355,296,433,402,0.0000,0.0000,0.0000,0.0000,0.0000,0.0000,
588,2,355,296,433,402,0.0000,0.0000,0.0000,0.0000,0.0000,0.0000,
589,2,355,296,433,402,0.0000,0.0000,0.0000,0.0000,0.0000,0.0000,
590,2,355,296,433,402,0.0000,0.0000,0.0000,0.0000,0.0000,0.0000,
591,2,355,296,433,402,0.0000,0.0000,0.0000,0.0000,0.0000,0.0000,
592,2,355,296,433,402,0.0000,0.0000,0.0000,0.0000,0.0000,0.0000,
593,2,355,296,433,402,0.0000,0.0000,0.0000,0.0000,0.0000,0.0000,
594,2,355,296,433,402,0.0000,0.0000,0.0000,0.0000,0.0000,0.0000,
595,2,355,296,433,402,0.0000,0.0000,0.0000,0.0000,0.0000,0.0000,
596,2,355,296,433,402,0.0000,0.0000,0.0000,0.0000,0.0000,0.0000,
597,2,355,296,433,402,0.0000,0.0000,0.0000,0.0000,0.0000,0.0000,
598,2,355,296,433,402,0.0000,0.0000,0.0000,0.0000,0.0000,0.0000,
599,2,355,296,433,402,0.0000,0.0000,0.0000,0.0000,0.0000,0.0000,
600,2,355,296,433,402,0.0000,0.0000,0.0000,0.0000,0.0000,0.0000,
601,2,355,296,433,402,0.0000,0.0000,0.0000,0.0000,0.0000,0.0000,
602,2,355,296,433,402,0.0000,0.0000,0.0000,0.0000,0.0000,0.0000,
603,2,355,296,433,402,0.0000,0.0000,0.0000,0.0000,0.0000,0.0000,
604,2,355,296,433,402,0.0000,0.0000,0.0000,0.0000,0.0000,0.0000,
605,2,355,296,433,402,0.0000,0.0000,0.0000,0.0000,0.0000,0.0000,
606,2,355,296,433,402,0.0000,0.0000,0.0000,0.0000,0.0000,0.0000,
607,2,355,296,433,402,0.0000,0.0000,0.0000,0.0000,0.0000,0.0000,
608,2,355,296,433,402,0.0000,0.0000,0.0000,0.0000,0.0000,0.0000,
609,2,355,296,433,402,0.0000,0.0000,0.0000,0.0000,0.0000,0.0000,
610,2,355,296,433,402,0.0000,0.0000,0.0000,0.0000,0.0000,0.0000,
611,2,355,296,433,402,0.0000,0.0000,0.0000,0.0000,0.0000,0.0000,
612,2,355,296,433,402,0.0000,0.0000,0.0000,0.0000,0.0000,0.0000,
613,2,355,296,433,402,0.0000,0.0000,0.0000,0.0000,0.0000,0.0000,
614,2,355,296,433,402,0.0000,0.0000,0.0000,0.0000,0.0000,0.0000,
615,2,355,296,433,402,0.0000,0.0000,0.0000,0.0000,0.0000,0.0000,
616,2,355,296,433,402,0.0000,0.0000,0.0000,0.0000,0.0000,0.0000,
617,2,355,296,433,402,0.0000,0.0000,0.0000,0.0000,0.0000,0.0000,
618,2,355,296,433,402,0.0000,0.0000,0.0000,0.0000,0.0000,0.0000,
619,2,355,296,433,402,0.0000,0.0000,0.0000,0.0000,0.0000,0.0000,
620,2,355,296,433,402,0.0000,0.0000,0.0000,0.0000,0.0000,0.0000,
621,2,355,296,433,402,0.0000,0.0000,0.0000,0.0000,0.0000,0.0000,
622,2,355,296,433,402,0.0000,0.0000,0.0000,0.0000,0.0000,0.0000,
623,2,355,296,433,402,0.0000,0.0000,0.0000,0.0000,0.0000,0.0000,
624,2,355,296,433,402,0.0000,0.0000,0.0000,0.0000,0.0000,0.0000,
625,2,355,296,433,402,0.0000,0.0000,0.0000,0.0000,0.0000,0.0000,
626,2,355,296,433,402,0.0000,0.0000,0.0000,0.0000,0.0000,0.0000,
627,2,355,296,433,402,0.0000,0.0000,0.0000,0.0000,0.0000,0.0000,
628,2,355,296,433,402,0.0000,0.0000,0.0000,0.0000,0.0000,0.0000,
629,2,355,296,433,402,0.0000,0.0000,0.0000,0.0000,0.0000,0.0000,
630,2,355,296,433,402,0.0000,0.0000,0.0000,0.0000,0.0000,0.0000,
631,2,355,296,433,402,0.0000,0.0000,0.0000,0.0000,0.0000,0.0000,
632,2,355,296,433,402,0.0000,0.0000,0.0000,0.0000,0.0000,0.0000,
633,2,355,296,433,402,0.0000,0.0000,0.0000,0.0000,0.0000,0.0000,
634,2,355,296,433,402,0.0000,0.0000,0.0000,0.0000,0.0000,0.0000,
635,2,355,296,433,402,0.0000,0.0000,0.0000,0.0000,0.0000,0.0000,
636,2,355,296,433,402,0.0000,0.0000,0.0000,0.0000,0.0000,0.0000,
637,2,355,296,433,402,0.0000,0.0000,0.0000,0.0000,0.0000,0.0000,
638,2,355,296,433,402,0.0000,0.0000,0.0000,0.0000,0.0000,0.0000,
639,2,355,296,433,402,0.0000,0.0000,0.0000,0.0000,0.0000,0.0000,
640,2,355,296,433,402,0.0000,0.0000,0.0000,0.0000,0.0000,0.0000,
641,2,355,296,433,402,0.0000,0.0000,0.0000,0.0000,0.0000,0.0000,
642,2,355,296,433,402,0.0000,0.0000,0.0000,0.0000,0.0000,0.0000,
643,2,355,296,433,402,0.0000,0.0000,0.0000,0.0000,0.0000,0.0000,
