1,1,248,260,341,318,1.0000,0.0000,0.0001,1.0000,10.0005,9.9980,
2,1,248,260,341,318,0.9987,-0.0017,0.0010,0.9917,9.8653,9.9458,
3,1,248,260,341,318,0.9999,-0.0031,-0.0002,1.0020,10.1086,9.8581,
4,1,248,260,341,318,0.9972,-0.0027,-0.0003,1.0006,10.2621,9.9119,
5,1,248,260,341,318,0.9990,-0.0006,0.0026,0.9977,10.0054,9.8760,
6,1,248,260,341,318,1.0011,0.0008,0.0015,1.0015,9.8586,9.8037,
7,1,248,260,341,318,0.9975,0.0032,0.0012,1.0003,10.0854,9.8818,
8,1,248,260,341,318,0.9995,-0.0017,0.0024,0.9975,10.0607,9.8786,
9,1,248,260,341,318,0.9980,0.0026,-0.0000,1.0012,10.0739,10.0101,
10,1,248,260,341,318,0.9986,0.0025,-0.0008,1.0069,10.0796,9.8877,
11,1,248,260,341,318,1.0064,-0.0089,-0.0034,0.9963,10.0185,10.4275,
12,1,248,260,341,318,1.0005,-0.0127,-0.0006,0.9908,10.4584,10.5593,
13,1,248,260,341,318,0.9836,0.0174,0.0039,1.0051,10.1294,10.4328,
14,1,248,260,341,318,1.0169,-0.0093,0.0214,0.9915,9.6339,9.8749,
15,1,249,262,341,320,0.9887,-0.0057,0.0019,1.0074,10.6555,11.0905,
16,1,250,264,341,322,0.9945,0.0036,0.0043,0.9950,10.1258,11.5055,
17,1,251,266,341,324,0.9933,0.0025,-0.0039,1.0032,10.1341,11.8951,
18,1,252,268,342,327,1.0060,-0.0022,-0.0043,1.0152,10.1374,11.7451,
19,1,252,270,343,331,1.0018,-0.0068,-0.0044,1.0234,10.0444,11.8161,
20,1,252,272,344,334,1.0018,-0.0008,-0.0030,1.0224,9.9116,11.6886,
21,1,252,274,344,337,1.0014,-0.0111,0.0006,1.0093,10.1454,11.8957,
22,1,252,277,344,339,1.0031,-0.0147,0.0091,0.9840,10.1000,12.1016,
23,1,252,280,344,342,0.9963,-0.0017,0.0049,0.9941,10.0175,12.3976,
24,1,252,283,344,345,0.9977,-0.0156,0.0206,0.9969,10.4742,11.6829,
25,1,252,286,344,350,1.0014,-0.0041,0.0019,1.0315,9.8782,12.1348,
26,1,253,289,344,355,0.9936,-0.0075,0.0051,1.0336,10.4168,12.3835,
27,1,253,292,345,360,1.0112,-0.0032,0.0013,1.0273,9.4494,12.5421,
28,1,253,295,345,364,1.0056,-0.0044,0.0159,1.0113,9.5876,12.1156,
29,1,253,298,346,367,1.0092,-0.0098,0.0038,1.0003,9.5278,12.6232,
30,1,253,301,347,370,1.0108,0.0004,0.0050,1.0013,9.4472,12.5533,
31,1,253,304,348,374,1.0057,-0.0059,-0.0024,1.0099,9.8779,12.5495,
32,1,253,307,348,379,0.9992,-0.0104,0.0207,1.0235,10.0537,11.4367,
33,1,253,310,349,383,1.0117,-0.0061,-0.0076,1.0135,9.9053,12.5975,
34,1,253,313,350,387,1.0082,-0.0130,0.0024,1.0160,10.3249,12.1319,
35,1,254,317,350,389,0.9988,0.0107,0.0037,0.9773,9.6836,13.2104,
36,1,254,321,350,393,0.9998,-0.0073,-0.0034,1.0028,10.1971,13.1975,
37,1,256,324,348,397,0.9676,-0.0283,-0.0086,1.0080,12.1555,13.0814,
38,1,255,328,350,399,1.0331,-0.0142,-0.0214,0.9771,9.2361,14.0717,
39,1,257,332,350,401,0.9749,0.0050,0.0083,0.9717,11.3866,13.2564,
40,1,257,334,352,404,1.0214,-0.0086,-0.0127,1.0078,10.1017,12.5318,
41,1,257,337,354,406,1.0230,-0.0415,0.0066,0.9949,11.1719,11.9524,
42,1,258,339,356,409,1.0155,-0.0072,0.0032,1.0077,10.5257,11.8329,
43,1,259,342,356,412,0.9877,0.0249,0.0145,0.9930,9.9687,11.9986,
44,1,260,344,358,414,1.0136,0.0035,-0.0247,1.0007,9.9119,12.8108,
45,1,261,346,359,416,1.0012,-0.0008,-0.0020,1.0011,10.5957,11.4941,
46,1,262,348,360,418,0.9981,0.0081,0.0014,0.9914,10.3774,11.5461,
47,1,263,349,362,420,1.0094,-0.0169,0.0029,1.0121,10.7833,10.6302,
48,1,264,352,362,420,0.9924,0.0159,0.0059,0.9683,10.1589,11.7600,
49,1,264,351,365,422,1.0220,-0.0337,-0.0007,1.0473,11.1094,8.2010,
50,1,264,351,365,422,0.9910,-0.0200,-0.0045,0.9864,11.4850,10.9117,
51,1,250,341,347,405,0.0000,0.0000,0.0000,0.0000,0.0000,0.0000,
52,1,250,341,347,405,0.0000,0.0000,0.0000,0.0000,0.0000,0.0000,
53,1,250,341,347,405,0.0000,0.0000,0.0000,0.0000,0.0000,0.0000,
54,1,250,341,347,405,0.0000,0.0000,0.0000,0.0000,0.0000,0.0000,
55,1,250,341,347,405,0.0000,0.0000,0.0000,0.0000,0.0000,0.0000,
56,1,250,341,347,405,0.0000,0.0000,0.0000,0.0000,0.0000,0.0000,
57,1,250,341,347,405,0.0000,0.0000,0.0000,0.0000,0.0000,0.0000,
58,1,250,341,347,405,0.0000,0.0000,0.0000,0.0000,0.0000,0.0000,
59,1,250,341,347,405,0.0000,0.0000,0.0000,0.0000,0.0000,0.0000,
60,1,250,341,347,405,0.0000,0.0000,0.0000,0.0000,0.0000,0.0000,
61,1,250,341,347,405,0.0000,0.0000,0.0000,0.0000,0.0000,0.0000,
62,1,250,341,347,405,0.0000,0.0000,0.0000,0.0000,0.0000,0.0000,
63,1,250,341,347,405,0.0000,0.0000,0.0000,0.0000,0.0000,0.0000,
64,1,250,341,347,405,0.0000,0.0000,0.0000,0.0000,0.0000,0.0000,
65,1,250,341,347,405,0.0000,0.0000,0.0000,0.0000,0.0000,0.0000,
66,1,250,341,347,405,0.0000,0.0000,0.0000,0.0000,0.0000,0.0000,
67,1,250,341,347,405,0.0000,0.0000,0.0000,0.0000,0.0000,0.0000,
68,1,250,341,347,405,0.0000,0.0000,0.0000,0.0000,0.0000,0.0000,
69,1,250,341,347,405,0.0000,0.0000,0.0000,0.0000,0.0000,0.0000,
70,1,250,341,347,405,0.0000,0.0000,0.0000,0.0000,0.0000,0.0000,
71,1,250,341,347,405,0.0000,0.0000,0.0000,0.0000,0.0000,0.0000,
72,1,250,341,347,405,0.0000,0.0000,0.0000,0.0000,0.0000,0.0000,
73,1,250,341,347,405,0.0000,0.0000,0.0000,0.0000,0.0000,0.0000,
74,1,250,341,347,405,0.0000,0.0000,0.0000,0.0000,0.0000,0.0000,
75,1,250,341,347,405,0.0000,0.0000,0.0000,0.0000,0.0000,0.0000,
76,1,250,341,347,405,0.0000,0.0000,0.0000,0.0000,0.0000,0.0000,
77,1,250,341,347,405,0.0000,0.0000,0.0000,0.0000,0.0000,0.0000,
78,1,250,341,347,405,0.0000,0.0000,0.0000,0.0000,0.0000,0.0000,
79,1,250,341,347,405,0.0000,0.0000,0.0000,0.0000,0.0000,0.0000,
80,1,250,341,347,405,0.0000,0.0000,0.0000,0.0000,0.0000,0.0000,
81,1,250,341,347,405,0.0000,0.0000,0.0000,0.0000,0.0000,0.0000,
82,1,250,341,347,405,0.0000,0.0000,0.0000,0.0000,0.0000,0.0000,
83,1,250,341,347,405,0.0000,0.0000,0.0000,0.0000,0.0000,0.0000,
84,1,250,341,347,405,0.0000,0.0000,0.0000,0.0000,0.0000,0.0000,
85,1,250,341,347,405,0.0000,0.0000,0.0000,0.0000,0.0000,0.0000,
86,1,250,341,347,405,0.0000,0.0000,0.0000,0.0000,0.0000,0.0000,
87,1,250,341,347,405,0.0000,0.0000,0.0000,0.0000,0.0000,0.0000,
88,1,250,341,347,405,0.0000,0.0000,0.0000,0.0000,0.0000,0.0000,
89,1,250,341,347,405,0.0000,0.0000,0.0000,0.0000,0.0000,0.0000,
90,1,250,341,347,405,0.0000,0.0000,0.0000,0.0000,0.0000,0.0000,
91,1,250,341,347,405,0.0000,0.0000,0.0000,0.0000,0.0000,0.0000,
92,1,250,341,347,405,0.0000,0.0000,0.0000,0.0000,0.0000,0.0000,
93,1,250,341,347,405,0.0000,0.0000,0.0000,0.0000,0.0000,0.0000,
94,1,250,341,347,405,0.0000,0.0000,0.0000,0.0000,0.0000,0.0000,
95,1,250,341,347,405,0.0000,0.0000,0.0000,0.0000,0.0000,0.0000,
96,1,250,341,347,405,0.0000,0.0000,0.0000,0.0000,0.0000,0.0000,
97,1,250,341,347,405,0.0000,0.0000,0.0000,0.0000,0.0000,0.0000,
98,1,250,341,347,405,0.0000,0.0000,0.0000,0.0000,0.0000,0.0000,
99,1,250,341,347,405,0.0000,0.0000,0.0000,0.0000,0.0000,0.0000,
100,1,250,341,347,405,0.0000,0.0000,0.0000,0.0000,0.0000,0.0000,
101,1,250,341,347,405,0.0000,0.0000,0.0000,0.0000,0.0000,0.0000,
102,1,250,341,347,405,0.0000,0.0000,0.0000,0.0000,0.0000,0.0000,
103,1,250,341,347,405,0.0000,0.0000,0.0000,0.0000,0.0000,0.0000,
104,1,250,341,347,405,0.0000,0.0000,0.0000,0.0000,0.0000,0.0000,
105,1,250,341,347,405,0.0000,0.0000,0.0000,0.0000,0.0000,0.0000,
106,1,250,341,347,405,0.0000,0.0000,0.0000,0.0000,0.0000,0.0000,
107,1,250,341,347,405,0.0000,0.0000,0.0000,0.0000,0.0000,0.0000,
108,1,250,341,347,405,0.0000,0.0000,0.0000,0.0000,0.0000,0.0000,
109,1,250,341,347,405,0.0000,0.0000,0.0000,0.0000,0.0000,0.0000,
110,1,250,341,347,405,0.0000,0.0000,0.0000,0.0000,0.0000,0.0000,
111,1,250,341,347,405,0.0000,0.0000,0.0000,0.0000,0.0000,0.0000,
112,1,250,341,347,405,0.0000,0.0000,0.0000,0.0000,0.0000,0.0000,
113,1,250,341,347,405,0.0000,0.0000,0.0000,0.0000,0.0000,0.0000,
114,1,250,341,347,405,0.0000,0.0000,0.0000,0.0000,0.0000,0.0000,
115,1,250,341,347,405,0.0000,0.0000,0.0000,0.0000,0.0000,0.0000,
116,1,250,341,347,405,0.0000,0.0000,0.0000,0.0000,0.0000,0.0000,
117,1,250,341,347,405,0.0000,0.0000,0.0000,0.0000,0.0000,0.0000,
118,1,250,341,347,405,0.0000,0.0000,0.0000,0.0000,0.0000,0.0000,
119,1,250,341,347,405,0.0000,0.0000,0.0000,0.0000,0.0000,0.0000,
120,1,250,341,347,405,0.0000,0.0000,0.0000,0.0000,0.0000,0.0000,
121,1,250,341,347,405,0.0000,0.0000,0.0000,0.0000,0.0000,0.0000,
122,1,250,341,347,405,0.0000,0.0000,0.0000,0.0000,0.0000,0.0000,
123,1,250,341,347,405,0.0000,0.0000,0.0000,0.0000,0.0000,0.0000,
124,1,250,341,347,405,0.0000,0.0000,0.0000,0.0000,0.0000,0.0000,
125,1,250,341,347,405,0.0000,0.0000,0.0000,0.0000,0.0000,0.0000,
126,1,250,341,347,405,0.0000,0.0000,0.0000,0.0000,0.0000,0.0000,
127,1,250,341,347,405,0.0000,0.0000,0.0000,0.0000,0.0000,0.0000,
128,1,250,341,347,405,0.0000,0.0000,0.0000,0.0000,0.0000,0.0000,
129,1,250,341,347,405,0.0000,0.0000,0.0000,0.0000,0.0000,0.0000,
130,1,250,341,347,405,0.0000,0.0000,0.0000,0.0000,0.0000,0.0000,
131,1,250,341,347,405,0.0000,0.0000,0.0000,0.0000,0.0000,0.0000,
132,1,250,341,347,405,0.0000,0.0000,0.0000,0.0000,0.0000,0.0000,
133,1,250,341,347,405,0.0000,0.0000,0.0000,0.0000,0.0000,0.0000,
134,1,250,341,347,405,0.0000,0.0000,0.0000,0.0000,0.0000,0.0000,
135,1,250,341,347,405,0.0000,0.0000,0.0000,0.0000,0.0000,0.0000,
136,1,250,341,347,405,0.0000,0.0000,0.0000,0.0000,0.0000,0.0000,
137,1,250,341,347,405,0.0000,0.0000,0.0000,0.0000,0.0000,0.0000,
138,1,250,341,347,405,0.0000,0.0000,0.0000,0.0000,0.0000,0.0000,
139,1,250,341,347,405,0.0000,0.0000,0.0000,0.0000,0.0000,0.0000,
140,1,250,341,347,405,0.0000,0.0000,0.0000,0.0000,0.0000,0.0000,
141,1,250,341,347,405,0.0000,0.0000,0.0000,0.0000,0.0000,0.0000,
142,1,250,341,347,405,0.0000,0.0000,0.0000,0.0000,0.0000,0.0000,
143,1,250,341,347,405,0.0000,0.0000,0.0000,0.0000,0.0000,0.0000,
144,1,250,341,347,405,0.0000,0.0000,0.0000,0.0000,0.0000,0.0000,
145,1,250,341,347,405,0.0000,0.0000,0.0000,0.0000,0.0000,0.0000,
146,1,250,341,347,405,0.0000,0.0000,0.0000,0.0000,0.0000,0.0000,
147,1,250,341,347,405,0.0000,0.0000,0.0000,0.0000,0.0000,0.0000,
148,1,250,341,347,405,0.0000,0.0000,0.0000,0.0000,0.0000,0.0000,
149,1,250,341,347,405,0.0000,0.0000,0.0000,0.0000,0.0000,0.0000,
150,1,250,341,347,405,0.0000,0.0000,0.0000,0.0000,0.0000,0.0000,
151,1,250,341,347,405,0.0000,0.0000,0.0000,0.0000,0.0000,0.0000,
152,1,250,341,347,405,0.0000,0.0000,0.0000,0.0000,0.0000,0.0000,
153,1,250,341,347,405,0.0000,0.0000,0.0000,0.0000,0.0000,0.0000,
154,1,250,341,347,405,0.0000,0.0000,0.0000,0.0000,0.0000,0.0000,
155,1,250,341,347,405,0.0000,0.0000,0.0000,0.0000,0.0000,0.0000,
156,1,250,341,347,405,0.0000,0.0000,0.0000,0.0000,0.0000,0.0000,
157,1,250,341,347,405,0.0000,0.0000,0.0000,0.0000,0.0000,0.0000,
158,1,250,341,347,405,0.0000,0.0000,0.0000,0.0000,0.0000,0.0000,
159,1,250,341,347,405,0.0000,0.0000,0.0000,0.0000,0.0000,0.0000,
160,1,250,341,347,405,0.0000,0.0000,0.0000,0.0000,0.0000,0.0000,
161,1,250,341,347,405,0.0000,0.0000,0.0000,0.0000,0.0000,0.0000,
162,1,250,341,347,405,0.0000,0.0000,0.0000,0.0000,0.0000,0.0000,
163,1,250,341,347,405,0.0000,0.0000,0.0000,0.0000,0.0000,0.0000,
164,1,250,341,347,405,0.0000,0.0000,0.0000,0.0000,0.0000,0.0000,
165,1,250,341,347,405,0.0000,0.0000,0.0000,0.0000,0.0000,0.0000,
166,1,250,341,347,405,0.0000,0.0000,0.0000,0.0000,0.0000,0.0000,
167,1,250,341,347,405,0.0000,0.0000,0.0000,0.0000,0.0000,0.0000,
168,1,250,341,347,405,0.0000,0.0000,0.0000,0.0000,0.0000,0.0000,
169,1,250,341,347,405,0.0000,0.0000,0.0000,0.0000,0.0000,0.0000,
170,1,250,341,347,405,0.0000,0.0000,0.0000,0.0000,0.0000,0.0000,
171,1,250,341,347,405,0.0000,0.0000,0.0000,0.0000,0.0000,0.0000,
172,1,250,341,347,405,0.0000,0.0000,0.0000,0.0000,0.0000,0.0000,
173,1,250,341,347,405,0.0000,0.0000,0.0000,0.0000,0.0000,0.0000,
174,1,250,341,347,405,0.0000,0.0000,0.0000,0.0000,0.0000,0.0000,
175,1,250,341,347,405,0.0000,0.0000,0.0000,0.0000,0.0000,0.0000,
176,1,250,341,347,405,0.0000,0.0000,0.0000,0.0000,0.0000,0.0000,
177,1,250,341,347,405,0.0000,0.0000,0.0000,0.0000,0.0000,0.0000,
178,1,250,341,347,405,0.0000,0.0000,0.0000,0.0000,0.0000,0.0000,
179,1,250,341,347,405,0.0000,0.0000,0.0000,0.0000,0.0000,0.0000,
180,1,250,341,347,405,0.0000,0.0000,0.0000,0.0000,0.0000,0.0000,
181,1,250,341,347,405,0.0000,0.0000,0.0000,0.0000,0.0000,0.0000,
182,1,250,341,347,405,0.0000,0.0000,0.0000,0.0000,0.0000,0.0000,
183,1,250,341,347,405,0.0000,0.0000,0.0000,0.0000,0.0000,0.0000,
184,1,250,341,347,405,0.0000,0.0000,0.0000,0.0000,0.0000,0.0000,
185,1,250,341,347,405,0.0000,0.0000,0.0000,0.0000,0.0000,0.0000,
186,1,250,341,347,405,0.0000,0.0000,0.0000,0.0000,0.0000,0.0000,
187,1,250,341,347,405,0.0000,0.0000,0.0000,0.0000,0.0000,0.0000,
188,1,250,341,347,405,0.0000,0.0000,0.0000,0.0000,0.0000,0.0000,
189,1,250,341,347,405,0.0000,0.0000,0.0000,0.0000,0.0000,0.0000,
190,1,250,341,347,405,0.0000,0.0000,0.0000,0.0000,0.0000,0.0000,
191,1,250,341,347,405,0.0000,0.0000,0.0000,0.0000,0.0000,0.0000,
192,1,250,341,347,405,0.0000,0.0000,0.0000,0.0000,0.0000,0.0000,
193,1,250,341,347,405,0.0000,0.0000,0.0000,0.0000,0.0000,0.0000,
194,1,250,341,347,405,0.0000,0.0000,0.0000,0.0000,0.0000,0.0000,
195,1,250,341,347,405,0.0000,0.0000,0.0000,0.0000,0.0000,0.0000,
196,1,250,341,347,405,0.0000,0.0000,0.0000,0.0000,0.0000,0.0000,
197,1,250,341,347,405,0.0000,0.0000,0.0000,0.0000,0.0000,0.0000,
198,1,250,341,347,405,0.0000,0.0000,0.0000,0.0000,0.0000,0.0000,
199,1,250,341,347,405,0.0000,0.0000,0.0000,0.0000,0.0000,0.0000,
200,1,250,341,347,405,0.0000,0.0000,0.0000,0.0000,0.0000,0.0000,
201,1,250,341,347,405,0.0000,0.0000,0.0000,0.0000,0.0000,0.0000,
202,1,250,341,347,405,0.0000,0.0000,0.0000,0.0000,0.0000,0.0000,
203,1,250,341,347,405,0.0000,0.0000,0.0000,0.0000,0.0000,0.0000,
204,1,250,341,347,405,0.0000,0.0000,0.0000,0.0000,0.0000,0.0000,
205,1,250,341,347,405,0.0000,0.0000,0.0000,0.0000,0.0000,0.0000,
206,1,250,341,347,405,0.0000,0.0000,0.0000,0.0000,0.0000,0.0000,
207,1,250,341,347,405,0.0000,0.0000,0.0000,0.0000,0.0000,0.0000,
208,1,250,341,347,405,0.0000,0.0000,0.0000,0.0000,0.0000,0.0000,
209,1,250,341,347,405,0.0000,0.0000,0.0000,0.0000,0.0000,0.0000,
210,1,250,341,347,405,0.0000,0.0000,0.0000,0.0000,0.0000,0.0000,
211,1,250,341,347,405,0.0000,0.0000,0.0000,0.0000,0.0000,0.0000,
212,1,250,341,347,405,0.0000,0.0000,0.0000,0.0000,0.0000,0.0000,
213,1,250,341,347,405,0.0000,0.0000,0.0000,0.0000,0.0000,0.0000,
214,1,250,341,347,405,0.0000,0.0000,0.0000,0.0000,0.0000,0.0000,
215,1,250,341,347,405,0.0000,0.0000,0.0000,0.0000,0.0000,0.0000,
216,1,250,341,347,405,0.0000,0.0000,0.0000,0.0000,0.0000,0.0000,
217,1,250,341,347,405,0.0000,0.0000,0.0000,0.0000,0.0000,0.0000,
218,1,250,341,347,405,0.0000,0.0000,0.0000,0.0000,0.0000,0.0000,
219,1,250,341,347,405,0.0000,0.0000,0.0000,0.0000,0.0000,0.0000,
220,1,250,341,347,405,0.0000,0.0000,0.0000,0.0000,0.0000,0.0000,
221,1,250,341,347,405,0.0000,0.0000,0.0000,0.0000,0.0000,0.0000,
222,1,250,341,347,405,0.0000,0.0000,0.0000,0.0000,0.0000,0.0000,
223,1,250,341,347,405,0.0000,0.0000,0.0000,0.0000,0.0000,0.0000,
224,1,250,341,347,405,0.0000,0.0000,0.0000,0.0000,0.0000,0.0000,
225,1,250,341,347,405,0.0000,0.0000,0.0000,0.0000,0.0000,0.0000,
226,1,250,341,347,405,0.0000,0.0000,0.0000,0.0000,0.0000,0.0000,
227,1,250,341,347,405,0.0000,0.0000,0.0000,0.0000,0.0000,0.0000,
228,1,250,341,347,405,0.0000,0.0000,0.0000,0.0000,0.0000,0.0000,
229,1,250,341,347,405,0.0000,0.0000,0.0000,0.0000,0.0000,0.0000,
230,1,250,341,347,405,0.0000,0.0000,0.0000,0.0000,0.0000,0.0000,
231,1,250,341,347,405,0.0000,0.0000,0.0000,0.0000,0.0000,0.0000,
232,1,250,341,347,405,0.0000,0.0000,0.0000,0.0000,0.0000,0.0000,
233,1,250,341,347,405,0.0000,0.0000,0.0000,0.0000,0.0000,0.0000,
234,1,250,341,347,405,0.0000,0.0000,0.0000,0.0000,0.0000,0.0000,
235,1,250,341,347,405,0.0000,0.0000,0.0000,0.0000,0.0000,0.0000,
236,1,250,341,347,405,0.0000,0.0000,0.0000,0.0000,0.0000,0.0000,
237,1,250,341,347,405,0.0000,0.0000,0.0000,0.0000,0.0000,0.0000,
238,1,250,341,347,405,0.0000,0.0000,0.0000,0.0000,0.0000,0.0000,
239,1,250,341,347,405,0.0000,0.0000,0.0000,0.0000,0.0000,0.0000,
240,1,250,341,347,405,0.0000,0.0000,0.0000,0.0000,0.0000,0.0000,
241,1,250,341,347,405,0.0000,0.0000,0.0000,0.0000,0.0000,0.0000,
242,1,250,341,347,405,0.0000,0.0000,0.0000,0.0000,0.0000,0.0000,
243,1,250,341,347,405,0.0000,0.0000,0.0000,0.0000,0.0000,0.0000,
244,1,250,341,347,405,0.0000,0.0000,0.0000,0.0000,0.0000,0.0000,
245,1,250,341,347,405,0.0000,0.0000,0.0000,0.0000,0.0000,0.0000,
246,1,250,341,347,405,0.0000,0.0000,0.0000,0.0000,0.0000,0.0000,
247,1,250,341,347,405,0.0000,0.0000,0.0000,0.0000,0.0000,0.0000,
248,1,250,341,347,405,0.0000,0.0000,0.0000,0.0000,0.0000,0.0000,
249,1,250,341,347,405,0.0000,0.0000,0.0000,0.0000,0.0000,0.0000,
250,1,250,341,347,405,0.0000,0.0000,0.0000,0.0000,0.0000,0.0000,
251,1,250,341,347,405,0.0000,0.0000,0.0000,0.0000,0.0000,0.0000,
252,1,250,341,347,405,0.0000,0.0000,0.0000,0.0000,0.0000,0.0000,
253,1,250,341,347,405,0.0000,0.0000,0.0000,0.0000,0.0000,0.0000,
254,1,250,341,347,405,0.0000,0.0000,0.0000,0.0000,0.0000,0.0000,
255,1,250,341,347,405,0.0000,0.0000,0.0000,0.0000,0.0000,0.0000,
256,1,250,341,347,405,0.0000,0.0000,0.0000,0.0000,0.0000,0.0000,
257,1,250,341,347,405,0.0000,0.0000,0.0000,0.0000,0.0000,0.0000,
258,1,250,341,347,405,0.0000,0.0000,0.0000,0.0000,0.0000,0.0000,
259,1,250,341,347,405,0.0000,0.0000,0.0000,0.0000,0.0000,0.0000,
260,1,250,341,347,405,0.0000,0.0000,0.0000,0.0000,0.0000,0.0000,
261,1,250,341,347,405,0.0000,0.0000,0.0000,0.0000,0.0000,0.0000,
262,1,250,341,347,405,0.0000,0.0000,0.0000,0.0000,0.0000,0.0000,
263,1,250,341,347,405,0.0000,0.0000,0.0000,0.0000,0.0000,0.0000,
264,1,250,341,347,405,0.0000,0.0000,0.0000,0.0000,0.0000,0.0000,
265,1,250,341,347,405,0.0000,0.0000,0.0000,0.0000,0.0000,0.0000,
266,1,250,341,347,405,0.0000,0.0000,0.0000,0.0000,0.0000,0.0000,
267,1,250,341,347,405,0.0000,0.0000,0.0000,0.0000,0.0000,0.0000,
268,1,250,341,347,405,0.0000,0.0000,0.0000,0.0000,0.0000,0.0000,
269,1,250,341,347,405,0.0000,0.0000,0.0000,0.0000,0.0000,0.0000,
270,1,250,341,347,405,0.0000,0.0000,0.0000,0.0000,0.0000,0.0000,
271,1,250,341,347,405,0.0000,0.0000,0.0000,0.0000,0.0000,0.0000,
272,1,250,341,347,405,0.0000,0.0000,0.0000,0.0000,0.0000,0.0000,
273,1,250,341,347,405,0.0000,0.0000,0.0000,0.0000,0.0000,0.0000,
274,1,250,341,347,405,0.0000,0.0000,0.0000,0.0000,0.0000,0.0000,
275,1,250,341,347,405,0.0000,0.0000,0.0000,0.0000,0.0000,0.0000,
276,1,250,341,347,405,0.0000,0.0000,0.0000,0.0000,0.0000,0.0000,
277,1,250,341,347,405,0.0000,0.0000,0.0000,0.0000,0.0000,0.0000,
278,1,250,341,347,405,0.0000,0.0000,0.0000,0.0000,0.0000,0.0000,
279,1,250,341,347,405,0.0000,0.0000,0.0000,0.0000,0.0000,0.0000,
280,1,250,341,347,405,0.0000,0.0000,0.0000,0.0000,0.0000,0.0000,
281,1,250,341,347,405,0.0000,0.0000,0.0000,0.0000,0.0000,0.0000,
282,1,250,341,347,405,0.0000,0.0000,0.0000,0.0000,0.0000,0.0000,
283,1,250,341,347,405,0.0000,0.0000,0.0000,0.0000,0.0000,0.0000,
284,1,250,341,347,405,0.0000,0.0000,0.0000,0.0000,0.0000,0.0000,
285,1,250,341,347,405,0.0000,0.0000,0.0000,0.0000,0.0000,0.0000,
286,1,250,341,347,405,0.0000,0.0000,0.0000,0.0000,0.0000,0.0000,
287,1,250,341,347,405,0.0000,0.0000,0.0000,0.0000,0.0000,0.0000,
288,1,250,341,347,405,0.0000,0.0000,0.0000,0.0000,0.0000,0.0000,
289,1,250,341,347,405,0.0000,0.0000,0.0000,0.0000,0.0000,0.0000,
290,1,250,341,347,405,0.0000,0.0000,0.0000,0.0000,0.0000,0.0000,
291,1,250,341,347,405,0.0000,0.0000,0.0000,0.0000,0.0000,0.0000,
292,1,250,341,347,405,0.0000,0.0000,0.0000,0.0000,0.0000,0.0000,
293,1,250,341,347,405,0.0000,0.0000,0.0000,0.0000,0.0000,0.0000,
294,1,250,341,347,405,0.0000,0.0000,0.0000,0.0000,0.0000,0.0000,
295,1,250,341,347,405,0.0000,0.0000,0.0000,0.0000,0.0000,0.0000,
296,1,250,341,347,405,0.0000,0.0000,0.0000,0.0000,0.0000,0.0000,
297,1,250,341,347,405,0.0000,0.0000,0.0000,0.0000,0.0000,0.0000,
298,1,250,341,347,405,0.0000,0.0000,0.0000,0.0000,0.0000,0.0000,
299,1,250,341,347,405,0.0000,0.0000,0.0000,0.0000,0.0000,0.0000,
300,1,250,341,347,405,0.0000,0.0000,0.0000,0.0000,0.0000,0.0000,
301,1,250,341,347,405,0.0000,0.0000,0.0000,0.0000,0.0000,0.0000,
302,1,250,341,347,405,0.0000,0.0000,0.0000,0.0000,0.0000,0.0000,
303,1,250,341,347,405,0.0000,0.0000,0.0000,0.0000,0.0000,0.0000,
304,1,250,341,347,405,0.0000,0.0000,0.0000,0.0000,0.0000,0.0000,
305,1,250,341,347,405,0.0000,0.0000,0.0000,0.0000,0.0000,0.0000,
306,1,250,341,347,405,0.0000,0.0000,0.0000,0.0000,0.0000,0.0000,
307,1,250,341,347,405,0.0000,0.0000,0.0000,0.0000,0.0000,0.0000,
308,1,250,341,347,405,0.0000,0.0000,0.0000,0.0000,0.0000,0.0000,
309,1,250,341,347,405,0.0000,0.0000,0.0000,0.0000,0.0000,0.0000,
310,1,250,341,347,405,0.0000,0.0000,0.0000,0.0000,0.0000,0.0000,
311,1,250,341,347,405,0.0000,0.0000,0.0000,0.0000,0.0000,0.0000,
312,1,250,341,347,405,0.0000,0.0000,0.0000,0.0000,0.0000,0.0000,
313,1,250,341,347,405,0.0000,0.0000,0.0000,0.0000,0.0000,0.0000,
314,1,250,341,347,405,0.0000,0.0000,0.0000,0.0000,0.0000,0.0000,
315,1,250,341,347,405,0.0000,0.0000,0.0000,0.0000,0.0000,0.0000,
316,1,250,341,347,405,0.0000,0.0000,0.0000,0.0000,0.0000,0.0000,
317,1,250,341,347,405,0.0000,0.0000,0.0000,0.0000,0.0000,0.0000,
318,1,250,341,347,405,0.0000,0.0000,0.0000,0.0000,0.0000,0.0000,
319,1,250,341,347,405,0.0000,0.0000,0.0000,0.0000,0.0000,0.0000,
320,1,250,341,347,405,0.0000,0.0000,0.0000,0.0000,0.0000,0.0000,
321,1,250,341,347,405,0.0000,0.0000,0.0000,0.0000,0.0000,0.0000,
322,1,250,341,347,405,0.0000,0.0000,0.0000,0.0000,0.0000,0.0000,
323,1,250,341,347,405,0.0000,0.0000,0.0000,0.0000,0.0000,0.0000,
324,1,250,341,347,405,0.0000,0.0000,0.0000,0.0000,0.0000,0.0000,
325,1,250,341,347,405,0.0000,0.0000,0.0000,0.0000,0.0000,0.0000,
326,1,250,341,347,405,0.0000,0.0000,0.0000,0.0000,0.0000,0.0000,
327,1,250,341,347,405,0.0000,0.0000,0.0000,0.0000,0.0000,0.0000,
328,1,250,341,347,405,0.0000,0.0000,0.0000,0.0000,0.0000,0.0000,
329,1,250,341,347,405,0.0000,0.0000,0.0000,0.0000,0.0000,0.0000,
330,1,250,341,347,405,0.0000,0.0000,0.0000,0.0000,0.0000,0.0000,
331,1,250,341,347,405,0.0000,0.0000,0.0000,0.0000,0.0000,0.0000,
332,1,250,341,347,405,0.0000,0.0000,0.0000,0.0000,0.0000,0.0000,
333,1,250,341,347,405,0.0000,0.0000,0.0000,0.0000,0.0000,0.0000,
334,1,250,341,347,405,0.0000,0.0000,0.0000,0.0000,0.0000,0.0000,
335,1,250,341,347,405,0.0000,0.0000,0.0000,0.0000,0.0000,0.0000,
336,1,250,341,347,405,0.0000,0.0000,0.0000,0.0000,0.0000,0.0000,
337,1,250,341,347,405,0.0000,0.0000,0.0000,0.0000,0.0000,0.0000,
338,1,250,341,347,405,0.0000,0.0000,0.0000,0.0000,0.0000,0.0000,
339,1,250,341,347,405,0.0000,0.0000,0.0000,0.0000,0.0000,0.0000,
340,1,250,341,347,405,0.0000,0.0000,0.0000,0.0000,0.0000,0.0000,
341,1,250,341,347,405,0.0000,0.0000,0.0000,0.0000,0.0000,0.0000,
342,1,250,341,347,405,0.0000,0.0000,0.0000,0.0000,0.0000,0.0000,
343,1,250,341,347,405,0.0000,0.0000,0.0000,0.0000,0.0000,0.0000,
344,1,250,341,347,405,0.0000,0.0000,0.0000,0.0000,0.0000,0.0000,
345,1,250,341,347,405,0.0000,0.0000,0.0000,0.0000,0.0000,0.0000,
346,1,250,341,347,405,0.0000,0.0000,0.0000,0.0000,0.0000,0.0000,
347,1,250,341,347,405,0.0000,0.0000,0.0000,0.0000,0.0000,0.0000,
348,1,250,341,347,405,0.0000,0.0000,0.0000,0.0000,0.0000,0.0000,
349,1,250,341,347,405,0.0000,0.0000,0.0000,0.0000,0.0000,0.0000,
350,1,250,341,347,405,0.0000,0.0000,0.0000,0.0000,0.0000,0.0000,
351,1,250,341,347,405,0.0000,0.0000,0.0000,0.0000,0.0000,0.0000,
352,1,250,341,347,405,0.0000,0.0000,0.0000,0.0000,0.0000,0.0000,
353,1,250,341,347,405,0.0000,0.0000,0.0000,0.0000,0.0000,0.0000,
354,1,250,341,347,405,0.0000,0.0000,0.0000,0.0000,0.0000,0.0000,
355,1,250,341,347,405,0.0000,0.0000,0.0000,0.0000,0.0000,0.0000,
356,1,250,341,347,405,0.0000,0.0000,0.0000,0.0000,0.0000,0.0000,
357,1,250,341,347,405,0.0000,0.0000,0.0000,0.0000,0.0000,0.0000,
358,1,250,341,347,405,0.0000,0.0000,0.0000,0.0000,0.0000,0.0000,
359,1,250,341,347,405,0.0000,0.0000,0.0000,0.0000,0.0000,0.0000,
360,1,250,341,347,405,0.0000,0.0000,0.0000,0.0000,0.0000,0.0000,
361,1,250,341,347,405,0.0000,0.0000,0.0000,0.0000,0.0000,0.0000,
362,1,250,341,347,405,0.0000,0.0000,0.0000,0.0000,0.0000,0.0000,
363,1,250,341,347,405,0.0000,0.0000,0.0000,0.0000,0.0000,0.0000,
364,1,250,341,347,405,0.0000,0.0000,0.0000,0.0000,0.0000,0.0000,
365,1,250,341,347,405,0.0000,0.0000,0.0000,0.0000,0.0000,0.0000,
366,1,250,341,347,405,0.0000,0.0000,0.0000,0.0000,0.0000,0.0000,
367,1,250,341,347,405,0.0000,0.0000,0.0000,0.0000,0.0000,0.0000,
368,1,250,341,347,405,0.0000,0.0000,0.0000,0.0000,0.0000,0.0000,
369,1,250,341,347,405,0.0000,0.0000,0.0000,0.0000,0.0000,0.0000,
370,1,250,341,347,405,0.0000,0.0000,0.0000,0.0000,0.0000,0.0000,
371,1,250,341,347,405,0.0000,0.0000,0.0000,0.0000,0.0000,0.0000,
372,1,250,341,347,405,0.0000,0.0000,0.0000,0.0000,0.0000,0.0000,
373,1,250,341,347,405,0.0000,0.0000,0.0000,0.0000,0.0000,0.0000,
374,1,250,341,347,405,0.0000,0.0000,0.0000,0.0000,0.0000,0.0000,
375,1,250,341,347,405,0.0000,0.0000,0.0000,0.0000,0.0000,0.0000,
376,1,250,341,347,405,0.0000,0.0000,0.0000,0.0000,0.0000,0.0000,
377,1,250,341,347,405,0.0000,0.0000,0.0000,0.0000,0.0000,0.0000,
378,1,250,341,347,405,0.0000,0.0000,0.0000,0.0000,0.0000,0.0000,
379,1,250,341,347,405,0.0000,0.0000,0.0000,0.0000,0.0000,0.0000,
380,1,250,341,347,405,0.0000,0.0000,0.0000,0.0000,0.0000,0.0000,
381,1,250,341,347,405,0.0000,0.0000,0.0000,0.0000,0.0000,0.0000,
382,1,250,341,347,405,0.0000,0.0000,0.0000,0.0000,0.0000,0.0000,
383,1,250,341,347,405,0.0000,0.0000,0.0000,0.0000,0.0000,0.0000,
384,1,250,341,347,405,0.0000,0.0000,0.0000,0.0000,0.0000,0.0000,
385,1,250,341,347,405,0.0000,0.0000,0.0000,0.0000,0.0000,0.0000,
386,1,250,341,347,405,0.0000,0.0000,0.0000,0.0000,0.0000,0.0000,
387,1,250,341,347,405,0.0000,0.0000,0.0000,0.0000,0.0000,0.0000,
388,1,250,341,347,405,0.0000,0.0000,0.0000,0.0000,0.0000,0.0000,
389,1,250,341,347,405,0.0000,0.0000,0.0000,0.0000,0.0000,0.0000,
390,1,250,341,347,405,0.0000,0.0000,0.0000,0.0000,0.0000,0.0000,
391,1,250,341,347,405,0.0000,0.0000,0.0000,0.0000,0.0000,0.0000,
392,1,250,341,347,405,0.0000,0.0000,0.0000,0.0000,0.0000,0.0000,
393,1,250,341,347,405,0.0000,0.0000,0.0000,0.0000,0.0000,0.0000,
394,1,250,341,347,405,0.0000,0.0000,0.0000,0.0000,0.0000,0.0000,
395,1,250,341,347,405,0.0000,0.0000,0.0000,0.0000,0.0000,0.0000,
396,1,250,341,347,405,0.0000,0.0000,0.0000,0.0000,0.0000,0.0000,
397,1,250,341,347,405,0.0000,0.0000,0.0000,0.0000,0.0000,0.0000,
398,1,250,341,347,405,0.0000,0.0000,0.0000,0.0000,0.0000,0.0000,
399,1,250,341,347,405,0.0000,0.0000,0.0000,0.0000,0.0000,0.0000,
400,1,250,341,347,405,0.0000,0.0000,0.0000,0.0000,0.0000,0.0000,
401,1,250,341,347,405,0.0000,0.0000,0.0000,0.0000,0.0000,0.0000,
402,1,250,341,347,405,0.0000,0.0000,0.0000,0.0000,0.0000,0.0000,
403,1,250,341,347,405,0.0000,0.0000,0.0000,0.0000,0.0000,0.0000,
404,1,250,341,347,405,0.0000,0.0000,0.0000,0.0000,0.0000,0.0000,
405,1,250,341,347,405,0.0000,0.0000,0.0000,0.0000,0.0000,0.0000,
406,1,250,341,347,405,0.0000,0.0000,0.0000,0.0000,0.0000,0.0000,
407,1,250,341,347,405,0.0000,0.0000,0.0000,0.0000,0.0000,0.0000,
408,1,250,341,347,405,0.0000,0.0000,0.0000,0.0000,0.0000,0.0000,
409,1,250,341,347,405,0.0000,0.0000,0.0000,0.0000,0.0000,0.0000,
410,1,250,341,347,405,0.0000,0.0000,0.0000,0.0000,0.0000,0.0000,
411,1,250,341,347,405,0.0000,0.0000,0.0000,0.0000,0.0000,0.0000,
412,1,250,341,347,405,0.0000,0.0000,0.0000,0.0000,0.0000,0.0000,
413,1,250,341,347,405,0.0000,0.0000,0.0000,0.0000,0.0000,0.0000,
414,1,250,341,347,405,0.0000,0.0000,0.0000,0.0000,0.0000,0.0000,
415,1,250,341,347,405,0.0000,0.0000,0.0000,0.0000,0.0000,0.0000,
416,1,250,341,347,405,0.0000,0.0000,0.0000,0.0000,0.0000,0.0000,
417,1,250,341,347,405,0.0000,0.0000,0.0000,0.0000,0.0000,0.0000,
418,1,250,341,347,405,0.0000,0.0000,0.0000,0.0000,0.0000,0.0000,
419,1,250,341,347,405,0.0000,0.0000,0.0000,0.0000,0.0000,0.0000,
420,1,250,341,347,405,0.0000,0.0000,0.0000,0.0000,0.0000,0.0000,
421,1,250,341,347,405,0.0000,0.0000,0.0000,0.0000,0.0000,0.0000,
422,1,250,341,347,405,0.0000,0.0000,0.0000,0.0000,0.0000,0.0000,
423,1,250,341,347,405,0.0000,0.0000,0.0000,0.0000,0.0000,0.0000,
424,1,250,341,347,405,0.0000,0.0000,0.0000,0.0000,0.0000,0.0000,
425,1,250,341,347,405,0.0000,0.0000,0.0000,0.0000,0.0000,0.0000,
426,1,250,341,347,405,0.0000,0.0000,0.0000,0.0000,0.0000,0.0000,
427,1,250,341,347,405,0.0000,0.0000,0.0000,0.0000,0.0000,0.0000,
428,1,250,341,347,405,0.0000,0.0000,0.0000,0.0000,0.0000,0.0000,
429,1,250,341,347,405,0.0000,0.0000,0.0000,0.0000,0.0000,0.0000,
430,1,250,341,347,405,0.0000,0.0000,0.0000,0.0000,0.0000,0.0000,
431,1,250,341,347,405,0.0000,0.0000,0.0000,0.0000,0.0000,0.0000,
432,1,250,341,347,405,0.0000,0.0000,0.0000,0.0000,0.0000,0.0000,
433,1,250,341,347,405,0.0000,0.0000,0.0000,0.0000,0.0000,0.0000,
434,1,250,341,347,405,0.0000,0.0000,0.0000,0.0000,0.0000,0.0000,
435,1,250,341,347,405,0.0000,0.0000,0.0000,0.0000,0.0000,0.0000,
436,1,250,341,347,405,0.0000,0.0000,0.0000,0.0000,0.0000,0.0000,
437,1,250,341,347,405,0.0000,0.0000,0.0000,0.0000,0.0000,0.0000,
438,1,250,341,347,405,0.0000,0.0000,0.0000,0.0000,0.0000,0.0000,
439,1,250,341,347,405,0.0000,0.0000,0.0000,0.0000,0.0000,0.0000,
440,1,250,341,347,405,0.0000,0.0000,0.0000,0.0000,0.0000,0.0000,
441,1,250,341,347,405,0.0000,0.0000,0.0000,0.0000,0.0000,0.0000,
442,1,250,341,347,405,0.0000,0.0000,0.0000,0.0000,0.0000,0.0000,
443,1,250,341,347,405,0.0000,0.0000,0.0000,0.0000,0.0000,0.0000,
444,1,250,341,347,405,0.0000,0.0000,0.0000,0.0000,0.0000,0.0000,
445,1,250,341,347,405,0.0000,0.0000,0.0000,0.0000,0.0000,0.0000,
446,1,250,341,347,405,0.0000,0.0000,0.0000,0.0000,0.0000,0.0000,
447,1,250,341,347,405,0.0000,0.0000,0.0000,0.0000,0.0000,0.0000,
448,1,250,341,347,405,0.0000,0.0000,0.0000,0.0000,0.0000,0.0000,
449,1,250,341,347,405,0.0000,0.0000,0.0000,0.0000,0.0000,0.0000,
450,1,250,341,347,405,0.0000,0.0000,0.0000,0.0000,0.0000,0.0000,
451,1,250,341,347,405,0.0000,0.0000,0.0000,0.0000,0.0000,0.0000,
452,1,250,341,347,405,0.0000,0.0000,0.0000,0.0000,0.0000,0.0000,
453,1,250,341,347,405,0.0000,0.0000,0.0000,0.0000,0.0000,0.0000,
454,1,250,341,347,405,0.0000,0.0000,0.0000,0.0000,0.0000,0.0000,
455,1,250,341,347,405,0.0000,0.0000,0.0000,0.0000,0.0000,0.0000,
456,1,250,341,347,405,0.0000,0.0000,0.0000,0.0000,0.0000,0.0000,
457,1,250,341,347,405,0.0000,0.0000,0.0000,0.0000,0.0000,0.0000,
458,1,250,341,347,405,0.0000,0.0000,0.0000,0.0000,0.0000,0.0000,
459,1,250,341,347,405,0.0000,0.0000,0.0000,0.0000,0.0000,0.0000,
460,1,250,341,347,405,0.0000,0.0000,0.0000,0.0000,0.0000,0.0000,
461,1,250,341,347,405,0.0000,0.0000,0.0000,0.0000,0.0000,0.0000,
462,1,250,341,347,405,0.0000,0.0000,0.0000,0.0000,0.0000,0.0000,
463,1,250,341,347,405,0.0000,0.0000,0.0000,0.0000,0.0000,0.0000,
464,1,250,341,347,405,0.0000,0.0000,0.0000,0.0000,0.0000,0.0000,
465,1,250,341,347,405,0.0000,0.0000,0.0000,0.0000,0.0000,0.0000,
466,1,250,341,347,405,0.0000,0.0000,0.0000,0.0000,0.0000,0.0000,
467,1,250,341,347,405,0.0000,0.0000,0.0000,0.0000,0.0000,0.0000,
468,1,250,341,347,405,0.0000,0.0000,0.0000,0.0000,0.0000,0.0000,
469,1,250,341,347,405,0.0000,0.0000,0.0000,0.0000,0.0000,0.0000,
470,1,250,341,347,405,0.0000,0.0000,0.0000,0.0000,0.0000,0.0000,
471,1,250,341,347,405,0.0000,0.0000,0.0000,0.0000,0.0000,0.0000,
472,1,250,341,347,405,0.0000,0.0000,0.0000,0.0000,0.0000,0.0000,
473,1,250,341,347,405,0.0000,0.0000,0.0000,0.0000,0.0000,0.0000,
474,1,250,341,347,405,0.0000,0.0000,0.0000,0.0000,0.0000,0.0000,
475,1,250,341,347,405,0.0000,0.0000,0.0000,0.0000,0.0000,0.0000,
476,1,250,341,347,405,0.0000,0.0000,0.0000,0.0000,0.0000,0.0000,
477,1,250,341,347,405,0.0000,0.0000,0.0000,0.0000,0.0000,0.0000,
478,1,250,341,347,405,0.0000,0.0000,0.0000,0.0000,0.0000,0.0000,
479,1,250,341,347,405,0.0000,0.0000,0.0000,0.0000,0.0000,0.0000,
480,1,250,341,347,405,0.0000,0.0000,0.0000,0.0000,0.0000,0.0000,
481,1,250,341,347,405,0.0000,0.0000,0.0000,0.0000,0.0000,0.0000,
482,1,250,341,347,405,0.0000,0.0000,0.0000,0.0000,0.0000,0.0000,
483,1,250,341,347,405,0.0000,0.0000,0.0000,0.0000,0.0000,0.0000,
484,1,250,341,347,405,0.0000,0.0000,0.0000,0.0000,0.0000,0.0000,
485,1,250,341,347,405,0.0000,0.0000,0.0000,0.0000,0.0000,0.0000,
486,1,250,341,347,405,0.0000,0.0000,0.0000,0.0000,0.0000,0.0000,
487,1,250,341,347,405,0.0000,0.0000,0.0000,0.0000,0.0000,0.0000,
488,1,250,341,347,405,0.0000,0.0000,0.0000,0.0000,0.0000,0.0000,
489,1,250,341,347,405,0.0000,0.0000,0.0000,0.0000,0.0000,0.0000,
490,1,250,341,347,405,0.0000,0.0000,0.0000,0.0000,0.0000,0.0000,
491,1,250,341,347,405,0.0000,0.0000,0.0000,0.0000,0.0000,0.0000,
492,1,250,341,347,405,0.0000,0.0000,0.0000,0.0000,0.0000,0.0000,
493,1,250,341,347,405,0.0000,0.0000,0.0000,0.0000,0.0000,0.0000,
494,1,250,341,347,405,0.0000,0.0000,0.0000,0.0000,0.0000,0.0000,
495,1,250,341,347,405,0.0000,0.0000,0.0000,0.0000,0.0000,0.0000,
496,1,250,341,347,405,0.0000,0.0000,0.0000,0.0000,0.0000,0.0000,
497,1,250,341,347,405,0.0000,0.0000,0.0000,0.0000,0.0000,0.0000,
498,1,250,341,347,405,0.0000,0.0000,0.0000,0.0000,0.0000,0.0000,
499,1,250,341,347,405,0.0000,0.0000,0.0000,0.0000,0.0000,0.0000,
500,1,250,341,347,405,0.0000,0.0000,0.0000,0.0000,0.0000,0.0000,
501,1,250,341,347,405,0.0000,0.0000,0.0000,0.0000,0.0000,0.0000,
502,1,250,341,347,405,0.0000,0.0000,0.0000,0.0000,0.0000,0.0000,
503,1,250,341,347,405,0.0000,0.0000,0.0000,0.0000,0.0000,0.0000,
504,1,250,341,347,405,0.0000,0.0000,0.0000,0.0000,0.0000,0.0000,
505,1,250,341,347,405,0.0000,0.0000,0.0000,0.0000,0.0000,0.0000,
506,1,250,341,347,405,0.0000,0.0000,0.0000,0.0000,0.0000,0.0000,
507,1,250,341,347,405,0.0000,0.0000,0.0000,0.0000,0.0000,0.0000,
508,1,250,341,347,405,0.0000,0.0000,0.0000,0.0000,0.0000,0.0000,
509,1,250,341,347,405,0.0000,0.0000,0.0000,0.0000,0.0000,0.0000,
510,1,250,341,347,405,0.0000,0.0000,0.0000,0.0000,0.0000,0.0000,
511,1,250,341,347,405,0.0000,0.0000,0.0000,0.0000,0.0000,0.0000,
512,1,250,341,347,405,0.0000,0.0000,0.0000,0.0000,0.0000,0.0000,
513,1,250,341,347,405,0.0000,0.0000,0.0000,0.0000,0.0000,0.0000,
514,1,250,341,347,405,0.0000,0.0000,0.0000,0.0000,0.0000,0.0000,
515,1,250,341,347,405,0.0000,0.0000,0.0000,0.0000,0.0000,0.0000,
516,1,250,341,347,405,0.0000,0.0000,0.0000,0.0000,0.0000,0.0000,
517,1,250,341,347,405,0.0000,0.0000,0.0000,0.0000,0.0000,0.0000,
518,1,250,341,347,405,0.0000,0.0000,0.0000,0.0000,0.0000,0.0000,
519,1,250,341,347,405,0.0000,0.0000,0.0000,0.0000,0.0000,0.0000,
520,1,250,341,347,405,0.0000,0.0000,0.0000,0.0000,0.0000,0.0000,
521,1,250,341,347,405,0.0000,0.0000,0.0000,0.0000,0.0000,0.0000,
522,1,250,341,347,405,0.0000,0.0000,0.0000,0.0000,0.0000,0.0000,
523,1,250,341,347,405,0.0000,0.0000,0.0000,0.0000,0.0000,0.0000,
524,1,250,341,347,405,0.0000,0.0000,0.0000,0.0000,0.0000,0.0000,
525,1,250,341,347,405,0.0000,0.0000,0.0000,0.0000,0.0000,0.0000,
526,1,250,341,347,405,0.0000,0.0000,0.0000,0.0000,0.0000,0.0000,
527,1,250,341,347,405,0.0000,0.0000,0.0000,0.0000,0.0000,0.0000,
528,1,250,341,347,405,0.0000,0.0000,0.0000,0.0000,0.0000,0.0000,
529,1,250,341,347,405,0.0000,0.0000,0.0000,0.0000,0.0000,0.0000,
530,1,250,341,347,405,0.0000,0.0000,0.0000,0.0000,0.0000,0.0000,
531,1,250,341,347,405,0.0000,0.0000,0.0000,0.0000,0.0000,0.0000,
532,1,250,341,347,405,0.0000,0.0000,0.0000,0.0000,0.0000,0.0000,
533,1,250,341,347,405,0.0000,0.0000,0.0000,0.0000,0.0000,0.0000,
534,1,250,341,347,405,0.0000,0.0000,0.0000,0.0000,0.0000,0.0000,
535,1,250,341,347,405,0.0000,0.0000,0.0000,0.0000,0.0000,0.0000,
536,1,250,341,347,405,0.0000,0.0000,0.0000,0.0000,0.0000,0.0000,
537,1,250,341,347,405,0.0000,0.0000,0.0000,0.0000,0.0000,0.0000,
538,1,250,341,347,405,0.0000,0.0000,0.0000,0.0000,0.0000,0.0000,
539,1,250,341,347,405,0.0000,0.0000,0.0000,0.0000,0.0000,0.0000,
540,1,250,341,347,405,0.0000,0.0000,0.0000,0.0000,0.0000,0.0000,
541,1,250,341,347,405,0.0000,0.0000,0.0000,0.0000,0.0000,0.0000,
542,1,250,341,347,405,0.0000,0.0000,0.0000,0.0000,0.0000,0.0000,
543,1,250,341,347,405,0.0000,0.0000,0.0000,0.0000,0.0000,0.0000,
544,1,250,341,347,405,0.0000,0.0000,0.0000,0.0000,0.0000,0.0000,
545,1,250,341,347,405,0.0000,0.0000,0.0000,0.0000,0.0000,0.0000,
546,1,250,341,347,405,0.0000,0.0000,0.0000,0.0000,0.0000,0.0000,
547,1,250,341,347,405,0.0000,0.0000,0.0000,0.0000,0.0000,0.0000,
548,1,250,341,347,405,0.0000,0.0000,0.0000,0.0000,0.0000,0.0000,
549,1,250,341,347,405,0.0000,0.0000,0.0000,0.0000,0.0000,0.0000,
550,1,250,341,347,405,0.0000,0.0000,0.0000,0.0000,0.0000,0.0000,
551,1,250,341,347,405,0.0000,0.0000,0.0000,0.0000,0.0000,0.0000,
552,1,250,341,347,405,0.0000,0.0000,0.0000,0.0000,0.0000,0.0000,
553,1,250,341,347,405,0.0000,0.0000,0.0000,0.0000,0.0000,0.0000,
554,1,250,341,347,405,0.0000,0.0000,0.0000,0.0000,0.0000,0.0000,
555,1,250,341,347,405,0.0000,0.0000,0.0000,0.0000,0.0000,0.0000,
556,1,250,341,347,405,0.0000,0.0000,0.0000,0.0000,0.0000,0.0000,
557,1,250,341,347,405,0.0000,0.0000,0.0000,0.0000,0.0000,0.0000,
558,1,250,341,347,405,0.0000,0.0000,0.0000,0.0000,0.0000,0.0000,
559,1,250,341,347,405,0.0000,0.0000,0.0000,0.0000,0.0000,0.0000,
560,1,250,341,347,405,0.0000,0.0000,0.0000,0.0000,0.0000,0.0000,
561,1,250,341,347,405,0.0000,0.0000,0.0000,0.0000,0.0000,0.0000,
562,1,250,341,347,405,0.0000,0.0000,0.0000,0.0000,0.0000,0.0000,
563,1,250,341,347,405,0.0000,0.0000,0.0000,0.0000,0.0000,0.0000,
564,1,250,341,347,405,0.0000,0.0000,0.0000,0.0000,0.0000,0.0000,
565,1,250,341,347,405,0.0000,0.0000,0.0000,0.0000,0.0000,0.0000,
566,1,250,341,347,405,0.0000,0.0000,0.0000,0.0000,0.0000,0.0000,
567,1,250,341,347,405,0.0000,0.0000,0.0000,0.0000,0.0000,0.0000,
568,1,250,341,347,405,0.0000,0.0000,0.0000,0.0000,0.0000,0.0000,
569,1,250,341,347,405,0.0000,0.0000,0.0000,0.0000,0.0000,0.0000,
570,1,250,341,347,405,0.0000,0.0000,0.0000,0.0000,0.0000,0.0000,
571,1,250,341,347,405,0.0000,0.0000,0.0000,0.0000,0.0000,0.0000,
572,1,250,341,347,405,0.0000,0.0000,0.0000,0.0000,0.0000,0.0000,
573,1,250,341,347,405,0.0000,0.0000,0.0000,0.0000,0.0000,0.0000,
574,1,250,341,347,405,0.0000,0.0000,0.0000,0.0000,0.0000,0.0000,
575,1,250,341,347,405,0.0000,0.0000,0.0000,0.0000,0.0000,0.0000,
