1,222,45,220,95,177,128,171,183,182,214,260,124,270,184,260,210,200,221,195,285,195,352,246,222,252,286,241,352
2,222,45,221,96,178,127,171,182,182,213,261,124,270,183,261,210,201,216,195,282,198,355,245,216,253,286,248,355
3,222,45,220,95,178,127,171,183,181,214,260,124,272,185,261,211,198,221,196,285,199,352,246,221,251,283,248,352
4,221,45,220,95,178,127,171,182,181,214,261,124,271,184,259,211,198,221,197,285,199,352,247,222,251,284,247,352
5,221,45,220,95,178,127,172,184,182,213,261,124,271,184,260,210,198,226,197,284,197,353,248,227,250,286,245,353
6,220,45,219,95,179,126,171,182,181,213,260,124,272,185,260,211,199,223,198,293,200,351,247,223,252,291,245,351
7,221,46,220,96,179,127,171,182,182,213,261,124,271,183,261,210,201,215,196,280,195,355,244,216,252,281,247,355
8,221,45,220,95,178,127,171,183,182,213,261,124,271,184,261,211,199,218,197,285,198,352,244,218,252,284,246,352
9,221,44,219,95,178,127,172,183,182,213,261,124,271,184,261,210,201,221,196,284,196,356,247,220,251,284,247,356
10,221,45,220,96,178,128,172,183,181,212,261,124,271,183,260,210,200,220,197,285,201,355,246,219,251,282,248,355
11,220,45,219,96,178,128,172,183,182,213,261,124,272,185,261,210,199,222,194,277,199,341,247,221,250,280,247,355
12,220,46,220,97,179,127,172,183,182,213,261,124,272,185,260,211,199,223,197,291,196,358,247,223,252,293,245,358
13,0,0,0,0,0,0,0,0,0,0,0,0,0,0,0,0,0,0,0,0,0,0,0,0,0,0,0,0
14,0,0,0,0,0,0,0,0,0,0,0,0,0,0,0,0,0,0,0,0,0,0,0,0,0,0,0,0
15,220,46,220,97,179,127,172,184,181,212,261,124,273,183,261,211,199,224,198,292,199,358,247,224,253,292,242,358
16,220,46,220,97,178,127,171,184,182,213,261,124,272,183,261,210,197,222,198,289,202,358,246,221,252,287,244,358
17,0,0,0,0,0,0,0,0,0,0,0,0,0,0,0,0,0,0,0,0,0,0,0,0,0,0,0,0
18,219,47,220,98,179,127,172,184,181,214,261,124,273,185,261,211,200,219,196,286,196,357,246,220,253,291,244,357
19,219,47,220,97,179,128,172,184,181,213,261,124,272,184,261,210,198,221,195,287,195,357,245,221,253,291,242,357
20,218,48,219,99,178,128,172,184,181,213,261,124,270,184,260,210,197,225,196,285,195,353,246,226,252,285,245,353
21,218,47,219,97,178,128,171,183,181,214,261,124,272,184,261,210,200,219,196,289,194,356,245,219,251,283,248,356
22,0,0,0,0,0,0,0,0,0,0,0,0,0,0,0,0,0,0,0,0,0,0,0,0,0,0,0,0
23,217,47,218,99,177,129,171,183,181,214,261,125,272,186,260,213,199,220,198,289,206,352,242,220,251,285,255,347
24,217,47,218,98,178,128,170,184,181,215,261,124,272,185,260,212,200,218,200,299,211,356,242,218,251,284,259,348
25,0,0,0,0,0,0,0,0,0,0,0,0,0,0,0,0,0,0,0,0,0,0,0,0,0,0,0,0
26,0,0,0,0,0,0,0,0,0,0,0,0,0,0,0,0,0,0,0,0,0,0,0,0,0,0,0,0
27,216,47,218,99,176,131,171,185,182,216,261,125,270,184,260,214,204,218,198,290,207,353,241,216,251,288,255,351
28,215,48,218,99,176,130,171,186,182,217,261,125,270,183,260,215,205,220,201,296,208,355,242,218,252,291,257,353
29,215,48,218,99,177,128,171,185,181,218,262,125,270,185,259,215,203,221,201,293,205,355,241,219,251,288,250,355
30,216,49,217,99,176,129,172,185,182,219,261,124,270,184,259,215,204,220,199,290,200,359,244,218,250,288,245,359
31,216,49,217,99,175,130,171,186,182,220,261,124,269,184,260,217,205,220,203,285,213,350,244,217,249,285,243,358
32,215,48,217,99,175,130,171,186,182,220,261,124,269,185,259,218,204,219,200,288,210,346,242,218,250,292,238,347
33,215,50,217,100,175,130,170,186,182,221,262,125,269,185,257,219,203,220,203,287,207,276,241,219,250,298,207,276
34,214,47,216,99,174,131,171,188,182,222,261,125,268,186,258,220,203,221,200,284,194,344,241,220,251,288,233,342
35,214,50,216,101,174,130,170,188,182,223,261,126,268,187,257,221,204,223,206,288,213,347,241,219,250,285,253,342
36,214,50,216,101,174,131,171,186,182,224,261,127,268,188,256,221,203,223,200,291,202,277,239,222,247,286,261,220
37,214,50,215,101,174,131,170,190,182,225,260,126,268,187,257,221,205,225,212,304,202,350,241,222,251,297,273,350
38,214,51,216,103,172,131,170,188,181,226,260,127,266,189,257,224,205,225,208,273,200,233,240,222,248,279,255,221
39,214,51,216,102,172,132,170,189,181,226,260,127,266,189,256,224,204,225,202,241,196,240,241,224,253,301,259,312
40,213,51,215,102,171,132,169,188,181,227,259,125,265,188,257,224,203,225,214,317,200,236,239,223,253,308,251,353
41,213,53,215,103,171,133,169,189,181,227,260,128,266,189,257,225,203,226,200,241,200,280,239,224,251,282,256,225
42,212,51,214,103,171,133,169,191,180,228,260,128,265,189,256,226,203,227,206,309,193,365,239,226,252,302,273,365
43,212,52,214,104,172,132,169,190,181,228,260,128,265,190,256,227,203,227,205,302,194,365,238,225,251,291,251,355
44,211,54,214,104,171,135,168,192,181,230,259,127,265,191,256,228,202,226,206,303,215,359,240,223,254,297,262,354
45,212,54,213,105,171,133,167,191,181,230,259,126,264,192,255,228,204,228,208,306,211,364,241,227,254,301,261,358
46,211,51,213,103,171,133,169,191,181,231,259,127,264,192,255,229,203,227,208,310,193,353,240,226,253,301,274,365
47,211,54,213,105,171,134,169,193,181,232,260,128,264,192,256,231,201,226,209,318,198,350,239,224,254,307,255,229
48,210,55,213,106,170,134,169,189,181,232,259,127,263,190,256,230,204,228,200,243,247,221,239,225,253,299,248,221
49,209,53,212,105,170,135,169,193,182,234,259,128,264,192,255,233,203,227,256,310,204,353,241,222,255,309,245,355
50,209,54,212,106,170,135,169,194,183,235,259,129,264,193,254,233,202,227,210,308,203,352,242,225,253,304,257,232
51,208,55,212,107,168,136,169,191,182,235,258,128,263,191,255,233,203,229,200,245,247,222,239,226,256,230,247,222
52,208,57,213,107,168,136,169,192,182,237,260,130,263,194,255,234,203,228,176,248,246,227,240,226,253,251,247,227
53,208,57,212,107,168,137,169,194,182,238,259,130,263,192,255,234,202,230,207,298,194,352,240,227,246,293,209,293
54,208,56,212,108,168,136,169,190,181,236,259,130,263,194,255,236,201,231,173,244,247,227,238,229,242,252,248,228
55,209,58,212,109,168,135,168,193,182,238,259,129,262,194,254,237,201,229,181,253,185,261,240,227,224,278,253,235
56,209,59,212,109,168,137,169,192,181,239,259,129,263,196,254,237,201,229,176,249,187,259,240,226,214,281,253,236
57,208,58,212,108,168,137,168,193,181,238,259,130,262,196,254,238,201,230,203,278,246,229,240,228,215,283,247,229
58,208,59,213,109,168,136,169,193,182,239,260,131,261,194,254,239,201,232,202,277,245,229,240,230,214,283,245,228
59,210,59,212,110,169,138,170,197,182,241,260,131,264,194,255,240,202,230,204,278,193,345,241,228,247,279,239,251
60,210,60,212,110,168,137,170,192,182,240,259,131,263,196,254,240,202,230,200,268,194,259,241,228,217,280,238,251
61,210,60,213,111,168,137,169,196,182,242,260,132,263,195,255,240,200,228,205,285,207,350,239,228,244,287,241,253
62,210,59,213,111,169,138,170,196,182,242,260,132,263,194,255,241,201,228,203,288,202,360,242,227,245,293,251,358
63,210,62,214,113,169,138,170,196,183,242,260,132,264,196,254,242,200,227,203,282,213,253,241,226,243,287,242,251
64,211,61,213,112,169,138,171,199,184,243,260,131,265,197,254,242,201,225,200,282,210,248,243,224,241,289,243,251
65,211,61,214,112,168,138,171,194,183,241,260,132,263,198,255,242,202,224,199,281,209,246,242,223,241,288,243,249
66,211,64,214,114,169,138,171,198,183,243,260,133,264,195,255,243,201,225,200,282,210,248,243,225,241,287,242,247
67,212,62,214,113,169,137,170,196,182,241,261,133,264,198,254,243,202,224,199,279,212,249,242,224,240,284,243,247
68,212,62,214,112,169,137,171,197,184,242,261,133,264,200,255,243,202,225,201,282,214,251,243,224,243,287,243,249
69,212,62,214,113,170,138,171,198,184,244,260,133,265,197,254,242,200,226,202,282,212,249,243,223,241,287,242,248
70,212,63,215,113,170,137,171,197,183,243,261,132,264,196,255,242,201,226,201,284,209,248,242,226,241,289,244,249
71,212,64,215,113,170,138,171,197,184,242,261,132,264,195,256,242,202,228,204,286,210,252,242,227,244,290,243,251
72,213,63,215,113,170,137,170,197,183,243,261,132,264,195,255,242,201,227,203,284,211,251,242,226,243,289,245,249
73,214,61,215,113,170,137,171,196,184,242,260,132,265,198,255,242,203,227,202,284,209,248,244,226,243,289,243,250
74,215,62,216,112,170,138,170,194,184,242,261,131,264,194,256,242,201,227,201,286,204,248,242,227,243,291,242,251
75,215,61,216,112,170,137,171,196,183,242,261,132,265,195,255,242,201,228,204,287,207,248,242,227,245,287,244,249
76,216,62,217,112,171,136,171,195,183,242,262,133,264,193,257,242,202,229,205,286,209,250,241,228,244,285,242,246
77,216,61,217,111,171,136,170,199,184,243,261,132,265,194,256,240,202,225,205,284,212,249,243,222,244,285,243,247
78,217,59,216,111,172,134,170,195,183,241,261,131,266,195,257,239,204,227,206,286,211,251,242,225,246,284,243,245
79,219,56,216,109,170,136,170,197,184,240,260,130,267,193,259,237,204,226,206,285,211,249,243,224,246,284,245,244
80,218,58,216,110,170,135,169,191,182,237,261,129,268,193,260,235,203,226,203,283,206,246,241,226,246,282,242,242
81,221,53,216,108,169,135,168,194,184,238,261,130,270,194,262,234,204,227,205,291,198,355,243,226,250,292,259,355
82,221,53,216,107,169,135,168,195,184,236,261,130,272,193,263,234,204,225,206,283,212,248,245,223,252,283,266,351
83,221,50,216,111,170,135,168,195,185,236,262,129,272,188,265,232,204,225,203,284,210,250,244,225,253,291,262,355
84,222,50,217,102,169,135,168,196,186,236,262,128,272,189,265,231,205,224,203,281,212,250,245,223,254,289,262,354
85,222,50,216,102,170,135,169,194,186,234,261,127,272,189,266,231,207,225,207,286,213,251,247,223,254,287,254,258
86,224,50,218,102,170,134,170,193,189,235,260,126,272,187,268,228,209,226,207,287,209,353,246,226,254,291,263,354
87,224,49,218,101,170,135,171,194,190,234,260,126,273,186,268,226,208,225,202,283,212,252,245,224,255,289,260,364
88,223,48,218,99,169,135,173,194,192,233,260,125,273,185,268,226,208,225,197,280,210,260,246,226,254,295,260,365
89,225,49,218,101,171,133,173,194,194,231,260,125,272,185,268,226,210,224,200,278,212,255,246,227,253,292,262,356
90,225,48,219,99,171,133,174,194,196,231,260,125,273,183,269,225,209,226,205,290,206,360,248,224,255,293,260,358
91,227,48,220,99,172,134,175,192,199,231,261,125,271,182,269,225,208,223,204,286,206,359,246,223,256,294,264,356
92,227,51,219,101,173,133,175,192,202,230,261,125,272,182,269,225,206,225,207,292,208,359,245,223,257,292,270,355
93,228,47,220,99,172,133,178,191,207,228,261,126,271,183,269,224,208,224,206,293,207,355,246,222,256,292,266,354
94,228,45,221,97,174,132,179,190,211,228,261,126,271,182,270,222,206,225,206,285,224,258,248,223,256,289,266,354
95,230,46,221,98,176,132,180,189,216,228,261,124,271,180,270,221,202,232,208,286,215,351,248,230,258,292,269,355
96,230,46,223,96,177,130,183,190,218,226,262,125,271,181,270,220,203,228,209,284,228,349,248,225,257,290,270,353
97,231,47,223,98,178,132,186,191,222,224,261,124,271,181,270,218,201,229,207,285,211,353,247,227,256,291,264,354
98,232,46,224,98,179,132,189,193,227,224,261,124,272,182,271,217,202,230,210,286,225,352,246,230,258,292,267,354
99,233,47,224,98,180,132,192,195,232,224,261,125,271,180,271,216,202,225,207,288,209,351,247,225,258,295,268,354
100,233,46,225,96,182,131,195,193,236,224,261,125,270,180,271,216,202,227,208,287,217,348,246,227,258,292,267,353
101,234,45,226,96,184,129,197,192,239,224,260,124,270,180,271,215,203,226,208,289,210,354,247,225,259,292,268,355
102,235,45,226,96,185,131,200,189,240,223,260,123,270,180,272,214,203,225,209,285,222,359,244,223,259,283,267,353
103,237,46,227,97,186,130,201,187,243,224,260,124,270,179,272,214,203,228,209,287,218,359,242,226,259,278,269,349
104,238,46,227,97,187,130,203,187,244,225,259,123,269,179,273,214,204,227,211,285,216,261,244,225,259,276,268,351
105,238,45,228,96,187,130,206,187,245,224,260,124,269,178,273,215,203,227,209,287,216,357,243,226,259,280,269,349
106,240,46,228,97,188,131,207,187,247,224,259,122,269,177,273,214,204,226,211,285,217,357,243,225,258,272,268,345
107,240,45,229,96,189,131,207,185,249,226,260,123,269,177,274,213,205,226,213,288,225,349,244,224,259,269,266,311
108,241,47,230,97,191,128,209,186,249,225,258,121,269,176,273,213,205,226,211,288,214,357,245,225,259,276,268,348
109,242,46,230,97,190,131,212,189,250,226,259,122,269,178,274,213,205,228,213,287,225,356,244,225,259,268,267,312
110,242,48,230,97,191,129,211,187,250,225,259,122,268,177,275,213,205,227,213,289,223,359,243,226,260,267,266,313
111,243,47,231,97,192,130,213,189,252,227,259,122,268,176,275,213,205,228,213,287,224,356,243,226,259,267,266,314
112,243,46,232,96,193,129,212,186,251,226,259,122,270,176,276,212,207,227,211,286,222,355,244,225,258,269,269,319
113,243,46,232,97,193,129,215,189,252,225,261,123,270,176,276,212,206,226,213,287,226,355,244,223,259,267,269,317
114,244,47,232,97,194,128,213,186,253,225,259,121,269,175,276,211,207,227,212,287,221,353,245,225,260,269,270,339
115,244,47,232,97,194,128,214,188,252,225,260,121,269,176,276,210,206,226,213,289,222,353,246,223,260,268,270,340
116,244,47,232,97,194,128,213,186,251,225,261,122,270,176,277,210,207,225,211,289,216,355,247,223,262,282,269,350
117,245,48,232,98,194,129,214,187,251,224,261,123,270,176,278,209,208,228,214,290,222,357,249,225,262,285,271,352
118,244,46,232,97,194,129,211,187,252,225,261,122,271,176,279,208,207,228,213,289,216,356,250,225,261,276,271,351
119,244,47,232,97,194,128,210,186,250,223,262,122,271,176,280,207,207,227,214,288,217,354,249,225,263,271,271,346
120,244,46,233,97,194,130,208,187,250,221,261,122,271,177,281,204,208,229,214,290,209,358,250,228,264,294,263,366
121,244,46,233,96,193,129,206,187,248,219,263,123,272,177,284,205,208,228,211,290,212,352,253,226,263,290,262,364
122,244,47,233,96,194,128,203,189,247,216,263,123,272,175,285,203,209,227,213,292,213,357,254,227,264,295,268,354
123,244,47,233,97,194,129,200,189,245,213,262,122,272,174,286,200,208,227,213,289,213,360,253,225,264,289,271,356
124,243,45,234,96,194,127,196,190,242,211,263,123,274,176,289,201,208,229,213,290,217,251,250,225,263,282,269,352
125,244,46,233,96,193,126,196,190,240,209,263,123,275,178,297,201,207,231,213,290,219,359,250,227,263,283,273,348
126,243,46,233,96,194,125,193,187,238,205,262,123,275,178,295,195,207,229,214,288,217,358,252,225,262,285,268,350
127,243,46,233,95,193,126,190,186,236,205,262,123,275,179,305,198,208,229,213,287,222,355,250,224,261,283,270,348
128,242,44,233,94,194,124,187,182,235,203,263,123,275,176,303,196,208,229,212,289,218,357,250,225,261,282,271,344
129,243,46,232,95,193,124,187,183,235,200,263,124,276,176,304,201,207,229,212,287,218,357,252,225,261,284,269,349
130,242,45,232,95,192,125,185,182,233,199,264,123,279,178,297,205,207,229,212,288,220,356,251,224,260,281,270,345
131,242,45,232,95,193,125,186,184,234,199,264,123,280,177,304,204,208,229,213,289,220,356,250,225,261,282,272,346
132,240,44,232,95,191,126,186,183,232,198,264,124,279,177,304,200,207,227,211,288,219,354,249,225,261,279,270,343
133,240,44,231,96,190,125,186,185,232,198,264,123,282,180,302,201,208,227,212,290,216,365,251,227,262,285,270,346
134,240,46,231,96,189,126,186,184,232,197,265,125,280,178,301,200,208,227,211,287,224,262,251,226,260,285,259,359
135,241,45,230,96,189,126,185,183,231,198,264,123,282,179,300,198,208,229,211,289,214,266,251,229,260,285,266,341
136,240,46,231,95,189,125,185,185,233,197,266,125,283,180,298,197,206,226,210,287,216,264,251,227,260,283,263,362
137,239,46,230,96,188,127,185,184,234,196,265,125,282,178,296,198,206,230,210,287,220,266,250,230,259,287,260,360
138,238,46,229,96,188,126,186,187,233,195,265,124,284,182,300,197,206,229,212,289,216,265,251,230,261,283,266,335
139,239,45,230,96,188,126,185,186,234,194,265,124,286,185,293,196,207,229,210,289,213,265,251,230,260,285,261,356
140,238,46,229,96,187,127,185,186,234,195,264,124,283,182,297,196,206,228,209,287,216,264,250,230,259,283,264,333
141,238,45,229,96,186,126,185,187,234,194,265,124,282,177,297,196,207,228,210,287,217,264,251,228,260,284,267,339
142,237,44,229,95,185,128,183,186,236,194,263,123,282,180,296,199,207,226,209,287,217,265,251,226,261,286,264,358
143,238,46,228,97,186,128,185,187,235,193,263,123,280,177,295,194,206,228,210,288,223,351,252,227,260,286,268,345
144,237,46,228,97,186,127,184,186,237,192,263,123,279,174,290,194,207,226,209,289,219,263,251,226,260,285,273,343
145,237,46,228,97,186,127,184,185,237,190,263,123,278,174,290,192,206,228,211,289,221,355,249,227,260,284,271,346
146,236,46,228,97,187,128,183,186,235,189,262,123,277,172,291,188,206,227,211,288,219,263,249,226,260,281,266,358
147,236,45,228,96,186,127,182,185,234,190,262,123,277,171,290,189,206,228,209,289,218,267,250,227,260,286,266,345
148,236,45,228,96,188,126,182,185,233,190,262,123,277,174,291,187,206,226,209,290,212,355,251,227,261,287,273,348
149,236,46,228,96,188,126,182,184,231,191,261,122,276,174,292,187,206,227,211,290,219,357,251,226,261,286,274,349
150,235,46,227,96,187,126,182,185,231,191,261,122,275,174,291,187,206,228,212,289,216,355,252,227,261,288,267,351
151,235,45,227,96,186,127,182,185,231,190,261,122,274,176,291,187,206,225,210,286,217,355,251,225,260,283,266,346
152,234,44,227,96,186,128,182,185,229,190,261,122,274,175,292,186,204,227,211,287,219,257,252,226,260,283,243,255
153,234,44,226,96,186,127,181,185,229,191,262,123,273,176,291,186,205,226,211,287,222,254,253,225,260,281,229,250
154,232,45,225,96,186,127,182,184,228,191,261,122,273,174,289,185,207,227,210,287,216,255,252,227,259,282,225,252
155,231,44,225,96,185,128,181,186,228,192,261,122,272,176,290,186,207,227,209,286,217,251,251,226,259,281,229,249
156,232,46,225,96,185,127,181,185,227,193,261,121,271,177,289,184,205,227,209,287,220,256,252,225,258,281,226,249
157,231,45,225,96,184,129,179,185,227,193,261,121,271,176,290,184,205,228,209,287,220,254,252,226,258,282,229,250
158,231,47,225,98,184,128,180,184,225,193,261,122,272,176,289,184,205,225,209,286,221,256,254,224,259,284,219,253
159,231,47,225,98,184,128,179,184,226,193,261,121,271,174,288,182,204,227,209,287,218,259,252,225,258,281,260,355
160,229,46,225,98,184,127,179,184,223,194,261,122,271,178,288,183,204,226,208,285,216,248,253,222,259,282,223,248
161,229,47,224,98,184,129,178,184,221,193,261,121,274,170,288,181,204,225,208,287,217,261,252,224,258,283,260,355
162,228,46,223,98,185,128,178,185,220,194,261,121,275,171,286,179,204,225,207,286,217,252,253,224,259,282,226,249
163,227,48,224,99,186,127,178,184,218,195,260,121,274,170,289,179,206,225,208,286,217,254,252,225,258,283,262,358
164,227,47,223,98,183,129,176,184,215,195,261,121,272,173,287,178,206,227,208,287,213,248,252,226,258,282,229,250
165,227,47,222,99,183,129,176,185,212,197,261,121,273,171,287,178,205,226,208,286,212,247,252,223,258,281,227,248
166,226,49,222,100,182,129,177,184,210,197,261,121,276,169,286,179,205,228,208,287,213,250,253,225,258,283,224,249
167,224,48,222,100,182,129,177,185,209,199,260,119,279,160,286,175,205,227,207,286,214,250,253,223,258,284,263,360
168,224,48,221,98,182,128,177,184,206,202,260,121,278,167,287,177,206,225,207,286,214,250,251,223,258,283,266,344
169,223,48,222,100,182,130,177,186,205,203,260,120,278,165,287,174,207,223,207,284,214,248,250,223,257,283,239,249
170,222,48,220,99,182,129,176,186,203,204,259,120,280,161,286,174,205,220,208,287,214,246,250,219,258,284,264,345
171,221,49,220,100,181,130,177,187,202,206,260,121,279,163,286,172,204,224,205,285,213,247,251,223,258,284,233,248
172,220,49,219,100,179,131,176,187,202,208,259,120,280,163,285,172,202,222,207,284,213,247,251,223,257,284,267,348
173,219,50,219,101,180,130,177,187,202,210,259,119,280,163,286,172,202,218,206,282,211,245,251,220,257,283,229,244
174,219,50,219,102,179,130,177,187,201,212,259,119,280,163,285,172,202,218,205,284,214,250,251,220,257,283,260,363
175,217,50,218,100,180,130,176,188,200,213,258,119,280,161,284,172,203,217,203,283,213,247,251,220,257,284,265,350
176,217,50,218,102,180,130,175,188,199,216,259,120,281,161,284,172,206,216,205,281,214,245,250,218,256,283,234,247
177,215,50,217,101,179,131,175,189,198,218,259,119,280,159,283,172,207,218,203,280,214,247,250,221,257,283,235,248
178,214,50,218,102,180,130,174,188,196,219,259,119,281,158,284,172,205,216,205,283,219,255,250,218,256,282,222,250
179,214,50,217,102,178,130,174,189,195,221,259,119,281,162,283,173,206,218,202,281,219,252,251,221,257,283,214,251
180,210,51,215,102,179,129,172,188,192,224,258,119,282,152,280,171,211,219,205,283,216,248,252,220,256,283,245,255
181,210,53,215,102,177,131,173,190,191,223,257,118,281,152,279,172,209,218,203,283,215,249,252,219,254,285,245,258
182,208,52,214,102,177,132,172,189,191,223,257,118,280,155,279,172,210,220,206,284,216,249,252,220,257,284,265,349
183,208,52,213,103,176,132,173,189,191,224,257,118,280,157,278,173,209,220,205,284,215,249,251,222,256,284,244,254
184,208,52,214,103,177,130,173,187,191,224,257,118,280,157,278,173,211,221,203,283,215,250,250,221,256,283,243,256
185,207,52,213,102,176,132,172,190,190,224,256,118,281,153,277,172,210,217,203,282,215,248,250,216,256,282,245,254
186,206,52,213,103,176,132,173,188,190,223,257,118,280,158,277,172,210,220,202,279,214,246,250,221,256,281,244,247
187,206,52,213,102,177,131,172,187,190,224,256,117,280,155,277,172,208,220,203,283,213,246,250,221,256,284,238,249
188,205,52,212,102,176,131,172,188,189,224,256,117,280,155,276,172,208,219,202,281,214,247,248,218,255,283,239,248
189,204,52,212,102,176,131,172,186,189,223,256,117,280,154,276,172,209,218,203,282,215,247,248,217,254,283,243,250
190,205,53,213,102,175,131,171,188,190,224,256,118,279,156,276,173,208,220,204,284,216,249,249,219,256,285,244,250
191,205,53,213,103,176,131,172,189,189,224,256,118,278,157,275,173,208,221,202,281,213,247,250,222,256,284,241,248
192,204,53,213,102,175,132,172,189,189,225,256,118,279,156,276,173,209,221,203,283,214,247,249,221,255,285,243,250
193,204,53,213,103,175,131,171,188,189,224,256,118,279,157,276,173,210,224,205,284,216,250,251,223,256,286,244,258
194,204,53,213,104,175,131,172,189,189,225,256,118,279,155,276,172,210,223,206,282,213,247,250,222,255,283,244,252
195,204,53,213,103,175,130,172,188,189,225,256,118,279,154,277,172,210,221,204,281,213,245,249,219,255,282,243,254
196,204,53,213,103,175,131,171,189,188,224,256,118,279,156,277,172,209,221,201,278,214,243,248,218,255,283,244,244
197,204,53,212,104,175,131,171,189,189,225,256,118,279,153,277,172,210,221,204,282,215,246,248,218,256,283,241,253
198,204,53,212,104,175,132,171,189,189,225,255,118,279,155,276,172,209,220,203,283,216,248,247,217,256,284,241,256
199,204,53,212,103,174,131,170,189,189,225,256,118,279,156,276,173,209,221,204,282,216,249,248,219,256,284,240,256
200,204,53,212,104,174,132,171,189,188,225,255,117,278,156,276,173,210,219,204,281,218,249,248,216,255,283,242,256
201,204,53,212,104,174,131,171,189,189,225,256,118,279,155,275,173,210,221,204,281,216,247,249,218,256,283,240,255
202,204,53,211,103,174,132,170,191,188,226,255,118,278,155,276,173,210,221,204,281,216,247,250,218,256,283,240,252
203,204,53,212,104,174,132,171,190,189,225,255,118,278,155,276,172,210,221,205,283,217,247,247,218,256,283,240,251
204,204,52,212,103,174,131,171,188,189,226,256,118,278,154,276,171,210,221,205,283,213,246,248,217,255,283,243,260
205,203,52,211,103,174,132,171,190,189,226,256,117,280,150,275,171,209,221,205,282,217,246,249,218,256,283,239,248
206,203,53,212,104,174,132,172,189,189,226,255,117,278,155,275,171,208,223,205,282,214,248,249,223,255,285,241,257
207,204,52,211,104,173,132,171,189,189,226,255,117,278,156,276,173,210,221,205,283,217,247,248,219,255,284,239,252
208,204,52,211,103,174,132,171,189,189,225,255,117,277,155,275,173,210,220,205,283,218,248,248,217,256,284,239,252
209,203,52,211,103,174,132,171,189,189,226,255,117,278,158,276,174,210,221,205,281,218,248,248,218,256,284,240,250
210,203,52,211,103,173,132,171,189,189,225,255,117,279,157,275,174,209,221,207,284,218,248,247,218,256,282,240,253
211,203,52,211,103,173,132,170,189,189,225,256,118,279,161,275,175,209,220,203,281,218,245,247,218,255,283,237,252
212,203,53,211,104,173,133,171,189,189,225,255,117,278,158,275,175,210,221,205,281,217,247,248,219,255,284,239,254
213,202,52,211,103,174,132,172,187,189,225,255,118,278,158,275,174,211,221,204,281,217,247,248,220,255,283,241,253
214,202,52,211,103,174,132,171,188,189,225,255,117,278,158,274,174,210,222,207,284,217,253,247,220,256,284,241,258
215,202,53,211,104,174,132,171,189,189,225,255,118,277,155,275,173,209,219,204,281,217,247,246,216,255,283,239,250
216,201,52,211,103,173,133,170,188,189,225,255,117,278,157,274,173,210,221,203,282,218,245,246,217,255,281,239,254
217,201,52,211,103,173,132,171,189,189,225,255,118,279,158,275,172,210,222,205,283,217,248,247,219,255,284,239,256
218,201,52,210,103,173,133,171,188,188,225,255,117,278,154,275,172,210,221,204,281,218,247,247,218,256,282,239,249
219,201,53,211,103,174,132,171,189,189,226,255,117,278,155,275,172,210,224,204,283,216,251,248,224,256,284,239,255
220,201,54,211,104,174,131,171,189,189,226,255,118,278,157,275,173,210,223,205,282,215,248,247,222,256,284,239,250
221,200,53,210,103,173,133,171,188,189,226,255,118,278,157,275,174,210,222,202,281,215,247,247,220,255,284,241,254
222,200,53,211,104,173,132,171,188,189,226,255,117,278,156,275,173,210,222,204,283,216,249,247,221,255,284,240,256
223,200,52,210,103,173,132,171,188,189,225,255,118,279,157,275,173,210,222,204,282,216,247,248,221,255,284,240,252
224,200,52,210,102,174,132,171,189,189,226,254,117,278,156,274,172,210,221,204,281,217,248,248,220,256,283,239,249
225,200,52,210,103,173,133,171,189,189,225,255,117,278,157,274,173,210,221,204,281,217,247,247,220,255,284,240,250
226,200,52,210,102,173,134,170,190,188,225,255,118,279,157,275,173,209,221,205,281,217,247,246,219,255,282,238,253
227,199,52,210,101,174,132,171,189,189,225,256,118,279,157,274,172,208,221,206,284,212,247,248,220,256,285,242,259
228,200,52,210,103,173,133,171,188,189,225,256,118,279,158,274,173,210,223,205,283,218,250,248,219,256,284,240,254
229,201,52,210,103,172,134,170,189,188,225,255,117,281,159,275,173,209,218,202,281,216,246,246,216,255,282,239,253
230,201,52,211,103,173,132,171,188,189,225,256,118,279,157,275,172,209,220,204,283,216,247,247,218,255,283,239,254
231,202,53,210,102,174,133,170,189,188,225,255,117,280,157,276,171,207,216,202,280,221,252,249,213,256,283,243,257
232,202,53,211,103,173,133,171,189,189,225,255,118,278,155,275,171,211,220,206,283,216,248,248,217,255,283,241,257
233,203,53,211,104,173,134,171,190,189,225,256,118,279,155,275,171,210,221,204,281,217,247,247,218,256,283,239,253
234,203,52,211,102,173,133,171,190,189,225,255,118,279,155,275,171,210,221,203,282,217,248,250,219,256,283,240,256
235,203,52,211,102,174,132,171,189,190,224,255,117,280,158,276,172,210,220,202,281,217,248,248,218,255,283,241,255
236,204,51,212,101,174,132,170,190,190,223,255,117,278,156,276,173,205,219,203,280,216,248,248,215,256,284,241,251
237,205,52,212,102,174,132,171,189,190,220,255,118,278,157,277,174,204,220,204,281,215,248,247,219,257,285,238,252
238,206,52,212,101,174,132,171,190,192,218,255,118,278,158,277,174,203,224,203,283,212,249,248,225,256,285,230,250
239,207,51,212,102,174,133,172,189,193,213,255,119,278,160,279,175,201,225,203,284,210,250,247,228,257,283,231,250
240,208,51,212,101,175,132,172,188,194,212,256,119,278,162,279,178,202,226,202,280,208,242,247,228,257,283,232,246
241,209,51,213,102,174,134,173,190,195,209,256,120,277,163,278,179,201,226,201,283,211,251,246,229,256,281,231,251
242,210,50,213,101,175,132,173,190,197,208,257,120,279,165,280,180,203,227,203,282,212,253,245,229,257,283,231,254
243,211,50,213,101,175,132,174,187,199,206,257,120,278,165,281,180,202,226,202,282,210,250,243,226,258,283,270,345
244,212,50,214,100,175,131,175,187,201,204,258,121,277,167,282,182,203,223,202,280,215,254,246,221,256,279,270,341
245,214,49,216,100,178,130,176,186,203,204,258,121,277,169,283,184,203,220,202,281,215,256,244,219,256,276,270,343
246,215,49,216,100,177,131,177,186,205,202,259,121,277,170,283,185,203,219,203,282,211,248,244,218,257,278,273,341
247,217,49,218,100,177,132,177,186,207,202,259,122,278,170,284,186,202,220,207,285,217,261,242,218,258,275,272,341
248,219,48,218,99,177,131,178,185,209,202,259,122,279,170,285,186,204,220,203,283,216,257,247,219,257,278,272,341
249,221,49,219,101,177,133,178,185,211,200,259,123,279,171,285,187,203,221,206,284,216,356,243,218,258,277,269,347
250,222,47,220,99,179,130,178,185,213,202,260,123,278,170,286,188,203,223,204,286,207,355,247,220,258,281,275,344
251,225,47,222,98,179,130,182,187,215,201,261,124,279,173,288,188,203,220,203,282,213,247,247,219,258,279,271,342
252,227,50,223,101,180,130,183,186,216,201,263,126,283,179,288,192,204,224,206,285,213,355,246,223,257,278,270,347
253,229,49,224,99,180,129,183,186,217,202,263,125,281,174,288,192,204,225,206,285,217,259,246,225,257,281,271,347
254,231,48,225,99,182,128,185,186,219,203,264,126,282,181,288,196,204,224,206,285,212,355,246,223,258,280,270,346
255,233,48,227,99,182,129,187,186,221,203,265,127,281,183,286,197,205,225,207,287,218,264,246,225,259,283,272,345
256,236,49,228,99,184,127,188,187,222,203,266,128,281,182,289,203,205,226,209,287,215,251,248,225,260,282,271,343
257,237,47,229,98,186,128,189,186,224,203,267,128,283,181,292,208,205,225,208,288,214,250,251,222,261,283,279,343
258,240,47,231,99,186,127,191,186,226,205,266,126,283,178,288,210,206,225,207,287,216,250,252,223,260,284,274,346
259,243,49,233,98,189,125,193,185,229,207,268,129,284,179,292,211,206,223,207,286,217,251,251,223,261,285,273,351
260,245,49,235,99,190,125,195,185,231,208,270,130,287,181,298,217,205,222,209,287,217,252,254,222,262,286,273,352
261,247,49,236,100,192,124,198,185,233,209,271,130,285,181,303,218,207,222,207,285,218,252,253,224,263,288,274,350
262,250,49,238,99,194,124,200,183,235,211,272,130,286,182,305,220,207,222,205,285,220,254,254,223,263,289,274,350
263,252,48,240,98,196,124,202,183,237,213,274,131,287,181,306,221,207,223,206,285,218,251,254,223,260,291,267,353
264,255,49,242,100,198,123,203,183,240,214,275,132,290,182,306,224,208,221,207,286,217,357,255,222,260,291,269,353
265,259,53,244,101,199,124,205,181,242,214,276,133,289,181,311,224,208,221,207,285,223,255,254,224,260,292,264,354
266,260,53,245,101,201,123,207,180,244,215,277,133,291,183,315,227,209,221,208,286,210,353,255,224,261,294,266,352
267,263,52,247,101,202,122,208,179,246,217,279,133,292,183,312,229,209,221,206,284,222,255,255,224,260,290,270,350
268,265,53,249,102,204,122,209,177,248,218,280,133,290,180,306,222,210,219,205,283,222,253,253,221,260,284,266,350
269,267,54,250,103,205,121,210,177,248,218,281,134,291,183,300,227,210,219,208,284,219,353,255,220,262,282,268,347
270,269,55,252,103,207,121,211,177,250,218,282,134,294,183,313,227,210,221,208,283,221,253,253,223,260,283,274,348
271,272,55,253,103,207,121,212,176,251,219,283,135,293,182,289,227,211,221,209,284,223,255,254,223,261,287,271,351
272,274,56,254,103,208,120,213,176,252,218,284,136,296,187,313,227,211,220,209,280,225,253,253,222,260,282,232,250
273,276,56,256,104,208,121,215,176,252,218,285,135,296,187,314,231,212,220,209,285,223,258,257,222,261,287,265,359
274,277,58,257,105,211,120,215,174,253,218,286,137,301,192,321,238,212,220,209,283,223,254,251,222,261,284,269,351
275,283,59,261,105,214,119,219,175,255,218,288,137,301,191,322,235,213,220,211,284,215,255,250,223,262,281,273,350
276,284,59,261,105,214,120,219,176,255,219,288,137,301,188,321,230,213,220,210,282,217,247,249,223,262,276,273,346
277,284,59,262,105,214,120,219,176,255,218,288,137,299,188,323,234,214,220,213,284,217,252,251,223,263,283,269,350
278,285,60,262,106,215,119,220,176,255,218,291,138,301,189,324,237,214,218,213,282,227,254,256,220,262,284,246,255
279,285,59,263,105,215,119,220,175,256,219,291,139,304,191,325,237,215,220,212,285,215,359,252,223,262,287,268,356
280,286,59,263,106,216,119,220,175,255,219,291,138,303,189,325,236,216,218,212,283,223,355,256,221,262,285,272,351
281,286,59,263,105,215,120,220,174,256,219,291,138,302,189,324,234,216,219,212,283,219,356,254,222,263,281,271,352
282,286,60,263,106,216,120,221,175,256,219,291,137,302,189,325,234,215,222,213,285,218,253,252,225,263,285,273,365
283,286,59,264,105,216,119,221,174,256,219,292,138,302,188,324,232,215,220,213,285,228,255,255,224,263,285,271,353
284,286,59,264,105,216,120,221,175,256,219,292,138,302,188,324,233,216,220,213,284,226,256,255,224,262,290,268,358
285,285,59,265,105,218,119,220,175,257,219,292,138,303,188,324,233,218,220,213,287,222,356,256,223,264,288,270,354
286,285,59,265,105,218,118,219,174,256,220,292,139,302,187,323,230,217,222,213,286,215,358,254,226,263,288,268,355
287,285,58,264,105,217,120,221,175,256,220,292,137,303,188,324,230,217,220,212,284,229,255,260,224,263,290,270,365
288,285,59,263,105,216,119,221,176,256,220,292,137,304,189,325,232,216,221,213,284,230,255,259,222,262,286,261,361
289,284,58,263,105,217,120,220,175,256,220,291,136,303,188,324,230,218,220,213,286,216,366,262,223,263,290,269,357
290,284,59,263,105,215,121,220,178,255,221,291,136,302,187,324,230,218,221,214,285,220,358,258,224,264,289,271,354
291,283,59,262,105,215,120,220,175,255,221,291,137,303,187,324,231,218,220,214,284,219,358,259,222,264,286,268,354
292,280,57,261,105,214,121,219,177,254,221,291,138,303,189,323,230,218,220,213,286,217,366,261,223,263,287,270,354
293,277,56,260,104,215,121,218,177,253,222,291,137,303,186,323,230,217,219,214,283,224,356,259,220,263,282,270,352
294,277,57,260,105,214,121,217,177,252,221,291,137,303,187,323,230,217,219,213,285,223,358,259,220,263,284,270,353
295,276,56,259,104,213,121,215,178,250,222,289,135,302,186,323,231,217,218,212,283,214,356,260,219,262,286,269,353
296,275,57,258,105,213,122,215,180,248,222,290,137,304,189,323,229,217,220,213,283,222,356,257,223,262,280,266,348
297,273,56,257,104,212,122,213,180,246,222,290,136,303,188,323,230,217,220,211,283,229,257,258,222,262,285,266,354
298,272,57,257,106,211,122,211,180,242,221,289,137,302,188,322,229,217,220,211,281,225,257,257,223,262,283,268,349
299,270,56,255,106,211,122,211,185,240,222,287,134,301,188,324,230,217,220,211,282,228,255,258,222,262,283,266,352
300,269,56,254,105,211,122,209,185,237,221,287,134,300,188,324,230,218,221,211,282,213,358,258,222,261,284,266,352
301,267,56,253,105,209,124,207,186,235,222,288,136,298,186,323,227,216,220,211,283,215,359,258,220,261,285,266,353
302,266,55,252,104,209,124,204,184,231,221,286,134,299,187,323,229,216,224,211,287,210,359,258,224,260,289,267,355
303,265,55,251,105,208,124,202,184,228,220,286,134,297,185,322,227,216,224,210,285,210,359,257,226,261,289,266,355
304,263,55,250,105,207,123,199,182,225,220,284,132,298,186,321,228,216,224,210,286,212,359,257,227,260,291,262,354
305,261,53,250,104,205,124,197,183,223,219,284,134,298,187,321,230,213,224,211,286,226,257,256,226,260,288,266,354
306,258,55,248,105,203,125,194,183,219,221,283,133,298,187,315,226,213,221,211,286,217,358,256,223,259,289,268,354
307,257,55,247,105,203,123,193,185,216,220,283,133,297,186,313,225,212,220,209,283,214,355,256,223,259,288,269,352
308,255,53,245,104,202,126,190,183,214,221,282,132,297,187,309,226,213,218,207,279,217,255,256,222,258,285,265,350
309,253,53,244,103,201,126,191,185,212,221,282,132,297,187,305,229,213,218,208,283,217,359,256,221,259,287,270,354
310,250,53,243,104,200,126,189,186,210,221,282,132,296,187,302,229,213,217,208,281,216,252,256,221,259,284,269,352
311,247,53,242,105,200,125,188,186,206,220,281,132,293,186,300,231,216,217,206,275,222,254,255,221,258,283,265,350
312,244,53,241,104,198,127,189,189,204,221,281,132,288,189,297,230,214,217,206,278,218,251,255,222,257,285,261,351
313,242,53,239,104,198,127,188,187,201,222,280,132,287,189,295,232,215,219,207,276,221,248,254,223,256,284,262,350
314,241,53,238,104,197,127,186,186,198,221,278,131,285,187,287,227,215,219,203,270,220,251,254,225,257,284,239,257
315,239,52,237,104,196,126,187,182,196,222,278,132,285,190,281,230,215,219,205,279,221,250,253,222,258,285,264,352
316,236,52,235,103,194,126,186,182,193,222,277,130,282,189,280,233,215,222,201,279,221,255,251,227,255,287,256,352
317,234,52,235,103,195,125,185,181,189,221,276,130,280,190,278,233,211,223,206,283,218,252,250,226,255,287,257,351
318,232,53,233,103,193,126,182,179,185,220,275,130,280,188,275,233,210,224,205,283,218,251,250,225,256,292,264,354
319,230,53,231,104,191,127,180,181,182,220,274,129,277,187,275,232,208,221,206,284,219,253,249,223,257,287,262,353
320,228,53,230,104,191,126,179,179,178,219,273,130,277,186,274,233,207,224,205,285,220,256,249,226,256,288,261,351
321,226,54,228,104,188,128,178,181,174,218,272,129,276,186,273,232,206,223,205,286,224,258,249,225,257,289,263,353
322,224,53,227,103,187,127,177,180,170,219,270,127,275,185,273,231,206,222,204,286,224,258,248,223,257,290,264,354
323,221,54,226,104,186,126,174,179,166,218,269,128,275,184,272,230,206,221,205,285,222,256,247,222,256,290,261,352
324,219,54,224,104,185,127,172,182,162,220,268,128,274,185,273,231,205,223,204,286,220,257,247,224,256,290,262,351
325,217,54,221,104,181,128,171,182,156,221,267,127,275,184,272,230,203,226,204,286,216,256,245,225,255,289,264,353
326,214,54,220,105,181,128,170,181,153,220,265,126,274,184,272,229,202,227,204,284,214,254,246,227,254,290,262,353
327,211,55,219,105,180,128,167,182,148,221,263,125,274,184,272,230,202,226,205,286,216,255,246,225,255,288,263,352
328,209,56,217,106,178,128,165,181,145,221,262,125,272,181,272,227,202,220,203,284,218,255,245,222,255,287,262,351
329,207,56,214,106,176,130,161,183,141,222,260,125,270,180,271,227,201,226,205,286,218,257,244,225,254,289,261,353
330,204,56,212,106,174,131,159,182,139,223,259,124,270,180,270,227,201,225,204,287,217,257,244,225,254,290,260,353
331,203,55,211,106,172,132,157,181,135,225,258,124,269,181,271,227,201,224,204,286,220,257,244,223,255,291,263,353
332,201,56,210,106,172,130,156,181,133,226,257,124,268,181,270,227,200,227,204,287,217,258,243,225,254,290,262,352
333,199,57,209,106,170,131,155,182,131,227,255,123,267,179,269,227,199,229,205,290,217,258,242,227,252,290,262,353
334,197,56,207,107,169,132,154,182,131,227,254,123,268,181,269,226,199,226,204,286,217,257,242,224,252,288,258,353
335,195,57,206,107,166,134,153,183,130,228,253,123,267,180,269,225,199,224,203,286,219,258,240,222,253,287,262,352
336,194,58,205,108,166,134,152,185,129,231,252,123,266,178,267,224,198,226,204,287,215,255,240,225,252,288,260,352
337,0,0,0,0,0,0,0,0,0,0,0,0,0,0,0,0,0,0,0,0,0,0,0,0,0,0,0,0
338,0,0,0,0,0,0,0,0,0,0,0,0,0,0,0,0,0,0,0,0,0,0,0,0,0,0,0,0
339,190,60,202,108,164,134,150,186,129,233,249,122,264,178,265,224,198,228,203,288,213,256,240,226,250,285,232,252
340,188,60,201,109,163,135,151,185,130,233,248,121,263,177,266,224,197,225,204,286,216,257,239,224,252,287,259,352
341,188,59,200,109,163,134,150,185,130,232,246,121,263,178,265,224,197,223,204,286,214,255,239,222,252,284,257,352
342,188,61,200,110,163,134,150,185,131,233,247,121,262,177,266,224,196,225,203,287,214,255,239,224,251,288,257,353
343,0,0,0,0,0,0,0,0,0,0,0,0,0,0,0,0,0,0,0,0,0,0,0,0,0,0,0,0
344,0,0,0,0,0,0,0,0,0,0,0,0,0,0,0,0,0,0,0,0,0,0,0,0,0,0,0,0
345,0,0,0,0,0,0,0,0,0,0,0,0,0,0,0,0,0,0,0,0,0,0,0,0,0,0,0,0
346,0,0,0,0,0,0,0,0,0,0,0,0,0,0,0,0,0,0,0,0,0,0,0,0,0,0,0,0
347,0,0,0,0,0,0,0,0,0,0,0,0,0,0,0,0,0,0,0,0,0,0,0,0,0,0,0,0
348,189,59,200,108,162,136,154,186,136,226,247,121,263,177,269,225,197,228,200,290,211,257,239,226,251,287,254,353
349,0,0,0,0,0,0,0,0,0,0,0,0,0,0,0,0,0,0,0,0,0,0,0,0,0,0,0,0
350,0,0,0,0,0,0,0,0,0,0,0,0,0,0,0,0,0,0,0,0,0,0,0,0,0,0,0,0
351,0,0,0,0,0,0,0,0,0,0,0,0,0,0,0,0,0,0,0,0,0,0,0,0,0,0,0,0
352,192,58,202,107,163,134,153,186,137,221,248,121,264,177,270,223,197,226,203,289,216,257,240,224,251,285,256,352
353,194,56,203,107,164,133,155,184,138,221,248,121,263,178,270,223,195,227,204,290,202,353,240,224,253,288,260,352
354,194,57,202,107,163,134,153,185,138,219,248,121,265,179,271,224,196,226,205,285,216,257,240,224,252,285,261,351
355,195,57,203,106,164,134,153,185,141,213,248,121,265,178,271,224,196,225,203,286,216,256,241,223,253,284,259,351
356,197,57,203,107,164,133,153,185,148,208,249,122,266,179,271,224,195,226,203,284,216,257,241,223,253,285,262,352
357,197,55,204,106,165,133,154,183,149,204,249,122,266,179,271,225,197,225,204,288,218,258,240,224,253,284,259,351
358,198,56,204,106,165,133,155,182,150,204,250,123,266,179,272,224,196,226,202,286,217,259,241,225,253,286,259,352
359,200,55,206,106,166,132,156,182,145,203,249,122,265,179,272,225,197,225,202,286,205,351,241,226,253,285,257,349
360,201,55,206,105,166,132,156,182,150,203,249,122,265,179,272,224,197,225,201,285,216,259,242,226,252,286,259,352
361,203,55,206,106,166,134,157,181,152,202,251,123,266,180,272,225,198,223,201,283,220,258,240,224,253,285,256,351
362,204,54,207,105,167,132,157,181,149,204,251,123,265,179,272,225,201,225,201,282,217,255,241,225,253,284,255,350
363,205,55,209,106,170,130,158,181,150,202,251,122,266,180,272,226,200,225,203,285,216,257,242,224,252,285,259,351
364,206,54,209,105,168,132,157,181,149,204,251,123,267,180,271,226,200,224,202,287,204,353,242,224,253,287,256,352
365,208,53,209,105,169,132,158,181,150,204,253,123,265,180,271,226,201,226,201,287,203,353,241,225,252,288,257,351
366,210,53,210,105,170,131,159,182,151,203,253,123,266,180,272,227,200,225,199,283,217,257,242,224,253,286,260,351
367,211,53,211,106,170,131,158,181,152,203,253,123,266,181,272,227,201,226,205,286,219,258,242,225,252,286,258,352
368,212,54,213,106,171,130,156,179,153,203,253,125,268,181,271,225,202,224,199,283,214,255,242,223,253,286,259,353
369,0,0,0,0,0,0,0,0,0,0,0,0,0,0,0,0,0,0,0,0,0,0,0,0,0,0,0,0
370,0,0,0,0,0,0,0,0,0,0,0,0,0,0,0,0,0,0,0,0,0,0,0,0,0,0,0,0
371,219,55,217,106,176,127,154,173,155,193,257,127,268,183,272,227,202,225,202,283,218,260,243,226,253,289,259,352
372,0,0,0,0,0,0,0,0,0,0,0,0,0,0,0,0,0,0,0,0,0,0,0,0,0,0,0,0
373,221,54,218,105,178,124,155,172,155,187,257,127,268,183,272,228,203,226,201,283,218,259,244,226,252,289,257,351
374,223,52,219,104,179,124,155,172,157,187,258,129,269,184,272,228,205,225,204,284,220,260,245,226,252,288,252,350
375,224,53,220,105,179,123,155,169,155,185,259,128,268,183,271,228,204,224,203,286,207,355,245,224,254,289,262,351
376,226,53,220,105,180,123,154,172,157,186,258,129,270,185,272,230,203,226,203,283,217,255,244,226,254,287,257,354
377,226,54,221,105,181,123,154,172,158,187,258,128,269,184,271,230,203,226,203,284,205,350,244,227,253,289,259,351
378,227,54,221,105,180,124,154,170,159,186,260,130,268,183,271,230,205,224,204,284,217,258,246,225,253,289,260,353
379,228,53,222,105,181,124,156,170,160,187,261,131,269,183,271,229,203,224,203,287,198,352,245,227,253,289,259,353
380,229,53,223,105,183,122,154,170,161,186,261,130,269,184,271,230,205,225,205,285,217,255,245,227,253,288,258,353
381,230,54,224,105,183,122,155,171,161,187,261,130,269,184,272,229,204,224,206,285,217,254,245,225,253,286,261,352
382,232,53,224,105,181,123,155,171,162,187,261,130,271,186,272,231,206,224,202,279,215,253,245,226,252,285,258,351
383,233,54,225,105,182,123,154,171,163,188,261,131,269,185,272,230,206,223,205,286,213,251,244,223,253,287,260,353
384,233,54,225,105,182,122,154,172,165,189,262,131,268,183,271,230,205,222,205,287,217,254,244,222,253,287,259,354
385,234,55,226,105,182,122,155,171,166,188,263,132,269,184,272,231,205,225,206,289,209,355,245,225,254,290,262,353
386,235,53,226,104,182,122,156,172,168,188,263,132,270,185,272,231,205,224,204,286,215,253,245,224,253,288,257,352
387,235,55,227,106,185,121,154,171,168,188,263,132,271,185,273,231,204,225,205,286,216,254,244,225,252,286,254,352
388,236,55,227,106,183,123,154,173,169,189,263,133,270,184,272,231,204,225,205,287,216,257,244,226,254,290,262,353
389,237,55,228,105,184,122,154,173,169,189,264,133,270,185,272,231,205,225,206,290,208,354,245,225,254,290,262,353
390,237,56,228,106,184,122,154,174,170,189,263,131,270,185,273,232,205,225,206,288,217,255,245,225,255,288,262,353
391,238,55,228,105,184,123,154,173,171,188,265,132,270,184,273,231,201,227,207,287,216,255,245,226,255,289,263,353
392,238,54,228,106,186,122,154,173,173,189,265,132,270,185,272,231,203,227,207,287,218,255,244,226,255,289,264,353
393,239,55,229,106,187,121,154,172,174,189,265,132,270,185,272,231,205,229,208,290,211,359,245,228,255,291,263,353
394,239,55,229,106,187,120,154,172,175,189,266,133,270,185,272,232,206,228,207,289,218,255,246,227,254,289,261,353
395,240,55,230,106,187,121,155,172,176,190,266,133,271,185,272,232,206,226,205,286,218,255,246,224,254,288,261,353
396,241,54,230,106,185,123,154,173,176,190,266,134,271,187,273,232,206,228,206,286,215,253,246,228,255,290,262,353
397,241,55,231,106,186,122,155,172,176,190,266,133,272,188,273,232,209,224,207,286,209,354,246,224,255,287,260,352
398,242,55,230,105,186,122,155,171,176,190,266,133,273,187,272,232,208,224,206,287,216,255,246,224,254,289,261,352
399,242,54,231,105,186,122,155,172,177,190,267,135,272,187,273,232,208,227,206,289,207,359,247,227,253,289,259,354
400,242,55,231,105,187,121,157,172,177,193,267,133,272,186,272,233,206,227,204,288,214,252,246,226,255,290,264,354
401,242,55,232,106,186,122,156,172,177,193,268,133,273,187,273,232,207,226,206,290,205,357,248,226,253,290,257,354
402,242,55,232,106,186,121,157,172,177,193,268,134,272,187,274,233,208,228,206,289,213,253,247,228,254,291,257,354
403,243,55,232,106,187,122,157,172,178,192,268,134,273,187,274,233,206,228,206,292,205,358,247,229,254,293,259,355
404,243,56,231,106,187,122,158,172,178,192,268,133,272,186,273,233,209,229,206,289,209,357,247,227,254,290,259,353
405,243,55,232,106,188,122,158,172,178,192,269,134,272,187,273,233,210,227,208,289,208,358,247,226,254,289,259,355
406,243,54,232,105,187,121,157,172,177,192,269,134,273,187,273,233,210,226,209,283,214,249,248,226,255,284,261,353
407,243,54,232,106,189,121,158,172,177,192,268,132,273,186,273,233,211,228,208,285,216,252,248,228,255,286,262,353
408,243,55,232,105,188,122,158,172,178,192,269,133,272,186,273,233,209,228,207,289,210,358,247,228,254,291,260,354
409,243,54,232,105,187,122,158,172,177,192,269,133,273,186,273,233,210,228,207,286,217,253,248,227,255,285,262,353
410,243,54,232,106,188,122,159,172,177,193,268,133,273,187,274,233,210,227,208,288,211,357,248,226,256,288,261,353
411,243,54,233,105,188,121,158,172,178,192,268,134,273,186,273,233,210,226,208,289,210,355,247,225,256,289,264,354
412,243,53,232,105,188,121,158,172,178,193,268,133,273,187,273,233,210,229,207,288,209,357,248,227,255,290,261,353
413,243,54,232,105,187,122,158,172,178,192,268,133,273,186,273,233,209,225,204,285,213,251,247,225,255,290,261,354
414,243,54,232,105,186,122,157,173,178,192,267,132,273,185,273,232,209,228,207,288,216,254,248,227,256,290,261,354
415,243,54,232,105,187,122,158,171,179,192,268,132,272,186,273,233,212,228,207,286,217,253,248,227,255,286,260,353
416,242,54,232,105,187,122,157,172,179,193,268,132,273,186,273,232,210,228,206,289,208,359,247,228,256,291,260,355
417,242,54,232,105,188,121,157,171,178,193,268,133,273,186,273,232,212,227,206,287,215,253,247,226,256,290,262,355
418,243,54,232,106,185,123,157,173,178,192,268,134,273,187,273,232,211,225,205,287,215,253,248,225,256,291,264,356
419,243,55,232,105,187,122,157,171,179,193,267,133,274,187,274,233,210,227,206,286,216,253,248,227,255,289,261,354
420,242,55,231,105,185,122,158,173,179,192,267,132,273,186,273,232,211,227,206,288,206,358,248,226,256,290,260,354
421,243,54,231,105,187,122,158,172,177,192,268,133,273,186,274,233,211,229,207,285,217,251,248,227,255,285,261,355
422,242,54,232,105,187,121,158,172,179,193,268,134,274,186,274,232,212,227,205,284,214,252,248,227,254,290,259,355
423,242,54,232,105,187,121,158,172,179,193,268,134,273,186,273,232,212,228,205,287,215,254,248,227,255,289,260,354
424,242,54,232,105,187,121,158,173,180,194,268,135,273,187,274,233,210,229,209,289,215,254,248,228,254,290,262,353
425,242,54,231,105,187,122,158,173,179,193,268,134,273,186,274,232,210,229,207,286,214,253,248,228,254,291,260,355
426,241,53,231,104,186,122,157,173,180,194,267,133,273,186,273,232,211,229,207,285,214,251,248,227,253,289,258,355
427,241,54,231,105,186,122,157,173,180,194,267,133,273,186,274,231,212,229,210,289,217,358,248,228,255,290,262,353
428,241,53,231,104,186,122,157,173,180,194,267,133,273,186,273,232,212,229,204,284,215,254,248,228,253,290,256,355
429,240,53,230,104,185,123,157,174,179,194,267,132,273,185,273,231,211,228,203,279,215,252,248,227,254,290,260,355
430,240,53,230,104,185,123,157,173,179,194,267,132,273,186,273,231,212,228,205,281,215,255,248,228,253,290,259,355
431,240,53,230,103,185,123,157,174,178,194,267,133,273,185,274,231,211,225,207,285,213,251,248,224,255,289,260,353
432,238,53,230,104,186,122,158,174,178,194,266,132,273,185,273,231,210,228,209,284,215,253,248,227,255,287,263,352
433,238,53,229,104,184,123,159,174,175,194,266,132,272,184,273,229,208,225,206,284,212,251,247,226,255,285,260,353
434,238,52,229,103,184,123,158,174,175,195,266,131,271,183,272,230,210,228,203,278,214,253,247,227,255,289,264,354
435,237,52,228,103,184,123,158,175,174,195,265,130,271,182,273,230,212,226,207,285,214,254,247,226,256,289,268,353
436,236,52,228,103,183,124,157,176,172,195,265,129,271,182,273,230,209,226,208,287,214,255,246,225,256,292,262,355
437,235,51,227,102,185,123,158,174,169,195,265,131,272,182,274,228,209,224,207,285,212,255,246,225,254,289,260,353
438,233,52,227,103,184,124,158,172,167,195,265,130,273,183,274,229,207,223,206,283,208,251,246,224,255,290,264,354
439,232,52,227,103,184,123,159,170,164,193,264,129,272,182,274,229,207,226,208,285,216,257,246,226,256,289,266,352
440,231,53,226,104,183,125,159,171,163,192,264,129,272,182,274,229,206,225,206,284,215,258,245,224,255,289,264,352
441,230,52,225,104,184,123,160,171,163,193,264,130,271,182,274,228,208,228,205,274,215,253,246,227,254,287,259,348
442,229,52,224,104,183,124,159,172,163,194,263,129,271,181,275,228,206,227,202,269,213,290,246,227,254,286,264,349
443,227,53,223,104,183,125,160,170,161,194,262,127,272,182,274,227,207,227,203,277,215,256,246,227,253,289,261,350
444,226,51,223,103,182,124,159,170,161,195,263,129,272,182,275,227,208,226,204,283,203,349,246,225,254,289,258,351
445,224,51,222,103,182,125,160,172,161,195,263,129,272,182,275,227,203,225,203,284,200,350,245,225,254,290,256,352
446,221,53,221,104,183,124,160,174,159,197,260,126,271,181,275,227,204,225,200,281,217,257,245,226,254,288,261,352
447,220,52,220,104,182,123,161,173,156,200,259,126,270,180,275,227,207,225,200,283,217,258,246,226,253,290,255,352
448,219,52,220,104,181,124,161,173,154,201,259,126,269,179,274,226,204,224,202,282,217,257,245,224,254,289,257,353
449,216,51,218,102,179,125,160,172,150,202,259,126,269,179,274,226,205,225,203,285,218,259,245,226,254,291,260,353
450,215,53,217,104,178,127,161,175,147,205,258,126,270,178,274,226,204,225,202,288,202,353,244,225,254,289,258,353
451,213,54,216,104,178,127,159,175,146,207,257,125,269,179,274,224,204,223,204,288,201,352,244,222,255,291,260,352
452,212,52,214,104,176,129,160,176,143,210,256,124,269,178,274,225,202,226,204,287,218,257,244,225,254,287,258,351
453,209,53,213,104,174,130,158,179,141,214,255,123,269,179,273,225,202,224,206,289,209,352,244,224,256,290,264,352
454,207,54,212,104,174,129,158,180,139,217,253,122,268,177,273,225,202,224,205,289,208,353,244,224,254,287,260,350
455,205,54,210,105,172,132,156,180,141,218,253,122,267,178,273,223,200,228,205,286,216,257,243,225,253,288,259,351
456,203,55,208,104,170,133,155,181,141,219,253,122,267,178,272,224,201,226,203,287,219,257,242,224,254,287,258,351
457,201,54,207,105,170,133,155,183,135,225,251,122,267,177,272,224,202,225,203,287,203,351,243,223,254,286,259,351
458,198,55,205,105,168,133,155,187,137,230,250,121,267,175,271,222,200,229,205,285,217,258,244,227,254,289,263,351
459,196,56,204,107,166,136,154,187,138,231,250,121,266,176,271,223,201,228,203,286,218,258,243,224,255,288,262,352
460,194,56,202,106,166,137,153,187,137,235,248,120,266,176,271,222,200,228,203,289,216,257,243,226,255,287,261,350
461,191,56,202,106,165,136,151,189,135,237,246,119,264,173,270,221,200,225,204,286,217,257,242,223,254,285,262,351
462,189,57,200,106,164,138,152,190,136,238,246,119,264,174,270,220,199,228,205,288,216,257,241,225,255,285,261,350
463,188,59,199,108,163,138,152,190,136,239,245,119,263,174,270,221,200,226,203,287,210,352,241,223,254,285,259,349
464,186,60,198,108,162,140,151,193,137,240,244,118,262,172,270,220,200,226,205,290,210,353,241,222,255,288,263,351
465,184,59,197,108,162,140,150,193,137,240,243,118,262,173,269,220,201,226,203,288,217,258,241,223,255,286,262,351
466,182,60,196,108,162,140,149,193,137,242,242,117,262,173,268,220,200,227,205,290,218,259,242,225,254,288,264,352
467,181,61,196,109,160,141,149,195,135,244,241,118,261,173,268,219,198,226,203,288,218,257,241,222,254,286,264,352
468,179,61,194,109,161,141,148,194,136,243,240,117,260,173,267,220,198,227,206,287,214,257,240,223,254,285,262,351
469,179,61,194,110,159,141,149,195,137,241,240,117,260,174,267,220,196,228,207,291,219,356,239,223,255,287,265,351
470,178,62,194,110,159,140,148,195,137,241,240,117,259,172,266,220,197,228,205,291,215,258,240,224,253,287,265,352
471,178,61,193,109,158,141,148,195,137,240,239,117,260,173,267,219,197,227,205,291,216,354,239,222,254,286,265,352
472,179,61,194,110,159,141,148,195,136,240,239,118,259,174,266,219,197,226,205,290,215,257,239,222,253,286,263,351
473,179,61,193,109,158,141,148,197,134,247,239,117,260,174,266,220,197,228,205,289,214,255,239,222,253,286,261,352
474,179,61,193,109,158,141,148,196,134,245,239,117,260,174,265,220,196,227,204,288,214,255,239,222,253,286,262,352
475,179,61,194,109,159,140,147,194,134,245,240,118,259,173,265,219,197,228,206,289,215,257,240,224,253,286,261,351
476,180,62,194,110,158,141,148,193,135,243,239,118,259,173,266,220,197,225,204,289,216,257,239,221,253,286,262,351
477,179,61,193,109,159,141,148,194,134,244,239,118,260,174,266,220,197,229,206,290,219,354,240,225,253,286,262,350
478,180,60,193,109,158,141,148,193,135,241,239,117,259,173,266,220,198,226,204,288,215,255,239,222,252,285,261,350
479,180,59,193,108,159,140,149,191,133,245,240,117,260,173,265,220,197,229,205,291,212,257,239,224,254,286,264,352
480,179,58,194,108,159,140,148,193,134,245,240,117,259,173,266,220,197,228,206,288,214,255,240,222,254,284,266,352
481,181,57,194,107,158,141,148,193,133,245,240,118,260,174,266,220,197,225,204,288,216,256,239,221,253,286,261,351
482,182,57,194,107,158,140,147,194,132,247,240,118,260,173,266,220,198,224,205,286,216,256,239,221,254,284,264,351
483,185,56,195,107,159,141,147,194,132,246,240,117,259,173,266,220,197,226,207,288,213,254,240,221,253,285,264,352
484,186,54,195,104,159,141,147,196,132,246,240,118,260,173,267,220,198,224,204,287,217,256,240,221,253,286,262,350
485,186,53,195,104,160,140,148,193,132,245,241,118,260,173,266,221,198,226,204,287,215,256,240,222,255,284,262,351
486,187,52,195,102,161,140,147,196,130,249,241,118,260,172,267,220,198,224,203,285,214,254,240,221,253,284,262,351
487,190,51,197,102,160,140,148,195,131,247,241,118,261,175,267,221,198,225,205,289,216,256,239,220,254,285,264,352
488,191,50,197,101,161,140,148,194,132,244,241,117,260,174,267,221,199,225,206,286,215,257,240,221,254,284,264,351
489,191,49,198,100,162,138,149,194,131,246,242,118,261,174,267,221,198,225,205,289,214,354,240,221,254,287,265,351
490,193,49,199,100,161,138,150,191,133,241,243,118,261,173,267,221,199,225,204,289,215,255,241,222,253,285,260,349
491,194,49,200,100,162,138,150,193,134,241,244,118,263,175,267,222,199,227,205,289,216,257,241,223,254,287,263,351
492,196,47,202,99,162,139,148,197,132,248,244,118,262,174,268,222,198,224,205,288,217,257,241,221,254,286,265,352
493,198,48,202,100,163,136,151,191,135,240,244,118,262,175,268,222,199,224,204,288,220,258,241,222,253,287,264,351
494,198,47,203,98,163,137,151,191,137,239,245,119,262,175,267,223,199,225,204,289,213,356,241,221,255,285,266,352
495,201,47,204,99,163,137,152,191,139,236,246,119,262,175,268,223,198,224,206,288,218,354,242,222,254,285,265,351
496,202,47,205,98,163,137,152,192,141,239,247,119,263,175,267,224,198,227,205,291,209,353,243,223,253,289,262,352
497,203,46,206,97,164,137,152,195,143,241,247,120,264,179,266,224,198,229,206,290,214,354,243,225,255,288,264,351
498,204,46,207,97,165,135,154,195,145,243,248,120,263,175,267,225,198,229,205,290,209,354,242,225,253,291,259,353
499,206,46,207,97,165,136,156,193,147,242,249,120,264,177,267,225,198,230,205,291,213,355,242,227,253,287,259,352
500,207,46,208,97,166,135,159,193,149,239,250,122,265,179,267,226,197,229,207,289,216,258,243,227,254,290,264,353
501,208,45,209,96,166,135,159,195,152,241,250,121,264,178,267,226,197,229,206,289,216,256,242,227,253,286,261,352
502,211,45,211,96,167,134,162,195,155,242,250,121,266,179,267,227,199,231,205,288,214,255,244,228,253,286,237,250
503,215,44,213,95,169,133,168,191,168,243,253,122,266,180,268,229,198,234,210,291,220,355,243,229,251,290,261,352
504,215,45,213,96,170,132,168,192,170,241,253,122,266,179,268,229,199,235,210,292,214,256,243,230,251,292,260,352
505,216,44,214,95,169,133,170,191,173,240,254,122,266,179,268,228,199,232,207,290,213,253,243,227,253,289,260,352
506,216,44,215,94,170,132,169,189,174,240,255,124,266,181,268,228,201,235,210,293,217,354,244,231,252,291,262,352
507,218,44,215,95,171,133,170,189,175,240,254,123,267,181,268,229,201,233,210,293,216,256,245,229,251,291,261,352
508,218,44,216,95,171,131,171,188,176,240,256,124,266,180,268,229,202,235,209,291,215,256,244,230,251,289,259,351
509,219,45,216,96,172,131,171,188,177,240,256,124,266,179,268,229,203,235,209,290,215,255,245,229,251,291,261,353
510,0,0,0,0,0,0,0,0,0,0,0,0,0,0,0,0,0,0,0,0,0,0,0,0,0,0,0,0
511,220,44,218,95,173,131,171,188,178,240,257,124,267,180,268,229,202,233,210,292,218,356,244,228,252,291,263,353
512,221,44,217,95,174,130,172,184,177,240,256,123,266,179,268,229,204,231,208,289,217,255,245,227,252,287,259,352
513,221,44,218,95,174,129,171,189,177,240,257,123,268,181,268,230,203,234,209,291,215,254,245,228,253,292,260,354
514,221,44,219,93,175,129,172,187,175,238,258,123,269,180,269,230,203,232,211,293,219,360,246,229,254,293,265,353
515,222,43,218,94,175,129,173,185,175,239,257,123,269,180,270,229,203,232,209,290,215,254,245,228,253,287,262,352
516,222,44,220,94,175,128,173,183,174,238,259,124,269,181,269,229,203,231,210,291,217,256,246,228,254,291,263,352
517,223,44,220,94,176,128,172,185,175,238,258,124,269,180,270,228,203,229,208,286,215,254,245,228,253,285,236,253
518,224,44,220,94,176,128,173,183,174,237,259,123,269,181,270,229,204,230,208,289,218,255,246,228,253,290,262,351
519,225,44,220,95,177,127,174,181,173,237,259,124,269,182,270,229,203,229,208,289,220,256,246,227,255,293,266,354
520,225,44,221,94,178,127,173,183,173,237,259,124,269,182,270,229,204,230,207,289,219,256,246,227,254,291,263,354
521,225,44,221,95,177,127,173,184,174,237,259,124,270,182,270,229,204,230,206,289,218,255,246,228,254,290,263,353
522,226,44,221,94,178,127,174,182,174,238,260,124,270,183,270,229,205,230,207,291,216,356,246,228,255,290,266,353
523,226,44,222,94,178,127,173,182,176,238,259,123,270,181,270,229,203,228,208,289,215,254,246,227,256,291,265,354
524,226,43,221,94,178,128,173,183,176,238,259,123,270,180,270,229,205,230,208,291,224,259,246,227,257,290,268,354
525,226,43,221,93,178,127,174,182,177,238,259,124,270,181,270,229,205,230,205,290,220,258,247,229,256,292,264,354
526,227,44,222,95,179,127,175,183,176,237,260,124,270,180,270,229,205,229,209,290,218,360,247,228,255,290,265,353
527,227,44,223,93,178,128,174,182,177,237,260,124,271,182,270,230,206,231,208,292,211,361,247,229,257,294,264,356
528,227,43,222,94,178,129,175,182,178,238,260,124,270,180,270,230,205,230,209,290,223,259,247,227,257,292,263,354
529,227,44,223,94,178,127,176,182,177,237,260,124,271,181,271,229,205,229,209,290,210,357,247,228,257,294,267,355
530,227,45,223,94,179,128,176,183,178,238,260,124,270,180,271,229,205,231,211,294,216,355,247,228,258,295,270,354
531,227,45,223,95,179,127,176,180,178,237,260,124,271,181,271,229,206,231,208,291,215,360,247,228,257,292,266,355
532,227,44,223,94,180,127,176,183,179,238,261,125,271,180,271,230,206,231,211,293,217,360,247,229,257,293,264,355
533,227,44,223,94,180,127,175,182,179,238,260,124,271,180,271,229,207,230,210,291,215,360,248,229,257,292,264,355
534,227,45,224,94,179,128,176,183,179,238,261,125,271,181,272,230,205,229,206,289,224,260,248,229,257,295,263,356
535,227,44,224,94,180,127,177,181,179,238,261,125,271,181,272,229,206,229,209,291,210,356,248,228,257,294,263,355
536,227,44,223,95,179,128,176,183,179,237,260,123,271,180,273,229,206,232,210,292,218,360,248,228,258,292,268,354
