1,2,429,296,508,405,0.0000,0.0000,0.0000,0.0000,0.0000,0.0000,
2,2,429,296,508,405,0.0000,0.0000,0.0000,0.0000,0.0000,0.0000,
3,2,429,296,508,405,0.0000,0.0000,0.0000,0.0000,0.0000,0.0000,
4,2,429,296,508,405,0.0000,0.0000,0.0000,0.0000,0.0000,0.0000,
5,2,429,296,508,405,0.0000,0.0000,0.0000,0.0000,0.0000,0.0000,
6,2,429,296,508,405,0.0000,0.0000,0.0000,0.0000,0.0000,0.0000,
7,2,429,296,508,405,0.0000,0.0000,0.0000,0.0000,0.0000,0.0000,
8,2,429,296,508,405,0.0000,0.0000,0.0000,0.0000,0.0000,0.0000,
9,2,429,296,508,405,0.0000,0.0000,0.0000,0.0000,0.0000,0.0000,
10,2,429,296,508,405,0.0000,0.0000,0.0000,0.0000,0.0000,0.0000,
11,2,429,296,508,405,0.0000,0.0000,0.0000,0.0000,0.0000,0.0000,
12,2,429,296,508,405,0.0000,0.0000,0.0000,0.0000,0.0000,0.0000,
13,2,429,296,508,405,0.0000,0.0000,0.0000,0.0000,0.0000,0.0000,
14,2,429,296,508,405,0.0000,0.0000,0.0000,0.0000,0.0000,0.0000,
15,2,429,296,508,405,0.0000,0.0000,0.0000,0.0000,0.0000,0.0000,
16,2,429,296,508,405,0.0000,0.0000,0.0000,0.0000,0.0000,0.0000,
17,2,429,296,508,405,0.0000,0.0000,0.0000,0.0000,0.0000,0.0000,
18,2,429,296,508,405,0.0000,0.0000,0.0000,0.0000,0.0000,0.0000,
19,2,429,296,508,405,0.0000,0.0000,0.0000,0.0000,0.0000,0.0000,
20,2,429,296,508,405,0.0000,0.0000,0.0000,0.0000,0.0000,0.0000,
21,2,429,296,508,405,0.0000,0.0000,0.0000,0.0000,0.0000,0.0000,
22,2,429,296,508,405,0.0000,0.0000,0.0000,0.0000,0.0000,0.0000,
23,2,429,296,508,405,0.0000,0.0000,0.0000,0.0000,0.0000,0.0000,
24,2,429,296,508,405,0.0000,0.0000,0.0000,0.0000,0.0000,0.0000,
25,2,429,296,508,405,0.0000,0.0000,0.0000,0.0000,0.0000,0.0000,
26,2,429,296,508,405,0.0000,0.0000,0.0000,0.0000,0.0000,0.0000,
27,2,429,296,508,405,0.0000,0.0000,0.0000,0.0000,0.0000,0.0000,
28,2,429,296,508,405,0.0000,0.0000,0.0000,0.0000,0.0000,0.0000,
29,2,429,296,508,405,0.0000,0.0000,0.0000,0.0000,0.0000,0.0000,
30,2,429,296,508,405,0.0000,0.0000,0.0000,0.0000,0.0000,0.0000,
31,2,429,296,508,405,0.0000,0.0000,0.0000,0.0000,0.0000,0.0000,
32,2,429,296,508,405,0.0000,0.0000,0.0000,0.0000,0.0000,0.0000,
33,2,429,296,508,405,0.0000,0.0000,0.0000,0.0000,0.0000,0.0000,
34,2,429,296,508,405,0.0000,0.0000,0.0000,0.0000,0.0000,0.0000,
35,2,429,296,508,405,0.0000,0.0000,0.0000,0.0000,0.0000,0.0000,
36,2,429,296,508,405,0.0000,0.0000,0.0000,0.0000,0.0000,0.0000,
37,2,429,296,508,405,0.0000,0.0000,0.0000,0.0000,0.0000,0.0000,
38,2,429,296,508,405,0.0000,0.0000,0.0000,0.0000,0.0000,0.0000,
39,2,429,296,508,405,0.0000,0.0000,0.0000,0.0000,0.0000,0.0000,
40,2,429,296,508,405,0.0000,0.0000,0.0000,0.0000,0.0000,0.0000,
41,2,429,296,508,405,0.0000,0.0000,0.0000,0.0000,0.0000,0.0000,
42,2,429,296,508,405,0.0000,0.0000,0.0000,0.0000,0.0000,0.0000,
43,2,429,296,508,405,0.0000,0.0000,0.0000,0.0000,0.0000,0.0000,
44,2,429,296,508,405,0.0000,0.0000,0.0000,0.0000,0.0000,0.0000,
45,2,429,296,508,405,0.0000,0.0000,0.0000,0.0000,0.0000,0.0000,
46,2,429,296,508,405,0.0000,0.0000,0.0000,0.0000,0.0000,0.0000,
47,2,429,296,508,405,0.0000,0.0000,0.0000,0.0000,0.0000,0.0000,
48,2,429,296,508,405,0.0000,0.0000,0.0000,0.0000,0.0000,0.0000,
49,2,429,296,508,405,0.0000,0.0000,0.0000,0.0000,0.0000,0.0000,
50,2,429,296,508,405,0.0000,0.0000,0.0000,0.0000,0.0000,0.0000,
51,2,429,296,508,405,0.0000,0.0000,0.0000,0.0000,0.0000,0.0000,
52,2,429,296,508,405,0.0000,0.0000,0.0000,0.0000,0.0000,0.0000,
53,2,429,296,508,405,0.0000,0.0000,0.0000,0.0000,0.0000,0.0000,
54,2,429,296,508,405,0.0000,0.0000,0.0000,0.0000,0.0000,0.0000,
55,2,429,296,508,405,0.0000,0.0000,0.0000,0.0000,0.0000,0.0000,
56,2,429,296,508,405,0.0000,0.0000,0.0000,0.0000,0.0000,0.0000,
57,2,429,296,508,405,0.0000,0.0000,0.0000,0.0000,0.0000,0.0000,
58,2,429,296,508,405,0.0000,0.0000,0.0000,0.0000,0.0000,0.0000,
59,2,429,296,508,405,0.0000,0.0000,0.0000,0.0000,0.0000,0.0000,
60,2,429,296,508,405,0.0000,0.0000,0.0000,0.0000,0.0000,0.0000,
61,2,429,296,508,405,0.0000,0.0000,0.0000,0.0000,0.0000,0.0000,
62,2,429,296,508,405,0.0000,0.0000,0.0000,0.0000,0.0000,0.0000,
63,2,429,296,508,405,0.0000,0.0000,0.0000,0.0000,0.0000,0.0000,
64,2,429,296,508,405,0.0000,0.0000,0.0000,0.0000,0.0000,0.0000,
65,2,429,296,508,405,0.0000,0.0000,0.0000,0.0000,0.0000,0.0000,
66,2,429,296,508,405,0.0000,0.0000,0.0000,0.0000,0.0000,0.0000,
67,2,429,296,508,405,0.0000,0.0000,0.0000,0.0000,0.0000,0.0000,
68,2,429,296,508,405,0.0000,0.0000,0.0000,0.0000,0.0000,0.0000,
69,2,429,296,508,405,0.0000,0.0000,0.0000,0.0000,0.0000,0.0000,
70,2,429,296,508,405,0.0000,0.0000,0.0000,0.0000,0.0000,0.0000,
71,2,429,296,508,405,0.0000,0.0000,0.0000,0.0000,0.0000,0.0000,
72,2,429,296,508,405,0.0000,0.0000,0.0000,0.0000,0.0000,0.0000,
73,2,429,296,508,405,0.0000,0.0000,0.0000,0.0000,0.0000,0.0000,
74,2,429,296,508,405,0.0000,0.0000,0.0000,0.0000,0.0000,0.0000,
75,2,429,296,508,405,0.0000,0.0000,0.0000,0.0000,0.0000,0.0000,
76,2,429,296,508,405,0.0000,0.0000,0.0000,0.0000,0.0000,0.0000,
77,2,429,296,508,405,0.0000,0.0000,0.0000,0.0000,0.0000,0.0000,
78,2,429,296,508,405,0.0000,0.0000,0.0000,0.0000,0.0000,0.0000,
79,2,429,296,508,405,0.0000,0.0000,0.0000,0.0000,0.0000,0.0000,
80,2,429,296,508,405,0.0000,0.0000,0.0000,0.0000,0.0000,0.0000,
81,2,429,296,508,405,0.0000,0.0000,0.0000,0.0000,0.0000,0.0000,
82,2,429,296,508,405,0.0000,0.0000,0.0000,0.0000,0.0000,0.0000,
83,2,429,296,508,405,0.0000,0.0000,0.0000,0.0000,0.0000,0.0000,
84,2,429,296,508,405,0.0000,0.0000,0.0000,0.0000,0.0000,0.0000,
85,2,429,296,508,405,0.0000,0.0000,0.0000,0.0000,0.0000,0.0000,
86,2,429,296,508,405,0.0000,0.0000,0.0000,0.0000,0.0000,0.0000,
87,2,429,296,508,405,0.0000,0.0000,0.0000,0.0000,0.0000,0.0000,
88,2,429,296,508,405,0.0000,0.0000,0.0000,0.0000,0.0000,0.0000,
89,2,429,296,508,405,0.0000,0.0000,0.0000,0.0000,0.0000,0.0000,
90,2,429,296,508,405,0.0000,0.0000,0.0000,0.0000,0.0000,0.0000,
91,2,429,296,508,405,0.0000,0.0000,0.0000,0.0000,0.0000,0.0000,
92,2,429,296,508,405,0.0000,0.0000,0.0000,0.0000,0.0000,0.0000,
93,2,429,296,508,405,0.0000,0.0000,0.0000,0.0000,0.0000,0.0000,
94,2,429,296,508,405,0.0000,0.0000,0.0000,0.0000,0.0000,0.0000,
95,2,429,296,508,405,0.0000,0.0000,0.0000,0.0000,0.0000,0.0000,
96,2,429,296,508,405,0.0000,0.0000,0.0000,0.0000,0.0000,0.0000,
97,2,429,296,508,405,0.0000,0.0000,0.0000,0.0000,0.0000,0.0000,
98,2,429,296,508,405,0.0000,0.0000,0.0000,0.0000,0.0000,0.0000,
99,2,429,296,508,405,0.0000,0.0000,0.0000,0.0000,0.0000,0.0000,
100,2,429,296,508,405,0.0000,0.0000,0.0000,0.0000,0.0000,0.0000,
101,2,429,295,509,404,1.0000,-0.0000,-0.0000,1.0000,10.0000,10.0000,
102,2,429,295,509,404,1.0008,-0.0002,0.0008,0.9993,9.9721,10.0013,
103,2,429,295,509,404,0.9999,-0.0021,0.0006,0.9998,10.1065,9.9941,
104,2,429,295,509,404,0.9983,0.0001,-0.0012,0.9984,10.1010,10.1674,
105,2,429,295,509,404,1.0007,-0.0014,0.0020,1.0003,10.0439,9.9101,
106,2,429,295,509,404,0.9956,0.0064,-0.0015,1.0001,9.9342,10.0417,
107,2,429,295,509,404,0.9994,-0.0005,0.0021,1.0003,10.0304,9.9338,
108,2,429,295,509,404,1.0005,-0.0003,-0.0002,1.0005,9.9913,9.9659,
109,2,429,295,509,404,0.9994,-0.0006,0.0007,1.0001,10.0445,9.9820,
110,2,429,295,509,404,1.0005,0.0009,-0.0004,0.9994,9.9284,10.0347,
111,2,429,295,509,404,1.0011,-0.0021,-0.0030,0.9994,10.0454,10.1398,
112,2,429,295,509,404,0.9994,-0.0002,0.0013,1.0002,10.0369,9.9210,
113,2,429,295,509,404,1.0011,-0.0000,-0.0006,1.0000,9.9566,10.0380,
114,2,429,295,509,404,0.9987,-0.0002,-0.0010,1.0007,10.0556,10.0051,
115,2,429,295,509,404,1.0007,0.0014,-0.0001,1.0001,9.9266,10.0028,
116,2,429,295,509,404,0.9989,-0.0013,-0.0006,0.9997,10.0960,10.0314,
117,2,429,295,509,404,0.9996,-0.0028,-0.0008,0.9991,10.1501,10.1138,
118,2,429,295,509,404,1.0011,0.0003,0.0008,1.0010,9.9030,9.8927,
119,2,429,295,509,404,1.0016,-0.0007,0.0006,0.9981,9.9632,10.0621,
120,2,429,295,509,404,0.9968,0.0051,-0.0014,1.0042,9.6329,9.6117,
121,2,429,295,509,404,0.9963,-0.0135,0.0044,1.0058,10.2667,8.7769,
122,2,429,293,508,404,0.9882,-0.0079,0.0102,1.0154,10.0127,7.4178,
123,2,429,290,508,403,0.9908,0.0124,-0.0047,1.0148,9.0746,7.1737,
124,2,429,287,508,400,0.9944,0.0204,-0.0119,1.0036,8.6674,6.8972,
125,2,429,283,508,396,0.9962,0.0289,-0.0197,0.9999,8.0058,6.5934,
126,2,428,279,507,391,1.0002,0.0234,-0.0266,0.9947,7.4283,6.5707,
127,2,427,275,506,386,0.9999,0.0256,-0.0299,0.9928,7.0763,6.3714,
128,2,426,270,505,381,0.9910,0.0332,-0.0302,0.9977,7.0899,5.9665,
129,2,425,265,503,376,0.9918,0.0282,-0.0274,0.9995,6.7680,5.9640,
130,2,423,261,501,372,0.9938,0.0061,-0.0152,0.9979,7.1906,5.9736,
131,2,421,258,498,367,0.9936,0.0113,-0.0101,0.9895,6.5238,6.5241,
132,2,419,255,496,362,0.9984,0.0048,-0.0083,0.9844,6.9161,6.6005,
133,2,417,251,493,358,0.9873,0.0060,-0.0152,0.9963,7.3313,6.2427,
134,2,415,248,489,354,0.9843,-0.0082,-0.0052,0.9883,7.5098,6.6764,
135,2,412,245,485,350,0.9888,-0.0275,0.0068,0.9866,7.9380,6.1924,
136,2,409,242,482,345,1.0036,-0.0050,-0.0030,0.9855,6.8390,6.4858,
137,2,408,239,479,341,0.9782,0.0062,-0.0052,0.9919,7.7816,6.4647,
138,2,406,236,475,337,0.9725,0.0038,-0.0094,0.9971,7.6713,6.5110,
139,2,404,234,471,334,0.9770,-0.0164,0.0053,0.9938,8.1542,6.8550,
140,2,402,232,468,331,0.9869,-0.0131,0.0057,0.9889,7.9277,7.4911,
141,2,400,230,466,329,1.0007,-0.0102,0.0045,0.9946,7.6054,7.4340,
142,2,398,228,464,326,0.9989,-0.0046,-0.0000,0.9945,7.8332,7.4050,
143,2,396,226,463,323,1.0072,0.0159,0.0116,0.9915,7.0492,7.0614,
144,2,396,224,461,320,0.9818,0.0114,0.0084,0.9863,8.5579,7.1432,
145,2,395,222,460,317,1.0021,0.0162,-0.0113,0.9801,7.8000,8.3168,
146,2,394,220,459,314,0.9971,0.0208,-0.0043,0.9847,7.7814,7.9918,
147,2,393,219,457,314,0.9845,-0.0063,0.0120,1.0066,9.0525,8.2723,
148,2,392,220,455,315,0.9777,-0.0131,0.0164,1.0008,9.2294,9.7247,
149,2,392,220,455,315,1.0087,-0.0143,-0.0042,1.0063,8.8152,10.1802,
150,2,392,220,455,315,0.9865,0.0018,0.0088,0.9950,9.4918,10.0209,
151,2,368,209,444,300,0.9973,-0.0072,0.0056,0.9805,9.1063,10.6913,
152,2,366,210,444,300,1.0156,-0.0171,0.0077,0.9804,8.6114,10.6651,
153,2,366,210,444,300,1.0059,-0.0355,0.0090,0.9854,10.2049,10.3997,
154,2,366,210,444,300,0.9873,-0.0284,0.0152,0.9902,10.7504,10.2870,
155,2,366,210,444,300,0.9919,-0.0029,0.0012,1.0022,10.0442,10.6640,
156,2,367,211,444,302,0.9898,0.0182,-0.0083,1.0103,9.4875,10.5500,
157,2,367,211,444,302,1.0049,0.0027,-0.0010,1.0059,9.4716,10.0692,
158,2,367,211,444,302,1.0116,0.0018,-0.0012,0.9866,8.8709,10.6131,
159,2,367,211,444,302,0.9995,-0.0106,-0.0014,0.9971,10.0568,10.1132,
160,2,367,211,444,302,1.0032,0.0053,-0.0017,1.0056,9.4905,9.5774,
161,2,367,211,444,302,0.9988,0.0089,-0.0034,1.0062,9.5612,9.6257,
162,2,367,211,444,302,0.9945,0.0079,-0.0068,0.9986,9.6508,10.1098,
163,2,367,211,444,302,0.9982,0.0197,-0.0130,1.0028,9.4004,10.3420,
164,2,367,211,444,302,0.9969,0.0177,-0.0116,1.0037,9.5442,10.2183,
165,2,367,211,444,302,1.0062,0.0130,-0.0106,1.0053,9.0467,9.9966,
166,2,367,211,444,302,0.9967,-0.0099,0.0077,0.9939,10.1871,9.6874,
167,2,367,211,444,302,1.0002,-0.0039,0.0026,0.9988,9.9230,9.8911,
168,2,367,211,444,302,0.9966,0.0090,-0.0039,1.0024,9.7541,10.0390,
169,2,367,211,444,302,1.0077,0.0116,-0.0042,0.9937,9.1678,10.3408,
170,2,367,211,444,302,0.9969,-0.0144,0.0064,1.0021,10.2921,9.6302,
171,2,367,211,444,302,1.0009,0.0333,-0.0100,1.0013,7.9746,10.3642,
172,2,367,211,444,302,1.0086,0.0305,-0.0199,1.0067,7.3413,10.0742,
173,2,367,211,444,302,0.9945,0.0182,-0.0122,1.0065,8.7384,9.7759,
174,2,367,211,444,302,1.0048,0.0431,-0.0293,0.9965,7.4652,11.0415,
175,2,367,211,444,302,1.0002,0.0432,-0.0272,1.0037,7.6821,10.5208,
176,2,367,211,444,302,0.9987,0.0477,-0.0257,1.0017,7.4478,10.7815,
177,2,367,211,444,302,1.0010,0.0374,-0.0329,0.9998,8.0264,11.0418,
178,2,367,211,444,302,1.0005,0.0383,-0.0273,1.0021,8.0036,10.7512,
179,2,367,211,444,302,0.9968,0.0295,-0.0267,0.9992,8.7598,11.1874,
180,2,367,211,444,302,0.9955,0.0421,-0.0374,1.0001,8.2726,11.5083,
181,2,367,211,444,302,0.9974,0.0446,-0.0263,0.9932,8.5711,11.2321,
182,2,367,211,444,302,1.0009,0.0321,-0.0251,0.9973,9.2854,10.9533,
183,2,367,211,444,302,1.0036,0.0136,-0.0138,1.0036,9.9240,10.3719,
184,2,367,211,444,302,0.9945,0.0060,-0.0076,1.0051,10.3398,10.0145,
185,2,367,211,444,302,0.9933,0.0120,-0.0061,0.9996,10.1860,10.3896,
186,2,367,211,444,302,1.0039,-0.0108,0.0023,0.9950,10.6032,9.9777,
187,2,367,211,444,302,0.9985,-0.0140,0.0044,1.0023,10.9907,9.6332,
188,2,367,211,444,302,0.9980,0.0089,-0.0073,0.9965,10.5349,10.9064,
189,2,369,213,446,303,0.9912,0.0323,-0.0274,0.9918,10.2665,12.4207,
190,2,371,214,448,304,0.9943,0.0157,-0.0211,0.9987,10.9092,11.8103,
191,2,373,215,449,305,0.9853,-0.0056,-0.0069,1.0000,11.9472,11.2016,
192,2,375,216,450,306,0.9851,-0.0133,0.0106,1.0027,12.1634,10.0185,
193,2,377,217,450,308,0.9823,-0.0154,-0.0035,1.0007,11.8512,11.0988,
194,2,378,218,451,310,0.9934,-0.0122,-0.0128,1.0028,11.3111,11.4687,
195,2,379,220,452,311,0.9923,-0.0097,-0.0004,0.9904,11.1753,11.4526,
196,2,380,221,452,313,0.9956,-0.0198,0.0062,1.0078,11.1628,10.1244,
197,2,380,221,452,313,0.9901,-0.0207,0.0161,0.9952,11.4456,10.0247,
198,2,380,221,452,313,0.9969,-0.0134,0.0124,0.9926,11.0321,10.0839,
199,2,380,221,452,313,1.0001,-0.0060,0.0085,0.9947,10.7554,10.2545,
200,2,380,221,452,313,0.9958,0.0128,-0.0131,0.9974,10.3939,10.8061,
201,2,353,209,458,319,1.0000,0.0000,0.0000,1.0000,10.0000,10.0000,
202,2,354,210,460,320,1.0092,0.0118,-0.0182,0.9979,9.5342,11.3808,
203,2,355,211,462,320,1.0046,0.0055,-0.0189,0.9918,10.3836,11.8285,
204,2,357,220,467,320,1.0250,0.0419,-0.0999,0.9194,9.0396,23.7510,
205,2,358,224,469,321,1.0113,0.0332,-0.0580,0.9701,8.4018,16.7858,
206,2,357,227,471,322,1.0264,0.0399,-0.0448,0.9851,7.0262,14.8223,
207,2,356,230,473,323,1.0287,0.0302,-0.0258,0.9802,7.0993,14.0213,
208,2,356,234,474,324,1.0071,0.0200,-0.0166,0.9734,8.8626,14.2084,
209,2,356,238,476,325,1.0123,0.0267,-0.0402,0.9663,8.5148,15.7157,
210,2,356,241,478,326,1.0192,0.0433,-0.0424,0.9798,7.2036,15.2108,
211,2,354,244,481,327,1.0364,0.0487,-0.0504,0.9726,5.4427,15.5166,
212,2,353,248,483,327,1.0247,0.0450,-0.0556,0.9569,6.2553,16.6461,
213,2,352,250,484,329,1.0111,0.0312,-0.0501,0.9986,7.7152,14.5777,
214,2,351,252,485,330,1.0123,0.0344,-0.0267,0.9875,7.4244,13.3174,
215,2,351,252,485,330,1.0156,0.0417,-0.0043,1.0005,6.8885,10.9314,
216,2,351,252,485,330,1.0134,0.0262,-0.0115,1.0008,7.4908,11.4716,
217,2,351,252,485,330,1.0052,0.0180,-0.0184,0.9958,8.2998,11.9282,
218,2,345,260,486,333,1.0474,0.1217,-0.1617,0.9366,-0.9356,28.4739,
219,2,345,263,486,335,1.0039,0.0180,-0.0261,0.9882,8.7030,13.8590,
220,2,346,265,486,337,0.9958,0.0200,-0.0145,1.0000,9.6504,12.3507,
221,2,346,266,488,338,1.0116,0.0340,-0.0141,1.0018,8.2892,11.6639,
222,2,346,266,488,338,1.0144,0.0173,-0.0036,1.0114,8.1243,10.0008,
223,2,346,266,488,338,0.9967,0.0011,-0.0015,1.0072,9.3689,9.6280,
224,2,346,266,488,338,1.0036,0.0044,-0.0035,0.9905,8.6619,10.0960,
225,2,346,266,488,338,1.0075,0.0144,-0.0150,0.9961,8.2305,10.9734,
226,2,346,266,488,338,1.0096,0.0333,-0.0289,0.9950,8.0108,12.2780,
227,2,345,267,490,338,1.0207,0.0586,-0.0399,0.9936,6.7880,13.1386,
228,2,345,267,490,338,1.0121,0.0274,-0.0281,0.9970,8.1983,12.2595,
229,2,345,267,490,338,1.0053,0.0054,-0.0005,0.9921,9.0848,10.5527,
230,2,345,267,490,338,0.9984,-0.0094,0.0072,1.0099,9.9139,9.2643,
231,2,345,267,490,338,1.0007,-0.0063,0.0047,1.0007,9.9092,9.4815,
232,2,345,267,490,338,1.0024,0.0081,-0.0084,1.0081,9.7116,9.9167,
233,2,345,267,490,338,1.0049,0.0165,-0.0250,1.0029,9.4656,11.2376,
234,2,345,267,490,338,1.0090,0.0192,-0.0109,0.9954,8.8902,10.8907,
235,2,345,267,490,338,1.0111,0.0147,-0.0139,0.9972,8.6982,10.9681,
236,2,345,267,490,338,1.0031,0.0014,-0.0024,0.9978,9.6985,10.0913,
237,2,345,267,490,338,0.9998,-0.0082,0.0086,1.0069,10.3162,8.8123,
238,2,345,267,490,338,0.9984,-0.0115,0.0053,1.0101,10.6053,8.5376,
239,2,345,267,490,338,1.0049,-0.0026,0.0065,1.0034,10.0636,8.7700,
240,2,346,267,492,338,1.0071,0.0069,-0.0038,1.0088,9.7703,9.4564,
241,2,346,267,494,338,1.0126,0.0106,-0.0029,1.0024,9.4817,9.8685,
242,2,347,268,496,339,1.0041,0.0112,-0.0026,1.0015,10.0264,10.5231,
243,2,348,269,498,339,1.0081,0.0064,-0.0141,0.9918,9.9433,11.5053,
244,2,348,269,498,339,1.0008,0.0027,-0.0106,1.0044,10.3033,10.7085,
245,2,348,269,498,339,1.0029,-0.0035,0.0012,1.0000,10.0237,9.9685,
246,2,348,269,498,339,1.0056,-0.0020,0.0051,0.9963,9.6395,9.8652,
247,2,348,269,498,339,1.0014,0.0003,0.0001,0.9997,9.8474,9.9540,
248,2,348,269,498,339,0.9991,-0.0006,-0.0073,0.9998,10.0677,10.5184,
249,2,348,269,498,339,1.0009,-0.0024,-0.0019,0.9888,10.2283,10.8705,
250,2,348,269,498,339,0.9994,0.0114,-0.0130,1.0020,10.2991,11.0417,
251,2,353,263,462,334,1.0039,0.0126,-0.0058,0.9937,10.0403,10.7331,
252,2,353,263,462,334,1.0051,0.0113,-0.0115,1.0008,9.6157,10.7252,
253,2,353,263,462,334,1.0055,0.0007,-0.0009,0.9932,9.5522,10.0618,
254,2,353,263,462,334,1.0025,-0.0008,0.0049,0.9969,9.6765,9.5392,
255,2,353,263,462,334,1.0017,-0.0020,0.0023,0.9997,9.7694,9.7727,
256,2,353,263,462,334,1.0073,0.0017,0.0111,1.0062,9.3117,9.6010,
257,2,353,264,463,336,1.0112,0.0147,-0.0015,1.0070,8.9351,10.7646,
258,2,354,265,465,337,1.0070,0.0400,-0.0314,1.0007,9.1009,12.5092,
259,2,356,266,466,338,0.9966,0.0436,-0.0470,0.9977,9.7709,12.9624,
260,2,356,266,466,338,0.9965,0.0147,-0.0224,1.0002,10.0077,10.9978,
261,2,356,266,466,338,1.0026,-0.0076,0.0104,1.0062,9.4829,9.1269,
262,2,356,266,466,338,1.0002,-0.0188,0.0226,1.0043,9.5364,8.4933,
263,2,356,266,466,338,1.0013,-0.0097,0.0125,0.9961,9.5545,9.2556,
264,2,356,266,466,338,0.9978,0.0030,-0.0099,0.9977,9.7935,10.2423,
265,2,356,266,466,338,0.9995,0.0041,-0.0053,1.0036,9.8179,9.8343,
266,2,356,266,466,338,1.0022,-0.0009,0.0030,1.0030,9.8295,9.7609,
267,2,356,266,466,338,1.0017,0.0043,-0.0010,1.0014,9.7933,10.1865,
268,2,356,266,466,338,0.9968,0.0108,-0.0202,0.9991,10.0470,10.9525,
269,2,356,266,466,338,0.9974,0.0026,-0.0075,1.0023,10.1890,10.0915,
270,2,356,266,466,338,0.9994,-0.0088,0.0052,1.0026,10.1370,9.3831,
271,2,356,266,466,338,0.9977,-0.0114,0.0033,1.0097,10.1853,9.3394,
272,2,356,266,466,338,0.9981,-0.0000,0.0019,1.0024,9.9332,9.8006,
273,2,356,266,466,338,0.9996,0.0032,-0.0080,0.9984,9.8585,10.3649,
274,2,356,266,466,338,0.9978,0.0049,-0.0088,0.9986,9.8425,10.4557,
275,2,356,266,466,338,1.0030,-0.0014,0.0088,0.9989,9.7314,9.6204,
276,2,356,266,466,338,0.9975,-0.0086,0.0087,1.0085,10.2012,9.2282,
277,2,356,266,466,338,0.9995,-0.0038,0.0029,1.0003,10.0396,9.8216,
278,2,356,266,466,338,0.9984,0.0031,-0.0051,0.9991,9.9632,10.2725,
279,2,356,266,466,338,1.0015,0.0048,-0.0019,0.9985,9.6874,10.1816,
280,2,356,266,466,338,1.0012,-0.0048,0.0032,1.0010,9.9490,9.7649,
281,2,356,266,466,338,0.9957,-0.0114,0.0069,1.0063,10.4829,9.1206,
282,2,356,266,466,338,0.9932,-0.0217,0.0154,1.0079,11.0515,8.5525,
283,2,356,266,466,338,0.9937,-0.0222,0.0246,1.0024,11.0821,8.2442,
284,2,356,266,466,338,0.9968,-0.0118,0.0093,1.0082,10.7052,9.1256,
285,2,356,266,466,338,1.0012,0.0034,-0.0037,1.0042,9.9633,10.0154,
286,2,356,266,466,338,1.0017,0.0055,-0.0051,0.9985,9.7866,10.3340,
287,2,356,266,466,338,0.9973,-0.0082,-0.0044,0.9926,10.2565,10.1979,
288,2,356,266,466,338,0.9950,-0.0243,0.0112,1.0104,10.8208,8.6238,
289,2,356,266,466,338,0.9916,-0.0350,0.0435,1.0031,11.3165,6.9889,
290,2,356,266,466,338,0.9869,-0.0488,0.0494,1.0048,11.9880,6.4243,
291,2,356,266,466,338,0.9857,-0.0571,0.0458,1.0123,12.2689,6.1681,
292,2,356,266,466,338,0.9813,-0.0710,0.0627,0.9956,12.6768,5.8244,
293,2,356,265,464,337,0.9788,-0.0895,0.0846,1.0012,13.0533,3.7876,
294,2,357,264,462,336,0.9721,-0.0884,0.0814,1.0044,13.4684,4.1400,
295,2,358,263,460,336,0.9745,-0.0775,0.0737,1.0166,13.0847,4.6203,
296,2,358,260,455,335,0.9557,-0.1280,0.1330,1.0259,14.1711,-0.0932,
297,2,345,236,457,331,0.9593,-0.1029,0.1143,1.0367,12.7181,0.4293,
298,2,336,214,435,312,0.7630,-0.5311,0.5608,0.8741,35.4702,-37.5562,
299,2,336,214,435,312,0.9984,-0.0012,0.0093,1.0045,9.4671,8.8477,
300,2,336,214,435,312,1.0015,0.0096,0.0002,1.0050,8.9531,9.5795,
301,2,333,216,434,308,1.0000,-0.0000,-0.0000,1.0000,10.0000,10.0000,
302,2,333,216,434,308,0.9995,0.0141,-0.0048,0.9983,8.8677,10.3943,
303,2,333,216,434,308,0.9976,-0.0140,0.0139,1.0017,9.9526,9.0018,
304,2,333,216,434,308,0.9992,-0.0100,0.0168,1.0009,9.6518,8.3454,
305,2,333,216,434,308,0.9903,-0.0090,0.0149,1.0088,9.9568,7.9638,
306,2,333,216,434,308,0.9942,-0.0039,0.0012,1.0038,10.0291,9.2458,
307,2,333,216,434,308,0.9942,-0.0014,0.0002,1.0005,10.0825,9.8341,
308,2,333,216,434,308,1.0015,0.0005,-0.0121,1.0046,9.9862,10.6172,
309,2,333,216,434,308,1.0011,-0.0004,0.0042,1.0015,10.0893,10.0465,
310,2,333,216,434,308,1.0057,-0.0074,0.0093,1.0057,9.7952,9.1980,
311,2,333,216,434,308,1.0073,-0.0129,0.0142,0.9961,9.2359,8.9612,
312,2,333,216,434,308,1.0022,-0.0149,0.0088,0.9984,9.6967,9.3409,
313,2,333,216,434,308,1.0000,0.0047,0.0036,1.0077,9.8159,9.4247,
314,2,333,219,434,310,0.9982,-0.0029,-0.0229,0.9900,9.4949,13.6167,
315,2,333,219,434,310,1.0023,-0.0096,0.0141,0.9946,9.5636,9.3132,
316,2,333,219,434,310,0.9988,-0.0148,0.0157,0.9991,10.1417,8.9869,
317,2,333,219,434,310,0.9994,-0.0137,0.0101,0.9980,10.4898,9.3763,
318,2,333,219,434,310,0.9955,-0.0178,0.0136,1.0013,10.8638,8.7990,
319,2,333,219,434,310,1.0007,-0.0073,0.0038,0.9969,10.2269,9.8013,
320,2,333,219,434,310,0.9974,-0.0067,0.0037,0.9982,10.5009,9.9405,
321,2,333,219,434,310,1.0004,-0.0108,-0.0003,0.9979,10.3762,10.1001,
322,2,333,219,434,310,1.0033,0.0058,0.0026,1.0000,9.3606,9.7755,
323,2,333,219,434,310,0.9998,0.0041,-0.0022,1.0001,9.7426,10.0139,
324,2,333,219,434,310,1.0007,-0.0054,0.0057,0.9999,10.1965,9.5985,
325,2,333,219,434,310,0.9970,-0.0036,0.0019,0.9970,10.5158,10.1074,
326,2,333,219,434,310,0.9971,-0.0003,-0.0041,0.9993,10.4403,10.2542,
327,2,333,219,434,310,0.9980,-0.0045,-0.0065,1.0023,10.6332,10.3510,
328,2,333,219,434,310,0.9977,-0.0014,-0.0029,1.0010,10.5299,10.0137,
329,2,333,219,434,310,0.9975,0.0041,0.0025,1.0012,10.1094,9.9241,
330,2,333,219,434,310,0.9966,-0.0071,0.0107,1.0006,10.7270,9.4142,
331,2,333,219,434,310,1.0016,-0.0067,0.0017,0.9977,10.5649,10.1932,
332,2,333,219,434,310,1.0005,-0.0026,-0.0011,1.0013,10.8443,10.5363,
333,2,333,219,434,310,0.9989,0.0149,-0.0103,0.9956,10.2174,11.2390,
334,2,333,219,434,310,1.0011,0.0134,-0.0137,0.9964,9.6007,11.6805,
335,2,333,219,434,310,1.0025,0.0056,-0.0039,0.9964,9.4269,10.8591,
336,2,333,219,434,310,1.0031,-0.0000,0.0015,1.0012,9.7057,10.0154,
337,2,341,215,442,309,1.0008,-0.0560,0.0333,1.0322,20.4765,3.6827,
338,2,341,215,442,309,0.9966,0.0035,-0.0085,0.9984,10.0321,10.8425,
339,2,341,215,442,309,1.0029,0.0088,-0.0063,1.0013,9.4426,10.4122,
340,2,341,215,442,309,1.0019,0.0150,-0.0050,1.0039,9.3555,9.9664,
341,2,341,215,442,309,0.9998,0.0069,-0.0029,1.0069,10.5269,9.6128,
342,2,342,215,444,310,1.0083,-0.0000,-0.0055,1.0061,10.9073,9.7807,
343,2,343,215,446,311,1.0082,-0.0010,0.0082,1.0065,10.9562,9.5184,
344,2,345,216,449,312,1.0100,-0.0111,0.0115,1.0010,11.6689,10.0475,
345,2,347,218,453,315,1.0209,-0.0120,0.0156,1.0063,11.6109,10.6071,
346,2,349,221,457,318,1.0146,-0.0079,0.0097,1.0041,12.2004,11.6135,
347,2,352,223,461,322,1.0156,-0.0103,0.0007,1.0122,12.5730,11.9142,
348,2,355,226,465,325,1.0042,-0.0027,-0.0011,1.0093,12.8971,12.1189,
349,2,359,229,469,329,1.0025,-0.0120,0.0141,1.0098,13.6589,11.4343,
350,2,363,232,473,332,1.0031,-0.0126,0.0195,1.0038,13.7044,11.5277,
351,2,374,234,461,336,1.0123,-0.0251,0.0300,1.0033,13.8896,11.8254,
352,2,378,239,465,341,1.0045,-0.0275,0.0287,1.0015,14.5725,12.7457,
353,2,382,243,469,345,1.0004,-0.0108,0.0103,1.0007,14.0336,13.0767,
354,2,386,247,473,349,0.9976,-0.0051,0.0000,1.0010,13.9626,13.0770,
355,2,390,251,477,351,1.0020,-0.0044,0.0050,0.9865,13.5588,13.1197,
356,2,394,254,481,354,1.0028,-0.0060,0.0009,0.9950,13.7224,12.6000,
357,2,399,257,485,357,0.9931,0.0057,-0.0060,0.9969,13.7549,12.7657,
358,2,403,260,489,360,0.9993,-0.0049,0.0073,1.0009,13.5593,12.4889,
359,2,407,263,493,364,0.9972,0.0032,-0.0037,1.0021,13.3078,13.1161,
360,2,411,266,497,368,0.9961,0.0007,-0.0067,1.0045,13.7011,13.1192,
361,2,416,269,501,372,0.9954,0.0160,-0.0116,1.0063,13.1867,13.1078,
362,2,420,272,505,376,1.0071,0.0052,0.0010,1.0026,12.8877,12.8680,
363,2,424,276,508,380,0.9959,-0.0053,0.0055,0.9948,13.4705,13.3216,
364,2,427,280,511,384,0.9958,-0.0215,0.0120,0.9946,13.7926,13.0784,
365,2,430,284,514,387,0.9958,-0.0035,0.0022,0.9911,12.9943,13.3381,
366,2,433,288,517,390,1.0019,-0.0025,0.0010,0.9984,12.7954,12.9803,
367,2,436,291,520,393,0.9944,-0.0044,-0.0019,0.9992,13.1330,12.8239,
368,2,439,294,523,396,0.9988,0.0001,0.0033,0.9991,12.4346,12.3778,
369,2,441,297,525,399,0.9975,-0.0151,0.0070,0.9990,12.6327,12.0784,
370,2,443,300,527,401,0.9982,-0.0108,0.0055,0.9975,12.1271,11.8823,
371,2,445,302,529,403,0.9998,-0.0011,0.0028,0.9943,11.2433,11.7992,
372,2,446,304,530,405,0.9988,-0.0246,0.0050,0.9934,11.7153,11.6002,
373,2,447,306,531,406,0.9925,-0.0126,0.0040,0.9926,11.2980,11.3621,
374,2,448,308,532,407,1.0002,0.0021,-0.0104,0.9940,10.2574,11.6411,
375,2,448,308,532,407,1.0065,-0.0038,0.0086,1.0009,10.5269,10.1304,
376,2,448,308,532,407,0.9954,-0.0140,0.0074,0.9974,11.1812,10.0950,
377,2,448,308,532,407,1.0030,0.0032,0.0023,0.9977,10.2996,10.1790,
378,2,448,308,532,407,0.9996,0.0069,0.0028,0.9974,10.1679,10.1262,
379,2,448,308,532,407,0.9967,0.0006,-0.0053,0.9977,10.2923,10.3388,
380,2,448,308,532,407,0.9989,0.0002,-0.0049,0.9962,10.1150,10.2890,
381,2,448,308,532,407,0.9985,-0.0009,0.0015,1.0006,10.0778,9.9629,
382,2,448,308,532,407,1.0038,0.0029,-0.0008,0.9981,9.7860,10.1388,
383,2,448,308,532,407,0.9985,-0.0028,0.0014,1.0039,10.1548,9.8117,
384,2,448,308,532,407,0.9984,0.0019,-0.0021,1.0006,9.9413,10.0025,
385,2,448,308,532,407,1.0027,0.0054,-0.0086,0.9982,9.6429,10.0629,
386,2,448,308,532,407,1.0042,0.0049,-0.0010,1.0020,9.5519,9.8832,
387,2,448,308,532,407,1.0044,0.0050,-0.0013,0.9999,9.5690,9.9236,
388,2,448,308,532,407,1.0000,0.0011,0.0004,0.9981,9.8905,9.9641,
389,2,448,308,532,407,1.0033,0.0016,0.0014,1.0012,9.7271,9.8165,
390,2,448,308,532,407,1.0001,-0.0023,0.0003,0.9997,10.0392,9.8657,
391,2,448,308,532,407,1.0008,0.0003,0.0009,1.0016,9.9128,9.8606,
392,2,448,308,532,407,0.9980,0.0053,-0.0028,0.9970,9.8891,10.1415,
393,2,448,308,532,407,1.0034,0.0013,-0.0002,1.0003,9.8494,9.9833,
394,2,448,308,532,407,0.9985,0.0010,0.0009,1.0004,10.0384,9.9785,
395,2,448,308,532,407,1.0034,0.0021,0.0036,1.0015,9.8729,9.9127,
396,2,448,308,532,407,1.0015,-0.0004,-0.0022,0.9978,10.0200,10.2278,
397,2,448,308,532,407,0.9970,-0.0043,0.0035,1.0005,10.3213,9.9877,
398,2,448,308,532,407,0.9974,-0.0018,-0.0040,0.9999,10.2442,10.1983,
399,2,448,308,532,407,1.0044,0.0012,-0.0004,0.9987,9.8866,10.1387,
400,2,448,308,532,407,1.0021,-0.0075,0.0008,1.0001,10.2233,10.0375,
401,2,439,290,515,393,0.0000,0.0000,0.0000,0.0000,0.0000,0.0000,
402,2,439,290,515,393,0.0000,0.0000,0.0000,0.0000,0.0000,0.0000,
403,2,439,290,515,393,0.0000,0.0000,0.0000,0.0000,0.0000,0.0000,
404,2,439,290,515,393,0.0000,0.0000,0.0000,0.0000,0.0000,0.0000,
405,2,439,290,515,393,0.0000,0.0000,0.0000,0.0000,0.0000,0.0000,
406,2,439,290,515,393,0.0000,0.0000,0.0000,0.0000,0.0000,0.0000,
407,2,439,290,515,393,0.0000,0.0000,0.0000,0.0000,0.0000,0.0000,
408,2,439,290,515,393,0.0000,0.0000,0.0000,0.0000,0.0000,0.0000,
409,2,439,290,515,393,0.0000,0.0000,0.0000,0.0000,0.0000,0.0000,
410,2,439,290,515,393,0.0000,0.0000,0.0000,0.0000,0.0000,0.0000,
411,2,439,290,515,393,0.0000,0.0000,0.0000,0.0000,0.0000,0.0000,
412,2,439,290,515,393,0.0000,0.0000,0.0000,0.0000,0.0000,0.0000,
413,2,439,290,515,393,0.0000,0.0000,0.0000,0.0000,0.0000,0.0000,
414,2,439,290,515,393,0.0000,0.0000,0.0000,0.0000,0.0000,0.0000,
415,2,439,290,515,393,0.0000,0.0000,0.0000,0.0000,0.0000,0.0000,
416,2,439,290,515,393,0.0000,0.0000,0.0000,0.0000,0.0000,0.0000,
417,2,439,290,515,393,0.0000,0.0000,0.0000,0.0000,0.0000,0.0000,
418,2,439,290,515,393,0.0000,0.0000,0.0000,0.0000,0.0000,0.0000,
419,2,439,290,515,393,0.0000,0.0000,0.0000,0.0000,0.0000,0.0000,
420,2,439,290,515,393,0.0000,0.0000,0.0000,0.0000,0.0000,0.0000,
421,2,439,290,515,393,0.0000,0.0000,0.0000,0.0000,0.0000,0.0000,
422,2,439,290,515,393,0.0000,0.0000,0.0000,0.0000,0.0000,0.0000,
423,2,439,290,515,393,0.0000,0.0000,0.0000,0.0000,0.0000,0.0000,
424,2,439,290,515,393,0.0000,0.0000,0.0000,0.0000,0.0000,0.0000,
425,2,439,290,515,393,0.0000,0.0000,0.0000,0.0000,0.0000,0.0000,
426,2,439,290,515,393,0.0000,0.0000,0.0000,0.0000,0.0000,0.0000,
427,2,439,290,515,393,0.0000,0.0000,0.0000,0.0000,0.0000,0.0000,
428,2,439,290,515,393,0.0000,0.0000,0.0000,0.0000,0.0000,0.0000,
429,2,439,290,515,393,0.0000,0.0000,0.0000,0.0000,0.0000,0.0000,
430,2,439,290,515,393,0.0000,0.0000,0.0000,0.0000,0.0000,0.0000,
431,2,439,290,515,393,0.0000,0.0000,0.0000,0.0000,0.0000,0.0000,
432,2,439,290,515,393,0.0000,0.0000,0.0000,0.0000,0.0000,0.0000,
433,2,439,290,515,393,0.0000,0.0000,0.0000,0.0000,0.0000,0.0000,
434,2,439,290,515,393,0.0000,0.0000,0.0000,0.0000,0.0000,0.0000,
435,2,439,290,515,393,0.0000,0.0000,0.0000,0.0000,0.0000,0.0000,
436,2,439,290,515,393,0.0000,0.0000,0.0000,0.0000,0.0000,0.0000,
437,2,439,290,515,393,0.0000,0.0000,0.0000,0.0000,0.0000,0.0000,
438,2,439,290,515,393,0.0000,0.0000,0.0000,0.0000,0.0000,0.0000,
439,2,439,290,515,393,0.0000,0.0000,0.0000,0.0000,0.0000,0.0000,
440,2,439,290,515,393,0.0000,0.0000,0.0000,0.0000,0.0000,0.0000,
441,2,439,290,515,393,0.0000,0.0000,0.0000,0.0000,0.0000,0.0000,
442,2,439,290,515,393,0.0000,0.0000,0.0000,0.0000,0.0000,0.0000,
443,2,439,290,515,393,0.0000,0.0000,0.0000,0.0000,0.0000,0.0000,
444,2,439,290,515,393,0.0000,0.0000,0.0000,0.0000,0.0000,0.0000,
445,2,439,290,515,393,0.0000,0.0000,0.0000,0.0000,0.0000,0.0000,
446,2,439,290,515,393,0.0000,0.0000,0.0000,0.0000,0.0000,0.0000,
447,2,439,290,515,393,0.0000,0.0000,0.0000,0.0000,0.0000,0.0000,
448,2,439,290,515,393,0.0000,0.0000,0.0000,0.0000,0.0000,0.0000,
449,2,439,290,515,393,0.0000,0.0000,0.0000,0.0000,0.0000,0.0000,
450,2,439,290,515,393,0.0000,0.0000,0.0000,0.0000,0.0000,0.0000,
451,2,439,290,515,393,0.0000,0.0000,0.0000,0.0000,0.0000,0.0000,
452,2,439,290,515,393,0.0000,0.0000,0.0000,0.0000,0.0000,0.0000,
453,2,439,290,515,393,0.0000,0.0000,0.0000,0.0000,0.0000,0.0000,
454,2,439,290,515,393,0.0000,0.0000,0.0000,0.0000,0.0000,0.0000,
455,2,439,290,515,393,0.0000,0.0000,0.0000,0.0000,0.0000,0.0000,
456,2,439,290,515,393,0.0000,0.0000,0.0000,0.0000,0.0000,0.0000,
457,2,439,290,515,393,0.0000,0.0000,0.0000,0.0000,0.0000,0.0000,
458,2,439,290,515,393,0.0000,0.0000,0.0000,0.0000,0.0000,0.0000,
459,2,439,290,515,393,0.0000,0.0000,0.0000,0.0000,0.0000,0.0000,
460,2,439,290,515,393,0.0000,0.0000,0.0000,0.0000,0.0000,0.0000,
461,2,439,290,515,393,0.0000,0.0000,0.0000,0.0000,0.0000,0.0000,
462,2,439,290,515,393,0.0000,0.0000,0.0000,0.0000,0.0000,0.0000,
463,2,439,290,515,393,0.0000,0.0000,0.0000,0.0000,0.0000,0.0000,
464,2,439,290,515,393,0.0000,0.0000,0.0000,0.0000,0.0000,0.0000,
465,2,439,290,515,393,0.0000,0.0000,0.0000,0.0000,0.0000,0.0000,
466,2,439,290,515,393,0.0000,0.0000,0.0000,0.0000,0.0000,0.0000,
467,2,439,290,515,393,0.0000,0.0000,0.0000,0.0000,0.0000,0.0000,
468,2,439,290,515,393,0.0000,0.0000,0.0000,0.0000,0.0000,0.0000,
469,2,439,290,515,393,0.0000,0.0000,0.0000,0.0000,0.0000,0.0000,
470,2,439,290,515,393,0.0000,0.0000,0.0000,0.0000,0.0000,0.0000,
471,2,439,290,515,393,0.0000,0.0000,0.0000,0.0000,0.0000,0.0000,
472,2,439,290,515,393,0.0000,0.0000,0.0000,0.0000,0.0000,0.0000,
473,2,439,290,515,393,0.0000,0.0000,0.0000,0.0000,0.0000,0.0000,
474,2,439,290,515,393,0.0000,0.0000,0.0000,0.0000,0.0000,0.0000,
475,2,439,290,515,393,0.0000,0.0000,0.0000,0.0000,0.0000,0.0000,
476,2,439,290,515,393,0.0000,0.0000,0.0000,0.0000,0.0000,0.0000,
477,2,439,290,515,393,0.0000,0.0000,0.0000,0.0000,0.0000,0.0000,
478,2,439,290,515,393,0.0000,0.0000,0.0000,0.0000,0.0000,0.0000,
479,2,439,290,515,393,0.0000,0.0000,0.0000,0.0000,0.0000,0.0000,
480,2,439,290,515,393,0.0000,0.0000,0.0000,0.0000,0.0000,0.0000,
481,2,439,290,515,393,0.0000,0.0000,0.0000,0.0000,0.0000,0.0000,
482,2,439,290,515,393,0.0000,0.0000,0.0000,0.0000,0.0000,0.0000,
483,2,439,290,515,393,0.0000,0.0000,0.0000,0.0000,0.0000,0.0000,
484,2,439,290,515,393,0.0000,0.0000,0.0000,0.0000,0.0000,0.0000,
485,2,439,290,515,393,0.0000,0.0000,0.0000,0.0000,0.0000,0.0000,
486,2,439,290,515,393,0.0000,0.0000,0.0000,0.0000,0.0000,0.0000,
487,2,439,290,515,393,0.0000,0.0000,0.0000,0.0000,0.0000,0.0000,
488,2,439,290,515,393,0.0000,0.0000,0.0000,0.0000,0.0000,0.0000,
489,2,439,290,515,393,0.0000,0.0000,0.0000,0.0000,0.0000,0.0000,
490,2,439,290,515,393,0.0000,0.0000,0.0000,0.0000,0.0000,0.0000,
491,2,439,290,515,393,0.0000,0.0000,0.0000,0.0000,0.0000,0.0000,
492,2,439,290,515,393,0.0000,0.0000,0.0000,0.0000,0.0000,0.0000,
493,2,439,290,515,393,0.0000,0.0000,0.0000,0.0000,0.0000,0.0000,
494,2,439,290,515,393,0.0000,0.0000,0.0000,0.0000,0.0000,0.0000,
495,2,439,290,515,393,0.0000,0.0000,0.0000,0.0000,0.0000,0.0000,
496,2,439,290,515,393,0.0000,0.0000,0.0000,0.0000,0.0000,0.0000,
497,2,439,290,515,393,0.0000,0.0000,0.0000,0.0000,0.0000,0.0000,
498,2,439,290,515,393,0.0000,0.0000,0.0000,0.0000,0.0000,0.0000,
499,2,439,290,515,393,0.0000,0.0000,0.0000,0.0000,0.0000,0.0000,
500,2,439,290,515,393,0.0000,0.0000,0.0000,0.0000,0.0000,0.0000,
501,2,439,290,515,393,0.0000,0.0000,0.0000,0.0000,0.0000,0.0000,
502,2,439,290,515,393,0.0000,0.0000,0.0000,0.0000,0.0000,0.0000,
503,2,439,290,515,393,0.0000,0.0000,0.0000,0.0000,0.0000,0.0000,
504,2,439,290,515,393,0.0000,0.0000,0.0000,0.0000,0.0000,0.0000,
505,2,439,290,515,393,0.0000,0.0000,0.0000,0.0000,0.0000,0.0000,
506,2,439,290,515,393,0.0000,0.0000,0.0000,0.0000,0.0000,0.0000,
507,2,439,290,515,393,0.0000,0.0000,0.0000,0.0000,0.0000,0.0000,
508,2,439,290,515,393,0.0000,0.0000,0.0000,0.0000,0.0000,0.0000,
509,2,439,290,515,393,0.0000,0.0000,0.0000,0.0000,0.0000,0.0000,
510,2,439,290,515,393,0.0000,0.0000,0.0000,0.0000,0.0000,0.0000,
511,2,439,290,515,393,0.0000,0.0000,0.0000,0.0000,0.0000,0.0000,
512,2,439,290,515,393,0.0000,0.0000,0.0000,0.0000,0.0000,0.0000,
513,2,439,290,515,393,0.0000,0.0000,0.0000,0.0000,0.0000,0.0000,
514,2,439,290,515,393,0.0000,0.0000,0.0000,0.0000,0.0000,0.0000,
515,2,439,290,515,393,0.0000,0.0000,0.0000,0.0000,0.0000,0.0000,
516,2,439,290,515,393,0.0000,0.0000,0.0000,0.0000,0.0000,0.0000,
517,2,439,290,515,393,0.0000,0.0000,0.0000,0.0000,0.0000,0.0000,
518,2,439,290,515,393,0.0000,0.0000,0.0000,0.0000,0.0000,0.0000,
519,2,439,290,515,393,0.0000,0.0000,0.0000,0.0000,0.0000,0.0000,
520,2,439,290,515,393,0.0000,0.0000,0.0000,0.0000,0.0000,0.0000,
521,2,439,290,515,393,0.0000,0.0000,0.0000,0.0000,0.0000,0.0000,
522,2,439,290,515,393,0.0000,0.0000,0.0000,0.0000,0.0000,0.0000,
523,2,439,290,515,393,0.0000,0.0000,0.0000,0.0000,0.0000,0.0000,
524,2,439,290,515,393,0.0000,0.0000,0.0000,0.0000,0.0000,0.0000,
525,2,439,290,515,393,0.0000,0.0000,0.0000,0.0000,0.0000,0.0000,
526,2,439,290,515,393,0.0000,0.0000,0.0000,0.0000,0.0000,0.0000,
527,2,439,290,515,393,0.0000,0.0000,0.0000,0.0000,0.0000,0.0000,
528,2,439,290,515,393,0.0000,0.0000,0.0000,0.0000,0.0000,0.0000,
529,2,439,290,515,393,0.0000,0.0000,0.0000,0.0000,0.0000,0.0000,
530,2,439,290,515,393,0.0000,0.0000,0.0000,0.0000,0.0000,0.0000,
531,2,439,290,515,393,0.0000,0.0000,0.0000,0.0000,0.0000,0.0000,
532,2,439,290,515,393,0.0000,0.0000,0.0000,0.0000,0.0000,0.0000,
533,2,439,290,515,393,0.0000,0.0000,0.0000,0.0000,0.0000,0.0000,
534,2,439,290,515,393,0.0000,0.0000,0.0000,0.0000,0.0000,0.0000,
535,2,439,290,515,393,0.0000,0.0000,0.0000,0.0000,0.0000,0.0000,
536,2,439,290,515,393,0.0000,0.0000,0.0000,0.0000,0.0000,0.0000,
537,2,439,290,515,393,0.0000,0.0000,0.0000,0.0000,0.0000,0.0000,
538,2,439,290,515,393,0.0000,0.0000,0.0000,0.0000,0.0000,0.0000,
539,2,439,290,515,393,0.0000,0.0000,0.0000,0.0000,0.0000,0.0000,
540,2,439,290,515,393,0.0000,0.0000,0.0000,0.0000,0.0000,0.0000,
541,2,439,290,515,393,0.0000,0.0000,0.0000,0.0000,0.0000,0.0000,
542,2,439,290,515,393,0.0000,0.0000,0.0000,0.0000,0.0000,0.0000,
543,2,439,290,515,393,0.0000,0.0000,0.0000,0.0000,0.0000,0.0000,
544,2,439,290,515,393,0.0000,0.0000,0.0000,0.0000,0.0000,0.0000,
545,2,439,290,515,393,0.0000,0.0000,0.0000,0.0000,0.0000,0.0000,
546,2,439,290,515,393,0.0000,0.0000,0.0000,0.0000,0.0000,0.0000,
547,2,439,290,515,393,0.0000,0.0000,0.0000,0.0000,0.0000,0.0000,
548,2,439,290,515,393,0.0000,0.0000,0.0000,0.0000,0.0000,0.0000,
549,2,439,290,515,393,0.0000,0.0000,0.0000,0.0000,0.0000,0.0000,
550,2,439,290,515,393,0.0000,0.0000,0.0000,0.0000,0.0000,0.0000,
551,2,439,290,515,393,0.0000,0.0000,0.0000,0.0000,0.0000,0.0000,
552,2,439,290,515,393,0.0000,0.0000,0.0000,0.0000,0.0000,0.0000,
553,2,439,290,515,393,0.0000,0.0000,0.0000,0.0000,0.0000,0.0000,
554,2,439,290,515,393,0.0000,0.0000,0.0000,0.0000,0.0000,0.0000,
555,2,439,290,515,393,0.0000,0.0000,0.0000,0.0000,0.0000,0.0000,
556,2,439,290,515,393,0.0000,0.0000,0.0000,0.0000,0.0000,0.0000,
557,2,439,290,515,393,0.0000,0.0000,0.0000,0.0000,0.0000,0.0000,
558,2,439,290,515,393,0.0000,0.0000,0.0000,0.0000,0.0000,0.0000,
559,2,439,290,515,393,0.0000,0.0000,0.0000,0.0000,0.0000,0.0000,
560,2,439,290,515,393,0.0000,0.0000,0.0000,0.0000,0.0000,0.0000,
561,2,439,290,515,393,0.0000,0.0000,0.0000,0.0000,0.0000,0.0000,
562,2,439,290,515,393,0.0000,0.0000,0.0000,0.0000,0.0000,0.0000,
563,2,439,290,515,393,0.0000,0.0000,0.0000,0.0000,0.0000,0.0000,
564,2,439,290,515,393,0.0000,0.0000,0.0000,0.0000,0.0000,0.0000,
565,2,439,290,515,393,0.0000,0.0000,0.0000,0.0000,0.0000,0.0000,
566,2,439,290,515,393,0.0000,0.0000,0.0000,0.0000,0.0000,0.0000,
567,2,439,290,515,393,0.0000,0.0000,0.0000,0.0000,0.0000,0.0000,
568,2,439,290,515,393,0.0000,0.0000,0.0000,0.0000,0.0000,0.0000,
569,2,439,290,515,393,0.0000,0.0000,0.0000,0.0000,0.0000,0.0000,
570,2,439,290,515,393,0.0000,0.0000,0.0000,0.0000,0.0000,0.0000,
571,2,439,290,515,393,0.0000,0.0000,0.0000,0.0000,0.0000,0.0000,
572,2,439,290,515,393,0.0000,0.0000,0.0000,0.0000,0.0000,0.0000,
573,2,439,290,515,393,0.0000,0.0000,0.0000,0.0000,0.0000,0.0000,
574,2,439,290,515,393,0.0000,0.0000,0.0000,0.0000,0.0000,0.0000,
575,2,439,290,515,393,0.0000,0.0000,0.0000,0.0000,0.0000,0.0000,
576,2,439,290,515,393,0.0000,0.0000,0.0000,0.0000,0.0000,0.0000,
577,2,439,290,515,393,0.0000,0.0000,0.0000,0.0000,0.0000,0.0000,
578,2,439,290,515,393,0.0000,0.0000,0.0000,0.0000,0.0000,0.0000,
579,2,439,290,515,393,0.0000,0.0000,0.0000,0.0000,0.0000,0.0000,
580,2,439,290,515,393,0.0000,0.0000,0.0000,0.0000,0.0000,0.0000,
581,2,439,290,515,393,0.0000,0.0000,0.0000,0.0000,0.0000,0.0000,
582,2,439,290,515,393,0.0000,0.0000,0.0000,0.0000,0.0000,0.0000,
583,2,439,290,515,393,0.0000,0.0000,0.0000,0.0000,0.0000,0.0000,
584,2,439,290,515,393,0.0000,0.0000,0.0000,0.0000,0.0000,0.0000,
585,2,439,290,515,393,0.0000,0.0000,0.0000,0.0000,0.0000,0.0000,
586,2,439,290,515,393,0.0000,0.0000,0.0000,0.0000,0.0000,0.0000,
587,2,439,290,515,393,0.0000,0.0000,0.0000,0.0000,0.0000,0.0000,
588,2,439,290,515,393,0.0000,0.0000,0.0000,0.0000,0.0000,0.0000,
589,2,439,290,515,393,0.0000,0.0000,0.0000,0.0000,0.0000,0.0000,
590,2,439,290,515,393,0.0000,0.0000,0.0000,0.0000,0.0000,0.0000,
591,2,439,290,515,393,0.0000,0.0000,0.0000,0.0000,0.0000,0.0000,
592,2,439,290,515,393,0.0000,0.0000,0.0000,0.0000,0.0000,0.0000,
593,2,439,290,515,393,0.0000,0.0000,0.0000,0.0000,0.0000,0.0000,
594,2,439,290,515,393,0.0000,0.0000,0.0000,0.0000,0.0000,0.0000,
595,2,439,290,515,393,0.0000,0.0000,0.0000,0.0000,0.0000,0.0000,
596,2,439,290,515,393,0.0000,0.0000,0.0000,0.0000,0.0000,0.0000,
597,2,439,290,515,393,0.0000,0.0000,0.0000,0.0000,0.0000,0.0000,
598,2,439,290,515,393,0.0000,0.0000,0.0000,0.0000,0.0000,0.0000,
599,2,439,290,515,393,0.0000,0.0000,0.0000,0.0000,0.0000,0.0000,
600,2,439,290,515,393,0.0000,0.0000,0.0000,0.0000,0.0000,0.0000,
601,2,439,290,515,393,0.0000,0.0000,0.0000,0.0000,0.0000,0.0000,
602,2,439,290,515,393,0.0000,0.0000,0.0000,0.0000,0.0000,0.0000,
603,2,439,290,515,393,0.0000,0.0000,0.0000,0.0000,0.0000,0.0000,
604,2,439,290,515,393,0.0000,0.0000,0.0000,0.0000,0.0000,0.0000,
605,2,439,290,515,393,0.0000,0.0000,0.0000,0.0000,0.0000,0.0000,
606,2,439,290,515,393,0.0000,0.0000,0.0000,0.0000,0.0000,0.0000,
607,2,439,290,515,393,0.0000,0.0000,0.0000,0.0000,0.0000,0.0000,
608,2,439,290,515,393,0.0000,0.0000,0.0000,0.0000,0.0000,0.0000,
609,2,439,290,515,393,0.0000,0.0000,0.0000,0.0000,0.0000,0.0000,
610,2,439,290,515,393,0.0000,0.0000,0.0000,0.0000,0.0000,0.0000,
611,2,439,290,515,393,0.0000,0.0000,0.0000,0.0000,0.0000,0.0000,
612,2,439,290,515,393,0.0000,0.0000,0.0000,0.0000,0.0000,0.0000,
613,2,439,290,515,393,0.0000,0.0000,0.0000,0.0000,0.0000,0.0000,
614,2,439,290,515,393,0.0000,0.0000,0.0000,0.0000,0.0000,0.0000,
615,2,439,290,515,393,0.0000,0.0000,0.0000,0.0000,0.0000,0.0000,
616,2,439,290,515,393,0.0000,0.0000,0.0000,0.0000,0.0000,0.0000,
617,2,439,290,515,393,0.0000,0.0000,0.0000,0.0000,0.0000,0.0000,
618,2,439,290,515,393,0.0000,0.0000,0.0000,0.0000,0.0000,0.0000,
619,2,439,290,515,393,0.0000,0.0000,0.0000,0.0000,0.0000,0.0000,
620,2,439,290,515,393,0.0000,0.0000,0.0000,0.0000,0.0000,0.0000,
621,2,439,290,515,393,0.0000,0.0000,0.0000,0.0000,0.0000,0.0000,
622,2,439,290,515,393,0.0000,0.0000,0.0000,0.0000,0.0000,0.0000,
623,2,439,290,515,393,0.0000,0.0000,0.0000,0.0000,0.0000,0.0000,
624,2,439,290,515,393,0.0000,0.0000,0.0000,0.0000,0.0000,0.0000,
625,2,439,290,515,393,0.0000,0.0000,0.0000,0.0000,0.0000,0.0000,
626,2,439,290,515,393,0.0000,0.0000,0.0000,0.0000,0.0000,0.0000,
627,2,439,290,515,393,0.0000,0.0000,0.0000,0.0000,0.0000,0.0000,
628,2,439,290,515,393,0.0000,0.0000,0.0000,0.0000,0.0000,0.0000,
629,2,439,290,515,393,0.0000,0.0000,0.0000,0.0000,0.0000,0.0000,
630,2,439,290,515,393,0.0000,0.0000,0.0000,0.0000,0.0000,0.0000,
631,2,439,290,515,393,0.0000,0.0000,0.0000,0.0000,0.0000,0.0000,
632,2,439,290,515,393,0.0000,0.0000,0.0000,0.0000,0.0000,0.0000,
633,2,439,290,515,393,0.0000,0.0000,0.0000,0.0000,0.0000,0.0000,
634,2,439,290,515,393,0.0000,0.0000,0.0000,0.0000,0.0000,0.0000,
635,2,439,290,515,393,0.0000,0.0000,0.0000,0.0000,0.0000,0.0000,
636,2,439,290,515,393,0.0000,0.0000,0.0000,0.0000,0.0000,0.0000,
637,2,439,290,515,393,0.0000,0.0000,0.0000,0.0000,0.0000,0.0000,
638,2,439,290,515,393,0.0000,0.0000,0.0000,0.0000,0.0000,0.0000,
639,2,439,290,515,393,0.0000,0.0000,0.0000,0.0000,0.0000,0.0000,
640,2,439,290,515,393,0.0000,0.0000,0.0000,0.0000,0.0000,0.0000,
641,2,439,290,515,393,0.0000,0.0000,0.0000,0.0000,0.0000,0.0000,
642,2,439,290,515,393,0.0000,0.0000,0.0000,0.0000,0.0000,0.0000,
643,2,439,290,515,393,0.0000,0.0000,0.0000,0.0000,0.0000,0.0000,
644,2,439,290,515,393,0.0000,0.0000,0.0000,0.0000,0.0000,0.0000,
645,2,439,290,515,393,0.0000,0.0000,0.0000,0.0000,0.0000,0.0000,
646,2,439,290,515,393,0.0000,0.0000,0.0000,0.0000,0.0000,0.0000,
647,2,439,290,515,393,0.0000,0.0000,0.0000,0.0000,0.0000,0.0000,
648,2,439,290,515,393,0.0000,0.0000,0.0000,0.0000,0.0000,0.0000,
649,2,439,290,515,393,0.0000,0.0000,0.0000,0.0000,0.0000,0.0000,
650,2,439,290,515,393,0.0000,0.0000,0.0000,0.0000,0.0000,0.0000,
651,2,439,290,515,393,0.0000,0.0000,0.0000,0.0000,0.0000,0.0000,
652,2,439,290,515,393,0.0000,0.0000,0.0000,0.0000,0.0000,0.0000,
653,2,439,290,515,393,0.0000,0.0000,0.0000,0.0000,0.0000,0.0000,
654,2,439,290,515,393,0.0000,0.0000,0.0000,0.0000,0.0000,0.0000,
655,2,439,290,515,393,0.0000,0.0000,0.0000,0.0000,0.0000,0.0000,
656,2,439,290,515,393,0.0000,0.0000,0.0000,0.0000,0.0000,0.0000,
657,2,439,290,515,393,0.0000,0.0000,0.0000,0.0000,0.0000,0.0000,
658,2,439,290,515,393,0.0000,0.0000,0.0000,0.0000,0.0000,0.0000,
659,2,439,290,515,393,0.0000,0.0000,0.0000,0.0000,0.0000,0.0000,
660,2,439,290,515,393,0.0000,0.0000,0.0000,0.0000,0.0000,0.0000,
661,2,439,290,515,393,0.0000,0.0000,0.0000,0.0000,0.0000,0.0000,
662,2,439,290,515,393,0.0000,0.0000,0.0000,0.0000,0.0000,0.0000,
663,2,439,290,515,393,0.0000,0.0000,0.0000,0.0000,0.0000,0.0000,
664,2,439,290,515,393,0.0000,0.0000,0.0000,0.0000,0.0000,0.0000,
665,2,439,290,515,393,0.0000,0.0000,0.0000,0.0000,0.0000,0.0000,
666,2,439,290,515,393,0.0000,0.0000,0.0000,0.0000,0.0000,0.0000,
667,2,439,290,515,393,0.0000,0.0000,0.0000,0.0000,0.0000,0.0000,
668,2,439,290,515,393,0.0000,0.0000,0.0000,0.0000,0.0000,0.0000,
669,2,439,290,515,393,0.0000,0.0000,0.0000,0.0000,0.0000,0.0000,
670,2,439,290,515,393,0.0000,0.0000,0.0000,0.0000,0.0000,0.0000,
671,2,439,290,515,393,0.0000,0.0000,0.0000,0.0000,0.0000,0.0000,
672,2,439,290,515,393,0.0000,0.0000,0.0000,0.0000,0.0000,0.0000,
673,2,439,290,515,393,0.0000,0.0000,0.0000,0.0000,0.0000,0.0000,
674,2,439,290,515,393,0.0000,0.0000,0.0000,0.0000,0.0000,0.0000,
675,2,439,290,515,393,0.0000,0.0000,0.0000,0.0000,0.0000,0.0000,
676,2,439,290,515,393,0.0000,0.0000,0.0000,0.0000,0.0000,0.0000,
677,2,439,290,515,393,0.0000,0.0000,0.0000,0.0000,0.0000,0.0000,
678,2,439,290,515,393,0.0000,0.0000,0.0000,0.0000,0.0000,0.0000,
679,2,439,290,515,393,0.0000,0.0000,0.0000,0.0000,0.0000,0.0000,
680,2,439,290,515,393,0.0000,0.0000,0.0000,0.0000,0.0000,0.0000,
681,2,439,290,515,393,0.0000,0.0000,0.0000,0.0000,0.0000,0.0000,
682,2,439,290,515,393,0.0000,0.0000,0.0000,0.0000,0.0000,0.0000,
683,2,439,290,515,393,0.0000,0.0000,0.0000,0.0000,0.0000,0.0000,
684,2,439,290,515,393,0.0000,0.0000,0.0000,0.0000,0.0000,0.0000,
685,2,439,290,515,393,0.0000,0.0000,0.0000,0.0000,0.0000,0.0000,
686,2,439,290,515,393,0.0000,0.0000,0.0000,0.0000,0.0000,0.0000,
687,2,439,290,515,393,0.0000,0.0000,0.0000,0.0000,0.0000,0.0000,
688,2,439,290,515,393,0.0000,0.0000,0.0000,0.0000,0.0000,0.0000,
689,2,439,290,515,393,0.0000,0.0000,0.0000,0.0000,0.0000,0.0000,
690,2,439,290,515,393,0.0000,0.0000,0.0000,0.0000,0.0000,0.0000,
691,2,439,290,515,393,0.0000,0.0000,0.0000,0.0000,0.0000,0.0000,
692,2,439,290,515,393,0.0000,0.0000,0.0000,0.0000,0.0000,0.0000,
693,2,439,290,515,393,0.0000,0.0000,0.0000,0.0000,0.0000,0.0000,
694,2,439,290,515,393,0.0000,0.0000,0.0000,0.0000,0.0000,0.0000,
695,2,439,290,515,393,0.0000,0.0000,0.0000,0.0000,0.0000,0.0000,
696,2,439,290,515,393,0.0000,0.0000,0.0000,0.0000,0.0000,0.0000,
697,2,439,290,515,393,0.0000,0.0000,0.0000,0.0000,0.0000,0.0000,
698,2,439,290,515,393,0.0000,0.0000,0.0000,0.0000,0.0000,0.0000,
699,2,439,290,515,393,0.0000,0.0000,0.0000,0.0000,0.0000,0.0000,
700,2,439,290,515,393,0.0000,0.0000,0.0000,0.0000,0.0000,0.0000,
701,2,439,290,515,393,0.0000,0.0000,0.0000,0.0000,0.0000,0.0000,
702,2,439,290,515,393,0.0000,0.0000,0.0000,0.0000,0.0000,0.0000,
703,2,439,290,515,393,0.0000,0.0000,0.0000,0.0000,0.0000,0.0000,
704,2,439,290,515,393,0.0000,0.0000,0.0000,0.0000,0.0000,0.0000,
705,2,439,290,515,393,0.0000,0.0000,0.0000,0.0000,0.0000,0.0000,
706,2,439,290,515,393,0.0000,0.0000,0.0000,0.0000,0.0000,0.0000,
707,2,439,290,515,393,0.0000,0.0000,0.0000,0.0000,0.0000,0.0000,
708,2,439,290,515,393,0.0000,0.0000,0.0000,0.0000,0.0000,0.0000,
709,2,439,290,515,393,0.0000,0.0000,0.0000,0.0000,0.0000,0.0000,
710,2,439,290,515,393,0.0000,0.0000,0.0000,0.0000,0.0000,0.0000,
711,2,439,290,515,393,0.0000,0.0000,0.0000,0.0000,0.0000,0.0000,
712,2,439,290,515,393,0.0000,0.0000,0.0000,0.0000,0.0000,0.0000,
713,2,439,290,515,393,0.0000,0.0000,0.0000,0.0000,0.0000,0.0000,
714,2,439,290,515,393,0.0000,0.0000,0.0000,0.0000,0.0000,0.0000,
715,2,439,290,515,393,0.0000,0.0000,0.0000,0.0000,0.0000,0.0000,
716,2,439,290,515,393,0.0000,0.0000,0.0000,0.0000,0.0000,0.0000,
717,2,439,290,515,393,0.0000,0.0000,0.0000,0.0000,0.0000,0.0000,
718,2,439,290,515,393,0.0000,0.0000,0.0000,0.0000,0.0000,0.0000,
719,2,439,290,515,393,0.0000,0.0000,0.0000,0.0000,0.0000,0.0000,
720,2,439,290,515,393,0.0000,0.0000,0.0000,0.0000,0.0000,0.0000,
721,2,439,290,515,393,0.0000,0.0000,0.0000,0.0000,0.0000,0.0000,
722,2,439,290,515,393,0.0000,0.0000,0.0000,0.0000,0.0000,0.0000,
723,2,439,290,515,393,0.0000,0.0000,0.0000,0.0000,0.0000,0.0000,
724,2,439,290,515,393,0.0000,0.0000,0.0000,0.0000,0.0000,0.0000,
725,2,439,290,515,393,0.0000,0.0000,0.0000,0.0000,0.0000,0.0000,
726,2,439,290,515,393,0.0000,0.0000,0.0000,0.0000,0.0000,0.0000,
727,2,439,290,515,393,0.0000,0.0000,0.0000,0.0000,0.0000,0.0000,
728,2,439,290,515,393,0.0000,0.0000,0.0000,0.0000,0.0000,0.0000,
729,2,439,290,515,393,0.0000,0.0000,0.0000,0.0000,0.0000,0.0000,
730,2,439,290,515,393,0.0000,0.0000,0.0000,0.0000,0.0000,0.0000,
731,2,439,290,515,393,0.0000,0.0000,0.0000,0.0000,0.0000,0.0000,
732,2,439,290,515,393,0.0000,0.0000,0.0000,0.0000,0.0000,0.0000,
733,2,439,290,515,393,0.0000,0.0000,0.0000,0.0000,0.0000,0.0000,
734,2,439,290,515,393,0.0000,0.0000,0.0000,0.0000,0.0000,0.0000,
735,2,439,290,515,393,0.0000,0.0000,0.0000,0.0000,0.0000,0.0000,
736,2,439,290,515,393,0.0000,0.0000,0.0000,0.0000,0.0000,0.0000,
737,2,439,290,515,393,0.0000,0.0000,0.0000,0.0000,0.0000,0.0000,
738,2,439,290,515,393,0.0000,0.0000,0.0000,0.0000,0.0000,0.0000,
739,2,439,290,515,393,0.0000,0.0000,0.0000,0.0000,0.0000,0.0000,
740,2,439,290,515,393,0.0000,0.0000,0.0000,0.0000,0.0000,0.0000,
741,2,439,290,515,393,0.0000,0.0000,0.0000,0.0000,0.0000,0.0000,
742,2,439,290,515,393,0.0000,0.0000,0.0000,0.0000,0.0000,0.0000,
743,2,439,290,515,393,0.0000,0.0000,0.0000,0.0000,0.0000,0.0000,
744,2,439,290,515,393,0.0000,0.0000,0.0000,0.0000,0.0000,0.0000,
745,2,439,290,515,393,0.0000,0.0000,0.0000,0.0000,0.0000,0.0000,
746,2,439,290,515,393,0.0000,0.0000,0.0000,0.0000,0.0000,0.0000,
747,2,439,290,515,393,0.0000,0.0000,0.0000,0.0000,0.0000,0.0000,
748,2,439,290,515,393,0.0000,0.0000,0.0000,0.0000,0.0000,0.0000,
749,2,439,290,515,393,0.0000,0.0000,0.0000,0.0000,0.0000,0.0000,
750,2,439,290,515,393,0.0000,0.0000,0.0000,0.0000,0.0000,0.0000,
751,2,439,290,515,393,0.0000,0.0000,0.0000,0.0000,0.0000,0.0000,
752,2,439,290,515,393,0.0000,0.0000,0.0000,0.0000,0.0000,0.0000,
753,2,439,290,515,393,0.0000,0.0000,0.0000,0.0000,0.0000,0.0000,
754,2,439,290,515,393,0.0000,0.0000,0.0000,0.0000,0.0000,0.0000,
755,2,439,290,515,393,0.0000,0.0000,0.0000,0.0000,0.0000,0.0000,
756,2,439,290,515,393,0.0000,0.0000,0.0000,0.0000,0.0000,0.0000,
757,2,439,290,515,393,0.0000,0.0000,0.0000,0.0000,0.0000,0.0000,
758,2,439,290,515,393,0.0000,0.0000,0.0000,0.0000,0.0000,0.0000,
759,2,439,290,515,393,0.0000,0.0000,0.0000,0.0000,0.0000,0.0000,
760,2,439,290,515,393,0.0000,0.0000,0.0000,0.0000,0.0000,0.0000,
761,2,439,290,515,393,0.0000,0.0000,0.0000,0.0000,0.0000,0.0000,
762,2,439,290,515,393,0.0000,0.0000,0.0000,0.0000,0.0000,0.0000,
763,2,439,290,515,393,0.0000,0.0000,0.0000,0.0000,0.0000,0.0000,
764,2,439,290,515,393,0.0000,0.0000,0.0000,0.0000,0.0000,0.0000,
765,2,439,290,515,393,0.0000,0.0000,0.0000,0.0000,0.0000,0.0000,
766,2,439,290,515,393,0.0000,0.0000,0.0000,0.0000,0.0000,0.0000,
767,2,439,290,515,393,0.0000,0.0000,0.0000,0.0000,0.0000,0.0000,
768,2,439,290,515,393,0.0000,0.0000,0.0000,0.0000,0.0000,0.0000,
769,2,439,290,515,393,0.0000,0.0000,0.0000,0.0000,0.0000,0.0000,
770,2,439,290,515,393,0.0000,0.0000,0.0000,0.0000,0.0000,0.0000,
771,2,439,290,515,393,0.0000,0.0000,0.0000,0.0000,0.0000,0.0000,
772,2,439,290,515,393,0.0000,0.0000,0.0000,0.0000,0.0000,0.0000,
773,2,439,290,515,393,0.0000,0.0000,0.0000,0.0000,0.0000,0.0000,
774,2,439,290,515,393,0.0000,0.0000,0.0000,0.0000,0.0000,0.0000,
775,2,439,290,515,393,0.0000,0.0000,0.0000,0.0000,0.0000,0.0000,
776,2,439,290,515,393,0.0000,0.0000,0.0000,0.0000,0.0000,0.0000,
777,2,439,290,515,393,0.0000,0.0000,0.0000,0.0000,0.0000,0.0000,
778,2,439,290,515,393,0.0000,0.0000,0.0000,0.0000,0.0000,0.0000,
779,2,439,290,515,393,0.0000,0.0000,0.0000,0.0000,0.0000,0.0000,
780,2,439,290,515,393,0.0000,0.0000,0.0000,0.0000,0.0000,0.0000,
781,2,439,290,515,393,0.0000,0.0000,0.0000,0.0000,0.0000,0.0000,
782,2,439,290,515,393,0.0000,0.0000,0.0000,0.0000,0.0000,0.0000,
783,2,439,290,515,393,0.0000,0.0000,0.0000,0.0000,0.0000,0.0000,
784,2,439,290,515,393,0.0000,0.0000,0.0000,0.0000,0.0000,0.0000,
785,2,439,290,515,393,0.0000,0.0000,0.0000,0.0000,0.0000,0.0000,
786,2,439,290,515,393,0.0000,0.0000,0.0000,0.0000,0.0000,0.0000,
787,2,439,290,515,393,0.0000,0.0000,0.0000,0.0000,0.0000,0.0000,
788,2,439,290,515,393,0.0000,0.0000,0.0000,0.0000,0.0000,0.0000,
789,2,439,290,515,393,0.0000,0.0000,0.0000,0.0000,0.0000,0.0000,
790,2,439,290,515,393,0.0000,0.0000,0.0000,0.0000,0.0000,0.0000,
791,2,439,290,515,393,0.0000,0.0000,0.0000,0.0000,0.0000,0.0000,
792,2,439,290,515,393,0.0000,0.0000,0.0000,0.0000,0.0000,0.0000,
793,2,439,290,515,393,0.0000,0.0000,0.0000,0.0000,0.0000,0.0000,
794,2,439,290,515,393,0.0000,0.0000,0.0000,0.0000,0.0000,0.0000,
795,2,439,290,515,393,0.0000,0.0000,0.0000,0.0000,0.0000,0.0000,
796,2,439,290,515,393,0.0000,0.0000,0.0000,0.0000,0.0000,0.0000,
797,2,439,290,515,393,0.0000,0.0000,0.0000,0.0000,0.0000,0.0000,
798,2,439,290,515,393,0.0000,0.0000,0.0000,0.0000,0.0000,0.0000,
799,2,439,290,515,393,0.0000,0.0000,0.0000,0.0000,0.0000,0.0000,
800,2,439,290,515,393,0.0000,0.0000,0.0000,0.0000,0.0000,0.0000,
801,2,439,290,515,393,0.0000,0.0000,0.0000,0.0000,0.0000,0.0000,
802,2,439,290,515,393,0.0000,0.0000,0.0000,0.0000,0.0000,0.0000,
803,2,439,290,515,393,0.0000,0.0000,0.0000,0.0000,0.0000,0.0000,
804,2,439,290,515,393,0.0000,0.0000,0.0000,0.0000,0.0000,0.0000,
805,2,439,290,515,393,0.0000,0.0000,0.0000,0.0000,0.0000,0.0000,
806,2,439,290,515,393,0.0000,0.0000,0.0000,0.0000,0.0000,0.0000,
807,2,439,290,515,393,0.0000,0.0000,0.0000,0.0000,0.0000,0.0000,
808,2,439,290,515,393,0.0000,0.0000,0.0000,0.0000,0.0000,0.0000,
809,2,439,290,515,393,0.0000,0.0000,0.0000,0.0000,0.0000,0.0000,
810,2,439,290,515,393,0.0000,0.0000,0.0000,0.0000,0.0000,0.0000,
811,2,439,290,515,393,0.0000,0.0000,0.0000,0.0000,0.0000,0.0000,
812,2,439,290,515,393,0.0000,0.0000,0.0000,0.0000,0.0000,0.0000,
813,2,439,290,515,393,0.0000,0.0000,0.0000,0.0000,0.0000,0.0000,
814,2,439,290,515,393,0.0000,0.0000,0.0000,0.0000,0.0000,0.0000,
815,2,439,290,515,393,0.0000,0.0000,0.0000,0.0000,0.0000,0.0000,
816,2,439,290,515,393,0.0000,0.0000,0.0000,0.0000,0.0000,0.0000,
817,2,439,290,515,393,0.0000,0.0000,0.0000,0.0000,0.0000,0.0000,
818,2,439,290,515,393,0.0000,0.0000,0.0000,0.0000,0.0000,0.0000,
819,2,439,290,515,393,0.0000,0.0000,0.0000,0.0000,0.0000,0.0000,
820,2,439,290,515,393,0.0000,0.0000,0.0000,0.0000,0.0000,0.0000,
821,2,439,290,515,393,0.0000,0.0000,0.0000,0.0000,0.0000,0.0000,
822,2,439,290,515,393,0.0000,0.0000,0.0000,0.0000,0.0000,0.0000,
823,2,439,290,515,393,0.0000,0.0000,0.0000,0.0000,0.0000,0.0000,
824,2,439,290,515,393,0.0000,0.0000,0.0000,0.0000,0.0000,0.0000,
825,2,439,290,515,393,0.0000,0.0000,0.0000,0.0000,0.0000,0.0000,
826,2,439,290,515,393,0.0000,0.0000,0.0000,0.0000,0.0000,0.0000,
827,2,439,290,515,393,0.0000,0.0000,0.0000,0.0000,0.0000,0.0000,
828,2,439,290,515,393,0.0000,0.0000,0.0000,0.0000,0.0000,0.0000,
829,2,439,290,515,393,0.0000,0.0000,0.0000,0.0000,0.0000,0.0000,
830,2,439,290,515,393,0.0000,0.0000,0.0000,0.0000,0.0000,0.0000,
831,2,439,290,515,393,0.0000,0.0000,0.0000,0.0000,0.0000,0.0000,
832,2,439,290,515,393,0.0000,0.0000,0.0000,0.0000,0.0000,0.0000,
833,2,439,290,515,393,0.0000,0.0000,0.0000,0.0000,0.0000,0.0000,
834,2,439,290,515,393,0.0000,0.0000,0.0000,0.0000,0.0000,0.0000,
835,2,439,290,515,393,0.0000,0.0000,0.0000,0.0000,0.0000,0.0000,
836,2,439,290,515,393,0.0000,0.0000,0.0000,0.0000,0.0000,0.0000,
837,2,439,290,515,393,0.0000,0.0000,0.0000,0.0000,0.0000,0.0000,
838,2,439,290,515,393,0.0000,0.0000,0.0000,0.0000,0.0000,0.0000,
839,2,439,290,515,393,0.0000,0.0000,0.0000,0.0000,0.0000,0.0000,
840,2,439,290,515,393,0.0000,0.0000,0.0000,0.0000,0.0000,0.0000,
841,2,439,290,515,393,0.0000,0.0000,0.0000,0.0000,0.0000,0.0000,
842,2,439,290,515,393,0.0000,0.0000,0.0000,0.0000,0.0000,0.0000,
843,2,439,290,515,393,0.0000,0.0000,0.0000,0.0000,0.0000,0.0000,
844,2,439,290,515,393,0.0000,0.0000,0.0000,0.0000,0.0000,0.0000,
845,2,439,290,515,393,0.0000,0.0000,0.0000,0.0000,0.0000,0.0000,
846,2,439,290,515,393,0.0000,0.0000,0.0000,0.0000,0.0000,0.0000,
847,2,439,290,515,393,0.0000,0.0000,0.0000,0.0000,0.0000,0.0000,
848,2,439,290,515,393,0.0000,0.0000,0.0000,0.0000,0.0000,0.0000,
849,2,439,290,515,393,0.0000,0.0000,0.0000,0.0000,0.0000,0.0000,
850,2,439,290,515,393,0.0000,0.0000,0.0000,0.0000,0.0000,0.0000,
851,2,439,290,515,393,0.0000,0.0000,0.0000,0.0000,0.0000,0.0000,
852,2,439,290,515,393,0.0000,0.0000,0.0000,0.0000,0.0000,0.0000,
853,2,439,290,515,393,0.0000,0.0000,0.0000,0.0000,0.0000,0.0000,
