1,1,304,260,386,307,1.0000,-0.0000,0.0000,1.0000,10.0001,10.0001,
2,1,304,260,386,307,1.0074,0.0006,0.0074,1.0023,9.6412,9.5735,
3,1,304,260,386,307,1.0009,-0.0038,0.0084,0.9948,9.9185,9.7683,
4,1,304,260,386,307,1.0009,-0.0029,0.0023,1.0044,10.0681,9.8280,
5,1,304,260,386,307,1.0013,-0.0044,-0.0042,0.9927,10.0489,10.3659,
6,1,304,260,386,307,1.0011,0.0030,0.0046,0.9903,9.8236,9.9862,
7,1,304,260,386,307,1.0001,0.0081,-0.0074,1.0047,9.8223,10.2550,
8,1,304,260,386,307,1.0035,0.0036,0.0036,1.0067,9.8222,9.5987,
9,1,304,260,386,307,0.9970,-0.0048,0.0018,0.9945,10.2604,10.0734,
10,1,304,260,386,307,1.0034,-0.0022,0.0020,1.0000,9.7617,9.9567,
11,1,304,260,386,307,1.0042,-0.0027,0.0064,0.9972,9.8248,9.7160,
12,1,304,260,386,307,1.0058,-0.0052,0.0067,0.9887,9.7730,10.0244,
13,1,304,260,386,307,1.0025,-0.0024,-0.0174,1.0018,10.0578,11.0267,
14,1,304,260,386,307,1.0086,-0.0090,-0.0045,1.0027,9.8711,10.2409,
15,1,304,260,386,307,0.9958,0.0008,-0.0059,1.0023,10.1818,10.3989,
16,1,304,260,386,307,0.9958,0.0092,-0.0110,1.0084,9.9832,10.4198,
17,1,304,260,386,307,0.9997,-0.0010,0.0090,0.9933,9.8978,9.9075,
18,1,304,260,386,307,0.9980,-0.0064,0.0013,1.0033,10.1897,10.1218,
19,1,304,260,386,307,1.0042,0.0037,0.0072,0.9864,9.6174,10.3511,
20,1,304,260,386,307,1.0046,0.0169,0.0088,0.9981,9.2559,10.0768,
21,1,305,262,386,308,0.9877,0.0067,0.0035,0.9721,10.4362,11.2326,
22,1,305,264,387,309,1.0066,-0.0155,-0.0004,0.9880,9.9755,11.0203,
23,1,305,264,387,309,1.0063,0.0031,0.0106,1.0037,9.6241,10.3634,
24,1,306,265,387,311,0.9901,-0.0156,-0.0102,1.0042,10.7284,11.3606,
25,1,306,267,388,313,1.0088,0.0173,0.0036,1.0045,9.1281,11.0540,
26,1,307,269,389,315,0.9990,-0.0096,-0.0104,0.9962,10.3467,11.9785,
27,1,308,271,389,317,0.9947,-0.0085,-0.0046,0.9975,10.3513,11.9297,
28,1,308,273,390,320,1.0022,-0.0040,-0.0038,1.0061,10.0732,12.0713,
29,1,308,276,391,323,1.0013,-0.0137,0.0019,1.0151,10.2850,11.9561,
30,1,309,279,391,326,0.9997,-0.0246,0.0056,1.0037,10.5963,12.1628,
31,1,309,282,392,330,1.0133,-0.0279,0.0082,1.0260,10.2051,11.9639,
32,1,310,285,392,334,0.9958,-0.0177,-0.0040,1.0123,10.7257,12.6505,
33,1,310,288,393,337,1.0048,-0.0134,-0.0114,0.9943,10.2315,13.1536,
34,1,310,291,394,340,1.0064,-0.0023,0.0044,1.0026,9.8381,12.1284,
35,1,311,294,395,343,0.9990,-0.0135,-0.0090,1.0111,10.6416,12.5455,
36,1,312,297,396,346,0.9982,-0.0051,0.0004,1.0120,10.3387,12.1439,
37,1,313,300,397,350,1.0010,-0.0103,0.0069,1.0199,10.3469,11.7976,
38,1,313,303,398,353,1.0096,-0.0131,0.0085,1.0061,10.1225,12.0764,
39,1,314,306,399,356,1.0004,0.0042,0.0054,1.0062,9.9624,12.2690,
40,1,314,309,400,359,1.0028,0.0002,-0.0001,1.0046,9.9615,12.6719,
41,1,314,312,401,362,1.0134,-0.0184,0.0075,0.9917,9.8042,12.5949,
42,1,314,315,402,366,1.0090,-0.0201,-0.0058,1.0283,10.0627,12.4658,
43,1,314,318,403,370,1.0006,-0.0106,-0.0071,1.0122,10.2325,12.8868,
44,1,315,321,403,373,0.9992,-0.0074,-0.0026,0.9976,10.1969,13.0790,
45,1,315,324,404,376,1.0130,-0.0042,-0.0103,1.0077,9.5021,12.9901,
46,1,316,328,404,378,0.9814,-0.0426,-0.0013,0.9777,11.8215,13.1265,
47,1,317,332,404,378,0.9891,0.0756,-0.0039,0.9209,8.4628,13.9623,
48,1,318,334,404,380,0.9956,0.0046,0.0014,0.9993,9.9775,11.8510,
49,1,318,337,405,382,1.0014,0.0072,-0.0146,0.9735,9.7568,13.1932,
50,1,319,340,405,384,0.9963,0.0146,-0.0265,0.9585,9.8969,14.1514,
51,1,303,325,388,380,1.0005,-0.0093,-0.0016,0.9864,10.1866,12.6455,
52,1,303,327,389,383,1.0119,-0.0182,0.0072,1.0273,9.9783,10.8329,
53,1,303,329,390,386,1.0086,-0.0120,0.0054,1.0152,9.8286,11.1905,
54,1,303,331,391,389,1.0007,0.0017,0.0072,1.0182,9.9283,10.7550,
55,1,304,333,392,391,1.0009,-0.0054,-0.0016,1.0147,10.1970,11.0957,
56,1,305,334,392,393,0.9987,-0.0034,-0.0006,1.0133,10.1240,10.9273,
57,1,305,335,392,395,1.0017,-0.0146,0.0071,1.0017,10.2638,10.6812,
58,1,306,336,393,397,1.0012,-0.0063,0.0022,1.0162,10.2190,10.4995,
59,1,306,337,394,399,1.0055,-0.0018,0.0060,1.0044,9.7293,10.4801,
60,1,307,338,394,401,0.9938,0.0034,0.0032,1.0093,10.3082,10.6647,
61,1,307,339,395,403,1.0111,-0.0136,0.0103,1.0059,9.8310,10.2939,
62,1,308,340,395,405,0.9978,0.0059,0.0017,1.0072,9.9819,10.8189,
63,1,308,341,396,407,1.0027,-0.0117,0.0072,1.0068,10.1931,10.4286,
64,1,309,342,396,409,0.9803,0.0105,0.0068,1.0031,10.6336,10.6952,
65,1,309,344,396,411,1.0039,-0.0004,-0.0021,0.9977,9.6414,11.3066,
66,1,309,344,396,411,1.0027,0.0046,-0.0033,1.0019,9.7902,10.9959,
67,1,309,346,397,412,1.0135,0.0100,-0.0097,0.9842,9.1070,11.7439,
68,1,309,346,397,412,1.0003,0.0005,-0.0092,1.0047,10.0896,10.8538,
69,1,309,346,397,412,0.9987,-0.0046,-0.0019,1.0080,10.2534,10.4423,
70,1,309,346,397,412,1.0014,0.0017,-0.0027,1.0110,9.8912,10.3260,
71,1,309,346,397,412,1.0043,0.0045,0.0012,1.0013,9.7058,10.2509,
72,1,309,346,397,412,1.0000,0.0010,-0.0028,0.9999,10.0712,10.5482,
73,1,309,346,397,412,1.0041,0.0005,-0.0048,0.9956,9.8065,10.6276,
74,1,309,346,397,412,1.0017,-0.0033,0.0004,0.9948,10.0400,10.4044,
75,1,309,346,397,412,0.9997,0.0016,0.0039,0.9943,10.0891,10.1221,
76,1,309,346,397,412,1.0023,-0.0089,-0.0003,0.9963,10.1964,10.3224,
77,1,309,346,397,412,1.0012,-0.0002,-0.0032,0.9995,10.0410,10.2528,
78,1,309,346,397,412,0.9994,-0.0040,-0.0026,0.9996,10.1299,10.2611,
79,1,309,346,397,412,0.9975,0.0032,-0.0096,0.9852,10.0368,11.2365,
80,1,309,346,397,412,1.0033,-0.0042,-0.0045,0.9844,9.9032,10.8954,
81,1,309,346,397,412,1.0017,-0.0019,-0.0050,0.9935,10.0547,10.4892,
82,1,309,346,397,412,1.0021,-0.0008,-0.0044,0.9984,9.8750,10.1965,
83,1,309,346,397,412,0.9981,0.0020,0.0019,1.0003,9.9933,9.9676,
84,1,309,346,397,412,1.0015,-0.0016,0.0067,0.9970,9.9641,9.8436,
85,1,309,346,397,412,1.0012,0.0028,-0.0017,1.0019,9.8954,9.9711,
86,1,309,346,397,412,1.0004,-0.0034,-0.0018,1.0026,10.0853,9.9502,
87,1,309,346,397,412,0.9984,0.0090,-0.0072,1.0155,10.0015,9.8313,
88,1,309,346,397,412,0.9943,-0.0009,0.0096,0.9986,10.3300,9.5475,
89,1,309,346,397,412,1.0009,-0.0014,0.0023,1.0038,9.9880,9.7406,
90,1,309,346,397,412,0.9990,0.0001,-0.0027,0.9983,10.0527,10.1279,
91,1,309,346,397,412,0.9985,0.0060,-0.0060,1.0034,9.9533,10.2210,
92,1,309,346,397,412,0.9948,-0.0113,0.0010,1.0077,10.5877,9.7238,
93,1,309,346,397,412,0.9934,0.0017,0.0002,0.9994,10.1990,10.0436,
94,1,309,346,397,412,1.0000,0.0029,0.0028,1.0001,9.9309,9.8625,
95,1,309,346,397,412,1.0011,-0.0022,0.0042,0.9986,10.0150,9.9041,
96,1,309,346,397,412,0.9995,-0.0014,0.0019,1.0024,10.0414,9.8379,
97,1,309,346,397,412,1.0078,0.0068,0.0040,0.9959,9.3322,9.9442,
98,1,309,346,397,412,1.0027,-0.0050,0.0019,1.0013,10.0149,9.8632,
99,1,309,346,397,412,0.9920,-0.0022,0.0049,1.0032,10.5583,9.5302,
100,1,309,346,397,412,0.9989,-0.0012,-0.0030,0.9982,10.1355,10.2449,
101,1,303,343,390,408,0.0000,0.0000,0.0000,0.0000,0.0000,0.0000,
102,1,303,343,390,408,0.0000,0.0000,0.0000,0.0000,0.0000,0.0000,
103,1,303,343,390,408,0.0000,0.0000,0.0000,0.0000,0.0000,0.0000,
104,1,303,343,390,408,0.0000,0.0000,0.0000,0.0000,0.0000,0.0000,
105,1,303,343,390,408,0.0000,0.0000,0.0000,0.0000,0.0000,0.0000,
106,1,303,343,390,408,0.0000,0.0000,0.0000,0.0000,0.0000,0.0000,
107,1,303,343,390,408,0.0000,0.0000,0.0000,0.0000,0.0000,0.0000,
108,1,303,343,390,408,0.0000,0.0000,0.0000,0.0000,0.0000,0.0000,
109,1,303,343,390,408,0.0000,0.0000,0.0000,0.0000,0.0000,0.0000,
110,1,303,343,390,408,0.0000,0.0000,0.0000,0.0000,0.0000,0.0000,
111,1,303,343,390,408,0.0000,0.0000,0.0000,0.0000,0.0000,0.0000,
112,1,303,343,390,408,0.0000,0.0000,0.0000,0.0000,0.0000,0.0000,
113,1,303,343,390,408,0.0000,0.0000,0.0000,0.0000,0.0000,0.0000,
114,1,303,343,390,408,0.0000,0.0000,0.0000,0.0000,0.0000,0.0000,
115,1,303,343,390,408,0.0000,0.0000,0.0000,0.0000,0.0000,0.0000,
116,1,303,343,390,408,0.0000,0.0000,0.0000,0.0000,0.0000,0.0000,
117,1,303,343,390,408,0.0000,0.0000,0.0000,0.0000,0.0000,0.0000,
118,1,303,343,390,408,0.0000,0.0000,0.0000,0.0000,0.0000,0.0000,
119,1,303,343,390,408,0.0000,0.0000,0.0000,0.0000,0.0000,0.0000,
120,1,303,343,390,408,0.0000,0.0000,0.0000,0.0000,0.0000,0.0000,
121,1,303,343,390,408,0.0000,0.0000,0.0000,0.0000,0.0000,0.0000,
122,1,303,343,390,408,0.0000,0.0000,0.0000,0.0000,0.0000,0.0000,
123,1,303,343,390,408,0.0000,0.0000,0.0000,0.0000,0.0000,0.0000,
124,1,303,343,390,408,0.0000,0.0000,0.0000,0.0000,0.0000,0.0000,
125,1,303,343,390,408,0.0000,0.0000,0.0000,0.0000,0.0000,0.0000,
126,1,303,343,390,408,0.0000,0.0000,0.0000,0.0000,0.0000,0.0000,
127,1,303,343,390,408,0.0000,0.0000,0.0000,0.0000,0.0000,0.0000,
128,1,303,343,390,408,0.0000,0.0000,0.0000,0.0000,0.0000,0.0000,
129,1,303,343,390,408,0.0000,0.0000,0.0000,0.0000,0.0000,0.0000,
130,1,303,343,390,408,0.0000,0.0000,0.0000,0.0000,0.0000,0.0000,
131,1,303,343,390,408,0.0000,0.0000,0.0000,0.0000,0.0000,0.0000,
132,1,303,343,390,408,0.0000,0.0000,0.0000,0.0000,0.0000,0.0000,
133,1,303,343,390,408,0.0000,0.0000,0.0000,0.0000,0.0000,0.0000,
134,1,303,343,390,408,0.0000,0.0000,0.0000,0.0000,0.0000,0.0000,
135,1,303,343,390,408,0.0000,0.0000,0.0000,0.0000,0.0000,0.0000,
136,1,303,343,390,408,0.0000,0.0000,0.0000,0.0000,0.0000,0.0000,
137,1,303,343,390,408,0.0000,0.0000,0.0000,0.0000,0.0000,0.0000,
138,1,303,343,390,408,0.0000,0.0000,0.0000,0.0000,0.0000,0.0000,
139,1,303,343,390,408,0.0000,0.0000,0.0000,0.0000,0.0000,0.0000,
140,1,303,343,390,408,0.0000,0.0000,0.0000,0.0000,0.0000,0.0000,
141,1,303,343,390,408,0.0000,0.0000,0.0000,0.0000,0.0000,0.0000,
142,1,303,343,390,408,0.0000,0.0000,0.0000,0.0000,0.0000,0.0000,
143,1,303,343,390,408,0.0000,0.0000,0.0000,0.0000,0.0000,0.0000,
144,1,303,343,390,408,0.0000,0.0000,0.0000,0.0000,0.0000,0.0000,
145,1,303,343,390,408,0.0000,0.0000,0.0000,0.0000,0.0000,0.0000,
146,1,303,343,390,408,0.0000,0.0000,0.0000,0.0000,0.0000,0.0000,
147,1,303,343,390,408,0.0000,0.0000,0.0000,0.0000,0.0000,0.0000,
148,1,303,343,390,408,0.0000,0.0000,0.0000,0.0000,0.0000,0.0000,
149,1,303,343,390,408,0.0000,0.0000,0.0000,0.0000,0.0000,0.0000,
150,1,303,343,390,408,0.0000,0.0000,0.0000,0.0000,0.0000,0.0000,
151,1,303,343,390,408,0.0000,0.0000,0.0000,0.0000,0.0000,0.0000,
152,1,303,343,390,408,0.0000,0.0000,0.0000,0.0000,0.0000,0.0000,
153,1,303,343,390,408,0.0000,0.0000,0.0000,0.0000,0.0000,0.0000,
154,1,303,343,390,408,0.0000,0.0000,0.0000,0.0000,0.0000,0.0000,
155,1,303,343,390,408,0.0000,0.0000,0.0000,0.0000,0.0000,0.0000,
156,1,303,343,390,408,0.0000,0.0000,0.0000,0.0000,0.0000,0.0000,
157,1,303,343,390,408,0.0000,0.0000,0.0000,0.0000,0.0000,0.0000,
158,1,303,343,390,408,0.0000,0.0000,0.0000,0.0000,0.0000,0.0000,
159,1,303,343,390,408,0.0000,0.0000,0.0000,0.0000,0.0000,0.0000,
160,1,303,343,390,408,0.0000,0.0000,0.0000,0.0000,0.0000,0.0000,
161,1,303,343,390,408,0.0000,0.0000,0.0000,0.0000,0.0000,0.0000,
162,1,303,343,390,408,0.0000,0.0000,0.0000,0.0000,0.0000,0.0000,
163,1,303,343,390,408,0.0000,0.0000,0.0000,0.0000,0.0000,0.0000,
164,1,303,343,390,408,0.0000,0.0000,0.0000,0.0000,0.0000,0.0000,
165,1,303,343,390,408,0.0000,0.0000,0.0000,0.0000,0.0000,0.0000,
166,1,303,343,390,408,0.0000,0.0000,0.0000,0.0000,0.0000,0.0000,
167,1,303,343,390,408,0.0000,0.0000,0.0000,0.0000,0.0000,0.0000,
168,1,303,343,390,408,0.0000,0.0000,0.0000,0.0000,0.0000,0.0000,
169,1,303,343,390,408,0.0000,0.0000,0.0000,0.0000,0.0000,0.0000,
170,1,303,343,390,408,0.0000,0.0000,0.0000,0.0000,0.0000,0.0000,
171,1,303,343,390,408,0.0000,0.0000,0.0000,0.0000,0.0000,0.0000,
172,1,303,343,390,408,0.0000,0.0000,0.0000,0.0000,0.0000,0.0000,
173,1,303,343,390,408,0.0000,0.0000,0.0000,0.0000,0.0000,0.0000,
174,1,303,343,390,408,0.0000,0.0000,0.0000,0.0000,0.0000,0.0000,
175,1,303,343,390,408,0.0000,0.0000,0.0000,0.0000,0.0000,0.0000,
176,1,303,343,390,408,0.0000,0.0000,0.0000,0.0000,0.0000,0.0000,
177,1,303,343,390,408,0.0000,0.0000,0.0000,0.0000,0.0000,0.0000,
178,1,303,343,390,408,0.0000,0.0000,0.0000,0.0000,0.0000,0.0000,
179,1,303,343,390,408,0.0000,0.0000,0.0000,0.0000,0.0000,0.0000,
180,1,303,343,390,408,0.0000,0.0000,0.0000,0.0000,0.0000,0.0000,
181,1,303,343,390,408,0.0000,0.0000,0.0000,0.0000,0.0000,0.0000,
182,1,303,343,390,408,0.0000,0.0000,0.0000,0.0000,0.0000,0.0000,
183,1,303,343,390,408,0.0000,0.0000,0.0000,0.0000,0.0000,0.0000,
184,1,303,343,390,408,0.0000,0.0000,0.0000,0.0000,0.0000,0.0000,
185,1,303,343,390,408,0.0000,0.0000,0.0000,0.0000,0.0000,0.0000,
186,1,303,343,390,408,0.0000,0.0000,0.0000,0.0000,0.0000,0.0000,
187,1,303,343,390,408,0.0000,0.0000,0.0000,0.0000,0.0000,0.0000,
188,1,303,343,390,408,0.0000,0.0000,0.0000,0.0000,0.0000,0.0000,
189,1,303,343,390,408,0.0000,0.0000,0.0000,0.0000,0.0000,0.0000,
190,1,303,343,390,408,0.0000,0.0000,0.0000,0.0000,0.0000,0.0000,
191,1,303,343,390,408,0.0000,0.0000,0.0000,0.0000,0.0000,0.0000,
192,1,303,343,390,408,0.0000,0.0000,0.0000,0.0000,0.0000,0.0000,
193,1,303,343,390,408,0.0000,0.0000,0.0000,0.0000,0.0000,0.0000,
194,1,303,343,390,408,0.0000,0.0000,0.0000,0.0000,0.0000,0.0000,
195,1,303,343,390,408,0.0000,0.0000,0.0000,0.0000,0.0000,0.0000,
196,1,303,343,390,408,0.0000,0.0000,0.0000,0.0000,0.0000,0.0000,
197,1,303,343,390,408,0.0000,0.0000,0.0000,0.0000,0.0000,0.0000,
198,1,303,343,390,408,0.0000,0.0000,0.0000,0.0000,0.0000,0.0000,
199,1,303,343,390,408,0.0000,0.0000,0.0000,0.0000,0.0000,0.0000,
200,1,303,343,390,408,0.0000,0.0000,0.0000,0.0000,0.0000,0.0000,
201,1,303,343,390,408,0.0000,0.0000,0.0000,0.0000,0.0000,0.0000,
202,1,303,343,390,408,0.0000,0.0000,0.0000,0.0000,0.0000,0.0000,
203,1,303,343,390,408,0.0000,0.0000,0.0000,0.0000,0.0000,0.0000,
204,1,303,343,390,408,0.0000,0.0000,0.0000,0.0000,0.0000,0.0000,
205,1,303,343,390,408,0.0000,0.0000,0.0000,0.0000,0.0000,0.0000,
206,1,303,343,390,408,0.0000,0.0000,0.0000,0.0000,0.0000,0.0000,
207,1,303,343,390,408,0.0000,0.0000,0.0000,0.0000,0.0000,0.0000,
208,1,303,343,390,408,0.0000,0.0000,0.0000,0.0000,0.0000,0.0000,
209,1,303,343,390,408,0.0000,0.0000,0.0000,0.0000,0.0000,0.0000,
210,1,303,343,390,408,0.0000,0.0000,0.0000,0.0000,0.0000,0.0000,
211,1,303,343,390,408,0.0000,0.0000,0.0000,0.0000,0.0000,0.0000,
212,1,303,343,390,408,0.0000,0.0000,0.0000,0.0000,0.0000,0.0000,
213,1,303,343,390,408,0.0000,0.0000,0.0000,0.0000,0.0000,0.0000,
214,1,303,343,390,408,0.0000,0.0000,0.0000,0.0000,0.0000,0.0000,
215,1,303,343,390,408,0.0000,0.0000,0.0000,0.0000,0.0000,0.0000,
216,1,303,343,390,408,0.0000,0.0000,0.0000,0.0000,0.0000,0.0000,
217,1,303,343,390,408,0.0000,0.0000,0.0000,0.0000,0.0000,0.0000,
218,1,303,343,390,408,0.0000,0.0000,0.0000,0.0000,0.0000,0.0000,
219,1,303,343,390,408,0.0000,0.0000,0.0000,0.0000,0.0000,0.0000,
220,1,303,343,390,408,0.0000,0.0000,0.0000,0.0000,0.0000,0.0000,
221,1,303,343,390,408,0.0000,0.0000,0.0000,0.0000,0.0000,0.0000,
222,1,303,343,390,408,0.0000,0.0000,0.0000,0.0000,0.0000,0.0000,
223,1,303,343,390,408,0.0000,0.0000,0.0000,0.0000,0.0000,0.0000,
224,1,303,343,390,408,0.0000,0.0000,0.0000,0.0000,0.0000,0.0000,
225,1,303,343,390,408,0.0000,0.0000,0.0000,0.0000,0.0000,0.0000,
226,1,303,343,390,408,0.0000,0.0000,0.0000,0.0000,0.0000,0.0000,
227,1,303,343,390,408,0.0000,0.0000,0.0000,0.0000,0.0000,0.0000,
228,1,303,343,390,408,0.0000,0.0000,0.0000,0.0000,0.0000,0.0000,
229,1,303,343,390,408,0.0000,0.0000,0.0000,0.0000,0.0000,0.0000,
230,1,303,343,390,408,0.0000,0.0000,0.0000,0.0000,0.0000,0.0000,
231,1,303,343,390,408,0.0000,0.0000,0.0000,0.0000,0.0000,0.0000,
232,1,303,343,390,408,0.0000,0.0000,0.0000,0.0000,0.0000,0.0000,
233,1,303,343,390,408,0.0000,0.0000,0.0000,0.0000,0.0000,0.0000,
234,1,303,343,390,408,0.0000,0.0000,0.0000,0.0000,0.0000,0.0000,
235,1,303,343,390,408,0.0000,0.0000,0.0000,0.0000,0.0000,0.0000,
236,1,303,343,390,408,0.0000,0.0000,0.0000,0.0000,0.0000,0.0000,
237,1,303,343,390,408,0.0000,0.0000,0.0000,0.0000,0.0000,0.0000,
238,1,303,343,390,408,0.0000,0.0000,0.0000,0.0000,0.0000,0.0000,
239,1,303,343,390,408,0.0000,0.0000,0.0000,0.0000,0.0000,0.0000,
240,1,303,343,390,408,0.0000,0.0000,0.0000,0.0000,0.0000,0.0000,
241,1,303,343,390,408,0.0000,0.0000,0.0000,0.0000,0.0000,0.0000,
242,1,303,343,390,408,0.0000,0.0000,0.0000,0.0000,0.0000,0.0000,
243,1,303,343,390,408,0.0000,0.0000,0.0000,0.0000,0.0000,0.0000,
244,1,303,343,390,408,0.0000,0.0000,0.0000,0.0000,0.0000,0.0000,
245,1,303,343,390,408,0.0000,0.0000,0.0000,0.0000,0.0000,0.0000,
246,1,303,343,390,408,0.0000,0.0000,0.0000,0.0000,0.0000,0.0000,
247,1,303,343,390,408,0.0000,0.0000,0.0000,0.0000,0.0000,0.0000,
248,1,303,343,390,408,0.0000,0.0000,0.0000,0.0000,0.0000,0.0000,
249,1,303,343,390,408,0.0000,0.0000,0.0000,0.0000,0.0000,0.0000,
250,1,303,343,390,408,0.0000,0.0000,0.0000,0.0000,0.0000,0.0000,
251,1,303,343,390,408,0.0000,0.0000,0.0000,0.0000,0.0000,0.0000,
252,1,303,343,390,408,0.0000,0.0000,0.0000,0.0000,0.0000,0.0000,
253,1,303,343,390,408,0.0000,0.0000,0.0000,0.0000,0.0000,0.0000,
254,1,303,343,390,408,0.0000,0.0000,0.0000,0.0000,0.0000,0.0000,
255,1,303,343,390,408,0.0000,0.0000,0.0000,0.0000,0.0000,0.0000,
256,1,303,343,390,408,0.0000,0.0000,0.0000,0.0000,0.0000,0.0000,
257,1,303,343,390,408,0.0000,0.0000,0.0000,0.0000,0.0000,0.0000,
258,1,303,343,390,408,0.0000,0.0000,0.0000,0.0000,0.0000,0.0000,
259,1,303,343,390,408,0.0000,0.0000,0.0000,0.0000,0.0000,0.0000,
260,1,303,343,390,408,0.0000,0.0000,0.0000,0.0000,0.0000,0.0000,
261,1,303,343,390,408,0.0000,0.0000,0.0000,0.0000,0.0000,0.0000,
262,1,303,343,390,408,0.0000,0.0000,0.0000,0.0000,0.0000,0.0000,
263,1,303,343,390,408,0.0000,0.0000,0.0000,0.0000,0.0000,0.0000,
264,1,303,343,390,408,0.0000,0.0000,0.0000,0.0000,0.0000,0.0000,
265,1,303,343,390,408,0.0000,0.0000,0.0000,0.0000,0.0000,0.0000,
266,1,303,343,390,408,0.0000,0.0000,0.0000,0.0000,0.0000,0.0000,
267,1,303,343,390,408,0.0000,0.0000,0.0000,0.0000,0.0000,0.0000,
268,1,303,343,390,408,0.0000,0.0000,0.0000,0.0000,0.0000,0.0000,
269,1,303,343,390,408,0.0000,0.0000,0.0000,0.0000,0.0000,0.0000,
270,1,303,343,390,408,0.0000,0.0000,0.0000,0.0000,0.0000,0.0000,
271,1,303,343,390,408,0.0000,0.0000,0.0000,0.0000,0.0000,0.0000,
272,1,303,343,390,408,0.0000,0.0000,0.0000,0.0000,0.0000,0.0000,
273,1,303,343,390,408,0.0000,0.0000,0.0000,0.0000,0.0000,0.0000,
274,1,303,343,390,408,0.0000,0.0000,0.0000,0.0000,0.0000,0.0000,
275,1,303,343,390,408,0.0000,0.0000,0.0000,0.0000,0.0000,0.0000,
276,1,303,343,390,408,0.0000,0.0000,0.0000,0.0000,0.0000,0.0000,
277,1,303,343,390,408,0.0000,0.0000,0.0000,0.0000,0.0000,0.0000,
278,1,303,343,390,408,0.0000,0.0000,0.0000,0.0000,0.0000,0.0000,
279,1,303,343,390,408,0.0000,0.0000,0.0000,0.0000,0.0000,0.0000,
280,1,303,343,390,408,0.0000,0.0000,0.0000,0.0000,0.0000,0.0000,
281,1,303,343,390,408,0.0000,0.0000,0.0000,0.0000,0.0000,0.0000,
282,1,303,343,390,408,0.0000,0.0000,0.0000,0.0000,0.0000,0.0000,
283,1,303,343,390,408,0.0000,0.0000,0.0000,0.0000,0.0000,0.0000,
284,1,303,343,390,408,0.0000,0.0000,0.0000,0.0000,0.0000,0.0000,
285,1,303,343,390,408,0.0000,0.0000,0.0000,0.0000,0.0000,0.0000,
286,1,303,343,390,408,0.0000,0.0000,0.0000,0.0000,0.0000,0.0000,
287,1,303,343,390,408,0.0000,0.0000,0.0000,0.0000,0.0000,0.0000,
288,1,303,343,390,408,0.0000,0.0000,0.0000,0.0000,0.0000,0.0000,
289,1,303,343,390,408,0.0000,0.0000,0.0000,0.0000,0.0000,0.0000,
290,1,303,343,390,408,0.0000,0.0000,0.0000,0.0000,0.0000,0.0000,
291,1,303,343,390,408,0.0000,0.0000,0.0000,0.0000,0.0000,0.0000,
292,1,303,343,390,408,0.0000,0.0000,0.0000,0.0000,0.0000,0.0000,
293,1,303,343,390,408,0.0000,0.0000,0.0000,0.0000,0.0000,0.0000,
294,1,303,343,390,408,0.0000,0.0000,0.0000,0.0000,0.0000,0.0000,
295,1,303,343,390,408,0.0000,0.0000,0.0000,0.0000,0.0000,0.0000,
296,1,303,343,390,408,0.0000,0.0000,0.0000,0.0000,0.0000,0.0000,
297,1,303,343,390,408,0.0000,0.0000,0.0000,0.0000,0.0000,0.0000,
298,1,303,343,390,408,0.0000,0.0000,0.0000,0.0000,0.0000,0.0000,
299,1,303,343,390,408,0.0000,0.0000,0.0000,0.0000,0.0000,0.0000,
300,1,303,343,390,408,0.0000,0.0000,0.0000,0.0000,0.0000,0.0000,
301,1,303,343,390,408,0.0000,0.0000,0.0000,0.0000,0.0000,0.0000,
302,1,303,343,390,408,0.0000,0.0000,0.0000,0.0000,0.0000,0.0000,
303,1,303,343,390,408,0.0000,0.0000,0.0000,0.0000,0.0000,0.0000,
304,1,303,343,390,408,0.0000,0.0000,0.0000,0.0000,0.0000,0.0000,
305,1,303,343,390,408,0.0000,0.0000,0.0000,0.0000,0.0000,0.0000,
306,1,303,343,390,408,0.0000,0.0000,0.0000,0.0000,0.0000,0.0000,
307,1,303,343,390,408,0.0000,0.0000,0.0000,0.0000,0.0000,0.0000,
308,1,303,343,390,408,0.0000,0.0000,0.0000,0.0000,0.0000,0.0000,
309,1,303,343,390,408,0.0000,0.0000,0.0000,0.0000,0.0000,0.0000,
310,1,303,343,390,408,0.0000,0.0000,0.0000,0.0000,0.0000,0.0000,
311,1,303,343,390,408,0.0000,0.0000,0.0000,0.0000,0.0000,0.0000,
312,1,303,343,390,408,0.0000,0.0000,0.0000,0.0000,0.0000,0.0000,
313,1,303,343,390,408,0.0000,0.0000,0.0000,0.0000,0.0000,0.0000,
314,1,303,343,390,408,0.0000,0.0000,0.0000,0.0000,0.0000,0.0000,
315,1,303,343,390,408,0.0000,0.0000,0.0000,0.0000,0.0000,0.0000,
316,1,303,343,390,408,0.0000,0.0000,0.0000,0.0000,0.0000,0.0000,
317,1,303,343,390,408,0.0000,0.0000,0.0000,0.0000,0.0000,0.0000,
318,1,303,343,390,408,0.0000,0.0000,0.0000,0.0000,0.0000,0.0000,
319,1,303,343,390,408,0.0000,0.0000,0.0000,0.0000,0.0000,0.0000,
320,1,303,343,390,408,0.0000,0.0000,0.0000,0.0000,0.0000,0.0000,
321,1,303,343,390,408,0.0000,0.0000,0.0000,0.0000,0.0000,0.0000,
322,1,303,343,390,408,0.0000,0.0000,0.0000,0.0000,0.0000,0.0000,
323,1,303,343,390,408,0.0000,0.0000,0.0000,0.0000,0.0000,0.0000,
324,1,303,343,390,408,0.0000,0.0000,0.0000,0.0000,0.0000,0.0000,
325,1,303,343,390,408,0.0000,0.0000,0.0000,0.0000,0.0000,0.0000,
326,1,303,343,390,408,0.0000,0.0000,0.0000,0.0000,0.0000,0.0000,
327,1,303,343,390,408,0.0000,0.0000,0.0000,0.0000,0.0000,0.0000,
328,1,303,343,390,408,0.0000,0.0000,0.0000,0.0000,0.0000,0.0000,
329,1,303,343,390,408,0.0000,0.0000,0.0000,0.0000,0.0000,0.0000,
330,1,303,343,390,408,0.0000,0.0000,0.0000,0.0000,0.0000,0.0000,
331,1,303,343,390,408,0.0000,0.0000,0.0000,0.0000,0.0000,0.0000,
332,1,303,343,390,408,0.0000,0.0000,0.0000,0.0000,0.0000,0.0000,
333,1,303,343,390,408,0.0000,0.0000,0.0000,0.0000,0.0000,0.0000,
334,1,303,343,390,408,0.0000,0.0000,0.0000,0.0000,0.0000,0.0000,
335,1,303,343,390,408,0.0000,0.0000,0.0000,0.0000,0.0000,0.0000,
336,1,303,343,390,408,0.0000,0.0000,0.0000,0.0000,0.0000,0.0000,
337,1,303,343,390,408,0.0000,0.0000,0.0000,0.0000,0.0000,0.0000,
338,1,303,343,390,408,0.0000,0.0000,0.0000,0.0000,0.0000,0.0000,
339,1,303,343,390,408,0.0000,0.0000,0.0000,0.0000,0.0000,0.0000,
340,1,303,343,390,408,0.0000,0.0000,0.0000,0.0000,0.0000,0.0000,
341,1,303,343,390,408,0.0000,0.0000,0.0000,0.0000,0.0000,0.0000,
342,1,303,343,390,408,0.0000,0.0000,0.0000,0.0000,0.0000,0.0000,
343,1,303,343,390,408,0.0000,0.0000,0.0000,0.0000,0.0000,0.0000,
344,1,303,343,390,408,0.0000,0.0000,0.0000,0.0000,0.0000,0.0000,
345,1,303,343,390,408,0.0000,0.0000,0.0000,0.0000,0.0000,0.0000,
346,1,303,343,390,408,0.0000,0.0000,0.0000,0.0000,0.0000,0.0000,
347,1,303,343,390,408,0.0000,0.0000,0.0000,0.0000,0.0000,0.0000,
348,1,303,343,390,408,0.0000,0.0000,0.0000,0.0000,0.0000,0.0000,
349,1,303,343,390,408,0.0000,0.0000,0.0000,0.0000,0.0000,0.0000,
350,1,303,343,390,408,0.0000,0.0000,0.0000,0.0000,0.0000,0.0000,
351,1,303,343,390,408,0.0000,0.0000,0.0000,0.0000,0.0000,0.0000,
352,1,303,343,390,408,0.0000,0.0000,0.0000,0.0000,0.0000,0.0000,
353,1,303,343,390,408,0.0000,0.0000,0.0000,0.0000,0.0000,0.0000,
354,1,303,343,390,408,0.0000,0.0000,0.0000,0.0000,0.0000,0.0000,
355,1,303,343,390,408,0.0000,0.0000,0.0000,0.0000,0.0000,0.0000,
356,1,303,343,390,408,0.0000,0.0000,0.0000,0.0000,0.0000,0.0000,
357,1,303,343,390,408,0.0000,0.0000,0.0000,0.0000,0.0000,0.0000,
358,1,303,343,390,408,0.0000,0.0000,0.0000,0.0000,0.0000,0.0000,
359,1,303,343,390,408,0.0000,0.0000,0.0000,0.0000,0.0000,0.0000,
360,1,303,343,390,408,0.0000,0.0000,0.0000,0.0000,0.0000,0.0000,
361,1,303,343,390,408,0.0000,0.0000,0.0000,0.0000,0.0000,0.0000,
362,1,303,343,390,408,0.0000,0.0000,0.0000,0.0000,0.0000,0.0000,
363,1,303,343,390,408,0.0000,0.0000,0.0000,0.0000,0.0000,0.0000,
364,1,303,343,390,408,0.0000,0.0000,0.0000,0.0000,0.0000,0.0000,
365,1,303,343,390,408,0.0000,0.0000,0.0000,0.0000,0.0000,0.0000,
366,1,303,343,390,408,0.0000,0.0000,0.0000,0.0000,0.0000,0.0000,
367,1,303,343,390,408,0.0000,0.0000,0.0000,0.0000,0.0000,0.0000,
368,1,303,343,390,408,0.0000,0.0000,0.0000,0.0000,0.0000,0.0000,
369,1,303,343,390,408,0.0000,0.0000,0.0000,0.0000,0.0000,0.0000,
370,1,303,343,390,408,0.0000,0.0000,0.0000,0.0000,0.0000,0.0000,
371,1,303,343,390,408,0.0000,0.0000,0.0000,0.0000,0.0000,0.0000,
372,1,303,343,390,408,0.0000,0.0000,0.0000,0.0000,0.0000,0.0000,
373,1,303,343,390,408,0.0000,0.0000,0.0000,0.0000,0.0000,0.0000,
374,1,303,343,390,408,0.0000,0.0000,0.0000,0.0000,0.0000,0.0000,
375,1,303,343,390,408,0.0000,0.0000,0.0000,0.0000,0.0000,0.0000,
376,1,303,343,390,408,0.0000,0.0000,0.0000,0.0000,0.0000,0.0000,
377,1,303,343,390,408,0.0000,0.0000,0.0000,0.0000,0.0000,0.0000,
378,1,303,343,390,408,0.0000,0.0000,0.0000,0.0000,0.0000,0.0000,
379,1,303,343,390,408,0.0000,0.0000,0.0000,0.0000,0.0000,0.0000,
380,1,303,343,390,408,0.0000,0.0000,0.0000,0.0000,0.0000,0.0000,
381,1,303,343,390,408,0.0000,0.0000,0.0000,0.0000,0.0000,0.0000,
382,1,303,343,390,408,0.0000,0.0000,0.0000,0.0000,0.0000,0.0000,
383,1,303,343,390,408,0.0000,0.0000,0.0000,0.0000,0.0000,0.0000,
384,1,303,343,390,408,0.0000,0.0000,0.0000,0.0000,0.0000,0.0000,
385,1,303,343,390,408,0.0000,0.0000,0.0000,0.0000,0.0000,0.0000,
386,1,303,343,390,408,0.0000,0.0000,0.0000,0.0000,0.0000,0.0000,
387,1,303,343,390,408,0.0000,0.0000,0.0000,0.0000,0.0000,0.0000,
388,1,303,343,390,408,0.0000,0.0000,0.0000,0.0000,0.0000,0.0000,
389,1,303,343,390,408,0.0000,0.0000,0.0000,0.0000,0.0000,0.0000,
390,1,303,343,390,408,0.0000,0.0000,0.0000,0.0000,0.0000,0.0000,
391,1,303,343,390,408,0.0000,0.0000,0.0000,0.0000,0.0000,0.0000,
392,1,303,343,390,408,0.0000,0.0000,0.0000,0.0000,0.0000,0.0000,
393,1,303,343,390,408,0.0000,0.0000,0.0000,0.0000,0.0000,0.0000,
394,1,303,343,390,408,0.0000,0.0000,0.0000,0.0000,0.0000,0.0000,
395,1,303,343,390,408,0.0000,0.0000,0.0000,0.0000,0.0000,0.0000,
396,1,303,343,390,408,0.0000,0.0000,0.0000,0.0000,0.0000,0.0000,
397,1,303,343,390,408,0.0000,0.0000,0.0000,0.0000,0.0000,0.0000,
398,1,303,343,390,408,0.0000,0.0000,0.0000,0.0000,0.0000,0.0000,
399,1,303,343,390,408,0.0000,0.0000,0.0000,0.0000,0.0000,0.0000,
400,1,303,343,390,408,0.0000,0.0000,0.0000,0.0000,0.0000,0.0000,
401,1,303,343,390,408,0.0000,0.0000,0.0000,0.0000,0.0000,0.0000,
402,1,303,343,390,408,0.0000,0.0000,0.0000,0.0000,0.0000,0.0000,
403,1,303,343,390,408,0.0000,0.0000,0.0000,0.0000,0.0000,0.0000,
404,1,303,343,390,408,0.0000,0.0000,0.0000,0.0000,0.0000,0.0000,
405,1,303,343,390,408,0.0000,0.0000,0.0000,0.0000,0.0000,0.0000,
406,1,303,343,390,408,0.0000,0.0000,0.0000,0.0000,0.0000,0.0000,
407,1,303,343,390,408,0.0000,0.0000,0.0000,0.0000,0.0000,0.0000,
408,1,303,343,390,408,0.0000,0.0000,0.0000,0.0000,0.0000,0.0000,
409,1,303,343,390,408,0.0000,0.0000,0.0000,0.0000,0.0000,0.0000,
410,1,303,343,390,408,0.0000,0.0000,0.0000,0.0000,0.0000,0.0000,
411,1,303,343,390,408,0.0000,0.0000,0.0000,0.0000,0.0000,0.0000,
412,1,303,343,390,408,0.0000,0.0000,0.0000,0.0000,0.0000,0.0000,
413,1,303,343,390,408,0.0000,0.0000,0.0000,0.0000,0.0000,0.0000,
414,1,303,343,390,408,0.0000,0.0000,0.0000,0.0000,0.0000,0.0000,
415,1,303,343,390,408,0.0000,0.0000,0.0000,0.0000,0.0000,0.0000,
416,1,303,343,390,408,0.0000,0.0000,0.0000,0.0000,0.0000,0.0000,
417,1,303,343,390,408,0.0000,0.0000,0.0000,0.0000,0.0000,0.0000,
418,1,303,343,390,408,0.0000,0.0000,0.0000,0.0000,0.0000,0.0000,
419,1,303,343,390,408,0.0000,0.0000,0.0000,0.0000,0.0000,0.0000,
420,1,303,343,390,408,0.0000,0.0000,0.0000,0.0000,0.0000,0.0000,
421,1,303,343,390,408,0.0000,0.0000,0.0000,0.0000,0.0000,0.0000,
422,1,303,343,390,408,0.0000,0.0000,0.0000,0.0000,0.0000,0.0000,
423,1,303,343,390,408,0.0000,0.0000,0.0000,0.0000,0.0000,0.0000,
424,1,303,343,390,408,0.0000,0.0000,0.0000,0.0000,0.0000,0.0000,
425,1,303,343,390,408,0.0000,0.0000,0.0000,0.0000,0.0000,0.0000,
426,1,303,343,390,408,0.0000,0.0000,0.0000,0.0000,0.0000,0.0000,
427,1,303,343,390,408,0.0000,0.0000,0.0000,0.0000,0.0000,0.0000,
428,1,303,343,390,408,0.0000,0.0000,0.0000,0.0000,0.0000,0.0000,
429,1,303,343,390,408,0.0000,0.0000,0.0000,0.0000,0.0000,0.0000,
430,1,303,343,390,408,0.0000,0.0000,0.0000,0.0000,0.0000,0.0000,
431,1,303,343,390,408,0.0000,0.0000,0.0000,0.0000,0.0000,0.0000,
432,1,303,343,390,408,0.0000,0.0000,0.0000,0.0000,0.0000,0.0000,
433,1,303,343,390,408,0.0000,0.0000,0.0000,0.0000,0.0000,0.0000,
434,1,303,343,390,408,0.0000,0.0000,0.0000,0.0000,0.0000,0.0000,
435,1,303,343,390,408,0.0000,0.0000,0.0000,0.0000,0.0000,0.0000,
436,1,303,343,390,408,0.0000,0.0000,0.0000,0.0000,0.0000,0.0000,
437,1,303,343,390,408,0.0000,0.0000,0.0000,0.0000,0.0000,0.0000,
438,1,303,343,390,408,0.0000,0.0000,0.0000,0.0000,0.0000,0.0000,
439,1,303,343,390,408,0.0000,0.0000,0.0000,0.0000,0.0000,0.0000,
440,1,303,343,390,408,0.0000,0.0000,0.0000,0.0000,0.0000,0.0000,
441,1,303,343,390,408,0.0000,0.0000,0.0000,0.0000,0.0000,0.0000,
442,1,303,343,390,408,0.0000,0.0000,0.0000,0.0000,0.0000,0.0000,
443,1,303,343,390,408,0.0000,0.0000,0.0000,0.0000,0.0000,0.0000,
444,1,303,343,390,408,0.0000,0.0000,0.0000,0.0000,0.0000,0.0000,
445,1,303,343,390,408,0.0000,0.0000,0.0000,0.0000,0.0000,0.0000,
446,1,303,343,390,408,0.0000,0.0000,0.0000,0.0000,0.0000,0.0000,
447,1,303,343,390,408,0.0000,0.0000,0.0000,0.0000,0.0000,0.0000,
448,1,303,343,390,408,0.0000,0.0000,0.0000,0.0000,0.0000,0.0000,
449,1,303,343,390,408,0.0000,0.0000,0.0000,0.0000,0.0000,0.0000,
450,1,303,343,390,408,0.0000,0.0000,0.0000,0.0000,0.0000,0.0000,
451,1,303,343,390,408,0.0000,0.0000,0.0000,0.0000,0.0000,0.0000,
452,1,303,343,390,408,0.0000,0.0000,0.0000,0.0000,0.0000,0.0000,
453,1,303,343,390,408,0.0000,0.0000,0.0000,0.0000,0.0000,0.0000,
454,1,303,343,390,408,0.0000,0.0000,0.0000,0.0000,0.0000,0.0000,
455,1,303,343,390,408,0.0000,0.0000,0.0000,0.0000,0.0000,0.0000,
456,1,303,343,390,408,0.0000,0.0000,0.0000,0.0000,0.0000,0.0000,
457,1,303,343,390,408,0.0000,0.0000,0.0000,0.0000,0.0000,0.0000,
458,1,303,343,390,408,0.0000,0.0000,0.0000,0.0000,0.0000,0.0000,
459,1,303,343,390,408,0.0000,0.0000,0.0000,0.0000,0.0000,0.0000,
460,1,303,343,390,408,0.0000,0.0000,0.0000,0.0000,0.0000,0.0000,
461,1,303,343,390,408,0.0000,0.0000,0.0000,0.0000,0.0000,0.0000,
462,1,303,343,390,408,0.0000,0.0000,0.0000,0.0000,0.0000,0.0000,
463,1,303,343,390,408,0.0000,0.0000,0.0000,0.0000,0.0000,0.0000,
464,1,303,343,390,408,0.0000,0.0000,0.0000,0.0000,0.0000,0.0000,
465,1,303,343,390,408,0.0000,0.0000,0.0000,0.0000,0.0000,0.0000,
466,1,303,343,390,408,0.0000,0.0000,0.0000,0.0000,0.0000,0.0000,
467,1,303,343,390,408,0.0000,0.0000,0.0000,0.0000,0.0000,0.0000,
468,1,303,343,390,408,0.0000,0.0000,0.0000,0.0000,0.0000,0.0000,
469,1,303,343,390,408,0.0000,0.0000,0.0000,0.0000,0.0000,0.0000,
470,1,303,343,390,408,0.0000,0.0000,0.0000,0.0000,0.0000,0.0000,
471,1,303,343,390,408,0.0000,0.0000,0.0000,0.0000,0.0000,0.0000,
472,1,303,343,390,408,0.0000,0.0000,0.0000,0.0000,0.0000,0.0000,
473,1,303,343,390,408,0.0000,0.0000,0.0000,0.0000,0.0000,0.0000,
474,1,303,343,390,408,0.0000,0.0000,0.0000,0.0000,0.0000,0.0000,
475,1,303,343,390,408,0.0000,0.0000,0.0000,0.0000,0.0000,0.0000,
476,1,303,343,390,408,0.0000,0.0000,0.0000,0.0000,0.0000,0.0000,
477,1,303,343,390,408,0.0000,0.0000,0.0000,0.0000,0.0000,0.0000,
478,1,303,343,390,408,0.0000,0.0000,0.0000,0.0000,0.0000,0.0000,
479,1,303,343,390,408,0.0000,0.0000,0.0000,0.0000,0.0000,0.0000,
480,1,303,343,390,408,0.0000,0.0000,0.0000,0.0000,0.0000,0.0000,
481,1,303,343,390,408,0.0000,0.0000,0.0000,0.0000,0.0000,0.0000,
482,1,303,343,390,408,0.0000,0.0000,0.0000,0.0000,0.0000,0.0000,
483,1,303,343,390,408,0.0000,0.0000,0.0000,0.0000,0.0000,0.0000,
484,1,303,343,390,408,0.0000,0.0000,0.0000,0.0000,0.0000,0.0000,
485,1,303,343,390,408,0.0000,0.0000,0.0000,0.0000,0.0000,0.0000,
486,1,303,343,390,408,0.0000,0.0000,0.0000,0.0000,0.0000,0.0000,
487,1,303,343,390,408,0.0000,0.0000,0.0000,0.0000,0.0000,0.0000,
488,1,303,343,390,408,0.0000,0.0000,0.0000,0.0000,0.0000,0.0000,
489,1,303,343,390,408,0.0000,0.0000,0.0000,0.0000,0.0000,0.0000,
490,1,303,343,390,408,0.0000,0.0000,0.0000,0.0000,0.0000,0.0000,
491,1,303,343,390,408,0.0000,0.0000,0.0000,0.0000,0.0000,0.0000,
492,1,303,343,390,408,0.0000,0.0000,0.0000,0.0000,0.0000,0.0000,
493,1,303,343,390,408,0.0000,0.0000,0.0000,0.0000,0.0000,0.0000,
494,1,303,343,390,408,0.0000,0.0000,0.0000,0.0000,0.0000,0.0000,
495,1,303,343,390,408,0.0000,0.0000,0.0000,0.0000,0.0000,0.0000,
496,1,303,343,390,408,0.0000,0.0000,0.0000,0.0000,0.0000,0.0000,
497,1,303,343,390,408,0.0000,0.0000,0.0000,0.0000,0.0000,0.0000,
498,1,303,343,390,408,0.0000,0.0000,0.0000,0.0000,0.0000,0.0000,
499,1,303,343,390,408,0.0000,0.0000,0.0000,0.0000,0.0000,0.0000,
500,1,303,343,390,408,0.0000,0.0000,0.0000,0.0000,0.0000,0.0000,
501,1,303,343,390,408,0.0000,0.0000,0.0000,0.0000,0.0000,0.0000,
502,1,303,343,390,408,0.0000,0.0000,0.0000,0.0000,0.0000,0.0000,
503,1,303,343,390,408,0.0000,0.0000,0.0000,0.0000,0.0000,0.0000,
504,1,303,343,390,408,0.0000,0.0000,0.0000,0.0000,0.0000,0.0000,
505,1,303,343,390,408,0.0000,0.0000,0.0000,0.0000,0.0000,0.0000,
506,1,303,343,390,408,0.0000,0.0000,0.0000,0.0000,0.0000,0.0000,
507,1,303,343,390,408,0.0000,0.0000,0.0000,0.0000,0.0000,0.0000,
508,1,303,343,390,408,0.0000,0.0000,0.0000,0.0000,0.0000,0.0000,
509,1,303,343,390,408,0.0000,0.0000,0.0000,0.0000,0.0000,0.0000,
510,1,303,343,390,408,0.0000,0.0000,0.0000,0.0000,0.0000,0.0000,
511,1,303,343,390,408,0.0000,0.0000,0.0000,0.0000,0.0000,0.0000,
512,1,303,343,390,408,0.0000,0.0000,0.0000,0.0000,0.0000,0.0000,
513,1,303,343,390,408,0.0000,0.0000,0.0000,0.0000,0.0000,0.0000,
514,1,303,343,390,408,0.0000,0.0000,0.0000,0.0000,0.0000,0.0000,
515,1,303,343,390,408,0.0000,0.0000,0.0000,0.0000,0.0000,0.0000,
516,1,303,343,390,408,0.0000,0.0000,0.0000,0.0000,0.0000,0.0000,
517,1,303,343,390,408,0.0000,0.0000,0.0000,0.0000,0.0000,0.0000,
518,1,303,343,390,408,0.0000,0.0000,0.0000,0.0000,0.0000,0.0000,
519,1,303,343,390,408,0.0000,0.0000,0.0000,0.0000,0.0000,0.0000,
520,1,303,343,390,408,0.0000,0.0000,0.0000,0.0000,0.0000,0.0000,
521,1,303,343,390,408,0.0000,0.0000,0.0000,0.0000,0.0000,0.0000,
522,1,303,343,390,408,0.0000,0.0000,0.0000,0.0000,0.0000,0.0000,
523,1,303,343,390,408,0.0000,0.0000,0.0000,0.0000,0.0000,0.0000,
524,1,303,343,390,408,0.0000,0.0000,0.0000,0.0000,0.0000,0.0000,
525,1,303,343,390,408,0.0000,0.0000,0.0000,0.0000,0.0000,0.0000,
526,1,303,343,390,408,0.0000,0.0000,0.0000,0.0000,0.0000,0.0000,
527,1,303,343,390,408,0.0000,0.0000,0.0000,0.0000,0.0000,0.0000,
528,1,303,343,390,408,0.0000,0.0000,0.0000,0.0000,0.0000,0.0000,
529,1,303,343,390,408,0.0000,0.0000,0.0000,0.0000,0.0000,0.0000,
530,1,303,343,390,408,0.0000,0.0000,0.0000,0.0000,0.0000,0.0000,
531,1,303,343,390,408,0.0000,0.0000,0.0000,0.0000,0.0000,0.0000,
532,1,303,343,390,408,0.0000,0.0000,0.0000,0.0000,0.0000,0.0000,
533,1,303,343,390,408,0.0000,0.0000,0.0000,0.0000,0.0000,0.0000,
534,1,303,343,390,408,0.0000,0.0000,0.0000,0.0000,0.0000,0.0000,
535,1,303,343,390,408,0.0000,0.0000,0.0000,0.0000,0.0000,0.0000,
536,1,303,343,390,408,0.0000,0.0000,0.0000,0.0000,0.0000,0.0000,
537,1,303,343,390,408,0.0000,0.0000,0.0000,0.0000,0.0000,0.0000,
538,1,303,343,390,408,0.0000,0.0000,0.0000,0.0000,0.0000,0.0000,
539,1,303,343,390,408,0.0000,0.0000,0.0000,0.0000,0.0000,0.0000,
540,1,303,343,390,408,0.0000,0.0000,0.0000,0.0000,0.0000,0.0000,
541,1,303,343,390,408,0.0000,0.0000,0.0000,0.0000,0.0000,0.0000,
542,1,303,343,390,408,0.0000,0.0000,0.0000,0.0000,0.0000,0.0000,
543,1,303,343,390,408,0.0000,0.0000,0.0000,0.0000,0.0000,0.0000,
544,1,303,343,390,408,0.0000,0.0000,0.0000,0.0000,0.0000,0.0000,
545,1,303,343,390,408,0.0000,0.0000,0.0000,0.0000,0.0000,0.0000,
546,1,303,343,390,408,0.0000,0.0000,0.0000,0.0000,0.0000,0.0000,
547,1,303,343,390,408,0.0000,0.0000,0.0000,0.0000,0.0000,0.0000,
548,1,303,343,390,408,0.0000,0.0000,0.0000,0.0000,0.0000,0.0000,
549,1,303,343,390,408,0.0000,0.0000,0.0000,0.0000,0.0000,0.0000,
550,1,303,343,390,408,0.0000,0.0000,0.0000,0.0000,0.0000,0.0000,
551,1,303,343,390,408,0.0000,0.0000,0.0000,0.0000,0.0000,0.0000,
552,1,303,343,390,408,0.0000,0.0000,0.0000,0.0000,0.0000,0.0000,
553,1,303,343,390,408,0.0000,0.0000,0.0000,0.0000,0.0000,0.0000,
554,1,303,343,390,408,0.0000,0.0000,0.0000,0.0000,0.0000,0.0000,
555,1,303,343,390,408,0.0000,0.0000,0.0000,0.0000,0.0000,0.0000,
556,1,303,343,390,408,0.0000,0.0000,0.0000,0.0000,0.0000,0.0000,
557,1,303,343,390,408,0.0000,0.0000,0.0000,0.0000,0.0000,0.0000,
558,1,303,343,390,408,0.0000,0.0000,0.0000,0.0000,0.0000,0.0000,
559,1,303,343,390,408,0.0000,0.0000,0.0000,0.0000,0.0000,0.0000,
560,1,303,343,390,408,0.0000,0.0000,0.0000,0.0000,0.0000,0.0000,
561,1,303,343,390,408,0.0000,0.0000,0.0000,0.0000,0.0000,0.0000,
562,1,303,343,390,408,0.0000,0.0000,0.0000,0.0000,0.0000,0.0000,
563,1,303,343,390,408,0.0000,0.0000,0.0000,0.0000,0.0000,0.0000,
564,1,303,343,390,408,0.0000,0.0000,0.0000,0.0000,0.0000,0.0000,
565,1,303,343,390,408,0.0000,0.0000,0.0000,0.0000,0.0000,0.0000,
566,1,303,343,390,408,0.0000,0.0000,0.0000,0.0000,0.0000,0.0000,
567,1,303,343,390,408,0.0000,0.0000,0.0000,0.0000,0.0000,0.0000,
568,1,303,343,390,408,0.0000,0.0000,0.0000,0.0000,0.0000,0.0000,
569,1,303,343,390,408,0.0000,0.0000,0.0000,0.0000,0.0000,0.0000,
570,1,303,343,390,408,0.0000,0.0000,0.0000,0.0000,0.0000,0.0000,
571,1,303,343,390,408,0.0000,0.0000,0.0000,0.0000,0.0000,0.0000,
572,1,303,343,390,408,0.0000,0.0000,0.0000,0.0000,0.0000,0.0000,
573,1,303,343,390,408,0.0000,0.0000,0.0000,0.0000,0.0000,0.0000,
574,1,303,343,390,408,0.0000,0.0000,0.0000,0.0000,0.0000,0.0000,
575,1,303,343,390,408,0.0000,0.0000,0.0000,0.0000,0.0000,0.0000,
576,1,303,343,390,408,0.0000,0.0000,0.0000,0.0000,0.0000,0.0000,
577,1,303,343,390,408,0.0000,0.0000,0.0000,0.0000,0.0000,0.0000,
578,1,303,343,390,408,0.0000,0.0000,0.0000,0.0000,0.0000,0.0000,
579,1,303,343,390,408,0.0000,0.0000,0.0000,0.0000,0.0000,0.0000,
580,1,303,343,390,408,0.0000,0.0000,0.0000,0.0000,0.0000,0.0000,
581,1,303,343,390,408,0.0000,0.0000,0.0000,0.0000,0.0000,0.0000,
582,1,303,343,390,408,0.0000,0.0000,0.0000,0.0000,0.0000,0.0000,
583,1,303,343,390,408,0.0000,0.0000,0.0000,0.0000,0.0000,0.0000,
584,1,303,343,390,408,0.0000,0.0000,0.0000,0.0000,0.0000,0.0000,
585,1,303,343,390,408,0.0000,0.0000,0.0000,0.0000,0.0000,0.0000,
586,1,303,343,390,408,0.0000,0.0000,0.0000,0.0000,0.0000,0.0000,
587,1,303,343,390,408,0.0000,0.0000,0.0000,0.0000,0.0000,0.0000,
588,1,303,343,390,408,0.0000,0.0000,0.0000,0.0000,0.0000,0.0000,
589,1,303,343,390,408,0.0000,0.0000,0.0000,0.0000,0.0000,0.0000,
590,1,303,343,390,408,0.0000,0.0000,0.0000,0.0000,0.0000,0.0000,
591,1,303,343,390,408,0.0000,0.0000,0.0000,0.0000,0.0000,0.0000,
592,1,303,343,390,408,0.0000,0.0000,0.0000,0.0000,0.0000,0.0000,
593,1,303,343,390,408,0.0000,0.0000,0.0000,0.0000,0.0000,0.0000,
594,1,303,343,390,408,0.0000,0.0000,0.0000,0.0000,0.0000,0.0000,
595,1,303,343,390,408,0.0000,0.0000,0.0000,0.0000,0.0000,0.0000,
596,1,303,343,390,408,0.0000,0.0000,0.0000,0.0000,0.0000,0.0000,
597,1,303,343,390,408,0.0000,0.0000,0.0000,0.0000,0.0000,0.0000,
598,1,303,343,390,408,0.0000,0.0000,0.0000,0.0000,0.0000,0.0000,
599,1,303,343,390,408,0.0000,0.0000,0.0000,0.0000,0.0000,0.0000,
600,1,303,343,390,408,0.0000,0.0000,0.0000,0.0000,0.0000,0.0000,
601,1,303,343,390,408,0.0000,0.0000,0.0000,0.0000,0.0000,0.0000,
602,1,303,343,390,408,0.0000,0.0000,0.0000,0.0000,0.0000,0.0000,
603,1,303,343,390,408,0.0000,0.0000,0.0000,0.0000,0.0000,0.0000,
604,1,303,343,390,408,0.0000,0.0000,0.0000,0.0000,0.0000,0.0000,
605,1,303,343,390,408,0.0000,0.0000,0.0000,0.0000,0.0000,0.0000,
606,1,303,343,390,408,0.0000,0.0000,0.0000,0.0000,0.0000,0.0000,
607,1,303,343,390,408,0.0000,0.0000,0.0000,0.0000,0.0000,0.0000,
608,1,303,343,390,408,0.0000,0.0000,0.0000,0.0000,0.0000,0.0000,
609,1,303,343,390,408,0.0000,0.0000,0.0000,0.0000,0.0000,0.0000,
610,1,303,343,390,408,0.0000,0.0000,0.0000,0.0000,0.0000,0.0000,
611,1,303,343,390,408,0.0000,0.0000,0.0000,0.0000,0.0000,0.0000,
612,1,303,343,390,408,0.0000,0.0000,0.0000,0.0000,0.0000,0.0000,
613,1,303,343,390,408,0.0000,0.0000,0.0000,0.0000,0.0000,0.0000,
614,1,303,343,390,408,0.0000,0.0000,0.0000,0.0000,0.0000,0.0000,
615,1,303,343,390,408,0.0000,0.0000,0.0000,0.0000,0.0000,0.0000,
616,1,303,343,390,408,0.0000,0.0000,0.0000,0.0000,0.0000,0.0000,
617,1,303,343,390,408,0.0000,0.0000,0.0000,0.0000,0.0000,0.0000,
618,1,303,343,390,408,0.0000,0.0000,0.0000,0.0000,0.0000,0.0000,
619,1,303,343,390,408,0.0000,0.0000,0.0000,0.0000,0.0000,0.0000,
620,1,303,343,390,408,0.0000,0.0000,0.0000,0.0000,0.0000,0.0000,
621,1,303,343,390,408,0.0000,0.0000,0.0000,0.0000,0.0000,0.0000,
622,1,303,343,390,408,0.0000,0.0000,0.0000,0.0000,0.0000,0.0000,
623,1,303,343,390,408,0.0000,0.0000,0.0000,0.0000,0.0000,0.0000,
624,1,303,343,390,408,0.0000,0.0000,0.0000,0.0000,0.0000,0.0000,
625,1,303,343,390,408,0.0000,0.0000,0.0000,0.0000,0.0000,0.0000,
626,1,303,343,390,408,0.0000,0.0000,0.0000,0.0000,0.0000,0.0000,
627,1,303,343,390,408,0.0000,0.0000,0.0000,0.0000,0.0000,0.0000,
628,1,303,343,390,408,0.0000,0.0000,0.0000,0.0000,0.0000,0.0000,
629,1,303,343,390,408,0.0000,0.0000,0.0000,0.0000,0.0000,0.0000,
630,1,303,343,390,408,0.0000,0.0000,0.0000,0.0000,0.0000,0.0000,
631,1,303,343,390,408,0.0000,0.0000,0.0000,0.0000,0.0000,0.0000,
632,1,303,343,390,408,0.0000,0.0000,0.0000,0.0000,0.0000,0.0000,
633,1,303,343,390,408,0.0000,0.0000,0.0000,0.0000,0.0000,0.0000,
634,1,303,343,390,408,0.0000,0.0000,0.0000,0.0000,0.0000,0.0000,
635,1,303,343,390,408,0.0000,0.0000,0.0000,0.0000,0.0000,0.0000,
636,1,303,343,390,408,0.0000,0.0000,0.0000,0.0000,0.0000,0.0000,
637,1,303,343,390,408,0.0000,0.0000,0.0000,0.0000,0.0000,0.0000,
638,1,303,343,390,408,0.0000,0.0000,0.0000,0.0000,0.0000,0.0000,
639,1,303,343,390,408,0.0000,0.0000,0.0000,0.0000,0.0000,0.0000,
640,1,303,343,390,408,0.0000,0.0000,0.0000,0.0000,0.0000,0.0000,
641,1,303,343,390,408,0.0000,0.0000,0.0000,0.0000,0.0000,0.0000,
642,1,303,343,390,408,0.0000,0.0000,0.0000,0.0000,0.0000,0.0000,
643,1,303,343,390,408,0.0000,0.0000,0.0000,0.0000,0.0000,0.0000,
644,1,303,343,390,408,0.0000,0.0000,0.0000,0.0000,0.0000,0.0000,
645,1,303,343,390,408,0.0000,0.0000,0.0000,0.0000,0.0000,0.0000,
646,1,303,343,390,408,0.0000,0.0000,0.0000,0.0000,0.0000,0.0000,
647,1,303,343,390,408,0.0000,0.0000,0.0000,0.0000,0.0000,0.0000,
648,1,303,343,390,408,0.0000,0.0000,0.0000,0.0000,0.0000,0.0000,
649,1,303,343,390,408,0.0000,0.0000,0.0000,0.0000,0.0000,0.0000,
650,1,303,343,390,408,0.0000,0.0000,0.0000,0.0000,0.0000,0.0000,
651,1,303,343,390,408,0.0000,0.0000,0.0000,0.0000,0.0000,0.0000,
652,1,303,343,390,408,0.0000,0.0000,0.0000,0.0000,0.0000,0.0000,
653,1,303,343,390,408,0.0000,0.0000,0.0000,0.0000,0.0000,0.0000,
654,1,303,343,390,408,0.0000,0.0000,0.0000,0.0000,0.0000,0.0000,
655,1,303,343,390,408,0.0000,0.0000,0.0000,0.0000,0.0000,0.0000,
656,1,303,343,390,408,0.0000,0.0000,0.0000,0.0000,0.0000,0.0000,
657,1,303,343,390,408,0.0000,0.0000,0.0000,0.0000,0.0000,0.0000,
658,1,303,343,390,408,0.0000,0.0000,0.0000,0.0000,0.0000,0.0000,
659,1,303,343,390,408,0.0000,0.0000,0.0000,0.0000,0.0000,0.0000,
660,1,303,343,390,408,0.0000,0.0000,0.0000,0.0000,0.0000,0.0000,
661,1,303,343,390,408,0.0000,0.0000,0.0000,0.0000,0.0000,0.0000,
662,1,303,343,390,408,0.0000,0.0000,0.0000,0.0000,0.0000,0.0000,
663,1,303,343,390,408,0.0000,0.0000,0.0000,0.0000,0.0000,0.0000,
664,1,303,343,390,408,0.0000,0.0000,0.0000,0.0000,0.0000,0.0000,
665,1,303,343,390,408,0.0000,0.0000,0.0000,0.0000,0.0000,0.0000,
666,1,303,343,390,408,0.0000,0.0000,0.0000,0.0000,0.0000,0.0000,
667,1,303,343,390,408,0.0000,0.0000,0.0000,0.0000,0.0000,0.0000,
668,1,303,343,390,408,0.0000,0.0000,0.0000,0.0000,0.0000,0.0000,
669,1,303,343,390,408,0.0000,0.0000,0.0000,0.0000,0.0000,0.0000,
670,1,303,343,390,408,0.0000,0.0000,0.0000,0.0000,0.0000,0.0000,
671,1,303,343,390,408,0.0000,0.0000,0.0000,0.0000,0.0000,0.0000,
672,1,303,343,390,408,0.0000,0.0000,0.0000,0.0000,0.0000,0.0000,
673,1,303,343,390,408,0.0000,0.0000,0.0000,0.0000,0.0000,0.0000,
674,1,303,343,390,408,0.0000,0.0000,0.0000,0.0000,0.0000,0.0000,
675,1,303,343,390,408,0.0000,0.0000,0.0000,0.0000,0.0000,0.0000,
676,1,303,343,390,408,0.0000,0.0000,0.0000,0.0000,0.0000,0.0000,
677,1,303,343,390,408,0.0000,0.0000,0.0000,0.0000,0.0000,0.0000,
678,1,303,343,390,408,0.0000,0.0000,0.0000,0.0000,0.0000,0.0000,
679,1,303,343,390,408,0.0000,0.0000,0.0000,0.0000,0.0000,0.0000,
680,1,303,343,390,408,0.0000,0.0000,0.0000,0.0000,0.0000,0.0000,
681,1,303,343,390,408,0.0000,0.0000,0.0000,0.0000,0.0000,0.0000,
682,1,303,343,390,408,0.0000,0.0000,0.0000,0.0000,0.0000,0.0000,
683,1,303,343,390,408,0.0000,0.0000,0.0000,0.0000,0.0000,0.0000,
684,1,303,343,390,408,0.0000,0.0000,0.0000,0.0000,0.0000,0.0000,
685,1,303,343,390,408,0.0000,0.0000,0.0000,0.0000,0.0000,0.0000,
686,1,303,343,390,408,0.0000,0.0000,0.0000,0.0000,0.0000,0.0000,
687,1,303,343,390,408,0.0000,0.0000,0.0000,0.0000,0.0000,0.0000,
688,1,303,343,390,408,0.0000,0.0000,0.0000,0.0000,0.0000,0.0000,
689,1,303,343,390,408,0.0000,0.0000,0.0000,0.0000,0.0000,0.0000,
690,1,303,343,390,408,0.0000,0.0000,0.0000,0.0000,0.0000,0.0000,
691,1,303,343,390,408,0.0000,0.0000,0.0000,0.0000,0.0000,0.0000,
692,1,303,343,390,408,0.0000,0.0000,0.0000,0.0000,0.0000,0.0000,
693,1,303,343,390,408,0.0000,0.0000,0.0000,0.0000,0.0000,0.0000,
694,1,303,343,390,408,0.0000,0.0000,0.0000,0.0000,0.0000,0.0000,
695,1,303,343,390,408,0.0000,0.0000,0.0000,0.0000,0.0000,0.0000,
696,1,303,343,390,408,0.0000,0.0000,0.0000,0.0000,0.0000,0.0000,
697,1,303,343,390,408,0.0000,0.0000,0.0000,0.0000,0.0000,0.0000,
698,1,303,343,390,408,0.0000,0.0000,0.0000,0.0000,0.0000,0.0000,
699,1,303,343,390,408,0.0000,0.0000,0.0000,0.0000,0.0000,0.0000,
700,1,303,343,390,408,0.0000,0.0000,0.0000,0.0000,0.0000,0.0000,
701,1,303,343,390,408,0.0000,0.0000,0.0000,0.0000,0.0000,0.0000,
702,1,303,343,390,408,0.0000,0.0000,0.0000,0.0000,0.0000,0.0000,
703,1,303,343,390,408,0.0000,0.0000,0.0000,0.0000,0.0000,0.0000,
704,1,303,343,390,408,0.0000,0.0000,0.0000,0.0000,0.0000,0.0000,
705,1,303,343,390,408,0.0000,0.0000,0.0000,0.0000,0.0000,0.0000,
706,1,303,343,390,408,0.0000,0.0000,0.0000,0.0000,0.0000,0.0000,
707,1,303,343,390,408,0.0000,0.0000,0.0000,0.0000,0.0000,0.0000,
708,1,303,343,390,408,0.0000,0.0000,0.0000,0.0000,0.0000,0.0000,
709,1,303,343,390,408,0.0000,0.0000,0.0000,0.0000,0.0000,0.0000,
710,1,303,343,390,408,0.0000,0.0000,0.0000,0.0000,0.0000,0.0000,
711,1,303,343,390,408,0.0000,0.0000,0.0000,0.0000,0.0000,0.0000,
712,1,303,343,390,408,0.0000,0.0000,0.0000,0.0000,0.0000,0.0000,
713,1,303,343,390,408,0.0000,0.0000,0.0000,0.0000,0.0000,0.0000,
714,1,303,343,390,408,0.0000,0.0000,0.0000,0.0000,0.0000,0.0000,
715,1,303,343,390,408,0.0000,0.0000,0.0000,0.0000,0.0000,0.0000,
716,1,303,343,390,408,0.0000,0.0000,0.0000,0.0000,0.0000,0.0000,
717,1,303,343,390,408,0.0000,0.0000,0.0000,0.0000,0.0000,0.0000,
718,1,303,343,390,408,0.0000,0.0000,0.0000,0.0000,0.0000,0.0000,
719,1,303,343,390,408,0.0000,0.0000,0.0000,0.0000,0.0000,0.0000,
720,1,303,343,390,408,0.0000,0.0000,0.0000,0.0000,0.0000,0.0000,
721,1,303,343,390,408,0.0000,0.0000,0.0000,0.0000,0.0000,0.0000,
722,1,303,343,390,408,0.0000,0.0000,0.0000,0.0000,0.0000,0.0000,
723,1,303,343,390,408,0.0000,0.0000,0.0000,0.0000,0.0000,0.0000,
724,1,303,343,390,408,0.0000,0.0000,0.0000,0.0000,0.0000,0.0000,
725,1,303,343,390,408,0.0000,0.0000,0.0000,0.0000,0.0000,0.0000,
726,1,303,343,390,408,0.0000,0.0000,0.0000,0.0000,0.0000,0.0000,
727,1,303,343,390,408,0.0000,0.0000,0.0000,0.0000,0.0000,0.0000,
728,1,303,343,390,408,0.0000,0.0000,0.0000,0.0000,0.0000,0.0000,
729,1,303,343,390,408,0.0000,0.0000,0.0000,0.0000,0.0000,0.0000,
730,1,303,343,390,408,0.0000,0.0000,0.0000,0.0000,0.0000,0.0000,
731,1,303,343,390,408,0.0000,0.0000,0.0000,0.0000,0.0000,0.0000,
732,1,303,343,390,408,0.0000,0.0000,0.0000,0.0000,0.0000,0.0000,
733,1,303,343,390,408,0.0000,0.0000,0.0000,0.0000,0.0000,0.0000,
734,1,303,343,390,408,0.0000,0.0000,0.0000,0.0000,0.0000,0.0000,
735,1,303,343,390,408,0.0000,0.0000,0.0000,0.0000,0.0000,0.0000,
736,1,303,343,390,408,0.0000,0.0000,0.0000,0.0000,0.0000,0.0000,
737,1,303,343,390,408,0.0000,0.0000,0.0000,0.0000,0.0000,0.0000,
738,1,303,343,390,408,0.0000,0.0000,0.0000,0.0000,0.0000,0.0000,
739,1,303,343,390,408,0.0000,0.0000,0.0000,0.0000,0.0000,0.0000,
740,1,303,343,390,408,0.0000,0.0000,0.0000,0.0000,0.0000,0.0000,
741,1,303,343,390,408,0.0000,0.0000,0.0000,0.0000,0.0000,0.0000,
742,1,303,343,390,408,0.0000,0.0000,0.0000,0.0000,0.0000,0.0000,
743,1,303,343,390,408,0.0000,0.0000,0.0000,0.0000,0.0000,0.0000,
744,1,303,343,390,408,0.0000,0.0000,0.0000,0.0000,0.0000,0.0000,
745,1,303,343,390,408,0.0000,0.0000,0.0000,0.0000,0.0000,0.0000,
746,1,303,343,390,408,0.0000,0.0000,0.0000,0.0000,0.0000,0.0000,
747,1,303,343,390,408,0.0000,0.0000,0.0000,0.0000,0.0000,0.0000,
748,1,303,343,390,408,0.0000,0.0000,0.0000,0.0000,0.0000,0.0000,
749,1,303,343,390,408,0.0000,0.0000,0.0000,0.0000,0.0000,0.0000,
750,1,303,343,390,408,0.0000,0.0000,0.0000,0.0000,0.0000,0.0000,
751,1,303,343,390,408,0.0000,0.0000,0.0000,0.0000,0.0000,0.0000,
752,1,303,343,390,408,0.0000,0.0000,0.0000,0.0000,0.0000,0.0000,
753,1,303,343,390,408,0.0000,0.0000,0.0000,0.0000,0.0000,0.0000,
754,1,303,343,390,408,0.0000,0.0000,0.0000,0.0000,0.0000,0.0000,
755,1,303,343,390,408,0.0000,0.0000,0.0000,0.0000,0.0000,0.0000,
756,1,303,343,390,408,0.0000,0.0000,0.0000,0.0000,0.0000,0.0000,
757,1,303,343,390,408,0.0000,0.0000,0.0000,0.0000,0.0000,0.0000,
758,1,303,343,390,408,0.0000,0.0000,0.0000,0.0000,0.0000,0.0000,
759,1,303,343,390,408,0.0000,0.0000,0.0000,0.0000,0.0000,0.0000,
760,1,303,343,390,408,0.0000,0.0000,0.0000,0.0000,0.0000,0.0000,
761,1,303,343,390,408,0.0000,0.0000,0.0000,0.0000,0.0000,0.0000,
762,1,303,343,390,408,0.0000,0.0000,0.0000,0.0000,0.0000,0.0000,
763,1,303,343,390,408,0.0000,0.0000,0.0000,0.0000,0.0000,0.0000,
764,1,303,343,390,408,0.0000,0.0000,0.0000,0.0000,0.0000,0.0000,
765,1,303,343,390,408,0.0000,0.0000,0.0000,0.0000,0.0000,0.0000,
766,1,303,343,390,408,0.0000,0.0000,0.0000,0.0000,0.0000,0.0000,
767,1,303,343,390,408,0.0000,0.0000,0.0000,0.0000,0.0000,0.0000,
768,1,303,343,390,408,0.0000,0.0000,0.0000,0.0000,0.0000,0.0000,
769,1,303,343,390,408,0.0000,0.0000,0.0000,0.0000,0.0000,0.0000,
770,1,303,343,390,408,0.0000,0.0000,0.0000,0.0000,0.0000,0.0000,
771,1,303,343,390,408,0.0000,0.0000,0.0000,0.0000,0.0000,0.0000,
772,1,303,343,390,408,0.0000,0.0000,0.0000,0.0000,0.0000,0.0000,
773,1,303,343,390,408,0.0000,0.0000,0.0000,0.0000,0.0000,0.0000,
774,1,303,343,390,408,0.0000,0.0000,0.0000,0.0000,0.0000,0.0000,
775,1,303,343,390,408,0.0000,0.0000,0.0000,0.0000,0.0000,0.0000,
776,1,303,343,390,408,0.0000,0.0000,0.0000,0.0000,0.0000,0.0000,
777,1,303,343,390,408,0.0000,0.0000,0.0000,0.0000,0.0000,0.0000,
778,1,303,343,390,408,0.0000,0.0000,0.0000,0.0000,0.0000,0.0000,
779,1,303,343,390,408,0.0000,0.0000,0.0000,0.0000,0.0000,0.0000,
780,1,303,343,390,408,0.0000,0.0000,0.0000,0.0000,0.0000,0.0000,
781,1,303,343,390,408,0.0000,0.0000,0.0000,0.0000,0.0000,0.0000,
782,1,303,343,390,408,0.0000,0.0000,0.0000,0.0000,0.0000,0.0000,
783,1,303,343,390,408,0.0000,0.0000,0.0000,0.0000,0.0000,0.0000,
784,1,303,343,390,408,0.0000,0.0000,0.0000,0.0000,0.0000,0.0000,
785,1,303,343,390,408,0.0000,0.0000,0.0000,0.0000,0.0000,0.0000,
786,1,303,343,390,408,0.0000,0.0000,0.0000,0.0000,0.0000,0.0000,
787,1,303,343,390,408,0.0000,0.0000,0.0000,0.0000,0.0000,0.0000,
788,1,303,343,390,408,0.0000,0.0000,0.0000,0.0000,0.0000,0.0000,
789,1,303,343,390,408,0.0000,0.0000,0.0000,0.0000,0.0000,0.0000,
790,1,303,343,390,408,0.0000,0.0000,0.0000,0.0000,0.0000,0.0000,
791,1,303,343,390,408,0.0000,0.0000,0.0000,0.0000,0.0000,0.0000,
792,1,303,343,390,408,0.0000,0.0000,0.0000,0.0000,0.0000,0.0000,
793,1,303,343,390,408,0.0000,0.0000,0.0000,0.0000,0.0000,0.0000,
794,1,303,343,390,408,0.0000,0.0000,0.0000,0.0000,0.0000,0.0000,
795,1,303,343,390,408,0.0000,0.0000,0.0000,0.0000,0.0000,0.0000,
796,1,303,343,390,408,0.0000,0.0000,0.0000,0.0000,0.0000,0.0000,
797,1,303,343,390,408,0.0000,0.0000,0.0000,0.0000,0.0000,0.0000,
798,1,303,343,390,408,0.0000,0.0000,0.0000,0.0000,0.0000,0.0000,
799,1,303,343,390,408,0.0000,0.0000,0.0000,0.0000,0.0000,0.0000,
800,1,303,343,390,408,0.0000,0.0000,0.0000,0.0000,0.0000,0.0000,
801,1,303,343,390,408,0.0000,0.0000,0.0000,0.0000,0.0000,0.0000,
802,1,303,343,390,408,0.0000,0.0000,0.0000,0.0000,0.0000,0.0000,
803,1,303,343,390,408,0.0000,0.0000,0.0000,0.0000,0.0000,0.0000,
804,1,303,343,390,408,0.0000,0.0000,0.0000,0.0000,0.0000,0.0000,
805,1,303,343,390,408,0.0000,0.0000,0.0000,0.0000,0.0000,0.0000,
806,1,303,343,390,408,0.0000,0.0000,0.0000,0.0000,0.0000,0.0000,
807,1,303,343,390,408,0.0000,0.0000,0.0000,0.0000,0.0000,0.0000,
808,1,303,343,390,408,0.0000,0.0000,0.0000,0.0000,0.0000,0.0000,
809,1,303,343,390,408,0.0000,0.0000,0.0000,0.0000,0.0000,0.0000,
810,1,303,343,390,408,0.0000,0.0000,0.0000,0.0000,0.0000,0.0000,
811,1,303,343,390,408,0.0000,0.0000,0.0000,0.0000,0.0000,0.0000,
812,1,303,343,390,408,0.0000,0.0000,0.0000,0.0000,0.0000,0.0000,
813,1,303,343,390,408,0.0000,0.0000,0.0000,0.0000,0.0000,0.0000,
814,1,303,343,390,408,0.0000,0.0000,0.0000,0.0000,0.0000,0.0000,
815,1,303,343,390,408,0.0000,0.0000,0.0000,0.0000,0.0000,0.0000,
816,1,303,343,390,408,0.0000,0.0000,0.0000,0.0000,0.0000,0.0000,
817,1,303,343,390,408,0.0000,0.0000,0.0000,0.0000,0.0000,0.0000,
818,1,303,343,390,408,0.0000,0.0000,0.0000,0.0000,0.0000,0.0000,
819,1,303,343,390,408,0.0000,0.0000,0.0000,0.0000,0.0000,0.0000,
820,1,303,343,390,408,0.0000,0.0000,0.0000,0.0000,0.0000,0.0000,
821,1,303,343,390,408,0.0000,0.0000,0.0000,0.0000,0.0000,0.0000,
822,1,303,343,390,408,0.0000,0.0000,0.0000,0.0000,0.0000,0.0000,
823,1,303,343,390,408,0.0000,0.0000,0.0000,0.0000,0.0000,0.0000,
824,1,303,343,390,408,0.0000,0.0000,0.0000,0.0000,0.0000,0.0000,
825,1,303,343,390,408,0.0000,0.0000,0.0000,0.0000,0.0000,0.0000,
826,1,303,343,390,408,0.0000,0.0000,0.0000,0.0000,0.0000,0.0000,
827,1,303,343,390,408,0.0000,0.0000,0.0000,0.0000,0.0000,0.0000,
828,1,303,343,390,408,0.0000,0.0000,0.0000,0.0000,0.0000,0.0000,
829,1,303,343,390,408,0.0000,0.0000,0.0000,0.0000,0.0000,0.0000,
830,1,303,343,390,408,0.0000,0.0000,0.0000,0.0000,0.0000,0.0000,
831,1,303,343,390,408,0.0000,0.0000,0.0000,0.0000,0.0000,0.0000,
832,1,303,343,390,408,0.0000,0.0000,0.0000,0.0000,0.0000,0.0000,
833,1,303,343,390,408,0.0000,0.0000,0.0000,0.0000,0.0000,0.0000,
834,1,303,343,390,408,0.0000,0.0000,0.0000,0.0000,0.0000,0.0000,
835,1,303,343,390,408,0.0000,0.0000,0.0000,0.0000,0.0000,0.0000,
836,1,303,343,390,408,0.0000,0.0000,0.0000,0.0000,0.0000,0.0000,
837,1,303,343,390,408,0.0000,0.0000,0.0000,0.0000,0.0000,0.0000,
838,1,303,343,390,408,0.0000,0.0000,0.0000,0.0000,0.0000,0.0000,
839,1,303,343,390,408,0.0000,0.0000,0.0000,0.0000,0.0000,0.0000,
840,1,303,343,390,408,0.0000,0.0000,0.0000,0.0000,0.0000,0.0000,
841,1,303,343,390,408,0.0000,0.0000,0.0000,0.0000,0.0000,0.0000,
842,1,303,343,390,408,0.0000,0.0000,0.0000,0.0000,0.0000,0.0000,
843,1,303,343,390,408,0.0000,0.0000,0.0000,0.0000,0.0000,0.0000,
844,1,303,343,390,408,0.0000,0.0000,0.0000,0.0000,0.0000,0.0000,
845,1,303,343,390,408,0.0000,0.0000,0.0000,0.0000,0.0000,0.0000,
846,1,303,343,390,408,0.0000,0.0000,0.0000,0.0000,0.0000,0.0000,
847,1,303,343,390,408,0.0000,0.0000,0.0000,0.0000,0.0000,0.0000,
848,1,303,343,390,408,0.0000,0.0000,0.0000,0.0000,0.0000,0.0000,
849,1,303,343,390,408,0.0000,0.0000,0.0000,0.0000,0.0000,0.0000,
850,1,303,343,390,408,0.0000,0.0000,0.0000,0.0000,0.0000,0.0000,
851,1,303,343,390,408,0.0000,0.0000,0.0000,0.0000,0.0000,0.0000,
852,1,303,343,390,408,0.0000,0.0000,0.0000,0.0000,0.0000,0.0000,
853,1,303,343,390,408,0.0000,0.0000,0.0000,0.0000,0.0000,0.0000,
