1,1,194,282,281,346,1.0000,0.0000,0.0000,1.0000,10.0000,10.0000,
2,1,194,282,281,346,1.0059,0.0070,-0.0013,0.9997,9.5205,10.1380,
3,1,194,282,281,346,0.9942,-0.0278,0.0048,1.0058,10.8606,9.7712,
4,1,194,282,281,346,1.0012,0.0077,-0.0067,1.0077,9.6933,10.2020,
5,1,194,282,281,346,1.0007,0.0010,0.0002,1.0000,9.8747,10.0289,
6,1,194,282,281,346,0.9995,-0.0017,-0.0030,1.0020,10.0796,10.1250,
7,1,194,282,281,346,1.0012,0.0016,0.0028,0.9968,9.8817,10.0011,
8,1,194,282,281,346,1.0085,0.0041,0.0035,1.0022,9.3780,9.7336,
9,1,194,282,281,346,0.9958,-0.0096,-0.0016,1.0073,10.5357,9.9010,
10,1,194,282,281,346,1.0012,0.0079,-0.0016,1.0016,9.6334,10.0033,
11,1,194,282,281,346,0.9968,0.0001,-0.0019,1.0050,10.1625,9.8585,
12,1,194,282,281,346,1.0025,-0.0048,0.0019,0.9990,9.9496,9.9979,
13,1,194,282,281,346,1.0048,0.0156,-0.0044,1.0059,9.3485,10.1682,
14,1,194,282,281,346,1.0053,0.0002,-0.0001,0.9976,9.7749,10.2299,
15,1,194,282,281,346,0.9985,-0.0068,0.0030,1.0013,10.1544,9.9091,
16,1,194,282,281,346,1.0095,-0.0049,0.0028,0.9947,9.6607,10.0137,
17,1,194,282,281,346,0.9971,0.0052,0.0026,0.9990,10.0114,9.8290,
18,1,194,282,281,346,0.9943,0.0021,0.0013,0.9953,10.1767,9.9967,
19,1,194,282,281,346,0.9962,-0.0060,-0.0006,1.0031,10.4358,9.8945,
20,1,194,282,281,346,1.0014,-0.0249,0.0020,1.0087,10.6384,9.6964,
21,1,194,282,281,346,1.0075,0.0003,0.0004,0.9983,9.9146,10.0809,
22,1,194,282,281,346,1.0016,0.0097,-0.0019,0.9941,9.7352,10.3084,
23,1,194,282,281,346,0.9935,-0.0177,0.0014,1.0052,11.2709,9.6233,
24,1,194,282,281,346,1.0018,0.0041,0.0012,0.9883,9.8271,10.1853,
25,1,196,283,281,346,0.9785,-0.0143,0.0017,0.9813,11.6823,10.2645,
26,1,196,283,281,346,0.9899,0.0115,0.0035,0.9965,10.2257,9.8914,
27,1,196,283,281,346,0.9941,0.0113,-0.0008,0.9933,10.1291,10.0079,
28,1,196,283,281,346,1.0001,-0.0070,0.0007,0.9793,10.3063,10.1979,
29,1,196,283,281,346,0.9981,0.0017,0.0005,0.9960,10.2602,9.8576,
30,1,198,283,281,346,0.9798,0.0109,0.0007,0.9945,10.8179,9.9293,
31,1,198,283,281,346,0.9925,0.0085,0.0007,0.9961,10.1163,9.8988,
32,1,200,283,281,347,0.9743,-0.0143,0.0069,1.0161,11.7139,8.8613,
33,1,200,283,281,347,0.9991,0.0029,-0.0048,0.9963,10.0649,9.7891,
34,1,200,283,281,347,0.9974,0.0219,-0.0007,0.9906,9.4874,9.8006,
35,1,200,283,281,347,0.9960,0.0119,0.0018,0.9991,10.1170,9.3951,
36,1,200,283,281,347,0.9903,0.0097,-0.0144,1.0135,10.4837,9.4872,
37,1,202,283,280,347,0.9691,-0.0086,0.0055,1.0109,11.3504,8.9078,
38,1,206,282,275,349,0.8884,-0.1820,0.0263,1.0512,18.9969,7.0948,
39,1,208,282,273,349,0.9382,-0.0243,0.0179,1.0033,12.3786,8.7476,
40,1,211,284,278,345,1.0302,0.2837,-0.0016,0.9076,2.5433,11.5975,
41,1,212,286,280,341,1.0195,0.0201,-0.0013,0.9099,9.5038,11.2342,
42,1,212,286,280,341,1.0002,-0.0143,0.0011,1.0135,11.1938,8.5067,
43,1,212,286,280,341,0.9939,-0.0318,-0.0005,1.0029,11.8851,8.7067,
44,1,196,269,292,336,0.9484,-0.0881,0.0238,0.9983,14.3078,7.9637,
45,1,198,267,293,337,0.9859,-0.0151,-0.0192,1.0305,12.0606,8.9143,
46,1,198,266,295,336,1.0166,-0.0137,-0.0004,1.0022,10.4551,8.5400,
47,1,200,266,296,335,0.9946,0.0344,-0.0031,0.9820,9.7897,9.6382,
48,1,202,266,297,334,0.9907,0.0198,-0.0070,0.9922,10.7399,9.3596,
49,1,202,266,297,334,0.9970,0.0096,-0.0038,0.9969,10.5437,8.9639,
50,1,204,265,299,333,0.9969,-0.0247,-0.0117,1.0077,12.2679,8.8429,
51,1,207,262,295,327,1.0000,0.0000,0.0000,1.0000,10.0000,10.0000,
52,1,209,261,296,326,0.9935,-0.0169,0.0089,1.0073,11.7833,7.8583,
53,1,211,260,298,325,1.0014,0.0062,-0.0129,1.0074,11.0140,8.8122,
54,1,212,259,301,324,1.0205,0.0029,-0.0093,1.0031,10.7600,8.5270,
55,1,214,258,302,323,0.9931,0.0105,-0.0104,1.0028,11.2101,8.6774,
56,1,216,257,304,322,1.0037,0.0136,-0.0060,0.9966,10.6438,8.7203,
57,1,218,256,306,321,0.9927,-0.0059,-0.0080,0.9987,11.9411,8.5471,
58,1,220,254,307,321,0.9943,-0.0184,0.0017,1.0213,11.7415,7.6030,
59,1,222,253,309,319,1.0045,0.0301,-0.0063,0.9836,10.2022,8.8753,
60,1,224,252,311,317,1.0017,0.0284,-0.0142,0.9903,10.4408,8.9189,
61,1,227,250,311,316,0.9703,-0.0318,0.0020,1.0129,13.2875,7.7955,
62,1,229,248,312,315,0.9948,-0.0323,0.0012,1.0132,12.4201,7.7397,
63,1,231,246,313,314,0.9896,-0.0063,-0.0015,1.0149,11.8005,7.7236,
64,1,233,245,314,312,0.9945,-0.0407,0.0116,0.9896,12.4802,8.1839,
65,1,235,244,315,311,0.9905,-0.0159,-0.0053,0.9990,12.2014,8.4844,
66,1,237,243,316,310,0.9835,0.0198,0.0090,1.0075,11.1856,8.0023,
67,1,239,243,318,308,0.9950,0.0295,-0.0013,0.9727,10.7101,9.1076,
68,1,241,242,319,307,0.9881,-0.0259,-0.0130,1.0045,12.1497,8.5594,
69,1,242,240,321,307,1.0087,-0.0109,-0.0066,1.0281,11.0640,8.1115,
70,1,246,240,320,305,0.9418,0.0238,-0.0035,0.9713,12.6922,9.5057,
71,1,248,239,320,304,0.9769,-0.0135,0.0078,0.9937,12.1559,8.5314,
72,1,248,239,320,304,0.9985,-0.0339,-0.0092,0.9957,12.0737,8.8597,
73,1,250,238,321,303,0.9906,0.0033,0.0054,0.9999,11.4517,8.3977,
74,1,252,237,323,301,1.0021,0.0043,-0.0071,0.9888,11.0419,8.7800,
75,1,254,236,324,301,0.9868,-0.0282,0.0002,1.0150,12.2388,8.3899,
76,1,256,236,325,298,0.9866,-0.0121,0.0163,0.9638,11.8077,8.7100,
77,1,257,235,328,297,1.0272,0.0188,-0.0106,1.0099,9.8036,8.5690,
78,1,259,234,329,297,0.9947,-0.0097,0.0220,1.0143,11.5008,7.4457,
79,1,261,233,328,297,0.9647,-0.0725,0.0225,1.0237,13.3798,7.2476,
80,1,263,231,329,296,0.9875,0.0248,-0.0122,1.0043,11.0176,8.3249,
81,1,264,230,332,293,1.0337,0.0677,-0.0168,0.9657,8.3699,9.4245,
82,1,266,229,332,291,0.9780,0.0115,0.0197,0.9921,11.0923,7.5494,
83,1,236,218,327,270,1.0284,0.0282,0.0124,0.9672,9.4476,8.3230,
84,1,238,216,328,269,0.9959,0.0288,-0.0069,1.0096,10.3463,7.9114,
85,1,239,215,330,266,1.0047,-0.0009,-0.0082,0.9622,10.7806,8.8835,
86,1,241,214,331,263,0.9899,0.0537,-0.0119,0.9696,10.2424,8.9050,
87,1,242,212,333,262,1.0039,0.0280,0.0185,1.0321,10.2546,6.2268,
88,1,243,211,336,258,1.0285,0.0738,-0.0346,0.9597,8.1507,9.6220,
89,1,245,209,339,256,1.0083,0.0091,-0.0082,0.9959,11.0746,7.5993,
90,1,248,207,341,253,0.9851,0.0276,0.0078,0.9798,11.8261,6.9966,
91,1,251,204,342,251,0.9779,-0.0439,0.0157,1.0232,13.1552,6.0398,
92,1,254,201,343,249,0.9853,-0.0180,0.0025,1.0227,12.5633,6.6868,
93,1,257,198,344,247,0.9795,-0.0159,0.0076,1.0207,12.4589,6.4094,
94,1,259,196,346,244,1.0093,0.0311,-0.0224,0.9866,10.2242,8.2127,
95,1,263,192,344,244,0.9317,-0.0869,0.0390,1.0731,15.6829,4.0503,
96,1,266,189,345,242,0.9792,-0.0145,0.0212,1.0238,12.6353,5.3734,
97,1,269,187,346,239,0.9770,0.0218,0.0103,0.9797,11.9780,6.7665,
98,1,273,185,346,236,0.9591,0.0203,0.0480,0.9780,12.4872,5.4128,
99,1,253,172,341,225,0.9639,-0.0018,0.0178,1.0212,12.5979,5.6497,
100,1,255,169,343,223,0.9948,-0.0070,-0.0022,1.0276,11.7303,6.2328,
101,1,256,161,341,219,1.0000,-0.0000,-0.0000,1.0000,10.0000,10.0000,
102,1,258,159,343,216,0.9990,0.0038,0.0056,0.9854,11.1427,6.9917,
103,1,259,156,344,215,1.0006,-0.0486,0.0107,1.0352,11.7370,6.0187,
104,1,261,154,345,212,0.9884,0.0243,0.0127,0.9949,10.6669,6.6935,
105,1,262,150,347,210,1.0047,0.0148,-0.0004,1.0327,10.3759,5.7073,
106,1,265,147,347,206,0.9658,0.0143,-0.0413,0.9825,11.6878,8.3158,
107,1,268,143,348,203,0.9760,-0.0110,-0.0113,1.0132,12.4339,6.4421,
108,1,269,140,350,200,1.0041,0.0236,-0.0117,1.0046,10.0104,6.7409,
109,1,269,137,352,197,1.0150,0.0141,-0.0307,0.9928,9.5451,8.0116,
110,1,270,134,353,194,1.0092,0.0314,-0.0272,0.9966,9.0482,7.8822,
111,1,260,133,345,185,1.0181,0.0103,-0.0269,1.0023,9.5044,7.9710,
112,1,260,131,346,183,1.0116,0.0220,-0.0098,0.9985,8.9325,7.7291,
113,1,259,129,347,180,1.0170,0.0684,-0.0161,0.9903,7.1785,8.0432,
114,1,259,126,348,178,1.0080,0.0056,-0.0103,1.0035,9.6165,7.4414,
115,1,260,124,348,175,0.9956,0.0307,-0.0188,0.9820,9.5109,8.1540,
116,1,260,122,349,173,1.0035,-0.0034,0.0044,0.9944,9.8159,7.2309,
117,1,260,120,350,171,1.0100,-0.0016,-0.0089,0.9955,9.4812,7.9641,
118,1,261,118,350,169,0.9950,-0.0206,-0.0051,0.9988,10.7273,7.7248,
119,1,260,116,351,167,1.0222,0.0046,-0.0097,0.9981,8.6733,8.1043,
120,1,260,113,351,167,0.9993,-0.0293,0.0072,1.0442,10.4008,6.5674,
121,1,260,111,352,166,1.0090,0.0004,0.0096,1.0149,9.6281,7.0968,
122,1,260,109,353,164,1.0086,0.0009,0.0001,1.0073,9.6669,7.3532,
123,1,260,108,354,162,1.0105,0.0064,-0.0050,0.9918,9.4695,8.2403,
124,1,260,106,355,160,1.0124,0.0009,-0.0097,1.0004,9.7019,8.0862,
125,1,261,105,355,157,0.9926,-0.0074,-0.0150,0.9692,10.2748,8.8447,
126,1,262,103,357,155,1.0092,0.0126,0.0098,0.9957,10.1315,7.0676,
127,1,262,100,358,151,1.0106,0.0027,-0.0587,0.9936,9.6472,9.0665,
128,1,263,98,359,148,1.0042,0.0082,-0.0101,0.9848,10.0626,7.5877,
129,1,263,95,360,145,1.0082,0.0318,-0.0109,0.9874,9.0927,7.4468,
130,1,260,80,341,142,1.0112,0.0069,-0.0184,0.9946,9.3949,7.3585,
131,1,260,78,342,138,1.0203,0.0190,-0.0244,0.9815,8.6677,8.1272,
132,1,262,74,341,136,0.9671,-0.0557,0.0146,1.0236,12.7750,5.3908,
133,1,262,65,338,133,1.0143,0.0189,-0.0023,0.9977,8.5689,6.8033,
134,1,258,63,340,129,1.0239,0.0488,-0.0277,0.9814,7.2675,8.5593,
135,1,261,64,339,128,0.9767,0.0002,0.0033,0.9969,10.6566,6.9365,
136,1,262,61,339,125,0.9865,0.0106,-0.0037,0.9971,10.3140,7.0063,
137,1,261,58,340,122,1.0273,0.0215,-0.0293,0.9991,8.1352,8.0496,
138,1,261,56,341,119,1.0039,0.0083,-0.0084,0.9922,9.6566,7.7499,
139,1,261,54,341,117,0.9991,-0.0146,0.0198,0.9987,10.2855,6.8469,
140,1,257,49,337,114,0.9507,-0.1304,0.0310,1.0730,15.3904,4.6597,
141,1,257,47,338,112,1.0127,0.0112,0.0058,1.0055,8.8325,7.3755,
142,1,257,47,337,109,0.9853,0.0293,-0.0044,0.9642,8.7639,9.3761,
143,1,257,45,337,107,1.0065,0.0180,0.0103,0.9979,8.6713,7.4780,
144,1,257,43,337,106,0.9935,0.0015,-0.0019,1.0109,9.5526,7.6308,
145,1,258,41,336,105,0.9710,-0.0238,0.0095,1.0144,11.5929,6.6989,
146,1,257,39,336,104,1.0039,0.0071,-0.0107,1.0022,8.6943,8.2899,
147,1,252,38,328,93,0.9906,-0.0056,-0.0062,1.0108,10.0647,7.7113,
148,1,251,37,328,91,1.0103,0.0067,0.0077,0.9754,8.4383,8.5243,
149,1,251,37,328,91,0.9855,0.0312,-0.0090,1.0060,9.0595,8.6910,
150,1,251,37,328,91,1.0062,-0.0007,0.0010,0.9870,9.1702,8.8403,
151,1,243,31,327,92,1.0000,-0.0000,-0.0000,1.0000,10.0001,10.0003,
152,1,244,28,328,92,0.9946,-0.0686,0.0035,1.0486,12.6706,6.5539,
153,1,244,28,328,92,0.9985,0.0380,-0.0172,0.9921,7.9702,9.9146,
154,1,244,28,328,92,1.0095,0.0412,0.0052,1.0014,7.8170,8.8853,
155,1,244,28,328,92,0.9854,-0.0128,0.0158,1.0149,10.3299,8.3373,
156,1,244,28,328,92,0.9941,0.0075,0.0057,1.0070,9.6397,8.7265,
157,1,244,28,328,92,0.9939,-0.0136,-0.0068,1.0093,10.5106,9.1135,
158,1,244,28,328,92,0.9948,0.0176,-0.0086,0.9934,9.0265,9.9525,
159,1,244,28,328,92,0.9908,-0.0084,0.0041,1.0089,10.1642,8.9810,
160,1,244,28,328,92,0.9958,-0.0053,-0.0098,1.0111,10.0909,9.2096,
161,1,244,28,328,92,0.9923,0.0003,0.0030,0.9948,10.1077,9.6109,
162,1,244,28,328,92,1.0029,-0.0021,-0.0047,1.0038,9.7904,9.7641,
163,1,244,28,328,92,0.9984,0.0039,0.0155,0.9987,9.5386,9.1188,
164,1,244,28,328,92,1.0000,-0.0024,0.0147,1.0133,9.8205,8.9509,
165,1,244,28,328,92,1.0007,-0.0233,0.0017,0.9866,10.7874,10.3727,
166,1,244,28,328,92,1.0117,0.0337,0.0024,0.9776,8.3459,10.8171,
167,1,244,28,328,92,0.9991,-0.0120,0.0039,0.9956,10.5602,10.1988,
168,1,244,28,328,92,0.9990,-0.0281,0.0094,1.0133,11.4489,9.5108,
169,1,244,28,328,92,1.0179,0.0570,0.0139,0.9974,7.5802,9.9435,
170,1,245,29,330,93,1.0116,-0.0064,0.0087,1.0008,10.3190,9.9497,
171,1,246,28,331,95,1.0039,-0.0214,0.0220,1.0396,11.1422,7.7878,
172,1,246,28,331,95,0.9984,-0.0438,0.0056,1.0015,12.1845,10.1428,
173,1,246,28,333,96,1.0133,-0.0037,0.0168,1.0234,10.0737,8.5635,
174,1,247,30,333,96,0.9898,-0.0277,-0.0060,0.9690,11.4984,11.7963,
175,1,247,30,333,96,0.9924,-0.0038,-0.0022,0.9913,10.5239,10.7557,
176,1,248,31,335,97,1.0117,-0.0043,0.0107,1.0041,10.2638,9.6712,
177,1,248,31,335,97,1.0046,0.0261,0.0051,1.0166,9.1741,9.6475,
178,1,248,32,336,99,1.0122,0.0469,0.0031,1.0125,7.9875,10.2400,
179,1,248,32,336,101,0.9994,0.0071,0.0192,1.0400,9.6630,8.4215,
180,1,248,32,336,101,1.0023,0.0165,-0.0194,1.0209,9.3224,8.9167,
181,1,249,33,337,103,0.9967,-0.0082,0.0407,1.0091,10.9174,8.7721,
182,1,249,37,340,103,1.0275,-0.0336,0.0298,0.9339,11.0688,12.6446,
183,1,251,38,340,105,0.9874,0.0201,0.0323,1.0099,10.3409,9.4646,
184,1,252,41,342,105,1.0105,-0.0401,0.0343,0.9600,11.5858,10.7712,
185,1,252,41,342,105,0.9912,-0.0037,-0.0019,1.0017,10.7145,10.0527,
186,1,252,41,342,105,0.9907,-0.0142,0.0024,1.0069,11.0283,9.6524,
187,1,252,41,342,105,0.9935,0.0081,0.0083,1.0027,10.1474,9.5060,
188,1,252,41,342,105,0.9996,0.0023,-0.0002,1.0023,9.9343,9.9243,
189,1,252,41,342,105,1.0017,-0.0110,0.0021,0.9956,10.3770,10.0220,
190,1,252,41,342,105,1.0018,-0.0161,-0.0021,0.9980,10.3271,10.0401,
191,1,252,41,342,105,1.0132,-0.0088,-0.0102,0.9912,9.9741,10.4150,
192,1,252,41,342,105,0.9976,0.0065,-0.0033,1.0018,9.8604,9.8986,
193,1,252,41,342,105,0.9989,0.0018,0.0000,0.9930,10.0800,10.2248,
194,1,252,41,342,105,0.9963,0.0032,-0.0022,1.0066,10.0239,9.7021,
195,1,252,41,342,105,0.9902,-0.0039,0.0013,1.0099,10.4430,9.7271,
196,1,252,41,344,104,1.0165,-0.0258,-0.0161,0.9833,10.4504,10.5897,
197,1,252,41,344,104,1.0001,-0.0000,0.0036,1.0040,9.9282,9.6758,
198,1,252,41,344,104,1.0009,0.0051,-0.0061,0.9975,10.0033,10.3333,
199,1,252,41,344,104,0.9918,0.0048,-0.0021,0.9962,10.3928,10.1957,
200,1,252,41,344,104,1.0027,0.0073,-0.0082,1.0253,9.9839,9.3934,
201,1,250,49,321,91,0.0000,0.0000,0.0000,0.0000,0.0000,0.0000,
202,1,250,49,321,91,0.0000,0.0000,0.0000,0.0000,0.0000,0.0000,
203,1,250,49,321,91,0.0000,0.0000,0.0000,0.0000,0.0000,0.0000,
204,1,250,49,321,91,0.0000,0.0000,0.0000,0.0000,0.0000,0.0000,
205,1,250,49,321,91,0.0000,0.0000,0.0000,0.0000,0.0000,0.0000,
206,1,250,49,321,91,0.0000,0.0000,0.0000,0.0000,0.0000,0.0000,
207,1,250,49,321,91,0.0000,0.0000,0.0000,0.0000,0.0000,0.0000,
208,1,250,49,321,91,0.0000,0.0000,0.0000,0.0000,0.0000,0.0000,
209,1,250,49,321,91,0.0000,0.0000,0.0000,0.0000,0.0000,0.0000,
210,1,250,49,321,91,0.0000,0.0000,0.0000,0.0000,0.0000,0.0000,
211,1,250,49,321,91,0.0000,0.0000,0.0000,0.0000,0.0000,0.0000,
212,1,250,49,321,91,0.0000,0.0000,0.0000,0.0000,0.0000,0.0000,
213,1,250,49,321,91,0.0000,0.0000,0.0000,0.0000,0.0000,0.0000,
214,1,250,49,321,91,0.0000,0.0000,0.0000,0.0000,0.0000,0.0000,
215,1,250,49,321,91,0.0000,0.0000,0.0000,0.0000,0.0000,0.0000,
216,1,250,49,321,91,0.0000,0.0000,0.0000,0.0000,0.0000,0.0000,
217,1,250,49,321,91,0.0000,0.0000,0.0000,0.0000,0.0000,0.0000,
218,1,250,49,321,91,0.0000,0.0000,0.0000,0.0000,0.0000,0.0000,
219,1,250,49,321,91,0.0000,0.0000,0.0000,0.0000,0.0000,0.0000,
220,1,250,49,321,91,0.0000,0.0000,0.0000,0.0000,0.0000,0.0000,
221,1,250,49,321,91,0.0000,0.0000,0.0000,0.0000,0.0000,0.0000,
222,1,250,49,321,91,0.0000,0.0000,0.0000,0.0000,0.0000,0.0000,
223,1,250,49,321,91,0.0000,0.0000,0.0000,0.0000,0.0000,0.0000,
224,1,250,49,321,91,0.0000,0.0000,0.0000,0.0000,0.0000,0.0000,
225,1,250,49,321,91,0.0000,0.0000,0.0000,0.0000,0.0000,0.0000,
226,1,250,49,321,91,0.0000,0.0000,0.0000,0.0000,0.0000,0.0000,
227,1,250,49,321,91,0.0000,0.0000,0.0000,0.0000,0.0000,0.0000,
228,1,250,49,321,91,0.0000,0.0000,0.0000,0.0000,0.0000,0.0000,
229,1,250,49,321,91,0.0000,0.0000,0.0000,0.0000,0.0000,0.0000,
230,1,250,49,321,91,0.0000,0.0000,0.0000,0.0000,0.0000,0.0000,
231,1,250,49,321,91,0.0000,0.0000,0.0000,0.0000,0.0000,0.0000,
232,1,250,49,321,91,0.0000,0.0000,0.0000,0.0000,0.0000,0.0000,
233,1,250,49,321,91,0.0000,0.0000,0.0000,0.0000,0.0000,0.0000,
234,1,250,49,321,91,0.0000,0.0000,0.0000,0.0000,0.0000,0.0000,
235,1,250,49,321,91,0.0000,0.0000,0.0000,0.0000,0.0000,0.0000,
236,1,250,49,321,91,0.0000,0.0000,0.0000,0.0000,0.0000,0.0000,
237,1,250,49,321,91,0.0000,0.0000,0.0000,0.0000,0.0000,0.0000,
238,1,250,49,321,91,0.0000,0.0000,0.0000,0.0000,0.0000,0.0000,
239,1,250,49,321,91,0.0000,0.0000,0.0000,0.0000,0.0000,0.0000,
240,1,250,49,321,91,0.0000,0.0000,0.0000,0.0000,0.0000,0.0000,
241,1,250,49,321,91,0.0000,0.0000,0.0000,0.0000,0.0000,0.0000,
242,1,250,49,321,91,0.0000,0.0000,0.0000,0.0000,0.0000,0.0000,
243,1,250,49,321,91,0.0000,0.0000,0.0000,0.0000,0.0000,0.0000,
244,1,250,49,321,91,0.0000,0.0000,0.0000,0.0000,0.0000,0.0000,
245,1,250,49,321,91,0.0000,0.0000,0.0000,0.0000,0.0000,0.0000,
246,1,250,49,321,91,0.0000,0.0000,0.0000,0.0000,0.0000,0.0000,
247,1,250,49,321,91,0.0000,0.0000,0.0000,0.0000,0.0000,0.0000,
248,1,250,49,321,91,0.0000,0.0000,0.0000,0.0000,0.0000,0.0000,
249,1,250,49,321,91,0.0000,0.0000,0.0000,0.0000,0.0000,0.0000,
250,1,250,49,321,91,0.0000,0.0000,0.0000,0.0000,0.0000,0.0000,
251,1,250,49,321,91,0.0000,0.0000,0.0000,0.0000,0.0000,0.0000,
252,1,250,49,321,91,0.0000,0.0000,0.0000,0.0000,0.0000,0.0000,
253,1,250,49,321,91,0.0000,0.0000,0.0000,0.0000,0.0000,0.0000,
254,1,250,49,321,91,0.0000,0.0000,0.0000,0.0000,0.0000,0.0000,
255,1,250,49,321,91,0.0000,0.0000,0.0000,0.0000,0.0000,0.0000,
256,1,250,49,321,91,0.0000,0.0000,0.0000,0.0000,0.0000,0.0000,
257,1,250,49,321,91,0.0000,0.0000,0.0000,0.0000,0.0000,0.0000,
258,1,250,49,321,91,0.0000,0.0000,0.0000,0.0000,0.0000,0.0000,
259,1,250,49,321,91,0.0000,0.0000,0.0000,0.0000,0.0000,0.0000,
260,1,250,49,321,91,0.0000,0.0000,0.0000,0.0000,0.0000,0.0000,
261,1,250,49,321,91,0.0000,0.0000,0.0000,0.0000,0.0000,0.0000,
262,1,250,49,321,91,0.0000,0.0000,0.0000,0.0000,0.0000,0.0000,
263,1,250,49,321,91,0.0000,0.0000,0.0000,0.0000,0.0000,0.0000,
264,1,250,49,321,91,0.0000,0.0000,0.0000,0.0000,0.0000,0.0000,
265,1,250,49,321,91,0.0000,0.0000,0.0000,0.0000,0.0000,0.0000,
266,1,250,49,321,91,0.0000,0.0000,0.0000,0.0000,0.0000,0.0000,
267,1,250,49,321,91,0.0000,0.0000,0.0000,0.0000,0.0000,0.0000,
268,1,250,49,321,91,0.0000,0.0000,0.0000,0.0000,0.0000,0.0000,
269,1,250,49,321,91,0.0000,0.0000,0.0000,0.0000,0.0000,0.0000,
270,1,250,49,321,91,0.0000,0.0000,0.0000,0.0000,0.0000,0.0000,
271,1,250,49,321,91,0.0000,0.0000,0.0000,0.0000,0.0000,0.0000,
272,1,250,49,321,91,0.0000,0.0000,0.0000,0.0000,0.0000,0.0000,
273,1,250,49,321,91,0.0000,0.0000,0.0000,0.0000,0.0000,0.0000,
274,1,250,49,321,91,0.0000,0.0000,0.0000,0.0000,0.0000,0.0000,
275,1,250,49,321,91,0.0000,0.0000,0.0000,0.0000,0.0000,0.0000,
276,1,250,49,321,91,0.0000,0.0000,0.0000,0.0000,0.0000,0.0000,
277,1,250,49,321,91,0.0000,0.0000,0.0000,0.0000,0.0000,0.0000,
278,1,250,49,321,91,0.0000,0.0000,0.0000,0.0000,0.0000,0.0000,
279,1,250,49,321,91,0.0000,0.0000,0.0000,0.0000,0.0000,0.0000,
280,1,250,49,321,91,0.0000,0.0000,0.0000,0.0000,0.0000,0.0000,
281,1,250,49,321,91,0.0000,0.0000,0.0000,0.0000,0.0000,0.0000,
282,1,250,49,321,91,0.0000,0.0000,0.0000,0.0000,0.0000,0.0000,
283,1,250,49,321,91,0.0000,0.0000,0.0000,0.0000,0.0000,0.0000,
284,1,250,49,321,91,0.0000,0.0000,0.0000,0.0000,0.0000,0.0000,
285,1,250,49,321,91,0.0000,0.0000,0.0000,0.0000,0.0000,0.0000,
286,1,250,49,321,91,0.0000,0.0000,0.0000,0.0000,0.0000,0.0000,
287,1,250,49,321,91,0.0000,0.0000,0.0000,0.0000,0.0000,0.0000,
288,1,250,49,321,91,0.0000,0.0000,0.0000,0.0000,0.0000,0.0000,
289,1,250,49,321,91,0.0000,0.0000,0.0000,0.0000,0.0000,0.0000,
290,1,250,49,321,91,0.0000,0.0000,0.0000,0.0000,0.0000,0.0000,
291,1,250,49,321,91,0.0000,0.0000,0.0000,0.0000,0.0000,0.0000,
292,1,250,49,321,91,0.0000,0.0000,0.0000,0.0000,0.0000,0.0000,
293,1,250,49,321,91,0.0000,0.0000,0.0000,0.0000,0.0000,0.0000,
294,1,250,49,321,91,0.0000,0.0000,0.0000,0.0000,0.0000,0.0000,
295,1,250,49,321,91,0.0000,0.0000,0.0000,0.0000,0.0000,0.0000,
296,1,250,49,321,91,0.0000,0.0000,0.0000,0.0000,0.0000,0.0000,
297,1,250,49,321,91,0.0000,0.0000,0.0000,0.0000,0.0000,0.0000,
298,1,250,49,321,91,0.0000,0.0000,0.0000,0.0000,0.0000,0.0000,
299,1,250,49,321,91,0.0000,0.0000,0.0000,0.0000,0.0000,0.0000,
300,1,250,49,321,91,0.0000,0.0000,0.0000,0.0000,0.0000,0.0000,
301,1,250,49,321,91,0.0000,0.0000,0.0000,0.0000,0.0000,0.0000,
302,1,250,49,321,91,0.0000,0.0000,0.0000,0.0000,0.0000,0.0000,
303,1,250,49,321,91,0.0000,0.0000,0.0000,0.0000,0.0000,0.0000,
304,1,250,49,321,91,0.0000,0.0000,0.0000,0.0000,0.0000,0.0000,
305,1,250,49,321,91,0.0000,0.0000,0.0000,0.0000,0.0000,0.0000,
