1,84,0.823183,521,240,633,282,
2,84,0.784188,521,241,632,283,
3,84,0.799832,521,241,632,282,
4,84,0.784611,521,241,633,282,
5,84,0.785113,521,241,632,282,
6,84,0.832708,520,241,632,282,
7,84,0.846770,522,241,631,282,
8,84,0.805270,521,241,632,282,
9,84,0.805617,520,241,632,282,
10,84,0.810277,521,241,632,282,
11,84,0.809426,520,241,632,282,
12,84,0.725984,520,241,632,282,
13,84,0.808528,520,241,633,282,
14,84,0.833433,521,241,633,282,
15,84,0.774839,521,241,632,282,
16,84,0.820154,521,240,632,283,
17,84,0.796432,522,241,632,282,
18,84,0.824208,521,241,632,281,
19,84,0.790817,520,241,633,282,
20,84,0.759848,521,242,632,281,
21,84,0.813442,521,241,632,282,
22,84,0.821794,523,242,633,282,
23,84,0.864810,522,241,631,282,
24,84,0.752254,521,241,632,282,
25,84,0.758415,521,241,631,282,
26,84,0.797321,521,241,632,282,
27,84,0.787999,521,240,632,282,
28,84,0.826659,521,241,632,282,
29,84,0.806283,521,241,631,282,
30,84,0.790799,520,241,632,282,
31,84,0.825775,521,241,632,282,
32,84,0.846249,521,240,632,282,
33,84,0.817367,521,241,631,281,
34,84,0.793776,521,241,632,283,
35,84,0.776325,521,241,632,282,
36,84,0.779030,521,241,631,282,
37,84,0.803742,521,240,632,282,
38,84,0.807542,521,241,631,282,
39,84,0.797067,522,241,631,282,
40,84,0.813758,521,241,632,282,
41,84,0.777154,521,241,633,283,
42,84,0.763590,521,241,633,283,
43,84,0.823846,521,241,632,282,
44,84,0.772292,521,241,632,282,
45,84,0.845482,521,241,632,282,
46,84,0.822154,521,240,632,282,
47,84,0.765686,520,241,631,282,
48,84,0.817191,521,241,632,282,
49,84,0.839773,521,241,632,282,
50,84,0.821624,521,241,632,283,
51,84,0.774598,521,241,632,283,
52,84,0.846641,521,241,631,282,
53,84,0.794072,520,241,631,282,
54,84,0.812456,520,241,633,282,
55,84,0.833408,521,241,633,283,
56,84,0.732070,523,241,632,282,
57,84,0.777200,521,241,632,282,
58,84,0.815581,521,241,633,282,
59,84,0.788977,521,241,633,282,
60,84,0.756357,522,241,632,282,
61,84,0.779408,521,242,632,282,
62,84,0.854349,521,241,633,282,
63,84,0.814860,521,241,632,282,
64,84,0.824560,521,241,632,282,
65,84,0.827024,522,241,632,282,
66,84,0.825837,522,241,631,282,
67,84,0.829833,521,241,632,282,
68,84,0.839145,520,240,633,283,
69,84,0.832781,521,240,632,282,
70,84,0.830460,521,241,632,282,
71,84,0.808780,523,241,631,282,
72,84,0.783199,520,241,633,282,
73,84,0.833915,522,241,632,282,
74,84,0.811954,520,241,632,282,
75,84,0.808080,521,241,632,282,
76,84,0.816546,520,241,632,282,
77,84,0.769349,522,241,631,282,
78,84,0.819148,522,240,632,282,
79,84,0.828103,521,240,632,282,
80,84,0.812919,522,241,632,281,
81,84,0.854374,521,241,632,282,
82,84,0.857046,522,241,632,282,
83,84,0.770001,522,241,632,282,
84,84,0.779927,521,241,632,282,
85,84,0.793569,523,241,632,282,
86,84,0.766684,522,241,632,282,
87,84,0.807920,522,241,632,282,
88,84,0.764596,521,241,632,282,
89,84,0.855789,521,241,632,282,
90,84,0.796764,522,241,632,283,
91,84,0.788510,521,241,633,282,
92,84,0.807016,522,241,632,282,
93,84,0.787185,522,241,631,281,
94,84,0.830736,521,241,632,282,
95,84,0.754698,521,241,633,282,
96,84,0.810353,522,241,631,282,
97,84,0.825770,521,241,632,282,
98,84,0.806696,521,240,632,283,
99,84,0.812826,521,241,632,282,
100,84,0.800229,521,241,632,282,
101,84,0.751165,522,241,632,282,
102,84,0.807501,520,241,632,282,
103,84,0.819505,521,241,632,282,
104,84,0.747100,521,241,632,282,
105,84,0.793032,522,241,632,282,
106,84,0.803964,522,241,632,282,
107,84,0.793677,521,241,632,282,
108,84,0.769123,522,241,632,282,
109,84,0.814438,521,241,632,282,
110,84,0.836322,521,241,631,283,
111,84,0.808515,521,241,632,283,
112,84,0.839797,521,241,632,283,
113,84,0.855268,520,241,632,283,
114,84,0.785440,521,242,632,282,
115,84,0.755340,521,241,631,282,
116,84,0.834507,521,240,632,282,
117,84,0.827381,521,241,632,282,
118,84,0.831455,521,241,632,282,
119,84,0.801360,520,241,633,282,
120,84,0.837450,522,241,632,282,
121,84,0.800649,522,241,633,282,
122,84,0.812499,521,241,632,282,
123,84,0.850466,521,241,632,282,
124,84,0.832810,521,241,631,282,
125,84,0.807400,522,241,633,282,
126,84,0.848799,522,241,631,282,
127,84,0.799998,521,242,632,281,
128,84,0.804425,521,241,632,282,
129,84,0.792694,520,241,632,281,
130,84,0.843624,521,241,631,282,
131,84,0.800839,521,241,633,282,
132,84,0.836495,521,241,632,281,
133,84,0.815664,521,241,632,281,
134,84,0.776560,520,242,633,281,
135,84,0.742842,521,241,632,281,
136,84,0.792406,521,241,632,281,
137,84,0.844517,520,241,632,282,
138,84,0.809609,520,241,631,282,
139,84,0.831981,521,242,631,281,
140,84,0.804533,521,242,632,281,
141,84,0.779180,521,241,631,281,
142,84,0.803906,520,241,632,282,
143,84,0.806551,521,241,631,281,
144,84,0.809498,521,241,632,281,
145,84,0.783521,521,241,631,282,
146,84,0.815415,521,241,632,282,
147,84,0.779858,521,241,632,281,
148,84,0.831406,521,241,633,282,
149,84,0.812435,521,241,632,282,
150,84,0.788462,521,241,633,281,
151,84,0.797971,523,242,632,281,
152,84,0.815761,521,241,632,281,
153,84,0.827605,522,241,633,281,
154,84,0.817902,521,241,632,281,
155,84,0.771863,523,241,632,281,
156,84,0.795450,522,241,632,281,
157,84,0.800872,522,241,631,281,
158,84,0.780860,522,241,633,281,
159,84,0.763116,522,241,632,281,
160,84,0.774296,522,242,631,280,
161,84,0.808229,522,241,632,280,
162,84,0.801338,523,241,632,281,
163,84,0.759963,523,241,632,281,
164,84,0.760635,523,241,632,281,
165,84,0.784752,522,242,632,280,
166,84,0.798202,522,241,632,281,
167,84,0.793900,523,241,632,280,
168,84,0.829350,522,241,633,281,
169,84,0.796589,522,241,632,281,
170,84,0.809287,523,242,632,281,
171,84,0.790249,522,241,632,281,
172,84,0.795182,522,241,633,281,
173,84,0.787951,522,241,633,281,
174,84,0.792058,523,242,634,281,
175,84,0.768582,523,241,632,281,
176,84,0.804554,521,241,632,281,
177,84,0.820196,522,241,633,281,
178,84,0.805985,522,241,631,281,
179,84,0.764338,522,241,633,281,
180,84,0.798522,523,241,633,280,
181,84,0.763205,522,241,633,282,
182,84,0.837513,523,241,633,281,
183,84,0.780685,523,241,633,281,
184,84,0.811625,522,241,633,281,
185,84,0.843216,521,241,632,280,
186,84,0.744909,522,241,633,281,
187,84,0.818162,522,241,633,281,
188,84,0.812954,522,241,632,281,
189,84,0.827024,523,241,632,281,
190,84,0.814267,522,241,633,281,
191,84,0.779202,522,241,632,281,
192,84,0.847285,522,241,632,282,
193,84,0.827640,521,242,632,281,
194,84,0.751760,522,242,632,281,
195,84,0.826923,520,241,632,282,
196,84,0.785986,522,242,631,281,
197,84,0.772570,521,241,632,281,
198,84,0.827461,521,241,633,281,
199,84,0.771776,522,241,632,281,
200,84,0.801118,521,241,632,282,
201,84,0.786623,523,241,632,281,
202,84,0.819558,522,241,632,281,
203,84,0.786790,521,241,632,281,
204,84,0.821374,521,241,632,282,
205,84,0.811891,521,241,632,282,
206,84,0.836172,521,241,632,281,
207,84,0.845771,521,241,632,282,
208,84,0.833357,521,241,632,281,
209,84,0.845866,521,241,632,281,
210,84,0.821583,522,241,631,281,
211,84,0.835789,522,240,631,282,
212,84,0.807979,521,241,632,282,
213,84,0.834128,522,241,631,282,
214,84,0.826616,521,241,632,282,
215,84,0.777785,521,241,632,282,
216,84,0.782848,521,241,632,282,
217,84,0.848394,522,241,633,282,
218,84,0.760524,522,241,632,282,
219,84,0.822627,522,241,632,282,
220,84,0.782391,522,241,631,282,
221,84,0.784194,521,241,632,282,
222,84,0.803054,521,241,632,282,
223,84,0.818880,522,241,631,281,
224,84,0.844768,521,241,633,282,
225,84,0.814162,522,241,633,282,
226,84,0.852891,522,241,632,282,
227,84,0.854283,521,241,632,282,
228,84,0.793722,521,241,633,282,
229,84,0.801515,520,240,633,282,
230,84,0.842766,522,241,633,282,
231,84,0.787433,521,241,632,282,
232,84,0.820281,521,241,633,282,
233,84,0.812316,521,241,632,282,
234,84,0.793244,522,241,633,282,
235,84,0.793287,521,241,632,282,
236,84,0.819104,521,242,633,282,
237,84,0.813123,521,241,631,281,
238,84,0.820005,521,241,632,282,
239,84,0.801241,522,241,632,282,
240,84,0.759366,521,241,632,282,
241,84,0.764806,522,241,634,282,
242,84,0.806941,521,241,632,282,
243,84,0.783985,521,241,633,282,
244,84,0.784737,521,241,632,281,
245,84,0.768174,522,241,632,282,
246,84,0.813539,521,241,632,282,
247,84,0.816856,522,241,632,282,
248,84,0.787422,521,241,632,282,
249,84,0.844137,521,241,631,283,
250,84,0.762732,520,241,632,282,
251,84,0.781425,521,241,632,282,
252,84,0.795143,521,241,632,282,
253,84,0.814246,521,241,632,282,
254,84,0.788241,521,241,631,281,
255,84,0.806153,521,241,634,282,
256,84,0.798201,521,241,632,282,
257,84,0.795664,521,241,632,282,
258,84,0.781238,521,241,632,282,
259,84,0.768052,521,241,632,282,
260,84,0.839111,521,240,633,282,
261,84,0.842085,521,241,632,282,
262,84,0.821867,521,241,631,282,
263,84,0.837469,521,241,632,282,
264,84,0.830997,521,241,633,282,
265,84,0.752724,522,241,633,282,
266,84,0.820851,521,241,632,282,
267,84,0.809769,522,241,633,282,
268,84,0.795034,521,241,632,282,
269,84,0.786807,522,241,632,282,
270,84,0.807533,521,241,631,282,
271,84,0.811368,521,241,632,281,
272,84,0.847743,521,241,633,282,
273,84,0.835954,522,241,632,281,
274,84,0.862379,521,241,633,283,
275,84,0.836457,522,241,632,282,
276,84,0.819283,520,241,632,282,
277,84,0.845456,522,241,631,282,
278,84,0.864708,522,241,631,281,
279,84,0.860956,521,241,632,282,
280,84,0.834989,522,241,631,282,
281,84,0.865033,522,241,632,281,
282,84,0.840813,521,242,633,282,
283,84,0.840692,522,241,632,281,
284,84,0.819472,523,241,631,281,
285,84,0.803318,521,241,633,282,
286,84,0.819868,521,241,632,282,
287,84,0.829846,521,241,632,281,
288,84,0.842384,521,241,632,281,
289,84,0.823547,521,241,632,282,
290,84,0.807550,521,241,632,281,
291,84,0.829518,522,241,632,281,
292,84,0.823716,520,241,632,281,
293,84,0.818108,521,241,631,281,
294,84,0.841567,521,241,631,281,
295,84,0.783214,521,241,631,281,
296,84,0.850938,521,241,632,281,
297,84,0.852611,521,241,632,282,
298,84,0.817059,522,242,631,281,
299,84,0.773385,522,242,630,281,
300,84,0.869413,520,241,632,282,
301,84,0.822381,520,242,632,281,
302,84,0.809537,522,241,632,281,
303,84,0.832987,522,241,631,281,
304,84,0.779760,520,242,632,281,
305,84,0.811389,522,242,631,281,
306,84,0.791883,521,241,633,281,
307,84,0.800122,521,241,632,281,
308,84,0.819526,521,241,632,282,
309,84,0.825670,521,241,631,281,
310,84,0.834239,521,242,631,281,
311,84,0.825636,521,241,632,281,
312,84,0.832369,521,241,631,282,
313,84,0.833591,522,241,633,281,
314,84,0.803910,521,242,632,280,
315,84,0.848789,521,241,632,281,
316,84,0.834785,522,241,631,281,
317,84,0.820629,521,241,631,281,
318,84,0.782139,521,241,631,281,
319,84,0.853590,521,242,631,281,
320,84,0.842326,521,241,633,281,
321,84,0.801701,521,241,632,281,
322,84,0.838188,521,241,632,282,
323,84,0.875178,521,241,631,281,
324,84,0.793240,521,241,632,281,
325,84,0.814778,521,241,631,281,
326,84,0.831674,522,242,632,281,
327,84,0.826355,522,241,632,281,
328,84,0.804740,522,241,631,281,
329,84,0.802924,521,242,631,280,
330,84,0.837106,522,241,632,281,
331,84,0.796439,522,242,631,281,
332,84,0.843288,522,241,632,282,
333,84,0.833917,521,241,632,282,
334,84,0.831487,522,242,632,281,
335,84,0.817388,522,241,632,282,
336,84,0.850590,522,242,632,281,
337,84,0.848178,521,241,631,281,
338,84,0.811229,521,241,632,281,
339,84,0.834879,522,241,631,281,
340,84,0.823129,521,241,632,282,
341,84,0.801766,522,241,631,282,
342,84,0.814211,522,241,632,282,
343,84,0.844625,521,241,632,282,
344,84,0.806909,522,241,632,282,
345,84,0.815031,523,241,632,282,
346,84,0.856995,522,241,632,282,
347,84,0.768741,521,240,632,282,
348,84,0.789635,522,241,633,282,
349,84,0.787028,522,240,633,282,
350,84,0.844338,522,240,633,283,
351,84,0.803735,522,241,631,282,
352,84,0.862560,523,241,633,282,
353,84,0.789409,522,241,633,282,
354,84,0.795670,522,241,633,282,
355,84,0.811904,521,241,632,282,
356,84,0.796088,523,241,633,282,
357,84,0.815482,521,241,632,282,
358,84,0.784730,521,240,632,282,
359,84,0.813193,522,241,633,282,
360,84,0.803626,522,241,633,282,
361,84,0.844111,522,241,632,282,
362,84,0.775896,522,240,633,282,
363,84,0.810921,521,241,633,282,
364,84,0.849045,521,240,633,281,
365,84,0.821950,521,241,633,282,
366,84,0.810069,521,240,632,282,
367,84,0.820621,521,241,632,282,
368,84,0.874603,522,241,632,282,
369,84,0.834216,521,241,632,282,
370,84,0.841366,521,241,632,281,
371,84,0.817637,521,241,632,282,
372,84,0.819840,522,241,632,282,
373,84,0.852428,521,241,632,282,
374,84,0.838780,521,241,632,282,
375,84,0.790955,522,240,632,282,
376,84,0.855306,521,241,632,281,
