1,2,0,0,0,0,0.0000,0.0000,0.0000,0.0000,0.0000,0.0000,
2,2,0,0,0,0,0.0000,0.0000,0.0000,0.0000,0.0000,0.0000,
3,2,0,0,0,0,0.0000,0.0000,0.0000,0.0000,0.0000,0.0000,
4,2,0,0,0,0,0.0000,0.0000,0.0000,0.0000,0.0000,0.0000,
5,2,0,0,0,0,0.0000,0.0000,0.0000,0.0000,0.0000,0.0000,
6,2,0,0,0,0,0.0000,0.0000,0.0000,0.0000,0.0000,0.0000,
7,2,0,0,0,0,0.0000,0.0000,0.0000,0.0000,0.0000,0.0000,
8,2,0,0,0,0,0.0000,0.0000,0.0000,0.0000,0.0000,0.0000,
9,2,0,0,0,0,0.0000,0.0000,0.0000,0.0000,0.0000,0.0000,
10,2,0,0,0,0,0.0000,0.0000,0.0000,0.0000,0.0000,0.0000,
11,2,0,0,0,0,0.0000,0.0000,0.0000,0.0000,0.0000,0.0000,
12,2,0,0,0,0,0.0000,0.0000,0.0000,0.0000,0.0000,0.0000,
13,2,0,0,0,0,0.0000,0.0000,0.0000,0.0000,0.0000,0.0000,
14,2,0,0,0,0,0.0000,0.0000,0.0000,0.0000,0.0000,0.0000,
15,2,0,0,0,0,0.0000,0.0000,0.0000,0.0000,0.0000,0.0000,
16,2,0,0,0,0,0.0000,0.0000,0.0000,0.0000,0.0000,0.0000,
17,2,0,0,0,0,0.0000,0.0000,0.0000,0.0000,0.0000,0.0000,
18,2,0,0,0,0,0.0000,0.0000,0.0000,0.0000,0.0000,0.0000,
19,2,0,0,0,0,0.0000,0.0000,0.0000,0.0000,0.0000,0.0000,
20,2,0,0,0,0,0.0000,0.0000,0.0000,0.0000,0.0000,0.0000,
21,2,0,0,0,0,0.0000,0.0000,0.0000,0.0000,0.0000,0.0000,
22,2,0,0,0,0,0.0000,0.0000,0.0000,0.0000,0.0000,0.0000,
23,2,0,0,0,0,0.0000,0.0000,0.0000,0.0000,0.0000,0.0000,
24,2,0,0,0,0,0.0000,0.0000,0.0000,0.0000,0.0000,0.0000,
25,2,0,0,0,0,0.0000,0.0000,0.0000,0.0000,0.0000,0.0000,
26,2,0,0,0,0,0.0000,0.0000,0.0000,0.0000,0.0000,0.0000,
27,2,0,0,0,0,0.0000,0.0000,0.0000,0.0000,0.0000,0.0000,
28,2,0,0,0,0,0.0000,0.0000,0.0000,0.0000,0.0000,0.0000,
29,2,0,0,0,0,0.0000,0.0000,0.0000,0.0000,0.0000,0.0000,
30,2,0,0,0,0,0.0000,0.0000,0.0000,0.0000,0.0000,0.0000,
31,2,0,0,0,0,0.0000,0.0000,0.0000,0.0000,0.0000,0.0000,
32,2,0,0,0,0,0.0000,0.0000,0.0000,0.0000,0.0000,0.0000,
33,2,0,0,0,0,0.0000,0.0000,0.0000,0.0000,0.0000,0.0000,
34,2,0,0,0,0,0.0000,0.0000,0.0000,0.0000,0.0000,0.0000,
35,2,0,0,0,0,0.0000,0.0000,0.0000,0.0000,0.0000,0.0000,
36,2,0,0,0,0,0.0000,0.0000,0.0000,0.0000,0.0000,0.0000,
37,2,0,0,0,0,0.0000,0.0000,0.0000,0.0000,0.0000,0.0000,
38,2,0,0,0,0,0.0000,0.0000,0.0000,0.0000,0.0000,0.0000,
39,2,0,0,0,0,0.0000,0.0000,0.0000,0.0000,0.0000,0.0000,
40,2,0,0,0,0,0.0000,0.0000,0.0000,0.0000,0.0000,0.0000,
41,2,0,0,0,0,0.0000,0.0000,0.0000,0.0000,0.0000,0.0000,
42,2,0,0,0,0,0.0000,0.0000,0.0000,0.0000,0.0000,0.0000,
43,2,0,0,0,0,0.0000,0.0000,0.0000,0.0000,0.0000,0.0000,
44,2,0,0,0,0,0.0000,0.0000,0.0000,0.0000,0.0000,0.0000,
45,2,0,0,0,0,0.0000,0.0000,0.0000,0.0000,0.0000,0.0000,
46,2,0,0,0,0,0.0000,0.0000,0.0000,0.0000,0.0000,0.0000,
47,2,0,0,0,0,0.0000,0.0000,0.0000,0.0000,0.0000,0.0000,
48,2,0,0,0,0,0.0000,0.0000,0.0000,0.0000,0.0000,0.0000,
49,2,0,0,0,0,0.0000,0.0000,0.0000,0.0000,0.0000,0.0000,
50,2,0,0,0,0,0.0000,0.0000,0.0000,0.0000,0.0000,0.0000,
51,2,0,0,0,0,0.0000,0.0000,0.0000,0.0000,0.0000,0.0000,
52,2,0,0,0,0,0.0000,0.0000,0.0000,0.0000,0.0000,0.0000,
53,2,0,0,0,0,0.0000,0.0000,0.0000,0.0000,0.0000,0.0000,
54,2,0,0,0,0,0.0000,0.0000,0.0000,0.0000,0.0000,0.0000,
55,2,0,0,0,0,0.0000,0.0000,0.0000,0.0000,0.0000,0.0000,
56,2,0,0,0,0,0.0000,0.0000,0.0000,0.0000,0.0000,0.0000,
57,2,0,0,0,0,0.0000,0.0000,0.0000,0.0000,0.0000,0.0000,
58,2,0,0,0,0,0.0000,0.0000,0.0000,0.0000,0.0000,0.0000,
59,2,0,0,0,0,0.0000,0.0000,0.0000,0.0000,0.0000,0.0000,
60,2,0,0,0,0,0.0000,0.0000,0.0000,0.0000,0.0000,0.0000,
61,2,0,0,0,0,0.0000,0.0000,0.0000,0.0000,0.0000,0.0000,
62,2,0,0,0,0,0.0000,0.0000,0.0000,0.0000,0.0000,0.0000,
63,2,0,0,0,0,0.0000,0.0000,0.0000,0.0000,0.0000,0.0000,
64,2,0,0,0,0,0.0000,0.0000,0.0000,0.0000,0.0000,0.0000,
65,2,0,0,0,0,0.0000,0.0000,0.0000,0.0000,0.0000,0.0000,
66,2,0,0,0,0,0.0000,0.0000,0.0000,0.0000,0.0000,0.0000,
67,2,0,0,0,0,0.0000,0.0000,0.0000,0.0000,0.0000,0.0000,
68,2,0,0,0,0,0.0000,0.0000,0.0000,0.0000,0.0000,0.0000,
69,2,0,0,0,0,0.0000,0.0000,0.0000,0.0000,0.0000,0.0000,
70,2,0,0,0,0,0.0000,0.0000,0.0000,0.0000,0.0000,0.0000,
71,2,0,0,0,0,0.0000,0.0000,0.0000,0.0000,0.0000,0.0000,
72,2,0,0,0,0,0.0000,0.0000,0.0000,0.0000,0.0000,0.0000,
73,2,0,0,0,0,0.0000,0.0000,0.0000,0.0000,0.0000,0.0000,
74,2,0,0,0,0,0.0000,0.0000,0.0000,0.0000,0.0000,0.0000,
75,2,0,0,0,0,0.0000,0.0000,0.0000,0.0000,0.0000,0.0000,
76,2,0,0,0,0,0.0000,0.0000,0.0000,0.0000,0.0000,0.0000,
77,2,0,0,0,0,0.0000,0.0000,0.0000,0.0000,0.0000,0.0000,
78,2,0,0,0,0,0.0000,0.0000,0.0000,0.0000,0.0000,0.0000,
79,2,0,0,0,0,0.0000,0.0000,0.0000,0.0000,0.0000,0.0000,
80,2,0,0,0,0,0.0000,0.0000,0.0000,0.0000,0.0000,0.0000,
81,2,0,0,0,0,0.0000,0.0000,0.0000,0.0000,0.0000,0.0000,
82,2,0,0,0,0,0.0000,0.0000,0.0000,0.0000,0.0000,0.0000,
83,2,0,0,0,0,0.0000,0.0000,0.0000,0.0000,0.0000,0.0000,
84,2,0,0,0,0,0.0000,0.0000,0.0000,0.0000,0.0000,0.0000,
85,2,0,0,0,0,0.0000,0.0000,0.0000,0.0000,0.0000,0.0000,
86,2,0,0,0,0,0.0000,0.0000,0.0000,0.0000,0.0000,0.0000,
87,2,0,0,0,0,0.0000,0.0000,0.0000,0.0000,0.0000,0.0000,
88,2,0,0,0,0,0.0000,0.0000,0.0000,0.0000,0.0000,0.0000,
89,2,0,0,0,0,0.0000,0.0000,0.0000,0.0000,0.0000,0.0000,
90,2,0,0,0,0,0.0000,0.0000,0.0000,0.0000,0.0000,0.0000,
91,2,290,378,373,401,1.0000,-0.0002,-0.0001,0.9996,10.0034,10.0067,
92,2,288,373,370,403,0.0000,0.0000,0.0000,0.0000,0.0000,0.0000,
93,2,288,373,370,403,0.9981,0.0149,0.0026,1.0101,9.7851,9.7290,
94,2,288,373,370,403,0.9930,0.0347,-0.0009,0.9583,9.4854,10.8193,
95,2,289,375,370,403,0.9963,-0.0044,-0.0009,0.9247,10.1595,11.4399,
96,2,292,361,369,403,1.0000,0.0000,0.0000,1.0000,10.0000,9.9999,
97,2,292,361,369,403,0.9994,-0.0003,-0.0017,1.0067,10.0819,9.8916,
98,2,292,361,369,403,0.9895,0.0031,-0.0001,1.0214,10.2451,9.5899,
99,2,292,361,369,403,0.9993,-0.0088,-0.0068,0.9713,10.2274,11.0570,
100,2,292,361,369,403,1.0054,0.0147,-0.0016,1.0148,9.4719,9.6535,
101,2,287,362,381,406,0.0000,0.0000,0.0000,0.0000,0.0000,0.0000,
102,2,287,362,381,406,0.0000,0.0000,0.0000,0.0000,0.0000,0.0000,
103,2,287,362,381,406,0.0000,0.0000,0.0000,0.0000,0.0000,0.0000,
104,2,287,362,381,406,0.0000,0.0000,0.0000,0.0000,0.0000,0.0000,
105,2,287,362,381,406,0.0000,0.0000,0.0000,0.0000,0.0000,0.0000,
106,2,287,362,381,406,0.0000,0.0000,0.0000,0.0000,0.0000,0.0000,
107,2,287,362,381,406,0.0000,0.0000,0.0000,0.0000,0.0000,0.0000,
108,2,287,362,381,406,0.0000,0.0000,0.0000,0.0000,0.0000,0.0000,
109,2,287,362,381,406,0.0000,0.0000,0.0000,0.0000,0.0000,0.0000,
110,2,287,362,381,406,0.0000,0.0000,0.0000,0.0000,0.0000,0.0000,
111,2,287,362,381,406,0.0000,0.0000,0.0000,0.0000,0.0000,0.0000,
112,2,287,362,381,406,0.0000,0.0000,0.0000,0.0000,0.0000,0.0000,
113,2,287,362,381,406,0.0000,0.0000,0.0000,0.0000,0.0000,0.0000,
114,2,287,362,381,406,0.0000,0.0000,0.0000,0.0000,0.0000,0.0000,
115,2,287,362,381,406,0.0000,0.0000,0.0000,0.0000,0.0000,0.0000,
116,2,287,362,381,406,0.0000,0.0000,0.0000,0.0000,0.0000,0.0000,
117,2,287,362,381,406,0.0000,0.0000,0.0000,0.0000,0.0000,0.0000,
118,2,287,362,381,406,0.0000,0.0000,0.0000,0.0000,0.0000,0.0000,
119,2,287,362,381,406,0.0000,0.0000,0.0000,0.0000,0.0000,0.0000,
120,2,287,362,381,406,0.0000,0.0000,0.0000,0.0000,0.0000,0.0000,
121,2,287,362,381,406,0.0000,0.0000,0.0000,0.0000,0.0000,0.0000,
122,2,287,362,381,406,0.0000,0.0000,0.0000,0.0000,0.0000,0.0000,
123,2,287,362,381,406,0.0000,0.0000,0.0000,0.0000,0.0000,0.0000,
124,2,287,362,381,406,0.0000,0.0000,0.0000,0.0000,0.0000,0.0000,
125,2,287,362,381,406,0.0000,0.0000,0.0000,0.0000,0.0000,0.0000,
126,2,287,362,381,406,0.0000,0.0000,0.0000,0.0000,0.0000,0.0000,
127,2,287,362,381,406,0.0000,0.0000,0.0000,0.0000,0.0000,0.0000,
128,2,287,362,381,406,0.0000,0.0000,0.0000,0.0000,0.0000,0.0000,
129,2,287,362,381,406,0.0000,0.0000,0.0000,0.0000,0.0000,0.0000,
130,2,287,362,381,406,0.0000,0.0000,0.0000,0.0000,0.0000,0.0000,
131,2,287,362,381,406,0.0000,0.0000,0.0000,0.0000,0.0000,0.0000,
132,2,287,362,381,406,0.0000,0.0000,0.0000,0.0000,0.0000,0.0000,
133,2,287,362,381,406,0.0000,0.0000,0.0000,0.0000,0.0000,0.0000,
134,2,287,362,381,406,0.0000,0.0000,0.0000,0.0000,0.0000,0.0000,
135,2,287,362,381,406,0.0000,0.0000,0.0000,0.0000,0.0000,0.0000,
136,2,287,362,381,406,0.0000,0.0000,0.0000,0.0000,0.0000,0.0000,
137,2,287,362,381,406,0.0000,0.0000,0.0000,0.0000,0.0000,0.0000,
138,2,287,362,381,406,0.0000,0.0000,0.0000,0.0000,0.0000,0.0000,
139,2,287,362,381,406,0.0000,0.0000,0.0000,0.0000,0.0000,0.0000,
140,2,287,362,381,406,0.0000,0.0000,0.0000,0.0000,0.0000,0.0000,
141,2,287,362,381,406,0.0000,0.0000,0.0000,0.0000,0.0000,0.0000,
142,2,287,362,381,406,0.0000,0.0000,0.0000,0.0000,0.0000,0.0000,
143,2,287,362,381,406,0.0000,0.0000,0.0000,0.0000,0.0000,0.0000,
144,2,287,362,381,406,0.0000,0.0000,0.0000,0.0000,0.0000,0.0000,
145,2,287,362,381,406,0.0000,0.0000,0.0000,0.0000,0.0000,0.0000,
146,2,287,362,381,406,0.0000,0.0000,0.0000,0.0000,0.0000,0.0000,
147,2,287,362,381,406,0.0000,0.0000,0.0000,0.0000,0.0000,0.0000,
148,2,287,362,381,406,0.0000,0.0000,0.0000,0.0000,0.0000,0.0000,
149,2,287,362,381,406,0.0000,0.0000,0.0000,0.0000,0.0000,0.0000,
150,2,287,362,381,406,0.0000,0.0000,0.0000,0.0000,0.0000,0.0000,
151,2,287,362,381,406,0.0000,0.0000,0.0000,0.0000,0.0000,0.0000,
152,2,287,362,381,406,0.0000,0.0000,0.0000,0.0000,0.0000,0.0000,
153,2,287,362,381,406,0.0000,0.0000,0.0000,0.0000,0.0000,0.0000,
154,2,287,362,381,406,0.0000,0.0000,0.0000,0.0000,0.0000,0.0000,
155,2,287,362,381,406,0.0000,0.0000,0.0000,0.0000,0.0000,0.0000,
156,2,287,362,381,406,0.0000,0.0000,0.0000,0.0000,0.0000,0.0000,
157,2,287,362,381,406,0.0000,0.0000,0.0000,0.0000,0.0000,0.0000,
158,2,287,362,381,406,0.0000,0.0000,0.0000,0.0000,0.0000,0.0000,
159,2,287,362,381,406,0.0000,0.0000,0.0000,0.0000,0.0000,0.0000,
160,2,287,362,381,406,0.0000,0.0000,0.0000,0.0000,0.0000,0.0000,
161,2,287,362,381,406,0.0000,0.0000,0.0000,0.0000,0.0000,0.0000,
162,2,287,362,381,406,0.0000,0.0000,0.0000,0.0000,0.0000,0.0000,
163,2,287,362,381,406,0.0000,0.0000,0.0000,0.0000,0.0000,0.0000,
164,2,287,362,381,406,0.0000,0.0000,0.0000,0.0000,0.0000,0.0000,
165,2,287,362,381,406,0.0000,0.0000,0.0000,0.0000,0.0000,0.0000,
166,2,287,362,381,406,0.0000,0.0000,0.0000,0.0000,0.0000,0.0000,
167,2,287,362,381,406,0.0000,0.0000,0.0000,0.0000,0.0000,0.0000,
168,2,287,362,381,406,0.0000,0.0000,0.0000,0.0000,0.0000,0.0000,
169,2,287,362,381,406,0.0000,0.0000,0.0000,0.0000,0.0000,0.0000,
170,2,287,362,381,406,0.0000,0.0000,0.0000,0.0000,0.0000,0.0000,
171,2,286,361,382,405,1.0000,-0.0000,-0.0000,1.0000,10.0005,10.0003,
172,2,288,361,377,407,1.1371,0.2800,0.2453,1.5495,-3.3567,-16.6234,
173,2,288,361,377,407,1.0002,0.0110,-0.0017,1.0004,9.7582,10.0953,
174,2,288,361,377,407,0.9927,-0.0009,-0.0021,1.0053,10.6790,9.9781,
175,2,288,361,377,407,1.0004,-0.0049,-0.0026,1.0012,10.1749,10.0797,
176,2,288,361,377,407,1.0000,0.0016,-0.0125,1.0296,9.8938,9.8245,
177,2,288,361,377,407,0.9997,-0.0057,-0.0091,1.0183,10.1604,9.7661,
178,2,288,361,377,407,1.0014,0.0010,-0.0072,1.0142,10.0488,9.6291,
179,2,288,361,377,407,1.0083,-0.0227,-0.0162,1.0221,10.7125,9.8973,
180,2,288,361,377,407,0.9942,0.0329,-0.0048,1.0148,10.0511,9.5978,
181,2,288,361,377,407,0.9999,-0.0096,-0.0088,1.0240,10.9094,9.5172,
182,2,291,358,386,407,1.0723,-0.0089,-0.0636,1.0620,12.6397,9.3742,
183,2,292,358,389,408,1.0217,0.0377,-0.0015,1.0210,9.7411,9.4766,
184,2,293,358,392,409,1.0204,0.0042,0.0079,1.0212,10.7419,9.2205,
185,2,294,359,397,410,1.0427,0.0240,-0.0012,1.0069,9.6159,10.0684,
186,2,295,360,402,411,1.0376,0.0482,0.0020,0.9998,9.3759,10.0231,
187,2,296,361,408,412,1.0477,0.0468,0.0049,1.0072,9.2015,9.8960,
188,2,297,362,415,412,1.0536,0.0521,0.0044,0.9778,9.0600,10.6435,
189,2,329,349,405,406,1.0500,0.0561,0.0042,1.0173,9.2212,9.6456,
190,2,332,349,410,407,1.0360,0.0855,0.0019,1.0187,9.7030,9.8241,
191,2,335,350,415,408,1.0230,0.0915,-0.0055,1.0032,10.2435,10.7451,
192,2,339,351,420,410,1.0230,0.0996,-0.0180,1.0165,10.1950,11.2469,
193,2,343,353,425,412,1.0180,0.1004,-0.0189,1.0088,10.4968,12.1415,
194,2,347,355,431,415,1.0184,0.1079,-0.0324,1.0073,10.3067,13.3019,
195,2,351,358,437,419,1.0164,0.1134,-0.0337,1.0154,10.2829,13.6721,
196,2,355,361,443,423,1.0125,0.1117,-0.0307,1.0283,10.5084,13.5813,
197,2,359,364,448,428,1.0115,0.1135,-0.0326,1.0321,10.2555,13.7186,
198,2,363,367,453,433,1.0072,0.1082,-0.0283,1.0324,10.3085,13.5420,
199,2,367,370,458,438,1.0081,0.1017,-0.0313,1.0254,10.1135,13.7335,
200,2,371,373,462,442,1.0033,0.0904,-0.0279,1.0203,10.3125,13.4456,
201,2,363,379,469,448,1.0000,-0.0000,0.0000,1.0000,9.9999,10.0000,
202,2,366,381,473,451,1.0037,0.0663,-0.0185,1.0103,10.3883,12.7350,
203,2,369,383,476,453,0.9994,0.0526,-0.0133,1.0048,10.4363,12.3676,
204,2,371,385,478,455,1.0001,0.0352,-0.0094,1.0022,10.5589,11.9772,
205,2,373,386,480,457,0.9984,0.0322,-0.0071,1.0119,10.2729,11.2869,
206,2,374,388,481,458,1.0013,0.0038,-0.0066,0.9952,10.6100,11.3889,
207,2,374,388,481,458,0.9989,0.0102,-0.0038,0.9960,10.2616,11.0444,
208,2,374,388,481,458,1.0026,-0.0049,-0.0023,0.9958,10.1778,10.6894,
209,2,374,388,481,458,0.9975,-0.0183,-0.0037,0.9867,10.7384,10.8996,
210,2,374,388,481,458,1.0014,-0.0282,0.0025,0.9801,10.7032,10.6946,
211,2,374,388,481,458,1.0003,-0.0140,0.0029,0.9812,10.2489,10.5630,
212,2,374,388,481,458,1.0034,-0.0232,0.0041,0.9831,10.3234,10.4744,
213,2,374,388,481,458,1.0017,-0.0206,0.0048,0.9882,10.3780,10.4185,
214,2,374,388,481,458,1.0045,-0.0136,0.0061,0.9926,10.1473,10.2315,
215,2,374,388,481,458,1.0081,-0.0188,0.0047,0.9897,10.4045,10.5600,
216,2,374,388,481,458,0.9998,-0.0039,0.0010,1.0086,10.2522,10.2395,
217,2,374,388,481,458,0.9957,0.0032,0.0062,1.0056,10.4284,10.1500,
218,2,375,389,481,460,0.9941,-0.0079,-0.0066,1.0170,10.9114,10.4405,
219,2,376,389,482,462,0.9971,0.0003,0.0065,1.0167,10.4283,9.6293,
220,2,376,389,482,462,0.9974,-0.0008,-0.0018,1.0071,10.5888,10.3214,
221,2,376,389,482,462,0.9969,-0.0024,-0.0056,0.9989,10.7475,10.7771,
222,2,376,389,482,462,0.9970,0.0019,-0.0012,0.9983,10.4088,10.3065,
223,2,376,389,482,462,0.9919,-0.0118,0.0022,0.9963,11.0276,10.0107,
224,2,376,389,482,462,0.9938,-0.0120,0.0005,0.9955,10.9131,10.2228,
225,2,376,389,482,462,0.9983,-0.0094,-0.0052,0.9880,10.6473,10.7662,
226,2,376,389,482,462,0.9949,-0.0233,-0.0094,0.9845,11.2507,11.0399,
227,2,376,389,482,462,0.9993,-0.0067,0.0019,1.0022,10.4297,9.9220,
228,2,376,389,482,464,0.9992,0.0076,0.0160,1.0236,9.6872,8.4260,
229,2,376,389,483,466,1.0051,0.0319,0.0290,1.0243,8.3108,7.7165,
230,2,376,389,483,466,0.9999,-0.0041,-0.0047,0.9938,10.1840,10.6197,
231,2,376,389,483,466,0.9928,-0.0024,-0.0218,0.9857,10.7597,12.0704,
232,2,376,389,483,466,0.9957,-0.0043,-0.0013,0.9998,10.5786,10.3440,
233,2,376,389,483,466,0.9996,-0.0071,0.0166,1.0207,10.4450,8.4558,
234,2,376,389,483,466,1.0006,0.0053,0.0015,1.0101,9.8570,9.6346,
235,2,376,389,483,466,0.9981,-0.0015,-0.0100,0.9849,10.1557,11.2247,
236,2,376,389,483,466,1.0028,-0.0002,-0.0033,0.9887,9.8587,10.5786,
237,2,376,389,483,466,0.9938,-0.0111,-0.0022,0.9866,10.6887,10.3491,
238,2,376,389,483,466,1.0037,0.0046,0.0068,0.9988,9.6563,9.7633,
239,2,376,389,483,466,1.0010,0.0045,-0.0103,0.9773,9.7220,11.5218,
240,2,376,389,483,466,0.9986,-0.0065,0.0064,1.0025,10.2326,9.7192,
241,2,376,389,483,466,0.9986,-0.0015,-0.0084,0.9858,10.0555,11.0880,
242,2,376,389,483,466,1.0012,-0.0015,0.0007,1.0022,9.9737,9.8491,
243,2,376,389,483,466,0.9975,-0.0031,-0.0001,0.9976,10.2385,10.1017,
244,2,376,389,483,466,1.0025,0.0005,0.0000,1.0046,9.8355,9.8481,
245,2,376,389,483,466,1.0008,-0.0012,-0.0018,1.0119,10.0222,9.5710,
246,2,377,400,486,460,0.0000,0.0000,0.0000,0.0000,0.0000,0.0000,
247,2,377,400,486,460,0.0000,0.0000,0.0000,0.0000,0.0000,0.0000,
248,2,377,400,486,460,0.0000,0.0000,0.0000,0.0000,0.0000,0.0000,
249,2,377,400,486,460,0.0000,0.0000,0.0000,0.0000,0.0000,0.0000,
250,2,377,400,486,460,0.0000,0.0000,0.0000,0.0000,0.0000,0.0000,
251,2,377,400,486,460,0.0000,0.0000,0.0000,0.0000,0.0000,0.0000,
252,2,377,400,486,460,0.0000,0.0000,0.0000,0.0000,0.0000,0.0000,
253,2,377,400,486,460,0.0000,0.0000,0.0000,0.0000,0.0000,0.0000,
254,2,377,400,486,460,0.0000,0.0000,0.0000,0.0000,0.0000,0.0000,
255,2,377,400,486,460,0.0000,0.0000,0.0000,0.0000,0.0000,0.0000,
256,2,377,400,486,460,0.0000,0.0000,0.0000,0.0000,0.0000,0.0000,
257,2,377,400,486,460,0.0000,0.0000,0.0000,0.0000,0.0000,0.0000,
258,2,377,400,486,460,0.0000,0.0000,0.0000,0.0000,0.0000,0.0000,
259,2,377,400,486,460,0.0000,0.0000,0.0000,0.0000,0.0000,0.0000,
260,2,377,400,486,460,0.0000,0.0000,0.0000,0.0000,0.0000,0.0000,
261,2,377,400,486,460,0.0000,0.0000,0.0000,0.0000,0.0000,0.0000,
262,2,377,400,486,460,0.0000,0.0000,0.0000,0.0000,0.0000,0.0000,
263,2,377,400,486,460,0.0000,0.0000,0.0000,0.0000,0.0000,0.0000,
264,2,377,400,486,460,0.0000,0.0000,0.0000,0.0000,0.0000,0.0000,
265,2,377,400,486,460,0.0000,0.0000,0.0000,0.0000,0.0000,0.0000,
266,2,377,400,486,460,0.0000,0.0000,0.0000,0.0000,0.0000,0.0000,
267,2,377,400,486,460,0.0000,0.0000,0.0000,0.0000,0.0000,0.0000,
268,2,377,400,486,460,0.0000,0.0000,0.0000,0.0000,0.0000,0.0000,
269,2,377,400,486,460,0.0000,0.0000,0.0000,0.0000,0.0000,0.0000,
270,2,377,400,486,460,0.0000,0.0000,0.0000,0.0000,0.0000,0.0000,
271,2,377,400,486,460,0.0000,0.0000,0.0000,0.0000,0.0000,0.0000,
272,2,377,400,486,460,0.0000,0.0000,0.0000,0.0000,0.0000,0.0000,
273,2,377,400,486,460,0.0000,0.0000,0.0000,0.0000,0.0000,0.0000,
274,2,377,400,486,460,0.0000,0.0000,0.0000,0.0000,0.0000,0.0000,
275,2,377,400,486,460,0.0000,0.0000,0.0000,0.0000,0.0000,0.0000,
276,2,377,400,486,460,0.0000,0.0000,0.0000,0.0000,0.0000,0.0000,
277,2,377,400,486,460,0.0000,0.0000,0.0000,0.0000,0.0000,0.0000,
278,2,377,400,486,460,0.0000,0.0000,0.0000,0.0000,0.0000,0.0000,
279,2,377,400,486,460,0.0000,0.0000,0.0000,0.0000,0.0000,0.0000,
280,2,377,400,486,460,0.0000,0.0000,0.0000,0.0000,0.0000,0.0000,
281,2,377,400,486,460,0.0000,0.0000,0.0000,0.0000,0.0000,0.0000,
282,2,377,400,486,460,0.0000,0.0000,0.0000,0.0000,0.0000,0.0000,
283,2,377,400,486,460,0.0000,0.0000,0.0000,0.0000,0.0000,0.0000,
284,2,377,400,486,460,0.0000,0.0000,0.0000,0.0000,0.0000,0.0000,
285,2,377,400,486,460,0.0000,0.0000,0.0000,0.0000,0.0000,0.0000,
286,2,377,400,486,460,0.0000,0.0000,0.0000,0.0000,0.0000,0.0000,
287,2,377,400,486,460,0.0000,0.0000,0.0000,0.0000,0.0000,0.0000,
288,2,377,400,486,460,0.0000,0.0000,0.0000,0.0000,0.0000,0.0000,
289,2,377,400,486,460,0.0000,0.0000,0.0000,0.0000,0.0000,0.0000,
290,2,377,400,486,460,0.0000,0.0000,0.0000,0.0000,0.0000,0.0000,
291,2,377,400,486,460,0.0000,0.0000,0.0000,0.0000,0.0000,0.0000,
292,2,377,400,486,460,0.0000,0.0000,0.0000,0.0000,0.0000,0.0000,
293,2,377,400,486,460,0.0000,0.0000,0.0000,0.0000,0.0000,0.0000,
294,2,377,400,486,460,0.0000,0.0000,0.0000,0.0000,0.0000,0.0000,
295,2,377,400,486,460,0.0000,0.0000,0.0000,0.0000,0.0000,0.0000,
296,2,377,400,486,460,0.0000,0.0000,0.0000,0.0000,0.0000,0.0000,
297,2,377,400,486,460,0.0000,0.0000,0.0000,0.0000,0.0000,0.0000,
298,2,377,400,486,460,0.0000,0.0000,0.0000,0.0000,0.0000,0.0000,
299,2,377,400,486,460,0.0000,0.0000,0.0000,0.0000,0.0000,0.0000,
300,2,377,400,486,460,0.0000,0.0000,0.0000,0.0000,0.0000,0.0000,
301,2,377,400,486,460,0.0000,0.0000,0.0000,0.0000,0.0000,0.0000,
302,2,377,400,486,460,0.0000,0.0000,0.0000,0.0000,0.0000,0.0000,
303,2,377,400,486,460,0.0000,0.0000,0.0000,0.0000,0.0000,0.0000,
304,2,377,400,486,460,0.0000,0.0000,0.0000,0.0000,0.0000,0.0000,
305,2,377,400,486,460,0.0000,0.0000,0.0000,0.0000,0.0000,0.0000,
306,2,377,400,486,460,0.0000,0.0000,0.0000,0.0000,0.0000,0.0000,
307,2,377,400,486,460,0.0000,0.0000,0.0000,0.0000,0.0000,0.0000,
308,2,377,400,486,460,0.0000,0.0000,0.0000,0.0000,0.0000,0.0000,
309,2,377,400,486,460,0.0000,0.0000,0.0000,0.0000,0.0000,0.0000,
310,2,377,400,486,460,0.0000,0.0000,0.0000,0.0000,0.0000,0.0000,
311,2,377,400,486,460,0.0000,0.0000,0.0000,0.0000,0.0000,0.0000,
312,2,377,400,486,460,0.0000,0.0000,0.0000,0.0000,0.0000,0.0000,
313,2,377,400,486,460,0.0000,0.0000,0.0000,0.0000,0.0000,0.0000,
314,2,377,400,486,460,0.0000,0.0000,0.0000,0.0000,0.0000,0.0000,
315,2,377,400,486,460,0.0000,0.0000,0.0000,0.0000,0.0000,0.0000,
316,2,377,400,486,460,0.0000,0.0000,0.0000,0.0000,0.0000,0.0000,
317,2,377,400,486,460,0.0000,0.0000,0.0000,0.0000,0.0000,0.0000,
318,2,377,400,486,460,0.0000,0.0000,0.0000,0.0000,0.0000,0.0000,
319,2,377,400,486,460,0.0000,0.0000,0.0000,0.0000,0.0000,0.0000,
320,2,377,400,486,460,0.0000,0.0000,0.0000,0.0000,0.0000,0.0000,
321,2,377,400,486,460,0.0000,0.0000,0.0000,0.0000,0.0000,0.0000,
322,2,377,400,486,460,0.0000,0.0000,0.0000,0.0000,0.0000,0.0000,
323,2,377,400,486,460,0.0000,0.0000,0.0000,0.0000,0.0000,0.0000,
324,2,377,400,486,460,0.0000,0.0000,0.0000,0.0000,0.0000,0.0000,
325,2,377,400,486,460,0.0000,0.0000,0.0000,0.0000,0.0000,0.0000,
326,2,377,400,486,460,0.0000,0.0000,0.0000,0.0000,0.0000,0.0000,
327,2,377,400,486,460,0.0000,0.0000,0.0000,0.0000,0.0000,0.0000,
328,2,377,400,486,460,0.0000,0.0000,0.0000,0.0000,0.0000,0.0000,
329,2,377,400,486,460,0.0000,0.0000,0.0000,0.0000,0.0000,0.0000,
330,2,377,400,486,460,0.0000,0.0000,0.0000,0.0000,0.0000,0.0000,
331,2,377,400,486,460,0.0000,0.0000,0.0000,0.0000,0.0000,0.0000,
332,2,377,400,486,460,0.0000,0.0000,0.0000,0.0000,0.0000,0.0000,
333,2,377,400,486,460,0.0000,0.0000,0.0000,0.0000,0.0000,0.0000,
334,2,377,400,486,460,0.0000,0.0000,0.0000,0.0000,0.0000,0.0000,
335,2,377,400,486,460,0.0000,0.0000,0.0000,0.0000,0.0000,0.0000,
336,2,377,400,486,460,0.0000,0.0000,0.0000,0.0000,0.0000,0.0000,
337,2,377,400,486,460,0.0000,0.0000,0.0000,0.0000,0.0000,0.0000,
338,2,377,400,486,460,0.0000,0.0000,0.0000,0.0000,0.0000,0.0000,
339,2,377,400,486,460,0.0000,0.0000,0.0000,0.0000,0.0000,0.0000,
340,2,377,400,486,460,0.0000,0.0000,0.0000,0.0000,0.0000,0.0000,
341,2,377,400,486,460,0.0000,0.0000,0.0000,0.0000,0.0000,0.0000,
342,2,377,400,486,460,0.0000,0.0000,0.0000,0.0000,0.0000,0.0000,
343,2,377,400,486,460,0.0000,0.0000,0.0000,0.0000,0.0000,0.0000,
344,2,377,400,486,460,0.0000,0.0000,0.0000,0.0000,0.0000,0.0000,
345,2,377,400,486,460,0.0000,0.0000,0.0000,0.0000,0.0000,0.0000,
346,2,377,400,486,460,0.0000,0.0000,0.0000,0.0000,0.0000,0.0000,
347,2,377,400,486,460,0.0000,0.0000,0.0000,0.0000,0.0000,0.0000,
348,2,377,400,486,460,0.0000,0.0000,0.0000,0.0000,0.0000,0.0000,
349,2,377,400,486,460,0.0000,0.0000,0.0000,0.0000,0.0000,0.0000,
350,2,377,400,486,460,0.0000,0.0000,0.0000,0.0000,0.0000,0.0000,
351,2,377,400,486,460,0.0000,0.0000,0.0000,0.0000,0.0000,0.0000,
352,2,377,400,486,460,0.0000,0.0000,0.0000,0.0000,0.0000,0.0000,
353,2,377,400,486,460,0.0000,0.0000,0.0000,0.0000,0.0000,0.0000,
354,2,377,400,486,460,0.0000,0.0000,0.0000,0.0000,0.0000,0.0000,
355,2,377,400,486,460,0.0000,0.0000,0.0000,0.0000,0.0000,0.0000,
356,2,377,400,486,460,0.0000,0.0000,0.0000,0.0000,0.0000,0.0000,
357,2,377,400,486,460,0.0000,0.0000,0.0000,0.0000,0.0000,0.0000,
358,2,377,400,486,460,0.0000,0.0000,0.0000,0.0000,0.0000,0.0000,
359,2,377,400,486,460,0.0000,0.0000,0.0000,0.0000,0.0000,0.0000,
360,2,377,400,486,460,0.0000,0.0000,0.0000,0.0000,0.0000,0.0000,
361,2,377,400,486,460,0.0000,0.0000,0.0000,0.0000,0.0000,0.0000,
362,2,377,400,486,460,0.0000,0.0000,0.0000,0.0000,0.0000,0.0000,
363,2,377,400,486,460,0.0000,0.0000,0.0000,0.0000,0.0000,0.0000,
364,2,377,400,486,460,0.0000,0.0000,0.0000,0.0000,0.0000,0.0000,
365,2,377,400,486,460,0.0000,0.0000,0.0000,0.0000,0.0000,0.0000,
366,2,377,400,486,460,0.0000,0.0000,0.0000,0.0000,0.0000,0.0000,
367,2,377,400,486,460,0.0000,0.0000,0.0000,0.0000,0.0000,0.0000,
368,2,377,400,486,460,0.0000,0.0000,0.0000,0.0000,0.0000,0.0000,
369,2,377,400,486,460,0.0000,0.0000,0.0000,0.0000,0.0000,0.0000,
370,2,377,400,486,460,0.0000,0.0000,0.0000,0.0000,0.0000,0.0000,
371,2,377,400,486,460,0.0000,0.0000,0.0000,0.0000,0.0000,0.0000,
372,2,377,400,486,460,0.0000,0.0000,0.0000,0.0000,0.0000,0.0000,
373,2,377,400,486,460,0.0000,0.0000,0.0000,0.0000,0.0000,0.0000,
374,2,377,400,486,460,0.0000,0.0000,0.0000,0.0000,0.0000,0.0000,
375,2,377,400,486,460,0.0000,0.0000,0.0000,0.0000,0.0000,0.0000,
376,2,377,400,486,460,0.0000,0.0000,0.0000,0.0000,0.0000,0.0000,
377,2,377,400,486,460,0.0000,0.0000,0.0000,0.0000,0.0000,0.0000,
378,2,377,400,486,460,0.0000,0.0000,0.0000,0.0000,0.0000,0.0000,
379,2,377,400,486,460,0.0000,0.0000,0.0000,0.0000,0.0000,0.0000,
380,2,377,400,486,460,0.0000,0.0000,0.0000,0.0000,0.0000,0.0000,
381,2,377,400,486,460,0.0000,0.0000,0.0000,0.0000,0.0000,0.0000,
382,2,377,400,486,460,0.0000,0.0000,0.0000,0.0000,0.0000,0.0000,
383,2,377,400,486,460,0.0000,0.0000,0.0000,0.0000,0.0000,0.0000,
384,2,377,400,486,460,0.0000,0.0000,0.0000,0.0000,0.0000,0.0000,
385,2,377,400,486,460,0.0000,0.0000,0.0000,0.0000,0.0000,0.0000,
386,2,377,400,486,460,0.0000,0.0000,0.0000,0.0000,0.0000,0.0000,
387,2,377,400,486,460,0.0000,0.0000,0.0000,0.0000,0.0000,0.0000,
388,2,377,400,486,460,0.0000,0.0000,0.0000,0.0000,0.0000,0.0000,
389,2,377,400,486,460,0.0000,0.0000,0.0000,0.0000,0.0000,0.0000,
390,2,377,400,486,460,0.0000,0.0000,0.0000,0.0000,0.0000,0.0000,
391,2,377,400,486,460,0.0000,0.0000,0.0000,0.0000,0.0000,0.0000,
392,2,377,400,486,460,0.0000,0.0000,0.0000,0.0000,0.0000,0.0000,
393,2,377,400,486,460,0.0000,0.0000,0.0000,0.0000,0.0000,0.0000,
394,2,377,400,486,460,0.0000,0.0000,0.0000,0.0000,0.0000,0.0000,
395,2,377,400,486,460,0.0000,0.0000,0.0000,0.0000,0.0000,0.0000,
396,2,377,400,486,460,0.0000,0.0000,0.0000,0.0000,0.0000,0.0000,
397,2,377,400,486,460,0.0000,0.0000,0.0000,0.0000,0.0000,0.0000,
398,2,377,400,486,460,0.0000,0.0000,0.0000,0.0000,0.0000,0.0000,
399,2,377,400,486,460,0.0000,0.0000,0.0000,0.0000,0.0000,0.0000,
400,2,377,400,486,460,0.0000,0.0000,0.0000,0.0000,0.0000,0.0000,
401,2,377,400,486,460,0.0000,0.0000,0.0000,0.0000,0.0000,0.0000,
402,2,377,400,486,460,0.0000,0.0000,0.0000,0.0000,0.0000,0.0000,
403,2,377,400,486,460,0.0000,0.0000,0.0000,0.0000,0.0000,0.0000,
404,2,377,400,486,460,0.0000,0.0000,0.0000,0.0000,0.0000,0.0000,
405,2,377,400,486,460,0.0000,0.0000,0.0000,0.0000,0.0000,0.0000,
406,2,377,400,486,460,0.0000,0.0000,0.0000,0.0000,0.0000,0.0000,
407,2,377,400,486,460,0.0000,0.0000,0.0000,0.0000,0.0000,0.0000,
408,2,377,400,486,460,0.0000,0.0000,0.0000,0.0000,0.0000,0.0000,
409,2,377,400,486,460,0.0000,0.0000,0.0000,0.0000,0.0000,0.0000,
410,2,377,400,486,460,0.0000,0.0000,0.0000,0.0000,0.0000,0.0000,
411,2,377,400,486,460,0.0000,0.0000,0.0000,0.0000,0.0000,0.0000,
412,2,377,400,486,460,0.0000,0.0000,0.0000,0.0000,0.0000,0.0000,
413,2,377,400,486,460,0.0000,0.0000,0.0000,0.0000,0.0000,0.0000,
414,2,377,400,486,460,0.0000,0.0000,0.0000,0.0000,0.0000,0.0000,
415,2,377,400,486,460,0.0000,0.0000,0.0000,0.0000,0.0000,0.0000,
416,2,377,400,486,460,0.0000,0.0000,0.0000,0.0000,0.0000,0.0000,
417,2,377,400,486,460,0.0000,0.0000,0.0000,0.0000,0.0000,0.0000,
418,2,377,400,486,460,0.0000,0.0000,0.0000,0.0000,0.0000,0.0000,
419,2,377,400,486,460,0.0000,0.0000,0.0000,0.0000,0.0000,0.0000,
420,2,377,400,486,460,0.0000,0.0000,0.0000,0.0000,0.0000,0.0000,
421,2,377,400,486,460,0.0000,0.0000,0.0000,0.0000,0.0000,0.0000,
422,2,377,400,486,460,0.0000,0.0000,0.0000,0.0000,0.0000,0.0000,
423,2,377,400,486,460,0.0000,0.0000,0.0000,0.0000,0.0000,0.0000,
424,2,377,400,486,460,0.0000,0.0000,0.0000,0.0000,0.0000,0.0000,
425,2,377,400,486,460,0.0000,0.0000,0.0000,0.0000,0.0000,0.0000,
426,2,377,400,486,460,0.0000,0.0000,0.0000,0.0000,0.0000,0.0000,
427,2,377,400,486,460,0.0000,0.0000,0.0000,0.0000,0.0000,0.0000,
428,2,377,400,486,460,0.0000,0.0000,0.0000,0.0000,0.0000,0.0000,
429,2,377,400,486,460,0.0000,0.0000,0.0000,0.0000,0.0000,0.0000,
430,2,377,400,486,460,0.0000,0.0000,0.0000,0.0000,0.0000,0.0000,
431,2,377,400,486,460,0.0000,0.0000,0.0000,0.0000,0.0000,0.0000,
432,2,377,400,486,460,0.0000,0.0000,0.0000,0.0000,0.0000,0.0000,
433,2,377,400,486,460,0.0000,0.0000,0.0000,0.0000,0.0000,0.0000,
434,2,377,400,486,460,0.0000,0.0000,0.0000,0.0000,0.0000,0.0000,
435,2,377,400,486,460,0.0000,0.0000,0.0000,0.0000,0.0000,0.0000,
436,2,377,400,486,460,0.0000,0.0000,0.0000,0.0000,0.0000,0.0000,
437,2,377,400,486,460,0.0000,0.0000,0.0000,0.0000,0.0000,0.0000,
438,2,377,400,486,460,0.0000,0.0000,0.0000,0.0000,0.0000,0.0000,
439,2,377,400,486,460,0.0000,0.0000,0.0000,0.0000,0.0000,0.0000,
440,2,377,400,486,460,0.0000,0.0000,0.0000,0.0000,0.0000,0.0000,
441,2,377,400,486,460,0.0000,0.0000,0.0000,0.0000,0.0000,0.0000,
442,2,377,400,486,460,0.0000,0.0000,0.0000,0.0000,0.0000,0.0000,
443,2,377,400,486,460,0.0000,0.0000,0.0000,0.0000,0.0000,0.0000,
444,2,377,400,486,460,0.0000,0.0000,0.0000,0.0000,0.0000,0.0000,
445,2,377,400,486,460,0.0000,0.0000,0.0000,0.0000,0.0000,0.0000,
446,2,377,400,486,460,0.0000,0.0000,0.0000,0.0000,0.0000,0.0000,
447,2,377,400,486,460,0.0000,0.0000,0.0000,0.0000,0.0000,0.0000,
448,2,377,400,486,460,0.0000,0.0000,0.0000,0.0000,0.0000,0.0000,
449,2,377,400,486,460,0.0000,0.0000,0.0000,0.0000,0.0000,0.0000,
450,2,377,400,486,460,0.0000,0.0000,0.0000,0.0000,0.0000,0.0000,
451,2,377,400,486,460,0.0000,0.0000,0.0000,0.0000,0.0000,0.0000,
452,2,377,400,486,460,0.0000,0.0000,0.0000,0.0000,0.0000,0.0000,
453,2,377,400,486,460,0.0000,0.0000,0.0000,0.0000,0.0000,0.0000,
454,2,377,400,486,460,0.0000,0.0000,0.0000,0.0000,0.0000,0.0000,
455,2,377,400,486,460,0.0000,0.0000,0.0000,0.0000,0.0000,0.0000,
456,2,377,400,486,460,0.0000,0.0000,0.0000,0.0000,0.0000,0.0000,
457,2,377,400,486,460,0.0000,0.0000,0.0000,0.0000,0.0000,0.0000,
458,2,377,400,486,460,0.0000,0.0000,0.0000,0.0000,0.0000,0.0000,
459,2,377,400,486,460,0.0000,0.0000,0.0000,0.0000,0.0000,0.0000,
460,2,377,400,486,460,0.0000,0.0000,0.0000,0.0000,0.0000,0.0000,
461,2,377,400,486,460,0.0000,0.0000,0.0000,0.0000,0.0000,0.0000,
462,2,377,400,486,460,0.0000,0.0000,0.0000,0.0000,0.0000,0.0000,
463,2,377,400,486,460,0.0000,0.0000,0.0000,0.0000,0.0000,0.0000,
464,2,377,400,486,460,0.0000,0.0000,0.0000,0.0000,0.0000,0.0000,
465,2,377,400,486,460,0.0000,0.0000,0.0000,0.0000,0.0000,0.0000,
466,2,377,400,486,460,0.0000,0.0000,0.0000,0.0000,0.0000,0.0000,
467,2,377,400,486,460,0.0000,0.0000,0.0000,0.0000,0.0000,0.0000,
468,2,377,400,486,460,0.0000,0.0000,0.0000,0.0000,0.0000,0.0000,
469,2,377,400,486,460,0.0000,0.0000,0.0000,0.0000,0.0000,0.0000,
470,2,377,400,486,460,0.0000,0.0000,0.0000,0.0000,0.0000,0.0000,
471,2,377,400,486,460,0.0000,0.0000,0.0000,0.0000,0.0000,0.0000,
472,2,377,400,486,460,0.0000,0.0000,0.0000,0.0000,0.0000,0.0000,
473,2,377,400,486,460,0.0000,0.0000,0.0000,0.0000,0.0000,0.0000,
474,2,377,400,486,460,0.0000,0.0000,0.0000,0.0000,0.0000,0.0000,
475,2,377,400,486,460,0.0000,0.0000,0.0000,0.0000,0.0000,0.0000,
476,2,377,400,486,460,0.0000,0.0000,0.0000,0.0000,0.0000,0.0000,
477,2,377,400,486,460,0.0000,0.0000,0.0000,0.0000,0.0000,0.0000,
478,2,377,400,486,460,0.0000,0.0000,0.0000,0.0000,0.0000,0.0000,
479,2,377,400,486,460,0.0000,0.0000,0.0000,0.0000,0.0000,0.0000,
480,2,377,400,486,460,0.0000,0.0000,0.0000,0.0000,0.0000,0.0000,
481,2,377,400,486,460,0.0000,0.0000,0.0000,0.0000,0.0000,0.0000,
482,2,377,400,486,460,0.0000,0.0000,0.0000,0.0000,0.0000,0.0000,
483,2,377,400,486,460,0.0000,0.0000,0.0000,0.0000,0.0000,0.0000,
484,2,377,400,486,460,0.0000,0.0000,0.0000,0.0000,0.0000,0.0000,
485,2,377,400,486,460,0.0000,0.0000,0.0000,0.0000,0.0000,0.0000,
486,2,377,400,486,460,0.0000,0.0000,0.0000,0.0000,0.0000,0.0000,
487,2,377,400,486,460,0.0000,0.0000,0.0000,0.0000,0.0000,0.0000,
488,2,377,400,486,460,0.0000,0.0000,0.0000,0.0000,0.0000,0.0000,
489,2,377,400,486,460,0.0000,0.0000,0.0000,0.0000,0.0000,0.0000,
