1,1,278,352,388,401,0.0000,0.0000,0.0000,0.0000,0.0000,0.0000,
2,1,278,352,388,401,0.0000,0.0000,0.0000,0.0000,0.0000,0.0000,
3,1,278,352,388,401,0.0000,0.0000,0.0000,0.0000,0.0000,0.0000,
4,1,278,352,388,401,0.0000,0.0000,0.0000,0.0000,0.0000,0.0000,
5,1,278,352,388,401,0.0000,0.0000,0.0000,0.0000,0.0000,0.0000,
6,1,278,352,388,401,0.0000,0.0000,0.0000,0.0000,0.0000,0.0000,
7,1,278,352,388,401,0.0000,0.0000,0.0000,0.0000,0.0000,0.0000,
8,1,278,352,388,401,0.0000,0.0000,0.0000,0.0000,0.0000,0.0000,
9,1,278,352,388,401,0.0000,0.0000,0.0000,0.0000,0.0000,0.0000,
10,1,278,352,388,401,0.0000,0.0000,0.0000,0.0000,0.0000,0.0000,
11,1,278,352,388,401,0.0000,0.0000,0.0000,0.0000,0.0000,0.0000,
12,1,278,352,388,401,0.0000,0.0000,0.0000,0.0000,0.0000,0.0000,
13,1,278,352,388,401,0.0000,0.0000,0.0000,0.0000,0.0000,0.0000,
14,1,278,352,388,401,0.0000,0.0000,0.0000,0.0000,0.0000,0.0000,
15,1,278,352,388,401,0.0000,0.0000,0.0000,0.0000,0.0000,0.0000,
16,1,278,352,388,401,0.0000,0.0000,0.0000,0.0000,0.0000,0.0000,
17,1,278,352,388,401,0.0000,0.0000,0.0000,0.0000,0.0000,0.0000,
18,1,278,352,388,401,0.0000,0.0000,0.0000,0.0000,0.0000,0.0000,
19,1,278,352,388,401,0.0000,0.0000,0.0000,0.0000,0.0000,0.0000,
20,1,278,352,388,401,0.0000,0.0000,0.0000,0.0000,0.0000,0.0000,
21,1,278,352,388,401,0.0000,0.0000,0.0000,0.0000,0.0000,0.0000,
22,1,278,352,388,401,0.0000,0.0000,0.0000,0.0000,0.0000,0.0000,
23,1,278,352,388,401,0.0000,0.0000,0.0000,0.0000,0.0000,0.0000,
24,1,278,352,388,401,0.0000,0.0000,0.0000,0.0000,0.0000,0.0000,
25,1,278,352,388,401,0.0000,0.0000,0.0000,0.0000,0.0000,0.0000,
26,1,278,352,388,401,0.0000,0.0000,0.0000,0.0000,0.0000,0.0000,
27,1,278,352,388,401,0.0000,0.0000,0.0000,0.0000,0.0000,0.0000,
28,1,278,352,388,401,0.0000,0.0000,0.0000,0.0000,0.0000,0.0000,
29,1,278,352,388,401,0.0000,0.0000,0.0000,0.0000,0.0000,0.0000,
30,1,278,352,388,401,0.0000,0.0000,0.0000,0.0000,0.0000,0.0000,
31,1,278,352,388,401,0.0000,0.0000,0.0000,0.0000,0.0000,0.0000,
32,1,278,352,388,401,0.0000,0.0000,0.0000,0.0000,0.0000,0.0000,
33,1,278,352,388,401,0.0000,0.0000,0.0000,0.0000,0.0000,0.0000,
34,1,278,352,388,401,0.0000,0.0000,0.0000,0.0000,0.0000,0.0000,
35,1,278,352,388,401,0.0000,0.0000,0.0000,0.0000,0.0000,0.0000,
36,1,278,352,388,401,0.0000,0.0000,0.0000,0.0000,0.0000,0.0000,
37,1,278,352,388,401,0.0000,0.0000,0.0000,0.0000,0.0000,0.0000,
38,1,278,352,388,401,0.0000,0.0000,0.0000,0.0000,0.0000,0.0000,
39,1,278,352,388,401,0.0000,0.0000,0.0000,0.0000,0.0000,0.0000,
40,1,278,352,388,401,0.0000,0.0000,0.0000,0.0000,0.0000,0.0000,
41,1,278,352,388,401,0.0000,0.0000,0.0000,0.0000,0.0000,0.0000,
42,1,278,352,388,401,0.0000,0.0000,0.0000,0.0000,0.0000,0.0000,
43,1,278,352,388,401,0.0000,0.0000,0.0000,0.0000,0.0000,0.0000,
44,1,278,352,388,401,0.0000,0.0000,0.0000,0.0000,0.0000,0.0000,
45,1,278,352,388,401,0.0000,0.0000,0.0000,0.0000,0.0000,0.0000,
46,1,278,352,388,401,0.0000,0.0000,0.0000,0.0000,0.0000,0.0000,
47,1,278,352,388,401,0.0000,0.0000,0.0000,0.0000,0.0000,0.0000,
48,1,278,352,388,401,0.0000,0.0000,0.0000,0.0000,0.0000,0.0000,
49,1,278,352,388,401,0.0000,0.0000,0.0000,0.0000,0.0000,0.0000,
50,1,278,352,388,401,0.0000,0.0000,0.0000,0.0000,0.0000,0.0000,
51,1,278,352,388,401,0.0000,0.0000,0.0000,0.0000,0.0000,0.0000,
52,1,278,352,388,401,0.0000,0.0000,0.0000,0.0000,0.0000,0.0000,
53,1,278,352,388,401,0.0000,0.0000,0.0000,0.0000,0.0000,0.0000,
54,1,278,352,388,401,0.0000,0.0000,0.0000,0.0000,0.0000,0.0000,
55,1,278,352,388,401,0.0000,0.0000,0.0000,0.0000,0.0000,0.0000,
56,1,278,352,388,401,0.0000,0.0000,0.0000,0.0000,0.0000,0.0000,
57,1,278,352,388,401,0.0000,0.0000,0.0000,0.0000,0.0000,0.0000,
58,1,278,352,388,401,0.0000,0.0000,0.0000,0.0000,0.0000,0.0000,
59,1,278,352,388,401,0.0000,0.0000,0.0000,0.0000,0.0000,0.0000,
60,1,278,352,388,401,0.0000,0.0000,0.0000,0.0000,0.0000,0.0000,
61,1,278,352,388,401,0.0000,0.0000,0.0000,0.0000,0.0000,0.0000,
62,1,278,352,388,401,0.0000,0.0000,0.0000,0.0000,0.0000,0.0000,
63,1,278,352,388,401,0.0000,0.0000,0.0000,0.0000,0.0000,0.0000,
64,1,278,352,388,401,0.0000,0.0000,0.0000,0.0000,0.0000,0.0000,
65,1,278,352,388,401,0.0000,0.0000,0.0000,0.0000,0.0000,0.0000,
66,1,278,352,388,401,0.0000,0.0000,0.0000,0.0000,0.0000,0.0000,
67,1,278,352,388,401,0.0000,0.0000,0.0000,0.0000,0.0000,0.0000,
68,1,278,352,388,401,0.0000,0.0000,0.0000,0.0000,0.0000,0.0000,
69,1,278,352,388,401,0.0000,0.0000,0.0000,0.0000,0.0000,0.0000,
70,1,278,352,388,401,0.0000,0.0000,0.0000,0.0000,0.0000,0.0000,
71,1,279,357,384,402,1.0000,-0.0000,0.0000,1.0000,10.0001,10.0000,
72,1,279,357,384,402,1.0005,-0.0051,0.0017,0.9995,10.0599,9.9258,
73,1,279,357,384,402,1.0008,-0.0032,0.0022,1.0025,10.0880,9.8047,
74,1,279,357,384,402,1.0009,-0.0062,-0.0022,0.9983,10.2302,10.1118,
75,1,279,357,384,402,0.9955,-0.0117,-0.0096,1.0064,10.8941,10.2452,
76,1,281,357,385,403,0.9923,-0.0195,-0.0077,1.0240,11.4582,9.7419,
77,1,281,357,385,403,1.0026,-0.0149,-0.0093,0.9972,10.7134,10.2455,
78,1,281,357,385,403,0.9983,-0.0033,-0.0188,1.0033,10.5769,10.6495,
79,1,281,357,385,403,0.9921,-0.0111,-0.0058,1.0245,10.9442,9.6179,
80,1,281,357,385,403,1.0046,0.0283,-0.0102,0.9957,9.3220,10.4376,
81,1,281,357,385,403,1.0062,0.0016,-0.0175,1.0028,10.0418,10.4463,
82,1,281,357,385,403,0.9980,0.0161,-0.0167,0.9963,9.6522,10.6546,
83,1,281,357,385,403,0.9986,0.0051,-0.0085,1.0078,9.9803,9.9661,
84,1,281,357,385,403,1.0018,0.0200,-0.0083,0.9964,9.7576,10.3645,
85,1,281,357,385,403,0.9975,-0.0171,-0.0025,1.0188,11.3862,9.5288,
86,1,283,356,386,404,0.9933,-0.0377,0.0068,1.0333,12.3316,8.3087,
87,1,285,354,386,406,0.9803,-0.0697,0.0235,1.0733,13.5478,6.5930,
88,1,286,352,388,407,1.0067,-0.0140,0.0087,1.0458,11.1267,7.4281,
89,1,288,350,390,407,0.9979,-0.0027,0.0193,1.0352,11.3133,6.8010,
90,1,289,349,393,405,1.0197,0.0162,0.0072,0.9799,10.2275,8.0909,
91,1,291,348,396,402,1.0011,-0.0041,0.0238,0.9745,12.0679,6.9039,
92,1,294,347,400,398,1.0135,0.0068,0.0342,0.9465,12.0136,6.6644,
93,1,298,345,404,397,1.0039,-0.0669,0.0281,1.0185,14.9228,5.9579,
94,1,302,342,407,398,0.9941,-0.1483,0.0137,1.0761,17.4497,6.0961,
95,1,305,341,413,398,1.0223,-0.0929,-0.0105,1.0183,15.6115,9.1146,
96,1,309,341,418,398,1.0146,-0.1474,-0.0070,1.0087,17.6002,9.8292,
97,1,310,342,425,398,1.0548,-0.1414,-0.0190,0.9747,14.6092,11.5286,
98,1,312,344,431,397,1.0343,-0.2050,-0.0148,0.9494,17.6727,12.5174,
99,1,346,335,455,391,1.1286,-0.2182,0.0066,0.9243,14.2281,12.4566,
100,1,357,338,465,393,0.9952,0.2839,-0.0383,0.9846,12.1124,14.4070,
101,1,367,342,477,394,0.9938,0.2145,-0.0364,1.0421,14.5442,13.1955,
102,1,377,344,487,397,0.9969,0.1100,-0.0150,1.0199,16.8349,12.4155,
103,1,380,346,499,403,0.7074,1.3824,-0.0007,0.8947,15.2407,13.1984,
104,1,388,349,510,405,1.0241,0.1832,-0.0085,0.9919,12.1398,12.7814,
105,1,400,348,510,405,1.0304,0.1622,-0.0153,0.9973,12.2642,13.2108,
106,1,410,348,513,411,0.9400,0.0531,-0.0148,1.1070,17.9826,10.3578,
107,1,418,349,517,416,0.9645,0.0647,-0.0126,1.0717,15.2735,10.9400,
108,1,425,350,523,420,0.9856,0.1242,0.0070,1.0522,12.4375,9.9160,
109,1,431,351,528,424,0.9879,0.1239,-0.0030,1.0341,11.0684,10.9477,
110,1,435,352,535,428,1.0246,0.1381,-0.0045,1.0458,8.6450,10.6767,
111,1,440,353,538,432,0.9775,0.1252,-0.0045,1.0360,9.8859,10.7824,
112,1,444,354,541,437,0.9938,0.0881,-0.0070,1.0506,9.9663,10.8232,
113,1,444,362,558,430,0.9976,0.0696,0.0025,1.0292,9.7415,10.7491,
114,1,446,367,562,434,0.9599,0.1052,-0.0210,1.0729,10.4465,10.5991,
115,1,444,364,566,433,0.9912,0.0375,-0.0078,1.0302,11.1556,11.3340,
116,1,444,367,564,437,0.9961,0.0188,0.0139,1.0091,11.1849,10.2868,
117,1,453,370,572,443,0.9801,0.0832,-0.0435,1.0054,12.4218,16.4994,
118,1,450,373,575,442,1.0001,0.0001,-0.0001,1.0002,9.9918,9.9911,
119,1,451,375,575,444,0.9876,0.0143,0.0198,1.0080,10.3097,9.8976,
120,1,451,376,576,446,1.0075,-0.0228,0.0116,1.0138,10.6525,10.2240,
121,1,451,378,577,446,1.0029,-0.0054,-0.0029,0.9804,10.0494,11.2418,
122,1,451,378,577,446,1.0002,-0.0102,-0.0037,0.9988,10.5637,10.4209,
123,1,451,378,577,446,1.0041,-0.0147,0.0033,0.9893,10.4149,10.2569,
124,1,451,378,577,446,0.9913,0.0181,0.0006,0.9964,10.1818,10.2264,
125,1,451,378,577,446,0.9949,0.0031,0.0036,0.9888,10.2606,10.3432,
126,1,451,378,577,446,0.9909,0.0316,-0.0005,0.9923,9.0623,10.4553,
127,1,451,378,577,446,1.0059,-0.0282,0.0009,0.9765,10.3409,10.9256,
128,1,451,378,577,446,0.9983,0.0063,-0.0018,0.9965,9.8817,10.3314,
129,1,451,378,577,446,1.0023,-0.0061,-0.0097,0.9961,10.1553,10.8443,
130,1,451,378,577,446,1.0001,-0.0026,-0.0045,1.0007,10.1626,10.3443,
131,1,451,378,577,446,0.9968,0.0037,-0.0031,0.9992,10.0592,10.2793,
132,1,451,378,577,446,0.9988,0.0013,-0.0018,0.9977,10.0929,10.3920,
133,1,451,378,577,446,1.0003,-0.0086,-0.0039,0.9971,10.3366,10.3689,
134,1,451,378,577,446,1.0043,0.0154,-0.0049,0.9799,9.2461,11.0187,
135,1,451,378,577,446,0.9895,0.0044,0.0046,0.9987,10.0913,9.8357,
136,1,451,378,577,446,0.9926,0.0207,-0.0092,0.9957,9.3786,10.9479,
137,1,451,378,577,446,1.0003,0.0018,0.0118,0.9881,9.7416,9.6712,
138,1,451,378,577,446,0.9918,0.0180,-0.0075,1.0057,9.8185,10.4080,
139,1,451,378,577,446,1.0039,-0.0029,0.0025,0.9913,9.7340,10.1562,
140,1,451,378,577,446,0.9992,0.0107,0.0003,0.9934,9.7565,10.3637,
141,1,450,384,570,440,0.0000,0.0000,0.0000,0.0000,0.0000,0.0000,
142,1,450,384,570,440,0.0000,0.0000,0.0000,0.0000,0.0000,0.0000,
143,1,450,384,570,440,0.0000,0.0000,0.0000,0.0000,0.0000,0.0000,
144,1,450,384,570,440,0.0000,0.0000,0.0000,0.0000,0.0000,0.0000,
145,1,450,384,570,440,0.0000,0.0000,0.0000,0.0000,0.0000,0.0000,
146,1,450,384,570,440,0.0000,0.0000,0.0000,0.0000,0.0000,0.0000,
147,1,450,384,570,440,0.0000,0.0000,0.0000,0.0000,0.0000,0.0000,
148,1,450,384,570,440,0.0000,0.0000,0.0000,0.0000,0.0000,0.0000,
149,1,450,384,570,440,0.0000,0.0000,0.0000,0.0000,0.0000,0.0000,
150,1,450,384,570,440,0.0000,0.0000,0.0000,0.0000,0.0000,0.0000,
151,1,450,384,570,440,0.0000,0.0000,0.0000,0.0000,0.0000,0.0000,
152,1,450,384,570,440,0.0000,0.0000,0.0000,0.0000,0.0000,0.0000,
153,1,450,384,570,440,0.0000,0.0000,0.0000,0.0000,0.0000,0.0000,
154,1,450,384,570,440,0.0000,0.0000,0.0000,0.0000,0.0000,0.0000,
155,1,450,384,570,440,0.0000,0.0000,0.0000,0.0000,0.0000,0.0000,
156,1,450,384,570,440,0.0000,0.0000,0.0000,0.0000,0.0000,0.0000,
157,1,450,384,570,440,0.0000,0.0000,0.0000,0.0000,0.0000,0.0000,
158,1,450,384,570,440,0.0000,0.0000,0.0000,0.0000,0.0000,0.0000,
159,1,450,384,570,440,0.0000,0.0000,0.0000,0.0000,0.0000,0.0000,
160,1,450,384,570,440,0.0000,0.0000,0.0000,0.0000,0.0000,0.0000,
161,1,450,384,570,440,0.0000,0.0000,0.0000,0.0000,0.0000,0.0000,
162,1,450,384,570,440,0.0000,0.0000,0.0000,0.0000,0.0000,0.0000,
163,1,450,384,570,440,0.0000,0.0000,0.0000,0.0000,0.0000,0.0000,
164,1,450,384,570,440,0.0000,0.0000,0.0000,0.0000,0.0000,0.0000,
165,1,450,384,570,440,0.0000,0.0000,0.0000,0.0000,0.0000,0.0000,
166,1,450,384,570,440,0.0000,0.0000,0.0000,0.0000,0.0000,0.0000,
167,1,450,384,570,440,0.0000,0.0000,0.0000,0.0000,0.0000,0.0000,
168,1,450,384,570,440,0.0000,0.0000,0.0000,0.0000,0.0000,0.0000,
169,1,450,384,570,440,0.0000,0.0000,0.0000,0.0000,0.0000,0.0000,
170,1,450,384,570,440,0.0000,0.0000,0.0000,0.0000,0.0000,0.0000,
171,1,450,384,570,440,0.0000,0.0000,0.0000,0.0000,0.0000,0.0000,
172,1,450,384,570,440,0.0000,0.0000,0.0000,0.0000,0.0000,0.0000,
173,1,450,384,570,440,0.0000,0.0000,0.0000,0.0000,0.0000,0.0000,
174,1,450,384,570,440,0.0000,0.0000,0.0000,0.0000,0.0000,0.0000,
175,1,450,384,570,440,0.0000,0.0000,0.0000,0.0000,0.0000,0.0000,
176,1,450,384,570,440,0.0000,0.0000,0.0000,0.0000,0.0000,0.0000,
177,1,450,384,570,440,0.0000,0.0000,0.0000,0.0000,0.0000,0.0000,
178,1,450,384,570,440,0.0000,0.0000,0.0000,0.0000,0.0000,0.0000,
179,1,450,384,570,440,0.0000,0.0000,0.0000,0.0000,0.0000,0.0000,
180,1,450,384,570,440,0.0000,0.0000,0.0000,0.0000,0.0000,0.0000,
181,1,450,384,570,440,0.0000,0.0000,0.0000,0.0000,0.0000,0.0000,
182,1,450,384,570,440,0.0000,0.0000,0.0000,0.0000,0.0000,0.0000,
183,1,450,384,570,440,0.0000,0.0000,0.0000,0.0000,0.0000,0.0000,
184,1,450,384,570,440,0.0000,0.0000,0.0000,0.0000,0.0000,0.0000,
185,1,450,384,570,440,0.0000,0.0000,0.0000,0.0000,0.0000,0.0000,
186,1,450,384,570,440,0.0000,0.0000,0.0000,0.0000,0.0000,0.0000,
187,1,450,384,570,440,0.0000,0.0000,0.0000,0.0000,0.0000,0.0000,
188,1,450,384,570,440,0.0000,0.0000,0.0000,0.0000,0.0000,0.0000,
189,1,450,384,570,440,0.0000,0.0000,0.0000,0.0000,0.0000,0.0000,
190,1,450,384,570,440,0.0000,0.0000,0.0000,0.0000,0.0000,0.0000,
191,1,450,384,570,440,0.0000,0.0000,0.0000,0.0000,0.0000,0.0000,
192,1,450,384,570,440,0.0000,0.0000,0.0000,0.0000,0.0000,0.0000,
193,1,450,384,570,440,0.0000,0.0000,0.0000,0.0000,0.0000,0.0000,
194,1,450,384,570,440,0.0000,0.0000,0.0000,0.0000,0.0000,0.0000,
195,1,450,384,570,440,0.0000,0.0000,0.0000,0.0000,0.0000,0.0000,
196,1,450,384,570,440,0.0000,0.0000,0.0000,0.0000,0.0000,0.0000,
197,1,450,384,570,440,0.0000,0.0000,0.0000,0.0000,0.0000,0.0000,
198,1,450,384,570,440,0.0000,0.0000,0.0000,0.0000,0.0000,0.0000,
199,1,450,384,570,440,0.0000,0.0000,0.0000,0.0000,0.0000,0.0000,
200,1,450,384,570,440,0.0000,0.0000,0.0000,0.0000,0.0000,0.0000,
201,1,450,384,570,440,0.0000,0.0000,0.0000,0.0000,0.0000,0.0000,
202,1,450,384,570,440,0.0000,0.0000,0.0000,0.0000,0.0000,0.0000,
203,1,450,384,570,440,0.0000,0.0000,0.0000,0.0000,0.0000,0.0000,
204,1,450,384,570,440,0.0000,0.0000,0.0000,0.0000,0.0000,0.0000,
205,1,450,384,570,440,0.0000,0.0000,0.0000,0.0000,0.0000,0.0000,
206,1,450,384,570,440,0.0000,0.0000,0.0000,0.0000,0.0000,0.0000,
207,1,450,384,570,440,0.0000,0.0000,0.0000,0.0000,0.0000,0.0000,
208,1,450,384,570,440,0.0000,0.0000,0.0000,0.0000,0.0000,0.0000,
209,1,450,384,570,440,0.0000,0.0000,0.0000,0.0000,0.0000,0.0000,
210,1,450,384,570,440,0.0000,0.0000,0.0000,0.0000,0.0000,0.0000,
211,1,450,384,570,440,0.0000,0.0000,0.0000,0.0000,0.0000,0.0000,
212,1,450,384,570,440,0.0000,0.0000,0.0000,0.0000,0.0000,0.0000,
213,1,450,384,570,440,0.0000,0.0000,0.0000,0.0000,0.0000,0.0000,
214,1,450,384,570,440,0.0000,0.0000,0.0000,0.0000,0.0000,0.0000,
215,1,450,384,570,440,0.0000,0.0000,0.0000,0.0000,0.0000,0.0000,
216,1,450,384,570,440,0.0000,0.0000,0.0000,0.0000,0.0000,0.0000,
217,1,450,384,570,440,0.0000,0.0000,0.0000,0.0000,0.0000,0.0000,
218,1,450,384,570,440,0.0000,0.0000,0.0000,0.0000,0.0000,0.0000,
219,1,450,384,570,440,0.0000,0.0000,0.0000,0.0000,0.0000,0.0000,
220,1,450,384,570,440,0.0000,0.0000,0.0000,0.0000,0.0000,0.0000,
221,1,450,384,570,440,0.0000,0.0000,0.0000,0.0000,0.0000,0.0000,
222,1,450,384,570,440,0.0000,0.0000,0.0000,0.0000,0.0000,0.0000,
223,1,450,384,570,440,0.0000,0.0000,0.0000,0.0000,0.0000,0.0000,
224,1,450,384,570,440,0.0000,0.0000,0.0000,0.0000,0.0000,0.0000,
225,1,450,384,570,440,0.0000,0.0000,0.0000,0.0000,0.0000,0.0000,
226,1,450,384,570,440,0.0000,0.0000,0.0000,0.0000,0.0000,0.0000,
227,1,450,384,570,440,0.0000,0.0000,0.0000,0.0000,0.0000,0.0000,
228,1,450,384,570,440,0.0000,0.0000,0.0000,0.0000,0.0000,0.0000,
229,1,450,384,570,440,0.0000,0.0000,0.0000,0.0000,0.0000,0.0000,
230,1,450,384,570,440,0.0000,0.0000,0.0000,0.0000,0.0000,0.0000,
231,1,450,384,570,440,0.0000,0.0000,0.0000,0.0000,0.0000,0.0000,
232,1,450,384,570,440,0.0000,0.0000,0.0000,0.0000,0.0000,0.0000,
233,1,450,384,570,440,0.0000,0.0000,0.0000,0.0000,0.0000,0.0000,
234,1,450,384,570,440,0.0000,0.0000,0.0000,0.0000,0.0000,0.0000,
235,1,450,384,570,440,0.0000,0.0000,0.0000,0.0000,0.0000,0.0000,
236,1,450,384,570,440,0.0000,0.0000,0.0000,0.0000,0.0000,0.0000,
237,1,450,384,570,440,0.0000,0.0000,0.0000,0.0000,0.0000,0.0000,
238,1,450,384,570,440,0.0000,0.0000,0.0000,0.0000,0.0000,0.0000,
239,1,450,384,570,440,0.0000,0.0000,0.0000,0.0000,0.0000,0.0000,
240,1,450,384,570,440,0.0000,0.0000,0.0000,0.0000,0.0000,0.0000,
241,1,450,384,570,440,0.0000,0.0000,0.0000,0.0000,0.0000,0.0000,
242,1,450,384,570,440,0.0000,0.0000,0.0000,0.0000,0.0000,0.0000,
243,1,450,384,570,440,0.0000,0.0000,0.0000,0.0000,0.0000,0.0000,
244,1,450,384,570,440,0.0000,0.0000,0.0000,0.0000,0.0000,0.0000,
245,1,450,384,570,440,0.0000,0.0000,0.0000,0.0000,0.0000,0.0000,
246,1,450,384,570,440,0.0000,0.0000,0.0000,0.0000,0.0000,0.0000,
247,1,450,384,570,440,0.0000,0.0000,0.0000,0.0000,0.0000,0.0000,
248,1,450,384,570,440,0.0000,0.0000,0.0000,0.0000,0.0000,0.0000,
249,1,450,384,570,440,0.0000,0.0000,0.0000,0.0000,0.0000,0.0000,
250,1,450,384,570,440,0.0000,0.0000,0.0000,0.0000,0.0000,0.0000,
251,1,450,384,570,440,0.0000,0.0000,0.0000,0.0000,0.0000,0.0000,
252,1,450,384,570,440,0.0000,0.0000,0.0000,0.0000,0.0000,0.0000,
253,1,450,384,570,440,0.0000,0.0000,0.0000,0.0000,0.0000,0.0000,
254,1,450,384,570,440,0.0000,0.0000,0.0000,0.0000,0.0000,0.0000,
255,1,450,384,570,440,0.0000,0.0000,0.0000,0.0000,0.0000,0.0000,
256,1,450,384,570,440,0.0000,0.0000,0.0000,0.0000,0.0000,0.0000,
257,1,450,384,570,440,0.0000,0.0000,0.0000,0.0000,0.0000,0.0000,
258,1,450,384,570,440,0.0000,0.0000,0.0000,0.0000,0.0000,0.0000,
259,1,450,384,570,440,0.0000,0.0000,0.0000,0.0000,0.0000,0.0000,
260,1,450,384,570,440,0.0000,0.0000,0.0000,0.0000,0.0000,0.0000,
261,1,450,384,570,440,0.0000,0.0000,0.0000,0.0000,0.0000,0.0000,
262,1,450,384,570,440,0.0000,0.0000,0.0000,0.0000,0.0000,0.0000,
263,1,450,384,570,440,0.0000,0.0000,0.0000,0.0000,0.0000,0.0000,
264,1,450,384,570,440,0.0000,0.0000,0.0000,0.0000,0.0000,0.0000,
265,1,450,384,570,440,0.0000,0.0000,0.0000,0.0000,0.0000,0.0000,
266,1,450,384,570,440,0.0000,0.0000,0.0000,0.0000,0.0000,0.0000,
267,1,450,384,570,440,0.0000,0.0000,0.0000,0.0000,0.0000,0.0000,
268,1,450,384,570,440,0.0000,0.0000,0.0000,0.0000,0.0000,0.0000,
269,1,450,384,570,440,0.0000,0.0000,0.0000,0.0000,0.0000,0.0000,
270,1,450,384,570,440,0.0000,0.0000,0.0000,0.0000,0.0000,0.0000,
271,1,450,384,570,440,0.0000,0.0000,0.0000,0.0000,0.0000,0.0000,
272,1,450,384,570,440,0.0000,0.0000,0.0000,0.0000,0.0000,0.0000,
273,1,450,384,570,440,0.0000,0.0000,0.0000,0.0000,0.0000,0.0000,
274,1,450,384,570,440,0.0000,0.0000,0.0000,0.0000,0.0000,0.0000,
275,1,450,384,570,440,0.0000,0.0000,0.0000,0.0000,0.0000,0.0000,
276,1,450,384,570,440,0.0000,0.0000,0.0000,0.0000,0.0000,0.0000,
277,1,450,384,570,440,0.0000,0.0000,0.0000,0.0000,0.0000,0.0000,
278,1,450,384,570,440,0.0000,0.0000,0.0000,0.0000,0.0000,0.0000,
279,1,450,384,570,440,0.0000,0.0000,0.0000,0.0000,0.0000,0.0000,
280,1,450,384,570,440,0.0000,0.0000,0.0000,0.0000,0.0000,0.0000,
281,1,450,384,570,440,0.0000,0.0000,0.0000,0.0000,0.0000,0.0000,
282,1,450,384,570,440,0.0000,0.0000,0.0000,0.0000,0.0000,0.0000,
283,1,450,384,570,440,0.0000,0.0000,0.0000,0.0000,0.0000,0.0000,
284,1,450,384,570,440,0.0000,0.0000,0.0000,0.0000,0.0000,0.0000,
285,1,450,384,570,440,0.0000,0.0000,0.0000,0.0000,0.0000,0.0000,
286,1,450,384,570,440,0.0000,0.0000,0.0000,0.0000,0.0000,0.0000,
287,1,450,384,570,440,0.0000,0.0000,0.0000,0.0000,0.0000,0.0000,
288,1,450,384,570,440,0.0000,0.0000,0.0000,0.0000,0.0000,0.0000,
289,1,450,384,570,440,0.0000,0.0000,0.0000,0.0000,0.0000,0.0000,
290,1,450,384,570,440,0.0000,0.0000,0.0000,0.0000,0.0000,0.0000,
291,1,450,384,570,440,0.0000,0.0000,0.0000,0.0000,0.0000,0.0000,
292,1,450,384,570,440,0.0000,0.0000,0.0000,0.0000,0.0000,0.0000,
293,1,450,384,570,440,0.0000,0.0000,0.0000,0.0000,0.0000,0.0000,
294,1,450,384,570,440,0.0000,0.0000,0.0000,0.0000,0.0000,0.0000,
295,1,450,384,570,440,0.0000,0.0000,0.0000,0.0000,0.0000,0.0000,
296,1,450,384,570,440,0.0000,0.0000,0.0000,0.0000,0.0000,0.0000,
297,1,450,384,570,440,0.0000,0.0000,0.0000,0.0000,0.0000,0.0000,
298,1,450,384,570,440,0.0000,0.0000,0.0000,0.0000,0.0000,0.0000,
299,1,450,384,570,440,0.0000,0.0000,0.0000,0.0000,0.0000,0.0000,
300,1,450,384,570,440,0.0000,0.0000,0.0000,0.0000,0.0000,0.0000,
301,1,450,384,570,440,0.0000,0.0000,0.0000,0.0000,0.0000,0.0000,
302,1,450,384,570,440,0.0000,0.0000,0.0000,0.0000,0.0000,0.0000,
303,1,450,384,570,440,0.0000,0.0000,0.0000,0.0000,0.0000,0.0000,
304,1,450,384,570,440,0.0000,0.0000,0.0000,0.0000,0.0000,0.0000,
305,1,450,384,570,440,0.0000,0.0000,0.0000,0.0000,0.0000,0.0000,
306,1,450,384,570,440,0.0000,0.0000,0.0000,0.0000,0.0000,0.0000,
307,1,450,384,570,440,0.0000,0.0000,0.0000,0.0000,0.0000,0.0000,
308,1,450,384,570,440,0.0000,0.0000,0.0000,0.0000,0.0000,0.0000,
309,1,450,384,570,440,0.0000,0.0000,0.0000,0.0000,0.0000,0.0000,
310,1,450,384,570,440,0.0000,0.0000,0.0000,0.0000,0.0000,0.0000,
311,1,450,384,570,440,0.0000,0.0000,0.0000,0.0000,0.0000,0.0000,
312,1,450,384,570,440,0.0000,0.0000,0.0000,0.0000,0.0000,0.0000,
313,1,450,384,570,440,0.0000,0.0000,0.0000,0.0000,0.0000,0.0000,
314,1,450,384,570,440,0.0000,0.0000,0.0000,0.0000,0.0000,0.0000,
315,1,450,384,570,440,0.0000,0.0000,0.0000,0.0000,0.0000,0.0000,
316,1,450,384,570,440,0.0000,0.0000,0.0000,0.0000,0.0000,0.0000,
317,1,450,384,570,440,0.0000,0.0000,0.0000,0.0000,0.0000,0.0000,
318,1,450,384,570,440,0.0000,0.0000,0.0000,0.0000,0.0000,0.0000,
319,1,450,384,570,440,0.0000,0.0000,0.0000,0.0000,0.0000,0.0000,
320,1,450,384,570,440,0.0000,0.0000,0.0000,0.0000,0.0000,0.0000,
321,1,450,384,570,440,0.0000,0.0000,0.0000,0.0000,0.0000,0.0000,
322,1,450,384,570,440,0.0000,0.0000,0.0000,0.0000,0.0000,0.0000,
323,1,450,384,570,440,0.0000,0.0000,0.0000,0.0000,0.0000,0.0000,
324,1,450,384,570,440,0.0000,0.0000,0.0000,0.0000,0.0000,0.0000,
325,1,450,384,570,440,0.0000,0.0000,0.0000,0.0000,0.0000,0.0000,
326,1,450,384,570,440,0.0000,0.0000,0.0000,0.0000,0.0000,0.0000,
327,1,450,384,570,440,0.0000,0.0000,0.0000,0.0000,0.0000,0.0000,
328,1,450,384,570,440,0.0000,0.0000,0.0000,0.0000,0.0000,0.0000,
329,1,450,384,570,440,0.0000,0.0000,0.0000,0.0000,0.0000,0.0000,
330,1,450,384,570,440,0.0000,0.0000,0.0000,0.0000,0.0000,0.0000,
331,1,450,384,570,440,0.0000,0.0000,0.0000,0.0000,0.0000,0.0000,
332,1,450,384,570,440,0.0000,0.0000,0.0000,0.0000,0.0000,0.0000,
333,1,450,384,570,440,0.0000,0.0000,0.0000,0.0000,0.0000,0.0000,
334,1,450,384,570,440,0.0000,0.0000,0.0000,0.0000,0.0000,0.0000,
335,1,450,384,570,440,0.0000,0.0000,0.0000,0.0000,0.0000,0.0000,
336,1,450,384,570,440,0.0000,0.0000,0.0000,0.0000,0.0000,0.0000,
337,1,450,384,570,440,0.0000,0.0000,0.0000,0.0000,0.0000,0.0000,
338,1,450,384,570,440,0.0000,0.0000,0.0000,0.0000,0.0000,0.0000,
339,1,450,384,570,440,0.0000,0.0000,0.0000,0.0000,0.0000,0.0000,
340,1,450,384,570,440,0.0000,0.0000,0.0000,0.0000,0.0000,0.0000,
341,1,450,384,570,440,0.0000,0.0000,0.0000,0.0000,0.0000,0.0000,
342,1,450,384,570,440,0.0000,0.0000,0.0000,0.0000,0.0000,0.0000,
343,1,450,384,570,440,0.0000,0.0000,0.0000,0.0000,0.0000,0.0000,
344,1,450,384,570,440,0.0000,0.0000,0.0000,0.0000,0.0000,0.0000,
345,1,450,384,570,440,0.0000,0.0000,0.0000,0.0000,0.0000,0.0000,
346,1,450,384,570,440,0.0000,0.0000,0.0000,0.0000,0.0000,0.0000,
347,1,450,384,570,440,0.0000,0.0000,0.0000,0.0000,0.0000,0.0000,
348,1,450,384,570,440,0.0000,0.0000,0.0000,0.0000,0.0000,0.0000,
349,1,450,384,570,440,0.0000,0.0000,0.0000,0.0000,0.0000,0.0000,
350,1,450,384,570,440,0.0000,0.0000,0.0000,0.0000,0.0000,0.0000,
351,1,450,384,570,440,0.0000,0.0000,0.0000,0.0000,0.0000,0.0000,
352,1,450,384,570,440,0.0000,0.0000,0.0000,0.0000,0.0000,0.0000,
353,1,450,384,570,440,0.0000,0.0000,0.0000,0.0000,0.0000,0.0000,
354,1,450,384,570,440,0.0000,0.0000,0.0000,0.0000,0.0000,0.0000,
355,1,450,384,570,440,0.0000,0.0000,0.0000,0.0000,0.0000,0.0000,
356,1,450,384,570,440,0.0000,0.0000,0.0000,0.0000,0.0000,0.0000,
357,1,450,384,570,440,0.0000,0.0000,0.0000,0.0000,0.0000,0.0000,
358,1,450,384,570,440,0.0000,0.0000,0.0000,0.0000,0.0000,0.0000,
359,1,450,384,570,440,0.0000,0.0000,0.0000,0.0000,0.0000,0.0000,
360,1,450,384,570,440,0.0000,0.0000,0.0000,0.0000,0.0000,0.0000,
361,1,450,384,570,440,0.0000,0.0000,0.0000,0.0000,0.0000,0.0000,
362,1,450,384,570,440,0.0000,0.0000,0.0000,0.0000,0.0000,0.0000,
363,1,450,384,570,440,0.0000,0.0000,0.0000,0.0000,0.0000,0.0000,
364,1,450,384,570,440,0.0000,0.0000,0.0000,0.0000,0.0000,0.0000,
365,1,450,384,570,440,0.0000,0.0000,0.0000,0.0000,0.0000,0.0000,
366,1,450,384,570,440,0.0000,0.0000,0.0000,0.0000,0.0000,0.0000,
367,1,450,384,570,440,0.0000,0.0000,0.0000,0.0000,0.0000,0.0000,
368,1,450,384,570,440,0.0000,0.0000,0.0000,0.0000,0.0000,0.0000,
369,1,450,384,570,440,0.0000,0.0000,0.0000,0.0000,0.0000,0.0000,
370,1,450,384,570,440,0.0000,0.0000,0.0000,0.0000,0.0000,0.0000,
371,1,450,384,570,440,0.0000,0.0000,0.0000,0.0000,0.0000,0.0000,
372,1,450,384,570,440,0.0000,0.0000,0.0000,0.0000,0.0000,0.0000,
373,1,450,384,570,440,0.0000,0.0000,0.0000,0.0000,0.0000,0.0000,
374,1,450,384,570,440,0.0000,0.0000,0.0000,0.0000,0.0000,0.0000,
375,1,450,384,570,440,0.0000,0.0000,0.0000,0.0000,0.0000,0.0000,
376,1,450,384,570,440,0.0000,0.0000,0.0000,0.0000,0.0000,0.0000,
377,1,450,384,570,440,0.0000,0.0000,0.0000,0.0000,0.0000,0.0000,
378,1,450,384,570,440,0.0000,0.0000,0.0000,0.0000,0.0000,0.0000,
379,1,450,384,570,440,0.0000,0.0000,0.0000,0.0000,0.0000,0.0000,
380,1,450,384,570,440,0.0000,0.0000,0.0000,0.0000,0.0000,0.0000,
381,1,450,384,570,440,0.0000,0.0000,0.0000,0.0000,0.0000,0.0000,
382,1,450,384,570,440,0.0000,0.0000,0.0000,0.0000,0.0000,0.0000,
383,1,450,384,570,440,0.0000,0.0000,0.0000,0.0000,0.0000,0.0000,
384,1,450,384,570,440,0.0000,0.0000,0.0000,0.0000,0.0000,0.0000,
385,1,450,384,570,440,0.0000,0.0000,0.0000,0.0000,0.0000,0.0000,
386,1,450,384,570,440,0.0000,0.0000,0.0000,0.0000,0.0000,0.0000,
387,1,450,384,570,440,0.0000,0.0000,0.0000,0.0000,0.0000,0.0000,
388,1,450,384,570,440,0.0000,0.0000,0.0000,0.0000,0.0000,0.0000,
389,1,450,384,570,440,0.0000,0.0000,0.0000,0.0000,0.0000,0.0000,
390,1,450,384,570,440,0.0000,0.0000,0.0000,0.0000,0.0000,0.0000,
391,1,450,384,570,440,0.0000,0.0000,0.0000,0.0000,0.0000,0.0000,
392,1,450,384,570,440,0.0000,0.0000,0.0000,0.0000,0.0000,0.0000,
393,1,450,384,570,440,0.0000,0.0000,0.0000,0.0000,0.0000,0.0000,
394,1,450,384,570,440,0.0000,0.0000,0.0000,0.0000,0.0000,0.0000,
395,1,450,384,570,440,0.0000,0.0000,0.0000,0.0000,0.0000,0.0000,
396,1,450,384,570,440,0.0000,0.0000,0.0000,0.0000,0.0000,0.0000,
397,1,450,384,570,440,0.0000,0.0000,0.0000,0.0000,0.0000,0.0000,
398,1,450,384,570,440,0.0000,0.0000,0.0000,0.0000,0.0000,0.0000,
399,1,450,384,570,440,0.0000,0.0000,0.0000,0.0000,0.0000,0.0000,
400,1,450,384,570,440,0.0000,0.0000,0.0000,0.0000,0.0000,0.0000,
401,1,450,384,570,440,0.0000,0.0000,0.0000,0.0000,0.0000,0.0000,
402,1,450,384,570,440,0.0000,0.0000,0.0000,0.0000,0.0000,0.0000,
403,1,450,384,570,440,0.0000,0.0000,0.0000,0.0000,0.0000,0.0000,
404,1,450,384,570,440,0.0000,0.0000,0.0000,0.0000,0.0000,0.0000,
405,1,450,384,570,440,0.0000,0.0000,0.0000,0.0000,0.0000,0.0000,
406,1,450,384,570,440,0.0000,0.0000,0.0000,0.0000,0.0000,0.0000,
407,1,450,384,570,440,0.0000,0.0000,0.0000,0.0000,0.0000,0.0000,
408,1,450,384,570,440,0.0000,0.0000,0.0000,0.0000,0.0000,0.0000,
409,1,450,384,570,440,0.0000,0.0000,0.0000,0.0000,0.0000,0.0000,
410,1,450,384,570,440,0.0000,0.0000,0.0000,0.0000,0.0000,0.0000,
411,1,450,384,570,440,0.0000,0.0000,0.0000,0.0000,0.0000,0.0000,
412,1,450,384,570,440,0.0000,0.0000,0.0000,0.0000,0.0000,0.0000,
413,1,450,384,570,440,0.0000,0.0000,0.0000,0.0000,0.0000,0.0000,
414,1,450,384,570,440,0.0000,0.0000,0.0000,0.0000,0.0000,0.0000,
415,1,450,384,570,440,0.0000,0.0000,0.0000,0.0000,0.0000,0.0000,
416,1,450,384,570,440,0.0000,0.0000,0.0000,0.0000,0.0000,0.0000,
417,1,450,384,570,440,0.0000,0.0000,0.0000,0.0000,0.0000,0.0000,
418,1,450,384,570,440,0.0000,0.0000,0.0000,0.0000,0.0000,0.0000,
419,1,450,384,570,440,0.0000,0.0000,0.0000,0.0000,0.0000,0.0000,
420,1,450,384,570,440,0.0000,0.0000,0.0000,0.0000,0.0000,0.0000,
421,1,450,384,570,440,0.0000,0.0000,0.0000,0.0000,0.0000,0.0000,
422,1,450,384,570,440,0.0000,0.0000,0.0000,0.0000,0.0000,0.0000,
423,1,450,384,570,440,0.0000,0.0000,0.0000,0.0000,0.0000,0.0000,
424,1,450,384,570,440,0.0000,0.0000,0.0000,0.0000,0.0000,0.0000,
425,1,450,384,570,440,0.0000,0.0000,0.0000,0.0000,0.0000,0.0000,
426,1,450,384,570,440,0.0000,0.0000,0.0000,0.0000,0.0000,0.0000,
427,1,450,384,570,440,0.0000,0.0000,0.0000,0.0000,0.0000,0.0000,
428,1,450,384,570,440,0.0000,0.0000,0.0000,0.0000,0.0000,0.0000,
429,1,450,384,570,440,0.0000,0.0000,0.0000,0.0000,0.0000,0.0000,
430,1,450,384,570,440,0.0000,0.0000,0.0000,0.0000,0.0000,0.0000,
431,1,450,384,570,440,0.0000,0.0000,0.0000,0.0000,0.0000,0.0000,
432,1,450,384,570,440,0.0000,0.0000,0.0000,0.0000,0.0000,0.0000,
433,1,450,384,570,440,0.0000,0.0000,0.0000,0.0000,0.0000,0.0000,
434,1,450,384,570,440,0.0000,0.0000,0.0000,0.0000,0.0000,0.0000,
435,1,450,384,570,440,0.0000,0.0000,0.0000,0.0000,0.0000,0.0000,
436,1,450,384,570,440,0.0000,0.0000,0.0000,0.0000,0.0000,0.0000,
437,1,450,384,570,440,0.0000,0.0000,0.0000,0.0000,0.0000,0.0000,
438,1,450,384,570,440,0.0000,0.0000,0.0000,0.0000,0.0000,0.0000,
439,1,450,384,570,440,0.0000,0.0000,0.0000,0.0000,0.0000,0.0000,
440,1,450,384,570,440,0.0000,0.0000,0.0000,0.0000,0.0000,0.0000,
441,1,450,384,570,440,0.0000,0.0000,0.0000,0.0000,0.0000,0.0000,
442,1,450,384,570,440,0.0000,0.0000,0.0000,0.0000,0.0000,0.0000,
443,1,450,384,570,440,0.0000,0.0000,0.0000,0.0000,0.0000,0.0000,
444,1,450,384,570,440,0.0000,0.0000,0.0000,0.0000,0.0000,0.0000,
445,1,450,384,570,440,0.0000,0.0000,0.0000,0.0000,0.0000,0.0000,
446,1,450,384,570,440,0.0000,0.0000,0.0000,0.0000,0.0000,0.0000,
447,1,450,384,570,440,0.0000,0.0000,0.0000,0.0000,0.0000,0.0000,
448,1,450,384,570,440,0.0000,0.0000,0.0000,0.0000,0.0000,0.0000,
449,1,450,384,570,440,0.0000,0.0000,0.0000,0.0000,0.0000,0.0000,
450,1,450,384,570,440,0.0000,0.0000,0.0000,0.0000,0.0000,0.0000,
451,1,450,384,570,440,0.0000,0.0000,0.0000,0.0000,0.0000,0.0000,
452,1,450,384,570,440,0.0000,0.0000,0.0000,0.0000,0.0000,0.0000,
453,1,450,384,570,440,0.0000,0.0000,0.0000,0.0000,0.0000,0.0000,
454,1,450,384,570,440,0.0000,0.0000,0.0000,0.0000,0.0000,0.0000,
455,1,450,384,570,440,0.0000,0.0000,0.0000,0.0000,0.0000,0.0000,
456,1,450,384,570,440,0.0000,0.0000,0.0000,0.0000,0.0000,0.0000,
457,1,450,384,570,440,0.0000,0.0000,0.0000,0.0000,0.0000,0.0000,
458,1,450,384,570,440,0.0000,0.0000,0.0000,0.0000,0.0000,0.0000,
459,1,450,384,570,440,0.0000,0.0000,0.0000,0.0000,0.0000,0.0000,
460,1,450,384,570,440,0.0000,0.0000,0.0000,0.0000,0.0000,0.0000,
461,1,450,384,570,440,0.0000,0.0000,0.0000,0.0000,0.0000,0.0000,
462,1,450,384,570,440,0.0000,0.0000,0.0000,0.0000,0.0000,0.0000,
463,1,450,384,570,440,0.0000,0.0000,0.0000,0.0000,0.0000,0.0000,
464,1,450,384,570,440,0.0000,0.0000,0.0000,0.0000,0.0000,0.0000,
465,1,450,384,570,440,0.0000,0.0000,0.0000,0.0000,0.0000,0.0000,
466,1,450,384,570,440,0.0000,0.0000,0.0000,0.0000,0.0000,0.0000,
467,1,450,384,570,440,0.0000,0.0000,0.0000,0.0000,0.0000,0.0000,
468,1,450,384,570,440,0.0000,0.0000,0.0000,0.0000,0.0000,0.0000,
469,1,450,384,570,440,0.0000,0.0000,0.0000,0.0000,0.0000,0.0000,
470,1,450,384,570,440,0.0000,0.0000,0.0000,0.0000,0.0000,0.0000,
471,1,450,384,570,440,0.0000,0.0000,0.0000,0.0000,0.0000,0.0000,
472,1,450,384,570,440,0.0000,0.0000,0.0000,0.0000,0.0000,0.0000,
473,1,450,384,570,440,0.0000,0.0000,0.0000,0.0000,0.0000,0.0000,
474,1,450,384,570,440,0.0000,0.0000,0.0000,0.0000,0.0000,0.0000,
475,1,450,384,570,440,0.0000,0.0000,0.0000,0.0000,0.0000,0.0000,
476,1,450,384,570,440,0.0000,0.0000,0.0000,0.0000,0.0000,0.0000,
477,1,450,384,570,440,0.0000,0.0000,0.0000,0.0000,0.0000,0.0000,
478,1,450,384,570,440,0.0000,0.0000,0.0000,0.0000,0.0000,0.0000,
479,1,450,384,570,440,0.0000,0.0000,0.0000,0.0000,0.0000,0.0000,
480,1,450,384,570,440,0.0000,0.0000,0.0000,0.0000,0.0000,0.0000,
481,1,450,384,570,440,0.0000,0.0000,0.0000,0.0000,0.0000,0.0000,
482,1,450,384,570,440,0.0000,0.0000,0.0000,0.0000,0.0000,0.0000,
483,1,450,384,570,440,0.0000,0.0000,0.0000,0.0000,0.0000,0.0000,
484,1,450,384,570,440,0.0000,0.0000,0.0000,0.0000,0.0000,0.0000,
485,1,450,384,570,440,0.0000,0.0000,0.0000,0.0000,0.0000,0.0000,
486,1,450,384,570,440,0.0000,0.0000,0.0000,0.0000,0.0000,0.0000,
487,1,450,384,570,440,0.0000,0.0000,0.0000,0.0000,0.0000,0.0000,
488,1,450,384,570,440,0.0000,0.0000,0.0000,0.0000,0.0000,0.0000,
489,1,450,384,570,440,0.0000,0.0000,0.0000,0.0000,0.0000,0.0000,
