1,241,70,241,118,209,144,205,197,208,244,276,138,282,199,285,249,228,226,233,291,241,351,263,226,269,287,276,348
2,241,70,241,118,209,144,205,198,208,245,275,138,282,199,284,249,227,226,234,291,243,351,262,226,269,287,277,348
3,240,70,241,118,209,143,206,196,208,245,275,138,283,196,285,249,228,225,234,291,243,351,262,225,268,285,278,348
4,240,70,241,118,209,143,206,196,208,245,274,138,282,197,285,249,228,226,234,291,244,352,262,225,268,285,278,348
5,241,70,241,119,209,143,205,197,207,245,274,138,283,198,285,249,228,227,235,291,242,351,262,227,269,286,276,347
6,240,70,240,118,209,143,206,196,208,245,274,138,282,197,285,247,228,226,234,290,243,352,262,226,268,285,277,348
7,241,70,241,118,209,143,205,196,207,244,274,138,283,195,285,244,228,228,235,292,244,352,262,227,268,287,278,348
8,240,70,240,119,208,144,205,196,208,246,274,138,283,196,286,243,228,227,234,291,243,353,262,226,269,286,280,348
9,240,70,240,118,208,143,205,196,207,245,274,138,283,194,286,242,229,228,235,291,243,351,262,227,268,286,277,347
10,240,70,240,118,209,143,205,196,207,245,274,138,283,193,286,242,229,228,235,292,244,353,261,227,268,287,278,348
11,240,70,240,119,209,142,205,196,207,242,274,138,283,191,285,242,228,229,236,293,245,353,262,228,269,287,279,348
12,239,70,240,119,208,143,205,196,207,245,274,138,282,195,285,244,228,227,234,291,244,350,262,227,268,285,279,347
13,239,70,240,118,208,143,205,196,206,242,274,138,282,193,285,240,228,228,235,292,244,351,262,228,269,286,278,346
14,239,70,239,118,208,143,205,196,206,242,274,138,282,193,285,241,228,228,235,293,245,352,262,227,269,286,278,346
15,239,70,239,118,208,143,204,195,206,241,273,137,282,193,285,241,228,229,235,293,243,353,262,228,269,288,278,349
16,238,70,239,118,208,143,204,195,206,241,273,137,282,196,284,245,228,229,235,294,243,354,262,229,270,288,278,349
17,238,70,239,118,207,144,204,196,206,241,273,137,281,195,284,245,228,230,235,294,243,354,262,229,269,288,277,348
18,238,69,238,118,207,143,204,195,206,243,273,137,281,195,284,243,227,227,234,292,244,352,261,226,268,286,278,347
19,237,71,238,119,206,144,203,196,206,244,272,137,281,196,283,245,227,227,234,291,242,350,261,226,268,285,276,346
20,237,70,238,119,206,143,204,195,206,243,271,137,280,192,283,244,226,228,235,293,245,352,260,227,268,287,279,346
21,237,70,237,119,206,143,203,194,205,242,271,138,280,193,283,240,226,227,235,291,245,352,260,226,268,284,279,345
22,236,70,237,119,205,143,203,195,205,242,271,137,280,193,283,241,226,227,234,291,244,353,260,226,268,284,279,346
23,236,70,237,119,205,144,202,196,205,241,270,137,279,195,283,245,226,228,234,294,244,351,261,227,269,287,279,345
24,236,71,237,120,204,143,201,196,206,244,270,138,279,195,282,245,226,228,233,292,243,351,260,227,269,287,279,344
25,234,71,236,120,204,144,201,196,205,242,269,137,278,192,282,241,226,227,233,289,244,349,260,225,268,283,278,340
26,234,71,235,120,203,144,200,196,205,242,269,137,278,195,281,243,226,228,234,292,245,351,260,227,270,286,281,344
27,234,71,235,121,203,143,201,196,205,242,268,137,278,194,282,242,226,228,233,290,245,349,260,227,270,283,282,341
28,233,72,235,121,203,145,200,197,205,243,268,137,278,194,281,242,225,227,233,290,244,349,260,225,269,283,281,340
29,232,72,234,121,201,145,200,197,205,243,268,138,278,191,282,237,226,230,233,291,245,349,261,228,270,283,283,340
30,233,72,234,121,201,144,199,195,205,242,268,137,277,189,282,240,227,230,234,292,244,350,261,228,270,284,282,341
31,232,72,234,122,202,144,199,195,205,242,268,137,278,190,281,242,226,229,234,293,245,351,261,227,271,284,283,342
32,232,72,234,122,202,144,199,196,205,243,268,137,278,189,282,243,227,230,234,294,244,352,261,228,271,285,283,343
33,232,72,233,122,201,146,200,197,204,243,268,136,279,189,282,241,226,230,235,293,244,354,262,229,274,288,283,346
34,232,72,234,122,203,145,201,196,204,242,268,137,280,190,282,237,227,232,236,295,248,356,262,230,273,289,284,350
35,232,72,234,121,203,145,201,198,205,245,268,137,279,190,283,234,227,232,235,293,245,353,263,230,273,286,285,344
36,233,73,234,121,203,145,201,197,204,242,268,136,280,191,282,241,228,233,234,294,246,354,263,231,275,287,287,347
37,233,73,235,122,203,146,201,200,205,244,269,137,281,193,284,236,227,230,234,291,244,350,262,227,274,283,286,341
38,234,73,236,122,203,145,202,199,205,243,270,138,283,194,284,241,227,229,234,292,245,353,262,226,276,283,290,343
39,236,73,237,122,204,146,201,200,205,244,271,138,284,201,283,249,228,228,235,290,244,349,263,226,276,282,288,341
40,236,74,237,122,205,146,202,200,205,244,271,138,284,193,284,248,228,230,235,291,244,350,262,227,276,282,288,339
41,237,74,238,122,205,146,203,198,205,243,272,138,285,193,285,250,229,232,236,292,246,352,264,229,277,283,292,342
42,239,74,240,123,206,147,204,200,205,242,275,139,285,197,285,248,228,232,234,292,244,351,264,229,277,283,289,343
43,240,75,242,124,209,146,204,200,206,244,276,141,288,203,286,251,229,232,235,293,247,352,267,229,278,285,287,345
44,242,75,243,124,210,146,205,201,206,245,278,141,290,205,287,251,231,233,237,295,246,354,267,231,279,286,290,345
45,244,75,245,124,211,148,207,202,208,247,280,141,291,203,289,250,231,233,237,293,246,351,268,230,279,285,287,343
46,246,77,247,125,213,146,208,205,209,251,282,142,294,204,290,251,233,236,236,297,244,353,270,234,279,291,284,348
47,247,75,249,124,214,146,210,202,210,250,284,144,296,205,291,253,235,235,239,294,246,353,271,233,281,284,289,345
48,249,74,251,124,217,146,211,203,212,251,287,144,298,207,293,254,235,238,241,296,248,354,272,237,282,288,288,348
49,251,74,253,123,219,147,212,204,213,249,289,144,300,209,295,256,235,234,240,292,247,354,273,234,282,281,288,347
50,265,74,265,122,228,145,221,205,223,250,301,144,312,219,303,260,242,252,246,286,243,309,285,256,257,288,278,285
51,266,73,266,123,229,145,222,204,224,250,303,144,311,225,299,268,241,247,249,280,242,308,284,255,265,284,282,284
52,267,74,267,122,230,145,222,203,224,250,304,145,311,223,299,269,243,239,250,279,252,258,286,248,269,280,269,266
53,268,73,268,122,232,144,223,202,224,250,305,145,310,223,299,272,245,246,253,283,264,267,284,252,268,285,282,270
54,268,73,268,122,233,144,224,201,224,249,306,145,311,221,298,274,245,257,248,292,254,310,285,263,257,302,284,287
55,268,73,268,122,233,143,224,202,224,250,306,145,309,223,295,279,243,246,248,284,250,268,285,254,259,291,286,278
56,269,72,268,122,233,143,225,201,224,249,306,146,308,225,292,280,242,243,250,285,248,267,284,249,258,289,284,281
57,270,73,269,122,233,142,225,200,223,248,306,145,307,223,291,281,244,250,248,290,242,304,282,257,257,293,284,282
58,270,73,268,122,233,142,224,199,223,246,305,146,305,225,293,278,244,256,247,297,233,256,278,260,253,297,294,277
59,269,74,269,122,232,141,223,198,223,248,305,147,304,224,289,280,244,254,246,299,233,246,280,261,287,283,286,283
60,269,74,267,123,231,141,223,199,222,248,304,146,304,222,291,276,243,257,247,302,231,244,276,262,252,297,290,275
61,269,75,267,123,230,142,222,199,221,248,303,146,302,226,287,281,243,258,245,304,236,247,278,265,246,298,285,283
62,267,75,265,124,229,141,221,199,221,247,302,146,301,220,290,276,243,259,245,304,235,247,279,268,248,298,285,285
63,266,75,264,123,228,142,221,199,220,248,301,145,300,223,290,271,243,259,245,303,229,256,281,267,252,303,254,305
64,265,75,262,124,226,143,220,199,219,247,300,145,299,223,291,274,240,261,242,302,240,311,281,268,244,299,281,290
65,264,76,262,124,226,142,219,199,218,247,299,145,298,221,290,273,241,259,241,304,227,255,280,266,250,304,283,288
66,263,75,261,123,225,143,218,200,217,248,298,145,298,224,289,274,238,260,242,304,227,255,275,266,250,304,290,275
67,263,76,261,124,224,142,217,200,216,250,297,146,296,222,289,275,239,258,241,303,230,248,272,262,248,302,288,275
68,262,76,260,124,223,143,216,201,216,250,297,146,295,222,289,275,236,259,240,304,228,248,270,265,246,303,288,275
69,261,77,260,125,222,143,215,200,215,249,295,146,295,223,288,276,235,257,239,303,228,247,270,262,245,300,287,275
70,261,78,259,125,221,142,214,199,214,250,295,146,294,225,287,277,234,257,238,303,226,249,271,262,244,301,286,275
71,261,76,257,124,219,143,214,199,214,250,295,146,295,223,288,276,233,259,239,305,223,245,271,266,244,304,288,277
72,259,78,257,126,220,143,213,198,213,249,293,146,294,226,288,278,233,258,237,305,226,248,272,264,244,303,286,277
73,259,79,256,126,219,143,213,200,213,250,293,146,294,224,288,275,233,259,237,305,224,248,273,266,244,305,288,276
74,258,78,255,126,218,144,212,201,212,250,293,146,293,223,287,272,232,258,238,305,223,249,274,266,243,304,238,306
75,258,77,254,125,217,144,211,201,212,252,292,146,294,220,286,266,234,258,242,305,241,313,276,263,243,302,327,319
76,258,76,254,125,216,144,211,202,212,252,292,146,294,222,287,264,232,262,238,307,239,312,277,269,243,309,330,319
77,258,78,254,126,215,144,210,202,211,251,292,146,296,227,288,267,233,263,236,306,239,312,278,272,241,308,280,291
78,258,78,254,125,215,145,210,204,211,251,292,147,296,226,285,269,232,260,236,305,238,312,278,272,241,306,241,306
79,258,78,254,125,215,145,210,203,211,253,292,146,296,223,288,266,233,258,243,305,241,312,279,265,249,306,247,306
80,259,77,254,124,215,145,211,204,211,253,293,146,298,227,285,272,232,262,239,306,276,276,274,271,242,308,242,309
81,259,78,254,125,215,145,209,205,211,253,293,146,299,226,288,275,231,263,234,308,282,276,273,272,243,313,242,313
82,260,77,255,125,216,145,210,205,211,252,293,145,299,225,291,272,230,262,235,307,290,275,272,271,244,312,241,313
83,261,77,257,125,218,144,211,204,212,252,293,145,300,223,292,276,232,262,239,309,224,255,271,269,246,306,291,277
84,262,76,257,124,218,144,211,204,212,251,294,145,301,228,292,278,234,266,240,312,225,256,273,271,241,314,291,278
85,263,77,258,124,218,145,212,205,214,253,296,145,303,226,293,278,233,267,240,314,225,256,273,273,241,314,292,278
86,263,76,260,124,220,145,213,203,214,252,298,145,303,224,295,274,235,266,246,312,227,255,274,269,250,308,293,275
87,265,77,260,124,221,144,214,207,214,255,298,145,305,223,295,274,235,266,242,312,227,255,273,270,244,313,294,274
88,266,76,261,124,221,145,215,206,215,256,299,145,307,222,296,274,236,265,245,313,228,255,275,269,249,313,295,274
89,267,76,263,125,223,145,216,209,216,256,299,145,307,221,297,274,237,267,245,314,234,313,277,270,218,256,296,274
90,269,77,264,124,223,145,217,207,217,257,301,145,311,221,299,268,238,267,248,314,230,256,281,271,287,268,300,268
91,270,76,265,125,224,145,218,207,218,255,302,145,312,221,300,272,240,266,245,313,240,312,284,269,291,271,300,273
92,271,77,266,125,225,145,218,211,218,256,303,145,314,219,301,274,241,270,250,320,247,319,287,271,292,272,301,274
93,271,77,267,124,227,145,219,209,219,256,305,145,316,216,305,269,242,270,250,319,249,320,289,271,292,269,307,269
94,274,77,269,124,227,147,220,210,219,256,307,146,319,210,309,266,246,271,248,316,232,263,289,270,295,265,309,265
95,275,77,270,124,228,146,221,214,220,258,307,146,321,208,315,265,245,271,251,317,244,318,291,271,308,264,315,265
96,278,77,271,124,229,146,221,214,221,260,307,145,324,206,318,266,245,273,256,320,249,318,292,272,223,260,318,266
97,278,77,272,125,230,146,222,212,222,261,309,145,326,205,324,263,247,271,257,319,245,317,295,270,321,265,323,262
98,280,78,273,124,232,146,223,212,223,259,310,145,328,204,330,265,250,271,256,314,255,315,297,267,330,266,329,262
99,281,76,274,124,233,145,223,212,223,259,310,145,329,202,338,264,250,271,249,309,256,318,298,268,321,313,337,259
100,282,78,274,126,234,145,224,212,224,260,311,144,331,202,343,268,251,275,264,348,234,270,297,273,321,318,341,265
101,284,78,276,125,234,146,224,210,224,258,311,144,332,202,346,266,249,270,248,348,247,351,295,269,319,313,348,264
102,285,79,277,126,235,146,225,211,225,259,313,145,334,202,351,266,250,271,243,349,244,329,295,267,330,316,336,331
103,287,78,279,125,238,145,226,211,225,259,314,146,335,204,356,266,252,267,252,312,239,264,295,267,301,335,352,270
104,289,78,280,125,238,144,226,211,227,259,316,146,337,205,359,266,251,269,284,348,241,265,294,270,286,347,359,267
105,290,80,281,126,239,145,227,210,226,259,317,146,338,204,359,262,250,271,243,348,225,380,294,272,288,350,359,264
106,292,79,283,126,240,144,228,210,227,258,319,147,340,206,367,270,252,266,251,346,230,376,294,268,288,346,380,262
107,293,81,284,127,241,145,229,210,228,260,320,147,340,208,369,268,252,266,249,340,235,380,294,267,292,336,286,363
108,295,81,285,128,243,143,230,209,228,258,321,148,341,206,367,266,252,262,248,335,236,381,293,265,289,334,288,363
109,297,80,286,126,243,145,232,210,227,259,322,147,343,208,367,265,252,268,248,340,231,380,293,269,291,337,285,363
110,299,81,288,127,244,144,232,209,228,258,323,149,344,209,365,263,253,266,249,337,233,381,293,268,291,335,287,363
111,300,81,289,128,247,143,232,209,229,257,325,150,344,209,367,266,253,266,251,340,243,370,294,268,291,337,282,364
112,302,82,290,129,246,144,233,208,229,258,326,150,346,210,367,266,253,266,249,341,241,371,294,268,291,339,281,365
113,304,82,291,128,249,143,233,210,230,258,328,152,346,209,365,264,253,265,250,336,241,367,293,267,291,334,285,358
114,305,83,293,129,250,143,234,209,230,258,330,153,347,210,365,263,254,268,251,336,242,384,293,269,291,334,292,363
115,307,83,294,129,250,142,234,207,231,256,330,152,347,209,366,263,253,263,254,328,237,383,295,267,291,327,289,383
116,308,83,295,128,252,142,235,209,231,257,332,153,348,211,367,263,253,263,256,330,244,384,294,266,294,328,322,384
117,314,84,299,130,254,142,236,208,232,256,334,155,351,214,369,266,253,263,255,330,251,354,297,266,295,328,299,356
118,315,85,300,130,256,142,236,208,232,257,334,155,352,215,370,268,255,265,255,333,251,354,296,268,295,330,297,355
119,317,87,301,131,255,143,236,206,232,255,335,156,352,216,371,269,255,260,258,324,254,356,296,264,296,323,299,355
120,316,86,301,131,256,142,237,208,232,256,336,158,352,216,369,268,256,264,261,329,253,357,297,265,295,326,297,352
121,317,86,301,132,258,142,237,207,233,255,336,157,352,216,370,269,257,262,261,328,252,362,297,265,295,325,295,384
122,317,86,301,132,256,144,236,208,234,257,337,157,353,215,370,267,257,263,262,328,252,384,298,265,296,325,293,384
123,318,86,301,132,257,143,237,205,233,254,338,157,353,217,370,269,257,260,261,323,255,383,298,263,295,322,322,383
124,317,86,302,132,258,142,237,208,234,256,338,159,353,216,371,268,256,259,264,324,262,383,298,262,297,322,295,383
125,318,87,303,133,258,142,237,208,234,257,338,159,353,216,372,270,257,263,263,327,251,383,298,266,296,325,294,383
126,318,86,302,132,256,144,237,207,234,256,337,157,353,217,372,272,256,268,262,331,252,384,297,269,297,327,295,384
127,318,86,302,132,258,143,237,208,234,256,338,157,353,215,370,269,256,263,258,327,247,383,298,267,295,325,293,383
128,318,87,302,133,257,143,237,207,234,255,338,158,354,217,371,270,255,264,260,330,251,384,297,267,297,327,324,384
129,318,87,303,133,257,143,239,207,234,255,338,157,353,217,372,272,255,264,260,328,253,383,297,268,298,325,325,383
130,318,87,302,133,256,144,238,208,234,256,337,156,353,217,373,274,255,260,258,325,245,383,298,265,296,325,324,383
131,318,87,302,133,257,144,238,207,234,256,338,157,353,217,374,274,255,260,258,325,244,383,298,265,296,325,292,383
132,317,87,302,133,257,143,238,206,234,256,338,157,353,217,372,271,253,253,259,325,250,382,299,261,297,324,324,382
133,317,87,302,133,257,143,238,207,234,256,338,156,353,216,372,270,255,260,256,329,244,382,299,266,295,328,324,382
134,317,87,302,133,256,143,238,207,235,256,338,157,353,216,371,269,255,260,257,328,243,382,298,266,296,326,324,382
135,316,87,302,133,256,144,238,207,234,255,338,157,354,218,374,273,254,258,257,328,245,382,298,265,296,327,325,382
136,316,87,302,133,257,143,238,207,235,256,338,157,353,215,372,270,256,264,256,333,245,381,298,268,296,330,295,356
137,315,86,301,132,257,144,239,206,235,255,337,156,353,216,376,277,255,266,253,333,240,381,297,270,293,332,292,357
138,314,87,302,133,256,144,239,208,234,255,337,157,353,216,373,269,255,263,257,332,243,379,298,266,297,328,294,379
139,313,87,301,134,257,144,239,206,234,253,337,156,353,216,375,275,255,264,255,333,246,380,298,267,296,330,328,380
140,313,87,301,133,257,143,239,207,235,256,337,157,353,215,371,269,256,263,257,331,240,377,298,266,295,328,289,377
141,313,87,301,133,256,144,237,208,234,255,338,158,352,215,373,272,256,257,259,324,248,372,299,261,296,323,288,379
142,309,86,298,132,255,143,238,207,234,255,336,156,352,214,373,277,257,254,253,320,241,367,298,260,293,322,287,375
143,307,85,297,131,254,143,238,206,232,254,335,154,350,212,372,278,257,258,254,327,247,382,297,263,294,327,321,382
144,307,83,297,131,255,141,236,208,232,255,335,155,350,214,368,274,257,259,249,328,240,381,296,266,292,330,292,358
145,307,83,296,130,252,143,237,206,231,253,333,154,349,214,368,279,255,256,248,326,239,371,296,264,293,328,290,380
146,303,84,295,131,253,142,237,205,231,254,334,155,348,214,362,271,256,260,251,324,241,366,296,265,293,325,290,383
147,302,84,294,131,251,142,235,208,231,255,332,154,346,216,360,274,255,258,246,327,239,381,296,265,291,330,290,357
148,300,84,292,131,250,143,235,208,231,256,330,154,345,215,355,269,255,259,249,331,239,382,296,264,291,331,291,357
149,298,84,291,131,249,143,235,208,231,255,330,153,343,216,351,268,253,259,246,334,238,381,296,266,291,333,289,360
150,296,83,290,131,247,145,235,209,230,256,329,153,341,217,347,270,252,261,247,328,244,350,295,266,292,328,287,354
151,294,83,289,130,246,144,234,208,230,256,328,153,337,213,341,267,251,260,245,333,235,381,295,266,289,332,284,363
152,293,83,287,130,246,143,234,208,228,255,326,153,335,218,335,268,250,257,250,329,240,382,297,263,291,328,285,382
153,291,82,285,129,244,143,232,210,228,257,324,150,331,229,326,278,249,268,240,342,236,348,294,272,282,349,324,275
154,289,82,284,129,243,143,232,207,227,256,323,150,328,230,319,283,249,266,239,310,240,257,293,271,277,348,317,282
155,287,82,282,130,242,143,231,208,227,256,321,149,322,228,312,280,249,268,250,315,242,258,292,274,277,351,311,278
156,284,82,281,130,241,143,230,208,226,255,320,150,321,222,306,276,248,266,253,314,240,257,291,272,281,346,307,276
157,284,82,280,129,240,144,228,207,224,256,318,149,317,226,302,278,246,273,251,323,236,265,286,279,291,278,301,278
158,282,82,279,130,239,142,227,205,224,253,317,149,314,224,303,270,245,262,245,310,232,266,283,271,254,314,303,271
159,280,82,278,129,238,142,226,206,222,256,315,149,310,230,297,280,243,272,245,319,230,248,281,279,287,278,297,279
160,278,81,276,129,237,143,225,204,221,253,314,148,308,229,293,279,242,266,246,315,235,257,282,275,283,280,292,283
161,278,82,275,130,236,143,224,204,221,252,313,149,306,230,289,284,242,273,237,319,235,258,281,280,284,280,285,300
162,277,82,275,130,235,142,223,203,220,252,311,148,305,231,290,282,241,269,241,316,234,256,280,276,283,278,291,284
163,275,80,273,129,234,143,224,202,220,253,311,149,303,231,288,285,239,262,238,308,230,249,279,269,240,308,287,286
164,275,81,272,129,232,143,222,204,220,251,310,149,302,232,286,284,240,267,235,310,229,259,281,277,285,276,282,299
165,274,81,271,129,232,143,222,204,219,251,309,149,300,233,286,286,240,271,241,320,227,243,279,277,283,280,285,290
166,273,81,270,129,231,142,222,203,218,251,308,148,300,228,286,284,238,268,235,314,226,244,279,276,283,275,277,299
167,272,81,269,129,230,143,221,203,218,252,308,149,300,230,287,282,238,270,228,325,222,332,277,277,234,343,231,340
168,271,82,269,129,230,143,220,204,218,251,307,148,299,230,286,280,238,265,234,308,225,244,277,273,282,274,283,285
169,270,81,268,129,229,144,221,203,217,253,307,149,298,232,286,283,238,271,233,315,224,244,278,278,282,278,276,298
170,270,81,267,129,229,143,220,202,217,251,306,148,298,232,285,282,237,267,235,313,225,244,276,276,282,274,277,298
171,269,81,267,129,228,143,220,201,217,250,306,147,299,229,286,279,238,265,237,311,224,244,277,275,281,274,282,293
172,271,81,267,129,228,144,219,202,217,251,304,147,299,228,286,278,238,266,230,345,220,338,279,276,271,352,229,352
173,269,83,267,130,228,144,219,202,217,251,305,148,300,229,286,279,237,259,234,307,224,249,281,275,283,277,276,298
174,269,82,267,130,228,144,220,203,216,254,304,148,300,231,286,282,237,261,235,307,231,318,277,271,283,274,284,285
175,270,82,266,130,227,144,219,203,217,253,305,148,303,226,289,278,237,267,234,312,230,325,279,276,273,349,254,354
176,272,82,267,129,227,144,219,202,217,253,305,147,303,229,287,281,239,272,233,316,224,244,280,278,275,351,271,354
177,271,82,267,130,228,144,219,201,217,254,305,149,302,231,287,280,236,271,235,315,227,263,279,278,283,280,285,299
178,271,82,267,130,228,144,219,203,217,254,305,149,303,230,288,281,236,271,241,320,228,263,278,278,283,279,285,298
179,270,81,268,129,228,144,219,203,216,254,305,148,304,228,290,275,237,275,240,324,229,262,280,280,284,278,278,280
180,271,82,268,129,228,144,219,203,217,254,306,149,306,229,290,278,237,271,235,315,228,263,279,278,284,278,283,298
181,271,82,267,130,227,145,219,206,217,256,305,147,308,225,291,279,239,265,243,313,228,257,278,271,284,273,289,283
182,272,82,269,130,229,145,221,204,218,255,308,147,313,228,292,280,241,268,242,314,228,264,280,275,284,275,293,280
183,274,81,269,129,229,144,221,205,219,257,308,147,314,229,294,280,240,270,237,317,233,322,283,281,289,280,292,299
184,274,81,269,129,229,144,221,207,219,257,308,147,316,221,300,275,242,268,244,316,236,321,283,275,291,275,300,275
185,274,81,270,129,230,145,222,208,220,256,309,147,318,219,306,262,241,271,243,317,243,321,284,278,244,318,303,264
186,275,81,270,129,230,145,222,206,220,254,309,148,318,221,304,272,243,267,251,316,251,323,281,271,249,311,303,273
187,275,82,271,130,230,144,223,205,219,253,309,148,321,219,309,270,242,260,241,310,234,317,284,266,254,308,251,318
188,276,81,271,129,231,143,222,207,219,254,309,148,323,215,310,270,242,260,239,308,230,371,287,267,271,312,253,316
189,277,81,271,129,231,145,223,207,220,254,310,147,324,213,317,259,243,262,236,311,244,325,288,269,253,314,316,260
190,277,80,271,127,231,144,223,209,221,255,310,148,326,213,320,257,244,265,243,322,238,363,291,270,291,344,282,346
191,276,81,273,129,232,145,223,208,220,256,312,149,328,208,323,251,243,262,247,320,245,353,291,267,287,324,292,353
192,277,80,273,128,232,145,223,209,220,255,312,149,328,211,324,261,246,277,254,348,244,364,295,278,300,347,322,263
193,278,81,273,129,233,144,223,205,220,252,311,148,328,208,321,279,244,263,249,332,227,384,292,265,294,331,291,359
194,278,81,274,129,233,144,224,203,220,251,312,148,329,207,330,254,244,262,250,328,245,332,292,264,294,327,300,353
195,279,80,274,128,234,143,224,203,221,253,311,147,329,208,331,260,244,259,252,327,249,354,293,260,303,320,309,354
196,280,81,274,128,235,143,224,203,222,254,310,146,329,209,329,287,245,264,254,325,249,354,293,264,296,317,342,286
197,281,81,275,129,235,143,224,204,220,252,311,147,330,216,330,290,245,256,247,317,246,353,291,259,294,316,287,283
198,281,81,275,128,235,143,224,205,221,253,313,149,329,214,332,288,244,256,250,318,248,354,290,260,297,319,337,305
199,282,82,276,129,235,144,225,203,222,252,314,150,329,219,336,275,245,260,249,324,245,350,291,262,297,321,327,377
200,281,82,277,129,237,141,225,203,222,251,313,150,330,221,335,278,245,259,251,324,248,351,292,262,295,323,305,341
201,282,82,277,130,236,143,225,202,222,251,314,151,329,220,336,290,245,263,251,328,246,355,291,265,293,325,340,305
202,283,83,278,130,237,142,226,202,222,252,315,152,330,222,340,274,245,259,251,332,244,346,290,266,289,327,276,340
203,284,83,278,130,238,141,226,201,222,251,315,151,330,222,338,284,245,258,251,326,250,353,290,265,291,324,285,348
204,284,83,279,130,239,141,226,201,223,250,315,151,330,222,337,289,245,259,249,327,249,354,290,265,289,326,337,291
205,286,83,280,130,239,142,226,200,222,249,317,153,330,223,338,289,246,260,249,331,244,341,289,266,290,330,283,352
206,288,84,280,131,239,142,226,202,223,250,316,153,330,221,340,277,246,266,251,340,245,347,290,268,291,334,311,356
207,287,84,280,132,239,141,226,201,223,251,318,154,330,224,339,296,246,263,249,337,243,346,289,268,289,335,339,297
208,287,85,281,132,241,140,227,199,223,251,318,155,332,226,340,294,245,258,250,328,240,364,290,266,289,328,339,294
209,289,85,280,132,240,142,226,201,223,249,317,154,330,224,341,294,245,261,249,331,239,384,290,263,291,328,347,294
210,288,84,281,132,241,142,227,200,223,249,318,155,331,225,342,297,245,258,247,333,238,385,289,264,287,333,346,294
211,289,86,281,133,241,142,227,200,224,250,318,156,331,227,342,299,246,261,249,337,243,346,290,265,288,336,343,301
212,289,86,281,133,241,141,227,202,223,250,320,158,332,229,342,299,245,258,249,327,248,354,290,263,291,326,343,299
213,289,86,282,134,241,142,227,200,224,249,320,158,332,228,342,300,245,255,249,323,249,353,291,262,291,324,345,300
214,290,86,282,133,241,142,228,203,224,250,320,159,332,229,343,302,246,259,250,328,250,353,291,265,291,327,346,301
215,290,86,282,134,242,143,227,204,224,251,320,158,332,229,343,301,247,262,251,334,247,345,291,265,292,332,347,299
216,291,85,282,134,242,142,227,204,224,252,321,158,333,231,343,302,246,259,253,322,247,362,293,262,293,319,346,303
217,292,86,282,134,242,142,228,203,224,251,321,159,333,231,344,304,246,258,251,322,246,364,292,261,293,320,344,313
218,292,87,282,134,242,143,228,203,224,250,321,158,333,230,344,305,247,258,250,321,240,383,293,261,292,320,344,311
219,292,87,283,134,242,143,228,203,224,251,321,158,332,230,344,306,247,259,251,326,244,364,291,262,292,323,347,314
220,291,88,283,135,242,144,228,202,224,249,321,159,332,229,344,302,247,258,251,325,251,354,292,261,293,322,346,309
221,292,89,283,136,242,143,228,202,224,250,321,160,333,229,345,304,247,259,251,324,249,351,291,262,291,322,346,308
222,291,89,284,136,242,142,227,201,225,251,321,160,333,229,345,303,246,258,251,326,249,351,291,263,291,324,293,352
223,291,89,284,136,242,143,228,201,225,250,321,161,333,229,345,303,246,256,252,320,249,351,291,260,292,318,345,309
224,293,89,284,136,242,144,229,203,225,251,322,161,333,231,344,302,247,259,252,327,253,354,291,263,293,324,348,303
225,292,89,284,136,243,143,228,203,225,251,322,161,333,229,344,299,247,259,251,327,249,352,291,263,293,323,295,350
226,291,89,284,136,243,143,229,203,225,251,322,160,333,228,345,301,247,257,252,324,250,352,291,261,294,321,348,307
227,292,89,284,136,243,144,229,203,225,252,322,161,333,229,345,304,248,259,252,327,250,351,291,263,293,323,347,308
228,293,89,284,136,243,143,229,202,225,251,322,160,333,228,345,300,247,256,252,320,250,351,291,260,292,318,347,307
229,292,89,284,136,243,144,230,203,225,251,322,160,333,228,345,299,248,259,253,326,251,354,291,263,294,323,347,303
230,292,88,284,135,244,143,229,203,226,251,322,159,334,230,345,303,248,258,251,322,241,383,292,263,293,321,347,311
231,292,89,284,136,243,143,230,202,225,251,322,159,334,229,345,302,248,253,252,315,251,354,293,255,292,315,292,354
232,292,89,284,136,243,143,230,202,226,250,322,159,333,227,345,302,248,257,252,322,251,354,292,261,294,320,347,307
233,292,89,284,136,243,143,230,202,225,250,322,159,334,228,345,300,248,257,253,322,251,353,292,260,294,319,345,310
234,291,88,284,135,243,143,230,201,226,250,322,159,334,228,345,301,247,257,253,321,252,353,292,260,294,318,346,308
235,292,87,284,135,243,143,230,203,226,252,322,157,335,230,346,300,248,259,253,326,251,354,292,264,294,323,346,301
236,292,88,284,135,243,143,230,203,226,252,323,158,335,229,346,301,248,257,254,323,252,353,293,261,295,319,346,311
237,292,88,284,136,244,143,230,203,226,253,322,158,335,230,345,298,249,258,255,324,251,353,293,263,296,320,289,351
238,292,88,284,135,244,143,230,204,226,251,322,157,336,233,347,301,249,256,251,323,249,353,293,262,293,321,294,350
239,293,87,284,135,244,142,230,204,227,252,323,158,335,230,346,299,248,257,252,327,242,385,293,263,294,322,287,350
240,293,88,284,135,243,143,231,205,226,252,323,158,335,229,345,299,248,256,251,324,246,352,294,261,294,320,289,349
241,291,87,284,135,243,144,230,204,226,252,323,157,335,228,346,298,249,258,253,325,251,354,293,262,294,320,294,351
242,291,89,284,136,244,143,230,203,227,252,323,158,335,228,344,296,248,255,252,323,247,353,293,262,293,321,290,351
243,292,87,284,135,244,143,231,204,226,252,322,157,335,228,345,296,249,256,249,325,244,352,294,261,293,322,291,351
244,291,88,284,136,244,143,230,204,227,251,322,157,336,227,344,294,249,257,251,325,245,355,293,264,292,322,293,352
245,290,88,284,135,244,143,230,205,227,253,322,156,335,224,343,293,248,261,251,339,244,345,293,268,289,342,344,293
246,290,88,284,135,244,142,231,205,227,253,322,156,335,225,344,293,248,261,250,342,242,369,292,268,283,346,343,293
247,290,89,284,136,244,143,231,203,227,252,322,155,335,223,342,292,249,258,252,336,245,341,292,266,291,327,342,292
248,290,87,283,135,243,144,230,204,227,253,322,154,335,223,342,293,249,260,250,340,244,344,292,268,286,342,342,293
249,289,87,283,135,244,143,231,205,228,253,322,155,335,224,341,293,250,264,248,309,247,320,291,269,259,315,341,293
250,289,88,284,135,243,143,230,204,227,252,320,154,334,219,340,290,249,258,251,338,231,367,293,266,287,327,342,291
251,288,86,283,134,243,143,231,205,227,253,320,154,334,222,339,288,249,259,251,342,243,359,293,268,255,342,340,290
252,286,85,283,133,244,143,231,204,228,252,320,154,334,225,335,286,249,259,248,325,226,383,294,267,286,325,335,287
253,286,84,283,133,243,143,231,203,228,252,320,153,333,226,333,288,249,259,251,337,242,346,294,268,283,342,334,290
254,285,85,283,133,243,143,231,203,228,253,321,153,333,227,332,287,250,262,248,335,241,358,294,269,285,339,274,355
255,284,85,282,133,243,143,233,203,227,251,320,153,331,229,329,285,251,260,247,311,242,318,296,268,252,343,328,284
256,283,85,281,132,243,143,233,202,227,253,320,152,330,229,326,286,251,263,249,308,240,257,296,271,256,312,325,284
257,283,84,282,132,243,143,231,202,228,251,320,152,329,228,323,284,251,265,252,309,247,319,299,268,319,283,321,281
258,281,84,281,132,243,143,232,203,229,253,320,152,328,232,318,284,251,264,249,306,248,320,298,272,263,315,317,285
259,280,84,281,132,243,143,233,201,228,251,320,151,327,227,314,282,251,259,253,307,245,318,296,266,274,309,307,287
260,280,84,281,131,242,144,233,201,228,254,319,149,323,228,310,282,250,258,250,305,242,316,292,268,270,309,308,283
261,278,83,280,131,242,143,233,201,229,254,320,149,321,227,309,281,250,259,250,305,238,248,291,268,263,307,306,279
262,279,82,280,130,242,144,233,200,230,255,319,148,320,225,306,277,249,257,252,303,237,246,289,266,265,304,304,277
263,278,83,280,131,242,144,233,201,229,254,319,148,319,225,302,279,248,262,249,305,238,251,288,274,258,305,303,280
264,277,83,280,130,242,143,232,203,228,252,319,148,316,227,299,282,249,263,251,311,242,253,285,272,256,305,298,282
265,276,82,280,130,241,143,232,203,228,253,319,149,314,231,292,285,248,262,249,311,240,253,286,273,250,310,291,289
266,275,82,279,130,242,143,232,203,228,254,319,149,311,233,292,283,249,265,249,312,242,255,288,273,252,315,291,288
267,276,83,279,130,241,144,231,203,227,253,318,147,309,233,289,286,249,261,248,312,240,253,284,270,251,312,288,286
268,275,83,278,130,240,144,231,201,227,252,318,148,308,233,288,286,247,259,247,312,239,252,285,266,249,311,287,285
269,275,83,277,130,240,143,231,200,227,252,317,147,309,227,286,285,248,258,249,311,236,246,284,266,286,292,285,284
270,275,83,277,130,239,143,231,200,226,253,316,147,307,227,286,285,247,258,248,313,236,247,284,267,251,312,285,284
271,273,82,276,129,238,144,229,201,225,252,315,147,307,225,285,286,249,257,247,323,235,245,288,265,245,331,283,283
272,271,82,275,130,238,143,228,203,224,253,315,147,306,224,287,282,250,256,246,311,235,267,288,265,255,308,287,284
273,271,82,275,130,237,143,228,201,223,251,314,147,305,224,286,283,247,258,243,307,234,246,285,266,255,308,283,283
274,271,82,274,130,237,144,226,202,223,253,313,147,305,221,288,278,248,259,245,308,233,251,286,266,257,308,286,284
275,268,83,273,130,236,143,226,200,222,251,312,147,305,222,287,278,247,259,244,307,235,255,286,266,247,301,282,285
276,267,82,272,130,236,143,225,201,222,251,312,147,304,222,288,279,245,259,245,310,232,245,285,265,257,307,287,283
277,268,82,271,130,234,144,224,202,221,251,310,148,303,221,288,279,245,261,242,334,239,324,285,268,244,336,286,284
278,266,83,269,130,233,144,221,202,220,249,309,149,301,224,288,272,243,264,243,308,235,254,285,268,283,271,281,289
279,265,84,269,131,232,144,221,202,220,249,308,147,301,218,289,274,242,257,244,306,235,249,284,264,255,306,276,284
280,264,82,267,130,231,143,221,205,219,252,307,148,301,217,288,273,242,262,241,306,234,252,284,268,283,270,277,287
281,261,82,266,130,230,144,220,203,218,251,306,148,301,216,289,273,240,258,242,311,232,250,282,265,251,309,241,324
282,259,82,265,130,229,144,220,204,218,253,305,147,299,217,289,271,239,259,244,308,231,250,280,268,248,308,281,287
283,258,83,264,130,227,144,219,203,217,252,304,147,299,218,289,270,239,262,241,309,232,250,278,269,281,270,282,292
284,258,83,263,130,226,145,218,205,216,254,303,147,298,221,289,274,238,258,241,306,224,246,274,265,249,306,288,276
285,256,83,263,131,226,145,218,203,215,253,302,147,298,218,288,273,237,261,241,308,223,245,272,267,248,308,288,275
286,256,83,260,131,224,145,216,203,213,252,299,146,297,221,286,273,237,260,239,308,227,252,273,266,246,307,285,276
287,255,83,260,131,223,145,215,202,213,251,299,146,297,216,286,272,235,256,242,310,225,250,274,262,248,308,284,275
288,254,84,259,131,223,145,214,204,211,251,298,146,296,215,285,273,236,256,240,306,225,250,274,261,247,305,283,276
289,254,83,259,131,222,146,213,207,211,255,297,146,295,218,285,272,235,256,241,307,249,314,273,263,246,305,283,276
290,254,84,258,131,221,146,212,209,211,255,297,147,294,218,284,273,236,260,240,308,224,254,274,266,247,307,283,276
291,254,83,257,131,220,147,212,210,211,257,296,146,293,221,284,272,236,258,240,306,219,274,273,263,246,305,283,276
292,252,83,257,131,220,147,211,211,210,261,296,147,292,221,283,275,233,256,241,306,218,254,270,262,239,304,281,277
293,259,84,254,132,214,148,211,219,213,273,294,147,314,210,315,273,234,264,239,288,233,275,279,264,265,299,303,270
294,259,85,255,132,216,148,209,219,213,274,293,147,313,203,319,270,234,264,239,291,232,274,279,264,275,299,307,268
295,261,85,255,132,215,148,210,219,212,274,294,147,313,204,322,268,234,265,237,291,233,275,277,265,321,269,306,268
296,262,85,256,132,216,148,210,219,213,274,295,147,313,203,324,268,234,264,217,291,232,274,278,263,297,294,313,282
297,262,85,257,132,217,147,210,219,213,275,295,147,313,204,327,271,233,264,311,300,219,293,279,264,312,299,315,284
298,262,84,256,132,216,148,212,220,213,274,296,147,315,204,327,270,235,265,302,303,280,265,279,264,293,305,317,281
299,263,84,256,132,216,149,212,221,214,275,296,148,315,204,329,270,235,265,304,304,228,276,280,265,297,307,318,283
300,264,85,257,133,217,148,211,221,213,274,297,148,314,202,330,270,235,263,308,302,232,276,280,263,298,307,337,261
301,264,85,258,133,218,148,212,221,214,274,297,149,316,206,332,271,236,265,311,302,221,263,281,262,288,308,337,262
302,266,85,259,133,218,149,212,222,214,274,297,148,315,206,333,270,236,265,318,300,222,270,281,263,281,304,335,268
303,265,85,258,132,218,148,212,219,214,274,298,149,316,205,332,270,235,263,320,300,230,276,281,262,283,304,338,261
304,267,85,260,133,219,147,212,221,215,275,299,151,316,207,333,272,235,267,309,304,231,282,282,265,299,304,324,285
305,267,85,260,133,219,147,212,219,214,275,299,150,314,202,331,268,237,267,311,301,233,282,283,263,309,301,325,282
306,269,86,261,133,220,148,213,219,214,271,299,150,315,204,334,272,235,264,322,303,223,279,281,264,282,305,331,273
307,270,86,261,133,221,147,213,220,214,272,299,149,316,205,334,273,236,266,238,311,221,267,281,266,277,314,335,273
308,270,86,262,133,221,147,213,217,214,272,300,149,316,204,333,269,237,264,321,301,221,264,282,262,285,304,333,270
309,271,86,261,133,221,147,214,219,214,273,299,149,315,205,332,269,235,264,324,301,220,293,280,264,282,304,332,270
310,271,86,262,133,222,147,214,218,215,272,300,149,316,206,333,269,237,264,262,315,221,265,281,263,281,305,333,270
311,272,86,262,133,222,147,214,219,215,274,299,149,316,204,332,269,236,263,239,309,220,292,281,264,279,307,332,269
312,274,86,263,132,222,147,213,219,215,273,300,149,317,208,332,272,235,263,236,304,221,291,281,263,282,305,333,273
313,273,86,264,133,222,147,214,217,215,274,301,151,317,210,332,271,235,264,233,306,226,283,281,265,277,309,332,272
314,274,86,264,133,222,147,214,218,215,274,301,151,317,211,333,273,235,263,234,306,227,283,281,265,279,306,333,274
315,275,86,264,133,222,147,214,217,215,275,301,151,317,209,332,271,236,265,221,292,231,283,281,265,276,307,332,273
316,275,86,264,133,223,147,214,218,215,275,302,151,316,206,332,271,236,265,237,283,228,282,280,264,237,268,332,273
317,275,86,264,133,223,147,214,218,215,275,302,151,316,206,332,272,236,264,237,303,228,282,280,264,278,306,332,274
318,275,86,265,133,222,147,214,218,215,275,302,152,316,206,332,273,237,266,301,300,228,282,281,265,298,305,332,274
319,276,86,265,132,223,147,214,219,215,273,302,151,316,207,333,274,237,265,237,304,221,262,282,264,280,307,333,275
320,276,86,265,133,223,147,214,219,215,274,302,152,316,206,332,274,237,265,238,282,227,282,282,264,237,267,333,275
321,275,86,264,133,224,147,215,219,216,274,302,151,318,210,331,276,236,265,237,303,223,269,282,265,285,264,331,275
322,274,85,264,132,225,146,216,216,215,272,302,149,316,205,330,275,237,263,239,306,230,276,282,264,281,305,339,266
323,275,85,265,132,225,147,215,215,215,272,302,149,316,204,330,275,237,263,238,307,228,276,282,264,328,275,338,265
324,275,85,265,132,225,146,215,217,215,274,303,151,317,207,329,275,236,263,230,304,225,281,281,265,217,274,329,274
325,275,85,265,132,225,146,215,218,215,274,302,150,317,206,330,277,236,263,218,292,225,281,281,265,321,290,330,275
326,275,86,265,132,225,146,215,217,215,273,302,150,317,208,329,276,237,263,210,282,220,291,282,264,321,291,328,276
327,274,86,265,133,224,146,215,216,215,272,302,150,317,211,328,274,237,264,266,314,224,283,283,264,325,277,320,282
328,274,85,265,132,225,147,215,217,215,274,302,150,316,212,328,277,236,263,324,303,231,276,282,262,321,294,326,276
329,274,85,265,132,225,147,215,218,216,275,302,150,315,208,327,276,237,261,238,304,225,290,281,264,321,290,316,287
330,274,86,265,133,224,147,216,216,215,272,302,149,314,205,326,272,238,264,319,301,225,281,283,262,321,293,316,285
331,274,86,265,133,224,146,215,216,215,272,301,149,313,204,325,270,237,263,317,300,225,281,283,262,321,292,315,281
332,274,85,265,133,225,147,215,218,215,273,302,150,314,209,325,276,238,265,318,301,225,283,283,263,323,277,316,277
333,273,86,264,133,224,146,215,216,216,273,302,150,313,209,326,275,237,263,314,300,225,279,283,262,321,292,314,291
334,273,86,264,133,224,146,216,216,216,273,301,150,314,210,326,275,238,263,315,303,225,279,283,262,321,293,314,291
335,271,86,264,133,224,146,215,218,216,273,301,151,314,211,325,275,237,265,317,302,224,267,283,264,320,296,316,288
336,271,86,264,133,224,146,216,217,216,273,301,150,314,210,325,275,237,266,318,302,224,267,283,264,320,296,315,288
337,270,86,262,134,223,147,215,217,216,273,300,150,313,207,326,275,236,265,313,302,227,285,280,265,325,278,317,286
338,270,85,262,133,222,148,215,217,216,272,301,149,313,210,327,277,236,265,318,302,226,271,281,265,318,294,325,277
339,268,85,262,133,222,148,215,221,217,276,300,149,313,209,326,276,236,266,321,304,221,298,282,266,320,297,316,291
340,266,85,262,133,222,148,215,221,216,276,299,148,311,205,325,275,236,264,222,292,231,282,282,265,319,296,314,287
341,266,83,260,132,221,147,214,221,215,275,299,149,311,209,325,277,236,265,319,304,219,297,282,265,320,297,315,283
342,266,84,260,132,220,147,215,218,215,276,299,148,312,212,324,275,235,262,213,290,231,274,281,264,321,288,314,286
343,264,85,259,133,220,149,214,220,216,276,298,147,311,213,324,276,236,263,227,299,220,297,282,264,316,295,314,283
344,262,84,258,132,219,148,215,219,216,275,298,148,307,203,316,255,238,263,312,300,224,277,283,262,304,300,329,280
345,262,83,257,132,218,151,214,220,216,275,297,147,309,214,320,268,237,265,223,297,222,298,283,264,318,274,319,266
346,259,84,257,132,218,148,214,219,217,275,296,147,305,210,319,268,237,263,208,282,228,283,282,262,317,270,312,268
347,258,85,257,133,217,150,213,220,216,275,296,147,304,208,316,266,237,264,313,298,220,270,283,263,315,267,308,267
348,258,82,255,131,215,150,212,219,215,274,295,146,304,212,315,265,236,263,221,296,220,296,284,262,308,296,314,264
349,256,84,255,132,216,149,212,221,215,277,294,146,302,208,314,265,234,263,310,299,220,297,282,262,305,300,312,265
350,256,82,254,131,215,151,211,220,214,277,294,146,301,209,311,260,233,262,216,291,225,275,281,260,310,300,310,259
351,250,83,251,131,212,151,209,218,212,273,291,145,298,214,307,263,233,262,231,305,217,261,279,260,306,266,306,260
352,250,83,250,131,212,150,207,217,213,273,290,144,296,211,304,259,233,263,219,295,219,270,279,262,302,264,303,258
353,249,83,249,130,210,151,207,216,210,269,290,145,296,211,303,260,230,263,207,280,216,261,278,261,296,301,302,259
354,249,82,249,130,210,152,206,216,209,267,289,145,297,211,303,261,230,262,216,290,217,265,278,262,281,259,302,260
355,249,81,248,130,209,152,206,215,209,266,288,144,296,211,303,261,231,261,202,273,216,263,277,262,302,298,302,260
356,249,81,249,130,209,151,203,213,209,266,288,143,296,210,303,261,230,262,204,275,217,261,277,261,300,301,304,260
357,249,81,248,129,209,150,202,211,208,266,288,144,296,213,303,262,230,264,202,274,215,261,276,262,295,259,303,260
358,249,81,248,129,208,152,203,208,206,264,288,143,295,210,302,259,230,262,200,272,217,259,276,262,301,301,302,259
359,249,82,248,129,209,152,201,209,205,264,288,143,296,211,302,260,229,265,197,272,218,260,276,265,299,265,302,259
360,249,81,248,129,208,151,199,210,204,266,288,143,295,211,302,260,228,265,197,273,211,281,276,263,299,259,306,259
361,248,80,248,129,209,150,197,210,202,264,287,142,295,210,302,259,229,265,301,299,211,279,277,261,303,301,306,259
362,248,81,247,130,208,150,196,210,200,263,286,142,294,210,302,261,229,266,302,299,211,274,278,261,300,302,306,260
363,249,80,247,129,209,150,195,208,199,259,285,142,295,211,302,260,229,262,301,300,220,268,278,259,298,301,295,284
364,248,80,247,129,209,151,193,206,198,258,285,142,295,211,302,260,228,262,301,300,220,267,278,259,297,301,294,283
365,247,79,247,128,209,149,190,204,196,259,285,142,296,211,302,260,230,263,301,302,219,267,278,260,297,301,295,284
366,248,81,247,129,209,150,188,206,194,259,285,142,295,212,302,261,230,265,301,301,219,266,277,260,297,300,292,288
367,247,80,247,128,209,150,187,206,191,259,285,142,294,211,302,262,229,265,297,302,220,267,277,261,296,299,285,287
368,247,80,247,129,209,150,186,205,190,260,285,143,294,210,302,262,227,263,185,267,219,270,277,262,298,261,305,262
369,247,80,246,129,208,151,185,204,188,261,285,143,294,211,302,262,227,264,182,268,218,270,278,262,298,261,305,262
370,247,81,246,130,207,151,184,203,187,261,285,143,294,212,302,262,228,263,303,300,202,269,277,260,302,302,305,261
371,247,81,246,129,208,150,182,203,186,260,284,142,294,212,302,262,231,265,305,301,195,275,277,261,301,305,305,261
372,246,80,246,129,209,150,182,204,186,261,284,142,294,213,301,262,230,265,304,300,201,268,278,260,303,303,305,262
373,247,81,246,129,208,150,182,205,185,262,283,142,293,211,302,261,230,264,304,299,186,258,277,260,302,301,304,261
374,247,81,245,129,208,151,181,207,186,264,283,142,292,209,301,262,230,265,183,275,187,259,276,262,305,303,303,261
375,246,81,245,129,208,151,180,209,185,266,283,143,293,209,301,259,227,266,300,296,220,273,275,263,299,301,296,286
376,246,81,244,129,207,152,181,211,185,268,282,142,292,209,300,259,229,266,306,301,187,262,277,263,304,301,299,256
377,246,81,244,130,206,152,181,213,184,269,281,142,291,207,300,259,229,266,182,279,182,260,276,262,302,304,299,256
378,245,81,244,129,206,154,183,215,184,272,281,142,291,205,301,259,227,266,233,306,222,274,276,263,302,304,298,258
379,244,81,243,129,206,152,185,216,187,276,279,140,290,204,300,260,227,268,184,287,203,286,276,263,302,304,299,257
380,244,81,243,129,205,154,185,215,188,278,279,141,290,202,300,259,228,269,178,217,204,287,274,262,301,303,297,257
381,243,81,242,129,205,153,188,216,188,281,278,140,288,200,298,258,228,271,187,217,203,288,276,265,305,300,297,257
382,242,82,241,129,205,155,188,218,188,280,278,140,288,201,298,256,228,272,182,287,204,287,275,264,302,304,296,255
383,243,82,240,130,204,156,189,218,189,283,277,140,288,206,299,259,228,271,239,314,204,288,276,264,301,297,298,258
384,243,82,240,130,203,157,189,222,188,284,277,141,288,202,298,254,229,273,240,314,237,318,275,264,299,304,297,252
385,241,82,240,130,203,158,192,223,190,284,276,140,287,200,297,252,229,271,244,315,236,317,275,264,303,301,295,251
386,241,83,239,131,202,159,193,222,194,286,275,140,286,198,296,251,228,268,243,311,227,277,274,261,300,301,294,250
387,240,83,239,131,202,159,195,225,193,287,275,140,286,200,296,250,227,269,243,311,225,276,274,262,300,301,295,250
388,240,83,238,131,202,158,195,225,193,288,274,140,285,199,296,250,228,273,242,314,225,279,275,266,302,303,295,249
389,240,82,238,130,202,159,196,226,195,292,274,139,285,195,294,244,230,268,247,314,225,274,274,261,298,299,293,244
390,238,82,238,130,202,158,198,223,197,293,274,139,285,198,295,249,230,270,242,315,239,318,275,264,301,303,294,249
391,238,83,238,131,202,158,198,226,199,295,273,139,284,196,294,244,230,270,242,315,207,284,274,263,301,301,293,245
392,238,84,238,133,202,158,199,228,199,294,273,139,284,200,294,249,230,272,250,317,224,280,275,264,301,303,294,249
393,237,84,238,132,203,157,200,224,201,297,273,140,284,197,294,247,231,266,246,313,226,275,274,259,296,300,292,246
394,237,84,237,133,203,156,201,225,202,297,273,138,284,198,293,248,232,270,246,316,229,278,275,261,297,302,291,247
395,237,84,238,133,204,155,201,225,202,297,273,139,283,196,293,247,233,271,247,317,215,289,274,263,299,302,291,247
396,238,85,237,133,203,155,201,227,203,300,272,138,283,196,292,244,232,270,248,316,226,278,274,263,297,301,290,244
397,238,85,237,133,203,155,201,227,204,299,272,139,283,198,293,248,232,271,252,317,215,291,274,264,299,302,291,248
398,237,85,236,134,203,155,202,224,206,295,271,139,283,198,292,244,230,270,234,316,217,285,274,263,301,300,290,244
399,236,85,236,134,204,153,203,223,207,298,271,138,283,200,292,248,231,269,254,320,217,290,274,263,297,303,291,248
400,237,86,236,135,203,156,203,227,207,300,270,139,283,195,291,244,232,270,255,318,226,283,275,263,297,302,290,244
401,237,86,236,135,203,156,203,225,207,299,270,139,282,194,291,243,233,269,255,317,224,283,275,262,296,303,290,243
402,237,86,236,135,204,156,203,225,208,299,270,139,283,196,292,245,232,269,256,317,211,307,275,263,295,303,290,245
403,236,87,236,135,204,155,203,222,208,298,269,139,283,196,292,247,231,268,255,317,211,306,275,262,297,302,290,247
404,237,87,236,135,203,156,202,223,208,299,270,139,283,197,292,247,231,269,257,318,224,283,274,262,295,303,290,247
405,236,87,235,135,203,155,202,222,208,298,269,139,283,197,292,246,232,269,256,317,218,285,275,262,295,303,290,247
406,236,87,235,135,203,156,202,222,208,298,269,139,283,197,292,247,231,268,255,318,211,305,274,261,294,303,291,246
407,236,88,235,136,203,156,202,222,208,299,269,139,283,198,292,246,231,269,256,317,214,303,275,262,293,304,290,245
408,236,88,235,136,203,155,202,222,208,299,268,138,283,194,292,243,230,265,256,316,211,304,274,257,291,303,290,243
409,237,88,235,136,203,155,202,220,208,300,268,137,283,196,292,245,229,266,235,309,223,298,274,257,292,302,291,245
410,236,89,235,136,203,154,202,227,209,300,268,138,283,198,292,244,230,266,256,317,220,281,274,259,294,302,290,242
411,236,89,235,136,203,157,202,222,209,298,268,138,283,194,292,245,232,265,256,315,218,298,275,258,291,303,291,244
412,235,89,235,137,202,157,202,225,209,298,268,137,283,198,292,245,232,267,256,316,223,281,274,261,292,303,291,243
413,236,89,235,137,202,157,202,222,209,295,267,137,282,197,292,245,232,267,253,317,226,276,274,259,288,309,291,244
414,235,90,234,137,202,158,202,225,209,298,268,138,283,201,293,248,230,266,256,315,226,274,275,258,293,303,294,248
415,235,90,235,137,203,157,202,225,209,296,267,138,283,202,293,247,232,268,257,316,226,276,274,262,292,304,291,245
416,236,90,235,137,202,159,203,226,209,296,267,137,283,201,293,246,233,267,257,316,227,275,274,261,293,303,291,244
417,235,89,235,137,202,157,202,223,209,295,266,136,282,197,293,246,232,266,254,316,225,275,274,259,291,306,291,245
418,236,89,234,137,202,159,203,225,210,296,267,137,283,199,293,248,232,267,257,317,226,276,275,260,292,304,291,245
419,235,89,235,137,202,156,202,222,210,295,267,136,283,197,293,247,232,265,250,321,225,276,275,258,289,311,291,245
420,235,89,235,137,202,157,201,224,209,294,267,137,283,200,294,249,232,264,252,320,225,275,274,257,292,309,294,249
421,235,89,236,136,204,155,202,223,209,294,267,137,283,199,294,247,231,266,247,319,225,275,275,258,292,309,291,245
422,236,89,235,136,202,158,202,224,209,293,268,137,283,200,294,249,231,269,254,318,226,272,275,261,294,303,292,248
423,236,88,235,135,203,154,201,220,208,292,267,135,283,197,294,248,231,266,235,312,225,278,275,257,292,304,292,246
424,236,88,235,135,203,156,201,223,208,292,268,136,283,195,293,248,231,268,259,316,224,277,276,259,292,303,291,246
425,237,87,235,135,202,158,202,223,207,291,268,136,283,195,294,244,233,269,258,316,216,282,276,262,295,303,292,244
426,237,88,235,135,203,158,201,223,207,291,269,137,283,195,294,246,233,269,256,316,216,283,275,262,294,303,292,245
427,237,88,236,135,204,157,201,221,206,294,268,136,283,194,294,245,233,269,256,317,216,285,275,261,296,302,292,244
428,238,88,236,135,203,158,201,224,205,294,270,137,284,196,295,247,231,270,256,317,215,285,276,261,296,304,293,248
429,238,88,237,136,202,159,200,224,205,292,270,137,285,198,294,244,231,272,255,318,213,285,275,264,298,302,293,244
430,238,87,237,135,204,158,199,226,204,291,270,137,285,199,294,244,232,272,257,318,213,284,276,264,293,306,293,244
431,238,87,237,135,203,158,198,223,203,289,271,137,285,197,294,243,231,271,258,316,214,285,276,263,296,302,293,243
432,239,87,237,135,201,160,198,224,200,286,271,137,286,197,294,241,231,271,251,314,214,284,274,263,298,301,293,241
433,239,87,238,135,203,157,197,225,200,285,272,136,286,197,295,245,231,269,247,315,215,285,274,261,296,302,294,244
434,239,86,238,134,202,158,198,221,199,281,273,137,286,199,295,243,230,271,245,315,242,321,276,262,296,302,241,318
435,240,85,238,134,203,158,196,223,197,283,272,137,287,201,295,245,232,271,252,316,242,320,275,263,300,300,240,314
436,241,86,237,134,203,157,196,219,195,283,272,137,286,204,296,251,229,266,246,312,240,323,274,259,295,303,294,247
437,239,85,237,133,202,157,195,215,193,282,273,138,286,203,296,252,229,267,245,313,240,325,274,262,296,304,294,249
438,239,84,238,132,203,156,193,216,191,280,273,137,286,203,295,250,230,265,243,312,239,324,273,259,293,303,294,248
439,240,85,238,132,204,155,193,215,190,280,273,139,286,204,294,251,229,263,244,307,241,311,274,256,291,302,237,309
440,241,84,238,131,204,155,192,213,189,280,273,139,285,200,293,246,228,264,240,309,241,318,272,259,291,303,293,246
441,241,83,238,131,202,156,194,214,188,279,274,140,285,204,293,248,228,264,239,309,236,317,270,257,292,302,292,247
442,241,83,237,131,200,155,192,214,188,280,274,141,284,204,293,247,227,264,239,310,236,317,271,258,291,302,292,247
443,241,83,237,131,203,154,191,213,189,279,273,141,283,200,292,250,226,262,239,308,237,316,269,256,292,301,291,247
444,241,84,237,131,201,154,190,213,189,278,273,142,284,204,292,255,225,262,239,308,237,317,269,256,288,301,291,253
445,241,83,237,131,201,153,190,213,190,279,273,142,283,203,291,255,225,263,241,309,237,316,268,256,289,300,290,253
446,240,82,237,130,200,154,192,216,190,277,273,142,283,204,291,256,225,262,237,309,235,317,267,255,289,299,290,255
447,240,83,237,131,200,154,192,217,192,277,272,141,281,202,290,254,224,262,239,309,236,316,267,256,291,300,291,253
448,242,82,238,129,201,151,191,214,193,276,272,141,281,204,290,255,224,264,231,306,207,277,267,257,286,257,290,254
449,241,81,237,129,201,152,193,219,194,275,272,141,281,203,290,254,226,266,231,309,208,276,268,260,293,303,289,253
450,242,82,238,130,201,151,193,212,197,274,272,141,281,201,290,254,224,262,231,308,210,278,268,256,294,301,290,253
451,241,82,239,130,203,149,195,214,198,275,272,140,281,202,290,256,225,258,231,303,214,278,267,254,287,253,289,256
452,241,80,239,128,203,150,197,211,199,273,273,140,283,202,290,256,225,258,229,303,215,277,267,253,238,305,289,254
453,241,81,239,129,203,150,198,212,200,272,274,140,283,205,290,258,226,255,228,300,208,262,267,251,289,260,289,254
454,241,80,239,128,205,149,199,213,200,270,274,140,285,207,292,259,226,255,231,301,214,271,268,251,266,295,289,258
455,243,82,241,129,205,148,201,213,202,269,275,140,285,205,291,258,228,257,234,304,217,271,271,252,290,260,290,255
456,243,82,242,129,206,149,203,212,204,269,276,140,286,208,292,259,228,253,232,299,219,271,271,250,272,300,292,256
457,245,79,242,127,208,149,202,209,203,264,277,140,287,206,293,257,229,257,233,303,217,272,271,255,289,258,292,256
458,246,79,244,127,207,149,204,209,204,263,279,140,287,207,293,257,229,252,233,299,219,270,272,250,269,293,293,254
459,248,80,245,127,210,150,205,207,205,256,280,140,289,206,293,257,231,253,235,299,236,311,272,251,271,295,292,253
460,249,79,247,126,212,149,206,207,205,257,282,141,290,206,294,255,231,250,239,299,238,303,271,247,247,296,270,278
461,251,78,248,126,214,148,207,207,206,256,283,140,291,203,295,252,232,245,238,296,230,315,273,242,281,287,274,268
462,252,76,251,125,216,147,209,208,208,257,284,140,293,204,297,255,235,247,239,298,239,308,273,244,280,290,271,273
463,254,75,252,124,217,148,211,207,210,256,285,140,293,200,297,250,236,245,241,298,236,356,274,243,281,296,278,317
464,257,77,253,125,218,148,211,207,211,256,286,141,294,198,299,245,237,246,243,300,241,357,276,243,283,297,278,317
465,258,75,253,124,219,149,213,208,213,255,287,141,295,198,300,244,240,243,245,299,239,357,277,240,285,298,304,367
466,260,75,255,123,220,147,215,207,215,256,288,142,297,200,302,244,241,243,244,301,240,356,278,240,286,297,311,357
467,262,74,256,123,220,149,217,208,217,256,289,143,298,199,302,246,243,243,245,303,231,365,279,241,288,301,310,365
468,264,73,257,122,221,148,218,207,219,254,288,141,298,196,304,242,244,242,246,301,241,356,280,239,286,299,310,365
469,265,73,258,122,221,148,219,205,220,253,290,141,299,197,304,242,244,239,247,300,241,356,282,237,286,298,305,366
470,265,72,259,121,224,146,219,203,221,252,290,141,299,201,305,242,244,238,246,298,239,355,282,237,286,296,305,366
471,267,71,261,120,226,147,221,204,222,251,292,142,300,196,305,240,245,238,245,299,238,357,281,237,284,297,304,368
472,267,71,261,120,227,144,221,203,222,250,293,142,301,197,305,242,245,236,247,297,241,336,282,234,284,296,305,361
473,267,71,263,120,228,144,222,203,222,249,295,143,302,201,306,244,245,236,247,298,244,333,282,235,287,295,308,362
474,268,71,262,120,228,146,222,203,222,247,294,142,303,202,306,244,245,237,247,298,261,275,281,236,286,295,277,268
475,268,72,263,120,228,146,222,202,222,245,295,142,302,199,306,240,245,237,247,296,261,274,281,235,285,295,277,267
476,269,71,263,120,228,145,222,203,222,247,294,140,303,199,307,244,246,235,246,294,262,274,281,234,285,292,308,363
477,269,71,264,120,230,143,224,201,223,246,296,141,303,197,306,241,245,235,247,294,241,331,281,233,284,290,306,360
478,269,70,264,118,230,143,224,201,223,244,296,140,303,199,305,243,246,235,248,296,241,333,281,234,285,292,308,361
479,268,70,263,119,229,145,223,201,222,246,296,140,303,201,306,246,246,233,248,296,262,273,281,233,286,295,307,366
480,268,70,265,119,230,143,224,200,224,245,296,140,303,197,305,242,246,235,249,296,242,338,281,234,285,293,308,366
481,268,70,264,118,229,143,224,199,223,244,296,141,303,199,305,244,245,234,250,293,264,270,281,232,284,290,307,363
482,267,69,265,119,231,142,224,200,223,244,297,141,303,200,305,243,246,235,251,295,245,338,281,234,284,293,305,362
483,267,68,264,117,229,143,224,200,223,243,297,140,302,199,305,242,245,234,252,297,247,340,281,233,286,294,305,363
484,267,69,264,117,230,142,224,199,222,242,295,140,302,199,305,241,244,232,251,295,252,354,282,231,284,292,303,358
485,267,68,263,117,228,142,224,199,222,242,295,139,301,198,304,239,244,233,251,297,245,354,281,233,286,294,303,365
486,266,68,263,117,227,143,223,199,221,242,295,139,301,198,304,241,244,234,250,296,243,354,281,233,288,295,304,365
487,265,69,262,117,229,142,222,198,221,244,294,140,301,194,303,239,245,234,249,292,244,335,280,233,285,290,304,358
488,265,69,260,118,227,142,221,199,220,243,292,141,300,199,303,242,244,234,249,297,240,357,279,233,285,295,305,361
489,264,68,261,116,226,142,221,199,221,244,293,140,299,194,302,238,243,233,248,294,239,354,280,231,285,292,304,357
